SAMPLES: 6700
BITSPERSAMPLE:	16
CHANNELS:	1
SAMPLERATE:	16000
NORMALIZED:	FALSE
-42.0252
-39.0234
-39.0234
-36.0216
-31.0186
-27.0162
-23.0138
-13.0078
-7.0042
-2.0012
3.0018
2.0012
4.0024
3.0018
0
-2.0012
-5.003
-6.0036
-9.0054
-11.0066
-13.0078
-12.0072
-8.0048
-8.0048
-1.0006
-1.0006
4.0024
8.0048
10.006
13.0078
15.009
20.012
21.0126
27.0162
26.0156
28.0168
33.0198
35.021
43.0258
48.0288
56.0336
63.0378
67.0402
68.0408
64.0384
58.0348
51.0306
51.0306
49.0294
51.0306
59.0354
64.0384
70.042
69.0414
67.0402
59.0354
55.033
48.0288
42.0252
40.024
29.0174
21.0126
10.006
-2.0012
-13.0078
-18.0108
-17.0102
-14.0084
-9.0054
-9.0054
-2.0012
-5.003
-8.0048
-12.0072
-18.0108
-22.0132
-28.0168
-35.021
-40.024
-46.0276
-51.0306
-54.0324
-56.0336
-58.0348
-57.0342
-51.0306
-51.0306
-45.027
-46.0276
-44.0264
-43.0258
-43.0258
-38.0228
-38.0228
-36.0216
-35.021
-32.0192
-33.0198
-37.0222
-37.0222
-34.0204
-28.0168
-26.0156
-27.0162
-25.015
-21.0126
-18.0108
-16.0096
-8.0048
-3.0018
4.0024
6.0036
6.0036
6.0036
4.0024
5.003
6.0036
14.0084
22.0132
28.0168
36.0216
39.0234
35.021
27.0162
20.012
10.006
5.003
9.0054
12.0072
19.0114
23.0138
26.0156
27.0162
27.0162
23.0138
19.0114
22.0132
22.0132
29.0174
37.0222
43.0258
50.03
60.036
64.0384
60.036
49.0294
36.0216
27.0162
23.0138
10.006
6.0036
12.0072
17.0102
21.0126
16.0096
8.0048
7.0042
5.003
2.0012
3.0018
0
5.003
12.0072
17.0102
17.0102
11.0066
6.0036
-7.0042
-17.0102
-35.021
-40.024
-51.0306
-44.0264
-37.0222
-39.0234
-30.018
-33.0198
-27.0162
-32.0192
-37.0222
-48.0288
-42.0252
-38.0228
-31.0186
-20.012
-6.0036
3.0018
10.006
23.0138
21.0126
25.015
10.006
24.0144
10.006
-2.0012
-17.0102
-24.0144
-8.0048
-21.0126
-16.0096
-29.0174
-18.0108
-42.0252
-49.0294
-59.0354
-29.0174
-11.0066
-26.0156
-36.0216
-32.0192
-19.0114
-29.0174
-7.0042
-15.009
15.009
7.0042
8.0048
-4.0024
9.0054
-5.003
-13.0078
19.0114
25.015
22.0132
-9.0054
5.003
24.0144
46.0276
2.0012
-7.0042
13.0078
41.0246
48.0288
44.0264
52.0312
64.0384
56.0336
22.0132
32.0192
57.0342
70.042
65.039
54.0324
38.0228
40.024
21.0126
0
-6.0036
-17.0102
-36.0216
-52.0312
-57.0342
-47.0282
-34.0204
-33.0198
-43.0258
-49.0294
-49.0294
-48.0288
-54.0324
-68.0408
-71.0426
-65.039
-51.0306
-39.0234
-32.0192
-20.012
-12.0072
24.0144
21.0126
-45.027
-57.0342
-26.0156
33.0198
56.0336
-16.0096
-68.0408
11.0066
89.0534
53.0318
-21.0126
-22.0132
40.024
97.0582
51.0306
-10.006
19.0114
74.0444
99.0594
86.0516
61.0366
31.0186
45.027
74.0444
80.048
47.0282
-7.0042
-14.0084
38.0228
45.027
-2.0012
-19.0114
24.0144
47.0282
23.0138
-32.0192
-41.0246
13.0078
4.0024
-35.021
-50.03
-45.027
-24.0144
-13.0078
-16.0096
-13.0078
-43.0258
-26.0156
9.0054
26.0156
-22.0132
-77.0462
-46.0276
27.0162
37.0222
-40.024
-49.0294
4.0024
34.0204
-31.0186
-59.0354
6.0036
39.0234
5.003
-42.0252
-17.0102
40.024
12.0072
-38.0228
-8.0048
15.009
-34.0204
-90.054
-79.0474
-75.045
-148.089
-137.082
100.06
187.112
-202.121
-547.328
-212.127
395.237
338.203
-363.218
-608.365
31.0186
533.32
73.0438
-564.339
-310.186
358.215
411.247
-136.082
-369.222
7.0042
303.182
155.093
6.0036
100.06
104.062
-27.0162
55.033
315.189
289.174
-60.036
-162.097
190.114
401.241
129.077
-132.079
83.0498
383.23
237.142
-87.0522
-62.0372
290.174
356.214
76.0456
-59.0354
57.0342
169.101
104.062
24.0144
63.0378
97.0582
-4.0024
-47.0282
48.0288
93.0558
-6.0036
-84.0504
-99.0594
-50.03
-44.0264
-153.092
-166.1
-115.069
-186.112
-310.186
-268.161
-152.091
-157.094
-297.178
-394.237
-291.175
-137.082
-209.125
-376.226
-362.217
-223.134
-197.118
-260.156
-272.163
-238.143
-164.098
-190.114
-248.149
-249.149
-252.151
-123.074
208.125
370.222
-75.045
-585.351
-237.142
674.405
824.495
-24.0144
-602.361
-2.0012
867.521
692.415
-162.097
-280.168
526.316
944.567
488.293
-22.0132
145.087
577.346
654.393
497.298
454.273
357.214
169.101
291.175
598.359
543.326
134.08
-72.0432
158.095
462.277
294.177
-121.073
-54.0324
304.183
156.094
-297.178
-305.183
31.0186
141.085
-91.0546
-370.222
-392.235
-189.113
-117.07
-231.139
-231.139
-179.107
-306.184
-341.205
-148.089
-94.0564
-214.128
-253.152
-281.169
-247.148
-164.098
-121.073
-45.027
-82.0492
-188.113
-214.128
65.039
268.161
18.0108
-174.104
51.0306
291.175
204.122
-53.0318
-102.061
181.109
350.21
97.0582
-186.112
-49.0294
136.082
145.087
41.0246
-105.063
-163.098
-134.08
-154.092
-177.106
-148.089
-339.204
-557.334
-505.303
-432.259
-505.303
-555.333
-627.376
-674.405
-694.417
-758.455
-732.439
-627.376
-671.403
-879.528
-934.561
-517.31
238.143
-12.0072
-1331.8
-1391.84
143.086
959.576
256.154
-847.509
-872.524
706.424
1628.98
334.201
-620.372
544.327
1673
1421.85
780.468
547.328
992.596
1715.03
1824.09
1476.89
1297.78
1121.67
1052.63
1500.9
1858.11
1221.73
399.24
684.411
1336.8
1023.61
381.229
326.196
498.299
539.324
85.051
-640.384
-312.187
438.263
-104.062
-928.557
-809.486
-646.388
-612.367
-445.267
-834.501
-1099.66
-737.442
-839.504
-1022.61
-490.294
-502.301
-1007.6
-764.459
-519.312
-635.381
-342.205
-298.179
-633.38
-299.18
-96.0576
-215.129
3.0018
122.073
-174.104
-172.103
317.19
222.133
0
175.105
191.115
204.122
332.199
33.0198
-120.072
319.192
418.251
29.0174
-15.009
46.0276
-181.109
9.0054
68.0408
-267.16
-345.207
-362.217
-613.368
-466.28
-255.153
-691.415
-864.519
-679.408
-819.492
-878.527
-733.44
-907.545
-1024.61
-955.573
-1028.62
-1074.64
-876.526
-939.564
-1152.69
-667.4
-65.039
-548.329
-1401.84
-948.569
211.127
631.379
71.0426
-756.454
-467.28
1012.61
1410.85
171.103
-104.062
1035.62
1606.96
1397.84
1106.66
987.593
1469.88
1982.19
1863.12
1717.03
1808.08
1610.97
1456.87
1871.12
2050.23
1437.86
959.576
1247.75
1540.92
1241.75
744.447
592.355
810.486
931.559
329.198
-351.211
8.0048
513.308
80.048
-430.258
-501.301
-589.354
-485.291
-369.222
-633.38
-690.414
-604.363
-959.576
-970.582
-429.258
-479.288
-831.499
-774.465
-733.44
-759.456
-240.144
-199.119
-889.534
-644.387
-356.214
-432.259
4.0024
-154.092
-760.456
-248.149
216.13
-360.216
-408.245
-55.033
-251.151
-105.063
-87.0522
-764.459
-495.297
59.0354
-349.21
-517.31
-355.213
-723.434
-717.43
-310.186
-527.316
-708.425
-692.415
-963.578
-831.499
-514.309
-793.476
-1017.61
-866.52
-876.526
-953.572
-968.581
-951.571
-798.479
-863.518
-1027.62
-811.487
-255.153
166.1
-405.243
-1356.81
-724.435
777.466
901.541
-89.0534
-578.347
-44.0264
1232.74
1633.98
428.257
110.066
1364.82
1897.14
1455.87
1241.75
1239.74
1541.93
2109.27
2097.26
1669
1593.96
1531.92
1530.92
1892.14
1855.11
1150.69
766.46
1187.71
1441.87
979.588
502.301
501.301
611.367
580.348
146.088
-406.244
-129.077
280.168
-230.138
-770.462
-647.388
-575.345
-590.354
-509.306
-759.456
-936.562
-677.406
-720.432
-808.485
-448.269
-505.303
-888.533
-716.43
-155.093
-249.149
-606.364
-468.281
-353.212
47.0282
287.172
-426.256
-522.313
441.265
566.34
-22.0132
-112.067
28.0168
226.136
576.346
60.036
-534.321
22.0132
119.071
-325.195
-197.118
-262.157
-733.44
-653.392
-658.395
-909.546
-696.418
-911.547
-1465.88
-1164.7
-936.562
-1364.82
-1462.88
-1319.79
-1371.82
-1443.87
-1515.91
-1524.91
-1230.74
-1152.69
-1425.86
-1293.78
-574.345
-79.0474
-658.395
-1498.9
-840.504
569.342
800.48
0
-525.315
39.0234
1359.82
1627.98
548.329
407.244
1454.87
1966.18
1626.98
1333.8
1474.88
1908.14
2203.32
2166.3
2137.28
2061.24
1832.1
1916.15
2263.36
2225.34
1616.97
1065.64
1318.79
1811.09
1398.84
553.332
517.31
943.566
757.454
86.0516
-289.174
-124.074
186.112
-78.0468
-737.442
-786.472
-457.274
-595.357
-879.528
-808.485
-769.462
-950.57
-1078.65
-1075.65
-909.546
-676.406
-881.529
-1014.61
-380.228
-438.263
-1012.61
-662.397
-164.098
-56.0336
-180.108
-723.434
-493.296
667.4
563.338
-505.303
-390.234
308.185
408.245
368.221
-159.095
-462.277
116.07
61.0366
-478.287
-242.145
-240.144
-832.499
-873.524
-738.443
-851.511
-884.531
-1191.72
-1456.87
-1114.67
-1178.71
-1568.94
-1375.83
-1215.73
-1525.92
-1718.03
-1700.02
-1438.86
-1153.69
-1449.87
-1685.01
-1037.62
-150.09
-260.156
-1206.72
-1280.77
122.073
1112.67
473.284
-345.207
-24.0144
1127.68
1823.09
1052.63
388.233
1398.84
2400.44
2013.21
1446.87
1581.95
2051.23
2453.47
2454.47
2286.37
2262.36
2100.26
2037.22
2354.41
2478.49
2080.25
1487.89
1261.76
1594.96
1587.95
885.531
659.396
870.522
556.334
3.0018
-204.122
-153.092
44.0264
-86.0516
-806.484
-1089.65
-645.387
-523.314
-802.481
-906.544
-983.59
-1080.65
-990.594
-855.513
-873.524
-836.502
-762.457
-775.465
-771.463
-714.429
-637.382
-430.258
-176.106
-369.222
-734.441
-469.282
155.093
296.178
10.006
-327.196
-236.142
360.216
494.297
16.0096
-118.071
1.0006
-115.069
-140.084
-141.085
-294.177
-312.187
-515.309
-949.57
-884.531
-697.418
-981.589
-1199.72
-1266.76
-1516.91
-1568.94
-1364.82
-1363.82
-1526.92
-1741.04
-1935.16
-1699.02
-1294.78
-1380.83
-1775.07
-1590.95
-801.481
-633.38
-1383.83
-1483.89
-413.248
344.207
43.0258
-686.412
-543.326
840.504
1538.92
605.363
92.0552
1049.63
2047.23
2107.26
1581.95
1363.82
2037.22
2654.59
2502.5
2490.49
2610.57
2275.37
2172.3
2508.51
2590.55
2380.43
1965.18
1558.94
1739.04
1899.14
1303.78
918.551
1210.73
1090.65
329.198
-1.0006
254.152
385.231
149.089
-395.237
-865.519
-629.378
-277.166
-625.375
-897.539
-757.454
-964.579
-1239.74
-963.578
-713.428
-865.519
-851.511
-852.512
-1227.74
-972.584
-524.315
-649.39
-507.304
-532.319
-1087.65
-692.415
213.128
83.0498
-223.134
-268.161
-398.239
22.0132
506.304
82.0492
-121.073
146.088
-126.076
-237.142
98.0588
-56.0336
-276.166
-313.188
-722.433
-839.504
-577.346
-798.479
-1055.63
-1051.63
-1400.84
-1613.97
-1376.83
-1328.8
-1493.9
-1777.07
-2036.22
-1797.08
-1414.85
-1471.88
-1775.07
-1579.95
-844.507
-752.451
-1547.93
-1576.95
-286.172
473.284
-115.069
-830.498
-553.332
792.475
1632.98
742.445
27.0162
1023.61
2032.22
1984.19
1662
1656.99
2061.24
2429.46
2457.47
2558.54
2655.59
2320.39
2124.27
2510.51
2684.61
2324.39
1918.15
1760.06
1989.19
1985.19
1227.74
844.507
1427.86
1418.85
420.252
-65.039
172.103
377.226
197.118
-484.291
-984.591
-687.412
-398.239
-858.515
-1201.72
-940.564
-939.564
-1333.8
-1359.82
-1161.7
-1075.65
-800.48
-1027.62
-1528.92
-1163.7
-726.436
-730.438
-603.362
-742.445
-985.591
-496.298
-83.0498
-271.163
-259.155
-117.07
-160.096
154.092
263.158
-38.0228
162.097
310.186
-11.0066
19.0114
118.071
-99.0594
-10.006
-44.0264
-479.288
-585.351
-467.28
-650.39
-784.471
-954.573
-1308.79
-1269.76
-1104.66
-1318.79
-1559.94
-1615.97
-1534.92
-1383.83
-1441.87
-1668
-1535.92
-980.588
-876.526
-1521.91
-1766.06
-842.506
68.0408
-251.151
-1029.62
-903.542
150.09
912.548
412.247
-192.115
576.346
1620.97
1562.94
1085.65
1240.74
1949.17
2364.42
2057.23
1925.16
2364.42
2464.48
2224.33
2340.4
2475.49
2299.38
2120.27
2035.22
2098.26
2207.32
1802.08
1245.75
1499.9
1769.06
1057.63
414.249
613.368
799.48
528.317
60.036
-400.24
-364.219
-2.0012
-286.172
-903.542
-845.507
-554.333
-705.423
-894.537
-872.524
-820.492
-809.486
-925.555
-1109.67
-902.542
-588.353
-835.501
-1144.69
-904.543
-585.351
-584.351
-711.427
-781.469
-573.344
-305.183
-430.258
-661.397
-448.269
-205.123
-381.229
-539.324
-480.288
-499.3
-463.278
-445.267
-665.399
-689.414
-618.371
-873.524
-989.594
-769.462
-902.542
-1176.71
-1146.69
-1244.75
-1297.78
-1197.72
-1384.83
-1463.88
-1199.72
-1192.72
-1387.83
-1326.8
-1101.66
-680.408
-516.31
-1202.72
-1449.87
-376.226
395.237
-30.018
-664.399
-537.322
555.333
1292.78
546.328
-64.0384
876.526
1874.12
1718.03
1135.68
1146.69
2039.22
2616.57
2093.26
1803.08
2323.39
2477.49
2263.36
2322.39
2327.4
2220.33
2090.25
1891.13
1964.18
2009.21
1531.92
1107.66
1326.8
1528.92
964.579
319.192
434.261
825.495
540.324
-118.071
-375.225
-290.174
-136.082
-300.18
-848.509
-987.593
-638.383
-700.42
-1065.64
-996.598
-952.572
-1158.7
-1037.62
-1119.67
-1258.76
-918.551
-917.551
-1158.7
-915.549
-820.492
-977.587
-679.408
-533.32
-750.45
-565.339
-449.27
-660.396
-481.289
-306.184
-440.264
-351.211
-321.193
-602.361
-520.312
-292.175
-510.306
-678.407
-650.39
-708.425
-660.396
-732.439
-1044.63
-1029.62
-862.518
-996.598
-1153.69
-1217.73
-1298.78
-1225.74
-1142.69
-1194.72
-1232.74
-1306.78
-1304.78
-906.544
-300.18
-478.287
-1345.81
-1242.75
27.0162
733.44
93.0558
-690.414
-285.171
973.584
1375.83
496.298
192.115
1288.77
2097.26
1705.02
1201.72
1629.98
2546.53
2679.61
2077.25
2072.24
2617.57
2515.51
2178.31
2396.44
2561.54
2223.33
1845.11
1801.08
2041.22
2105.26
1483.89
897.539
1213.73
1514.91
889.534
250.15
497.298
706.424
218.131
-219.131
-302.181
-223.134
-138.083
-461.277
-989.594
-836.502
-482.289
-853.512
-1163.7
-882.53
-882.53
-1159.7
-1081.65
-1185.71
-1291.78
-974.585
-1127.68
-1408.85
-1064.64
-1082.65
-1330.8
-867.521
-693.416
-1126.68
-1029.62
-784.471
-823.494
-482.289
-479.288
-948.569
-672.403
-264.158
-553.332
-608.365
-468.281
-707.424
-704.423
-592.355
-753.452
-677.406
-683.41
-1124.67
-1130.68
-764.459
-888.533
-1194.72
-1254.75
-1220.73
-1088.65
-1080.65
-1202.72
-1166.7
-1019.61
-1041.62
-1070.64
-545.327
-72.0432
-731.439
-1382.83
-431.259
782.469
569.342
-363.218
-518.311
559.336
1650.99
1088.65
26.0156
755.453
2068.24
1966.18
1286.77
1318.79
2117.27
2745.65
2266.36
1829.1
2529.52
2868.72
2275.37
2197.32
2543.53
2457.47
2202.32
1951.17
1803.08
1993.2
1837.1
1129.68
1085.65
1557.93
1144.69
317.19
363.218
791.475
579.348
22.0132
-279.168
-330.198
-138.083
-205.123
-815.489
-984.591
-565.339
-719.432
-1293.78
-1211.73
-952.572
-1071.64
-1195.72
-1374.82
-1499.9
-1136.68
-929.558
-1280.77
-1325.8
-1115.67
-1151.69
-972.584
-724.435
-905.543
-944.567
-725.435
-733.44
-616.37
-347.208
-505.303
-662.397
-459.276
-443.266
-495.297
-376.226
-455.273
-637.382
-649.39
-687.412
-713.428
-620.372
-761.457
-1102.66
-1100.66
-894.537
-921.553
-1081.65
-1227.74
-1273.76
-1137.68
-1029.62
-1142.69
-1243.75
-1165.7
-1125.68
-916.55
-297.178
-394.237
-1348.81
-1157.69
243.146
753.452
-1.0006
-683.41
-236.142
1184.71
1743.05
575.345
49.0294
1416.85
2429.46
1956.17
1338.8
1618.97
2497.5
2822.69
2299.38
2232.34
2859.72
2797.68
2252.35
2398.44
2691.61
2540.52
2211.33
1845.11
1849.11
2071.24
1614.97
1001.6
1255.75
1495.9
811.487
147.088
369.222
671.403
276.166
-296.178
-494.297
-399.24
-291.175
-608.365
-1130.68
-970.582
-605.363
-1128.68
-1633.98
-1204.72
-937.563
-1243.75
-1422.85
-1553.93
-1532.92
-1068.64
-1065.64
-1513.91
-1298.78
-1092.66
-1367.82
-1086.65
-738.443
-1012.61
-1065.64
-941.565
-863.518
-477.286
-435.261
-923.554
-806.484
-339.204
-475.285
-678.407
-613.368
-564.339
-451.271
-574.345
-1016.61
-849.51
-339.204
-608.365
-1194.72
-1238.74
-940.564
-722.433
-930.558
-1328.8
-1218.73
-910.546
-977.587
-1046.63
-983.59
-956.574
-888.533
-861.517
-447.268
-1.0006
-645.387
-1190.71
-139.083
958.575
542.325
-352.211
-332.199
910.546
1963.18
1122.67
10.006
1034.62
2563.54
2387.43
1492.9
1396.84
2254.35
3061.84
2674.6
2086.25
2631.58
3037.82
2460.48
2303.38
2804.68
2800.68
2327.4
1933.16
1829.1
2050.23
1980.19
1333.8
1015.61
1302.78
1098.66
304.183
152.091
536.322
318.191
-228.137
-425.255
-516.31
-567.34
-529.318
-817.49
-1082.65
-886.532
-1039.62
-1525.92
-1286.77
-898.539
-1267.76
-1603.96
-1563.94
-1473.88
-1145.69
-1057.63
-1557.93
-1571.94
-1103.66
-1193.72
-1312.79
-974.585
-953.572
-1124.67
-945.567
-902.542
-847.509
-504.303
-577.346
-883.53
-683.41
-505.303
-601.361
-433.26
-320.192
-586.352
-699.42
-582.349
-511.307
-407.244
-534.321
-897.539
-937.563
-721.433
-715.429
-838.503
-963.578
-1141.69
-1155.69
-1002.6
-997.599
-1078.65
-1103.66
-1182.71
-1150.69
-998.599
-607.364
-251.151
-764.459
-1282.77
-422.253
597.358
422.253
-208.125
-295.177
595.357
1591.96
1225.74
342.205
1064.64
2392.44
2315.39
1563.94
1533.92
2382.43
3151.89
2723.63
2071.24
2684.61
3189.91
2594.56
2354.41
2709.63
2748.65
2544.53
2075.25
1645.99
2079.25
2390.43
1502.9
945.567
1406.84
1302.78
505.303
289.174
546.328
412.247
-96.0576
-606.364
-813.488
-498.299
-342.205
-1071.64
-1613.97
-1118.67
-969.582
-1651.99
-1740.04
-1329.8
-1473.88
-1730.04
-1820.09
-1921.15
-1443.87
-1107.66
-1833.1
-2037.22
-1263.76
-1192.72
-1517.91
-1214.73
-1058.64
-1084.65
-875.525
-994.597
-922.554
-298.179
-361.217
-868.521
-552.331
-97.0582
-125.075
-137.082
-288.173
-378.227
-42.0252
-52.0312
-377.226
-248.149
-171.103
-506.304
-564.339
-416.25
-461.277
-445.267
-568.341
-882.53
-802.481
-555.333
-632.379
-792.475
-876.526
-908.545
-855.513
-727.436
-601.361
-448.269
-187.112
-317.19
-856.514
-583.35
572.343
856.514
35.021
-362.217
278.167
1335.8
1640.98
745.447
334.201
1463.88
2303.38
1873.12
1439.86
1735.04
2334.4
2576.55
2197.32
2173.3
2760.66
2659.6
2101.26
2238.34
2513.51
2318.39
2011.21
1685.01
1610.97
1785.07
1387.83
824.495
1075.65
1188.71
365.219
-164.098
150.09
259.155
-135.081
-556.334
-864.519
-835.501
-638.383
-1010.61
-1508.91
-1294.78
-1160.7
-1749.05
-1973.18
-1562.94
-1513.91
-1771.06
-1881.13
-1949.17
-1715.03
-1279.77
-1512.91
-1839.1
-1408.85
-1182.71
-1352.81
-1092.66
-905.543
-1011.61
-856.514
-870.522
-863.518
-301.181
-167.1
-610.366
-468.281
-94.0564
-110.066
48.0288
160.096
-25.015
71.0426
139.083
-72.0432
176.106
429.258
4.0024
-285.171
-118.071
15.009
86.0516
-58.0348
-434.261
-396.238
-163.098
-354.213
-494.297
-367.22
-448.269
-656.394
-696.418
-569.342
-382.229
-338.203
-556.334
-510.306
98.0588
109.065
-596.358
-359.216
615.369
765.459
148.089
-187.112
351.211
1431.86
1661
582.349
230.138
1484.89
2266.36
1715.03
1123.67
1323.79
1981.19
2149.29
1699.02
1698.02
2144.29
1923.15
1393.84
1475.89
1762.06
1804.08
1471.88
825.495
796.478
1272.76
961.577
362.217
511.307
518.311
-103.062
-339.204
-128.077
-97.0582
-255.153
-705.423
-1174.7
-849.51
-321.193
-807.484
-1471.88
-1194.72
-893.536
-1123.67
-1182.71
-1123.67
-1164.7
-998.599
-1134.68
-1524.91
-1127.68
-650.39
-1088.65
-1302.78
-959.576
-938.563
-893.536
-665.399
-729.438
-774.465
-530.318
-626.376
-656.394
-189.113
-179.107
-426.256
-274.164
-260.156
-294.177
-46.0276
6.0036
-119.071
-109.065
-176.106
-205.123
210.126
326.196
-61.0366
-80.048
51.0306
5.003
99.0594
145.087
-56.0336
-182.109
-201.121
-239.143
-129.077
-45.027
-265.159
-415.249
-306.184
-216.13
-172.103
-223.134
-333.2
-229.137
-127.076
-222.133
58.0348
475.285
33.0198
-527.316
7.0042
812.487
747.448
161.097
-145.087
349.21
1229.74
1132.68
134.08
122.073
1254.75
1650.99
889.534
460.276
927.557
1413.85
1368.82
1114.67
1111.67
1221.73
1134.68
958.575
956.574
1127.68
1106.66
690.414
379.228
631.379
777.466
371.223
257.154
475.285
211.127
-188.113
-119.071
19.0114
38.0228
-10.006
-489.294
-752.451
-186.112
9.0054
-548.329
-665.399
-444.267
-597.358
-655.393
-572.343
-763.458
-752.451
-628.377
-1012.61
-1135.68
-660.396
-655.393
-1067.64
-1012.61
-826.496
-852.512
-760.456
-695.417
-717.43
-662.397
-734.441
-908.545
-576.346
-151.091
-417.25
-707.424
-506.304
-267.16
-55.033
-40.024
-304.183
-118.071
301.181
199.119
40.024
325.195
390.234
195.117
254.152
290.174
313.188
435.261
309.186
174.104
319.192
323.194
208.125
310.186
290.174
57.0342
0
29.0174
94.0564
191.115
-44.0264
-416.25
-392.235
-104.062
-21.0126
-231.139
-500.3
-622.373
-307.184
196.118
21.0126
-707.424
-737.442
-18.0108
248.149
-91.0546
-407.244
-328.197
170.102
439.264
-109.065
-439.264
301.181
852.512
403.242
-20.012
235.141
750.45
982.59
793.476
660.396
819.492
946.568
899.54
876.526
1039.62
1185.71
910.546
616.37
928.557
1214.73
928.557
732.439
863.518
817.49
690.414
629.378
479.288
552.331
659.396
200.12
-122.073
215.129
204.122
-216.13
-288.173
-316.19
-460.276
-423.254
-534.321
-721.433
-500.3
-453.272
-933.56
-1017.61
-635.381
-708.425
-988.593
-994.597
-1063.64
-1062.64
-855.513
-988.593
-1144.69
-829.498
-774.465
-961.577
-819.492
-680.408
-568.341
-394.237
-413.248
-484.291
-221.133
91.0546
62.0372
60.036
151.091
142.085
387.232
591.355
466.28
481.289
648.389
674.405
582.349
672.403
712.427
598.359
562.337
498.299
394.237
371.223
320.192
94.0564
-93.0558
-94.0564
-165.099
-334.201
-407.244
-484.291
-612.367
-675.405
-690.414
-729.438
-858.515
-1002.6
-1049.63
-1055.63
-1064.64
-1116.67
-1064.64
-840.504
-876.526
-1272.76
-1288.77
-795.477
-460.276
-578.347
-913.548
-924.555
-289.174
231.139
-149.089
-486.292
44.0264
665.399
767.46
534.321
448.269
966.58
1541.93
1515.91
1326.8
1473.88
1731.04
1789.07
1786.07
1841.1
1917.15
1847.11
1683.01
1740.04
1872.12
1773.06
1609.97
1527.92
1454.87
1393.84
1208.73
976.586
1047.63
1070.64
647.388
317.19
361.217
327.196
174.104
19.0114
-302.181
-496.298
-379.228
-460.276
-733.44
-731.439
-785.471
-1024.61
-974.585
-888.533
-1070.64
-1112.67
-1066.64
-1245.75
-1221.73
-1035.62
-1159.7
-1234.74
-1118.67
-1154.69
-1112.67
-911.547
-942.566
-924.555
-768.461
-855.513
-760.456
-468.281
-358.215
-334.201
-299.18
-258.155
-116.07
43.0258
-11.0066
-30.018
112.067
132.079
68.0408
21.0126
6.0036
141.085
74.0444
-183.11
-161.097
-112.067
-213.128
-225.135
-260.156
-389.234
-399.24
-439.264
-626.376
-525.315
-399.24
-639.384
-727.436
-605.363
-547.328
-533.32
-605.363
-657.394
-538.323
-446.268
-523.314
-537.322
-459.276
-476.286
-475.285
-414.249
-184.11
162.097
5.003
-495.297
-402.241
189.113
543.326
420.252
22.0132
-2.0012
596.358
1000.6
777.466
623.374
877.527
1164.7
1343.81
1359.82
1313.79
1509.91
1730.04
1773.06
1910.15
2038.22
1943.17
1852.11
1927.16
2021.21
1962.18
1759.06
1618.97
1647.99
1603.96
1457.87
1386.83
1319.79
1285.77
1145.69
797.478
724.435
913.548
751.451
335.201
165.099
96.0576
-15.009
-99.0594
-372.223
-625.375
-585.351
-737.442
-1138.68
-1213.73
-1146.69
-1301.78
-1490.89
-1644.99
-1754.05
-1659
-1624.97
-1951.17
-2119.27
-1964.18
-1980.19
-2112.27
-2108.26
-2142.29
-2210.33
-2098.26
-1981.19
-1960.18
-1825.1
-1711.03
-1766.06
-1554.93
-1174.7
-1186.71
-1166.7
-870.522
-696.418
-487.292
-330.198
-361.217
-90.054
296.178
206.124
84.0504
429.258
674.405
712.427
802.481
660.396
734.441
1141.69
1106.66
908.545
1039.62
1108.67
1014.61
1014.61
1009.61
1007.6
1060.64
855.513
641.385
812.487
859.516
684.411
585.351
396.238
292.175
417.25
347.208
125.075
132.079
81.0486
-122.073
-108.065
-65.039
-162.097
-250.15
-356.214
-249.149
-21.0126
-180.108
-405.243
-294.177
-45.027
183.11
193.116
-37.0222
34.0204
543.326
702.421
424.255
535.321
895.537
1054.63
1180.71
1146.69
1091.65
1373.82
1616.97
1546.93
1555.93
1696.02
1622.97
1503.9
1580.95
1596.96
1482.89
1348.81
1151.69
1008.61
1006.6
902.542
568.341
377.226
348.209
29.0174
-319.192
-359.216
-447.268
-666.4
-837.503
-1151.69
-1424.85
-1267.76
-1263.76
-1716.03
-1892.14
-1857.11
-2061.24
-2108.26
-2062.24
-2266.36
-2316.39
-2239.34
-2404.44
-2405.44
-2129.28
-2141.28
-2255.35
-2105.26
-2018.21
-1920.15
-1592.96
-1455.87
-1466.88
-1236.74
-1046.63
-939.564
-623.374
-368.221
-327.196
-174.104
56.0336
219.131
412.247
644.387
797.478
879.528
1034.62
1105.66
1158.7
1443.87
1604.96
1499.9
1437.86
1441.87
1552.93
1737.04
1665
1388.83
1291.78
1366.82
1317.79
1264.76
1226.74
1015.61
906.544
904.543
762.457
729.438
762.457
554.333
330.198
300.18
269.161
228.137
227.136
77.0462
-35.021
26.0156
-7.0042
-22.0132
50.03
-28.0168
-141.085
-128.077
-161.097
-206.124
-100.06
-112.067
-298.179
-377.226
-372.223
-384.231
-193.116
12.0072
-258.155
-559.336
-313.188
-140.084
-167.1
29.0174
-135.081
-454.273
-108.065
126.076
-189.113
-104.062
118.071
-150.09
-33.0198
350.21
26.0156
-75.045
354.213
201.121
41.0246
432.259
349.21
21.0126
285.171
352.211
16.0096
195.117
353.212
-70.042
-106.064
176.106
-61.0366
-231.139
67.0402
-91.0546
-466.28
-197.118
-162.097
-504.303
-253.152
-240.144
-812.487
-658.395
-320.192
-733.44
-736.442
-439.264
-877.527
-958.575
-541.325
-807.484
-915.549
-506.304
-756.454
-1003.6
-567.34
-595.357
-826.496
-478.287
-432.259
-662.397
-392.235
-267.16
-406.244
-150.09
-18.0108
-266.16
-131.079
210.126
211.127
271.163
404.243
328.197
436.262
656.394
606.364
628.377
849.51
838.503
769.462
982.59
998.599
971.583
1093.66
1022.61
1088.65
1286.77
1111.67
1020.61
1317.79
1346.81
1171.7
1179.71
1082.65
1022.61
1285.77
1070.64
608.365
686.412
680.408
470.282
472.283
268.161
-93.0558
-117.07
-208.125
-472.283
-506.304
-640.384
-1043.63
-1105.66
-1075.65
-1264.76
-1286.77
-1377.83
-1606.96
-1553.93
-1499.9
-1666
-1616.97
-1435.86
-1558.94
-1650.99
-1495.9
-1426.86
-1346.81
-1249.75
-1312.79
-1171.7
-759.456
-772.463
-962.578
-715.429
-541.325
-520.312
-226.136
-179.107
-321.193
66.0396
294.177
62.0372
342.205
724.435
520.312
704.423
1170.7
955.573
946.568
1445.87
1393.84
1347.81
1789.07
1640.98
1312.79
1714.03
1804.08
1391.84
1524.91
1588.95
1152.69
1218.73
1391.84
935.561
812.487
996.598
556.334
287.172
565.339
276.166
-120.072
104.062
-88.0528
-519.312
-310.186
-346.208
-709.426
-477.286
-439.264
-896.538
-751.451
-463.278
-725.435
-716.43
-502.301
-679.408
-570.342
-313.188
-521.313
-484.291
-192.115
-312.187
-350.21
-76.0456
-70.042
-102.061
60.036
12.0072
-11.0066
220.132
201.121
87.0522
223.134
213.128
61.0366
126.076
120.072
-22.0132
56.0336
55.033
-124.074
-69.0414
-38.0228
-227.136
-228.137
-208.125
-309.186
-259.155
-281.169
-493.296
-511.307
-370.222
-446.268
-583.35
-589.354
-589.354
-510.306
-463.278
-641.385
-686.412
-555.333
-528.317
-531.319
-544.327
-541.325
-447.268
-429.258
-501.301
-421.253
-266.16
-268.161
-304.183
-277.166
-203.122
-51.0306
16.0096
-41.0246
24.0144
196.118
280.168
313.188
377.226
406.244
466.28
562.337
586.352
605.363
650.39
633.38
574.345
591.355
612.367
481.289
380.228
463.278
475.285
331.199
224.134
236.142
339.204
270.162
-74.0444
-161.097
176.106
308.185
17.0102
-279.168
-225.135
153.092
313.188
-72.0432
-294.177
127.076
424.255
256.154
143.086
159.095
368.221
711.427
587.352
333.2
590.354
703.422
461.277
530.318
656.394
506.304
518.311
514.309
294.177
394.237
528.317
229.137
174.104
402.241
172.103
-73.0438
96.0576
84.0504
-66.0396
-68.0408
-273.164
-418.251
-205.123
-237.142
-588.353
-630.378
-506.304
-608.365
-678.407
-698.419
-799.48
-703.422
-622.373
-824.495
-877.527
-702.421
-649.39
-679.408
-688.413
-702.421
-604.363
-472.283
-524.315
-615.369
-509.306
-393.236
-384.231
-338.203
-305.183
-263.158
-166.1
-148.089
-96.0576
20.012
26.0156
4.0024
74.0444
139.083
175.105
207.124
170.102
156.094
295.177
319.192
154.092
226.136
368.221
273.164
245.147
288.173
302.181
437.262
479.288
288.173
272.163
479.288
502.301
392.235
392.235
413.248
461.277
561.337
492.295
438.263
561.337
565.339
459.276
456.274
459.276
398.239
384.231
370.222
286.172
294.177
281.169
113.068
94.0564
151.091
39.0234
-55.033
-79.0474
-153.092
-181.109
-197.118
-298.179
-350.21
-339.204
-423.254
-506.304
-486.292
-531.319
-592.355
-600.36
-635.381
-651.391
-608.365
-638.383
-728.437
-687.412
-636.382
-685.411
-703.422
-672.403
-629.378
-569.342
-555.333
-543.326
-474.285
-406.244
-335.201
-287.172
-256.154
-146.088
-25.015
11.0066
53.0318
172.103
274.164
333.2
417.25
472.283
504.303
586.352
633.38
620.372
659.396
708.425
666.4
640.384
674.405
679.408
655.393
607.364
555.333
561.337
525.315
438.263
414.249
411.247
372.223
319.192
268.161
243.146
249.149
262.157
209.125
127.076
121.073
139.083
100.06
37.0222
4.0024
-53.0318
-124.074
-118.071
-98.0588
-160.096
-222.133
-235.141
-227.136
-199.119
-190.114
-253.152
-298.179
-255.153
-243.146
-264.158
-247.148
-237.142
-246.148
-237.142
-211.127
-165.099
-132.079
-119.071
-66.0396
-9.0054
32.0192
64.0384
58.0348
77.0462
137.082
153.092
116.07
99.0594
118.071
134.08
161.097
158.095
82.0492
83.0498
123.074
96.0576
87.0522
62.0372
-1.0006
-53.0318
-61.0366
-108.065
-167.1
-218.131
-301.181
-357.214
-378.227
-392.235
-426.256
-481.289
-522.313
-507.304
-489.294
-484.291
-507.304
-558.335
-570.342
-570.342
-600.36
-587.352
-588.353
-644.387
-670.402
-659.396
-607.364
-491.295
-402.241
-488.293
-489.294
-336.202
-326.196
-266.16
-31.0186
-77.0462
-172.103
18.0108
60.036
84.0504
345.207
322.193
127.076
475.285
743.446
524.315
691.415
947.569
775.465
972.584
1210.73
860.516
895.537
1269.76
976.586
793.476
1176.71
1019.61
762.457
1046.63
888.533
599.36
974.585
948.569
498.299
690.414
773.464
377.226
505.303
681.409
290.174
246.148
396.238
67.0402
57.0342
307.184
-35.021
-236.142
-18.0108
-185.111
-342.205
-147.088
-315.189
-574.345
-425.255
-509.306
-728.437
-566.34
-573.344
-815.489
-746.448
-695.417
-837.503
-715.429
-635.381
-861.517
-824.495
-676.406
-787.472
-723.434
-555.333
-686.412
-707.424
-535.321
-581.349
-602.361
-424.255
-464.279
-572.343
-433.26
-400.24
-458.275
-300.18
-231.139
-322.193
-236.142
-140.084
-179.107
-120.072
-24.0144
-58.0348
-31.0186
47.0282
33.0198
63.0378
159.095
152.091
117.07
128.077
115.069
147.088
211.127
189.113
163.098
198.119
210.126
268.161
364.219
347.208
340.204
400.24
375.225
349.21
424.255
441.265
386.232
417.25
416.25
351.211
424.255
517.31
438.263
424.255
445.267
392.235
488.293
531.319
430.258
430.258
498.299
500.3
487.292
488.293
490.294
537.322
536.322
374.225
301.181
442.265
476.286
401.241
255.153
116.07
198.119
285.171
158.095
33.0198
-10.006
-79.0474
-127.076
-140.084
-223.134
-308.185
-299.18
-405.243
-513.308
-449.27
-483.29
-575.345
-608.365
-670.402
-731.439
-727.436
-720.432
-750.45
-753.452
-807.484
-874.525
-830.498
-766.46
-792.475
-795.477
-832.499
-872.524
-814.489
-775.465
-784.471
-770.462
-718.431
-704.423
-653.392
-531.319
-437.262
-365.219
-294.177
-245.147
-132.079
50.03
156.094
176.106
262.157
386.232
447.268
526.316
604.363
643.386
734.441
798.479
774.465
819.492
940.564
964.579
923.554
926.556
921.553
925.555
955.573
912.548
842.506
845.507
820.492
748.449
719.432
709.426
660.396
582.349
533.32
494.297
457.274
421.253
339.204
276.166
237.142
156.094
71.0426
12.0072
-40.024
-106.064
-188.113
-283.17
-342.205
-387.232
-456.274
-535.321
-573.344
-595.357
-637.382
-663.398
-692.415
-698.419
-676.406
-681.409
-698.419
-687.412
-652.391
-622.373
-582.349
-512.307
-458.275
-420.252
-353.212
-283.17
-248.149
-201.121
-150.09
-119.071
-98.0588
-87.0522
-59.0354
-16.0096
37.0222
65.039
36.0216
19.0114
86.0516
172.103
179.107
156.094
146.088
160.096
225.135
273.164
254.152
251.151
270.162
252.151
239.143
246.148
232.139
223.134
200.12
140.084
106.064
108.065
95.057
46.0276
-19.0114
-90.054
-139.083
-161.097
-202.121
-227.136
-284.171
-351.211
-368.221
-374.225
-382.229
-381.229
-370.222
-371.223
-347.208
-301.181
-260.156
-219.131
-174.104
-165.099
-154.092
-86.0516
-32.0192
10.006
40.024
43.0258
65.039
131.079
208.125
222.133
201.121
226.136
282.169
363.218
413.248
409.246
420.252
481.289
548.329
553.332
558.335
587.352
595.357
600.36
597.358
570.342
567.34
569.342
512.307
481.289
491.295
459.276
425.255
408.245
356.214
297.178
288.173
256.154
188.113
136.082
43.0258
-49.0294
-55.033
-64.0384
-152.091
-250.15
-324.195
-389.234
-423.254
-462.277
-558.335
-634.381
-674.405
-748.449
-814.489
-808.485
-807.484
-845.507
-876.526
-890.534
-857.515
-787.472
-736.442
-721.433
-681.409
-596.358
-527.316
-471.283
-392.235
-348.209
-326.196
-282.169
-236.142
-167.1
-124.074
-112.067
-75.045
-13.0078
58.0348
107.064
143.086
222.133
297.178
339.204
385.231
463.278
554.333
619.372
644.387
658.395
682.409
738.443
780.468
763.458
739.444
720.432
707.424
725.435
744.447
699.42
629.378
596.358
547.328
475.285
436.262
372.223
304.183
267.16
201.121
112.067
63.0378
38.0228
-23.0138
-93.0558
-140.084
-203.122
-272.163
-289.174
-316.19
-369.222
-393.236
-409.246
-450.27
-491.295
-508.305
-529.318
-555.333
-539.324
-513.308
-526.316
-513.308
-489.294
-485.291
-455.273
-399.24
-365.219
-322.193
-257.154
-220.132
-181.109
-106.064
-43.0258
2.0012
49.0294
88.0528
120.072
156.094
188.113
189.113
178.107
195.117
210.126
204.122
200.12
197.118
197.118
201.121
200.12
195.117
176.106
162.097
149.089
136.082
125.075
74.0444
11.0066
-33.0198
-76.0456
-111.067
-157.094
-215.129
-257.154
-289.174
-305.183
-324.195
-334.201
-320.192
-306.184
-311.187
-310.186
-290.174
-264.158
-243.146
-215.129
-184.11
-159.095
-124.074
-89.0534
-65.039
-33.0198
-7.0042
10.006
42.0252
84.0504
115.069
137.082
172.103
207.124
242.145
293.176
326.196
338.203
371.223
407.244
426.256
450.27
469.282
473.284
488.293
504.303
502.301
504.303
509.306
502.301
506.304
506.304
493.296
492.295
489.294
465.279
416.25
363.218
303.182
244.146
216.13
173.104
105.063
59.0354
25.015
10.006
-9.0054
-52.0312
-98.0588
-122.073
-134.08
-159.095
-191.115
-233.14
-277.166
-297.178
-318.191
-366.22
-387.232
-398.239
-429.258
-445.267
-459.276
-487.292
-491.295
-487.292
-499.3
-515.309
-523.314
-528.317
-512.307
-479.288
-471.283
-466.28
-437.262
-414.249
-386.232
-352.211
-343.206
-334.201
-293.176
-259.155
-253.152
-229.137
-187.112
-159.095
-126.076
-106.064
-99.0594
-68.0408
-31.0186
-2.0012
33.0198
66.0396
85.051
112.067
133.08
140.084
151.091
156.094
147.088
154.092
175.105
171.103
171.103
183.11
188.113
195.117
197.118
194.116
197.118
202.121
201.121
194.116
192.115
195.117
203.122
216.13
210.126
194.116
199.119
207.124
220.132
229.137
220.132
201.121
201.121
215.129
220.132
223.134
216.13
197.118
181.109
173.104
178.107
179.107
167.1
149.089
135.081
126.076
120.072
130.078
140.084
133.08
127.076
120.072
110.066
111.067
102.061
60.036
29.0174
12.0072
-12.0072
-39.0234
-61.0366
-92.0552
-119.071
-128.077
-146.088
-157.094
-149.089
-150.09
-160.096
-156.094
-142.085
-130.078
-109.065
-92.0552
-96.0576
-96.0576
-87.0522
-92.0552
-89.0534
-70.042
-73.0438
-93.0558
-104.062
-113.068
-121.073
-121.073
-129.077
-147.088
-154.092
-152.091
-148.089
-134.08
-112.067
-90.054
-78.0468
-67.0402
-43.0258
-10.006
24.0144
44.0264
68.0408
76.0456
70.042
74.0444
71.0426
69.0414
69.0414
54.0324
30.018
25.015
31.0186
23.0138
6.0036
-1.0006
-8.0048
-12.0072
3.0018
15.009
22.0132
39.0234
36.0216
21.0126
21.0126
19.0114
8.0048
-5.003
-25.015
-41.0246
-43.0258
-51.0306
-69.0414
-80.048
-90.054
-107.064
-116.07
-106.064
-99.0594
-90.054
-76.0456
-68.0408
-59.0354
-39.0234
-21.0126
-16.0096
-7.0042
9.0054
-5.003
-10.006
5.003
14.0084
24.0144
18.0108
9.0054
-2.0012
-10.006
-12.0072
-27.0162
-33.0198
-28.0168
-26.0156
-24.0144
-23.0138
-7.0042
8.0048
11.0066
23.0138
34.0204
34.0204
47.0282
73.0438
89.0534
112.067
133.08
133.08
118.071
105.063
93.0558
72.0432
64.0384
49.0294
18.0108
-6.0036
-29.0174
-51.0306
-71.0426
-79.0474
-92.0552
-110.066
-119.071
-134.08
-136.082
-116.07
-99.0594
-82.0492
-64.0384
-56.0336
-45.027
-34.0204
-31.0186
-37.0222
-43.0258
-41.0246
-41.0246
-35.021
-21.0126
-22.0132
-23.0138
-15.009
-16.0096
-20.012
-12.0072
1.0006
26.0156
62.0372
94.0564
113.068
131.079
146.088
153.092
165.099
178.107
186.112
193.116
206.124
223.134
234.14
247.148
250.15
251.151
261.157
266.16
266.16
271.163
282.169
286.172
283.17
280.168
281.169
278.167
270.162
258.155
242.145
222.133
208.125
190.114
164.098
141.085
121.073
99.0594
65.039
32.0192
1.0006
-40.024
-70.042
-106.064
-149.089
-182.109
-203.122
-228.137
-251.151
-264.158
-286.172
-289.174
-273.164
-265.159
-272.163
-282.169
-299.18
-322.193
-335.201
-349.21
-369.222
-376.226
-376.226
-384.231
-388.233
-387.232
-391.235
-404.243
-409.246
-414.249
-418.251
-402.241
-382.229
-356.214
-325.195
-293.176
-261.157
-228.137
-195.117
-171.103
-151.091
-124.074
-103.062
-78.0468
-55.033
-37.0222
-13.0078
-2.0012
2.0012
8.0048
17.0102
29.0174
43.0258
51.0306
65.039
88.0528
112.067
138.083
155.093
176.106
189.113
207.124
222.133
224.134
236.142
235.141
227.136
222.133
218.131
219.131
218.131
220.132
216.13
206.124
200.12
196.118
194.116
195.117
192.115
186.112
193.116
207.124
212.127
213.128
217.13
223.134
229.137
236.142
240.144
248.149
251.151
248.149
245.147
234.14
218.131
207.124
197.118
187.112
177.106
161.097
140.084
122.073
109.065
95.057
83.0498
92.0552
100.06
98.0588
102.061
90.054
86.0516
79.0474
59.0354
39.0234
18.0108
5.003
-13.0078
-29.0174
-45.027
-66.0396
-75.045
-88.0528
-111.067
-121.073
-135.081
-151.091
-161.097
-166.1
-179.107
-181.109
-174.104
-179.107
-175.105
-177.106
-197.118
-210.126
-218.131
-239.143
-252.151
-248.149
-251.151
-250.15
-237.142
-223.134
-212.127
-188.113
-182.109
-190.114
-172.103
-159.095
-158.095
-137.082
-118.071
-112.067
-96.0576
-81.0486
-87.0522
-76.0456
-59.0354
-62.0372
-54.0324
-33.0198
-21.0126
-6.0036
5.003
-4.0024
-15.009
-8.0048
-12.0072
-18.0108
-12.0072
-19.0114
-38.0228
-33.0198
-29.0174
-35.021
-15.009
-1.0006
5.003
21.0126
33.0198
44.0264
57.0342
76.0456
78.0468
78.0468
99.0594
101.061
93.0558
80.048
55.033
34.0204
25.015
15.009
4.0024
2.0012
-4.0024
-17.0102
-11.0066
-5.003
2.0012
23.0138
38.0228
40.024
45.027
50.03
53.0318
70.042
85.051
86.0516
90.054
93.0558
88.0528
93.0558
101.061
102.061
110.066
122.073
123.074
118.071
122.073
118.071
113.068
123.074
111.067
86.0516
66.0396
37.0222
15.009
1.0006
-8.0048
-26.0156
-32.0192
-26.0156
-30.018
-22.0132
-14.0084
-15.009
-12.0072
-8.0048
-16.0096
-27.0162
-32.0192
-48.0288
-56.0336
-53.0318
-56.0336
-60.036
-57.0342
-54.0324
-56.0336
-55.033
-51.0306
-46.0276
-36.0216
-24.0144
-12.0072
-1.0006
3.0018
1.0006
2.0012
-1.0006
-15.009
-19.0114
-19.0114
-16.0096
-3.0018
2.0012
-1.0006
-4.0024
-2.0012
5.003
17.0102
18.0108
18.0108
28.0168
39.0234
52.0312
65.039
70.042
65.039
67.0402
73.0438
60.036
51.0306
49.0294
38.0228
24.0144
10.006
-12.0072
-28.0168
-41.0246
-52.0312
-60.036
-69.0414
-68.0408
-61.0366
-55.033
-48.0288
-41.0246
-25.015
-11.0066
-6.0036
2.0012
3.0018
3.0018
5.003
8.0048
13.0078
19.0114
25.015
28.0168
28.0168
20.012
18.0108
-3.0018
-16.0096
-22.0132
-26.0156
-10.006
-4.0024
4.0024
4.0024
-6.0036
-19.0114
-28.0168
-36.0216
-57.0342
-68.0408
-71.0426
-72.0432
-68.0408
-73.0438
-86.0516
-93.0558
-94.0564
-93.0558
-83.0498
-71.0426
-56.0336
-32.0192
-21.0126
-9.0054
3.0018
19.0114
31.0186
36.0216
43.0258
44.0264
41.0246
35.021
24.0144
18.0108
18.0108
18.0108
20.012
24.0144
18.0108
6.0036
-15.009
-40.024
-56.0336
-63.0378
-61.0366
-66.0396
-66.0396
-71.0426
-84.0504
-99.0594
-110.066
-115.069
-123.074
-131.079
-145.087
-151.091
-146.088
-144.086
-134.08
-125.075
-121.073
-118.071
-107.064
-93.0558
-73.0438
-51.0306
-37.0222
-22.0132
-1.0006
27.0162
58.0348
90.054
122.073
151.091
179.107
206.124
230.138
257.154
280.168
300.18
320.192
344.207
369.222
391.235
400.24
401.241
393.236
379.228
368.221
355.213
346.208
336.202
319.192
301.181
279.168
256.154
231.139
199.119
170.102
143.086
109.065
73.0438
39.0234
3.0018
-28.0168
-62.0372
-97.0582
-135.081
-175.105
-210.126
-242.145
-274.164
-299.18
-315.189
-329.198
-342.205
-353.212
-364.219
-366.22
-363.218
-352.211
-341.205
-331.199
-319.192
-302.181
-283.17
-261.157
-235.141
-216.13
-187.112
-160.096
-132.079
-105.063
-89.0534
-65.039
-42.0252
-21.0126
0
20.012
38.0228
57.0342
78.0468
94.0564
111.067
125.075
142.085
155.093
161.097
163.098
160.096
164.098
164.098
165.099
168.101
168.101
167.1
159.095
149.089
131.079
110.066
88.0528
67.0402
48.0288
28.0168
12.0072
-3.0018
-10.006
-21.0126
-36.0216
-50.03
-58.0348
-62.0372
-68.0408
-75.045
-82.0492
-81.0486
-85.051
-94.0564
-96.0576
-103.062
-118.071
-135.081
-141.085
-150.09
-157.094
-159.095
-156.094
-150.09
-145.087
-144.086
-144.086
-139.083
-130.078
-124.074
-115.069
-101.061
-92.0552
-81.0486
-69.0414
-57.0342
-39.0234
-22.0132
-10.006
4.0024
16.0096
16.0096
22.0132
40.024
56.0336
70.042
88.0528
106.064
117.07
122.073
127.076
136.082
154.092
169.101
176.106
184.11
197.118
200.12
196.118
195.117
190.114
184.11
180.108
164.098
147.088
134.08
117.07
104.062
102.061
98.0588
86.0516
76.0456
69.0414
60.036
53.0318
50.03
45.027
39.0234
35.021
30.018
28.0168
29.0174
19.0114
13.0078
13.0078
17.0102
18.0108
11.0066
9.0054
7.0042
7.0042
5.003
2.0012
5.003
11.0066
10.006
8.0048
12.0072
13.0078
12.0072
13.0078
13.0078
8.0048
2.0012
-2.0012
-6.0036
-11.0066
-16.0096
-23.0138
-27.0162
-24.0144
-25.015
-28.0168
-31.0186
-35.021
-44.0264
-53.0318
-56.0336
-63.0378
-83.0498
-104.062
-124.074
-134.08
-138.083
-148.089
-162.097
-181.109
-190.114
-194.116
-192.115
-185.111
-183.11
-186.112
-191.115
-198.119
-199.119
-199.119
-201.121
-204.122
-208.125
-210.126
-208.125
-202.121
-191.115
-178.107
-165.099
-154.092
-142.085
-130.078
-118.071
-105.063
-92.0552
-72.0432
-47.0282
-23.0138
-2.0012
16.0096
32.0192
50.03
71.0426
96.0576
124.074
145.087
161.097
175.105
191.115
211.127
225.135
233.14
239.143
242.145
246.148
249.149
254.152
257.154
254.152
249.149
242.145
230.138
220.132
200.12
178.107
158.095
138.083
114.068
93.0558
75.045
55.033
41.0246
30.018
25.015
26.0156
16.0096
-2.0012
-22.0132
-40.024
-55.033
-66.0396
-77.0462
-92.0552
-112.067
-131.079
-139.083
-146.088
-151.091
-153.092
-152.091
-138.083
-126.076
-119.071
-111.067
-108.065
-107.064
-106.064
-106.064
-100.06
-97.0582
-92.0552
-83.0498
-75.045
-57.0342
-41.0246
-28.0168
-12.0072
0
14.0084
31.0186
50.03
64.0384
75.045
79.0474
86.0516
93.0558
100.06
110.066
118.071
121.073
123.074
121.073
117.07
119.071
116.07
107.064
108.065
110.066
112.067
115.069
117.07
124.074
124.074
114.068
108.065
96.0576
88.0528
80.048
64.0384
54.0324
39.0234
19.0114
0
-12.0072
-14.0084
-7.0042
-4.0024
3.0018
2.0012
-6.0036
-11.0066
-21.0126
-28.0168
-34.0204
-50.03
-63.0378
-73.0438
-81.0486
-87.0522
-95.057
-97.0582
-95.057
-98.0588
-97.0582
-98.0588
-99.0594
-96.0576
-97.0582
-95.057
-89.0534
-83.0498
-77.0462
-81.0486
-87.0522
-89.0534
-88.0528
-84.0504
-85.051
-81.0486
-84.0504
-92.0552
-100.06
-110.066
-110.066
-108.065
-105.063
-97.0582
-94.0564
-85.051
-74.0444
-68.0408
-62.0372
-66.0396
-66.0396
-69.0414
-73.0438
-79.0474
-81.0486
-76.0456
-67.0402
-52.0312
-40.024
-29.0174
-20.012
-16.0096
-12.0072
-16.0096
-16.0096
-15.009
-8.0048
2.0012
1.0006
4.0024
3.0018
5.003
12.0072
17.0102
30.018
54.0324
79.0474
91.0546
97.0582
99.0594
100.06
95.057
85.051
88.0528
93.0558
98.0588
97.0582
91.0546
94.0564
92.0552
94.0564
103.062
112.067
114.068
104.062
93.0558
90.054
83.0498
74.0444
87.0522
114.068
125.075
116.07
102.061
106.064
122.073
131.079
131.079
148.089
168.101
147.088
106.064
87.0522
89.0534
100.06
106.064
102.061
95.057
89.0534
73.0438
67.0402
71.0426
70.042
48.0288
13.0078
-7.0042
-12.0072
-10.006
-6.0036
-7.0042
-12.0072
-24.0144
-37.0222
-36.0216
-20.012
-11.0066
-21.0126
-38.0228
-56.0336
-60.036
-64.0384
-68.0408
-69.0414
-71.0426
-83.0498
-105.063
-120.072
-123.074
-125.075
-126.076
-121.073
-118.071
-118.071
-132.079
-148.089
-158.095
-169.101
-179.107
-184.11
-182.109
-183.11
-190.114
-187.112
-176.106
-166.1
-166.1
-175.105
-177.106
-164.098
-152.091
-148.089
-149.089
-144.086
-135.081
-123.074
-107.064
-88.0528
-68.0408
-53.0318
-46.0276
-33.0198
-14.0084
8.0048
34.0204
50.03
61.0366
71.0426
82.0492
92.0552
99.0594
114.068
125.075
142.085
162.097
175.105
184.11
190.114
197.118
211.127
228.137
246.148
260.156
268.161
273.164
274.164
276.166
275.165
268.161
262.157
254.152
235.141
221.133
208.125
188.113
169.101
141.085
115.069
92.0552
69.0414
47.0282
15.009
-16.0096
-41.0246
-67.0402
-86.0516
-106.064
-132.079
-157.094
-185.111
-207.124
-229.137
-255.153
-276.166
-290.174
-303.182
-312.187
-321.193
-332.199
-338.203
-340.204
-330.198
-313.188
-295.177
-272.163
-255.153
-247.148
-234.14
-215.129
-193.116
-165.099
-134.08
-105.063
-82.0492
-62.0372
-37.0222
-11.0066
13.0078
41.0246
64.0384
84.0504
107.064
123.074
137.082
145.087
153.092
166.1
175.105
190.114
202.121
212.127
225.135
236.142
244.146
253.152
259.155
265.159
275.165
281.169
281.169
279.168
272.163
257.154
242.145
223.134
200.12
178.107
147.088
114.068
88.0528
64.0384
42.0252
28.0168
18.0108
13.0078
12.0072
12.0072
15.009
14.0084
13.0078
11.0066
3.0018
2.0012
-2.0012
-11.0066
-12.0072
-19.0114
-24.0144
-27.0162
-30.018
-34.0204
-43.0258
-57.0342
-69.0414
-79.0474
-88.0528
-91.0546
-95.057
-95.057
-88.0528
-89.0534
-87.0522
-88.0528
-96.0576
-103.062
-113.068
-121.073
-125.075
-129.077
-137.082
-143.086
-147.088
-154.092
-163.098
-171.103
-179.107
-190.114
-196.118
-201.121
-209.125
-216.13
-219.131
-223.134
-227.136
-226.136
-224.134
-221.133
-206.124
-196.118
-181.109
-159.095
-140.084
-119.071
-99.0594
-85.051
-73.0438
-60.036
-54.0324
-43.0258
-38.0228
-33.0198
-25.015
-20.012
-9.0054
4.0024
18.0108
30.018
51.0306
72.0432
92.0552
119.071
143.086
164.098
187.112
204.122
220.132
238.143
252.151
258.155
263.158
265.159
263.158
264.158
263.158
261.157
261.157
259.155
251.151
250.15
248.149
242.145
240.144
234.14
221.133
214.128
206.124
199.119
199.119
194.116
189.113
183.11
170.102
158.095
140.084
123.074
107.064
91.0546
73.0438
54.0324
29.0174
8.0048
-7.0042
-19.0114
-29.0174
-38.0228
-44.0264
-51.0306
-56.0336
-56.0336
-57.0342
-60.036
-65.039
-83.0498
-104.062
-125.075
-149.089
-167.1
-179.107
-189.113
-201.121
-211.127
-217.13
-218.131
-215.129
-205.123
-204.122
-204.122
-205.123
-211.127
-214.128
-214.128
-212.127
-207.124
-199.119
-204.122
-209.125
-220.132
-230.138
-232.139
-224.134
-215.129
-204.122
-189.113
-178.107
-164.098
-152.091
-139.083
-131.079
-119.071
-104.062
-96.0576
-80.048
-64.0384
-54.0324
-39.0234
-27.0162
-16.0096
-11.0066
-2.0012
9.0054
21.0126
36.0216
52.0312
71.0426
86.0516
100.06
114.068
128.077
134.08
144.086
151.091
154.092
166.1
172.103
174.104
176.106
177.106
175.105
173.104
179.107
189.113
195.117
201.121
208.125
209.125
210.126
208.125
208.125
208.125
202.121
200.12
193.116
183.11
175.105
168.101
158.095
145.087
131.079
119.071
109.065
96.0576
87.0522
85.051
82.0492
78.0468
70.042
59.0354
51.0306
42.0252
28.0168
16.0096
5.003
-7.0042
-22.0132
-40.024
-60.036
-77.0462
-89.0534
-99.0594
-106.064
-108.065
-108.065
-113.068
-121.073
-123.074
-131.079
-135.081
-136.082
-139.083
-137.082
-140.084
-144.086
-150.09
-158.095
-162.097
-160.096
-155.093
-147.088
-134.08
-122.073
-110.066
-102.061
-92.0552
-81.0486
-79.0474
-75.045
-77.0462
-80.048
-82.0492
-89.0534
-92.0552
-92.0552
-89.0534
-83.0498
-73.0438
-61.0366
-47.0282
-35.021
-21.0126
-4.0024
13.0078
23.0138
29.0174
30.018
28.0168
23.0138
14.0084
11.0066
6.0036
5.003
6.0036
6.0036
11.0066
16.0096
20.012
29.0174
40.024
51.0306
63.0378
71.0426
74.0444
73.0438
65.039
57.0342
47.0282
42.0252
41.0246
39.0234
34.0204
33.0198
25.015
19.0114
16.0096
14.0084
17.0102
18.0108
26.0156
36.0216
47.0282
55.033
59.0354
58.0348
51.0306
47.0282
40.024
39.0234
38.0228
40.024
45.027
42.0252
37.0222
28.0168
20.012
20.012
20.012
25.015
38.0228
46.0276
52.0312
53.0318
54.0324
52.0312
47.0282
40.024
31.0186
22.0132
14.0084
9.0054
3.0018
2.0012
0
0
2.0012
5.003
5.003
5.003
7.0042
7.0042
2.0012
-6.0036
-17.0102
-27.0162
-37.0222
-48.0288
-59.0354
-70.042
-77.0462
-76.0456
-66.0396
-48.0288
-26.0156
-12.0072
-3.0018
-1.0006
-7.0042
-14.0084
-17.0102
-16.0096
-11.0066
-11.0066
-15.009
-24.0144
-37.0222
-50.03
-55.033
-53.0318
-42.0252
-25.015
-10.006
0
7.0042
9.0054
5.003
-3.0018
-10.006
-9.0054
-6.0036
-3.0018
-3.0018
-3.0018
-3.0018
-2.0012
3.0018
9.0054
14.0084
18.0108
22.0132
25.015
29.0174
35.021
41.0246
46.0276
48.0288
49.0294
46.0276
43.0258
38.0228
31.0186
26.0156
21.0126
16.0096
6.0036
-4.0024
-14.0084
-19.0114
-18.0108
-19.0114
-23.0138
-28.0168
-33.0198
-38.0228
-40.024
-42.0252
-45.027
-45.027
-42.0252
-38.0228
-31.0186
-15.009
-2.0012
9.0054
19.0114
26.0156
27.0162
24.0144
17.0102
2.0012
-16.0096
-30.018
-41.0246
-50.03
-56.0336
-57.0342
-59.0354
-58.0348
-54.0324
-52.0312
-40.024
-29.0174
-18.0108
-3.0018
6.0036
15.009
25.015
33.0198
41.0246
47.0282
58.0348
62.0372
58.0348
53.0318
48.0288
44.0264
48.0288
58.0348
63.0378
66.0396
73.0438
74.0444
66.0396
65.039
58.0348
50.03
48.0288
42.0252
39.0234
36.0216
32.0192
32.0192
30.018
26.0156
30.018
25.015
20.012
13.0078
3.0018
-8.0048
-21.0126
-34.0204
-41.0246
-45.027
-48.0288
-41.0246
-33.0198
-30.018
-22.0132
-17.0102
-21.0126
-12.0072
-1.0006
10.006
20.012
14.0084
9.0054
0
-12.0072
-16.0096
-25.015
-38.0228
-44.0264
-52.0312
-58.0348
-59.0354
-67.0402
-71.0426
-70.042
-77.0462
-80.048
-82.0492
-93.0558
-96.0576
-93.0558
-93.0558
-92.0552
-89.0534
-89.0534
-88.0528
-82.0492
-78.0468
-79.0474
-86.0516
-91.0546
-97.0582
-99.0594
-96.0576
-93.0558
-89.0534
-89.0534
-88.0528
-86.0516
-82.0492
-69.0414
-48.0288
-25.015
-3.0018
9.0054
21.0126
30.018
43.0258
60.036
75.045
77.0462
79.0474
85.051
86.0516
89.0534
91.0546
94.0564
103.062
114.068
125.075
137.082
142.085
147.088
152.091
154.092
157.094
158.095
163.098
171.103
183.11
194.116
200.12
206.124
202.121
199.119
198.119
193.116
191.115
182.109
164.098
144.086
122.073
99.0594
86.0516
68.0408
53.0318
34.0204
12.0072
2.0012
-5.003
-15.009
-19.0114
-22.0132
-26.0156
-30.018
-42.0252
-50.03
-58.0348
-67.0402
-77.0462
-89.0534
-98.0588
-111.067
-123.074
-137.082
-149.089
-163.098
-173.104
-189.113
-203.122
-214.128
-220.132
-222.133
-229.137
-232.139
-235.141
-231.139
-221.133
-209.125
-195.117
-185.111
-172.103
-163.098
-156.094
-151.091
-140.084
-126.076
-116.07
-105.063
-93.0558
-77.0462
-62.0372
-48.0288
-31.0186
-13.0078
7.0042
24.0144
37.0222
55.033
67.0402
77.0462
83.0498
90.054
99.0594
105.063
114.068
118.071
124.074
127.076
128.077
131.079
128.077
128.077
129.077
129.077
132.079
131.079
128.077
125.075
123.074
117.07
111.067
108.065
100.06
99.0594
98.0588
90.054
86.0516
73.0438
62.0372
48.0288
37.0222
25.015
14.0084
5.003
-4.0024
-7.0042
-12.0072
-11.0066
-7.0042
-5.003
2.0012
6.0036
10.006
17.0102
15.009
9.0054
7.0042
2.0012
-7.0042
-21.0126
-23.0138
-23.0138
-18.0108
-20.012
-23.0138
-19.0114
-22.0132
-18.0108
-15.009
-10.006
-4.0024
-4.0024
-7.0042
-12.0072
-13.0078
-16.0096
-20.012
-24.0144
-29.0174
-30.018
-31.0186
-33.0198
-35.021
-36.0216
-35.021
-40.024
-41.0246
-42.0252
-45.027
-43.0258
-47.0282
-47.0282
-49.0294
-53.0318
-47.0282
-50.03
-48.0288
-44.0264
-44.0264
-44.0264
-48.0288
-53.0318
-52.0312
-48.0288
-46.0276
-41.0246
-39.0234
-36.0216
-28.0168
-22.0132
-13.0078
-5.003
5.003
12.0072
11.0066
16.0096
19.0114
21.0126
24.0144
22.0132
25.015
25.015
22.0132
20.012
24.0144
35.021
47.0282
57.0342
65.039
74.0444
81.0486
82.0492
77.0462
67.0402
60.036
53.0318
42.0252
33.0198
34.0204
36.0216
34.0204
26.0156
14.0084
6.0036
1.0006
-1.0006
2.0012
6.0036
13.0078
17.0102
5.003
-6.0036
-17.0102
-25.015
-34.0204
-49.0294
-57.0342
-60.036
-63.0378
-64.0384
-71.0426
-74.0444
-75.045
-77.0462
-82.0492
-84.0504
-81.0486
-74.0444
-68.0408
-69.0414
-68.0408
-66.0396
-64.0384
-61.0366
-55.033
-45.027
-39.0234
-35.021
-35.021
-39.0234
-41.0246
-41.0246
-38.0228
-37.0222
-29.0174
-23.0138
-13.0078
-6.0036
4.0024
14.0084
22.0132
28.0168
35.021
48.0288
63.0378
81.0486
91.0546
100.06
103.062
104.062
102.061
96.0576
94.0564
96.0576
101.061
93.0558
88.0528
81.0486
74.0444
62.0372
52.0312
50.03
54.0324
62.0372
68.0408
74.0444
84.0504
96.0576
102.061
100.06
93.0558
91.0546
86.0516
82.0492
74.0444
60.036
49.0294
34.0204
18.0108
4.0024
-5.003
-9.0054
-12.0072
-8.0048
-5.003
2.0012
4.0024
2.0012
-1.0006
-6.0036
-13.0078
-24.0144
-30.018
-38.0228
-42.0252
-50.03
-55.033
-56.0336
-56.0336
-60.036
-60.036
-60.036
-54.0324
-45.027
-40.024
-34.0204
-35.021
-34.0204
-35.021
-43.0258
-59.0354
-78.0468
-94.0564
-105.063
-106.064
-106.064
-100.06
-97.0582
-93.0558
-88.0528
-82.0492
-80.048
-83.0498
-83.0498
-80.048
-70.042
-67.0402
-67.0402
-66.0396
-65.039
-65.039
-70.042
-70.042
-68.0408
-61.0366
-55.033
-43.0258
-31.0186
-19.0114
-12.0072
-8.0048
-2.0012
1.0006
5.003
8.0048
4.0024
1.0006
1.0006
1.0006
10.006
16.0096
21.0126
23.0138
23.0138
24.0144
32.0192
37.0222
38.0228
45.027
57.0342
70.042
75.045
78.0468
79.0474
76.0456
70.042
62.0372
64.0384
64.0384
63.0378
58.0348
58.0348
58.0348
55.033
51.0306
48.0288
57.0342
61.0366
69.0414
78.0468
87.0522
96.0576
93.0558
95.057
93.0558
89.0534
80.048
67.0402
60.036
55.033
45.027
37.0222
35.021
27.0162
26.0156
24.0144
20.012
21.0126
13.0078
4.0024
-4.0024
-10.006
-14.0084
-20.012
-23.0138
-24.0144
-27.0162
-32.0192
-39.0234
-42.0252
-42.0252
-41.0246
-47.0282
-47.0282
-45.027
-43.0258
-45.027
-49.0294
-51.0306
-56.0336
-61.0366
-65.039
-68.0408
-69.0414
-68.0408
-66.0396
-65.039
-62.0372
-53.0318
-46.0276
-38.0228
-32.0192
-30.018
-30.018
-28.0168
-23.0138
-23.0138
-23.0138
-21.0126
-13.0078
0
6.0036
10.006
12.0072
13.0078
11.0066
6.0036
3.0018
-4.0024
-9.0054
-16.0096
-20.012
-21.0126
-18.0108
-11.0066
-3.0018
8.0048
21.0126
32.0192
40.024
47.0282
49.0294
44.0264
35.021
29.0174
28.0168
25.015
20.012
18.0108
16.0096
21.0126
27.0162
31.0186
39.0234
46.0276
49.0294
47.0282
40.024
35.021
27.0162
17.0102
9.0054
5.003
5.003
8.0048
10.006
12.0072
13.0078
10.006
6.0036
4.0024
2.0012
1.0006
-5.003
-10.006
-15.009
-17.0102
-21.0126
-28.0168
-36.0216
-38.0228
-38.0228
-42.0252
-51.0306
-63.0378
-67.0402
-70.042
-70.042
-72.0432
-74.0444
-71.0426
-72.0432
-76.0456
-77.0462
-71.0426
-62.0372
-56.0336
-52.0312
-41.0246
-32.0192
-23.0138
-16.0096
-18.0108
-21.0126
-27.0162
-33.0198
-34.0204
-31.0186
-26.0156
-16.0096
-10.006
-1.0006
9.0054
17.0102
36.0216
52.0312
64.0384
70.042
68.0408
69.0414
70.042
67.0402
66.0396
70.042
71.0426
78.0468
81.0486
84.0504
95.057
103.062
111.067
112.067
108.065
102.061
93.0558
85.051
76.0456
69.0414
64.0384
65.039
66.0396
76.0456
88.0528
93.0558
104.062
106.064
94.0564
79.0474
61.0366
49.0294
40.024
32.0192
24.0144
20.012
19.0114
19.0114
13.0078
5.003
0
-6.0036
-8.0048
-9.0054
-14.0084
-17.0102
-23.0138
-34.0204
-48.0288
-61.0366
-68.0408
-69.0414
-68.0408
-69.0414
-68.0408
-69.0414
-65.039
-58.0348
-54.0324
-47.0282
-46.0276
-47.0282
-49.0294
-63.0378
-80.048
-93.0558
-105.063
-108.065
-113.068
-117.07
-117.07
-116.07
-117.07
-117.07
-116.07
-112.067
-107.064
-104.062
-97.0582
-95.057
-94.0564
-94.0564
-97.0582
-94.0564
-94.0564
-97.0582
-92.0552
-89.0534
-88.0528
-89.0534
-93.0558
-96.0576
-90.054
-84.0504
-71.0426
-52.0312
-34.0204
-14.0084
-2.0012
6.0036
10.006
7.0042
2.0012
1.0006
11.0066
24.0144
39.0234
55.033
72.0432
86.0516
93.0558
95.057
99.0594
105.063
112.067
120.072
132.079
148.089
158.095
167.1
171.103
167.1
165.099
161.097
157.094
155.093
153.092
151.091
150.09
148.089
146.088
141.085
132.079
122.073
111.067
97.0582
83.0498
69.0414
61.0366
58.0348
56.0336
53.0318
52.0312
51.0306
47.0282
35.021
18.0108
-3.0018
-22.0132
-39.0234
-55.033
-68.0408
-80.048
-88.0528
-95.057
-107.064
-115.069
-122.073
-129.077
-130.078
-126.076
-116.07
-105.063
-97.0582
-89.0534
-87.0522
-88.0528
-93.0558
-103.062
-111.067
-117.07
-123.074
-122.073
-117.07
-110.066
-93.0558
-73.0438
-54.0324
-36.0216
-23.0138
-12.0072
-6.0036
-2.0012
-1.0006
-6.0036
-14.0084
-20.012
-27.0162
-33.0198
-36.0216
-35.021
-29.0174
-21.0126
-12.0072
0
9.0054
19.0114
30.018
39.0234
49.0294
57.0342
64.0384
67.0402
64.0384
56.0336
44.0264
33.0198
24.0144
21.0126
26.0156
36.0216
53.0318
69.0414
80.048
87.0522
86.0516
78.0468
65.039
56.0336
54.0324
49.0294
47.0282
49.0294
51.0306
49.0294
47.0282
40.024
33.0198
30.018
29.0174
31.0186
34.0204
40.024
42.0252
41.0246
34.0204
26.0156
21.0126
17.0102
16.0096
14.0084
10.006
7.0042
4.0024
0
-8.0048
-17.0102
-23.0138
-27.0162
-28.0168
-32.0192
-39.0234
-50.03
-62.0372
-71.0426
-74.0444
-71.0426
-68.0408
-62.0372
-58.0348
-61.0366
-66.0396
-77.0462
-90.054
-102.061
-111.067
-112.067
-110.066
-106.064
-99.0594
-91.0546
-81.0486
-76.0456
-64.0384
-51.0306
-40.024
-31.0186
-27.0162
-23.0138
-22.0132
-22.0132
-26.0156
-35.021
-38.0228
-40.024
-35.021
-31.0186
-28.0168
-23.0138
-14.0084
-2.0012
9.0054
19.0114
33.0198
45.027
53.0318
60.036
57.0342
52.0312
51.0306
50.03
53.0318
60.036
68.0408
83.0498
90.054
94.0564
101.061
101.061
105.063
110.066
112.067
117.07
121.073
119.071
116.07
109.065
100.06
98.0588
99.0594
104.062
113.068
117.07
122.073
119.071
112.067
106.064
100.06
96.0576
95.057
87.0522
76.0456
59.0354
35.021
13.0078
-4.0024
-13.0078
-17.0102
-22.0132
-29.0174
-39.0234
-53.0318
-67.0402
-81.0486
-94.0564
-102.061
-105.063
-104.062
-101.061
-105.063
-109.065
-110.066
-112.067
-113.068
-112.067
-114.068
-116.07
-120.072
-127.076
-130.078
-137.082
-140.084
-138.083
-138.083
-131.079
-126.076
-125.075
-123.074
-125.075
-126.076
-118.071
-108.065
-94.0564
-81.0486
-69.0414
-55.033
-46.0276
-38.0228
-27.0162
-17.0102
-5.003
10.006
18.0108
25.015
33.0198
38.0228
43.0258
45.027
45.027
48.0288
46.0276
41.0246
39.0234
37.0222
46.0276
55.033
65.039
74.0444
77.0462
83.0498
92.0552
95.057
96.0576
97.0582
100.06
105.063
104.062
103.062
103.062
103.062
105.063
107.064
105.063
100.06
98.0588
91.0546
83.0498
74.0444
65.039
63.0378
57.0342
55.033
54.0324
56.0336
60.036
60.036
57.0342
54.0324
53.0318
49.0294
46.0276
34.0204
21.0126
14.0084
5.003
1.0006
-4.0024
-7.0042
-8.0048
-13.0078
-22.0132
-34.0204
-49.0294
-62.0372
-75.045
-84.0504
-90.054
-90.054
-91.0546
-89.0534
-91.0546
-95.057
-98.0588
-103.062
-107.064
-113.068
-117.07
