SAMPLES: 8599
BITSPERSAMPLE:	16
CHANNELS:	1
SAMPLERATE:	16000
NORMALIZED:	FALSE
-206.548
-213.14
-205.449
-177.983
-162.602
-169.194
-174.687
-176.884
-166.996
-158.207
-112.063
-97.7807
-91.1887
-98.8794
-102.175
-76.9062
-53.8343
-49.4397
-39.5517
-27.4665
-26.3678
-29.6638
-38.4531
-17.5786
17.5786
35.1571
39.5517
45.045
34.0584
51.637
61.5249
93.3861
112.063
76.9062
64.8209
59.3276
85.6955
106.57
95.5834
91.1887
91.1887
103.274
115.359
126.346
152.714
160.404
159.306
154.911
158.207
158.207
150.516
159.306
163.7
161.503
138.431
119.754
117.557
137.332
145.023
130.74
98.8794
68.1169
74.7089
75.8075
67.0182
36.2558
3.29598
0
-20.8745
-40.6504
-68.1169
-95.5834
-108.767
-109.866
-109.866
-124.149
-160.404
-190.068
-203.252
-193.364
-173.588
-192.265
-187.871
-198.857
-187.871
-190.068
-202.153
-176.884
-166.996
-138.431
-149.418
-151.615
-157.108
-164.799
-150.516
-112.063
-71.4129
-74.7089
-109.866
-116.458
-71.4129
-14.2826
10.9866
5.4933
3.29598
-15.3812
-5.4933
-9.88794
35.1571
70.3142
71.4129
75.8075
53.8343
52.7357
34.0584
49.4397
109.866
164.799
168.095
115.359
68.1169
69.2156
109.866
153.812
173.588
173.588
145.023
104.373
87.8928
95.5834
129.642
156.01
165.898
158.207
125.247
78.0048
53.8343
82.3995
136.234
163.7
118.655
47.2424
6.59196
9.88794
34.0584
47.2424
54.933
42.8477
12.0853
-28.5652
-51.637
-40.6504
-23.0719
2.19732
5.4933
-19.7759
-65.9196
-117.557
-116.458
-82.3995
-57.1303
-62.6236
-93.3861
-113.162
-135.135
-139.53
-129.642
-120.853
-98.8794
-112.063
-124.149
-124.149
-140.628
-139.53
-127.445
-112.063
-107.669
-106.57
-90.0901
-61.5249
-40.6504
-80.2022
-102.175
-99.978
-72.5115
-7.69062
19.7759
23.0719
-8.78928
-47.2424
-41.7491
-15.3812
-1.09866
9.88794
48.341
70.3142
35.1571
-10.9866
-28.5652
27.4665
84.5968
82.3995
68.1169
59.3276
46.1437
29.6638
56.0316
107.669
112.063
91.1887
61.5249
74.7089
107.669
79.1035
74.7089
86.7941
104.373
123.05
115.359
109.866
107.669
110.965
116.458
132.938
143.924
132.938
118.655
106.57
114.261
126.346
118.655
103.274
103.274
103.274
94.4847
83.4981
61.5249
50.5383
54.933
58.229
51.637
28.5652
-14.2826
-41.7491
-47.2424
-39.5517
-47.2424
-62.6236
-81.3008
-97.7807
-107.669
-127.445
-128.543
-126.346
-135.135
-137.332
-150.516
-159.306
-176.884
-208.745
-204.351
-177.983
-191.167
-218.633
-230.719
-237.31
-232.916
-231.817
-227.423
-206.548
-193.364
-223.028
-223.028
-183.476
-182.377
-198.857
-184.575
-117.557
-86.7941
-141.727
-176.884
-162.602
-98.8794
-119.754
-117.557
-17.5786
40.6504
58.229
-5.4933
23.0719
107.669
124.149
177.983
284.553
391.123
342.782
231.817
227.423
296.638
357.064
362.558
405.405
449.352
363.656
240.606
208.745
276.862
319.71
307.625
293.342
240.606
132.938
1.09866
-26.3678
35.1571
50.5383
0
-68.1169
-120.853
-185.673
-226.324
-201.055
-130.74
-79.1035
-74.7089
-87.8928
-101.077
-102.175
-73.6102
-1.09866
87.8928
130.74
117.557
87.8928
67.0182
106.57
129.642
219.732
285.652
192.265
175.786
121.951
140.628
91.1887
8.78928
47.2424
84.5968
71.4129
-113.162
-187.871
-232.916
-259.284
-268.073
-282.356
-219.732
-284.553
-377.939
-388.926
-370.248
-329.598
-352.67
-287.849
-193.364
-230.719
-255.988
-340.584
-277.961
-208.745
-185.673
-97.7807
-140.628
-181.279
-209.844
-205.449
-164.799
-184.575
-198.857
-204.351
-195.561
-208.745
-227.423
-218.633
-281.257
-288.947
-258.185
-206.548
-170.292
-156.01
-51.637
35.1571
59.3276
42.8477
82.3995
177.983
257.086
348.275
449.352
516.37
490.002
431.773
465.832
540.541
613.052
651.505
700.945
721.819
665.788
604.263
535.047
541.639
553.724
533.949
481.213
375.742
261.481
138.431
91.1887
85.6955
79.1035
64.8209
10.9866
-54.933
-113.162
-125.247
-88.9914
-49.4397
-10.9866
21.9732
13.1839
-8.78928
-23.0719
-2.19732
51.637
92.2874
114.261
106.57
92.2874
81.3008
83.4981
158.207
243.902
209.844
102.175
-4.39464
12.0853
53.8343
37.3544
-10.9866
-51.637
-123.05
-308.723
-439.464
-469.128
-424.083
-404.307
-426.28
-457.042
-552.626
-691.057
-736.102
-640.519
-525.159
-521.863
-607.559
-659.196
-662.492
-622.94
-549.33
-454.845
-386.728
-366.952
-383.432
-364.755
-332.894
-274.665
-188.969
-121.951
-79.1035
-106.57
-137.332
-142.826
-83.4981
-28.5652
-28.5652
-42.8477
-96.682
-102.175
-125.247
-127.445
-102.175
-93.3861
-113.162
-196.66
-231.817
-239.508
-216.436
-93.3861
79.1035
209.844
214.239
159.306
214.239
361.459
509.778
647.111
819.6
903.098
851.461
778.95
767.963
867.941
953.637
1038.23
1101.96
1070.09
940.453
789.936
775.654
855.856
910.789
878.928
732.806
531.751
336.19
207.647
173.588
151.615
112.063
38.4531
-52.7357
-151.615
-234.015
-234.015
-165.898
-54.933
-2.19732
-28.5652
-91.1887
-173.588
-176.884
-98.8794
13.1839
84.5968
70.3142
12.0853
-59.3276
-97.7807
-105.471
-94.4847
-75.8075
-109.866
-196.66
-362.558
-551.527
-698.748
-754.779
-747.089
-724.017
-662.492
-698.748
-878.928
-1117.34
-1150.3
-966.82
-743.793
-664.689
-676.774
-680.07
-743.793
-816.304
-781.147
-563.612
-335.091
-190.068
-160.404
-175.786
-265.876
-297.737
-151.615
145.023
349.374
276.862
108.767
-80.2022
-92.2874
-40.6504
126.346
237.31
198.857
83.4981
-59.3276
-52.7357
-5.4933
114.261
204.351
218.633
141.727
12.0853
-57.1303
-3.29598
113.162
215.337
180.18
42.8477
-83.4981
-114.261
-37.3544
15.3812
57.1303
-46.1437
-221.929
-424.083
-492.2
-232.916
294.441
965.722
1245.88
839.376
48.341
-213.14
540.541
1580.97
2169.85
2284.11
2062.18
1399.69
410.899
37.3544
811.909
1850.14
2262.14
1994.07
1353.55
304.329
-704.241
-658.097
509.778
1499.67
1190.95
4.39464
-1101.96
-1715.01
-1768.84
-1149.2
-237.31
75.8075
-430.675
-1178.86
-1583.17
-1591.96
-1271.15
-537.245
266.974
540.541
80.2022
-653.702
-1065.7
-859.152
-108.767
688.86
1027.25
678.972
-42.8477
-557.02
-535.047
-97.7807
353.768
481.213
198.857
-359.262
-969.018
-1386.51
-1431.55
-1126.13
-729.51
-577.895
-840.475
-1349.15
-1751.26
-1707.32
-1148.1
-413.096
28.5652
-95.5834
-465.832
-620.743
-533.949
-94.4847
658.097
1218.41
1234.89
787.739
426.28
582.29
842.672
1011.87
1329.38
1519.45
1192.05
528.455
75.8075
115.359
395.517
560.316
600.967
461.437
-67.0182
-658.097
-782.246
-376.84
88.9914
129.642
-180.18
-600.967
-795.43
-721.819
-495.495
-149.418
-6.59196
-60.4263
-193.364
-338.387
-295.539
-142.826
62.6236
351.571
511.975
393.32
71.4129
-148.319
-73.6102
156.01
329.598
297.737
87.8928
-217.535
-511.975
-499.89
-207.647
-49.4397
-315.315
-610.855
-492.2
-240.606
-199.956
-232.916
519.666
1331.58
815.205
-352.67
-342.782
1022.85
1674.36
1231.6
1274.45
1905.08
1244.78
-348.275
-291.145
1352.45
2001.76
1177.76
923.973
1268.95
419.688
-951.439
-625.137
1003.08
1445.84
266.974
-586.684
-710.833
-1123.93
-1528.24
-907.493
72.5115
-43.9464
-962.426
-1435.95
-1310.7
-1322.79
-1289.83
-704.241
-58.229
-73.6102
-636.124
-1052.52
-1122.83
-862.448
-368.051
138.431
355.966
56.0316
-436.168
-694.353
-469.128
39.5517
403.208
440.563
238.409
-10.9866
-286.75
-436.168
-331.795
90.0901
407.603
253.79
-41.7491
-214.239
-307.625
-424.083
-258.185
196.66
435.069
96.682
-317.513
-254.889
-74.7089
36.2558
201.055
396.616
341.683
30.7625
-106.57
86.7941
340.584
462.536
495.495
454.845
319.71
149.418
102.175
260.382
402.109
524.061
499.89
295.539
140.628
38.4531
108.767
242.804
314.217
254.889
-6.59196
-293.342
-376.84
-221.929
-102.175
-117.557
-177.983
-308.723
-441.661
-572.402
-483.41
-284.553
-182.377
-199.956
-401.011
-380.136
-418.589
-558.119
-676.774
-632.828
-418.589
-630.631
-871.237
-457.042
629.532
1118.44
484.509
-141.727
1.09866
610.855
941.551
1429.36
2234.67
2214.9
1018.46
-81.3008
17.5786
564.711
786.64
1222.81
1798.51
1431.55
-62.6236
-1141.51
-733.905
324.105
887.717
852.56
405.405
-585.586
-1574.38
-1652.38
-859.152
-95.5834
53.8343
-123.05
-395.517
-818.501
-1141.51
-943.749
-225.225
459.24
730.609
483.41
-164.799
-713.03
-752.582
-226.324
530.653
910.789
669.084
69.2156
-465.832
-547.132
-250.494
114.261
293.342
184.575
-165.898
-692.156
-1073.39
-1079.98
-774.555
-373.544
-99.978
-117.557
-524.061
-992.09
-863.546
-202.153
335.091
336.19
172.49
140.628
-57.1303
-246.1
2.19732
589.98
719.622
316.414
48.341
91.1887
147.22
86.7941
301.033
576.796
391.123
-2.19732
-201.055
-50.5383
45.045
-85.6955
-147.22
-209.844
-220.831
-319.71
-353.768
-234.015
-206.548
-226.324
-317.513
-262.58
-234.015
-258.185
-231.817
-158.207
-50.5383
-190.068
-307.625
-318.611
-240.606
-109.866
-127.445
-150.516
-224.127
-325.203
-277.961
-260.382
-241.705
-259.284
-328.499
-392.221
-578.994
-605.361
-147.22
854.757
1500.77
1266.75
596.572
171.391
418.589
961.327
1776.53
2547.79
2630.19
1820.48
711.931
207.647
358.163
954.735
1817.18
2415.95
2076.47
756.976
-539.442
-848.165
-148.319
882.224
1334.87
832.784
-413.096
-1664.47
-2085.26
-1640.3
-823.995
-231.817
-203.252
-669.084
-1333.77
-1766.64
-1646.89
-1029.44
-247.198
323.006
305.427
-269.172
-949.242
-1197.54
-755.878
81.3008
702.044
709.734
185.673
-452.648
-721.819
-515.271
-86.7941
204.351
169.194
-212.041
-780.048
-1252.47
-1375.52
-1116.24
-726.214
-386.728
-234.015
-218.633
-583.388
-921.775
-731.707
-47.2424
733.905
885.52
593.276
304.329
218.633
216.436
459.24
827.291
911.887
793.232
506.482
413.096
457.042
208.745
6.59196
206.548
515.271
563.612
261.481
-177.983
-416.392
-417.491
-275.764
-46.1437
53.8343
-51.637
-148.319
-180.18
-185.673
-220.831
-210.943
-161.503
-15.3812
166.996
173.588
4.39464
-215.337
-287.849
-236.212
-147.22
-128.543
-188.969
-377.939
-537.245
-516.37
-461.437
-603.164
-874.533
-827.291
-527.357
-257.086
16.4799
485.608
897.605
714.129
310.921
444.957
1059.11
1504.07
1730.39
2130.3
2244.56
1566.69
653.702
483.41
1060.21
1528.24
1676.55
1679.85
1218.41
135.135
-737.201
-622.94
36.2558
318.611
21.9732
-562.514
-1349.15
-2053.39
-2179.74
-1629.31
-974.511
-773.456
-963.525
-1237.09
-1488.68
-1517.25
-1106.35
-385.63
307.625
535.047
295.539
-93.3861
-302.131
-29.6638
552.626
1141.51
1382.11
1118.44
562.514
58.229
-25.2692
227.423
427.379
357.064
19.7759
-446.056
-1014.06
-1459.02
-1490.88
-1104.15
-704.241
-610.855
-709.734
-959.13
-1195.34
-1038.23
-217.535
573.5
796.528
540.541
337.289
431.773
544.935
861.349
1355.75
1671.06
1441.44
1048.12
804.219
751.483
770.16
900.901
1105.25
878.928
236.212
-379.038
-543.837
-380.136
-186.772
-221.929
-486.706
-883.322
-1126.13
-981.103
-618.545
-272.468
-166.996
-282.356
-458.141
-530.653
-430.675
-156.01
107.669
220.831
146.122
-128.543
-458.141
-595.474
-484.509
-286.75
-185.673
-406.504
-786.64
-1098.66
-1171.17
-1089.87
-943.749
-793.232
-735.003
-781.147
-970.116
-654.801
130.74
776.752
716.326
342.782
559.218
1067.9
1404.09
1607.34
2147.88
2453.31
1905.08
1190.95
1164.58
1656.78
1842.45
1805.1
1955.61
1742.47
784.443
-191.167
-270.27
284.553
409.8
50.5383
-432.872
-1010.77
-1678.75
-1980.88
-1586.46
-1039.33
-866.842
-1055.81
-1219.51
-1273.35
-1275.54
-1017.36
-433.971
218.633
505.383
382.334
157.108
39.5517
166.996
530.653
985.498
1221.71
1008.57
491.101
69.2156
-35.1571
47.2424
80.2022
-5.4933
-259.284
-648.209
-1038.23
-1241.49
-1147
-1000.88
-867.941
-827.291
-853.659
-867.941
-865.744
-647.111
-221.929
214.239
379.038
308.723
188.969
160.404
328.499
573.5
808.613
832.784
574.599
292.243
171.391
236.212
310.921
273.566
154.911
-87.8928
-348.275
-481.213
-477.917
-444.957
-483.41
-561.415
-605.361
-569.106
-507.581
-395.517
-282.356
-184.575
-132.938
-128.543
-39.5517
91.1887
262.58
328.499
408.701
439.464
381.235
229.62
37.3544
79.1035
31.8611
-132.938
-387.827
-562.514
-596.572
-744.891
-893.21
-871.237
-739.398
-766.864
-709.734
-84.5968
700.945
806.416
163.7
9.88794
895.408
1655.68
1754.56
1847.95
2433.53
2501.65
1593.06
1088.77
1736.98
2462.1
2197.32
1857.83
2096.24
1831.47
584.487
-202.153
419.688
1041.53
437.267
-498.791
-845.968
-1154.69
-1812.79
-1990.77
-1348.06
-951.439
-1406.28
-1813.89
-1571.08
-1316.19
-1382.11
-1221.71
-592.178
-51.637
17.5786
-49.4397
2.19732
76.9062
221.929
570.204
980.004
1103.05
814.107
385.63
141.727
118.655
159.306
24.1705
-223.028
-510.877
-894.309
-1041.53
-1171.17
-1334.87
-1540.32
-1754.56
-1569.98
-1310.7
-1311.8
-1456.82
-1308.5
-1006.37
-720.721
-464.733
-185.673
163.7
279.06
383.432
621.841
717.425
683.366
595.474
661.393
861.349
747.089
461.437
174.687
17.5786
46.1437
2.19732
-81.3008
-212.041
-424.083
-576.796
-596.572
-503.186
-420.787
-396.616
-348.275
-245.001
-124.149
-130.74
-157.108
-19.7759
182.377
365.854
405.405
312.019
291.145
312.019
276.862
265.876
204.351
19.7759
-175.786
-251.593
-80.2022
103.274
-8.78928
-134.036
20.8745
531.751
989.892
952.538
792.134
838.277
1120.63
1383.21
1622.72
2027.03
2286.31
1973.19
1410.68
1284.33
1532.63
1730.39
1852.34
2151.18
2233.58
1564.49
648.209
298.835
516.37
631.729
402.109
61.5249
-551.527
-1451.33
-2043.51
-1920.46
-1479.89
-1398.59
-1629.31
-1786.42
-1909.47
-2068.78
-2006.15
-1556.8
-1012.96
-721.819
-631.729
-587.783
-594.375
-553.724
-288.947
223.028
648.209
724.017
511.975
214.239
26.3678
0
58.229
98.8794
14.2826
-333.993
-828.389
-1262.36
-1408.48
-1307.4
-1316.19
-1396.4
-1419.47
-1428.26
-1551.31
-1663.37
-1440.34
-911.887
-493.298
-315.315
-197.759
-85.6955
97.7807
470.226
1023.95
1477.7
1472.2
1182.16
1053.61
1170.07
1361.24
1418.37
1314
1061.31
726.214
448.253
291.145
181.279
-6.59196
-174.687
-327.401
-457.042
-563.612
-720.721
-795.43
-731.707
-509.778
-303.23
-317.513
-509.778
-583.388
-425.181
-207.647
78.0048
188.969
127.445
-2.19732
-116.458
30.7625
114.261
-3.29598
-116.458
-127.445
-48.341
-34.0584
-104.373
-41.7491
339.486
793.232
1111.84
970.116
480.114
409.8
875.632
1585.37
2045.7
2074.27
1871.02
1443.64
967.919
950.341
1472.2
1992.97
2129.2
1860.03
1386.51
784.443
162.602
52.7357
529.554
939.354
686.662
-198.857
-1150.3
-1739.18
-1802.9
-1444.74
-961.327
-831.685
-1260.16
-1801.8
-2065.48
-1869.92
-1386.51
-869.04
-415.293
-234.015
-329.598
-528.455
-526.258
-223.028
282.356
795.43
992.09
780.048
275.764
-149.418
-198.857
107.669
432.872
402.109
-104.373
-859.152
-1371.13
-1480.99
-1316.19
-1177.76
-1210.72
-1364.54
-1527.14
-1672.16
-1704.02
-1470.01
-1064.6
-617.447
-357.064
-321.907
-359.262
-299.934
15.3812
517.469
954.735
1086.57
936.058
716.326
707.537
900.901
1095.36
1151.4
988.794
741.595
538.343
418.589
346.078
264.777
179.082
54.933
-114.261
-349.374
-519.666
-543.837
-450.45
-287.849
-243.902
-297.737
-452.648
-550.428
-471.325
-286.75
-116.458
-75.8075
-136.234
-251.593
-313.118
-341.683
-353.768
-355.966
-323.006
-226.324
-154.911
-37.3544
282.356
647.111
806.416
577.895
343.88
540.541
1076.69
1638.1
1916.06
1976.49
1742.47
1266.75
841.573
903.098
1511.76
2095.14
2281.92
2017.14
1473.3
815.205
381.235
552.626
1138.21
1434.85
975.61
64.8209
-694.353
-1078.88
-1088.77
-793.232
-448.253
-479.016
-987.695
-1512.85
-1711.71
-1607.34
-1342.56
-929.466
-458.141
-288.947
-548.231
-906.394
-958.031
-606.46
-50.5383
465.832
721.819
557.02
96.682
-251.593
-198.857
163.7
432.872
279.06
-277.961
-923.973
-1315.1
-1433.75
-1417.27
-1386.51
-1390.9
-1550.21
-1895.19
-2140.19
-2106.13
-1816.08
-1438.15
-1065.7
-764.667
-614.151
-663.59
-610.855
-145.023
452.648
867.941
987.695
927.269
899.802
947.045
1097.56
1329.38
1448.03
1374.42
1171.17
941.551
791.035
684.465
547.132
390.024
236.212
98.8794
-93.3861
-373.544
-596.572
-633.927
-529.554
-468.029
-500.989
-509.778
-541.639
-532.85
-474.621
-328.499
-184.575
-205.449
-198.857
-78.0048
25.2692
35.1571
29.6638
-9.88794
-52.7357
-34.0584
202.153
774.555
1294.22
1431.55
1288.73
906.394
681.169
876.73
1388.71
2052.3
2388.49
2183.04
1507.36
693.254
186.772
448.253
1172.27
1709.51
1789.72
1252.47
485.608
-145.023
-296.638
198.857
795.43
852.56
304.329
-515.271
-1241.49
-1560.1
-1331.58
-738.299
-285.652
-383.432
-848.165
-1297.52
-1518.35
-1342.56
-792.134
-153.812
153.812
-21.9732
-420.787
-680.07
-666.886
-357.064
170.292
577.895
630.631
329.598
-56.0316
-221.929
-188.969
-65.9196
40.6504
-30.7625
-349.374
-809.712
-1250.27
-1498.57
-1572.18
-1584.27
-1646.89
-1771.04
-1862.23
-1908.37
-1838.06
-1655.68
-1348.06
-1023.95
-821.797
-617.447
-394.419
-153.812
61.5249
247.198
486.706
706.438
803.12
848.165
886.618
914.085
956.933
969.018
936.058
847.067
775.654
736.102
667.985
486.706
263.678
74.7089
-128.543
-237.31
-285.652
-317.513
-387.827
-547.132
-553.724
-431.773
-374.643
-395.517
-496.594
-497.693
-398.813
-161.503
86.7941
228.521
177.983
-67.0182
-149.418
-202.153
15.3812
477.917
1217.31
2019.34
2127.01
1532.63
647.111
382.334
996.484
2081.96
3038.89
3289.39
2607.12
1233.79
138.431
46.1437
908.592
2002.86
2578.55
2348.93
1239.29
-163.7
-950.341
-650.407
417.491
1243.68
1127.22
-30.7625
-1560.1
-2503.85
-2346.74
-1345.86
-395.517
-107.669
-599.868
-1446.93
-2007.25
-1934.74
-1219.51
-303.23
321.907
472.424
102.175
-573.5
-1038.23
-867.941
-68.1169
839.376
1234.89
1006.37
288.947
-357.064
-376.84
80.2022
593.276
600.967
131.839
-522.962
-1121.73
-1463.41
-1472.2
-1305.21
-1278.84
-1463.41
-1817.18
-2069.87
-2255.55
-2304.99
-2014.94
-1621.62
-1345.86
-1300.81
-1365.63
-1270.05
-1012.96
-607.559
-90.0901
321.907
485.608
507.581
577.895
751.483
1031.64
1244.78
1352.45
1289.83
1090.97
970.116
885.52
797.627
651.505
458.141
209.844
-50.5383
-156.01
-187.871
-304.329
-586.684
-817.403
-784.443
-678.972
-626.236
-581.191
-504.285
-510.877
-574.599
-568.007
-330.697
31.8611
203.252
299.934
268.073
145.023
220.831
789.936
1831.47
2673.04
2688.42
1892.99
1069
883.322
1607.34
2808.17
3624.48
3589.32
2597.23
1254.67
294.441
271.369
1204.13
2370.91
2890.57
2210.5
782.246
-538.343
-1137.11
-669.084
437.267
1206.33
793.232
-733.905
-2268.73
-2879.59
-2529.11
-1697.43
-817.403
-439.464
-906.394
-1782.03
-2285.21
-1996.26
-1144.8
-208.745
515.271
774.555
327.401
-461.437
-853.659
-537.245
270.27
1039.33
1335.97
972.314
264.777
-416.392
-705.339
-362.558
142.826
368.051
35.1571
-742.694
-1505.16
-1851.24
-1834.76
-1537.02
-1159.09
-1145.9
-1424.96
-1935.84
-2266.53
-2059.99
-1597.45
-1087.67
-706.438
-705.339
-891.013
-1011.87
-895.408
-411.997
125.247
506.482
721.819
710.833
564.711
552.626
715.227
989.892
1199.74
1133.82
922.874
618.545
270.27
154.911
209.844
214.239
82.3995
-205.449
-457.042
-573.5
-639.42
-676.774
-753.681
-837.179
-820.699
-771.259
-785.542
-778.95
-756.976
-819.6
-1011.87
-1160.18
-906.394
-585.586
-121.951
841.573
2089.65
2540.1
1421.67
290.046
737.201
2419.25
3695.89
4122.17
4293.56
3798.07
2062.18
206.548
425.181
2420.35
3785.98
3573.94
2618.11
1579.87
106.57
-1054.71
-264.777
1775.43
2634.59
1254.67
-767.963
-1885.3
-2284.11
-2194.02
-1346.96
-116.458
67.0182
-1163.48
-2426.94
-2641.18
-2095.14
-1348.06
-421.885
503.186
674.577
-138.431
-944.847
-985.498
-283.454
646.012
1357.94
1656.78
1255.77
414.195
-247.198
-149.418
493.298
909.69
819.6
192.265
-652.604
-1415.07
-1878.71
-1855.64
-1494.18
-1375.52
-1725.99
-2223.69
-2640.08
-2722.48
-2626.9
-2319.27
-1710.61
-1361.24
-1491.98
-1734.78
-1734.78
-1345.86
-822.896
-419.688
-143.924
-106.57
-292.243
-240.606
229.62
822.896
1182.16
1085.48
864.645
808.613
858.053
989.892
1100.86
954.735
639.42
407.603
257.086
250.494
130.74
-139.53
-195.561
-266.974
-416.392
-650.407
-883.322
-921.775
-861.349
-736.102
-555.922
-525.159
-871.237
-1205.23
-1176.66
-730.609
-80.2022
583.388
1393.1
2087.45
1829.27
777.851
325.203
1308.5
2981.76
3892.55
3901.34
3555.26
2706
1246.98
461.437
1493.08
3370.69
4076.03
3092.73
1763.35
728.411
-262.58
-531.751
629.532
2125.91
1983.08
57.1303
-1745.77
-2294
-2097.34
-1590.86
-656.998
112.063
-312.019
-1686.44
-2573.06
-2255.55
-1450.23
-694.353
93.3861
635.025
402.109
-417.491
-892.112
-524.061
302.131
1040.43
1491.98
1463.41
859.152
47.2424
-399.912
-120.853
402.109
588.882
274.665
-557.02
-1507.36
-2206.11
-2415.95
-2057.79
-1569.98
-1562.29
-2039.11
-2671.94
-3059.77
-2954.3
-2549.99
-1886.4
-1221.71
-1109.65
-1432.65
-1665.57
-1428.26
-771.259
-163.7
282.356
618.545
649.308
414.195
371.347
678.972
1106.35
1316.19
1242.58
1114.04
941.551
703.142
535.047
552.626
572.402
477.917
324.105
139.53
-8.78928
-165.898
-258.185
-188.969
-176.884
-327.401
-530.653
-625.137
-538.343
-474.621
-447.154
-524.061
-611.953
-681.169
-737.201
-525.159
-209.844
141.727
729.51
1448.03
1954.52
1727.09
987.695
805.318
1454.63
2388.49
3079.54
3373.98
3124.59
2148.98
911.887
513.074
1376.62
2540.1
2994.95
2644.47
1798.51
687.761
-184.575
-112.063
902
1687.54
1238.19
-64.8209
-1240.39
-1849.04
-1916.06
-1520.54
-875.632
-527.357
-918.479
-1689.74
-2155.57
-2018.24
-1463.41
-753.681
-83.4981
251.593
52.7357
-407.603
-630.631
-362.558
262.58
852.56
1167.88
1076.69
624.039
98.8794
-142.826
-73.6102
162.602
271.369
-14.2826
-546.034
-1234.89
-1809.49
-1983.08
-1864.43
-1705.12
-1673.26
-1896.29
-2292.9
-2591.74
-2662.05
-2322.57
-1716.11
-1311.8
-1159.09
-1195.34
-1259.06
-1015.16
-565.81
-73.6102
340.584
516.37
538.343
608.657
754.779
974.511
1186.55
1175.57
1136.01
1085.48
1008.57
964.623
802.022
624.039
406.504
257.086
121.951
92.2874
147.22
64.8209
-38.4531
-284.553
-502.087
-662.492
-672.38
-520.765
-330.697
-183.476
-266.974
-426.28
-655.9
-765.766
-596.572
-294.441
242.804
863.546
1367.83
1541.42
1238.19
861.349
803.12
1320.59
2096.24
2735.66
2941.11
2514.83
1713.91
940.453
740.497
1223.91
1900.68
2290.71
2105.03
1344.76
351.571
-271.369
-115.359
632.828
1245.88
1017.36
51.637
-1087.67
-1785.32
-1752.36
-1235.99
-633.927
-459.24
-817.403
-1337.07
-1683.15
-1641.4
-1208.53
-548.231
79.1035
377.939
263.678
-13.1839
-196.66
-60.4263
451.549
1066.8
1420.57
1330.48
929.466
555.922
385.63
277.961
269.172
262.58
58.229
-352.67
-941.551
-1434.85
-1702.92
-1830.37
-1862.23
-1802.9
-1867.72
-2102.83
-2389.58
-2603.82
-2466.49
-2050.1
-1677.65
-1459.02
-1412.88
-1461.22
-1330.48
-1041.53
-642.716
-183.476
48.341
96.682
171.391
331.795
599.868
830.587
929.466
1044.83
1166.78
1138.21
1019.56
836.08
640.519
551.527
466.93
397.715
349.374
195.561
-17.5786
-171.391
-234.015
-273.566
-422.984
-647.111
-727.313
-642.716
-520.765
-525.159
-600.967
-661.393
-636.124
-518.567
-270.27
263.678
866.842
1417.27
1660.07
1505.16
1186.55
1066.8
1457.92
2278.62
3061.96
3280.6
2872.99
2025.93
1242.58
1012.96
1412.88
2150.08
2586.24
2252.25
1355.75
340.584
-299.934
-228.521
379.038
947.045
763.568
-225.225
-1456.82
-2153.37
-2053.39
-1454.63
-807.515
-593.276
-944.847
-1597.45
-2053.39
-1933.64
-1231.6
-375.742
266.974
441.661
121.951
-326.302
-563.612
-252.692
532.85
1277.74
1622.72
1301.91
753.681
392.221
226.324
403.208
675.676
783.344
464.733
-324.105
-1156.89
-1515.05
-1552.41
-1550.21
-1476.6
-1541.42
-1751.26
-2129.2
-2567.57
-2611.51
-2280.82
-1913.87
-1532.63
-1318.39
-1416.17
-1554.6
-1548.01
-1167.88
-495.495
-54.933
57.1303
47.2424
-25.2692
65.9196
424.083
785.542
1009.67
1072.29
993.188
949.242
897.605
714.129
695.452
741.595
692.156
672.38
461.437
223.028
51.637
-97.7807
-70.3142
10.9866
-181.279
-574.599
-842.672
-886.618
-617.447
-452.648
-609.756
-771.259
-919.578
-850.363
-294.441
550.428
1449.13
1751.26
1234.89
673.478
756.976
1510.66
2476.38
3217.97
3438.8
3104.81
2213.8
1371.13
1333.77
2064.38
2996.04
3361.9
2927.93
1920.46
685.564
-134.036
-18.6772
808.613
1383.21
900.901
-425.181
-1811.69
-2595.03
-2548.89
-1912.77
-1220.61
-1051.42
-1571.08
-2335.75
-2734.56
-2534.61
-1896.29
-1070.09
-329.598
-32.9598
-231.817
-633.927
-818.501
-477.917
272.468
1099.76
1646.89
1517.25
931.663
425.181
232.916
516.37
944.847
1112.94
821.797
4.39464
-940.453
-1419.47
-1400.79
-1245.88
-1160.18
-1324.98
-1643.59
-1990.77
-2326.96
-2404.97
-2121.51
-1783.12
-1507.36
-1372.23
-1432.65
-1441.44
-1360.14
-1096.46
-533.949
6.59196
203.252
182.377
176.884
349.374
667.985
934.959
1097.56
1144.8
1025.05
904.197
973.412
1064.6
1001.98
714.129
393.32
246.1
224.127
163.7
49.4397
-87.8928
-232.916
-368.051
-564.711
-699.846
-831.685
-893.21
-786.64
-728.411
-798.726
-988.794
-1174.47
-1088.77
-597.671
295.539
1278.84
1651.29
984.399
168.095
258.185
1277.74
2509.34
3166.34
3347.62
3038.89
2032.52
954.735
963.525
2189.63
3465.17
3820.04
3301.47
2404.97
1242.58
271.369
398.813
1576.58
2417.05
1825.97
181.279
-1368.93
-2165.46
-2208.31
-1674.36
-903.098
-635.025
-1307.4
-2369.81
-2971.87
-2807.08
-2100.64
-1181.06
-353.768
68.1169
-125.247
-667.985
-967.919
-613.052
319.71
1273.35
1784.22
1618.33
1033.84
477.917
223.028
538.343
1119.53
1456.82
1116.24
125.247
-969.018
-1618.33
-1706.22
-1501.87
-1203.03
-1284.33
-1788.62
-2467.59
-3000.44
-3008.13
-2645.57
-2150.08
-1832.56
-1846.85
-2027.03
-2146.78
-2001.76
-1569.98
-962.426
-364.755
-24.1705
4.39464
-82.3995
8.78928
397.715
887.717
1212.92
1275.54
1120.63
885.52
794.331
881.125
1006.37
998.682
774.555
430.675
110.965
-57.1303
-165.898
-229.62
-298.835
-484.509
-688.86
-961.327
-1152.49
-1117.34
-1060.21
-1060.21
-1166.78
-1221.71
-1181.06
-878.928
65.9196
1370.03
2032.52
1328.28
255.988
338.387
1728.19
3121.29
3828.83
4129.86
3789.28
2486.27
950.341
925.071
2646.67
4225.44
4357.28
3468.47
2322.57
1092.07
171.391
604.263
2234.67
3238.85
2357.72
348.275
-1195.34
-1771.04
-1637
-1004.17
-268.073
-196.66
-1178.86
-2497.25
-3119.09
-2802.68
-1986.38
-1104.15
-504.285
-459.24
-933.861
-1499.67
-1551.31
-891.013
170.292
1120.63
1449.13
1109.65
508.679
106.57
228.521
853.659
1429.36
1429.36
788.838
-148.319
-880.026
-1192.05
-1232.7
-1140.41
-1067.9
-1433.75
-2125.91
-2707.1
-2976.27
-2808.17
-2477.48
-2237.97
-2102.83
-2253.35
-2573.06
-2565.37
-2200.62
-1638.1
-1116.24
-915.183
-898.704
-851.461
-665.788
-242.804
310.921
692.156
856.955
858.053
729.51
782.246
1020.65
1248.08
1408.48
1321.69
1089.87
863.546
641.617
516.37
516.37
421.885
195.561
-5.4933
-329.598
-656.998
-837.179
-881.125
-873.434
-1060.21
-1305.21
-1334.87
-1276.64
-1195.34
-430.675
1005.27
1721.6
867.941
-447.154
-154.911
1689.74
3069.66
3510.22
3887.06
3900.24
2651.07
963.525
975.61
3022.41
4685.78
4480.33
3531.09
2645.57
1438.15
293.342
610.855
2435.73
3597.01
2504.94
250.494
-1305.21
-1732.59
-1442.54
-754.779
-78.0048
-123.05
-1245.88
-2671.94
-3363
-3053.18
-2119.31
-1167.88
-626.236
-702.044
-1217.31
-1723.8
-1807.3
-1179.96
24.1705
1152.49
1433.75
908.592
254.889
15.3812
242.804
905.296
1584.27
1658.98
997.583
-195.561
-997.583
-1114.04
-978.906
-745.99
-678.972
-1188.75
-2059.99
-2758.73
-3035.6
-2703.8
-2291.8
-2105.03
-2035.82
-2386.29
-2784
-2621.4
-2111.62
-1473.3
-925.071
-793.232
-818.501
-794.331
-621.841
-16.4799
696.55
1049.22
1141.51
1022.85
804.219
794.331
1008.57
1274.45
1422.76
1249.18
900.901
695.452
547.132
469.128
441.661
221.929
-61.5249
-308.723
-560.316
-822.896
-993.188
-982.202
-958.031
-1085.48
-1318.39
-1399.69
-1324.98
-1320.59
-747.089
831.685
1925.95
1323.88
-206.548
-541.639
1020.65
2600.53
3234.45
3689.3
3944.19
2833.44
834.981
191.167
1910.57
4055.15
4370.47
3532.19
2674.14
1487.59
184.575
124.149
1854.54
3555.26
3123.49
1021.75
-811.909
-1461.22
-1277.74
-655.9
130.74
421.885
-321.907
-1768.84
-2854.32
-2898.26
-2154.47
-1195.34
-505.383
-373.544
-699.846
-1267.85
-1722.7
-1465.61
-354.867
1022.85
1677.65
1335.97
651.505
206.548
169.194
650.407
1421.67
1884.2
1573.28
421.885
-699.846
-1211.82
-1206.33
-883.322
-587.783
-719.622
-1448.03
-2389.58
-3093.83
-3130.08
-2647.77
-2117.12
-1783.12
-2020.44
-2556.58
-2721.38
-2509.34
-1994.07
-1323.88
-899.802
-845.968
-1074.49
-1208.53
-851.461
-169.194
342.782
635.025
717.425
546.034
427.379
537.245
885.52
1174.47
1112.94
894.309
741.595
646.012
569.106
424.083
193.364
-35.1571
-213.14
-327.401
-536.146
-817.403
-952.538
-1027.25
-1147
-1161.28
-1116.24
-1089.87
-1212.92
-795.43
800.923
1922.65
1294.22
-241.705
-466.93
1179.96
2779.61
3368.49
3782.69
3992.53
2763.13
829.488
385.63
2259.94
4290.27
4343
3389.36
2545.59
1386.51
129.642
85.6955
1743.57
3326.74
2792.79
811.909
-822.896
-1396.4
-1166.78
-475.72
399.912
714.129
-23.0719
-1452.43
-2523.62
-2520.33
-1721.6
-737.201
-142.826
-191.167
-653.702
-1275.54
-1705.12
-1452.43
-374.643
944.847
1510.66
1086.57
402.109
-4.39464
7.69062
490.002
1141.51
1568.89
1154.69
-19.7759
-977.807
-1308.5
-1153.59
-885.52
-813.008
-1025.05
-1573.28
-2341.24
-2807.08
-2775.21
-2451.11
-2027.03
-1876.51
-2144.58
-2456.6
-2532.41
-2295.1
-1788.62
-1285.43
-872.336
-756.976
-949.242
-977.807
-549.33
87.8928
547.132
726.214
665.788
539.442
443.858
520.765
876.73
1153.59
1036.04
770.16
574.599
596.572
707.537
576.796
336.19
124.149
-18.6772
-177.983
-328.499
-500.989
-713.03
-1015.16
-1327.18
-1298.62
-1139.31
-1189.85
-1170.07
-145.023
1122.83
1201.93
12.0853
-877.829
183.476
1875.41
2713.69
3124.59
3576.14
3061.96
1307.4
39.5517
993.188
3299.27
4199.08
3527.8
2677.43
1680.95
493.298
36.2558
1133.82
2908.15
3126.79
1434.85
-431.773
-1307.4
-1225.01
-635.025
98.8794
517.469
183.476
-880.026
-1972.09
-2339.05
-1901.78
-1045.92
-295.539
-87.8928
-404.307
-958.031
-1477.7
-1454.63
-662.492
530.653
1344.76
1233.79
651.505
220.831
196.66
677.873
1362.34
1789.72
1568.89
636.124
-330.697
-786.64
-760.272
-517.469
-414.195
-629.532
-1181.06
-1858.93
-2303.89
-2336.85
-2076.47
-1733.68
-1563.39
-1786.42
-2262.14
-2474.18
-2169.85
-1661.17
-1233.79
-973.412
-967.919
-1141.51
-1279.94
-1015.16
-288.947
364.755
566.908
430.675
258.185
270.27
457.042
727.313
1032.74
1089.87
810.811
420.787
187.871
316.414
496.594
409.8
62.6236
-260.382
-475.72
-707.537
-886.618
-953.637
-969.018
-1229.4
-1588.66
-1735.88
-1627.11
-1521.64
-1339.27
-140.628
1128.32
1051.42
-258.185
-1137.11
25.2692
1861.13
2803.78
3216.88
3606.9
2959.79
1231.6
181.279
1231.6
3511.32
4367.17
3646.45
2784
1734.78
541.639
217.535
1365.63
3102.61
3258.62
1528.24
-405.405
-1362.34
-1203.03
-493.298
269.172
613.052
161.503
-969.018
-2069.87
-2320.37
-1654.58
-671.281
-2.19732
76.9062
-295.539
-818.501
-1260.16
-1161.28
-247.198
954.735
1602.94
1324.98
660.294
307.625
350.472
847.067
1606.24
1966.6
1591.96
519.666
-551.527
-896.506
-740.497
-542.738
-540.541
-865.744
-1520.54
-2151.18
-2501.65
-2425.84
-2055.59
-1832.56
-1814.99
-2020.44
-2441.22
-2566.47
-2189.63
-1675.46
-1152.49
-891.013
-1045.92
-1310.7
-1435.95
-1098.66
-295.539
342.782
482.312
288.947
-34.0584
-118.655
160.404
584.487
981.103
975.61
525.159
106.57
14.2826
216.436
418.589
328.499
-15.3812
-332.894
-587.783
-719.622
-671.281
-649.308
-792.134
-1016.26
-1193.14
-1229.4
-1096.46
-1089.87
-325.203
989.892
1337.07
565.81
-578.994
-350.472
1220.61
2480.77
3116.9
3637.66
3328.94
1855.64
516.37
691.057
2626.9
4101.3
3931
3094.92
1921.56
603.164
29.6638
788.838
2403.87
3114.7
1944.63
68.1169
-1223.91
-1424.96
-864.645
-108.767
328.499
97.7807
-720.721
-1812.79
-2390.68
-2124.81
-1348.06
-533.949
-107.669
-125.247
-570.204
-1243.68
-1562.29
-919.578
391.123
1397.5
1451.33
836.08
210.943
-8.78928
405.405
1255.77
2100.64
2098.44
1238.19
139.53
-600.967
-680.07
-343.88
-61.5249
-131.839
-739.398
-1691.94
-2235.77
-2401.67
-2083.06
-1516.15
-1335.97
-1523.84
-2052.3
-2562.07
-2374.2
-1756.76
-1154.69
-635.025
-674.577
-1047.02
-1350.25
-1422.76
-849.264
0
397.715
375.742
78.0048
-231.817
-142.826
120.853
468.029
816.304
674.577
198.857
-83.4981
-81.3008
156.01
307.625
110.965
-168.095
-393.32
-655.9
-689.958
-580.092
-654.801
-799.824
-1065.7
-1251.37
-1139.31
-1065.7
-792.134
332.894
1232.7
1108.55
165.898
-622.94
126.346
1574.38
2540.1
3187.21
3459.68
2646.67
1297.52
370.248
881.125
2613.71
3547.57
3369.59
2600.53
1294.22
207.647
102.175
1064.6
2499.45
2774.12
1477.7
-205.449
-1218.41
-1085.48
-269.172
450.45
565.81
23.0719
-908.592
-1722.7
-1898.48
-1476.6
-872.336
-425.181
-357.064
-538.343
-876.73
-1170.07
-1050.32
-449.352
437.267
1016.26
940.453
519.666
220.831
292.243
775.654
1288.73
1435.95
1289.83
683.366
-29.6638
-496.594
-713.03
-517.469
-408.701
-656.998
-1085.48
-1460.12
-1798.51
-1927.05
-1874.31
-1716.11
-1392
-1437.05
-1683.15
-1727.09
-1746.87
-1565.59
-1109.65
-731.707
-449.352
-552.626
-923.973
-923.973
-563.612
-51.637
409.8
517.469
328.499
218.633
150.516
282.356
626.236
676.774
527.357
280.158
29.6638
96.682
183.476
48.341
-126.346
-329.598
-490.002
-583.388
-803.12
-980.004
-1015.16
-1083.28
-1026.15
-977.807
-1122.83
-1182.16
-1312.9
-749.286
622.94
1278.84
908.592
-154.911
-430.675
616.348
1813.89
2692.81
3326.74
3176.23
1932.54
629.532
354.867
1617.23
3008.13
3234.45
2853.22
1971
755.878
147.22
521.863
1734.78
2603.82
2128.1
856.955
-409.8
-938.255
-625.137
36.2558
513.074
482.312
-90.0901
-1016.26
-1727.09
-1736.98
-1172.27
-498.791
-154.911
-282.356
-585.586
-912.986
-1066.8
-729.51
-9.88794
688.86
832.784
514.173
314.217
315.315
507.581
743.793
934.959
1134.92
947.045
330.697
-360.36
-804.219
-786.64
-622.94
-665.788
-829.488
-1148.1
-1555.7
-1850.14
-1944.63
-1722.7
-1389.8
-1350.25
-1519.45
-1561.2
-1485.39
-1352.45
-1122.83
-823.995
-551.527
-609.756
-856.955
-783.344
-487.805
-173.588
78.0048
136.234
80.2022
-29.6638
-119.754
87.8928
438.365
557.02
468.029
221.929
69.2156
218.633
384.531
401.011
201.055
-83.4981
-234.015
-398.813
-587.783
-677.873
-727.313
-821.797
-945.946
-1118.44
-1251.37
-1374.42
-1460.12
-475.72
878.928
1250.27
466.93
-741.595
-566.908
691.057
1916.06
2859.81
3478.36
3015.82
1415.07
6.59196
76.9062
1836.96
3357.5
3602.5
2994.95
1656.78
273.566
-196.66
620.743
2303.89
3274.01
2625.8
951.439
-571.303
-1045.92
-552.626
352.67
960.229
925.071
47.2424
-1361.24
-2244.56
-2102.83
-1217.31
-347.176
-103.274
-376.84
-871.237
-1421.67
-1555.7
-961.327
59.3276
822.896
781.147
315.315
-1.09866
-27.4665
295.539
783.344
1114.04
1096.46
692.156
39.5517
-552.626
-786.64
-738.299
-648.209
-672.38
-978.906
-1354.65
-1618.33
-1943.53
-1950.12
-1664.47
-1484.29
-1381.02
-1529.33
-1631.51
-1422.76
-1307.4
-1074.49
-662.492
-608.657
-667.985
-720.721
-726.214
-361.459
-32.9598
126.346
265.876
165.898
32.9598
124.149
292.243
549.33
713.03
616.348
453.746
396.616
382.334
407.603
411.997
266.974
224.127
165.898
-45.045
-230.719
-466.93
-573.5
-546.034
-584.487
-570.204
-762.47
-1041.53
-1181.06
-626.236
542.738
1104.15
838.277
13.1839
-392.221
25.2692
922.874
2075.37
3065.26
2989.45
1777.63
563.612
15.3812
699.846
1921.56
2725.77
3026.81
2320.37
945.946
71.4129
118.655
1193.14
2411.56
2617.01
1741.38
329.598
-618.545
-617.447
62.6236
781.147
967.919
417.491
-713.03
-1673.26
-1908.37
-1517.25
-855.856
-421.885
-469.128
-832.784
-1333.77
-1632.61
-1346.96
-653.702
92.2874
428.477
261.481
15.3812
-159.306
-48.341
339.486
682.268
876.73
750.385
236.212
-375.742
-696.55
-632.828
-482.312
-481.213
-703.142
-985.498
-1230.5
-1572.18
-1702.92
-1528.24
-1370.03
-1272.25
-1352.45
-1439.24
-1322.79
-1282.14
-1112.94
-818.501
-714.129
-705.339
-737.201
-774.555
-606.46
-292.243
-68.1169
93.3861
39.5517
-63.7223
-18.6772
107.669
366.952
599.868
660.294
535.047
405.405
395.517
457.042
522.962
463.634
399.912
332.894
84.5968
-160.404
-312.019
-360.36
-237.31
-172.49
-228.521
-513.074
-829.488
-1056.91
-616.348
585.586
1231.6
941.551
-2.19732
-424.083
146.122
1066.8
1868.82
2507.14
2524.72
1538.12
549.33
171.391
829.488
1864.43
2288.51
2321.47
1864.43
894.309
241.705
351.571
1205.23
2150.08
2208.31
1413.97
377.939
-198.857
-121.951
362.558
821.797
919.578
470.226
-455.944
-1220.61
-1365.63
-1000.88
-570.204
-372.446
-538.343
-861.349
-1167.88
-1375.52
-1198.64
-684.465
-70.3142
177.983
25.2692
-160.404
-276.862
-152.714
160.404
465.832
593.276
442.76
-4.39464
-457.042
-626.236
-575.698
-477.917
-530.653
-693.254
-902
-1082.18
-1287.63
-1416.17
-1348.06
-1278.84
-1242.58
-1349.15
-1395.3
-1245.88
-1168.97
-1055.81
-884.421
-870.138
-902
-897.605
-845.968
-650.407
-438.365
-329.598
-263.678
-296.638
-348.275
-291.145
-141.727
132.938
352.67
321.907
142.826
52.7357
183.476
461.437
643.815
569.106
413.096
226.324
7.69062
-79.1035
-43.9464
59.3276
56.0316
-101.077
-288.947
-438.365
-525.159
-559.218
58.229
1014.06
1351.35
804.219
-129.642
-260.382
464.733
1392
2129.2
2512.63
2103.93
1015.16
81.3008
16.4799
998.682
1995.17
2344.54
2173.15
1407.38
503.186
149.418
510.877
1555.7
2329.16
2105.03
1142.61
107.669
-192.265
208.745
773.456
1082.18
949.242
344.979
-491.101
-1027.25
-1004.17
-616.348
-261.481
-165.898
-351.571
-726.214
-1081.08
-1229.4
-967.919
-424.083
20.8745
73.6102
-192.265
-418.589
-465.832
-225.225
141.727
336.19
232.916
-128.543
-447.154
-710.833
-733.905
-586.684
-619.644
-725.115
-916.282
-1087.67
-1047.02
-1045.92
-1171.17
-1147
-1166.78
-1196.44
-1227.2
-1310.7
-1147
-960.229
-893.21
-771.259
-810.811
-982.202
-933.861
-864.645
-616.348
-294.441
-262.58
-293.342
-420.787
-483.41
-275.764
-21.9732
198.857
307.625
202.153
50.5383
56.0316
216.436
484.509
677.873
587.783
448.253
301.033
140.628
141.727
219.732
310.921
335.091
142.826
-87.8928
-255.988
-391.123
-437.267
-126.346
531.751
814.107
528.455
-1.09866
-107.669
309.822
866.842
1387.61
1824.87
1872.12
1241.49
641.617
425.181
831.685
1474.4
1747.97
1831.47
1489.78
843.771
470.226
544.935
1128.32
1749.07
1775.43
1323.88
707.537
351.571
410.899
608.657
758.075
754.779
458.141
-129.642
-659.196
-882.224
-813.008
-620.743
-531.751
-588.882
-766.864
-992.09
-1140.41
-1041.53
-653.702
-265.876
-130.74
-207.647
-242.804
-188.969
-93.3861
52.7357
162.602
163.7
4.39464
-269.172
-504.285
-492.2
-490.002
-646.012
-871.237
-1086.57
-1061.31
-926.17
-908.592
-945.946
-962.426
-1065.7
-1105.25
-1157.99
-1067.9
-743.793
-595.474
-538.343
-544.935
-680.07
-727.313
-671.281
-615.249
-340.584
-154.911
-225.225
-332.894
-521.863
-509.778
-327.401
-195.561
-5.4933
82.3995
-49.4397
-173.588
-205.449
-54.933
227.423
382.334
337.289
230.719
104.373
28.5652
90.0901
175.786
265.876
287.849
161.503
70.3142
-43.9464
-204.351
-221.929
-70.3142
373.544
670.182
503.186
180.18
8.78928
202.153
686.662
1136.01
1443.64
1583.17
1192.05
711.931
518.567
650.407
1177.76
1540.32
1610.64
1463.41
1020.65
660.294
685.564
1014.06
1501.87
1671.06
1392
969.018
618.545
524.061
586.684
720.721
814.107
695.452
327.401
-186.772
-520.765
-581.191
-494.397
-359.262
-333.993
-426.28
-619.644
-849.264
-865.744
-644.913
-359.262
-152.714
-128.543
-135.135
-124.149
-142.826
-53.8343
20.8745
86.7941
42.8477
-185.673
-360.36
-516.37
-619.644
-707.537
-875.632
-982.202
-977.807
-1020.65
-1050.32
-1132.72
-1211.82
-1154.69
-1163.48
-1145.9
-1044.83
-922.874
-783.344
-744.891
-788.838
-778.95
-795.43
-733.905
-602.065
-510.877
-413.096
-520.765
-654.801
-672.38
-620.743
-428.477
-297.737
-260.382
-245.001
-269.172
-261.481
-191.167
-57.1303
115.359
193.364
177.983
112.063
76.9062
91.1887
103.274
176.884
234.015
247.198
272.468
224.127
160.404
131.839
81.3008
142.826
231.817
252.692
390.024
406.504
351.571
377.939
441.661
675.676
929.466
1062.4
1173.37
1182.16
997.583
950.341
981.103
1111.84
1377.72
1398.59
1362.34
1288.73
1142.61
1178.86
1279.94
1378.82
1517.25
1460.12
1270.05
1050.32
794.331
713.03
684.465
598.77
463.634
202.153
-136.234
-382.334
-502.087
-526.258
-470.226
-496.594
-560.316
-637.223
-702.044
-683.366
-591.079
-453.746
-320.809
-182.377
-106.57
-86.7941
-120.853
-180.18
-152.714
-149.418
-164.799
-193.364
-286.75
-449.352
-674.577
-886.618
-959.13
-859.152
-786.64
-775.654
-855.856
-1030.54
-1151.4
-1168.97
-1081.08
-872.336
-703.142
-677.873
-749.286
-907.493
-961.327
-909.69
-807.515
-653.702
-583.388
-638.321
-740.497
-848.165
-828.389
-662.492
-537.245
-454.845
-427.379
-457.042
-457.042
-421.885
-315.315
-157.108
-39.5517
32.9598
57.1303
49.4397
65.9196
87.8928
159.306
301.033
398.813
413.096
351.571
284.553
269.172
304.329
388.926
487.805
527.357
450.45
316.414
262.58
383.432
597.671
763.568
786.64
705.339
639.42
618.545
713.03
845.968
970.116
988.794
851.461
730.609
697.649
762.47
889.914
1032.74
1103.05
1100.86
1020.65
975.61
1038.23
1140.41
1185.45
1098.66
939.354
808.613
695.452
547.132
404.307
240.606
93.3861
-49.4397
-187.871
-261.481
-306.526
-369.15
-409.8
-381.235
-317.513
-254.889
-226.324
-185.673
-104.373
-14.2826
46.1437
79.1035
113.162
123.05
32.9598
-104.373
-191.167
-182.377
-170.292
-252.692
-430.675
-676.774
-852.56
-972.314
-966.82
-874.533
-841.573
-917.381
-1098.66
-1243.68
-1257.97
-1152.49
-971.215
-814.107
-758.075
-811.909
-958.031
-1043.73
-992.09
-818.501
-638.321
-604.263
-689.958
-836.08
-917.381
-850.363
-686.662
-491.101
-394.419
-437.267
-517.469
-536.146
-457.042
-320.809
-158.207
-37.3544
-3.29598
-49.4397
-121.951
-110.965
7.69062
182.377
315.315
348.275
275.764
172.49
145.023
263.678
452.648
584.487
554.823
399.912
276.862
264.777
379.038
539.442
686.662
761.371
722.918
605.361
514.173
525.159
643.815
821.797
962.426
987.695
886.618
728.411
613.052
685.564
896.506
1104.15
1217.31
1175.57
1040.43
927.269
876.73
941.551
1087.67
1173.37
1133.82
940.453
709.734
525.159
419.688
387.827
374.643
347.176
240.606
68.1169
-88.9914
-159.306
-131.839
-65.9196
-2.19732
54.933
46.1437
-12.0853
-68.1169
-84.5968
-62.6236
-51.637
-103.274
-202.153
-275.764
-310.921
-353.768
-447.154
-575.698
-708.635
-806.416
-859.152
-864.645
-841.573
-882.224
-1004.17
-1131.62
-1179.96
-1131.62
-1020.65
-886.618
-791.035
-786.64
-838.277
-882.224
-864.645
-760.272
-639.42
-575.698
-614.151
-722.918
-818.501
-847.067
-789.936
-691.057
-603.164
-564.711
-584.487
-618.545
-599.868
-525.159
-402.109
-269.172
-184.575
-172.49
-242.804
-312.019
-299.934
-184.575
-16.4799
107.669
128.543
59.3276
-4.39464
25.2692
187.871
402.109
547.132
553.724
443.858
331.795
314.217
410.899
535.047
627.335
636.124
577.895
518.567
503.186
572.402
688.86
783.344
833.883
841.573
804.219
770.16
781.147
842.672
941.551
989.892
985.498
952.538
909.69
908.592
930.565
973.412
1011.87
1000.88
919.578
785.542
669.084
582.29
529.554
484.509
413.096
314.217
168.095
35.1571
-15.3812
1.09866
52.7357
81.3008
65.9196
56.0316
51.637
46.1437
53.8343
34.0584
7.69062
-24.1705
-107.669
-206.548
-280.158
-320.809
-374.643
-447.154
-544.935
-646.012
-728.411
-784.443
-777.851
-763.568
-807.515
-883.322
-954.735
-985.498
-945.946
-877.829
-811.909
-756.976
-761.371
-772.358
-754.779
-717.425
-632.828
-574.599
-568.007
-598.77
-662.492
-692.156
-677.873
-635.025
-580.092
-544.935
-552.626
-564.711
-535.047
-471.325
-409.8
-341.683
-257.086
-184.575
-142.826
-147.22
-152.714
-124.149
-60.4263
31.8611
101.077
124.149
91.1887
37.3544
45.045
163.7
326.302
417.491
407.603
324.105
276.862
307.625
418.589
546.034
608.657
593.276
526.258
477.917
480.114
566.908
666.886
710.833
710.833
661.393
588.882
541.639
563.612
665.788
787.739
815.205
767.963
702.044
666.886
699.846
764.667
821.797
840.475
781.147
673.478
602.065
560.316
560.316
524.061
430.675
307.625
205.449
151.615
121.951
129.642
106.57
82.3995
35.1571
-15.3812
-27.4665
-21.9732
-16.4799
-24.1705
-45.045
-98.8794
-135.135
-205.449
-258.185
-279.06
-309.822
-323.006
-358.163
-399.912
-441.661
-490.002
-528.455
-542.738
-561.415
-582.29
-614.151
-663.59
-728.411
-793.232
-816.304
-795.43
-750.385
-721.819
-720.721
-728.411
-730.609
-687.761
-614.151
-563.612
-563.612
-600.967
-633.927
-637.223
-602.065
-564.711
-549.33
-553.724
-559.218
-549.33
-521.863
-500.989
-465.832
-399.912
-329.598
-254.889
-204.351
-194.463
-191.167
-153.812
-63.7223
49.4397
130.74
134.036
95.5834
70.3142
131.839
264.777
365.854
393.32
338.387
293.342
327.401
425.181
536.146
596.572
597.671
577.895
575.698
580.092
618.545
651.505
676.774
698.748
695.452
689.958
652.604
628.433
642.716
680.07
716.326
740.497
747.089
730.609
715.227
713.03
733.905
748.187
744.891
714.129
667.985
617.447
559.218
488.904
413.096
359.262
355.966
369.15
336.19
274.665
175.786
94.4847
68.1169
106.57
165.898
181.279
124.149
0
-117.557
-161.503
-112.063
-48.341
-29.6638
-105.471
-234.015
-360.36
-439.464
-433.971
-383.432
-342.782
-372.446
-454.845
-573.5
-663.59
-694.353
-675.676
-629.532
-600.967
-628.433
-726.214
-826.192
-863.546
-808.613
-703.142
-607.559
-589.98
-656.998
-766.864
-837.179
-814.107
-707.537
-596.572
-573.5
-632.828
-718.523
-731.707
-672.38
-582.29
-502.087
-472.424
-469.128
-480.114
-464.733
-420.787
-359.262
-307.625
-270.27
-228.521
-188.969
-153.812
-128.543
-97.7807
-51.637
16.4799
88.9914
156.01
196.66
210.943
199.956
193.364
221.929
283.454
369.15
424.083
451.549
452.648
443.858
451.549
498.791
574.599
632.828
667.985
641.617
605.361
589.98
607.559
652.604
707.537
742.694
736.102
718.523
686.662
696.55
750.385
780.048
766.864
715.227
649.308
632.828
662.492
683.366
658.097
581.191
481.213
418.589
428.477
468.029
496.594
458.141
342.782
212.041
140.628
159.306
223.028
279.06
249.396
116.458
-12.0853
-92.2874
-91.1887
-7.69062
49.4397
30.7625
-40.6504
-165.898
-274.665
-291.145
-294.441
-283.454
-271.369
-337.289
-403.208
-460.338
-529.554
-551.527
-557.02
-557.02
-541.639
-555.922
-595.474
-624.039
-633.927
-603.164
-554.823
-544.935
-568.007
-620.743
-652.604
-641.617
-622.94
-618.545
-641.617
-676.774
-672.38
-633.927
-599.868
-585.586
-598.77
-599.868
-563.612
-503.186
-450.45
-421.885
-436.168
-449.352
-432.872
-379.038
-285.652
-209.844
-169.194
-165.898
-169.194
-139.53
-74.7089
-10.9866
26.3678
34.0584
27.4665
49.4397
95.5834
151.615
215.337
261.481
309.822
354.867
386.728
404.307
398.813
418.589
469.128
518.567
549.33
507.581
457.042
444.957
497.693
605.361
673.478
689.958
655.9
627.335
656.998
735.003
823.995
845.968
788.838
689.958
608.657
580.092
574.599
572.402
548.231
487.805
420.787
373.544
372.446
427.379
479.016
499.89
458.141
387.827
332.894
306.526
310.921
307.625
274.665
183.476
62.6236
-36.2558
-80.2022
-71.4129
-60.4263
-75.8075
-126.346
-183.476
-231.817
-260.382
-262.58
-261.481
-279.06
-331.795
-414.195
-484.509
-509.778
-522.962
-532.85
-571.303
-629.532
-661.393
-666.886
-639.42
-602.065
-592.178
-635.025
-682.268
-705.339
-692.156
-664.689
-675.676
-716.326
-744.891
-748.187
-719.622
-682.268
-658.097
-646.012
-638.321
-632.828
-609.756
-561.415
-511.975
-464.733
-437.267
-424.083
-405.405
-363.656
-295.539
-207.647
-136.234
-92.2874
-58.229
-34.0584
6.59196
59.3276
102.175
147.22
179.082
193.364
216.436
250.494
299.934
368.051
430.675
487.805
530.653
553.724
571.303
603.164
651.505
691.057
687.761
663.59
643.815
640.519
665.788
696.55
708.635
709.734
697.649
699.846
721.819
750.385
766.864
755.878
726.214
694.353
669.084
640.519
608.657
563.612
507.581
455.944
420.787
398.813
387.827
371.347
329.598
281.257
239.508
214.239
203.252
190.068
150.516
86.7941
13.1839
-43.9464
-76.9062
-96.682
-119.754
-163.7
-226.324
-286.75
-349.374
-404.307
-432.872
-444.957
-461.437
-482.312
-516.37
-570.204
-617.447
-636.124
-628.433
-604.263
-587.783
-603.164
-628.433
-643.815
-650.407
-648.209
-644.913
-656.998
-676.774
-692.156
-698.748
-704.241
-707.537
-696.55
-672.38
-626.236
-568.007
-524.061
-497.693
-481.213
-454.845
-415.293
-364.755
-318.611
-299.934
-297.737
-303.23
-294.441
-269.172
-224.127
-163.7
-106.57
-50.5383
5.4933
52.7357
101.077
153.812
183.476
196.66
208.745
220.831
234.015
252.692
269.172
297.737
341.683
395.517
451.549
490.002
506.482
519.666
535.047
553.724
576.796
580.092
561.415
531.751
515.271
517.469
528.455
550.428
566.908
580.092
596.572
606.46
610.855
619.644
624.039
613.052
605.361
570.204
511.975
459.24
411.997
398.813
411.997
415.293
408.701
390.024
361.459
358.163
358.163
347.176
331.795
283.454
221.929
170.292
116.458
75.8075
43.9464
3.29598
-38.4531
-69.2156
-115.359
-149.418
-173.588
-205.449
-224.127
-250.494
-283.454
-313.118
-344.979
-381.235
-410.899
-448.253
-483.41
-506.482
-533.949
-549.33
-559.218
-573.5
-582.29
-591.079
-599.868
-607.559
-617.447
-625.137
-631.729
-635.025
-630.631
-627.335
-611.953
-585.586
-569.106
-549.33
-543.837
-544.935
-535.047
-514.173
-485.608
-457.042
-436.168
-427.379
-417.491
-403.208
-374.643
-325.203
-271.369
-225.225
-185.673
-148.319
-116.458
-69.2156
-24.1705
20.8745
51.637
58.229
69.2156
85.6955
114.261
156.01
196.66
239.508
291.145
335.091
376.84
422.984
451.549
485.608
515.271
538.343
565.81
576.796
569.106
554.823
551.527
562.514
575.698
585.586
592.178
600.967
609.756
621.841
638.321
646.012
629.532
600.967
573.5
551.527
520.765
480.114
437.267
405.405
393.32
373.544
341.683
312.019
288.947
268.073
250.494
220.831
193.364
162.602
119.754
87.8928
65.9196
37.3544
-3.29598
-52.7357
-98.8794
-128.543
-163.7
-193.364
-223.028
-264.777
-299.934
-338.387
-364.755
-380.136
-397.715
-413.096
-430.675
-461.437
-494.397
-509.778
-525.159
-524.061
-516.37
-529.554
-547.132
-566.908
-580.092
-578.994
-569.106
-565.81
-553.724
-541.639
-531.751
-515.271
-504.285
-488.904
-461.437
-428.477
-408.701
-396.616
-385.63
-369.15
-342.782
-312.019
-274.665
-246.1
-221.929
-199.956
-170.292
-129.642
-88.9914
-46.1437
-10.9866
23.0719
61.5249
104.373
141.727
173.588
202.153
229.62
255.988
277.961
296.638
319.71
346.078
374.643
397.715
421.885
430.675
439.464
453.746
474.621
493.298
502.087
509.778
504.285
498.791
495.495
494.397
496.594
506.482
517.469
513.074
509.778
495.495
492.2
487.805
472.424
457.042
431.773
396.616
361.459
328.499
292.243
259.284
231.817
212.041
204.351
185.673
154.911
121.951
90.0901
62.6236
45.045
20.8745
-18.6772
-43.9464
-71.4129
-91.1887
-98.8794
-117.557
-136.234
-150.516
-173.588
-207.647
-241.705
-292.243
-335.091
-366.952
-404.307
-435.069
-462.536
-482.312
-492.2
-490.002
-491.101
-488.904
-476.818
-473.522
-462.536
-460.338
-466.93
-479.016
-486.706
-490.002
-488.904
-485.608
-492.2
-486.706
-462.536
-426.28
-394.419
-376.84
-360.36
-338.387
-309.822
-286.75
-272.468
-276.862
-283.454
-285.652
-279.06
-248.297
-225.225
-199.956
-165.898
-118.655
-54.933
13.1839
75.8075
124.149
169.194
198.857
225.225
239.508
250.494
251.593
246.1
242.804
239.508
253.79
275.764
307.625
343.88
379.038
411.997
438.365
454.845
457.042
459.24
465.832
475.72
485.608
482.312
471.325
461.437
466.93
476.818
493.298
499.89
484.509
458.141
426.28
404.307
385.63
363.656
337.289
318.611
303.23
287.849
269.172
247.198
234.015
214.239
195.561
175.786
148.319
115.359
79.1035
47.2424
25.2692
12.0853
-5.4933
-20.8745
-36.2558
-49.4397
-60.4263
-76.9062
-96.682
-115.359
-140.628
-171.391
-202.153
-232.916
-264.777
-296.638
-329.598
-359.262
-384.531
-405.405
-418.589
-418.589
-410.899
-395.517
-381.235
-362.558
-343.88
-330.697
-320.809
-319.71
-328.499
-348.275
-374.643
-403.208
-425.181
-433.971
-428.477
-415.293
-397.715
-382.334
-361.459
-332.894
-291.145
-243.902
-213.14
-197.759
-201.055
-209.844
-204.351
-183.476
-147.22
-119.754
-110.965
-107.669
-105.471
-92.2874
-57.1303
-12.0853
29.6638
58.229
74.7089
82.3995
95.5834
120.853
145.023
173.588
201.055
214.239
218.633
216.436
216.436
226.324
250.494
277.961
299.934
310.921
303.23
295.539
292.243
301.033
321.907
340.584
342.782
336.19
319.71
305.427
301.033
305.427
312.019
304.329
284.553
261.481
242.804
235.113
241.705
259.284
270.27
264.777
238.409
199.956
165.898
151.615
154.911
169.194
169.194
148.319
109.866
64.8209
38.4531
40.6504
62.6236
80.2022
74.7089
46.1437
1.09866
-46.1437
-73.6102
-78.0048
-81.3008
-90.0901
-106.57
-137.332
-168.095
-193.364
-207.647
-203.252
-188.969
-177.983
-180.18
-195.561
-224.127
-247.198
-257.086
-262.58
-257.086
-254.889
-272.468
-292.243
-297.737
-288.947
-262.58
-237.31
-218.633
-207.647
-215.337
-221.929
-216.436
-207.647
-194.463
-174.687
-165.898
-171.391
-175.786
-184.575
-185.673
-169.194
-142.826
-113.162
-91.1887
-87.8928
-92.2874
-95.5834
-93.3861
-67.0182
-31.8611
-13.1839
-5.4933
-5.4933
-3.29598
12.0853
35.1571
57.1303
70.3142
71.4129
69.2156
82.3995
96.682
112.063
123.05
125.247
130.74
143.924
161.503
174.687
181.279
186.772
195.561
202.153
209.844
214.239
215.337
213.14
212.041
216.436
214.239
212.041
203.252
188.969
179.082
171.391
162.602
159.306
158.207
158.207
160.404
152.714
142.826
127.445
110.965
107.669
109.866
114.261
115.359
96.682
69.2156
43.9464
30.7625
28.5652
31.8611
30.7625
15.3812
-2.19732
-18.6772
-23.0719
-23.0719
-28.5652
-46.1437
-59.3276
-53.8343
-40.6504
-28.5652
-39.5517
-64.8209
-94.4847
-106.57
-95.5834
-82.3995
-73.6102
-78.0048
-99.978
-117.557
-126.346
-127.445
-123.05
-121.951
-121.951
-127.445
-142.826
-149.418
-140.628
-121.951
-102.175
-93.3861
-92.2874
-95.5834
-104.373
-107.669
-101.077
-81.3008
-67.0182
-65.9196
-80.2022
-106.57
-120.853
-112.063
-90.0901
-65.9196
-62.6236
-81.3008
-94.4847
-91.1887
-68.1169
-35.1571
-16.4799
-16.4799
-27.4665
-43.9464
-45.045
-31.8611
-5.4933
10.9866
6.59196
-6.59196
-18.6772
-17.5786
-3.29598
12.0853
23.0719
21.9732
20.8745
26.3678
34.0584
41.7491
48.341
57.1303
69.2156
72.5115
63.7223
58.229
59.3276
57.1303
58.229
60.4263
60.4263
58.229
50.5383
46.1437
41.7491
36.2558
31.8611
30.7625
32.9598
36.2558
31.8611
28.5652
27.4665
29.6638
35.1571
38.4531
39.5517
38.4531
29.6638
26.3678
25.2692
21.9732
17.5786
12.0853
7.69062
7.69062
7.69062
6.59196
5.4933
4.39464
6.59196
10.9866
10.9866
18.6772
37.3544
50.5383
50.5383
36.2558
19.7759
9.88794
7.69062
12.0853
16.4799
13.1839
6.59196
4.39464
-1.09866
-6.59196
-15.3812
-19.7759
-12.0853
-9.88794
-13.1839
-19.7759
-21.9732
-17.5786
-12.0853
-9.88794
-1.09866
-2.19732
-5.4933
-9.88794
-10.9866
-6.59196
0
6.59196
9.88794
0
-14.2826
-15.3812
-16.4799
-15.3812
-13.1839
-20.8745
-25.2692
-25.2692
-23.0719
-14.2826
-7.69062
-5.4933
1.09866
-3.29598
-7.69062
-6.59196
-6.59196
1.09866
3.29598
4.39464
6.59196
8.78928
12.0853
10.9866
5.4933
2.19732
0
-5.4933
-8.78928
-10.9866
-8.78928
-4.39464
-6.59196
-10.9866
-17.5786
-26.3678
-25.2692
-17.5786
-14.2826
-7.69062
2.19732
4.39464
4.39464
4.39464
7.69062
15.3812
14.2826
16.4799
19.7759
16.4799
7.69062
0
-5.4933
-3.29598
1.09866
4.39464
0
-6.59196
-5.4933
-7.69062
-15.3812
-15.3812
-10.9866
3.29598
17.5786
21.9732
21.9732
18.6772
14.2826
20.8745
25.2692
27.4665
31.8611
31.8611
29.6638
27.4665
20.8745
14.2826
7.69062
3.29598
6.59196
9.88794
10.9866
12.0853
6.59196
-4.39464
-12.0853
-17.5786
-20.8745
-19.7759
-15.3812
-10.9866
-9.88794
-8.78928
-9.88794
-8.78928
-2.19732
10.9866
20.8745
21.9732
18.6772
6.59196
-7.69062
-14.2826
-18.6772
-26.3678
-32.9598
-38.4531
-40.6504
-41.7491
-38.4531
-32.9598
-21.9732
-14.2826
-5.4933
0
6.59196
15.3812
16.4799
14.2826
9.88794
-3.29598
-10.9866
-14.2826
-15.3812
-13.1839
-19.7759
-27.4665
-26.3678
-21.9732
-10.9866
4.39464
17.5786
30.7625
38.4531
39.5517
40.6504
38.4531
35.1571
35.1571
31.8611
23.0719
8.78928
-6.59196
-19.7759
-28.5652
-26.3678
-25.2692
-20.8745
-21.9732
-23.0719
-25.2692
-29.6638
-30.7625
-26.3678
-12.0853
6.59196
15.3812
15.3812
9.88794
3.29598
-1.09866
2.19732
16.4799
23.0719
23.0719
14.2826
4.39464
-9.88794
-23.0719
-26.3678
-24.1705
-21.9732
-15.3812
-9.88794
-15.3812
-20.8745
-24.1705
-17.5786
-1.09866
20.8745
40.6504
56.0316
59.3276
50.5383
35.1571
27.4665
23.0719
24.1705
28.5652
20.8745
6.59196
-13.1839
-29.6638
-37.3544
-43.9464
-39.5517
-31.8611
-24.1705
-16.4799
-10.9866
-4.39464
3.29598
8.78928
14.2826
18.6772
28.5652
29.6638
25.2692
19.7759
17.5786
15.3812
9.88794
5.4933
-2.19732
-9.88794
-8.78928
-8.78928
-5.4933
0
1.09866
-4.39464
-7.69062
-2.19732
5.4933
14.2826
17.5786
8.78928
-4.39464
-18.6772
-28.5652
-31.8611
-32.9598
-24.1705
-16.4799
-10.9866
-8.78928
-12.0853
-13.1839
-15.3812
-10.9866
1.09866
18.6772
28.5652
20.8745
5.4933
-6.59196
-15.3812
-18.6772
-18.6772
-25.2692
-27.4665
-31.8611
-35.1571
-35.1571
-28.5652
-19.7759
-15.3812
-18.6772
-20.8745
-27.4665
-35.1571
-38.4531
-36.2558
-31.8611
-29.6638
-28.5652
-30.7625
-36.2558
-34.0584
-23.0719
-5.4933
9.88794
23.0719
35.1571
38.4531
38.4531
36.2558
38.4531
41.7491
45.045
41.7491
32.9598
23.0719
18.6772
25.2692
31.8611
39.5517
43.9464
43.9464
41.7491
38.4531
39.5517
36.2558
36.2558
39.5517
43.9464
45.045
40.6504
38.4531
38.4531
42.8477
50.5383
56.0316
62.6236
59.3276
54.933
50.5383
50.5383
56.0316
54.933
49.4397
40.6504
30.7625
26.3678
26.3678
25.2692
29.6638
34.0584
38.4531
41.7491
40.6504
40.6504
42.8477
46.1437
49.4397
48.341
40.6504
28.5652
12.0853
0
-7.69062
-13.1839
-15.3812
-15.3812
-19.7759
-28.5652
-37.3544
-43.9464
-45.045
-46.1437
-51.637
-62.6236
-75.8075
-82.3995
-84.5968
-83.4981
-84.5968
-83.4981
-82.3995
-80.2022
-81.3008
-83.4981
-87.8928
-85.6955
-81.3008
-76.9062
-76.9062
-79.1035
-85.6955
-95.5834
-103.274
-105.471
-99.978
-95.5834
-88.9914
-85.6955
-83.4981
-82.3995
-78.0048
-74.7089
-69.2156
-60.4263
-51.637
-47.2424
-42.8477
-39.5517
-35.1571
-26.3678
-16.4799
-12.0853
-12.0853
-9.88794
-10.9866
-9.88794
-3.29598
5.4933
19.7759
31.8611
36.2558
34.0584
32.9598
30.7625
37.3544
45.045
48.341
49.4397
51.637
52.7357
50.5383
48.341
43.9464
41.7491
39.5517
36.2558
32.9598
30.7625
30.7625
36.2558
42.8477
47.2424
51.637
53.8343
56.0316
54.933
54.933
56.0316
58.229
63.7223
63.7223
63.7223
67.0182
73.6102
81.3008
85.6955
84.5968
81.3008
79.1035
79.1035
80.2022
76.9062
74.7089
73.6102
72.5115
68.1169
61.5249
50.5383
41.7491
36.2558
32.9598
29.6638
25.2692
23.0719
20.8745
20.8745
19.7759
15.3812
14.2826
13.1839
12.0853
9.88794
9.88794
9.88794
12.0853
12.0853
9.88794
7.69062
6.59196
0
-7.69062
-15.3812
-23.0719
-29.6638
-34.0584
-37.3544
-41.7491
-48.341
-53.8343
-60.4263
-65.9196
-71.4129
-79.1035
-83.4981
-88.9914
-94.4847
-97.7807
-101.077
-105.471
-105.471
-104.373
-101.077
-99.978
-99.978
-97.7807
-94.4847
-87.8928
-80.2022
-72.5115
-67.0182
-61.5249
-61.5249
-61.5249
-61.5249
-59.3276
-54.933
-50.5383
-46.1437
-40.6504
-36.2558
-35.1571
-31.8611
-24.1705
-18.6772
-10.9866
-5.4933
1.09866
4.39464
7.69062
13.1839
19.7759
26.3678
30.7625
35.1571
41.7491
46.1437
49.4397
58.229
68.1169
79.1035
83.4981
87.8928
93.3861
96.682
98.8794
96.682
98.8794
102.175
99.978
97.7807
97.7807
102.175
105.471
107.669
105.471
99.978
96.682
91.1887
85.6955
79.1035
68.1169
56.0316
43.9464
35.1571
24.1705
9.88794
-3.29598
-9.88794
-14.2826
-19.7759
-26.3678
-29.6638
-30.7625
-32.9598
-34.0584
-38.4531
-41.7491
-48.341
-56.0316
-64.8209
-68.1169
-69.2156
-67.0182
-64.8209
-60.4263
-56.0316
-56.0316
-54.933
-54.933
-56.0316
-53.8343
-49.4397
-47.2424
-48.341
-49.4397
-54.933
-60.4263
-63.7223
-68.1169
-68.1169
-63.7223
-59.3276
-50.5383
-46.1437
-43.9464
-43.9464
-41.7491
-36.2558
-29.6638
-25.2692
-21.9732
-19.7759
-17.5786
-18.6772
-20.8745
-20.8745
-18.6772
-14.2826
-12.0853
-8.78928
-5.4933
-6.59196
-7.69062
-4.39464
2.19732
6.59196
14.2826
18.6772
24.1705
27.4665
31.8611
34.0584
38.4531
43.9464
46.1437
46.1437
50.5383
52.7357
53.8343
49.4397
48.341
51.637
53.8343
58.229
64.8209
71.4129
80.2022
88.9914
93.3861
92.2874
91.1887
86.7941
81.3008
76.9062
75.8075
72.5115
65.9196
64.8209
64.8209
60.4263
58.229
58.229
56.0316
52.7357
46.1437
42.8477
40.6504
38.4531
34.0584
27.4665
23.0719
20.8745
12.0853
4.39464
-5.4933
-13.1839
-20.8745
-27.4665
-32.9598
-37.3544
-42.8477
-45.045
-46.1437
-49.4397
-48.341
-54.933
-62.6236
-72.5115
-81.3008
-87.8928
-88.9914
-86.7941
-84.5968
-79.1035
-73.6102
-67.0182
-68.1169
-72.5115
-72.5115
-72.5115
-72.5115
-70.3142
-68.1169
-64.8209
-62.6236
-59.3276
-53.8343
-53.8343
-58.229
-65.9196
-71.4129
-74.7089
-78.0048
-79.1035
-75.8075
-72.5115
-64.8209
-58.229
-52.7357
-52.7357
-47.2424
-42.8477
-38.4531
-31.8611
-28.5652
-23.0719
-19.7759
-17.5786
-19.7759
-20.8745
-23.0719
-25.2692
-26.3678
-25.2692
-23.0719
-15.3812
-2.19732
8.78928
23.0719
34.0584
42.8477
48.341
49.4397
46.1437
43.9464
40.6504
38.4531
42.8477
49.4397
58.229
69.2156
83.4981
101.077
108.767
109.866
107.669
101.077
91.1887
83.4981
74.7089
65.9196
62.6236
67.0182
70.3142
76.9062
86.7941
98.8794
109.866
119.754
123.05
118.655
109.866
98.8794
88.9914
78.0048
65.9196
57.1303
52.7357
51.637
53.8343
56.0316
60.4263
59.3276
53.8343
47.2424
38.4531
29.6638
18.6772
9.88794
1.09866
-9.88794
-17.5786
-19.7759
-21.9732
-23.0719
-21.9732
-20.8745
-18.6772
-17.5786
-24.1705
-28.5652
-34.0584
-41.7491
-43.9464
-47.2424
-54.933
-61.5249
-68.1169
-72.5115
-74.7089
-76.9062
-80.2022
-76.9062
-72.5115
-69.2156
-67.0182
-63.7223
-60.4263
-56.0316
-57.1303
-65.9196
-73.6102
-78.0048
-79.1035
-72.5115
-64.8209
-60.4263
-60.4263
-56.0316
-47.2424
-41.7491
-36.2558
-29.6638
-29.6638
-32.9598
-37.3544
-40.6504
-45.045
-42.8477
-40.6504
-35.1571
-29.6638
-25.2692
-17.5786
-8.78928
-5.4933
-2.19732
1.09866
1.09866
3.29598
6.59196
3.29598
1.09866
0
1.09866
5.4933
7.69062
8.78928
10.9866
13.1839
20.8745
27.4665
31.8611
37.3544
36.2558
35.1571
29.6638
26.3678
27.4665
32.9598
38.4531
39.5517
36.2558
35.1571
36.2558
39.5517
45.045
48.341
48.341
47.2424
43.9464
41.7491
40.6504
38.4531
35.1571
28.5652
21.9732
16.4799
12.0853
9.88794
6.59196
6.59196
6.59196
6.59196
6.59196
7.69062
7.69062
4.39464
1.09866
-5.4933
-12.0853
-18.6772
-27.4665
-32.9598
-35.1571
-30.7625
-27.4665
-21.9732
-19.7759
-15.3812
-10.9866
-8.78928
-8.78928
-10.9866
-10.9866
-13.1839
-10.9866
-12.0853
-12.0853
-12.0853
-9.88794
-6.59196
-5.4933
-5.4933
-5.4933
-4.39464
-3.29598
-1.09866
-1.09866
-1.09866
-4.39464
-2.19732
3.29598
4.39464
7.69062
8.78928
8.78928
9.88794
10.9866
8.78928
8.78928
13.1839
17.5786
19.7759
16.4799
15.3812
14.2826
12.0853
8.78928
9.88794
7.69062
6.59196
6.59196
2.19732
-2.19732
-2.19732
0
-1.09866
-3.29598
-5.4933
-7.69062
-9.88794
-10.9866
-12.0853
-13.1839
-10.9866
-12.0853
-14.2826
-14.2826
-13.1839
-9.88794
-6.59196
-6.59196
-7.69062
-9.88794
-14.2826
-18.6772
-20.8745
-19.7759
-21.9732
-26.3678
-28.5652
-26.3678
-21.9732
-16.4799
-13.1839
-8.78928
-3.29598
3.29598
9.88794
16.4799
23.0719
25.2692
27.4665
26.3678
21.9732
20.8745
18.6772
16.4799
16.4799
18.6772
16.4799
12.0853
12.0853
13.1839
17.5786
23.0719
25.2692
20.8745
19.7759
18.6772
19.7759
18.6772
15.3812
10.9866
6.59196
3.29598
-2.19732
-7.69062
-8.78928
-7.69062
-3.29598
-2.19732
-4.39464
-5.4933
-1.09866
1.09866
0
0
0
-5.4933
-8.78928
-9.88794
-8.78928
-9.88794
-9.88794
-12.0853
-15.3812
-17.5786
-19.7759
-20.8745
-19.7759
-16.4799
-17.5786
-17.5786
-19.7759
-20.8745
-19.7759
-18.6772
-19.7759
-19.7759
-16.4799
-13.1839
-12.0853
-7.69062
-5.4933
1.09866
3.29598
4.39464
4.39464
2.19732
2.19732
3.29598
4.39464
5.4933
5.4933
8.78928
13.1839
15.3812
14.2826
14.2826
12.0853
8.78928
8.78928
5.4933
3.29598
-2.19732
-3.29598
-4.39464
-8.78928
-10.9866
-13.1839
-16.4799
-16.4799
-13.1839
-7.69062
-1.09866
3.29598
6.59196
8.78928
9.88794
12.0853
13.1839
8.78928
6.59196
1.09866
-1.09866
1.09866
3.29598
7.69062
8.78928
7.69062
10.9866
12.0853
15.3812
20.8745
21.9732
23.0719
20.8745
15.3812
8.78928
2.19732
-1.09866
-5.4933
-9.88794
-12.0853
-12.0853
-9.88794
-3.29598
4.39464
8.78928
14.2826
18.6772
19.7759
17.5786
18.6772
15.3812
14.2826
13.1839
9.88794
9.88794
7.69062
6.59196
6.59196
7.69062
7.69062
9.88794
8.78928
9.88794
8.78928
6.59196
4.39464
3.29598
1.09866
-4.39464
-9.88794
-17.5786
-18.6772
-19.7759
-17.5786
-14.2826
-12.0853
-8.78928
-7.69062
-5.4933
-2.19732
-1.09866
-2.19732
-1.09866
-2.19732
-3.29598
-4.39464
-8.78928
-9.88794
-13.1839
-14.2826
-13.1839
-12.0853
-6.59196
-1.09866
1.09866
4.39464
3.29598
1.09866
2.19732
-1.09866
-2.19732
-6.59196
-14.2826
-18.6772
-18.6772
-21.9732
-20.8745
-20.8745
-18.6772
-14.2826
-8.78928
-5.4933
-5.4933
-5.4933
-7.69062
-9.88794
-13.1839
-9.88794
-7.69062
-7.69062
-6.59196
-5.4933
-3.29598
1.09866
5.4933
7.69062
10.9866
7.69062
6.59196
3.29598
4.39464
6.59196
6.59196
3.29598
-1.09866
-1.09866
-1.09866
0
1.09866
3.29598
2.19732
0
0
2.19732
6.59196
5.4933
4.39464
3.29598
4.39464
3.29598
1.09866
-4.39464
-3.29598
-1.09866
-1.09866
2.19732
4.39464
7.69062
10.9866
9.88794
13.1839
15.3812
12.0853
12.0853
13.1839
8.78928
9.88794
9.88794
9.88794
14.2826
13.1839
13.1839
12.0853
7.69062
8.78928
9.88794
6.59196
5.4933
1.09866
-4.39464
-6.59196
-7.69062
-6.59196
-5.4933
-9.88794
-10.9866
-10.9866
-9.88794
-2.19732
2.19732
2.19732
3.29598
1.09866
-1.09866
1.09866
-2.19732
-3.29598
-6.59196
-10.9866
-16.4799
-19.7759
-17.5786
-10.9866
-7.69062
-6.59196
-4.39464
-2.19732
3.29598
5.4933
6.59196
4.39464
3.29598
1.09866
-3.29598
-3.29598
-2.19732
-2.19732
2.19732
2.19732
3.29598
6.59196
7.69062
9.88794
10.9866
12.0853
15.3812
15.3812
16.4799
15.3812
12.0853
8.78928
5.4933
2.19732
0
0
0
0
4.39464
6.59196
8.78928
10.9866
7.69062
4.39464
1.09866
1.09866
-1.09866
-2.19732
-4.39464
-7.69062
-14.2826
-18.6772
-20.8745
-19.7759
-16.4799
-14.2826
-10.9866
-9.88794
-9.88794
-8.78928
-8.78928
-10.9866
-13.1839
-17.5786
-16.4799
-19.7759
-18.6772
-17.5786
-19.7759
-18.6772
-20.8745
-20.8745
-21.9732
-21.9732
-20.8745
-18.6772
-13.1839
-12.0853
-10.9866
-10.9866
-9.88794
-9.88794
-10.9866
-9.88794
-8.78928
-8.78928
-9.88794
-9.88794
-10.9866
-13.1839
-14.2826
-14.2826
-14.2826
-13.1839
-13.1839
-12.0853
-6.59196
-1.09866
3.29598
7.69062
8.78928
7.69062
6.59196
5.4933
5.4933
6.59196
6.59196
6.59196
8.78928
10.9866
14.2826
17.5786
23.0719
25.2692
32.9598
36.2558
40.6504
45.045
47.2424
46.1437
42.8477
37.3544
31.8611
28.5652
30.7625
35.1571
41.7491
47.2424
49.4397
47.2424
45.045
43.9464
41.7491
41.7491
38.4531
32.9598
28.5652
23.0719
19.7759
19.7759
20.8745
19.7759
18.6772
17.5786
16.4799
17.5786
18.6772
17.5786
14.2826
7.69062
0
-7.69062
-15.3812
-17.5786
-19.7759
-19.7759
-19.7759
-19.7759
-19.7759
-17.5786
-15.3812
-14.2826
-12.0853
-10.9866
-12.0853
-14.2826
-17.5786
-19.7759
-20.8745
-20.8745
-20.8745
-18.6772
-18.6772
-18.6772
-17.5786
-18.6772
-16.4799
-16.4799
-19.7759
-20.8745
-25.2692
-27.4665
-30.7625
-31.8611
-35.1571
-38.4531
-39.5517
-42.8477
-43.9464
-47.2424
-50.5383
-50.5383
-48.341
-43.9464
-45.045
-42.8477
-39.5517
-35.1571
-30.7625
-29.6638
-27.4665
-23.0719
-21.9732
-19.7759
-20.8745
-18.6772
-15.3812
-13.1839
-10.9866
-6.59196
-1.09866
2.19732
5.4933
8.78928
13.1839
16.4799
14.2826
12.0853
9.88794
9.88794
8.78928
3.29598
3.29598
4.39464
3.29598
5.4933
6.59196
8.78928
14.2826
17.5786
19.7759
23.0719
26.3678
28.5652
30.7625
32.9598
31.8611
31.8611
29.6638
28.5652
29.6638
30.7625
29.6638
27.4665
24.1705
21.9732
21.9732
24.1705
23.0719
21.9732
20.8745
17.5786
15.3812
14.2826
16.4799
20.8745
25.2692
28.5652
30.7625
30.7625
27.4665
26.3678
24.1705
20.8745
20.8745
18.6772
15.3812
13.1839
7.69062
5.4933
3.29598
1.09866
1.09866
1.09866
3.29598
2.19732
4.39464
6.59196
6.59196
7.69062
7.69062
7.69062
6.59196
1.09866
0
0
-2.19732
-4.39464
-7.69062
-10.9866
-14.2826
-17.5786
-21.9732
-27.4665
-29.6638
-32.9598
-36.2558
-39.5517
-42.8477
-45.045
-47.2424
-50.5383
-51.637
-51.637
-51.637
-49.4397
-47.2424
-45.045
-40.6504
-36.2558
-30.7625
-23.0719
-16.4799
-10.9866
-5.4933
-1.09866
1.09866
4.39464
7.69062
8.78928
10.9866
10.9866
7.69062
3.29598
-2.19732
-7.69062
-12.0853
-13.1839
-13.1839
-14.2826
-12.0853
-10.9866
-8.78928
-5.4933
-4.39464
-1.09866
0
0
2.19732
2.19732
5.4933
7.69062
9.88794
10.9866
15.3812
18.6772
21.9732
25.2692
28.5652
32.9598
37.3544
41.7491
45.045
48.341
52.7357
57.1303
60.4263
63.7223
64.8209
65.9196
64.8209
61.5249
58.229
51.637
47.2424
41.7491
34.0584
30.7625
26.3678
20.8745
18.6772
16.4799
17.5786
16.4799
14.2826
15.3812
16.4799
16.4799
18.6772
17.5786
15.3812
12.0853
6.59196
0
-7.69062
-10.9866
-14.2826
-20.8745
-25.2692
-30.7625
-37.3544
-43.9464
-50.5383
-56.0316
-60.4263
-65.9196
-70.3142
-71.4129
-71.4129
-70.3142
-71.4129
-71.4129
-70.3142
-65.9196
-61.5249
-60.4263
-57.1303
-56.0316
-53.8343
-50.5383
-42.8477
-39.5517
-32.9598
-28.5652
-25.2692
-18.6772
-14.2826
-10.9866
-6.59196
-5.4933
-6.59196
-7.69062
-10.9866
-16.4799
-17.5786
-19.7759
-19.7759
-17.5786
-16.4799
-14.2826
-12.0853
-13.1839
-10.9866
-8.78928
-4.39464
0
2.19732
3.29598
2.19732
2.19732
1.09866
3.29598
3.29598
6.59196
7.69062
10.9866
17.5786
23.0719
27.4665
32.9598
36.2558
40.6504
43.9464
47.2424
47.2424
45.045
43.9464
43.9464
43.9464
45.045
43.9464
45.045
45.045
46.1437
48.341
53.8343
56.0316
58.229
60.4263
60.4263
62.6236
59.3276
57.1303
54.933
49.4397
41.7491
35.1571
27.4665
24.1705
20.8745
17.5786
17.5786
16.4799
13.1839
10.9866
6.59196
3.29598
-1.09866
-4.39464
-4.39464
-6.59196
-6.59196
-8.78928
-8.78928
-8.78928
-9.88794
-8.78928
-10.9866
-13.1839
-17.5786
-19.7759
-23.0719
-25.2692
-27.4665
-29.6638
-27.4665
-24.1705
-20.8745
-17.5786
-14.2826
-15.3812
-16.4799
-19.7759
-25.2692
-28.5652
-35.1571
-41.7491
-43.9464
-46.1437
-46.1437
-43.9464
-40.6504
-36.2558
-32.9598
-29.6638
-27.4665
-26.3678
-27.4665
-29.6638
-31.8611
-32.9598
-35.1571
-35.1571
-34.0584
-31.8611
-28.5652
-27.4665
-26.3678
-26.3678
-26.3678
-21.9732
-16.4799
-12.0853
-7.69062
-4.39464
-1.09866
2.19732
2.19732
5.4933
7.69062
12.0853
13.1839
12.0853
9.88794
7.69062
7.69062
9.88794
12.0853
15.3812
16.4799
20.8745
24.1705
29.6638
32.9598
34.0584
35.1571
35.1571
35.1571
34.0584
32.9598
31.8611
31.8611
31.8611
29.6638
25.2692
20.8745
18.6772
17.5786
18.6772
19.7759
20.8745
19.7759
16.4799
14.2826
10.9866
7.69062
4.39464
2.19732
1.09866
0
-3.29598
-5.4933
-5.4933
-2.19732
3.29598
8.78928
10.9866
9.88794
6.59196
-1.09866
-6.59196
-14.2826
-16.4799
-15.3812
-15.3812
-10.9866
-6.59196
-4.39464
-1.09866
0
0
0
-2.19732
-2.19732
-4.39464
-3.29598
-4.39464
-8.78928
-9.88794
-9.88794
-8.78928
-6.59196
-3.29598
-1.09866
1.09866
-1.09866
-5.4933
-10.9866
-16.4799
-21.9732
-25.2692
-28.5652
-30.7625
-32.9598
-32.9598
-30.7625
-25.2692
-21.9732
-15.3812
-9.88794
-4.39464
0
1.09866
1.09866
2.19732
0
0
0
1.09866
5.4933
8.78928
13.1839
18.6772
18.6772
20.8745
21.9732
21.9732
25.2692
27.4665
27.4665
30.7625
31.8611
30.7625
28.5652
27.4665
27.4665
28.5652
28.5652
29.6638
26.3678
20.8745
18.6772
12.0853
7.69062
4.39464
2.19732
0
-3.29598
-7.69062
-9.88794
-13.1839
-19.7759
-19.7759
-19.7759
-18.6772
-15.3812
-12.0853
-6.59196
-1.09866
2.19732
4.39464
4.39464
4.39464
7.69062
7.69062
7.69062
9.88794
10.9866
10.9866
9.88794
7.69062
5.4933
3.29598
1.09866
-1.09866
-3.29598
-5.4933
-7.69062
-9.88794
-10.9866
-10.9866
-13.1839
-14.2826
-15.3812
-16.4799
-17.5786
-19.7759
-19.7759
-20.8745
-24.1705
-28.5652
-31.8611
-38.4531
-41.7491
-47.2424
-51.637
-53.8343
-58.229
-58.229
-59.3276
-58.229
-54.933
-50.5383
-46.1437
-42.8477
-38.4531
-36.2558
-32.9598
-30.7625
-24.1705
-19.7759
-18.6772
-14.2826
-13.1839
-13.1839
-8.78928
-6.59196
-3.29598
0
1.09866
3.29598
5.4933
6.59196
9.88794
9.88794
14.2826
15.3812
17.5786
20.8745
23.0719
24.1705
27.4665
29.6638
34.0584
38.4531
42.8477
47.2424
51.637
54.933
58.229
61.5249
60.4263
58.229
56.0316
54.933
51.637
50.5383
49.4397
48.341
46.1437
43.9464
42.8477
41.7491
42.8477
41.7491
40.6504
40.6504
41.7491
43.9464
46.1437
46.1437
45.045
42.8477
39.5517
35.1571
30.7625
24.1705
17.5786
12.0853
5.4933
0
-4.39464
-6.59196
-7.69062
-7.69062
-14.2826
-17.5786
-19.7759
-21.9732
-23.0719
-24.1705
-25.2692
-25.2692
-29.6638
-31.8611
-35.1571
-36.2558
-37.3544
-38.4531
-39.5517
-41.7491
-43.9464
-42.8477
-38.4531
-36.2558
-34.0584
-32.9598
-31.8611
-29.6638
-26.3678
-24.1705
-23.0719
-21.9732
-21.9732
-19.7759
-17.5786
-16.4799
-13.1839
-7.69062
-5.4933
-3.29598
-1.09866
0
1.09866
3.29598
4.39464
6.59196
9.88794
7.69062
6.59196
4.39464
2.19732
0
-1.09866
-4.39464
-6.59196
-7.69062
-8.78928
-7.69062
-9.88794
-8.78928
-8.78928
-8.78928
-8.78928
-8.78928
-8.78928
-7.69062
-7.69062
-7.69062
-8.78928
-10.9866
-9.88794
-5.4933
-6.59196
-6.59196
-5.4933
-5.4933
-4.39464
0
1.09866
5.4933
8.78928
12.0853
12.0853
10.9866
12.0853
10.9866
13.1839
14.2826
10.9866
8.78928
7.69062
4.39464
4.39464
3.29598
1.09866
2.19732
4.39464
6.59196
9.88794
10.9866
12.0853
10.9866
7.69062
5.4933
1.09866
-1.09866
-2.19732
-2.19732
-2.19732
-1.09866
-4.39464
-5.4933
-7.69062
-9.88794
-7.69062
-7.69062
-6.59196
-5.4933
-6.59196
-5.4933
-2.19732
0
4.39464
5.4933
6.59196
5.4933
5.4933
6.59196
7.69062
8.78928
9.88794
9.88794
6.59196
5.4933
4.39464
4.39464
8.78928
10.9866
13.1839
13.1839
14.2826
13.1839
9.88794
8.78928
7.69062
7.69062
6.59196
6.59196
3.29598
-1.09866
-3.29598
-6.59196
-4.39464
-2.19732
-1.09866
0
0
1.09866
4.39464
5.4933
7.69062
12.0853
9.88794
8.78928
4.39464
1.09866
-2.19732
-5.4933
-8.78928
-10.9866
-13.1839
-16.4799
-20.8745
-23.0719
-24.1705
-24.1705
-21.9732
-18.6772
-17.5786
-17.5786
-18.6772
-16.4799
-16.4799
-14.2826
-13.1839
-10.9866
-8.78928
-6.59196
-2.19732
3.29598
8.78928
13.1839
14.2826
17.5786
17.5786
18.6772
19.7759
17.5786
15.3812
14.2826
13.1839
12.0853
10.9866
9.88794
7.69062
6.59196
5.4933
2.19732
1.09866
1.09866
1.09866
2.19732
2.19732
1.09866
-1.09866
-2.19732
-3.29598
-3.29598
-2.19732
0
0
2.19732
3.29598
4.39464
5.4933
6.59196
8.78928
9.88794
8.78928
5.4933
1.09866
-4.39464
-8.78928
-10.9866
-15.3812
-17.5786
-20.8745
-23.0719
-23.0719
-24.1705
-21.9732
-17.5786
-13.1839
-10.9866
-7.69062
-5.4933
-3.29598
0
0
2.19732
1.09866
2.19732
1.09866
0
1.09866
2.19732
3.29598
6.59196
7.69062
8.78928
7.69062
7.69062
8.78928
9.88794
7.69062
6.59196
3.29598
0
-3.29598
-5.4933
-8.78928
-8.78928
-6.59196
-5.4933
-2.19732
0
4.39464
5.4933
7.69062
8.78928
7.69062
6.59196
5.4933
3.29598
1.09866
-2.19732
-3.29598
-5.4933
-5.4933
-4.39464
-3.29598
-2.19732
0
3.29598
5.4933
8.78928
10.9866
12.0853
10.9866
9.88794
10.9866
9.88794
8.78928
7.69062
