SAMPLES: 9894
BITSPERSAMPLE:	16
CHANNELS:	1
SAMPLERATE:	16000
NORMALIZED:	FALSE
3.26691
2.45018
1.63345
0.816727
-0.816727
-2.45018
-2.45018
-3.26691
-3.26691
-2.45018
-0.816727
-0.816727
0
0.816727
1.63345
1.63345
1.63345
2.45018
2.45018
2.45018
1.63345
1.63345
2.45018
2.45018
2.45018
2.45018
3.26691
3.26691
4.08363
4.08363
4.08363
2.45018
0
0
-1.63345
-0.816727
-4.08363
-3.26691
-1.63345
0
0.816727
2.45018
3.26691
3.26691
1.63345
0
-0.816727
-3.26691
-4.08363
-4.08363
-5.71709
-4.90036
-3.26691
-3.26691
-2.45018
0
0
0
-0.816727
-3.26691
-2.45018
-1.63345
-0.816727
-0.816727
0
0
-1.63345
-4.08363
-5.71709
-4.08363
-4.08363
-4.08363
-3.26691
1.63345
8.16727
8.16727
4.90036
2.45018
-1.63345
-7.35054
-9.80072
-15.5178
-17.968
-17.968
-22.8683
-22.8683
-18.7847
-17.968
-11.4342
-4.08363
-1.63345
1.63345
3.26691
0.816727
-2.45018
-2.45018
-4.90036
-8.16727
-13.8844
-13.8844
-6.53381
1.63345
10.6174
15.5178
20.4182
24.5018
25.3185
23.6851
22.0516
13.8844
0
-10.6174
-18.7847
-22.0516
-13.0676
-8.16727
-1.63345
8.16727
13.0676
16.3345
22.0516
23.6851
18.7847
8.98399
-5.71709
-20.4182
-26.952
-28.5854
-25.3185
-17.968
-9.80072
0
10.6174
21.2349
31.0356
34.3025
30.2189
21.2349
6.53381
-3.26691
-8.98399
-13.8844
-13.0676
-8.98399
-5.71709
4.08363
17.1513
25.3185
32.6691
37.5694
31.8523
22.8683
15.5178
1.63345
-6.53381
-10.6174
-16.3345
-20.4182
-15.5178
-8.16727
-2.45018
8.16727
16.3345
18.7847
22.8683
17.968
5.71709
-5.71709
-17.968
-31.0356
-35.1192
-34.3025
-30.2189
-18.7847
-8.98399
0
12.2509
17.1513
22.8683
26.1352
20.4182
13.8844
0.816727
-17.1513
-22.8683
-21.2349
-17.1513
-4.90036
-2.45018
-1.63345
9.80072
18.7847
26.1352
35.936
35.936
24.5018
12.2509
-3.26691
-17.968
-22.8683
-24.5018
-28.5854
-30.2189
-24.5018
-17.968
-7.35054
7.35054
13.0676
13.8844
12.2509
1.63345
-4.90036
-4.08363
-6.53381
-16.3345
-20.4182
-27.7687
-30.2189
-23.6851
-13.8844
-4.08363
5.71709
13.0676
15.5178
16.3345
22.0516
20.4182
11.4342
0
-16.3345
-29.4022
-26.952
-22.8683
-17.968
-6.53381
-0.816727
5.71709
18.7847
22.8683
26.1352
26.952
13.0676
0.816727
-4.90036
-12.2509
-11.4342
-6.53381
-8.98399
-5.71709
-0.816727
5.71709
19.6014
28.5854
25.3185
21.2349
11.4342
-0.816727
-5.71709
-13.8844
-20.4182
-20.4182
-20.4182
-17.1513
-9.80072
-4.08363
1.63345
7.35054
10.6174
9.80072
8.16727
2.45018
-1.63345
-9.80072
-15.5178
-16.3345
-14.7011
-8.98399
-5.71709
-0.816727
6.53381
9.80072
13.8844
13.0676
12.2509
9.80072
6.53381
1.63345
-4.08363
-8.16727
-7.35054
-7.35054
-7.35054
-4.08363
-0.816727
0
5.71709
9.80072
11.4342
11.4342
11.4342
6.53381
8.16727
9.80072
5.71709
3.26691
-0.816727
0
5.71709
9.80072
15.5178
19.6014
17.968
16.3345
8.98399
-1.63345
-0.816727
-3.26691
-5.71709
-4.08363
-6.53381
-5.71709
0
3.26691
9.80072
20.4182
22.0516
18.7847
16.3345
10.6174
8.16727
9.80072
5.71709
3.26691
2.45018
-0.816727
-1.63345
-0.816727
0.816727
6.53381
10.6174
8.98399
5.71709
2.45018
-4.08363
-10.6174
-14.7011
-22.8683
-23.6851
-24.5018
-23.6851
-14.7011
-10.6174
-5.71709
-7.35054
-13.0676
-17.968
-22.0516
-25.3185
-31.8523
-40.8363
-44.92
-49.0036
-51.4538
-49.8203
-40.8363
-28.5854
-17.1513
-9.80072
-7.35054
-2.45018
4.90036
5.71709
7.35054
1.63345
-8.98399
-17.1513
-22.8683
-22.8683
-20.4182
-9.80072
-7.35054
-4.08363
4.08363
8.98399
18.7847
24.5018
26.1352
17.968
14.7011
7.35054
1.63345
6.53381
2.45018
3.26691
2.45018
1.63345
3.26691
8.98399
19.6014
23.6851
26.1352
20.4182
17.968
17.968
9.80072
12.2509
12.2509
8.16727
6.53381
1.63345
1.63345
3.26691
6.53381
6.53381
10.6174
12.2509
8.98399
12.2509
12.2509
15.5178
23.6851
16.3345
16.3345
17.968
19.6014
30.2189
39.2029
41.6531
43.2865
44.1032
35.936
34.3025
31.8523
19.6014
11.4342
-0.816727
-10.6174
-16.3345
-23.6851
-31.8523
-40.8363
-45.7367
-52.2705
-59.621
-62.0712
-54.7207
-51.4538
-57.9876
-54.7207
-54.7207
-53.904
-45.7367
-40.8363
-25.3185
-13.0676
-13.0676
-2.45018
13.8844
22.8683
22.8683
18.7847
10.6174
-6.53381
-26.952
-49.0036
-65.3381
-73.5054
-86.573
-96.3737
-100.457
-87.3897
-74.3221
-62.8879
-48.1869
-39.2029
-42.4698
-47.3701
-49.8203
-57.9876
-44.92
-18.7847
20.4182
80.0392
144.561
222.966
303.822
369.977
427.965
463.901
480.235
463.901
414.897
349.559
256.452
157.628
63.7047
-20.4182
-77.589
-110.258
-121.692
-112.708
-79.2225
-35.936
2.45018
22.8683
16.3345
-11.4342
-59.621
-112.708
-155.178
-170.696
-169.062
-145.377
-113.525
-63.7047
28.5854
123.326
201.731
227.867
233.584
224.6
185.397
101.274
66.1549
81.6727
50.637
16.3345
-32.6691
-37.5694
-22.0516
-30.2189
-40.0196
-26.1352
-49.0036
-179.68
-289.938
-391.212
-472.885
-481.052
-508.821
-499.02
-414.08
-316.89
-225.417
-109.441
2.45018
57.9876
70.2385
-0.816727
-76.7723
-151.094
-265.436
-372.427
-463.084
-494.12
-488.402
-463.084
-389.579
-313.623
-270.336
-281.771
-373.244
-499.02
-602.744
-704.835
-873.897
-1031.53
-1065.83
-930.252
-652.565
-187.847
518.621
1147.5
1510.94
1795.98
2106.34
2292.55
2247.63
2046.72
1765.76
1299.41
527.605
-187.03
-548.024
-735.054
-814.276
-721.17
-495.753
-183.763
179.68
499.837
735.054
874.714
783.241
378.961
-199.281
-675.433
-969.454
-1155.67
-1221.82
-1082.98
-685.234
-150.278
415.714
1063.38
1662.86
1953.61
1885
1577.92
1118.1
614.178
96.3737
-500.653
-1078.9
-1449.69
-1577.92
-1491.34
-1172
-685.234
-226.233
100.457
280.137
343.842
325.874
172.329
-164.979
-604.378
-977.622
-1228.36
-1307.58
-1167.1
-827.344
-311.99
249.102
765.273
1247.14
1629.37
1804.97
1715.13
1360.67
840.412
279.32
-279.32
-786.508
-1145.05
-1307.58
-1312.48
-1184.25
-913.917
-548.024
-202.548
38.3861
148.644
110.258
-13.8844
-148.644
-314.44
-451.65
-500.653
-404.28
-184.58
124.959
520.255
931.068
1277.36
1464.39
1472.56
1341.07
1091.15
683.6
144.561
-384.678
-882.065
-1245.51
-1393.34
-1383.53
-1182.62
-878.798
-540.673
-195.198
118.425
349.559
458.184
406.73
176.413
-80.8559
-305.456
-466.351
-528.422
-496.57
-336.491
-111.892
151.094
448.383
704.018
864.913
864.913
701.568
430.415
126.593
-178.046
-487.586
-757.922
-949.853
-1049.49
-1075.63
-1020.09
-824.894
-588.043
-418.164
-316.89
-214.799
-98.0072
-58.8043
64.5214
385.495
663.999
796.308
1006.21
1386.8
1683.27
1840.08
1971.58
2055.7
1934.83
1502.78
999.673
570.892
106.174
-367.527
-720.353
-936.785
-1030.71
-977.622
-895.949
-762.006
-491.669
-263.803
-267.886
-418.164
-487.586
-545.573
-673.799
-746.488
-696.668
-527.605
-307.089
-3.26691
425.515
911.467
1314.11
1527.28
1587.72
1507.68
1323.1
996.406
534.139
35.1192
-454.1
-891.865
-1256.94
-1448.87
-1452.14
-1365.57
-1225.09
-1074
-912.284
-731.787
-575.792
-516.171
-532.506
-552.924
-579.059
-577.426
-505.554
-328.324
-64.5214
254.819
563.541
850.212
1177.72
1470.11
1583.63
1506.86
1312.48
1066.64
731.787
324.24
-61.2545
-370.794
-632.963
-870.631
-989.056
-948.22
-802.025
-650.114
-531.689
-427.148
-327.507
-260.536
-242.568
-218.883
-147.011
-45.7367
51.4538
178.863
381.411
637.863
870.631
1007.84
1069.91
1097.68
1047.04
878.798
632.146
338.125
4.90036
-332.408
-646.847
-882.065
-1019.27
-1073.18
-1069.1
-1009.47
-888.598
-713.819
-519.438
-386.312
-313.623
-289.121
-326.691
-434.499
-630.513
-833.061
-974.355
-998.04
-831.428
-352.009
375.694
986.606
1348.42
1657.95
2014.05
2232.11
2228.85
2148.81
1958.51
1399.87
441.032
-472.885
-1055.21
-1455.41
-1729.83
-1740.44
-1468.47
-1082.98
-628.879
-67.7883
597.844
1247.14
1539.53
1328.81
815.91
310.356
-116.792
-560.274
-938.419
-1088.7
-1004.57
-791.408
-364.26
393.662
1249.59
1835.18
2023.85
1973.21
1792.71
1448.87
876.348
102.908
-707.285
-1452.14
-2047.53
-2333.39
-2198.63
-1750.25
-1212.02
-688.5
-182.947
323.424
768.54
1010.29
944.953
610.095
121.692
-433.682
-895.132
-1139.33
-1132.8
-931.885
-592.943
-113.525
473.701
1100.13
1613.85
1838.45
1740.44
1388.44
858.38
196.014
-536.589
-1190.79
-1617.94
-1871.12
-1951.98
-1737.99
-1227.54
-556.191
74.3221
588.86
974.355
1228.36
1251.23
1024.18
690.134
286.671
-169.062
-592.943
-840.412
-815.093
-602.744
-308.723
57.9876
489.219
897.582
1172.82
1238.97
1091.15
772.623
299.739
-256.452
-806.926
-1272.46
-1568.93
-1718.39
-1701.24
-1493.79
-1126.27
-655.831
-190.297
186.214
462.267
610.095
616.629
478.602
256.452
43.2865
-163.345
-405.096
-654.198
-788.141
-782.424
-715.452
-525.972
-72.6887
633.78
1270.01
1595.07
1769.85
1942.99
2014.86
1865.4
1700.42
1615.49
1359.03
735.871
-31.0356
-551.29
-842.862
-1057.66
-1134.43
-998.857
-715.452
-420.614
-84.9396
380.595
958.837
1385.17
1368.02
1024.99
593.76
222.15
-177.23
-601.111
-884.515
-998.857
-998.857
-883.698
-474.518
171.513
739.138
1009.47
1028.26
977.622
819.177
481.052
-34.3025
-640.314
-1261.03
-1840.08
-2237.83
-2325.22
-2055.7
-1595.88
-1095.23
-570.075
-21.2349
563.541
1057.66
1319.83
1307.58
1057.66
638.68
140.477
-290.755
-573.342
-708.102
-768.54
-753.839
-561.091
-198.465
225.417
546.39
676.25
630.513
448.383
140.477
-257.269
-603.561
-888.598
-1087.06
-1174.45
-1093.6
-713.819
-164.162
387.945
863.28
1303.5
1636.72
1762.5
1740.44
1510.94
1146.68
686.05
133.943
-318.523
-600.294
-733.42
-769.356
-679.516
-505.554
-267.886
2.45018
176.413
244.201
155.178
-40.0196
-310.356
-607.645
-819.993
-947.403
-975.172
-900.849
-708.102
-374.877
73.5054
522.705
867.364
1082.16
1117.28
1003.76
748.938
343.842
-155.995
-714.636
-1275.73
-1799.25
-2081.84
-1909.51
-1407.22
-793.041
-127.409
583.143
1238.97
1767.4
2154.52
2424.04
2529.4
2282.75
1699.61
1005.39
297.288
-387.945
-935.152
-1251.23
-1323.91
-1149.13
-806.109
-384.678
124.959
654.198
1051.13
1181.8
1032.34
683.6
167.429
-411.63
-945.769
-1345.15
-1569.75
-1634.27
-1460.31
-996.406
-324.24
387.945
1035.61
1497.06
1712.68
1744.53
1559.95
1134.43
490.036
-267.07
-1007.84
-1609.77
-1965.86
-2057.33
-1888.27
-1512.58
-1006.21
-426.331
182.13
724.436
1060.93
1162.2
1046.23
745.671
322.607
-158.445
-567.625
-815.91
-891.049
-783.241
-476.152
-15.5178
506.37
1015.19
1417.84
1644.07
1626.1
1345.15
844.495
243.385
-358.543
-971.088
-1500.33
-1795.98
-1803.33
-1553.41
-1069.91
-405.913
307.906
931.885
1389.25
1711.04
1845.8
1687.36
1267.56
696.668
90.6566
-453.283
-874.714
-1124.63
-1157.3
-1028.26
-782.424
-438.582
-50.637
305.456
533.322
574.975
440.216
156.811
-233.584
-655.831
-1052.76
-1348.42
-1497.06
-1475.82
-1262.66
-887.782
-370.794
186.214
673.799
999.673
1115.65
1060.11
804.476
361.81
-227.867
-879.615
-1457.86
-1798.43
-1728.19
-1305.95
-724.436
-83.3061
661.549
1430.09
2041.82
2510.62
2865.08
2996.57
2669.06
1934.83
1123
339.758
-432.048
-1094.41
-1427.64
-1442.34
-1288.79
-994.773
-481.869
271.153
1010.29
1499.51
1651.42
1519.93
1199.77
685.234
43.2865
-577.426
-1048.68
-1398.24
-1597.52
-1489.71
-971.905
-234.401
389.579
881.248
1310.03
1621.2
1689.81
1460.31
1002.12
314.44
-543.123
-1423.55
-2133.29
-2531.85
-2633.94
-2511.43
-2205.98
-1659.59
-917.184
-121.692
574.159
1091.96
1391.7
1405.59
1133.62
687.684
205.815
-259.719
-677.883
-971.905
-1061.74
-884.515
-488.402
8.16727
517.805
954.753
1246.32
1312.48
1168.74
885.332
454.1
-116.792
-755.472
-1295.33
-1607.32
-1663.67
-1491.34
-1098.5
-509.637
136.393
728.52
1261.84
1680.01
1875.2
1786.18
1466.84
993.956
442.666
-106.174
-590.493
-931.885
-1123
-1149.95
-1029.89
-793.858
-454.1
-102.908
154.361
267.886
236.851
78.4057
-194.381
-526.789
-844.495
-1095.23
-1233.26
-1227.54
-1060.11
-757.922
-355.276
75.1388
452.467
720.353
832.244
757.106
466.351
57.1709
-275.237
-403.463
-393.662
-342.208
-169.879
173.146
614.995
1074
1585.27
2178.21
2558.8
2482.03
2026.3
1412.12
733.42
-17.968
-689.317
-1140.15
-1341.07
-1361.48
-1187.52
-703.202
56.3541
847.762
1368.83
1569.75
1512.58
1248.77
788.141
162.529
-476.968
-1038.06
-1452.14
-1680.01
-1550.15
-979.255
-195.198
562.725
1214.47
1773.11
2138.19
2223.95
2003.43
1491.34
744.038
-205.815
-1207.12
-2095.72
-2682.95
-2925.51
-2916.53
-2682.13
-2223.13
-1550.15
-808.559
-127.409
428.781
769.356
824.894
599.477
228.683
-177.23
-547.207
-852.663
-1065.83
-1049.49
-735.054
-168.246
490.853
1134.43
1701.24
2067.95
2193.73
2054.88
1695.52
1140.97
401.829
-445.116
-1265.11
-1863.77
-2205.16
-2290.92
-2084.29
-1604.87
-933.518
-220.516
458.184
1065.83
1528.1
1781.28
1787
1574.65
1195.69
734.237
226.233
-265.436
-643.581
-884.515
-953.12
-904.933
-752.205
-522.705
-279.32
-63.7047
43.2865
57.9876
-32.6691
-250.735
-557.008
-877.981
-1142.6
-1327.18
-1384.35
-1319.83
-1132.8
-819.177
-429.598
-49.0036
280.137
544.757
681.967
753.839
929.435
1261.84
1547.7
1594.25
1581.18
1647.34
1713.49
1688.99
1719.21
1869.49
1791.9
1287.98
600.294
23.6851
-499.837
-1064.19
-1515.03
-1720.03
-1759.23
-1741.26
-1524.01
-971.088
-184.58
543.123
962.104
1121.37
1172
1167.92
997.223
661.549
322.607
31.0356
-267.886
-514.538
-442.666
-60.4378
318.523
568.442
786.508
1027.44
1167.1
1125.45
885.332
441.849
-175.596
-904.933
-1596.7
-2104.7
-2335.84
-2362.79
-2266.42
-2058.15
-1688.99
-1114.02
-463.084
109.441
542.306
794.675
837.145
705.652
490.853
249.918
26.1352
-184.58
-355.276
-370.794
-155.178
208.265
551.29
826.527
1058.48
1230.81
1306.76
1184.25
868.997
446.749
-89.8399
-684.417
-1194.05
-1533.81
-1676.74
-1648.97
-1485.63
-1172
-702.385
-162.529
374.877
869.814
1245.51
1482.36
1543.61
1430.09
1235.71
999.673
695.851
329.141
-5.71709
-242.568
-374.061
-424.698
-427.965
-414.08
-458.184
-538.223
-637.047
-758.739
-909.833
-1107.48
-1323.91
-1518.29
-1623.65
-1636.72
-1546.06
-1377
-1199.77
-988.239
-757.106
-519.438
-296.472
-102.908
217.249
740.771
1311.66
1703.69
1998.53
2313.79
2562.07
2644.56
2638.03
2682.13
2589.84
2126.76
1361.48
589.677
-122.509
-860.83
-1497.88
-1860.5
-1944.63
-1962.59
-1895.62
-1523.2
-865.73
-133.126
389.579
654.198
742.404
746.488
652.565
441.849
262.986
115.975
-15.5178
-103.724
53.904
553.741
1129.53
1582
1867.04
2086.74
2198.63
2086.74
1739.63
1192.42
463.084
-442.666
-1365.57
-2161.88
-2684.58
-2920.61
-2976.15
-2860.99
-2554.72
-2010.78
-1332.08
-678.7
-120.876
308.723
561.908
568.442
440.216
326.691
249.918
161.712
76.7723
117.609
323.424
653.381
1008.66
1326.36
1565.66
1633.45
1534.63
1260.21
822.444
273.603
-400.196
-1122.18
-1746.98
-2168.41
-2367.69
-2348.91
-2147.99
-1800.88
-1280.63
-673.799
-62.8879
530.056
1014.37
1319.01
1445.61
1426.82
1316.56
1148.32
922.084
629.696
342.208
129.86
-2.45018
-59.621
-81.6727
-112.708
-160.895
-267.07
-427.148
-630.513
-869.814
-1151.58
-1452.14
-1725.74
-1954.43
-2045.9
-1975.66
-1782.91
-1493.79
-1165.47
-802.025
-396.112
0
355.276
764.456
1312.48
1841.72
2192.91
2437.93
2700.91
2896.11
2886.31
2813.62
2811.99
2696.01
2220.68
1490.53
772.623
67.7883
-687.684
-1345.97
-1711.86
-1820.48
-1867.85
-1820.48
-1501.14
-918.817
-317.707
122.509
388.762
482.685
424.698
272.787
46.5534
-210.715
-405.913
-542.306
-639.497
-553.741
-154.361
414.897
953.937
1427.64
1853.15
2143.91
2205.16
2025.48
1610.58
966.188
102.091
-909.833
-1876.84
-2619.24
-3092.94
-3349.4
-3385.33
-3155.01
-2653.54
-1963.41
-1204.67
-462.267
156.811
543.123
673.799
616.629
471.251
323.424
188.664
79.2225
75.9556
267.07
644.397
1129.53
1667.76
2179.84
2567.79
2729.5
2615.16
2240.28
1626.1
812.643
-181.313
-1241.42
-2183.93
-2869.16
-3265.27
-3392.68
-3198.3
-2685.4
-1956.06
-1098.5
-173.963
714.636
1434.17
1911.14
2152.89
2191.28
2060.6
1759.23
1319.01
841.228
420.614
136.393
-9.80072
-63.7047
-45.7367
26.1352
98.0072
120.059
71.8719
-73.5054
-331.591
-713.819
-1211.21
-1758.41
-2267.23
-2628.23
-2843.03
-2950.02
-2885.49
-2592.29
-2111.24
-1475.01
-605.194
495.753
1615.49
2471.41
3099.48
3664.65
4071.38
4138.35
3946.42
3696.5
3279.97
2522.87
1559.95
665.632
-106.174
-868.997
-1494.61
-1808.23
-1875.2
-1847.44
-1734.73
-1436.62
-996.406
-560.274
-303.006
-231.134
-263.803
-366.71
-526.789
-755.472
-946.586
-979.255
-832.244
-578.242
-177.23
441.849
1130.35
1697.97
2149.62
2550.64
2762.99
2678.86
2326.85
1746.16
979.255
80.0392
-852.663
-1728.19
-2419.96
-2865.08
-3106.01
-3162.37
-3012.9
-2634.76
-2108.79
-1576.28
-1085.43
-661.549
-371.611
-238.484
-201.731
-249.102
-317.707
-316.89
-231.95
-46.5534
303.822
820.81
1399.87
1974.03
2540.84
3019.44
3288.14
3277.52
3009.64
2509.8
1786.18
876.348
-119.242
-1080.53
-1911.96
-2526.14
-2933.68
-3091.31
-2942.67
-2524.5
-1915.22
-1180.17
-382.228
333.224
916.367
1349.23
1622.84
1766.58
1724.93
1524.01
1255.31
993.139
770.173
609.278
496.57
400.196
342.208
297.288
210.715
71.8719
-137.21
-440.216
-846.129
-1329.63
-1859.69
-2368.51
-2767.89
-3062.72
-3237.5
-3262.01
-3097.03
-2773.6
-2276.22
-1422.74
-239.301
996.406
1983.01
2804.64
3613.2
4235.54
4500.98
4509.96
4472.39
4190.62
3433.52
2428.13
1480.73
609.278
-295.655
-1052.76
-1497.06
-1727.38
-1862.95
-1871.94
-1620.39
-1170.37
-743.221
-525.155
-516.988
-583.959
-661.549
-766.09
-950.67
-1140.97
-1189.15
-1091.15
-887.782
-469.618
226.233
975.172
1584.45
2067.13
2499.18
2775.24
2789.94
2549
2019.76
1246.32
267.886
-766.09
-1715.94
-2469.78
-2994.12
-3340.41
-3449.04
-3294.67
-2834.86
-2183.93
-1555.05
-1006.21
-537.406
-167.429
50.637
117.609
57.9876
-53.904
-137.21
-202.548
-147.828
117.609
577.426
1099.31
1633.45
2223.95
2763.8
3146.85
3279.16
3123.16
2744.2
2101.44
1190.79
157.628
-838.778
-1723.29
-2437.93
-2970.43
-3263.64
-3173.8
-2771.15
-2192.91
-1445.61
-619.895
141.294
784.874
1271.64
1599.97
1771.48
1708.59
1407.22
1042.96
717.903
440.216
252.369
144.561
133.126
204.182
319.34
426.331
470.434
416.531
204.998
-197.648
-770.173
-1411.3
-2021.4
-2579.22
-3060.27
-3430.25
-3591.96
-3498.04
-3193.4
-2543.29
-1504.41
-275.237
893.499
1911.14
2889.58
3772.46
4376.02
4628.39
4657.79
4499.35
4007.68
3205.65
2300.72
1460.31
588.86
-232.767
-779.157
-1077.26
-1226.72
-1265.11
-1135.25
-873.897
-582.326
-425.515
-481.869
-667.266
-949.036
-1240.61
-1508.49
-1739.63
-1813.95
-1649.79
-1282.26
-744.038
30.2189
935.152
1786.18
2479.58
3000.65
3348.58
3424.53
3213.82
2692.75
1901.34
940.869
-109.441
-1136.07
-2035.28
-2716.43
-3198.3
-3485.79
-3543.78
-3357.56
-2973.7
-2531.85
-2124.31
-1766.58
-1449.69
-1212.02
-1047.04
-948.22
-894.316
-778.34
-577.426
-314.44
35.936
523.522
1067.46
1563.21
2045.08
2489.38
2831.59
3012.9
2969.62
2725.42
2283.57
1624.47
808.559
-17.968
-776.707
-1443.16
-1983.01
-2392.19
-2588.21
-2500.82
-2209.25
-1785.36
-1214.47
-565.992
56.3541
608.461
1065.01
1450.51
1730.64
1820.48
1728.19
1559.95
1363.12
1123
877.981
677.066
540.673
426.331
311.173
227.05
150.278
44.1032
-173.146
-516.171
-932.702
-1408.04
-1896.44
-2386.48
-2834.86
-3200.75
-3409.83
-3453.12
-3282.42
-2676.41
-1679.19
-538.223
526.789
1579.55
2684.58
3658.93
4348.25
4760.7
5000
4896.28
4324.57
3453.94
2524.5
1587.72
580.693
-273.603
-820.81
-1135.25
-1305.95
-1302.68
-1050.31
-641.13
-248.285
-97.1905
-196.014
-462.267
-846.945
-1283.08
-1764.13
-2165.96
-2363.61
-2310.52
-2018.95
-1428.45
-534.139
460.634
1431.72
2296.64
3023.52
3517.64
3700.59
3553.58
3010.45
2142.27
1057.66
-105.358
-1242.24
-2212.51
-2948.38
-3472.72
-3723.46
-3679.35
-3344.5
-2837.31
-2290.92
-1810.68
-1479.09
-1244.69
-1084.61
-1009.47
-1054.39
-1114.83
-1072.36
-925.351
-628.063
-121.692
579.059
1341.07
2096.54
2804.64
3367.36
3722.64
3814.93
3621.37
3138.68
2397.91
1430.09
344.659
-688.5
-1595.07
-2299.09
-2781.77
-3029.24
-2991.67
-2676.41
-2185.56
-1578.73
-897.582
-276.87
277.687
719.536
1036.43
1261.03
1371.28
1366.38
1283.89
1206.31
1149.95
1142.6
1145.05
1154.03
1176.09
1171.19
1113.2
962.104
733.42
410.813
-76.7723
-705.652
-1366.38
-2015.68
-2602.09
-3066.81
-3413.1
-3582.98
-3541.33
-3347.76
-2882.23
-2050.8
-1015.19
29.4022
982.522
1877.65
2725.42
3412.28
3851.68
4123.65
4235.54
4042.8
3563.38
2915.71
2170.04
1362.3
561.091
-57.1709
-467.984
-781.607
-1014.37
-1079.71
-949.036
-713.819
-501.47
-449.2
-558.641
-766.09
-1008.66
-1256.13
-1537.9
-1753.51
-1801.7
-1679.19
-1375.37
-826.527
-66.9716
748.938
1553.41
2289.28
2890.4
3276.71
3421.27
3298.76
2849.56
2098.99
1134.43
89.0232
-927.801
-1814.77
-2529.4
-3070.89
-3389.42
-3434.34
-3222.8
-2852.83
-2446.91
-2054.88
-1702.87
-1408.04
-1172.82
-1022.54
-967.004
-949.853
-902.483
-792.225
-566.808
-178.046
343.842
927.801
1540.35
2129.21
2647.01
3012.9
3183.6
3148.48
2858.54
2311.34
1526.46
646.031
-226.233
-1026.63
-1715.94
-2239.46
-2547.37
-2634.76
-2462.43
-2084.29
-1539.53
-911.467
-298.105
284.221
793.041
1199.77
1461.94
1564.85
1533.81
1412.12
1264.29
1103.4
974.355
886.148
819.177
774.257
752.205
766.906
745.671
647.664
432.048
56.3541
-469.618
-1091.96
-1724.93
-2340.74
-2924.7
-3395.13
-3697.32
-3817.38
-3743.87
-3358.38
-2581.67
-1578.73
-554.557
474.518
1565.66
2579.22
3358.38
3898.24
4283.73
4476.48
4304.15
3819.01
3204.02
2486.93
1634.27
780.791
132.31
-297.288
-610.095
-835.511
-885.332
-750.572
-554.557
-410.813
-414.08
-542.306
-753.022
-1039.69
-1377
-1689.81
-1876.02
-1881.74
-1722.48
-1389.25
-793.041
4.08363
812.643
1574.65
2293.37
2905.1
3287.32
3396.77
3230.15
2767.89
2033.65
1093.6
52.2705
-976.805
-1859.69
-2579.22
-3147.66
-3493.96
-3549.49
-3333.88
-2974.52
-2566.97
-2141.46
-1727.38
-1382.72
-1147.5
-1009.47
-900.849
-793.858
-704.018
-575.792
-307.906
109.441
601.927
1120.55
1670.21
2222.31
2686.21
2974.52
3065.17
3003.1
2763.8
2259.07
1511.76
659.915
-180.497
-980.889
-1706.14
-2261.52
-2560.44
-2634.76
-2553.9
-2296.64
-1817.22
-1193.24
-585.593
-28.5854
500.653
962.104
1278.99
1436.62
1493.79
1505.23
1468.47
1347.6
1196.5
1096.86
1030.71
980.072
951.486
918.001
824.894
668.899
429.598
80.8559
-361.81
-886.148
-1452.96
-2031.2
-2563.7
-2982.69
-3250.57
-3363.28
-3331.43
-3134.6
-2684.58
-1938.91
-1007.84
-55.5374
885.332
1836.82
2687.03
3304.48
3732.44
4113.03
4323.75
4148.97
3661.39
3060.27
2370.96
1537.9
693.401
53.0872
-398.563
-833.061
-1229.99
-1409.67
-1329.63
-1161.39
-1040.51
-1001.31
-1011.11
-1069.91
-1183.44
-1324.73
-1439.89
-1462.76
-1393.34
-1237.34
-913.1
-329.958
409.18
1115.65
1748.61
2342.37
2847.11
3135.41
3156.65
2933.68
2464.06
1731.46
781.607
-254.819
-1237.34
-2087.55
-2785.85
-3312.64
-3613.2
-3634.43
-3422.9
-3072.53
-2623.33
-2085.1
-1533.81
-1084.61
-775.074
-552.924
-394.479
-308.723
-269.52
-213.166
-61.2545
195.198
512.088
904.116
1381.08
1871.94
2261.52
2532.67
2698.46
2720.52
2517.15
2046.72
1367.2
580.693
-234.401
-1030.71
-1715.94
-2202.71
-2460.8
-2511.43
-2356.26
-1966.68
-1388.44
-704.018
-7.35054
659.915
1247.14
1651.42
1853.97
1901.34
1826.2
1648.97
1390.89
1081.35
788.958
580.693
461.451
428.781
461.451
524.338
579.059
562.725
424.698
162.529
-232.767
-756.289
-1360.67
-1975.66
-2531.85
-2996.57
-3328.98
-3472.72
-3430.25
-3230.15
-2801.37
-2047.53
-1048.68
19.6014
1025.81
1968.31
2801.37
3403.3
3803.5
4122.84
4284.55
4087.72
3588.7
2963.08
2235.38
1426.82
655.015
76.7723
-330.774
-693.401
-1007.84
-1157.3
-1112.38
-1007.84
-923.718
-916.367
-997.223
-1145.05
-1299.41
-1431.72
-1538.71
-1562.4
-1492.98
-1322.28
-1011.92
-476.968
220.516
937.602
1623.65
2234.56
2718.88
2994.94
3049.66
2882.23
2457.53
1766.58
860.83
-133.943
-1118.92
-1996.9
-2715.62
-3262.01
-3608.3
-3707.94
-3558.48
-3224.44
-2741.75
-2164.33
-1584.45
-1088.7
-725.253
-463.084
-275.237
-147.828
-80.8559
-36.7527
53.904
230.317
497.386
873.081
1330.45
1767.4
2130.84
2428.13
2628.23
2664.16
2476.31
2063.05
1426
623.979
-216.433
-1024.99
-1737.99
-2313.79
-2679.68
-2807.91
-2684.58
-2288.47
-1684.09
-950.67
-170.696
606.011
1288.79
1799.25
2127.57
2267.23
2217.41
1980.56
1628.55
1228.36
824.894
479.418
240.934
130.676
105.358
141.294
203.365
253.185
257.269
168.246
-70.2385
-473.701
-970.271
-1525.65
-2083.47
-2599.64
-3013.72
-3272.62
-3363.28
-3237.5
-2819.34
-2036.1
-989.873
129.86
1246.32
2314.6
3243.22
3908.85
4326.2
4554.07
4536.92
4161.22
3461.29
2631.49
1755.15
841.228
2.45018
-607.645
-1007.84
-1303.5
-1455.41
-1388.44
-1155.67
-894.316
-686.05
-601.111
-665.632
-827.344
-1039.69
-1254.49
-1439.07
-1547.7
-1541.98
-1401.5
-1073.18
-507.187
240.118
1031.53
1791.08
2464.06
2956.55
3223.62
3256.29
3034.96
2522.87
1758.41
818.36
-226.233
-1252.86
-2133.29
-2824.24
-3334.69
-3631.98
-3676.9
-3474.35
-3077.43
-2561.25
-1988.73
-1438.26
-986.606
-668.899
-464.717
-331.591
-254.002
-218.066
-189.481
-107.808
81.6727
389.579
793.041
1265.11
1756.78
2180.66
2512.25
2734.4
2769.52
2566.15
2106.34
1391.7
525.972
-369.16
-1225.09
-1992.81
-2601.27
-2976.97
-3071.71
-2871.61
-2418.33
-1757.6
-964.554
-153.545
632.963
1341.88
1890.72
2237.01
2362.79
2284.38
2031.2
1653.05
1220.19
815.093
505.554
301.372
190.297
143.744
146.194
188.664
222.15
222.966
130.676
-140.477
-586.41
-1128.72
-1697.16
-2254.98
-2776.87
-3209.74
-3456.39
-3478.44
-3306.11
-2853.64
-2041
-958.837
201.731
1299.41
2348.09
3300.39
3982.36
4341.72
4506.7
4487.91
4129.37
3457.2
2648.64
1816.4
933.518
57.1709
-604.378
-1004.57
-1257.76
-1438.26
-1461.12
-1277.36
-1016.82
-793.041
-656.648
-618.262
-704.835
-881.248
-1060.11
-1208.76
-1277.36
-1231.62
-1075.63
-802.842
-345.475
296.472
1004.57
1677.56
2272.13
2745.83
2999.84
3010.45
2811.17
2406.89
1774.75
932.702
-26.1352
-975.172
-1801.7
-2456.71
-2946.75
-3265.27
-3363.28
-3242.4
-2954.92
-2536.75
-2032.83
-1526.46
-1114.83
-822.444
-621.529
-471.251
-340.575
-235.217
-144.561
-7.35054
227.05
534.956
908.2
1355.77
1807.42
2172.49
2428.94
2570.24
2559.62
2366.87
1953.61
1338.61
581.509
-244.201
-1059.29
-1798.43
-2392.19
-2789.12
-2947.57
-2864.26
-2536.75
-1981.38
-1289.61
-527.605
242.568
932.702
1488.08
1895.62
2134.11
2171.68
2055.7
1816.4
1491.34
1145.87
826.527
583.143
401.829
270.336
194.381
158.445
136.393
77.589
-57.1709
-319.34
-721.986
-1198.95
-1706.14
-2196.99
-2647.83
-3008
-3234.24
-3285.69
-3151.75
-2805.46
-2143.09
-1185.07
-77.589
1005.39
2007.51
2938.58
3672.82
4111.4
4304.15
4349.89
4163.67
3636.88
2890.4
2075.3
1225.91
334.858
-434.499
-930.252
-1229.99
-1479.91
-1644.07
-1591.8
-1385.17
-1144.23
-952.303
-862.463
-872.264
-966.188
-1070.73
-1170.37
-1223.46
-1158.12
-984.972
-743.221
-387.945
181.313
874.714
1531.36
2112.87
2615.98
2954.92
3043.12
2924.7
2629.86
2121.86
1379.45
490.853
-423.881
-1272.46
-1969.94
-2500
-2879.78
-3107.64
-3111.73
-2907.55
-2579.22
-2158.61
-1705.33
-1291.24
-992.323
-786.508
-602.744
-426.331
-267.886
-124.959
39.2029
262.169
569.258
953.12
1388.44
1819.67
2171.68
2409.34
2505.72
2449.36
2237.83
1852.34
1269.19
504.737
-328.324
-1114.83
-1807.42
-2375.86
-2781.77
-2981.87
-2957.37
-2696.01
-2223.13
-1577.1
-828.161
-75.1388
640.314
1272.46
1793.53
2169.23
2348.91
2344.01
2209.25
1969.13
1657.14
1345.97
1049.49
772.623
525.155
314.44
147.828
-1.63345
-167.429
-379.778
-689.317
-1096.05
-1530.55
-1967.49
-2375.04
-2718.07
-2980.24
-3166.45
-3208.1
-3041.49
-2688.66
-2095.72
-1216.11
-128.226
968.638
1954.43
2886.31
3703.04
4231.46
4452.79
4521.4
4402.16
3921.1
3149.3
2288.47
1403.95
441.032
-478.602
-1137.7
-1550.15
-1875.2
-2093.27
-2054.07
-1818.03
-1523.2
-1233.26
-988.239
-813.46
-760.372
-770.173
-794.675
-824.894
-803.659
-700.751
-530.872
-273.603
161.712
737.504
1339.43
1929.11
2454.26
2840.57
2999.02
2943.48
2697.65
2215.78
1499.51
606.828
-347.109
-1281.44
-2089.19
-2714.8
-3175.43
-3449.04
-3488.24
-3271.81
-2894.48
-2416.69
-1853.15
-1292.88
-842.045
-526.789
-303.006
-142.927
-22.8683
61.2545
142.11
291.571
505.554
791.408
1163.02
1582
1970.76
2270.5
2491.02
2574.32
2468.96
2158.61
1630.19
921.268
124.959
-681.15
-1460.31
-2120.22
-2621.69
-2946.75
-3016.17
-2833.22
-2412.61
-1774.75
-1014.37
-204.998
583.143
1277.36
1835.18
2249.26
2478.77
2483.67
2325.22
2057.33
1702.87
1314.11
962.104
663.999
398.563
166.612
-13.8844
-164.162
-336.491
-557.008
-829.794
-1169.55
-1563.21
-1987.91
-2392.19
-2731.95
-3015.35
-3226.89
-3280.79
-3133.78
-2810.36
-2295
-1506.04
-449.2
699.118
1750.25
2713.98
3596.86
4230.64
4540.18
4630.84
4578.57
4251.06
3586.25
2733.58
1824.57
863.28
-111.892
-916.367
-1463.57
-1844.17
-2140.64
-2264.78
-2134.92
-1839.27
-1498.69
-1176.9
-911.467
-744.855
-660.732
-610.095
-586.41
-538.223
-436.132
-281.771
-71.0552
249.918
742.404
1311.66
1833.55
2280.3
2639.66
2827.51
2803.01
2624.14
2281.12
1712.68
913.917
-17.1513
-977.622
-1860.5
-2584.12
-3123.98
-3475.99
-3625.45
-3537.24
-3235.05
-2778.5
-2211.7
-1599.97
-1029.89
-596.21
-289.938
-63.7047
106.991
227.05
306.272
383.861
488.402
655.831
901.666
1221.01
1564.85
1874.39
2104.7
2219.05
2183.93
1978.93
1599.97
1023.36
284.221
-515.354
-1289.61
-1987.1
-2547.37
-2927.15
-3083.96
-2976.15
-2629.86
-2077.75
-1314.11
-416.531
466.351
1248.77
1893.99
2377.49
2661.71
2718.88
2580.86
2305.62
1920.12
1478.28
1045.41
677.883
402.646
184.58
7.35054
-132.31
-269.52
-429.598
-638.68
-915.55
-1281.44
-1694.71
-2123.49
-2527.77
-2828.32
-3029.24
-3116.63
-3037.41
-2778.5
-2330.12
-1642.44
-666.449
480.235
1607.32
2592.29
3444.95
4137.54
4542.63
4677.39
4643.09
4419.31
3867.2
3025.16
2098.17
1177.72
231.134
-653.381
-1289.61
-1707.78
-2036.1
-2238.65
-2201.89
-1959.33
-1653.87
-1350.05
-1064.19
-856.746
-766.09
-729.337
-702.385
-678.7
-616.629
-488.402
-273.603
36.7527
476.152
1024.99
1577.1
2071.22
2492.65
2778.5
2839.76
2697.65
2384.02
1855.6
1104.21
186.214
-790.591
-1732.28
-2548.19
-3172.98
-3596.86
-3825.55
-3838.61
-3596.86
-3161.55
-2608.62
-1987.91
-1370.47
-840.412
-437.765
-125.776
121.692
307.906
444.299
557.824
679.516
843.679
1069.1
1346.78
1659.59
1965.86
2203.53
2343.19
2352.17
2190.46
1863.77
1340.25
634.597
-163.345
-961.287
-1698.79
-2340.74
-2806.27
-3039.04
-3025.16
-2772.79
-2291.73
-1583.63
-721.17
182.947
1047.04
1800.07
2375.86
2748.28
2918.98
2881.41
2665.8
2312.97
1855.6
1356.58
900.849
522.705
200.098
-76.7723
-297.288
-458.184
-602.744
-793.041
-1046.23
-1366.38
-1737.99
-2139.01
-2522.05
-2829.96
-3055.37
-3190.13
-3181.15
-2957.37
-2535.12
-1943.81
-1133.62
-88.2065
1080.53
2154.52
3063.54
3850.87
4434.83
4699.44
4693.73
4530.38
4131
3432.7
2544.1
1576.28
581.509
-405.096
-1216.11
-1749.43
-2092.45
-2328.49
-2422.41
-2293.37
-1998.53
-1627.74
-1238.16
-904.933
-690.951
-602.744
-557.008
-522.705
-480.235
-378.144
-202.548
19.6014
298.105
708.102
1213.66
1724.11
2189.64
2561.25
2754.82
2716.43
2513.88
2173.31
1608.95
797.125
-154.361
-1119.73
-2024.67
-2766.25
-3294.67
-3619.73
-3759.39
-3690.79
-3386.15
-2878.96
-2238.65
-1556.68
-918.817
-390.395
13.8844
318.523
539.04
689.317
793.041
870.631
944.136
1044.59
1209.57
1448.06
1715.13
1946.26
2112.87
2191.28
2134.92
1914.41
1539.53
997.223
297.288
-498.203
-1294.51
-2014.05
-2602.09
-2997.39
-3168.08
-3097.03
-2764.62
-2179.84
-1404.77
-511.271
400.196
1234.07
1948.71
2499.18
2837.31
2936.13
2802.19
2482.03
2024.67
1489.71
947.403
459.817
41.6531
-322.607
-622.346
-839.595
-992.323
-1109.93
-1245.51
-1434.99
-1668.57
-1937.28
-2232.93
-2509.8
-2716.43
-2850.38
-2890.4
-2765.44
-2431.39
-1942.99
-1323.1
-488.402
570.892
1690.62
2681.31
3515.19
4224.93
4705.98
4849.72
4745.18
4510.78
4073.02
3340.41
2397.09
1398.24
383.045
-609.278
-1398.24
-1879.29
-2169.23
-2383.21
-2448.55
-2264.78
-1882.55
-1426
-984.972
-619.895
-396.929
-320.974
-298.105
-259.719
-205.815
-135.577
-33.4858
109.441
343.842
718.719
1175.27
1628.55
2038.55
2346.46
2474.68
2405.26
2171.68
1778.83
1175.27
360.993
-567.625
-1497.06
-2343.19
-3033.32
-3518.46
-3790.43
-3859.85
-3722.64
-3347.76
-2769.52
-2072.04
-1341.88
-675.433
-163.345
217.249
514.538
724.436
851.029
918.001
953.937
984.156
1059.29
1213.66
1413.75
1626.92
1829.47
1982.2
2039.37
1947.89
1695.52
1287.98
721.986
13.0676
-761.189
-1502.78
-2157.79
-2686.21
-3016.17
-3083.96
-2898.56
-2484.48
-1837.63
-998.857
-62.0712
866.547
1706.14
2394.64
2912.45
3221.99
3253.84
3022.7
2606.99
2063.87
1430.9
797.125
267.886
-164.162
-541.49
-839.595
-1024.18
-1135.25
-1240.61
-1363.12
-1506.86
-1693.89
-1942.18
-2210.88
-2446.91
-2629.86
-2736.03
-2748.28
-2611.07
-2291.73
-1825.38
-1207.12
-383.861
632.963
1682.46
2601.27
3372.26
3983.18
4344.17
4398.07
4215.94
3882.72
3369.81
2620.06
1694.71
743.221
-182.947
-1046.23
-1702.87
-2067.95
-2238.65
-2310.52
-2244.36
-1974.84
-1553.41
-1077.26
-624.796
-264.619
-50.637
17.968
12.2509
1.63345
17.968
76.7723
190.297
341.392
565.992
906.566
1341.07
1774.75
2156.16
2434.66
2510.62
2380.76
2107.97
1691.44
1081.35
285.038
-606.828
-1501.14
-2317.87
-2969.62
-3387.78
-3571.55
-3574.81
-3397.58
-2996.57
-2427.31
-1779.65
-1130.35
-555.374
-115.975
193.564
403.463
524.338
601.927
687.684
765.273
824.077
931.885
1125.45
1374.55
1639.99
1889.09
2058.15
2069.59
1898.07
1556.68
1070.73
450.833
-289.121
-1082.98
-1838.45
-2477.95
-2942.67
-3164.82
-3120.71
-2820.16
-2281.12
-1537.08
-651.748
294.022
1217.74
2014.86
2623.33
3031.69
3216.27
3139.5
2823.42
2338.29
1754.33
1125.45
508.821
-29.4022
-447.566
-770.99
-1005.39
-1111.56
-1145.87
-1202.22
-1299.41
-1429.27
-1611.4
-1847.44
-2092.45
-2300.72
-2455.08
-2531.04
-2493.47
-2312.15
-1971.58
-1496.24
-855.929
4.08363
1012.74
2003.43
2875.69
3597.68
4108.13
4344.99
4309.87
4072.2
3666.29
3052.92
2225.58
1282.26
326.691
-606.011
-1413.75
-1944.63
-2202.71
-2308.07
-2296.64
-2133.29
-1803.33
-1356.58
-871.447
-423.064
-96.3737
32.6691
23.6851
-21.2349
-62.8879
-75.1388
-30.2189
62.0712
187.03
404.28
770.173
1232.44
1706.14
2124.31
2391.38
2440.38
2291.73
1992.81
1528.91
868.18
28.5854
-900.849
-1802.52
-2575.96
-3137.86
-3458.02
-3566.64
-3485.79
-3211.37
-2740.12
-2120.22
-1430.9
-749.755
-187.03
182.947
401.829
529.239
596.21
639.497
676.25
701.568
741.588
858.38
1091.96
1406.4
1735.54
2008.33
2162.69
2143.09
1923.39
1532.18
1001.31
325.874
-459
-1262.66
-2013.23
-2616.79
-2993.3
-3123.98
-2977.79
-2573.51
-1945.44
-1125.45
-197.648
730.97
1585.27
2285.2
2751.55
2999.84
3027.61
2804.64
2387.29
1850.7
1261.84
680.333
156.811
-282.587
-621.529
-869.814
-1016.01
-1054.39
-1059.29
-1099.31
-1198.14
-1377
-1626.92
-1903.79
-2152.07
-2349.72
-2476.31
-2502.45
-2398.73
-2139.82
-1729.83
-1140.97
-341.392
627.246
1636.72
2542.47
3300.39
3862.3
4185.72
4253.51
4085.27
3717.74
3146.03
2393.01
1514.21
600.294
-294.838
-1109.93
-1705.33
-2021.4
-2142.27
-2155.34
-2022.21
-1741.26
-1363.93
-926.985
-507.187
-186.214
-46.5534
-58.8043
-115.975
-162.529
-182.13
-169.062
-81.6727
79.2225
328.324
691.767
1149.95
1638.35
2072.85
2383.21
2492.65
2406.89
2166.78
1747.79
1140.97
373.244
-511.271
-1425.19
-2248.45
-2887.95
-3308.56
-3508.66
-3524.18
-3355.93
-2991.67
-2461.61
-1825.38
-1166.29
-569.258
-124.142
161.712
329.141
412.447
467.984
523.522
579.876
649.298
767.723
963.737
1243.06
1564.85
1854.79
2047.53
2098.99
1951.16
1617.12
1134.43
507.187
-246.651
-1053.58
-1810.68
-2467.33
-2925.51
-3145.21
-3101.93
-2768.7
-2194.54
-1420.29
-516.988
426.331
1317.38
2098.99
2686.21
3015.35
3104.38
2933.68
2540.84
2010.78
1421.1
837.961
301.372
-145.377
-468.801
-665.632
-771.807
-797.125
-772.623
-789.775
-865.73
-1018.46
-1258.58
-1581.18
-1913.59
-2178.21
-2348.91
-2433.85
-2422.41
-2245.18
-1915.22
-1439.89
-776.707
91.4734
1090.33
2038.55
2835.67
3480.07
3939.07
4132.64
4059.13
3830.45
3471.09
2910.81
2145.54
1301.05
490.036
-294.022
-967.004
-1406.4
-1635.9
-1769.85
-1817.22
-1697.16
-1425.19
-1073.18
-715.452
-410.813
-213.166
-174.779
-227.05
-272.787
-282.587
-267.07
-200.915
-62.0712
150.278
462.267
846.945
1271.64
1688.17
2032.83
2223.95
2205.16
2027.12
1710.23
1206.31
500.653
-340.575
-1224.27
-2073.67
-2790.75
-3306.93
-3592.78
-3678.54
-3596.86
-3318.36
-2853.64
-2263.15
-1611.4
-989.056
-465.534
-82.4894
165.795
320.974
414.08
488.402
564.358
642.764
734.237
887.782
1130.35
1430.09
1711.04
1929.92
2064.68
2041.82
1809.87
1419.47
923.718
303.006
-422.248
-1158.12
-1811.5
-2321.14
-2644.56
-2732.77
-2570.24
-2178.21
-1586.08
-827.344
45.7367
923.718
1724.11
2381.57
2820.97
3017.8
2977.79
2713.98
2265.6
1699.61
1088.7
510.454
-5.71709
-438.582
-744.038
-934.335
-1020.09
-1027.44
-1022.54
-1038.06
-1100.13
-1216.11
-1403.95
-1623.65
-1845.8
-2040.18
-2196.18
-2308.07
-2283.57
-2092.45
-1742.08
-1174.45
-335.675
673.799
1656.32
2537.57
3295.49
3869.65
4175.11
4225.74
4091.8
3726.72
3095.39
2248.45
1318.2
378.144
-525.972
-1268.38
-1764.95
-2035.28
-2148.81
-2103.07
-1868.67
-1495.43
-1074
-685.234
-383.861
-231.95
-228.683
-332.408
-478.602
-599.477
-674.616
-643.581
-494.12
-213.166
227.867
767.723
1344.33
1918.49
2439.56
2783.4
2885.49
2763.8
2431.39
1873.57
1060.93
101.274
-877.981
-1801.7
-2590.66
-3166.45
-3480.07
-3565.83
-3440.87
-3094.58
-2558.8
-1918.49
-1258.58
-644.397
-146.194
208.265
411.63
500.653
534.139
534.956
541.49
571.709
655.015
816.727
1064.19
1365.57
1675.92
1919.31
2027.93
2000.16
1775.56
1363.93
808.559
112.708
-664.815
-1419.47
-2084.29
-2626.59
-2948.38
-3013.72
-2825.87
-2393.83
-1773.11
-989.056
-105.358
753.022
1511.76
2125.12
2525.32
2673.15
2611.89
2355.44
1932.38
1405.59
843.679
338.942
-84.9396
-421.431
-642.764
-756.289
-803.659
-799.575
-769.356
-779.157
-848.579
-1005.39
-1234.89
-1488.08
-1748.61
-1985.46
-2135.74
-2196.99
-2165.14
-1990.36
-1684.91
-1240.61
-602.744
229.5
1132.8
1962.59
2676.41
3247.3
3620.55
3755.31
3704.67
3531.53
3179.52
2615.16
1904.61
1139.33
361.81
-355.276
-896.766
-1225.91
-1421.1
-1545.25
-1542.8
-1392.52
-1131.17
-804.476
-483.502
-239.301
-136.393
-151.094
-219.699
-288.304
-320.157
-309.539
-234.401
-85.7563
151.094
485.952
897.582
1333.71
1742.08
2063.87
2191.28
2104.7
1862.14
1469.29
892.682
147.011
-697.484
-1567.3
-2361.16
-2978.6
-3355.93
-3507.02
-3479.26
-3280.79
-2901.83
-2357.89
-1711.04
-1045.41
-452.467
-4.90036
293.205
478.602
579.059
619.895
654.198
688.5
715.452
772.623
901.666
1111.56
1342.7
1573.02
1760.05
1824.57
1728.19
1461.94
1065.01
546.39
-71.0552
-733.42
-1359.85
-1896.44
-2289.28
-2458.35
-2389.74
-2100.62
-1626.92
-991.506
-218.066
603.561
1374.55
2015.68
2482.85
2736.03
2756.45
2571.87
2201.08
1698.79
1140.15
583.959
80.0392
-339.758
-654.198
-854.296
-943.319
-942.502
-882.065
-833.878
-834.695
-887.782
-1007.84
-1179.35
-1405.59
-1661.22
-1867.85
-1987.1
-2026.3
-1969.94
-1781.28
-1464.39
-991.506
-311.99
529.239
1397.42
2151.26
2760.54
3213
3460.47
3484.16
3330.61
3041.49
2583.31
1934.83
1161.39
357.726
-393.662
-1012.74
-1395.79
-1574.65
-1653.87
-1654.69
-1537.9
-1277.36
-921.268
-536.589
-224.6
-80.0392
-103.724
-231.134
-367.527
-460.634
-494.936
-459
-351.192
-169.062
119.242
543.94
1045.41
1543.61
1965.86
2208.43
2213.33
2025.48
1713.49
1247.96
592.127
-212.349
-1061.74
-1867.04
-2536.75
-2975.33
-3170.53
-3171.35
-3017.8
-2708.27
-2246
-1677.56
-1065.83
-486.769
-17.1513
292.388
451.65
509.637
514.538
502.287
506.37
522.705
547.207
639.497
835.511
1092.78
1354.13
1572.2
1693.89
1678.37
1526.46
1248.77
852.663
338.942
-271.97
-906.566
-1478.28
-1920.94
-2179.03
-2212.51
-2023.85
-1638.35
-1095.23
-463.901
221.333
916.367
1541.98
2035.28
2336.65
2430.58
2329.3
2065.5
1682.46
1220.19
728.52
258.902
-127.409
-410.813
-595.394
-692.584
-735.871
-741.588
-730.154
-734.237
-782.424
-882.881
-1051.13
-1279.81
-1516.66
-1729.01
-1873.57
-1910.32
-1851.52
-1693.07
-1436.62
-1084.61
-614.995
8.16727
734.237
1455.41
2103.07
2614.34
2957.37
3123.16
3130.51
3016.17
2784.22
2411.79
1889.91
1258.58
565.992
-120.059
-694.218
-1098.5
-1355.77
-1510.13
-1559.13
-1490.53
-1300.23
-1000.49
-637.863
-293.205
-65.3381
31.8523
36.7527
-13.8844
-73.5054
-109.441
-111.892
-84.1228
-8.98399
147.828
401.013
717.903
1044.59
1331.26
1500.33
1512.58
1385.98
1135.25
753.022
233.584
-401.829
-1105.03
-1805.78
-2401.99
-2812.81
-3013.72
-3022.7
-2862.63
-2552.27
-2107.15
-1564.85
-979.255
-424.698
10.6174
293.205
454.1
518.621
525.972
515.354
501.47
496.57
515.354
592.127
748.122
961.287
1186.7
1389.25
1525.65
1541.98
1418.65
1175.27
809.376
346.292
-173.146
-705.652
-1187.52
-1561.58
-1782.1
-1817.22
-1661.22
-1347.6
-898.399
-344.659
255.635
860.83
1422.74
1851.52
2110.42
2212.51
2145.54
1919.31
1588.53
1182.62
729.337
285.038
-115.158
-429.598
-645.214
-779.974
-842.862
-851.029
-846.129
-854.296
-884.515
-941.686
-1037.24
-1164.65
-1296.15
-1409.67
-1479.91
-1480.73
-1413.75
-1273.28
-1060.11
-782.424
-440.216
4.08363
551.29
1126.27
1657.14
2095.72
2425.68
2614.34
2643.74
2569.42
2425.68
2171.68
1773.93
1262.66
687.684
85.7563
-481.052
-931.068
-1241.42
-1448.87
-1567.3
-1547.7
-1385.98
-1118.92
-772.623
-408.363
-119.242
51.4538
137.21
166.612
160.895
147.011
137.21
124.959
114.342
157.628
299.739
515.354
763.639
1014.37
1206.31
1279.81
1226.72
1081.35
845.312
475.335
-6.53381
-552.107
-1149.95
-1724.93
-2165.14
-2437.93
-2556.35
-2520.42
-2335.02
-2018.13
-1585.27
-1075.63
-552.107
-106.991
204.182
393.662
490.036
493.303
451.65
414.08
374.877
346.292
353.643
427.965
555.374
724.436
926.168
1102.58
1199.77
1173.64
1043.78
830.611
520.255
143.744
-273.603
-695.034
-1069.91
-1334.53
-1447.24
-1422.74
-1256.13
-958.02
-551.29
-63.7047
460.634
961.287
1377.82
1667.76
1817.22
1822.93
1693.07
1443.16
1109.93
730.97
320.974
-67.7883
-379.778
-607.645
-751.388
-813.46
-820.81
-802.842
-796.308
-811.826
-848.579
-921.268
-1018.46
-1125.45
-1229.17
-1322.28
-1369.65
-1335.35
-1225.09
-1057.66
-830.611
-535.773
-182.947
245.018
760.372
1274.09
1721.66
2090
2340.74
2451.81
2446.91
2361.16
2198.63
1942.18
1586.08
1128.72
593.76
38.3861
-457.367
-834.695
-1091.96
-1255.31
-1334.53
-1307.58
-1152.4
-880.431
-522.705
-164.979
94.7403
241.751
289.938
270.336
232.767
186.214
131.493
62.0712
4.08363
18.7847
122.509
310.356
547.207
773.44
938.419
988.239
954.753
842.862
619.895
276.87
-187.03
-740.771
-1319.83
-1825.38
-2196.18
-2423.23
-2492.65
-2404.44
-2184.74
-1858.05
-1432.54
-953.937
-484.319
-98.0072
166.612
308.723
350.376
337.308
310.356
287.488
266.253
265.436
316.89
431.232
615.812
842.862
1060.11
1227.54
1315.75
1295.33
1172
960.47
658.282
275.237
-147.828
-552.924
-888.598
-1107.48
-1179.35
-1104.21
-900.033
-595.394
-206.632
241.751
707.285
1134.43
1476.64
1695.52
1776.38
1729.83
1567.3
1311.66
980.889
588.043
174.779
-198.465
-485.952
-675.433
-769.356
-776.707
-744.038
-702.385
-663.999
-642.764
-655.015
-720.353
-816.727
-928.618
-1042.14
-1137.7
-1171.19
-1124.63
-1005.39
-813.46
-566.808
-292.388
-45.7367
151.094
328.324
532.506
772.623
1004.57
1185.07
1268.38
1239.79
1150.77
1085.43
1088.7
1130.35
1141.78
1051.94
802.025
404.28
-40.0196
-414.897
-695.034
-909.017
-1078.08
-1202.22
-1239.79
-1125.45
-837.145
-420.614
14.7011
355.276
548.84
625.613
645.214
634.597
570.892
435.315
235.217
19.6014
-140.477
-184.58
-113.525
16.3345
144.561
236.851
301.372
341.392
364.26
337.308
217.249
-41.6531
-431.232
-853.479
-1215.29
-1461.12
-1586.9
-1617.12
-1566.48
-1425.19
-1176.9
-830.611
-409.997
9.80072
345.475
557.824
655.831
677.066
662.365
630.513
576.609
482.685
374.061
298.922
301.372
383.861
518.621
669.716
783.241
821.627
784.057
708.102
576.609
377.328
117.609
-187.03
-476.968
-705.652
-847.762
-888.598
-851.029
-738.321
-521.888
-218.066
137.21
515.354
867.364
1135.25
1296.96
1340.25
1265.11
1094.41
821.627
452.467
21.2349
-397.746
-735.054
-970.271
-1100.95
-1130.35
-1092.78
-1023.36
-931.068
-815.093
-683.6
-577.426
-530.872
-531.689
-573.342
-633.78
-659.098
-632.963
-565.175
-472.885
-358.543
-236.034
-114.342
40.8363
276.87
594.577
935.152
1230.81
1430.09
1508.49
1520.74
1512.58
1491.34
1449.69
1363.93
1198.14
896.766
463.084
5.71709
-368.344
-640.314
-815.093
-909.833
-952.303
-938.419
-823.26
-564.358
-190.297
176.413
423.064
504.737
441.032
287.488
103.724
-74.3221
-229.5
-370.794
-484.319
-519.438
-440.216
-231.95
69.4218
374.061
606.828
737.504
763.639
703.202
563.541
320.157
-57.9876
-543.94
-1058.48
-1497.88
-1791.9
-1924.21
-1911.14
-1798.43
-1599.15
-1311.66
-941.686
-512.904
-91.4734
243.385
441.032
482.685
415.714
314.44
222.15
174.779
183.763
228.683
299.739
436.132
667.266
944.136
1186.7
1347.6
1410.49
1346.78
1172
929.435
616.629
237.667
-188.664
-580.693
-856.746
-999.673
-1018.46
-909.017
-690.951
-410.813
-96.3737
250.735
620.712
967.821
1214.47
1326.36
1295.33
1135.25
882.881
580.693
262.169
-72.6887
-392.029
-664.815
-842.862
-901.666
-865.73
-762.823
-640.314
-534.139
-462.267
-432.865
-437.765
-474.518
-557.824
-676.25
-773.44
-820.81
-813.46
-730.97
-583.959
-398.563
-194.381
14.7011
184.58
268.703
300.555
358.543
464.717
591.31
704.018
756.289
743.221
732.604
769.356
854.296
964.554
1075.63
1118.92
986.606
675.433
290.755
-67.7883
-351.192
-558.641
-690.134
-777.524
-820.81
-739.954
-485.136
-96.3737
307.906
585.593
662.365
592.127
454.1
306.272
160.078
-5.71709
-187.847
-356.91
-476.152
-477.785
-328.324
-81.6727
171.513
360.176
463.084
481.052
432.865
351.192
214.799
-53.0872
-436.132
-861.647
-1244.69
-1484.81
-1556.68
-1515.84
-1413.75
-1259.39
-1026.63
-723.62
-376.511
4.90036
345.475
559.458
610.911
565.175
514.538
500.653
532.506
579.876
589.677
575.792
593.76
669.716
788.958
907.383
975.172
936.785
795.492
606.828
396.112
164.162
-85.7563
-338.942
-575.792
-753.839
-839.595
-815.91
-693.401
-494.12
-239.301
31.8523
303.822
580.693
824.077
973.538
987.422
882.065
689.317
439.399
151.911
-152.728
-436.132
-686.867
-876.348
-970.271
-958.837
-849.396
-697.484
-553.741
-442.666
-374.877
-355.276
-364.26
-386.312
-441.032
-531.689
-611.728
-661.549
-655.831
-557.824
-387.945
-206.632
-31.0356
131.493
210.715
221.333
243.385
307.089
427.148
583.959
702.385
729.337
721.986
755.472
851.846
1009.47
1196.5
1350.05
1367.2
1166.29
819.993
444.299
105.358
-183.763
-423.064
-619.079
-795.492
-896.766
-833.878
-594.577
-251.552
60.4378
231.95
253.185
203.365
147.011
95.557
42.4698
-41.6531
-160.078
-280.954
-371.611
-354.459
-204.998
-10.6174
127.409
191.931
204.998
176.413
131.493
64.5214
-73.5054
-333.224
-686.05
-1038.88
-1300.23
-1419.47
-1414.57
-1354.13
-1263.48
-1120.55
-913.1
-641.13
-307.089
40.8363
338.942
526.789
593.76
617.445
662.365
741.588
828.977
876.348
859.196
807.743
775.89
793.041
869.814
944.136
941.686
846.129
678.7
467.984
241.751
13.0676
-226.233
-450.016
-624.796
-739.138
-762.006
-691.767
-539.04
-330.774
-104.541
123.326
351.192
577.426
748.938
835.511
817.543
678.7
458.184
219.699
-8.98399
-224.6
-418.981
-581.509
-705.652
-744.855
-691.767
-596.21
-494.12
-419.797
-378.961
-377.328
-404.28
-455.733
-532.506
-619.079
-708.919
-762.823
-759.556
-690.951
-563.541
-418.981
-288.304
-203.365
-147.828
-68.605
111.075
396.929
694.218
949.036
1108.3
1166.29
1203.85
1277.36
1377.82
1464.39
1488.89
1373.73
1078.9
647.664
194.381
-182.13
-479.418
-700.751
-855.929
-972.721
-1014.37
-905.75
-638.68
-291.571
26.1352
204.998
222.966
145.377
53.904
-8.98399
-71.8719
-139.66
-211.532
-267.07
-233.584
-82.4894
165.795
451.65
674.616
767.723
747.305
646.031
481.052
274.42
20.4182
-323.424
-729.337
-1130.35
-1445.61
-1589.35
-1582.82
-1475.82
-1316.56
-1118.92
-895.949
-633.78
-324.24
-13.8844
235.217
368.344
383.045
341.392
328.324
382.228
489.219
606.828
705.652
800.392
908.2
1038.06
1177.72
1292.06
1311.66
1187.52
933.518
606.828
253.185
-87.3897
-417.347
-739.954
-992.323
-1137.7
-1151.58
-1021.72
-782.424
-482.685
-175.596
104.541
355.276
586.41
772.623
862.463
837.961
691.767
465.534
238.484
26.952
-137.21
-233.584
-285.854
-303.006
-289.938
-236.034
-160.078
-94.7403
-75.1388
-139.66
-298.105
-515.354
-746.488
-958.02
-1114.83
-1215.29
-1278.99
-1270.83
-1168.74
-987.422
-735.054
-463.084
-232.767
-45.7367
154.361
420.614
757.922
1091.96
1354.13
1513.39
1555.05
1550.96
1564.85
1613.85
1684.09
1702.06
1582.82
1278.99
833.878
352.826
-71.0552
-402.646
-661.549
-878.798
-1071.55
-1192.42
-1147.5
-910.65
-550.474
-189.481
47.3701
131.493
108.625
50.637
17.968
23.6851
35.936
18.7847
-15.5178
-8.98399
105.358
321.79
574.159
781.607
852.663
780.791
608.461
390.395
156.811
-121.692
-498.203
-961.287
-1426.82
-1792.71
-1981.38
-1991.18
-1898.89
-1763.31
-1601.6
-1391.7
-1107.48
-765.273
-405.096
-98.8239
92.2901
179.68
234.401
333.224
499.837
717.903
949.036
1140.15
1271.64
1369.65
1479.91
1574.65
1610.58
1528.91
1282.26
918.001
496.57
80.0392
-303.822
-655.831
-966.188
-1197.32
-1313.3
-1305.95
-1168.74
-934.335
-640.314
-320.157
-15.5178
271.153
539.04
744.038
865.73
911.467
877.981
783.241
647.664
498.203
366.71
278.504
214.799
156.811
93.9236
35.1192
-24.5018
-113.525
-246.651
-432.048
-684.417
-986.606
-1257.76
-1468.47
-1617.94
-1685.72
-1657.95
-1529.73
-1327.18
-1050.31
-737.504
-441.849
-181.313
51.4538
298.922
605.194
980.889
1359.85
1653.87
1832.73
1938.91
1997.71
2019.76
2057.33
2106.34
2046.72
1783.73
1303.5
704.835
109.441
-388.762
-765.273
-1031.53
-1229.99
-1408.04
-1498.69
-1410.49
-1094.41
-638.68
-216.433
58.8043
155.995
137.21
93.1068
80.8559
103.724
132.31
154.361
141.294
162.529
300.555
548.024
837.961
1041.33
1107.48
1013.56
784.057
494.12
196.831
-147.011
-586.41
-1088.7
-1599.97
-1991.18
-2149.62
-2109.6
-1950.34
-1745.34
-1510.13
-1247.96
-953.937
-601.111
-223.783
71.0552
231.95
295.655
305.456
340.575
464.717
678.7
927.801
1128.72
1261.03
1367.2
1457.86
1546.88
1604.87
1530.55
1254.49
792.225
241.751
-292.388
-748.122
-1110.75
-1394.15
-1608.13
-1735.54
-1737.18
-1583.63
-1265.11
-845.312
-413.264
-9.80072
352.009
645.214
878.798
1043.78
1118.1
1100.95
992.323
827.344
650.931
508.821
414.08
343.842
270.336
187.03
89.8399
-18.7847
-140.477
-293.205
-502.287
-785.691
-1110.75
-1431.72
-1701.24
-1862.95
-1891.54
-1815.58
-1642.44
-1400.69
-1114.83
-784.874
-402.646
22.0516
477.785
967.821
1450.51
1879.29
2173.31
2344.82
2433.85
2451.81
2397.91
2290.92
2141.46
1896.44
1491.34
943.319
370.794
-162.529
-590.493
-904.933
-1117.28
-1255.31
-1351.68
-1384.35
-1297.78
-1079.71
-804.476
-574.975
-462.267
-429.598
-424.698
-401.829
-330.774
-179.68
4.08363
181.313
360.176
565.992
820.81
1093.6
1325.55
1436.62
1380.27
1155.67
820.81
409.18
-44.1032
-512.088
-995.59
-1463.57
-1843.35
-2060.6
-2103.07
-1990.36
-1778.01
-1524.01
-1249.59
-978.438
-728.52
-495.753
-295.655
-168.246
-127.409
-112.708
-52.2705
101.274
381.411
769.356
1196.5
1604.87
1983.83
2301.54
2515.52
2605.36
2529.4
2239.46
1715.94
1015.19
220.516
-565.175
-1251.23
-1780.46
-2127.57
-2300.72
-2297.45
-2127.57
-1797.62
-1317.38
-747.305
-187.847
305.456
679.516
913.1
1014.37
1020.91
954.753
816.727
640.314
455.733
298.922
197.648
184.58
255.635
354.459
428.781
456.55
413.264
274.42
27.7687
-311.173
-726.887
-1195.69
-1657.14
-2045.9
-2292.55
-2375.04
-2303.17
-2084.29
-1717.58
-1250.41
-761.189
-270.336
183.763
570.075
883.698
1190.79
1506.86
1782.91
1994.45
2133.29
2183.11
2134.11
2040.18
1972.39
1931.56
1827.83
1576.28
1121.37
509.637
-160.895
-769.356
-1233.26
-1530.55
-1680.82
-1749.43
-1725.74
-1564.03
-1238.16
-810.193
-357.726
17.1513
232.767
289.121
268.703
237.667
213.982
227.05
264.619
294.838
321.79
416.531
598.661
808.559
977.622
1029.89
932.702
698.301
378.144
13.0676
-398.563
-843.679
-1307.58
-1729.83
-2031.2
-2152.07
-2072.04
-1847.44
-1523.2
-1160.57
-798.759
-457.367
-140.477
112.708
288.304
403.463
454.1
469.618
507.187
638.68
868.18
1145.87
1448.87
1742.89
1979.75
2121.86
2174.94
2085.92
1784.55
1283.89
628.063
-111.892
-824.077
-1434.99
-1896.44
-2164.33
-2252.53
-2161.88
-1873.57
-1425.19
-859.196
-235.217
333.224
790.591
1114.83
1301.86
1358.22
1278.18
1087.88
823.26
530.872
254.819
53.904
-22.0516
-13.0676
43.2865
111.075
159.262
161.712
87.3897
-72.6887
-334.858
-698.301
-1124.63
-1557.5
-1941.36
-2192.09
-2290.1
-2254.98
-2058.97
-1726.56
-1308.4
-808.559
-270.336
227.867
649.298
1010.29
1361.48
1700.42
1964.23
2098.99
2142.27
2099.8
1985.46
1878.47
1844.99
1834.37
1746.98
1502.78
1064.19
515.354
-43.2865
-552.924
-958.02
-1262.66
-1504.41
-1662.86
-1709.41
-1604.87
-1307.58
-877.164
-468.801
-175.596
21.2349
140.477
225.417
306.272
379.778
439.399
461.451
438.582
414.08
458.184
572.525
694.218
748.938
704.835
557.008
319.34
31.0356
-265.436
-592.943
-964.554
-1355.77
-1703.69
-1947.08
-2036.92
-1943.81
-1711.86
-1412.94
-1097.68
-779.157
-465.534
-169.879
78.4057
249.918
352.009
392.845
416.531
495.753
672.166
937.602
1259.39
1599.15
1893.17
2092.45
2180.66
2139.82
1935.64
1537.08
980.889
317.707
-403.463
-1090.33
-1662.04
-2065.5
-2264.78
-2240.28
-2002.61
-1574.65
-998.04
-366.71
236.034
729.337
1073.18
1239.79
1248.77
1127.9
919.634
672.983
406.73
160.078
-26.1352
-92.2901
-38.3861
93.9236
234.401
341.392
364.26
267.07
62.0712
-236.851
-606.011
-1026.63
-1466.02
-1865.4
-2161.06
-2308.07
-2288.47
-2105.52
-1768.21
-1330.45
-844.495
-352.826
109.441
501.47
809.376
1073.18
1336.16
1578.73
1762.5
1892.36
1976.48
2023.03
2041.82
2078.57
2129.21
2139.01
2021.4
1703.69
1204.67
595.394
-32.6691
-594.577
-1046.23
-1381.9
-1588.53
-1662.86
-1601.6
-1368.02
-953.12
-462.267
-31.8523
255.635
395.296
434.499
431.232
400.196
347.109
303.006
234.401
147.828
120.876
196.014
338.125
497.386
614.995
642.764
558.641
368.344
102.908
-220.516
-601.927
-1038.06
-1484.81
-1867.85
-2113.69
-2187.19
-2063.87
-1781.28
-1430.9
-1077.26
-722.803
-382.228
-85.7563
143.744
262.169
270.336
209.899
154.361
193.564
370.794
667.266
1007.84
1333.71
1601.6
1795.98
1898.07
1886.64
1702.87
1305.13
730.97
39.2029
-687.684
-1320.65
-1769.85
-2026.3
-2085.1
-1952.79
-1635.09
-1165.47
-578.242
62.0712
646.847
1082.16
1299.41
1312.48
1188.34
998.04
757.106
501.47
267.886
66.1549
-62.0712
-73.5054
10.6174
145.377
269.52
308.723
234.401
56.3541
-194.381
-499.837
-833.878
-1203.85
-1584.45
-1927.47
-2165.14
-2237.01
-2137.37
-1859.69
-1472.56
-1054.39
-645.214
-243.385
228.683
808.559
1397.42
1893.17
2279.48
2537.57
2651.91
2673.96
2647.83
2589.84
2468.96
2171.68
1680.01
1082.16
473.701
-85.7563
-531.689
-844.495
-1032.34
-1109.11
-1127.9
-1052.76
-811.009
-448.383
-102.091
129.043
189.481
79.2225
-121.692
-325.057
-502.287
-597.844
-598.661
-521.072
-342.208
-61.2545
318.523
759.556
1172.82
1459.49
1543.61
1406.4
1068.28
596.21
36.7527
-571.709
-1176.9
-1731.46
-2149.62
-2372.59
-2374.22
-2165.96
-1807.42
-1389.25
-998.857
-659.098
-392.029
-226.233
-165.795
-200.098
-313.623
-488.402
-657.465
-719.536
-597.844
-259.719
246.651
822.444
1395.79
1923.39
2348.91
2612.71
2658.44
2443.65
1960.14
1249.59
418.981
-398.563
-1123
-1691.44
-2041.82
-2143.91
-2006.7
-1662.04
-1158.93
-569.258
40.0196
566.808
944.953
1131.17
1112.38
949.853
714.636
452.467
205.815
29.4022
-56.3541
-34.3025
98.8239
313.623
536.589
709.735
788.958
740.771
558.641
253.185
-155.178
-633.78
-1124.63
-1571.38
-1904.61
-2102.25
-2143.09
-2018.95
-1761.68
-1411.3
-1019.27
-608.461
-198.465
164.979
453.283
695.851
900.033
1059.29
1205.49
1356.58
1489.71
1590.98
1659.59
1689.81
1693.89
1671.84
1548.51
1307.58
993.956
612.545
232.767
-98.8239
-373.244
-537.406
-605.194
-638.68
-600.294
-471.251
-298.922
-108.625
42.4698
113.525
145.377
140.477
113.525
111.075
139.66
185.397
235.217
287.488
356.093
450.016
543.123
593.76
577.426
480.235
276.054
-16.3345
-334.858
-650.114
-955.57
-1238.16
-1480.73
-1648.15
-1711.04
-1662.04
-1525.65
-1343.52
-1154.03
-993.956
-848.579
-708.919
-592.943
-501.47
-423.881
-353.643
-271.153
-146.194
32.6691
271.97
561.091
856.746
1127.9
1345.15
1481.54
1515.84
1425.19
1215.29
891.865
472.885
24.5018
-411.63
-798.759
-1088.7
-1263.48
-1310.03
-1199.77
-971.905
-668.082
-311.173
53.0872
384.678
661.549
850.212
941.686
958.837
906.566
800.392
681.967
574.159
499.837
465.534
462.267
469.618
472.885
471.251
435.315
328.324
145.377
-105.358
-383.861
-660.732
-938.419
-1189.15
-1365.57
-1457.04
-1470.92
-1402.32
-1253.68
-1033.98
-773.44
-509.637
-263.803
-44.92
164.979
378.144
600.294
815.91
986.606
1125.45
1252.86
1352.5
1414.57
1439.07
1412.94
1329.63
1178.54
941.686
662.365
390.395
138.844
-69.4218
-203.365
-283.404
-318.523
-314.44
-278.504
-203.365
-104.541
-13.8844
25.3185
6.53381
-49.0036
-127.409
-194.381
-234.401
-246.651
-220.516
-160.078
-62.8879
68.605
207.449
325.057
393.662
406.73
359.36
243.385
63.7047
-170.696
-439.399
-721.17
-984.156
-1185.89
-1312.48
-1360.67
-1339.43
-1266.74
-1149.95
-1016.01
-881.248
-744.855
-611.728
-475.335
-347.109
-238.484
-137.21
-22.8683
118.425
304.639
525.155
743.221
935.969
1074
1152.4
1176.09
1147.5
1057.66
904.116
677.883
400.196
113.525
-162.529
-398.563
-561.091
-653.381
-684.417
-657.465
-579.876
-454.917
-316.073
-178.863
-42.4698
74.3221
169.879
240.934
284.221
324.24
378.961
436.132
490.853
543.94
593.76
623.979
622.346
581.509
490.036
334.041
131.493
-94.7403
-339.758
-584.776
-808.559
-993.139
-1120.55
-1183.44
-1184.25
-1114.02
-975.172
-795.492
-614.178
-454.917
-316.073
-200.098
-101.274
-9.80072
83.3061
195.198
337.308
503.104
688.5
866.547
1018.46
1136.88
1212.84
1238.97
1204.67
1102.58
937.602
733.42
499.837
258.902
24.5018
-164.979
-297.288
-376.511
-392.845
-356.093
-276.87
-169.062
-47.3701
77.589
184.58
250.735
283.404
295.655
285.038
274.42
262.169
240.934
231.95
226.233
221.333
215.616
192.747
150.278
75.9556
-24.5018
-143.744
-282.587
-427.148
-561.091
-685.234
-796.308
-880.431
-945.769
-973.538
-964.554
-931.068
-871.447
-788.141
-686.867
-570.892
-450.833
-329.958
-204.998
-93.1068
17.1513
130.676
238.484
338.125
419.797
481.869
530.056
559.458
566.808
561.091
526.789
459.817
360.993
232.767
102.091
-22.0516
-132.31
-211.532
-264.619
-294.838
-306.272
-294.838
-264.619
-222.966
-169.879
-111.075
-43.2865
28.5854
104.541
183.763
285.854
399.379
509.637
609.278
676.25
701.568
685.234
634.597
540.673
405.913
232.767
27.7687
-196.831
-416.531
-617.445
-779.974
-901.666
-972.721
-986.606
-956.387
-892.682
-792.225
-666.449
-541.49
-419.797
-313.623
-227.867
-151.094
-84.9396
-31.8523
32.6691
124.142
233.584
363.443
509.637
652.565
762.823
835.511
884.515
882.065
837.961
762.823
653.381
521.888
380.595
249.102
131.493
40.0196
-28.5854
-81.6727
-110.258
-115.975
-98.8239
-54.7207
10.6174
86.573
160.895
224.6
281.771
322.607
349.559
366.71
379.778
380.595
356.91
308.723
235.217
144.561
40.8363
-54.7207
-151.911
-255.635
-354.459
-445.116
-523.522
-576.609
-621.529
-659.915
-695.034
-724.436
-739.138
-739.954
-725.253
-686.867
-619.079
-533.322
-425.515
-322.607
-221.333
-114.342
-15.5178
81.6727
177.23
256.452
307.089
337.308
349.559
352.826
343.842
327.507
303.822
271.153
234.401
197.648
161.712
134.76
109.441
81.6727
64.5214
40.0196
12.2509
-11.4342
-31.0356
-43.2865
-41.6531
-30.2189
-26.1352
-17.1513
0
20.4182
51.4538
89.8399
133.943
186.214
234.401
256.452
258.086
244.201
208.265
160.895
94.7403
7.35054
-98.0072
-214.799
-312.806
-395.296
-460.634
-508.004
-542.306
-559.458
-573.342
-582.326
-572.525
-541.49
-493.303
-426.331
-353.643
-269.52
-164.162
-46.5534
86.573
229.5
367.527
490.036
597.027
681.15
734.237
760.372
758.739
735.871
684.417
601.111
505.554
409.18
308.723
217.249
141.294
80.8559
36.7527
7.35054
-8.16727
-3.26691
17.1513
32.6691
52.2705
75.9556
98.0072
118.425
138.027
162.529
189.481
215.616
243.385
270.336
280.137
271.153
241.751
191.114
122.509
32.6691
-70.2385
-186.214
-298.105
-397.746
-483.502
-546.39
-581.509
-601.927
-609.278
-601.111
-593.76
-581.509
-561.091
-535.773
-503.92
-465.534
-434.499
-401.829
-352.009
-295.655
-228.683
-147.828
-68.605
4.90036
77.589
138.844
186.214
226.233
241.751
229.5
192.747
128.226
42.4698
-43.2865
-127.409
-199.281
-249.918
-276.054
-280.137
-255.635
-202.548
-134.76
-44.1032
48.1869
129.043
203.365
267.07
306.272
323.424
327.507
320.974
311.99
308.723
314.44
334.041
376.511
427.148
467.168
503.92
514.538
497.386
454.917
368.344
253.185
110.258
-53.0872
-213.982
-361.81
-479.418
-561.908
-601.111
-593.76
-546.39
-462.267
-353.643
-236.851
-122.509
-14.7011
72.6887
133.943
171.513
184.58
189.481
187.847
180.497
181.313
200.098
235.217
274.42
318.523
354.459
365.893
354.459
320.157
271.97
214.799
138.844
54.7207
-21.2349
-84.9396
-121.692
-129.86
-106.991
-57.9876
4.90036
74.3221
139.66
194.381
231.134
249.102
251.552
233.584
206.632
169.062
124.959
80.8559
32.6691
-22.8683
-83.3061
-134.76
-173.146
-205.815
-235.217
-260.536
-286.671
-314.44
-339.758
-367.527
-394.479
-425.515
-457.367
-481.869
-504.737
-524.338
-531.689
-526.789
-504.737
-463.084
-413.264
-365.077
-299.739
-228.683
-154.361
-75.9556
-0.816727
66.1549
121.692
155.178
164.162
160.895
144.561
120.059
86.573
57.1709
40.8363
35.1192
52.2705
85.7563
130.676
185.397
236.851
287.488
336.491
371.611
385.495
380.595
355.276
300.555
231.95
160.078
87.3897
29.4022
-8.16727
-34.3025
-31.0356
4.08363
62.0712
136.393
209.899
271.153
310.356
317.707
307.089
261.352
174.779
58.8043
-84.9396
-245.835
-388.762
-502.287
-580.693
-605.194
-588.86
-539.856
-458.184
-346.292
-222.966
-92.2901
34.3025
134.76
212.349
260.536
276.87
263.803
236.851
200.915
156.811
124.142
111.075
115.158
145.377
196.014
242.568
285.854
322.607
334.041
324.24
300.555
249.102
178.863
103.724
28.5854
-34.3025
-69.4218
-78.4057
-59.621
-17.968
32.6691
80.0392
125.776
164.162
191.114
201.731
186.214
148.644
93.9236
35.936
-16.3345
-69.4218
-120.059
-165.795
-206.632
-236.034
-249.918
-249.102
-240.118
-240.934
-250.735
-269.52
-291.571
-309.539
-327.507
-347.109
-360.993
-370.794
-369.16
-350.376
-325.057
-297.288
-264.619
-231.134
-195.198
-157.628
-126.593
-92.2901
-60.4378
-40.0196
-21.2349
-3.26691
9.80072
24.5018
42.4698
59.621
72.6887
83.3061
92.2901
102.908
122.509
146.194
163.345
180.497
189.481
190.297
191.931
198.465
204.182
209.899
217.249
223.783
231.134
239.301
242.568
242.568
240.118
225.417
204.998
194.381
180.497
164.979
157.628
148.644
133.126
111.892
95.557
76.7723
48.1869
13.8844
-20.4182
-53.0872
-84.9396
-117.609
-143.744
-164.162
-176.413
-178.863
-178.863
-169.062
-151.911
-127.409
-96.3737
-68.605
-44.92
-29.4022
-22.8683
-29.4022
-40.8363
-53.0872
-73.5054
-100.457
-102.091
-88.2065
-72.6887
-54.7207
-33.4858
-8.16727
12.2509
20.4182
27.7687
44.1032
62.8879
74.3221
70.2385
70.2385
71.8719
67.7883
65.3381
69.4218
75.9556
75.9556
73.5054
66.9716
55.5374
36.7527
15.5178
-6.53381
-26.952
-45.7367
-66.9716
-86.573
-103.724
-117.609
-126.593
-141.294
-168.246
-187.03
-203.365
-228.683
-259.719
-280.954
-285.038
-282.587
-283.404
-276.87
-260.536
-237.667
-212.349
-184.58
-147.828
-110.258
-80.0392
-57.1709
-29.4022
-3.26691
12.2509
28.5854
60.4378
101.274
130.676
152.728
173.146
184.58
189.481
196.014
212.349
240.118
265.436
288.304
309.539
328.324
354.459
385.495
407.547
423.064
430.415
427.148
417.347
398.563
373.244
344.659
304.639
260.536
216.433
172.329
129.86
86.573
47.3701
17.968
-13.8844
-41.6531
-62.8879
-76.7723
-93.9236
-120.059
-142.11
-154.361
-173.963
-202.548
-231.134
-254.819
-278.504
-302.189
-315.256
-316.89
-310.356
-301.372
-278.504
-244.201
-209.899
-180.497
-148.644
-120.876
-106.991
-98.0072
-93.9236
-98.8239
-113.525
-132.31
-142.927
-146.194
-143.744
-135.577
-126.593
-116.792
-104.541
-78.4057
-42.4698
-4.90036
30.2189
64.5214
102.091
135.577
155.995
164.979
166.612
164.162
158.445
156.811
151.911
138.027
115.975
88.2065
58.8043
33.4858
13.8844
0
-11.4342
-23.6851
-36.7527
-40.8363
-39.2029
-36.7527
-37.5694
-43.2865
-56.3541
-71.0552
-92.2901
-121.692
-156.811
-193.564
-230.317
-252.369
-256.452
-249.102
-233.584
-206.632
-169.879
-129.86
-89.8399
-52.2705
-21.2349
4.08363
22.0516
33.4858
40.0196
44.1032
52.2705
63.7047
66.9716
69.4218
66.1549
54.7207
45.7367
40.0196
35.936
35.936
44.92
69.4218
95.557
120.876
160.078
207.449
262.169
315.256
363.443
414.08
454.1
472.885
474.518
453.283
418.981
375.694
320.974
257.269
194.381
133.943
75.9556
29.4022
-7.35054
-31.8523
-47.3701
-60.4378
-72.6887
-77.589
-86.573
-102.091
-109.441
-121.692
-138.844
-156.811
-167.429
-177.23
-178.863
-172.329
-158.445
-133.126
-111.075
-106.174
-95.557
-71.8719
-62.8879
-63.7047
-64.5214
-70.2385
-78.4057
-96.3737
-120.876
-132.31
-141.294
-151.094
-151.094
-143.744
-136.393
-127.409
-116.792
-114.342
-114.342
-115.158
-113.525
-98.0072
-74.3221
-45.7367
-8.98399
32.6691
83.3061
137.21
192.747
243.385
270.336
277.687
274.42
250.735
213.166
173.963
120.059
63.7047
6.53381
-44.1032
-66.9716
-78.4057
-93.1068
-98.0072
-96.3737
-97.1905
-99.6406
-111.075
-128.226
-155.995
-196.014
-224.6
-233.584
-231.95
-209.082
-177.23
-147.828
-117.609
-82.4894
-44.1032
-1.63345
21.2349
17.968
8.98399
-9.80072
-32.6691
-44.1032
-62.8879
-80.8559
-84.1228
-84.1228
-66.9716
-46.5534
-38.3861
-23.6851
-10.6174
-11.4342
-11.4342
-8.16727
-0.816727
20.4182
44.1032
78.4057
110.258
136.393
179.68
227.867
262.169
298.105
325.057
334.041
336.491
311.99
275.237
251.552
219.699
171.513
124.959
78.4057
40.0196
8.16727
-28.5854
-53.0872
-85.7563
-129.86
-160.895
-187.03
-213.982
-225.417
-230.317
-226.233
-201.731
-167.429
-131.493
-90.6566
-49.0036
-16.3345
4.90036
13.8844
23.6851
28.5854
30.2189
35.1192
27.7687
22.0516
19.6014
10.6174
-0.816727
-9.80072
-29.4022
-46.5534
-66.9716
-86.573
-96.3737
-103.724
-109.441
-105.358
-99.6406
-93.1068
-66.9716
-39.2029
-8.16727
42.4698
91.4734
124.959
170.696
215.616
245.018
263.803
262.986
247.468
231.95
209.899
180.497
159.262
144.561
123.326
104.541
85.7563
57.1709
27.7687
0
-38.3861
-86.573
-124.959
-155.178
-181.313
-200.098
-210.715
-209.082
-202.548
-202.548
-187.847
-157.628
-129.043
-93.9236
-54.7207
-20.4182
3.26691
19.6014
33.4858
35.1192
37.5694
31.0356
6.53381
-11.4342
-22.8683
-42.4698
-57.9876
-68.605
-87.3897
-100.457
-117.609
-129.86
-127.409
-120.876
-116.792
-111.892
-102.091
-94.7403
-80.0392
-62.8879
-29.4022
17.968
61.2545
115.158
169.879
222.966
268.703
303.006
327.507
338.125
332.408
320.974
296.472
258.086
217.249
168.246
121.692
78.4057
35.1192
-3.26691
-34.3025
-66.1549
-95.557
-122.509
-142.927
-152.728
-155.995
-162.529
-168.246
-162.529
-152.728
-138.027
-120.876
-104.541
-81.6727
-53.904
-26.1352
-3.26691
17.968
32.6691
40.8363
44.92
30.2189
11.4342
-10.6174
-42.4698
-74.3221
-106.991
-140.477
-169.062
-188.664
-199.281
-203.365
-205.815
-201.731
-193.564
-184.58
-167.429
-142.927
-113.525
-75.1388
-26.952
21.2349
66.1549
108.625
148.644
187.847
216.433
244.201
274.42
303.006
324.24
333.224
328.324
309.539
281.771
242.568
203.365
162.529
122.509
85.7563
50.637
21.2349
3.26691
-15.5178
-34.3025
-48.1869
-57.1709
-57.9876
-53.904
-43.2865
-33.4858
-24.5018
-8.98399
11.4342
29.4022
43.2865
56.3541
68.605
78.4057
78.4057
70.2385
54.7207
36.7527
11.4342
-22.0516
-66.9716
-115.158
-157.628
-196.831
-231.95
-258.902
-271.153
-265.436
-251.552
-233.584
-218.883
-213.982
-211.532
-203.365
-190.297
-164.162
-129.86
-91.4734
-47.3701
-2.45018
43.2865
94.7403
147.011
193.564
229.5
253.185
255.635
236.034
204.182
163.345
120.059
75.1388
25.3185
-26.1352
-75.9556
-118.425
-143.744
-152.728
-150.278
-141.294
-131.493
-120.059
-112.708
-107.808
-104.541
-97.1905
-78.4057
-55.5374
-31.0356
-1.63345
37.5694
83.3061
123.326
155.995
181.313
194.381
194.381
177.23
149.461
119.242
82.4894
45.7367
1.63345
-46.5534
-96.3737
-139.66
-168.246
-176.413
-170.696
-159.262
-144.561
-123.326
-98.8239
-72.6887
-38.3861
4.08363
56.3541
102.908
139.66
164.162
184.58
205.815
225.417
240.118
252.369
256.452
245.835
225.417
198.465
173.963
147.828
120.059
97.1905
68.605
26.1352
-26.952
-75.1388
-113.525
-145.377
-173.963
-192.747
-202.548
-204.182
-195.198
-175.596
-148.644
-111.892
-70.2385
-34.3025
-8.16727
11.4342
21.2349
17.1513
6.53381
-6.53381
-22.8683
-44.1032
-65.3381
-85.7563
-98.8239
-102.908
-102.091
-101.274
-103.724
-109.441
-111.075
-109.441
-113.525
-120.876
-127.409
-127.409
-129.043
-128.226
-118.425
-92.2901
-56.3541
-17.968
24.5018
70.2385
119.242
160.895
191.114
216.433
234.401
247.468
249.102
233.584
205.815
173.146
136.393
101.274
72.6887
50.637
28.5854
6.53381
-10.6174
-17.1513
-19.6014
-24.5018
-28.5854
-27.7687
-27.7687
-30.2189
-34.3025
-38.3861
-36.7527
-26.952
-9.80072
9.80072
32.6691
60.4378
87.3897
113.525
138.844
155.178
161.712
157.628
141.294
117.609
84.1228
45.7367
8.16727
-26.952
-62.8879
-98.8239
-132.31
-151.911
-162.529
-167.429
-169.062
-169.062
-162.529
-147.828
-132.31
-112.708
-86.573
-57.9876
-35.936
-9.80072
22.0516
48.1869
67.7883
83.3061
99.6406
116.792
130.676
137.21
133.126
122.509
111.075
98.0072
83.3061
65.3381
44.92
21.2349
-3.26691
-27.7687
-51.4538
-75.9556
-98.8239
-114.342
-118.425
-115.158
-107.808
-94.7403
-76.7723
-51.4538
-26.1352
-4.90036
13.0676
23.6851
28.5854
31.0356
23.6851
8.16727
-9.80072
-36.7527
-65.3381
-90.6566
-107.808
-124.142
-144.561
-163.345
-173.963
-174.779
-174.779
-180.497
-187.03
-187.847
-181.313
-175.596
-173.146
-164.979
-146.194
-118.425
-84.9396
-47.3701
-1.63345
49.0036
93.9236
135.577
181.313
218.883
245.835
260.536
264.619
266.253
259.719
239.301
205.815
169.062
142.927
122.509
99.6406
71.8719
50.637
37.5694
29.4022
22.0516
13.8844
15.5178
21.2349
26.1352
29.4022
32.6691
37.5694
38.3861
36.7527
39.2029
47.3701
50.637
49.8203
49.0036
51.4538
56.3541
55.5374
42.4698
25.3185
4.90036
-17.1513
-44.92
-80.8559
-118.425
-150.278
-173.146
-191.931
-204.998
-208.265
-208.265
-203.365
-196.014
-180.497
-155.995
-121.692
-89.0232
-53.904
-18.7847
12.2509
42.4698
72.6887
109.441
147.011
177.23
197.648
207.449
209.899
205.815
199.281
196.014
191.931
179.68
155.178
123.326
96.3737
75.1388
62.8879
49.8203
33.4858
15.5178
-8.16727
-31.0356
-48.1869
-57.9876
-66.1549
-68.605
-62.0712
-52.2705
-42.4698
-31.8523
-22.8683
-9.80072
12.2509
28.5854
28.5854
13.8844
-4.08363
-21.2349
-41.6531
-68.605
-100.457
-130.676
-155.178
-167.429
-180.497
-193.564
-209.082
-231.95
-247.468
-245.835
-232.767
-223.783
-222.966
-218.066
-200.098
-169.879
-135.577
-103.724
-64.5214
-19.6014
24.5018
57.1709
82.4894
107.808
138.027
162.529
173.146
176.413
175.596
168.246
153.545
138.027
129.043
110.258
82.4894
56.3541
44.92
41.6531
40.8363
40.8363
36.7527
35.936
45.7367
57.1709
72.6887
88.2065
96.3737
95.557
84.9396
77.589
75.9556
83.3061
89.8399
86.573
77.589
66.9716
56.3541
43.2865
32.6691
24.5018
10.6174
-11.4342
-40.0196
-66.9716
-87.3897
-99.6406
-108.625
-114.342
-107.808
-97.1905
-85.7563
-71.8719
-57.1709
-41.6531
-27.7687
-15.5178
-8.16727
0.816727
8.16727
14.7011
16.3345
17.968
19.6014
22.0516
24.5018
28.5854
35.1192
41.6531
42.4698
38.3861
35.1192
35.1192
39.2029
43.2865
46.5534
50.637
56.3541
63.7047
73.5054
79.2225
77.589
71.8719
66.9716
62.8879
59.621
53.904
50.637
47.3701
41.6531
40.0196
44.92
44.1032
40.8363
36.7527
26.1352
14.7011
0
-22.0516
-49.8203
-77.589
-102.908
-125.776
-147.828
-164.162
-175.596
-183.763
-187.03
-189.481
-191.931
-191.931
-190.297
-188.664
-188.664
-186.214
-185.397
-187.03
-185.397
-169.062
-146.194
-119.242
-89.8399
-57.1709
-22.0516
7.35054
30.2189
49.8203
68.605
84.1228
94.7403
98.0072
94.7403
89.8399
81.6727
66.9716
54.7207
48.1869
44.1032
38.3861
40.0196
47.3701
53.904
60.4378
70.2385
79.2225
80.0392
75.1388
67.7883
58.8043
53.0872
52.2705
50.637
46.5534
48.1869
53.0872
59.621
66.1549
71.0552
74.3221
73.5054
68.605
57.1709
44.1032
29.4022
17.1513
8.16727
-0.816727
-1.63345
2.45018
6.53381
13.8844
23.6851
35.936
44.1032
49.0036
63.7047
84.1228
99.6406
106.174
112.708
116.792
118.425
120.059
118.425
111.075
103.724
98.8239
91.4734
81.6727
65.3381
49.8203
38.3861
32.6691
31.0356
19.6014
7.35054
-2.45018
-9.80072
-17.968
-25.3185
-34.3025
-45.7367
-55.5374
-69.4218
-86.573
-106.991
-129.86
-144.561
-150.278
-150.278
-150.278
-146.194
-131.493
-110.258
-89.0232
-77.589
-80.0392
-89.8399
-107.808
-136.393
-170.696
-202.548
-222.966
-231.134
-229.5
-222.966
-213.982
-199.281
-175.596
-148.644
-123.326
-104.541
-95.557
-90.6566
-80.0392
-66.1549
-57.1709
-53.904
-41.6531
-12.2509
26.1352
57.9876
80.8559
103.724
129.86
151.911
167.429
173.963
172.329
156.811
136.393
115.158
98.8239
88.2065
83.3061
86.573
93.1068
102.908
114.342
125.776
137.21
147.011
151.911
149.461
141.294
130.676
126.593
129.86
133.943
132.31
126.593
123.326
120.876
111.892
102.908
98.0072
92.2901
82.4894
62.8879
33.4858
4.90036
-12.2509
-26.952
-49.0036
-74.3221
-99.6406
-115.975
-121.692
-118.425
-109.441
-101.274
-94.7403
-87.3897
-75.1388
-57.9876
-47.3701
-45.7367
-49.0036
-49.8203
-42.4698
-35.1192
-32.6691
-31.0356
-28.5854
-26.952
-23.6851
-17.968
-15.5178
-11.4342
-10.6174
-23.6851
-40.0196
-49.8203
-53.904
-53.904
-55.5374
-62.0712
-64.5214
-60.4378
-56.3541
-48.1869
-41.6531
-31.0356
-23.6851
-19.6014
-16.3345
-11.4342
0.816727
17.1513
34.3025
50.637
62.8879
74.3221
82.4894
89.0232
94.7403
100.457
94.7403
72.6887
46.5534
25.3185
5.71709
-11.4342
-35.1192
-60.4378
-80.8559
-102.091
-122.509
-134.76
-139.66
-138.027
-138.027
-141.294
-136.393
-119.242
-96.3737
-71.8719
-51.4538
-35.1192
-17.968
2.45018
21.2349
42.4698
62.0712
71.0552
72.6887
74.3221
79.2225
87.3897
90.6566
88.2065
87.3897
88.2065
84.9396
79.2225
77.589
79.2225
83.3061
84.9396
85.7563
88.2065
99.6406
106.174
108.625
104.541
96.3737
87.3897
79.2225
68.605
57.9876
49.0036
35.936
27.7687
24.5018
17.968
13.0676
11.4342
11.4342
8.98399
0
-18.7847
-38.3861
-53.904
-69.4218
-89.0232
-113.525
-139.66
-160.078
-172.329
-173.963
-171.513
-164.979
-157.628
-147.828
-131.493
-111.892
-89.8399
-68.605
-49.8203
-31.8523
-12.2509
1.63345
15.5178
33.4858
51.4538
65.3381
66.9716
64.5214
66.1549
71.8719
75.1388
73.5054
67.7883
61.2545
55.5374
48.1869
40.0196
32.6691
22.8683
15.5178
9.80072
4.08363
-4.08363
-13.8844
-24.5018
-24.5018
-12.2509
0.816727
6.53381
12.2509
22.0516
37.5694
49.0036
47.3701
37.5694
31.8523
28.5854
22.8683
10.6174
-3.26691
-17.1513
-30.2189
-40.8363
-53.0872
-64.5214
-80.0392
-94.7403
-102.908
-104.541
-102.091
-100.457
-93.9236
-80.0392
-59.621
-40.0196
-23.6851
-8.16727
8.16727
26.952
45.7367
60.4378
73.5054
87.3897
98.8239
108.625
111.892
111.075
105.358
96.3737
92.2901
82.4894
66.1549
47.3701
28.5854
15.5178
6.53381
0.816727
-1.63345
0
4.90036
11.4342
21.2349
37.5694
52.2705
57.9876
57.9876
54.7207
47.3701
32.6691
17.968
7.35054
2.45018
-0.816727
-11.4342
-20.4182
-23.6851
-25.3185
-24.5018
-26.1352
-28.5854
-34.3025
-47.3701
-65.3381
-82.4894
-97.1905
-110.258
-123.326
-139.66
-151.094
-158.445
-160.895
-153.545
-134.76
-110.258
-88.2065
-65.3381
-41.6531
-14.7011
8.98399
25.3185
37.5694
45.7367
54.7207
62.8879
70.2385
76.7723
83.3061
80.8559
80.8559
83.3061
88.2065
90.6566
85.7563
75.9556
68.605
66.9716
64.5214
60.4378
56.3541
47.3701
35.1192
22.0516
14.7011
13.0676
12.2509
13.8844
17.968
20.4182
28.5854
36.7527
42.4698
48.1869
49.0036
48.1869
50.637
50.637
44.1032
29.4022
7.35054
-17.968
-44.92
-69.4218
-93.9236
-119.242
-141.294
-154.361
-160.078
-161.712
-158.445
-151.094
-138.844
-119.242
-96.3737
-75.1388
-57.1709
-43.2865
-29.4022
-18.7847
-5.71709
9.80072
18.7847
26.1352
35.936
40.8363
43.2865
44.1032
44.92
51.4538
57.9876
59.621
60.4378
62.0712
59.621
54.7207
46.5534
43.2865
46.5534
49.8203
51.4538
54.7207
57.9876
61.2545
63.7047
67.7883
77.589
84.1228
87.3897
87.3897
81.6727
73.5054
63.7047
46.5534
33.4858
22.8683
9.80072
-2.45018
-19.6014
-40.0196
-54.7207
-66.1549
-75.1388
-77.589
-79.2225
-74.3221
-69.4218
-72.6887
-74.3221
-74.3221
-77.589
-77.589
-78.4057
-75.1388
-66.9716
-63.7047
-61.2545
-56.3541
-48.1869
-40.0196
-32.6691
-25.3185
-11.4342
-2.45018
-0.816727
0.816727
3.26691
5.71709
9.80072
16.3345
26.1352
34.3025
40.0196
44.1032
48.1869
53.0872
58.8043
61.2545
60.4378
57.9876
49.8203
35.936
25.3185
17.1513
11.4342
3.26691
-0.816727
2.45018
6.53381
12.2509
20.4182
30.2189
35.936
38.3861
37.5694
35.936
35.1192
33.4858
26.952
16.3345
5.71709
-8.16727
-20.4182
-28.5854
-34.3025
-46.5534
-62.0712
-73.5054
-82.4894
-90.6566
-94.7403
-93.1068
-87.3897
-80.0392
-68.605
-53.904
-36.7527
-20.4182
-1.63345
15.5178
31.0356
47.3701
57.1709
67.7883
75.9556
73.5054
64.5214
56.3541
48.1869
38.3861
30.2189
25.3185
21.2349
14.7011
4.08363
-6.53381
-18.7847
-24.5018
-22.8683
-18.7847
-12.2509
-9.80072
-4.90036
-0.816727
0
4.08363
12.2509
23.6851
36.7527
47.3701
55.5374
53.904
44.92
31.0356
17.968
8.98399
6.53381
5.71709
1.63345
-3.26691
-12.2509
-24.5018
-33.4858
-36.7527
-39.2029
-37.5694
-33.4858
-30.2189
-31.0356
-29.4022
-34.3025
-35.936
-31.8523
-25.3185
-13.8844
0
15.5178
27.7687
36.7527
46.5534
53.0872
57.1709
61.2545
68.605
71.8719
69.4218
58.8043
44.92
28.5854
10.6174
0.816727
-4.08363
-4.90036
-5.71709
-9.80072
-12.2509
-16.3345
-16.3345
-12.2509
-9.80072
-8.98399
-13.0676
-15.5178
-19.6014
-22.8683
-28.5854
-33.4858
-37.5694
-36.7527
-40.0196
-40.8363
-35.936
-26.1352
-13.0676
0
10.6174
17.1513
18.7847
19.6014
14.7011
3.26691
-8.98399
-18.7847
-27.7687
-35.1192
-40.8363
-42.4698
-44.92
-48.1869
-54.7207
-59.621
-58.8043
-54.7207
-49.8203
-44.92
-41.6531
-40.0196
-40.8363
-47.3701
-53.904
-60.4378
-67.7883
-71.8719
-74.3221
-71.8719
-71.0552
-64.5214
-53.904
-46.5534
-35.936
-24.5018
-15.5178
-4.08363
3.26691
3.26691
3.26691
4.90036
4.90036
4.90036
7.35054
13.0676
13.0676
17.968
22.0516
28.5854
36.7527
45.7367
57.9876
72.6887
89.0232
102.908
118.425
131.493
142.11
153.545
155.995
150.278
135.577
119.242
104.541
90.6566
83.3061
75.1388
70.2385
68.605
63.7047
56.3541
46.5534
35.936
23.6851
15.5178
8.16727
4.90036
4.90036
5.71709
5.71709
2.45018
-3.26691
-7.35054
-10.6174
-13.8844
-13.8844
-15.5178
-17.1513
-16.3345
-18.7847
-17.1513
-19.6014
-23.6851
-24.5018
-28.5854
-33.4858
-44.1032
-54.7207
-63.7047
-71.0552
-74.3221
-69.4218
-66.9716
-62.8879
-57.9876
-54.7207
-50.637
-49.8203
-53.0872
-58.8043
-65.3381
-67.7883
-67.7883
-63.7047
-54.7207
-40.8363
-28.5854
-14.7011
-4.90036
2.45018
6.53381
8.98399
10.6174
8.98399
6.53381
4.08363
-1.63345
-8.98399
-16.3345
-21.2349
-26.952
-32.6691
-35.1192
-39.2029
-36.7527
-36.7527
-31.8523
-26.952
-25.3185
-18.7847
-13.8844
-8.16727
-3.26691
0
4.08363
9.80072
17.968
29.4022
36.7527
41.6531
47.3701
46.5534
47.3701
47.3701
47.3701
48.1869
52.2705
54.7207
55.5374
53.0872
49.8203
47.3701
45.7367
44.1032
43.2865
41.6531
40.0196
39.2029
38.3861
41.6531
44.1032
47.3701
50.637
49.0036
48.1869
49.8203
41.6531
36.7527
30.2189
22.0516
18.7847
16.3345
9.80072
4.90036
0
-2.45018
-6.53381
-9.80072
-13.0676
-17.1513
-18.7847
-19.6014
-25.3185
-33.4858
-38.3861
-44.92
-44.92
-44.1032
-44.92
-44.92
-38.3861
-33.4858
-33.4858
-31.8523
-31.8523
-35.1192
-34.3025
-34.3025
-34.3025
-33.4858
-31.0356
-30.2189
-27.7687
-26.952
-27.7687
-31.0356
-31.8523
-31.8523
-34.3025
-34.3025
-35.1192
-40.0196
-44.1032
-46.5534
-47.3701
-40.8363
-35.1192
-25.3185
-17.1513
-11.4342
-4.08363
-0.816727
2.45018
3.26691
4.90036
7.35054
13.8844
17.1513
18.7847
20.4182
19.6014
21.2349
26.952
31.0356
34.3025
36.7527
39.2029
36.7527
31.8523
26.1352
20.4182
14.7011
8.98399
9.80072
12.2509
13.8844
13.0676
8.16727
3.26691
0
0
0.816727
-0.816727
-0.816727
2.45018
4.08363
2.45018
-3.26691
-11.4342
-15.5178
-16.3345
-16.3345
-13.0676
-7.35054
-4.90036
-3.26691
1.63345
1.63345
2.45018
7.35054
9.80072
14.7011
21.2349
28.5854
35.1192
36.7527
35.936
38.3861
40.8363
42.4698
44.1032
46.5534
51.4538
51.4538
55.5374
57.9876
57.1709
56.3541
53.904
53.904
53.904
52.2705
50.637
44.92
37.5694
31.8523
27.7687
22.0516
13.8844
8.98399
5.71709
1.63345
-3.26691
-7.35054
-13.0676
-18.7847
-26.1352
-32.6691
-38.3861
-46.5534
-54.7207
-63.7047
-74.3221
-80.8559
-84.1228
-85.7563
-85.7563
-84.9396
-82.4894
-81.6727
-80.8559
-81.6727
-82.4894
-81.6727
-80.0392
-77.589
-74.3221
-68.605
-64.5214
-62.8879
-58.8043
-54.7207
-50.637
-44.1032
-36.7527
-27.7687
-16.3345
-4.90036
4.08363
13.0676
15.5178
16.3345
17.1513
17.1513
20.4182
27.7687
35.1192
40.0196
42.4698
45.7367
49.0036
50.637
49.8203
47.3701
46.5534
44.92
42.4698
38.3861
35.936
29.4022
22.8683
17.1513
13.8844
13.0676
11.4342
10.6174
10.6174
8.98399
7.35054
8.98399
6.53381
4.90036
1.63345
-0.816727
-0.816727
0
4.90036
5.71709
8.16727
9.80072
11.4342
15.5178
17.968
20.4182
22.8683
21.2349
23.6851
25.3185
26.1352
28.5854
28.5854
31.0356
36.7527
43.2865
49.0036
52.2705
52.2705
51.4538
50.637
52.2705
56.3541
57.1709
53.904
49.0036
43.2865
35.936
30.2189
28.5854
26.952
25.3185
26.1352
22.8683
17.968
11.4342
4.08363
0.816727
0
1.63345
-2.45018
-6.53381
-12.2509
-19.6014
-25.3185
-33.4858
-35.1192
-39.2029
-44.92
-49.8203
-58.8043
-65.3381
-68.605
-72.6887
-74.3221
-75.1388
-76.7723
-73.5054
-71.8719
-71.8719
-68.605
-66.9716
-60.4378
-53.0872
-47.3701
-40.0196
-36.7527
-38.3861
-40.0196
-39.2029
-32.6691
-28.5854
-25.3185
-20.4182
-18.7847
-18.7847
-18.7847
-18.7847
-16.3345
-13.0676
-7.35054
0.816727
8.98399
13.0676
16.3345
21.2349
20.4182
22.8683
24.5018
22.8683
22.8683
20.4182
19.6014
22.8683
24.5018
26.952
26.1352
26.952
30.2189
28.5854
26.1352
25.3185
28.5854
31.8523
35.1192
35.936
36.7527
39.2029
40.0196
44.1032
44.1032
43.2865
35.936
26.1352
14.7011
4.90036
-0.816727
-4.90036
-9.80072
-15.5178
-17.968
-16.3345
-17.1513
-17.1513
-21.2349
-26.1352
-28.5854
-32.6691
-32.6691
-31.8523
-28.5854
-27.7687
-26.952
-25.3185
-22.8683
-21.2349
-22.8683
-25.3185
-29.4022
-32.6691
-32.6691
-28.5854
-19.6014
-9.80072
-2.45018
4.08363
5.71709
9.80072
16.3345
22.0516
26.1352
31.0356
35.1192
40.8363
43.2865
42.4698
42.4698
39.2029
35.1192
30.2189
26.952
26.1352
25.3185
24.5018
22.0516
21.2349
24.5018
26.952
24.5018
18.7847
13.8844
8.98399
6.53381
4.90036
0.816727
-5.71709
-11.4342
-15.5178
-17.968
-22.0516
-22.8683
-23.6851
-26.1352
-25.3185
-20.4182
-17.1513
-16.3345
-13.8844
-10.6174
-7.35054
-3.26691
0.816727
1.63345
-0.816727
0.816727
2.45018
2.45018
4.08363
4.90036
3.26691
0
1.63345
2.45018
1.63345
0.816727
-0.816727
-2.45018
-1.63345
0
-0.816727
-3.26691
-4.08363
-4.08363
-4.90036
-4.08363
-5.71709
-7.35054
-10.6174
-13.8844
-15.5178
-15.5178
-14.7011
-16.3345
-14.7011
-13.0676
-10.6174
-8.16727
-8.16727
-8.98399
-11.4342
-13.8844
-12.2509
-10.6174
-10.6174
-9.80072
-8.16727
-5.71709
-4.08363
0
1.63345
-0.816727
-2.45018
-1.63345
-0.816727
2.45018
8.16727
13.8844
18.7847
22.0516
26.952
29.4022
31.8523
34.3025
37.5694
42.4698
46.5534
49.8203
49.8203
51.4538
53.0872
50.637
46.5534
41.6531
37.5694
34.3025
31.8523
30.2189
27.7687
26.952
23.6851
17.1513
10.6174
0.816727
-8.98399
-19.6014
-28.5854
-35.936
-42.4698
-47.3701
-51.4538
-57.1709
-59.621
-61.2545
-63.7047
-63.7047
-62.0712
-56.3541
-52.2705
-49.0036
-44.1032
-40.8363
-38.3861
-37.5694
-35.1192
-35.936
-34.3025
-31.8523
-28.5854
-24.5018
-19.6014
-17.1513
-11.4342
-6.53381
-3.26691
2.45018
8.98399
13.8844
17.968
21.2349
23.6851
25.3185
26.1352
25.3185
25.3185
26.952
27.7687
29.4022
29.4022
26.952
25.3185
21.2349
17.1513
13.0676
8.98399
6.53381
2.45018
-2.45018
-3.26691
-6.53381
-7.35054
-7.35054
-10.6174
-12.2509
-10.6174
-9.80072
-7.35054
-3.26691
2.45018
8.16727
14.7011
19.6014
23.6851
26.952
27.7687
31.8523
35.936
36.7527
38.3861
41.6531
40.0196
37.5694
37.5694
35.1192
28.5854
22.8683
17.968
10.6174
4.08363
0
-4.90036
-11.4342
-16.3345
-20.4182
-26.1352
-30.2189
-32.6691
-35.936
-39.2029
-39.2029
-39.2029
-40.0196
-40.8363
-38.3861
-35.1192
-35.1192
-29.4022
-23.6851
-22.8683
-22.0516
-19.6014
-20.4182
-20.4182
-18.7847
-15.5178
-13.0676
-9.80072
-4.90036
-2.45018
0.816727
5.71709
8.16727
8.98399
8.98399
9.80072
9.80072
10.6174
11.4342
11.4342
14.7011
18.7847
23.6851
30.2189
34.3025
38.3861
44.92
50.637
55.5374
60.4378
62.0712
61.2545
59.621
53.904
47.3701
36.7527
26.952
17.1513
7.35054
0.816727
-4.08363
-8.16727
-11.4342
-15.5178
-17.1513
-18.7847
-22.8683
-27.7687
-31.0356
-33.4858
-36.7527
-38.3861
-41.6531
-44.1032
-45.7367
-46.5534
-46.5534
-44.1032
-40.8363
-34.3025
-29.4022
-27.7687
-25.3185
-22.0516
-14.7011
-8.98399
-3.26691
1.63345
6.53381
9.80072
8.98399
4.90036
-0.816727
-7.35054
-9.80072
-12.2509
-13.8844
-13.8844
-13.8844
-13.8844
-13.8844
-16.3345
-17.968
-17.968
-16.3345
-13.8844
-12.2509
-12.2509
-15.5178
-19.6014
-25.3185
-26.952
-26.952
-26.952
-26.952
-26.952
-28.5854
-28.5854
-26.952
-22.0516
-16.3345
-10.6174
-3.26691
0.816727
1.63345
3.26691
4.08363
4.90036
8.16727
11.4342
17.1513
25.3185
31.0356
38.3861
44.92
50.637
57.9876
66.9716
73.5054
80.0392
83.3061
83.3061
82.4894
80.8559
76.7723
74.3221
70.2385
66.1549
58.8043
51.4538
44.92
40.0196
38.3861
35.936
31.0356
25.3185
19.6014
15.5178
11.4342
8.98399
5.71709
1.63345
-1.63345
-8.98399
-13.0676
-16.3345
-18.7847
