SAMPLES: 6504
BITSPERSAMPLE:	16
CHANNELS:	1
SAMPLERATE:	16000
NORMALIZED:	FALSE
2.19732
-6.59196
-16.4799
-20.8745
-21.9732
-20.8745
-17.5786
-13.1839
-8.78928
-4.39464
-1.09866
2.19732
1.09866
2.19732
0
0
4.39464
3.29598
4.39464
0
1.09866
0
-3.29598
-2.19732
-2.19732
2.19732
2.19732
1.09866
1.09866
-3.29598
-7.69062
-9.88794
-15.3812
-15.3812
-10.9866
-6.59196
0
8.78928
14.2826
17.5786
17.5786
15.3812
9.88794
3.29598
-5.4933
-12.0853
-20.8745
-26.3678
-29.6638
-32.9598
-31.8611
-30.7625
-24.1705
-13.1839
-3.29598
4.39464
12.0853
13.1839
16.4799
18.6772
17.5786
18.6772
15.3812
15.3812
14.2826
14.2826
15.3812
16.4799
21.9732
23.0719
20.8745
20.8745
17.5786
19.7759
25.2692
28.5652
27.4665
20.8745
12.0853
10.9866
8.78928
4.39464
0
-7.69062
-18.6772
-26.3678
-25.2692
-18.6772
-8.78928
2.19732
7.69062
4.39464
6.59196
9.88794
16.4799
20.8745
26.3678
27.4665
19.7759
7.69062
-3.29598
-7.69062
-6.59196
-9.88794
-14.2826
-18.6772
-27.4665
-29.6638
-32.9598
-31.8611
-26.3678
-19.7759
-12.0853
-3.29598
7.69062
15.3812
16.4799
18.6772
14.2826
5.4933
-2.19732
-17.5786
-25.2692
-30.7625
-37.3544
-36.2558
-32.9598
-25.2692
-15.3812
3.29598
13.1839
17.5786
13.1839
7.69062
5.4933
9.88794
13.1839
12.0853
16.4799
9.88794
8.78928
7.69062
12.0853
12.0853
4.39464
-1.09866
-8.78928
-13.1839
-16.4799
-16.4799
-10.9866
-1.09866
6.59196
17.5786
24.1705
29.6638
30.7625
21.9732
26.3678
27.4665
27.4665
29.6638
25.2692
24.1705
17.5786
5.4933
-9.88794
-10.9866
-10.9866
-12.0853
-6.59196
-12.0853
-15.3812
-16.4799
-14.2826
-13.1839
15.3812
31.8611
53.8343
78.0048
37.3544
-9.88794
-48.341
-36.2558
7.69062
51.637
27.4665
-17.5786
-52.7357
-106.57
-118.655
-97.7807
-40.6504
-6.59196
16.4799
-51.637
-115.359
-129.642
-117.557
-40.6504
26.3678
32.9598
-49.4397
-127.445
-176.884
-132.938
-37.3544
14.2826
2.19732
-43.9464
-102.175
-123.05
-63.7223
-7.69062
53.8343
53.8343
17.5786
-7.69062
-18.6772
7.69062
53.8343
99.978
121.951
94.4847
20.8745
-3.29598
17.5786
47.2424
75.8075
49.4397
-21.9732
-52.7357
-48.341
-30.7625
28.5652
35.1571
-18.6772
-45.045
-48.341
-34.0584
56.0316
102.175
83.4981
95.5834
53.8343
6.59196
45.045
82.3995
102.175
147.22
101.077
17.5786
13.1839
27.4665
52.7357
110.965
112.063
42.8477
26.3678
5.4933
-8.78928
61.5249
90.0901
58.229
27.4665
-5.4933
-47.2424
-10.9866
56.0316
41.7491
36.2558
-24.1705
-102.175
-78.0048
-16.4799
21.9732
42.8477
47.2424
-15.3812
-18.6772
15.3812
37.3544
87.8928
90.0901
23.0719
-7.69062
-5.4933
-14.2826
31.8611
29.6638
36.2558
39.5517
-1.09866
-38.4531
-54.933
-46.1437
-14.2826
38.4531
20.8745
-25.2692
-72.5115
-108.767
-73.6102
-5.4933
-2.19732
-29.6638
-85.6955
-158.207
-146.122
-98.8794
-68.1169
-39.5517
-37.3544
-67.0182
-81.3008
-93.3861
-82.3995
-37.3544
9.88794
-12.0853
-31.8611
-39.5517
-70.3142
-39.5517
-17.5786
31.8611
69.2156
48.341
-25.2692
-35.1571
53.8343
117.557
138.431
78.0048
-3.29598
-40.6504
-28.5652
-38.4531
8.78928
41.7491
-16.4799
-81.3008
-152.714
-162.602
-131.839
-88.9914
-57.1303
-9.88794
4.39464
-67.0182
-157.108
-165.898
-63.7223
39.5517
95.5834
37.3544
-62.6236
-94.4847
-63.7223
35.1571
139.53
149.418
79.1035
19.7759
21.9732
74.7089
142.826
150.516
113.162
117.557
70.3142
21.9732
-21.9732
-52.7357
5.4933
83.4981
54.933
-68.1169
-150.516
-180.18
-93.3861
3.29598
8.78928
-37.3544
-38.4531
-31.8611
49.4397
253.79
288.947
190.068
87.8928
124.149
294.441
458.141
470.226
318.611
279.06
280.158
176.884
164.799
287.849
316.414
337.289
262.58
20.8745
-70.3142
-5.4933
5.4933
67.0182
197.759
-1.09866
-290.046
-393.32
-455.944
-299.934
-54.933
-158.207
-338.387
-288.947
-316.414
-255.988
-85.6955
-78.0048
-54.933
27.4665
6.59196
-17.5786
103.274
105.471
65.9196
105.471
51.637
-14.2826
-8.78928
-40.6504
-67.0182
-18.6772
-97.7807
-187.871
-230.719
-257.086
-214.239
-198.857
-268.073
-413.096
-440.563
-428.477
-381.235
-314.217
-385.63
-449.352
-462.536
-421.885
-309.822
-187.871
-153.812
-142.826
-112.063
-120.853
-83.4981
29.6638
114.261
152.714
227.423
210.943
137.332
87.8928
8.78928
45.045
154.911
142.826
54.933
-12.0853
-148.319
-259.284
-249.396
-207.647
-118.655
78.0048
254.889
418.589
440.563
-58.229
-451.549
-17.5786
698.748
1005.27
918.479
528.455
270.27
361.459
238.409
198.857
788.838
1268.95
1037.13
665.788
280.158
-3.29598
297.737
650.407
756.976
920.677
569.106
-452.648
-885.52
-442.76
103.274
368.051
131.839
-526.258
-883.322
-722.918
-592.178
-369.15
28.5652
-29.6638
-514.173
-728.411
-655.9
-457.042
-59.3276
165.898
47.2424
18.6772
-57.1303
-365.854
-191.167
370.248
589.98
548.231
340.584
-96.682
-194.463
157.108
331.795
392.221
375.742
-41.7491
-410.899
-339.486
-172.49
128.543
452.648
196.66
-354.867
-677.873
-685.564
-293.342
146.122
107.669
-166.996
-370.248
-647.111
-820.699
-648.209
-270.27
152.714
229.62
-287.849
-742.694
-707.537
-439.464
32.9598
469.128
450.45
84.5968
-413.096
-687.761
-280.158
488.904
759.174
450.45
-20.8745
-358.163
-327.401
6.59196
354.867
514.173
326.302
-198.857
-610.855
-552.626
-162.602
76.9062
-42.8477
-281.257
-506.482
-706.438
-804.219
-670.182
-357.064
-140.628
-383.432
-982.202
-1234.89
-978.906
-471.325
68.1169
683.366
1047.02
308.723
-881.125
-716.326
837.179
2086.35
2212.7
1446.93
892.112
1144.8
1027.25
568.007
1209.62
2241.27
2213.8
1557.9
644.913
-64.8209
314.217
936.058
1012.96
1328.28
1261.26
-226.324
-1565.59
-1341.46
-286.75
596.572
521.863
-673.478
-1589.76
-1446.93
-1077.79
-694.353
40.6504
373.544
-282.356
-907.493
-886.618
-583.388
61.5249
618.545
403.208
190.068
263.678
-214.239
-439.464
363.656
936.058
837.179
524.061
-290.046
-867.941
-366.952
24.1705
-57.1303
29.6638
-341.683
-1087.67
-1254.67
-912.986
-482.312
-49.4397
-333.993
-1141.51
-1238.19
-855.856
-552.626
-306.526
-115.359
-129.642
-288.947
-618.545
-845.968
-451.549
203.252
551.527
377.939
-26.3678
-350.472
-296.638
54.933
562.514
962.426
669.084
-19.7759
-543.837
-521.863
-20.8745
486.706
549.33
173.588
-223.028
-497.693
-479.016
-138.431
260.382
380.136
137.332
-323.006
-659.196
-510.877
-124.149
168.095
182.377
-72.5115
-396.616
-630.631
-647.111
-453.746
-87.8928
152.714
-18.6772
-529.554
-956.933
-791.035
-154.911
360.36
943.749
1618.33
998.682
-528.455
-642.716
825.093
2314.88
2713.69
1797.41
1012.96
1352.45
1163.48
391.123
974.511
2110.53
2303.89
1796.31
607.559
-387.827
15.3812
585.586
686.662
1223.91
1241.49
-255.988
-1832.56
-1997.36
-815.205
486.706
411.997
-858.053
-1766.64
-1860.03
-1537.02
-969.018
-301.033
141.727
-224.127
-1127.22
-1333.77
-715.227
-71.4129
421.885
517.469
226.324
175.786
-26.3678
-453.746
81.3008
1063.5
1028.35
442.76
-228.521
-960.229
-770.16
-16.4799
20.8745
-208.745
-469.128
-1244.78
-1683.15
-1218.41
-469.128
-39.5517
-179.082
-963.525
-1388.71
-749.286
-119.754
75.8075
194.463
338.387
198.857
-102.175
-292.243
-123.05
543.837
1040.43
795.43
228.521
41.7491
-23.0719
208.745
683.366
929.466
730.609
68.1169
-517.469
-536.146
85.6955
514.173
425.181
24.1705
-394.419
-522.962
-402.109
-196.66
12.0853
126.346
-57.1303
-295.539
-458.141
-410.899
-224.127
-57.1303
-28.5652
-117.557
-303.23
-622.94
-714.129
-697.649
-661.393
-665.788
-843.771
-1004.17
-720.721
258.185
1072.29
347.176
-1214.02
-1195.34
494.397
1890.79
1985.28
1466.71
1346.96
1407.38
731.707
107.669
1089.87
2637.88
2994.95
2161.06
889.914
219.732
432.872
732.806
1340.36
2337.95
2079.76
-18.6772
-1992.97
-2034.72
-455.944
896.506
507.581
-822.896
-1707.32
-2164.36
-2183.04
-1423.86
-290.046
283.454
-338.387
-1556.8
-1855.64
-980.004
-69.2156
373.544
647.111
694.353
381.235
-134.036
-380.136
402.109
1596.35
1761.15
949.242
12.0853
-508.679
-325.203
227.423
399.912
165.898
-338.387
-1201.93
-1778.73
-1326.08
-450.45
-216.436
-676.774
-1423.86
-1647.99
-1197.54
-743.793
-542.738
-249.396
110.965
-36.2558
-505.383
-764.667
-341.683
519.666
1114.04
963.525
446.056
30.7625
-166.996
172.49
896.506
1507.36
1156.89
124.149
-727.313
-754.779
71.4129
656.998
561.415
-13.1839
-696.55
-1140.41
-974.511
-339.486
215.337
288.947
-240.606
-842.672
-939.354
-564.711
-165.898
153.812
285.652
129.642
-320.809
-847.067
-772.358
-213.14
135.135
-17.5786
-561.415
-1066.8
-1056.91
-323.006
1126.13
2030.32
795.43
-1175.57
-1156.89
718.523
2263.24
2517.03
2040.21
1790.82
1471.11
315.315
-113.162
1432.65
3282.79
3683.81
2506.04
743.793
-52.7357
286.75
893.21
2029.22
3033.4
2012.74
-586.684
-2454.41
-2253.35
-392.221
971.215
336.19
-1121.73
-2214.9
-2934.52
-2787.3
-1585.37
-330.697
-12.0853
-984.399
-2382.99
-2568.67
-1491.98
-461.437
141.727
459.24
307.625
-215.337
-704.241
-586.684
471.325
1682.05
1775.43
836.08
-160.404
-613.052
-280.158
393.32
651.505
390.024
-246.1
-1284.33
-1863.33
-1318.39
-386.728
-116.458
-576.796
-1183.26
-1624.92
-1513.95
-1120.63
-587.783
61.5249
282.356
-195.561
-886.618
-932.762
-251.593
719.622
1211.82
977.807
416.392
41.7491
-24.1705
411.997
1248.08
1560.1
1114.04
262.58
-276.862
-195.561
312.019
708.635
589.98
187.871
-302.131
-613.052
-574.599
-191.167
188.969
246.1
-42.8477
-411.997
-584.487
-521.863
-209.844
235.113
459.24
135.135
-498.791
-710.833
-354.867
-8.78928
19.7759
-207.647
-470.226
-620.743
-480.114
285.652
1459.02
1385.41
-360.36
-1324.98
-76.9062
1785.32
2185.23
1422.76
1143.7
1484.29
980.004
-101.077
247.198
1971
3212.48
2808.17
1167.88
4.39464
130.74
571.303
1231.6
2310.48
2401.67
666.886
-1572.18
-2374.2
-1065.7
798.726
874.533
-539.442
-1626.02
-2200.62
-2482.97
-1987.48
-939.354
-159.306
-346.078
-1594.16
-2554.38
-2052.3
-887.717
-203.252
134.036
236.212
-108.767
-609.756
-817.403
-247.198
1009.67
1794.11
1233.79
46.1437
-597.671
-469.128
139.53
665.788
546.034
-21.9732
-794.331
-1620.52
-1665.57
-754.779
-68.1169
-231.817
-707.537
-1257.97
-1491.98
-1207.43
-724.017
-141.727
271.369
148.319
-352.67
-682.268
-594.375
78.0048
844.869
1185.45
1026.15
470.226
-25.2692
39.5517
692.156
1393.1
1611.73
954.735
80.2022
-279.06
-147.22
270.27
629.532
490.002
-79.1035
-651.505
-965.722
-695.452
-79.1035
258.185
52.7357
-437.267
-886.618
-914.085
-515.271
-129.642
102.175
157.108
-339.486
-984.399
-974.511
-466.93
90.0901
139.53
-321.907
-784.443
-876.73
-653.702
397.715
1861.13
1694.13
-163.7
-1286.53
-185.673
1768.84
2569.76
2047.9
1871.02
1928.15
941.551
-76.9062
592.178
2508.24
3765.11
3246.54
1338.17
43.9464
121.951
608.657
1378.82
2425.84
2446.72
704.241
-1577.68
-2495.06
-1165.68
727.313
941.551
-392.221
-1710.61
-2522.52
-2852.12
-2288.51
-982.202
96.682
-220.831
-1690.84
-2671.94
-2184.14
-959.13
-69.2156
354.867
433.971
-36.2558
-808.613
-1043.73
-324.105
950.341
1727.09
1130.52
-169.194
-783.344
-586.684
-82.3995
473.522
581.191
68.1169
-798.726
-1743.57
-1818.28
-811.909
-156.01
-493.298
-997.583
-1373.32
-1685.34
-1464.51
-933.861
-290.046
324.105
159.306
-616.348
-934.959
-469.128
328.499
1085.48
1238.19
807.515
427.379
215.337
295.539
1028.35
1806.2
1750.16
1114.04
407.603
119.754
359.262
719.622
914.085
778.95
288.947
-376.84
-760.272
-607.559
-113.162
228.521
42.8477
-476.818
-898.704
-1001.98
-784.443
-397.715
-35.1571
-39.5517
-584.487
-1083.28
-1034.94
-616.348
-282.356
-272.468
-461.437
-607.559
-678.972
-458.141
648.209
1716.11
1029.44
-499.89
-487.805
1085.48
2267.63
2046.8
1556.8
1895.19
1897.39
696.55
41.7491
1144.8
2660.95
3123.49
2065.48
548.231
120.853
376.84
568.007
1305.21
2219.29
1657.88
-346.078
-2106.13
-2066.58
-411.997
709.734
92.2874
-1044.83
-1789.72
-2452.21
-2643.38
-1779.83
-406.504
127.445
-845.968
-2303.89
-2570.86
-1506.26
-397.715
127.445
347.176
291.145
-187.871
-654.801
-450.45
485.608
1504.07
1680.95
760.272
-179.082
-260.382
-2.19732
245.001
485.608
305.427
-329.598
-1074.49
-1576.58
-1309.6
-437.267
-302.131
-758.075
-1042.63
-1337.07
-1428.26
-1111.84
-568.007
-47.2424
208.745
-316.414
-859.152
-577.895
42.8477
607.559
964.623
922.874
659.196
373.544
159.306
569.106
1285.43
1599.65
1210.72
466.93
79.1035
208.745
459.24
606.46
751.483
525.159
-147.22
-698.748
-739.398
-314.217
158.207
75.8075
-329.598
-749.286
-1061.31
-985.498
-669.084
-336.19
-156.01
-366.952
-941.551
-1190.95
-967.919
-686.662
-488.904
-329.598
-329.598
-332.894
50.5383
540.541
599.868
51.637
-97.7807
718.523
1623.82
1771.04
1489.78
1505.16
1582.07
1321.69
981.103
1263.46
2064.38
2596.13
2322.57
1548.01
962.426
747.089
827.291
1260.16
1831.47
1649.09
480.114
-821.797
-1185.45
-495.495
261.481
197.759
-535.047
-1226.1
-1680.95
-1852.34
-1549.11
-871.237
-477.917
-747.089
-1309.6
-1556.8
-1304.11
-859.152
-442.76
-113.162
81.3008
-50.5383
-374.643
-380.136
125.247
695.452
860.25
569.106
84.5968
-215.337
-231.817
-37.3544
146.122
6.59196
-524.061
-1047.02
-1200.83
-1185.45
-1087.67
-1108.55
-1339.27
-1404.09
-1322.79
-1368.93
-1344.76
-1100.86
-840.475
-650.407
-647.111
-720.721
-532.85
-60.4263
284.553
458.141
486.706
398.813
450.45
617.447
928.367
1228.3
1175.57
792.134
594.375
607.559
721.819
867.941
789.936
559.218
302.131
72.5115
-97.7807
-68.1169
-137.332
-206.548
-209.844
-323.006
-403.208
-528.455
-648.209
-598.77
-426.28
-491.101
-583.388
-547.132
-643.815
-745.99
-706.438
-555.922
-375.742
-180.18
135.135
867.941
1264.56
411.997
-599.868
-93.3861
1629.31
2679.63
2423.64
1847.95
1784.22
1613.93
906.394
919.578
2091.85
3032.3
2744.45
1643.59
680.07
509.778
722.918
878.928
1361.24
1840.25
1114.04
-751.483
-2112.72
-1735.88
-215.337
542.738
-181.279
-1352.45
-2124.81
-2401.67
-2070.97
-1151.4
-363.656
-554.823
-1578.77
-2246.76
-1789.72
-820.699
-275.764
-240.606
-255.988
-134.036
-175.786
-391.123
-132.938
629.532
1181.06
1072.29
496.594
19.7759
-34.0584
168.095
406.504
622.94
420.787
-433.971
-1167.88
-1207.43
-741.595
-357.064
-597.671
-1192.05
-1560.1
-1476.6
-1284.33
-976.708
-648.209
-706.438
-958.031
-1058.01
-804.219
-329.598
113.162
321.907
365.854
379.038
309.822
186.772
406.504
987.695
1401.89
1351.35
811.909
330.697
318.611
669.084
992.09
1052.52
867.941
319.71
-248.297
-442.76
-153.812
238.409
227.423
-251.593
-820.699
-1098.66
-1143.7
-982.202
-732.806
-615.249
-748.187
-992.09
-1262.36
-1357.94
-1183.26
-829.488
-410.899
-160.404
273.566
852.56
675.676
-264.777
-426.28
865.744
2248.96
2388.49
1641.4
1428.26
1828.17
1658.98
1165.68
1527.14
2422.54
2809.27
2337.95
1475.5
1109.65
1220.61
1125.03
1098.66
1609.54
1709.51
553.724
-1034.94
-1557.9
-669.084
269.172
-7.69062
-929.466
-1464.51
-1697.43
-1825.97
-1487.59
-689.958
-297.737
-838.277
-1644.69
-1708.42
-1034.94
-449.352
-286.75
-210.943
9.88794
28.5652
-341.683
-463.634
154.911
892.112
971.215
454.845
-9.88794
-46.1437
88.9914
156.01
201.055
166.996
-251.593
-904.197
-1167.88
-876.73
-483.41
-536.146
-1189.85
-1817.18
-1793.01
-1531.53
-1456.82
-1225.01
-883.322
-995.386
-1324.98
-1427.16
-1163.48
-513.074
61.5249
245.001
286.75
260.382
92.2874
201.055
700.945
1186.55
1446.93
1296.42
856.955
635.025
802.022
985.498
1093.17
1181.06
975.61
522.962
166.996
150.516
257.086
275.764
210.943
43.9464
-186.772
-510.877
-748.187
-774.555
-558.119
-502.087
-682.268
-842.672
-897.605
-761.371
-806.416
-902
-811.909
-736.102
-671.281
68.1169
1198.64
1181.06
2.19732
-618.545
443.858
2024.83
2480.77
1998.46
1938.04
1977.59
1304.11
770.16
1220.61
2435.73
3241.05
2770.82
1594.16
947.045
728.411
610.855
1196.44
2165.46
2176.44
714.129
-1250.27
-2047.9
-1066.8
231.817
404.307
-477.917
-1638.1
-2514.83
-2684.03
-1945.73
-750.385
-138.431
-827.291
-2018.24
-2389.58
-1786.42
-948.143
-373.544
-58.229
-30.7625
-435.069
-939.354
-826.192
38.4531
955.834
1161.28
592.178
-146.122
-498.791
-383.432
163.7
788.838
762.47
-69.2156
-1055.81
-1507.36
-1008.57
-177.983
-47.2424
-594.375
-1312.9
-1702.92
-1686.44
-1399.69
-929.466
-463.634
-497.693
-1022.85
-1289.83
-1131.62
-675.676
2.19732
460.338
521.863
381.235
-53.8343
-247.198
347.176
1162.38
1575.48
1333.77
626.236
185.673
416.392
843.771
1137.11
1217.31
894.309
347.176
-43.9464
-126.346
198.857
573.5
411.997
-48.341
-502.087
-853.659
-847.067
-572.402
-382.334
-441.661
-774.555
-1089.87
-1107.45
-984.399
-877.829
-689.958
-587.783
-551.527
96.682
1100.86
1073.39
-137.332
-639.42
705.339
2388.49
2564.27
1852.34
1875.41
2268.73
1763.35
915.183
1298.62
2630.19
3357.5
2894.97
1934.74
1294.22
1020.65
843.771
1149.2
2218.19
2558.78
941.551
-1310.7
-2072.07
-1003.08
359.262
392.221
-719.622
-1734.78
-2353.33
-2656.56
-2119.31
-860.25
-266.974
-1010.77
-2194.02
-2519.23
-1771.04
-908.592
-583.388
-437.267
-184.575
-301.033
-802.022
-843.771
12.0853
1047.02
1264.56
605.361
-107.669
-257.086
-39.5517
335.091
769.062
902
325.203
-738.299
-1398.59
-1133.82
-369.15
78.0048
-295.539
-1186.55
-1733.68
-1911.67
-1760.05
-1040.43
-464.733
-685.564
-1251.37
-1600.75
-1585.37
-964.623
-254.889
58.229
270.27
182.377
-247.198
-210.943
305.427
814.107
1340.36
1401.89
941.551
452.648
237.31
497.693
1177.76
1569.98
1128.32
365.854
-161.503
-156.01
186.772
497.693
615.249
339.486
-413.096
-1106.35
-1187.65
-643.815
-7.69062
-141.727
-850.363
-1332.67
-1323.88
-1089.87
-910.789
-719.622
-495.495
-551.527
-934.959
-692.156
747.089
1787.52
792.134
-741.595
-326.302
1556.8
2454.41
1980.88
1836.96
2464.29
2311.58
888.816
387.827
1928.15
3538.78
3577.24
2604.92
1654.58
1219.51
905.296
802.022
1898.48
3236.65
2462.1
-235.113
-2108.33
-1671.06
26.3678
838.277
-32.9598
-1200.83
-1886.4
-2588.44
-2680.73
-1431.55
-108.767
-316.414
-1802.9
-2781.81
-2290.71
-1220.61
-681.169
-526.258
-217.535
-173.588
-794.331
-1221.71
-530.653
742.694
1350.25
875.632
85.6955
-332.894
-370.248
-159.306
374.643
870.138
505.383
-644.913
-1578.77
-1473.3
-650.407
-71.4129
-366.952
-1203.03
-1683.15
-1698.53
-1645.79
-1287.63
-587.783
-426.28
-869.04
-1283.23
-1322.79
-856.955
-136.234
213.14
295.539
411.997
96.682
-320.809
10.9866
967.919
1680.95
1799.6
1129.42
319.71
310.921
791.035
1373.32
1853.44
1701.82
784.443
-12.0853
-146.122
347.176
1007.47
1019.56
320.809
-323.006
-596.572
-692.156
-514.173
-242.804
-91.1887
-353.768
-1003.08
-1387.61
-1277.74
-798.726
-481.213
-650.407
-971.215
-1208.53
-1537.02
-1424.96
-7.69062
1833.66
1874.31
-310.921
-1991.87
-831.685
1668.86
2696.11
2400.57
2253.35
1969.9
766.864
-386.728
442.76
2741.16
3948.58
3123.49
1569.98
683.366
451.549
339.486
1001.98
2749.95
3395.96
1243.68
-1730.39
-2590.64
-1171.17
655.9
1040.43
-49.4397
-1307.4
-2496.15
-3298.18
-2395.08
-203.252
784.443
-533.949
-2565.37
-3196
-2097.34
-715.227
-136.234
-5.4933
-46.1437
-702.044
-1510.66
-1287.63
107.669
1370.03
1415.07
660.294
0
-243.902
-248.297
121.951
908.592
1181.06
285.652
-973.412
-1446.93
-1033.84
-259.284
150.516
-339.486
-1093.17
-1376.62
-1672.16
-1559
-461.437
141.727
-194.463
-821.797
-1296.42
-988.794
-101.077
364.755
492.2
774.555
338.387
-331.795
-87.8928
655.9
1437.05
1842.45
1240.39
547.132
481.213
496.594
767.963
1208.53
1400.79
996.484
157.108
-485.608
-248.297
498.791
674.577
323.006
-205.449
-740.497
-1009.67
-905.296
-461.437
80.2022
-1.09866
-613.052
-1305.21
-1544.72
-1055.81
-402.109
-70.3142
-257.086
-807.515
-1539.22
-1756.76
-1118.44
-261.481
689.958
1899.58
1515.05
-964.623
-2147.88
-195.561
2520.33
3213.58
2355.53
1744.67
1743.57
907.493
-162.602
1079.98
3437.71
4016.7
2741.16
970.116
108.767
572.402
895.408
1278.84
2756.54
3100.42
540.541
-2250.05
-2609.32
-764.667
1331.58
1207.43
-617.447
-1913.87
-2821.36
-3413.54
-2194.02
86.7941
743.793
-1006.37
-3198.2
-3477.26
-1805.1
-191.167
190.068
90.0901
-173.588
-939.354
-1643.59
-1147
559.218
1845.75
1541.42
249.396
-703.142
-662.492
-132.938
374.643
1036.04
1054.71
-272.468
-1638.1
-1885.3
-1077.79
-26.3678
131.839
-696.55
-1261.26
-1360.14
-1763.35
-1589.76
-308.723
427.379
48.341
-709.734
-1300.81
-873.434
37.3544
429.576
622.94
895.408
565.81
-218.633
-145.023
726.214
1621.62
1891.89
1094.26
382.334
532.85
748.187
874.533
1142.61
1351.35
985.498
115.359
-306.526
50.5383
608.657
561.415
60.4263
-248.297
-396.616
-637.223
-853.659
-525.159
160.404
134.036
-594.375
-1115.14
-993.188
-495.495
-337.289
-385.63
-177.983
-68.1169
-613.052
-1371.13
-1333.77
-667.985
-236.212
-159.306
371.347
1284.33
820.699
-1041.53
-1530.43
522.962
2687.32
2619.2
1397.5
1156.89
1419.47
852.56
242.804
1031.64
2491.76
2940.01
2036.91
855.856
586.684
762.47
633.927
1064.6
2216
2253.35
415.293
-1695.23
-2070.97
-517.469
892.112
372.446
-1107.45
-1921.56
-2337.95
-2388.49
-1410.68
-156.01
5.4933
-1196.44
-2489.56
-2312.68
-934.959
-72.5115
-168.095
-223.028
-203.252
-621.841
-938.255
-517.469
481.213
1277.74
1127.22
359.262
-32.9598
-1.09866
-101.077
-13.1839
497.693
643.815
73.6102
-804.219
-1445.84
-1063.5
-186.772
-202.153
-718.523
-911.887
-1058.01
-1227.2
-803.12
-165.898
102.175
124.149
-368.051
-677.873
-103.274
413.096
602.065
818.501
770.16
483.41
255.988
296.638
783.344
1385.41
1402.99
894.309
428.477
174.687
161.503
340.584
507.581
716.326
594.375
-113.162
-577.895
-535.047
-280.158
-177.983
-297.737
-336.19
-440.563
-739.398
-884.421
-692.156
-541.639
-395.517
-137.332
-206.548
-531.751
-675.676
-761.371
-739.398
-466.93
-227.423
-199.956
-568.007
-1028.35
-1198.64
-1043.73
-670.182
-194.463
618.545
1270.05
658.097
-795.43
-1166.78
254.889
1946.82
2379.7
2003.96
1677.65
1197.54
361.459
83.4981
1208.53
2644.47
3035.6
2221.49
1153.59
677.873
496.594
586.684
1456.82
2612.61
2426.94
381.235
-1669.96
-1811.69
-375.742
814.107
647.111
-293.342
-1388.71
-2356.62
-2497.25
-1494.18
-80.2022
264.777
-881.125
-2183.04
-2308.28
-1416.17
-582.29
-209.844
-3.29598
-102.175
-618.545
-1056.91
-749.286
281.257
1021.75
893.21
228.521
-288.947
-437.267
-430.675
-53.8343
524.061
621.841
-17.5786
-989.892
-1415.07
-861.349
-18.6772
142.826
-228.521
-461.437
-688.86
-848.165
-542.738
99.978
673.478
563.612
-120.853
-342.782
50.5383
437.267
656.998
866.842
994.287
806.416
355.966
39.5517
380.136
1010.77
1108.55
675.676
163.7
-164.799
-323.006
-306.526
190.068
789.936
615.249
-262.58
-1026.15
-950.341
-235.113
270.27
230.719
-87.8928
-488.904
-804.219
-708.635
-164.799
358.163
348.275
-217.535
-666.886
-543.837
-336.19
-223.028
-110.965
-24.1705
-99.978
-437.267
-671.281
-598.77
-387.827
-407.603
-678.972
-970.116
-1079.98
-921.775
-168.095
983.3
1205.23
29.6638
-1123.93
-844.869
451.549
1599.65
1931.44
1860.03
1520.54
486.706
-335.091
216.436
1686.44
2784
2621.4
1339.27
285.652
-96.682
-157.108
618.545
2041.31
2464.29
1062.4
-1148.1
-2359.92
-1523.84
87.8928
729.51
340.584
-780.048
-2275.32
-2957.59
-2023.73
-215.337
861.349
217.535
-1398.59
-2194.02
-1602.94
-602.065
227.423
766.864
600.967
-328.499
-1230.5
-1108.55
60.4263
1128.32
1121.73
394.419
-207.647
-571.303
-761.371
-341.683
547.132
960.229
520.765
-370.248
-942.65
-700.945
-42.8477
408.701
687.761
632.828
-65.9196
-707.537
-574.599
237.31
1130.52
1368.93
756.976
45.045
-216.436
-147.22
379.038
1208.53
1522.74
845.968
-201.055
-714.129
-299.934
493.298
731.707
424.083
-12.0853
-468.029
-741.595
-540.541
-99.978
227.423
183.476
-227.423
-472.424
-303.23
-181.279
-181.279
49.4397
372.446
388.926
-69.2156
-611.953
-716.326
-303.23
128.543
173.588
-90.0901
-438.365
-732.806
-785.542
-440.563
28.5652
142.826
-330.697
-928.367
-1007.47
-610.855
-241.705
-156.01
-268.073
-460.338
-608.657
-708.635
-778.95
-644.913
-449.352
-441.661
-134.036
683.366
1072.29
373.544
-483.41
-274.665
929.466
1840.25
1712.81
1398.59
1411.78
1073.39
397.715
282.356
915.183
1762.25
1834.76
943.749
218.633
-10.9866
-275.764
-192.265
660.294
1339.27
958.031
-390.024
-1629.31
-1453.53
-315.315
377.939
331.795
-134.036
-971.215
-1724.9
-1680.95
-727.313
420.787
559.218
-519.666
-1446.93
-1382.11
-863.546
-336.19
170.292
430.675
108.767
-618.545
-1056.91
-584.487
440.563
990.991
658.097
-9.88794
-341.683
-254.889
147.22
702.044
988.794
774.555
187.871
-283.454
-49.4397
640.519
955.834
718.523
357.064
45.045
-104.373
-160.404
-239.508
-29.6638
247.198
8.78928
-515.271
-717.425
-641.617
-542.738
-429.576
-298.835
-114.261
-34.0584
-348.275
-596.572
-325.203
108.767
335.091
273.566
157.108
182.377
235.113
216.436
362.558
617.447
608.657
329.598
169.194
255.988
464.733
476.818
157.108
13.1839
36.2558
-80.2022
-242.804
-265.876
-199.956
-303.23
-571.303
-781.147
-759.174
-652.604
-665.788
-617.447
-519.666
-519.666
-475.72
-426.28
-331.795
-124.149
-38.4531
-61.5249
40.6504
208.745
175.786
78.0048
223.028
362.558
225.225
-164.799
-417.491
-307.625
-114.261
298.835
1098.66
1209.62
-260.382
-1604.04
-973.412
699.846
1566.69
1179.96
468.029
216.436
-274.665
-1181.06
-881.125
760.272
1780.93
1399.69
350.472
-550.428
-700.945
-365.854
293.342
1661.17
2547.79
1404.09
-745.99
-1740.28
-791.035
1069
1856.73
1207.43
284.553
-704.241
-1613.93
-1219.51
385.63
1452.43
893.21
-769.062
-1788.62
-1303.01
-446.056
-40.6504
197.759
149.418
-364.755
-914.085
-1054.71
-383.432
663.59
806.416
205.449
-65.9196
-242.804
-449.352
-60.4263
472.424
632.828
614.151
138.431
-485.608
-264.777
257.086
248.297
234.015
193.364
-223.028
-474.621
-480.114
-411.997
81.3008
388.926
-137.332
-576.796
-551.527
-500.989
-298.835
59.3276
170.292
112.063
-98.8794
-472.424
-368.051
210.943
480.114
358.163
134.036
-64.8209
-79.1035
-76.9062
-60.4263
101.077
190.068
9.88794
-241.705
-305.427
-220.831
-168.095
-260.382
-240.606
-87.8928
-174.687
-416.392
-471.325
-386.728
-101.077
175.786
91.1887
-56.0316
-148.319
-229.62
-135.135
219.732
493.298
415.293
75.8075
-282.356
-119.754
392.221
529.554
352.67
230.719
187.871
78.0048
-116.458
-98.8794
239.508
396.616
15.3812
-346.078
-328.499
-242.804
-314.217
-541.639
-716.326
-749.286
-820.699
-770.16
236.212
1330.48
373.544
-1557.9
-1682.05
-141.727
1184.36
1409.58
961.327
984.399
888.816
-385.63
-994.287
563.612
2240.17
2401.67
1652.38
647.111
177.983
164.799
79.1035
1070.09
2730.17
2407.16
232.916
-1364.54
-1253.57
94.4847
1044.83
671.281
103.274
-431.773
-1706.22
-2302.79
-1105.25
385.63
447.154
-984.399
-2207.21
-1927.05
-1152.49
-903.098
-559.218
-65.9196
-61.5249
-565.81
-1174.47
-862.448
492.2
1073.39
636.124
644.913
695.452
280.158
198.857
404.307
860.25
1532.63
1147
-1.09866
-101.077
268.073
158.207
383.432
633.927
242.804
-125.247
-533.949
-1000.88
-559.218
34.0584
-435.069
-1004.17
-1081.08
-1178.86
-1086.57
-880.026
-837.179
-670.182
-532.85
-833.883
-952.538
-515.271
-229.62
-67.0182
139.53
127.445
173.588
228.521
154.911
388.926
832.784
937.157
774.555
652.604
594.375
656.998
765.766
775.654
852.56
806.416
395.517
157.108
162.602
170.292
287.849
239.508
-26.3678
-218.633
-373.544
-491.101
-357.064
-298.835
-525.159
-650.407
-643.815
-631.729
-526.258
-483.41
-483.41
-290.046
-162.602
-163.7
-38.4531
130.74
149.418
216.436
430.675
592.178
542.738
391.123
385.63
517.469
543.837
364.755
239.508
216.436
104.373
-117.557
-262.58
-344.979
-566.908
-839.376
-617.447
405.405
830.587
-424.083
-1730.39
-1424.96
-276.862
470.226
546.034
416.392
554.823
36.2558
-1217.31
-1063.5
693.254
1778.73
1602.94
938.255
251.593
51.637
-12.0853
41.7491
1349.15
2778.51
2007.25
-51.637
-1061.31
-589.98
575.698
1315.1
971.215
227.423
-499.89
-1495.28
-1706.22
-316.414
832.784
142.826
-1161.28
-1606.24
-1312.9
-741.595
-403.208
-511.975
-321.907
-142.826
-821.797
-1023.95
6.59196
587.783
380.136
371.347
241.705
49.4397
193.364
-25.2692
-16.4799
889.914
943.749
31.8611
-110.965
37.3544
-102.175
79.1035
116.458
-110.965
-58.229
-347.176
-912.986
-687.761
-250.494
-332.894
-438.365
-562.514
-782.246
-811.909
-780.048
-663.59
-260.382
-48.341
-312.019
-507.581
-306.526
121.951
459.24
541.639
470.226
346.078
294.441
490.002
885.52
1163.48
1141.51
904.197
710.833
745.99
823.995
752.582
698.748
777.851
698.748
460.338
198.857
-173.588
-325.203
-110.965
114.261
124.149
-132.938
-725.115
-1175.57
-988.794
-511.975
-151.615
-136.234
-515.271
-976.708
-1016.26
-687.761
-284.553
16.4799
9.88794
-159.306
-275.764
-216.436
-120.853
82.3995
335.091
373.544
358.163
306.526
185.673
156.01
330.697
546.034
676.774
606.46
229.62
-168.095
-158.207
109.866
269.172
254.889
-83.4981
-438.365
-595.474
-666.886
-487.805
-185.673
-221.929
-637.223
-1022.85
-1156.89
-887.717
-604.263
-533.949
-139.53
418.589
380.136
-60.4263
-315.315
-171.391
558.119
1114.04
1104.15
1237.09
1196.44
472.424
-59.3276
175.786
871.237
1640.3
1601.85
719.622
93.3861
-170.292
-302.131
253.79
1059.11
1098.66
382.334
-698.748
-1350.25
-864.645
-51.637
47.2424
-150.516
-425.181
-1050.32
-1389.8
-1096.46
-471.325
208.745
264.777
-349.374
-626.236
-427.379
-254.889
25.2692
533.949
771.259
615.249
235.113
-176.884
-36.2558
450.45
599.868
587.783
595.474
281.257
-170.292
-325.203
-85.6955
354.867
396.616
-80.2022
-554.823
-691.057
-631.729
-574.599
-370.248
-121.951
-185.673
-550.428
-855.856
-732.806
-263.678
88.9914
24.1705
-294.441
-481.213
-555.922
-461.437
-3.29598
361.459
342.782
106.57
-281.257
-329.598
94.4847
447.154
539.442
508.679
363.656
126.346
-27.4665
-18.6772
271.369
622.94
543.837
76.9062
-261.481
-320.809
-158.207
96.682
275.764
315.315
156.01
-119.754
-240.606
-6.59196
282.356
422.984
323.006
107.669
18.6772
-7.69062
-31.8611
25.2692
172.49
217.535
109.866
-59.3276
-104.373
-31.8611
-14.2826
-40.6504
26.3678
106.57
-76.9062
-343.88
-472.424
-384.531
-168.095
-53.8343
-129.642
-346.078
-529.554
-650.407
-571.303
-295.539
-65.9196
-192.265
-541.639
-702.044
-558.119
-277.961
-138.431
-173.588
-190.068
-115.359
-108.767
-37.3544
72.5115
98.8794
114.261
234.015
421.885
637.223
777.851
648.209
519.666
650.407
878.928
1000.88
951.439
744.891
595.474
578.994
628.433
682.268
616.348
429.576
240.606
236.212
347.176
397.715
285.652
73.6102
-29.6638
2.19732
94.4847
128.543
57.1303
-69.2156
-172.49
-168.095
-84.5968
-12.0853
-25.2692
-61.5249
-31.8611
41.7491
106.57
150.516
134.036
73.6102
13.1839
-45.045
-56.0316
-67.0182
-188.969
-390.024
-518.567
-560.316
-604.263
-710.833
-842.672
-939.354
-926.17
-898.704
-899.802
-870.138
-931.663
-1054.71
-1069
-910.789
-703.142
-559.218
-565.81
-626.236
-557.02
-422.984
-234.015
-56.0316
20.8745
58.229
109.866
179.082
236.212
304.329
266.974
140.628
119.754
183.476
218.633
217.535
170.292
140.628
235.113
350.472
453.746
544.935
591.079
527.357
482.312
528.455
574.599
622.94
615.249
509.778
407.603
354.867
354.867
439.464
444.957
292.243
104.373
8.78928
-8.78928
65.9196
146.122
86.7941
-61.5249
-199.956
-239.508
-115.359
50.5383
16.4799
-107.669
-173.588
-227.423
-234.015
-126.346
23.0719
39.5517
-40.6504
-128.543
-103.274
37.3544
112.063
114.261
159.306
196.66
174.687
199.956
252.692
316.414
369.15
365.854
296.638
251.593
236.212
212.041
243.902
323.006
346.078
266.974
115.359
-19.7759
9.88794
113.162
127.445
43.9464
-76.9062
-199.956
-259.284
-239.508
-153.812
-64.8209
-85.6955
-234.015
-349.374
-360.36
-295.539
-204.351
-225.225
-335.091
-358.163
-287.849
-185.673
-120.853
-118.655
-145.023
-208.745
-235.113
-273.566
-273.566
-249.396
-261.481
-257.086
-248.297
-272.468
-357.064
-461.437
-454.845
-324.105
-240.606
-279.06
-369.15
-411.997
-425.181
-332.894
-125.247
37.3544
26.3678
-123.05
-225.225
-185.673
-13.1839
191.167
236.212
168.095
172.49
248.297
299.934
353.768
429.576
414.195
338.387
308.723
321.907
371.347
448.253
475.72
461.437
452.648
386.728
321.907
327.401
355.966
395.517
374.643
240.606
138.431
153.812
139.53
107.669
193.364
232.916
132.938
29.6638
-42.8477
-48.341
4.39464
-8.78928
-118.655
-215.337
-264.777
-309.822
-312.019
-285.652
-283.454
-316.414
-401.011
-440.563
-355.966
-220.831
-186.772
-242.804
-301.033
-366.952
-336.19
-232.916
-140.628
-65.9196
-93.3861
-215.337
-287.849
-230.719
-99.978
-15.3812
-10.9866
14.2826
28.5652
24.1705
25.2692
65.9196
168.095
204.351
162.602
153.812
220.831
282.356
297.737
328.499
340.584
307.625
247.198
212.041
261.481
361.459
422.984
366.952
261.481
142.826
82.3995
102.175
150.516
207.647
169.194
37.3544
-76.9062
-106.57
-50.5383
-45.045
-99.978
-145.023
-230.719
-280.158
-262.58
-230.719
-151.615
-125.247
-191.167
-228.521
-176.884
-103.274
-60.4263
15.3812
70.3142
41.7491
-34.0584
-91.1887
-42.8477
26.3678
30.7625
-3.29598
-24.1705
-50.5383
-125.247
-186.772
-183.476
-119.754
-76.9062
-125.247
-203.252
-243.902
-238.409
-194.463
-128.543
-62.6236
-70.3142
-106.57
-110.965
-60.4263
105.471
221.929
201.055
81.3008
-16.4799
53.8343
203.252
323.006
327.401
227.423
129.642
79.1035
128.543
213.14
254.889
201.055
76.9062
0
-36.2558
-69.2156
-65.9196
-41.7491
-19.7759
12.0853
8.78928
-54.933
-152.714
-185.673
-98.8794
32.9598
84.5968
-5.4933
-121.951
-160.404
-134.036
-90.0901
-65.9196
-82.3995
-132.938
-154.911
-108.767
-18.6772
52.7357
12.0853
-69.2156
-96.682
-59.3276
59.3276
180.18
240.606
216.436
120.853
67.0182
113.162
235.113
337.289
352.67
284.553
185.673
92.2874
29.6638
50.5383
120.853
175.786
142.826
16.4799
-118.655
-182.377
-162.602
-121.951
-54.933
32.9598
2.19732
-121.951
-199.956
-170.292
-21.9732
114.261
98.8794
-12.0853
-106.57
-121.951
-52.7357
71.4129
196.66
203.252
85.6955
-47.2424
-92.2874
-27.4665
80.2022
138.431
83.4981
-57.1303
-230.719
-359.262
-362.558
-229.62
-93.3861
-117.557
-264.777
-386.728
-399.912
-341.683
-287.849
-197.759
-90.0901
-75.8075
-114.261
-168.095
-197.759
-123.05
-19.7759
49.4397
53.8343
-23.0719
-72.5115
-39.5517
38.4531
145.023
213.14
183.476
106.57
17.5786
16.4799
120.853
204.351
188.969
79.1035
-64.8209
-159.306
-160.404
-106.57
-43.9464
-45.045
-119.754
-240.606
-324.105
-295.539
-192.265
-94.4847
-19.7759
29.6638
43.9464
64.8209
113.162
185.673
276.862
362.558
388.926
406.504
439.464
470.226
510.877
511.975
473.522
443.858
468.029
473.522
430.675
402.109
369.15
328.499
288.947
228.521
139.53
97.7807
123.05
159.306
159.306
81.3008
-39.5517
-129.642
-132.938
-61.5249
24.1705
54.933
14.2826
-78.0048
-123.05
-106.57
-75.8075
-18.6772
15.3812
-2.19732
1.09866
26.3678
-25.2692
-76.9062
-63.7223
-8.78928
40.6504
17.5786
-80.2022
-212.041
-294.441
-283.454
-224.127
-228.521
-344.979
-498.791
-582.29
-561.415
-502.087
-461.437
-486.706
-581.191
-640.519
-628.433
-584.487
-488.904
-376.84
-321.907
-332.894
-372.446
-409.8
-406.504
-313.118
-163.7
-48.341
-4.39464
-49.4397
-150.516
-207.647
-135.135
57.1303
240.606
275.764
201.055
97.7807
39.5517
99.978
235.113
338.387
358.163
317.513
219.732
148.319
161.503
229.62
316.414
339.486
283.454
197.759
149.418
194.463
269.172
280.158
230.719
161.503
82.3995
51.637
102.175
166.996
197.759
188.969
145.023
107.669
132.938
186.772
206.548
208.745
214.239
210.943
182.377
138.431
115.359
130.74
191.167
253.79
274.665
238.409
161.503
93.3861
80.2022
139.53
218.633
215.337
138.431
58.229
-9.88794
-19.7759
9.88794
23.0719
5.4933
-20.8745
-61.5249
-70.3142
-46.1437
-45.045
-60.4263
-82.3995
-98.8794
-91.1887
-79.1035
-84.5968
-109.866
-123.05
-121.951
-119.754
-107.669
-95.5834
-102.175
-86.7941
-25.2692
4.39464
-4.39464
-59.3276
-131.839
-142.826
-88.9914
-8.78928
31.8611
13.1839
-37.3544
-80.2022
-110.965
-98.8794
-42.8477
-29.6638
-71.4129
-113.162
-152.714
-173.588
-177.983
-174.687
-174.687
-163.7
-150.516
-162.602
-170.292
-191.167
-203.252
-194.463
-179.082
-172.49
-163.7
-168.095
-181.279
-152.714
-115.359
-109.866
-127.445
-141.727
-127.445
-72.5115
-21.9732
-6.59196
-12.0853
-31.8611
-32.9598
-5.4933
8.78928
10.9866
6.59196
7.69062
34.0584
81.3008
97.7807
70.3142
35.1571
38.4531
114.261
181.279
187.871
139.53
67.0182
10.9866
-3.29598
54.933
112.063
112.063
72.5115
-5.4933
-61.5249
-61.5249
-34.0584
12.0853
43.9464
31.8611
6.59196
-29.6638
-61.5249
-43.9464
5.4933
23.0719
0
-35.1571
-59.3276
-35.1571
14.2826
53.8343
74.7089
52.7357
27.4665
26.3678
68.1169
121.951
141.727
146.122
123.05
98.8794
116.458
146.122
153.812
177.983
201.055
224.127
242.804
223.028
191.167
188.969
217.535
273.566
319.71
281.257
194.463
126.346
91.1887
146.122
208.745
225.225
194.463
129.642
112.063
125.247
156.01
182.377
192.265
176.884
154.911
105.471
59.3276
28.5652
-7.69062
-7.69062
-13.1839
-34.0584
-75.8075
-124.149
-147.22
-157.108
-169.194
-182.377
-196.66
-216.436
-248.297
-264.777
-239.508
-209.844
-212.041
-253.79
-309.822
-321.907
-302.131
-266.974
-246.1
-243.902
-260.382
-306.526
-323.006
-301.033
-246.1
-202.153
-214.239
-245.001
-274.665
-277.961
-265.876
-224.127
-172.49
-141.727
-132.938
-127.445
-104.373
-58.229
-19.7759
-17.5786
-24.1705
5.4933
48.341
75.8075
85.6955
79.1035
82.3995
79.1035
72.5115
76.9062
82.3995
79.1035
65.9196
67.0182
80.2022
96.682
91.1887
72.5115
50.5383
36.2558
40.6504
59.3276
95.5834
130.74
142.826
110.965
67.0182
58.229
95.5834
172.49
219.732
216.436
198.857
170.292
147.22
149.418
173.588
206.548
216.436
171.391
114.261
71.4129
34.0584
13.1839
21.9732
27.4665
7.69062
-39.5517
-57.1303
-29.6638
-14.2826
-18.6772
-48.341
-61.5249
-39.5517
-32.9598
-23.0719
-8.78928
4.39464
-17.5786
-43.9464
-37.3544
0
36.2558
41.7491
58.229
79.1035
98.8794
110.965
131.839
161.503
159.306
138.431
131.839
135.135
147.22
131.839
64.8209
4.39464
-35.1571
-52.7357
-47.2424
-40.6504
-37.3544
-56.0316
-104.373
-142.826
-141.727
-115.359
-87.8928
-60.4263
-52.7357
-95.5834
-182.377
-245.001
-227.423
-158.207
-97.7807
-90.0901
-129.642
-166.996
-172.49
-138.431
-75.8075
-28.5652
-23.0719
-57.1303
-86.7941
-61.5249
-2.19732
36.2558
37.3544
0
-28.5652
-29.6638
-4.39464
54.933
92.2874
81.3008
43.9464
16.4799
39.5517
81.3008
88.9914
85.6955
94.4847
102.175
83.4981
23.0719
-23.0719
-18.6772
6.59196
23.0719
26.3678
-5.4933
-60.4263
-101.077
-109.866
-51.637
26.3678
58.229
42.8477
-10.9866
-63.7223
-64.8209
-24.1705
48.341
113.162
126.346
99.978
70.3142
79.1035
116.458
138.431
124.149
85.6955
53.8343
52.7357
79.1035
110.965
117.557
88.9914
49.4397
35.1571
58.229
94.4847
116.458
109.866
69.2156
19.7759
-26.3678
-41.7491
-17.5786
16.4799
38.4531
34.0584
10.9866
-18.6772
-50.5383
-72.5115
-64.8209
-29.6638
12.0853
18.6772
-17.5786
-79.1035
-129.642
-139.53
-124.149
-115.359
-135.135
-183.476
-221.929
-225.225
-194.463
-163.7
-157.108
-182.377
-221.929
-224.127
-193.364
-175.786
-182.377
-216.436
-248.297
-259.284
-249.396
-213.14
-180.18
-159.306
-163.7
-169.194
-173.588
-182.377
-186.772
-164.799
-123.05
-63.7223
-21.9732
-21.9732
-41.7491
-57.1303
-32.9598
16.4799
85.6955
119.754
109.866
105.471
98.8794
141.727
192.265
212.041
223.028
214.239
224.127
250.494
263.678
271.369
269.172
265.876
273.566
282.356
306.526
336.19
355.966
362.558
355.966
330.697
296.638
259.284
223.028
227.423
254.889
258.185
240.606
201.055
162.602
156.01
159.306
180.18
183.476
153.812
120.853
79.1035
54.933
61.5249
60.4263
63.7223
67.0182
47.2424
34.0584
-1.09866
-26.3678
-28.5652
-41.7491
-50.5383
-69.2156
-83.4981
-87.8928
-93.3861
-102.175
-124.149
-153.812
-196.66
-230.719
-241.705
-243.902
-214.239
-188.969
-180.18
-171.391
-192.265
-207.647
-199.956
-193.364
-186.772
-179.082
-173.588
-168.095
-157.108
-145.023
-123.05
-101.077
-96.682
-118.655
-143.924
-161.503
-166.996
-161.503
-159.306
-152.714
-139.53
-131.839
-135.135
-143.924
-159.306
-170.292
-181.279
-182.377
-166.996
-145.023
-121.951
-108.767
-105.471
-90.0901
-65.9196
-42.8477
-19.7759
-8.78928
-13.1839
-16.4799
-12.0853
2.19732
25.2692
52.7357
68.1169
68.1169
70.3142
51.637
24.1705
7.69062
-8.78928
-3.29598
16.4799
25.2692
41.7491
50.5383
57.1303
73.6102
87.8928
88.9914
85.6955
65.9196
54.933
68.1169
93.3861
120.853
127.445
109.866
98.8794
97.7807
119.754
170.292
210.943
227.423
216.436
184.575
166.996
170.292
173.588
186.772
188.969
159.306
124.149
70.3142
29.6638
18.6772
12.0853
25.2692
43.9464
40.6504
38.4531
30.7625
20.8745
32.9598
37.3544
31.8611
29.6638
20.8745
27.4665
45.045
58.229
67.0182
57.1303
31.8611
24.1705
34.0584
68.1169
98.8794
101.077
68.1169
10.9866
-23.0719
-25.2692
7.69062
48.341
61.5249
35.1571
-13.1839
-56.0316
-74.7089
-59.3276
-31.8611
-7.69062
-5.4933
-34.0584
-59.3276
-54.933
-26.3678
7.69062
25.2692
31.8611
20.8745
5.4933
-8.78928
-7.69062
9.88794
10.9866
6.59196
-16.4799
-45.045
-54.933
-49.4397
-39.5517
-40.6504
-61.5249
-90.0901
-104.373
-104.373
-82.3995
-62.6236
-57.1303
-80.2022
-126.346
-163.7
-181.279
-163.7
-124.149
-101.077
-99.978
-123.05
-148.319
-150.516
-131.839
-107.669
-94.4847
-96.682
-112.063
-112.063
-118.655
-115.359
-104.373
-105.471
-107.669
-114.261
-119.754
-115.359
-101.077
-85.6955
-88.9914
-116.458
-140.628
-145.023
-129.642
-103.274
-75.8075
-61.5249
-72.5115
-91.1887
-113.162
-102.175
-74.7089
-46.1437
-25.2692
-30.7625
-49.4397
-59.3276
-53.8343
-29.6638
8.78928
36.2558
53.8343
65.9196
79.1035
113.162
134.036
141.727
154.911
157.108
175.786
205.449
225.225
243.902
248.297
237.31
230.719
230.719
252.692
288.947
293.342
290.046
265.876
224.127
205.449
204.351
226.324
252.692
249.396
230.719
199.956
160.404
149.418
159.306
159.306
159.306
136.234
106.57
88.9914
62.6236
49.4397
36.2558
18.6772
12.0853
3.29598
0
13.1839
20.8745
8.78928
-6.59196
-31.8611
-32.9598
-10.9866
17.5786
37.3544
23.0719
-14.2826
-61.5249
-91.1887
-83.4981
-56.0316
-38.4531
-52.7357
-95.5834
-153.812
-185.673
-196.66
-190.068
-181.279
-191.167
-203.252
-225.225
-232.916
-214.239
-192.265
-168.095
-158.207
-154.911
-151.615
-142.826
-119.754
-94.4847
-75.8075
-73.6102
-82.3995
-91.1887
-81.3008
-53.8343
-29.6638
-10.9866
-20.8745
-51.637
-75.8075
-83.4981
-67.0182
-45.045
-36.2558
-49.4397
-73.6102
-95.5834
-110.965
-114.261
-96.682
-82.3995
-80.2022
-86.7941
-95.5834
-97.7807
-88.9914
-64.8209
-35.1571
-17.5786
-16.4799
-26.3678
-30.7625
-16.4799
2.19732
17.5786
17.5786
4.39464
-5.4933
-2.19732
32.9598
76.9062
105.471
108.767
87.8928
84.5968
103.274
138.431
185.673
213.14
205.449
172.49
161.503
176.884
207.647
231.817
224.127
183.476
135.135
109.866
118.655
147.22
169.194
148.319
95.5834
59.3276
46.1437
56.0316
75.8075
82.3995
60.4263
13.1839
-24.1705
-28.5652
-4.39464
26.3678
40.6504
19.7759
-17.5786
-54.933
-67.0182
-42.8477
-20.8745
-24.1705
-59.3276
-97.7807
-121.951
-114.261
-83.4981
-71.4129
-85.6955
-129.642
-183.476
-208.745
-183.476
-131.839
-95.5834
-92.2874
-126.346
-179.082
-205.449
-184.575
-126.346
-72.5115
-64.8209
-105.471
-160.404
-182.377
-153.812
-88.9914
-17.5786
4.39464
-19.7759
-45.045
-36.2558
16.4799
90.0901
135.135
137.332
127.445
136.234
166.996
206.548
236.212
225.225
181.279
147.22
121.951
125.247
141.727
140.628
125.247
90.0901
51.637
23.0719
23.0719
56.0316
92.2874
95.5834
71.4129
18.6772
-32.9598
-42.8477
-19.7759
23.0719
51.637
41.7491
10.9866
-19.7759
-34.0584
-30.7625
-16.4799
10.9866
39.5517
57.1303
78.0048
79.1035
56.0316
30.7625
18.6772
34.0584
68.1169
97.7807
97.7807
76.9062
54.933
26.3678
15.3812
35.1571
57.1303
71.4129
69.2156
34.0584
-2.19732
-30.7625
-62.6236
-86.7941
-97.7807
-106.57
-117.557
-139.53
-168.095
-198.857
-227.423
-236.212
-236.212
-230.719
-219.732
-223.028
-237.31
-247.198
-250.494
-235.113
-208.745
-188.969
-183.476
-180.18
-166.996
-151.615
-132.938
-110.965
-99.978
-80.2022
-52.7357
-23.0719
6.59196
17.5786
15.3812
8.78928
8.78928
23.0719
40.6504
49.4397
45.045
31.8611
26.3678
37.3544
59.3276
71.4129
75.8075
71.4129
72.5115
83.4981
95.5834
105.471
106.57
104.373
107.669
114.261
135.135
157.108
171.391
179.082
179.082
176.884
175.786
176.884
177.983
191.167
203.252
202.153
186.772
163.7
137.332
119.754
112.063
103.274
107.669
92.2874
59.3276
20.8745
-12.0853
-28.5652
-28.5652
-32.9598
-39.5517
-43.9464
-43.9464
-38.4531
-31.8611
-27.4665
-34.0584
-49.4397
-61.5249
-64.8209
-52.7357
-41.7491
-50.5383
-76.9062
-101.077
-108.767
-93.3861
-62.6236
-40.6504
-29.6638
-39.5517
-54.933
-60.4263
-51.637
-35.1571
-18.6772
-2.19732
10.9866
23.0719
27.4665
35.1571
40.6504
38.4531
31.8611
16.4799
16.4799
32.9598
46.1437
43.9464
35.1571
23.0719
8.78928
6.59196
9.88794
17.5786
20.8745
15.3812
3.29598
-6.59196
-5.4933
2.19732
13.1839
5.4933
-9.88794
-17.5786
-17.5786
-4.39464
3.29598
-4.39464
-18.6772
-43.9464
-54.933
-52.7357
-38.4531
-30.7625
-43.9464
-73.6102
-104.373
-118.655
-115.359
-101.077
-84.5968
-80.2022
-93.3861
-110.965
-116.458
-107.669
-84.5968
-68.1169
-71.4129
-79.1035
-86.7941
-92.2874
-81.3008
-69.2156
-59.3276
-48.341
-46.1437
-38.4531
-27.4665
-9.88794
13.1839
27.4665
31.8611
32.9598
30.7625
35.1571
54.933
87.8928
115.359
109.866
79.1035
43.9464
28.5652
35.1571
50.5383
74.7089
90.0901
82.3995
62.6236
39.5517
34.0584
43.9464
45.045
30.7625
19.7759
12.0853
13.1839
20.8745
29.6638
38.4531
20.8745
-9.88794
-27.4665
-18.6772
7.69062
29.6638
45.045
54.933
54.933
39.5517
27.4665
26.3678
43.9464
68.1169
81.3008
78.0048
64.8209
46.1437
29.6638
24.1705
42.8477
63.7223
63.7223
50.5383
32.9598
34.0584
43.9464
40.6504
36.2558
30.7625
24.1705
21.9732
27.4665
41.7491
49.4397
39.5517
6.59196
-24.1705
-37.3544
-34.0584
-15.3812
10.9866
28.5652
26.3678
5.4933
-19.7759
-38.4531
-39.5517
-34.0584
-25.2692
-15.3812
-10.9866
-20.8745
-31.8611
-38.4531
-45.045
-52.7357
-62.6236
-70.3142
-65.9196
-60.4263
-49.4397
-38.4531
-24.1705
-25.2692
-45.045
-65.9196
-81.3008
-84.5968
-76.9062
-71.4129
-67.0182
-65.9196
-76.9062
-88.9914
-85.6955
-70.3142
-52.7357
-46.1437
-40.6504
-32.9598
-30.7625
-35.1571
-37.3544
-32.9598
-27.4665
-24.1705
-24.1705
-23.0719
-29.6638
-35.1571
-40.6504
-37.3544
-23.0719
-18.6772
-16.4799
-17.5786
-6.59196
4.39464
17.5786
24.1705
16.4799
4.39464
-25.2692
-43.9464
-45.045
-26.3678
-8.78928
-6.59196
-7.69062
-17.5786
-26.3678
-40.6504
-32.9598
-9.88794
15.3812
28.5652
23.0719
12.0853
0
4.39464
19.7759
50.5383
73.6102
72.5115
58.229
39.5517
39.5517
47.2424
60.4263
62.6236
54.933
37.3544
24.1705
32.9598
50.5383
71.4129
79.1035
62.6236
47.2424
34.0584
31.8611
48.341
74.7089
92.2874
91.1887
73.6102
56.0316
60.4263
73.6102
93.3861
108.767
99.978
83.4981
58.229
39.5517
47.2424
72.5115
86.7941
83.4981
58.229
27.4665
9.88794
5.4933
12.0853
20.8745
25.2692
18.6772
8.78928
5.4933
9.88794
14.2826
5.4933
-16.4799
-40.6504
-53.8343
-45.045
-29.6638
-6.59196
-2.19732
-14.2826
-39.5517
-65.9196
-73.6102
-72.5115
-48.341
-34.0584
-30.7625
-43.9464
-67.0182
-63.7223
-59.3276
-42.8477
-37.3544
-46.1437
-62.6236
-69.2156
-61.5249
-50.5383
-40.6504
-52.7357
-74.7089
-96.682
-104.373
-87.8928
-63.7223
-48.341
-42.8477
-45.045
-58.229
-64.8209
-62.6236
-57.1303
-39.5517
-31.8611
-26.3678
-29.6638
-38.4531
-40.6504
-40.6504
-34.0584
-35.1571
-35.1571
-34.0584
-25.2692
-18.6772
-10.9866
-3.29598
-12.0853
-15.3812
-23.0719
-18.6772
-10.9866
-9.88794
-2.19732
3.29598
9.88794
12.0853
13.1839
4.39464
-3.29598
5.4933
24.1705
53.8343
75.8075
85.6955
84.5968
71.4129
67.0182
65.9196
73.6102
87.8928
96.682
102.175
105.471
99.978
87.8928
70.3142
54.933
53.8343
59.3276
69.2156
86.7941
95.5834
101.077
101.077
94.4847
93.3861
92.2874
96.682
102.175
102.175
91.1887
65.9196
31.8611
-1.09866
-28.5652
-40.6504
-35.1571
-32.9598
-25.2692
-25.2692
-40.6504
-54.933
-71.4129
-75.8075
-65.9196
-51.637
-35.1571
-36.2558
-47.2424
-59.3276
-78.0048
-90.0901
-103.274
-114.261
-115.359
-112.063
-108.767
-97.7807
-95.5834
-98.8794
-98.8794
-105.471
-101.077
-97.7807
-87.8928
-82.3995
-85.6955
-81.3008
-82.3995
-68.1169
-47.2424
-9.88794
28.5652
57.1303
70.3142
68.1169
71.4129
72.5115
82.3995
93.3861
109.866
120.853
118.655
116.458
107.669
95.5834
93.3861
96.682
99.978
101.077
95.5834
87.8928
72.5115
54.933
45.045
36.2558
27.4665
30.7625
32.9598
32.9598
35.1571
28.5652
10.9866
-1.09866
-6.59196
1.09866
12.0853
15.3812
6.59196
-23.0719
-70.3142
-105.471
-116.458
-117.557
-103.274
-91.1887
-90.0901
-94.4847
-99.978
-94.4847
-91.1887
-84.5968
-75.8075
-67.0182
-59.3276
-47.2424
-35.1571
-28.5652
-25.2692
-30.7625
-32.9598
-29.6638
-15.3812
-5.4933
-9.88794
-7.69062
-21.9732
-47.2424
-54.933
-56.0316
-52.7357
-32.9598
-9.88794
16.4799
29.6638
34.0584
46.1437
58.229
58.229
58.229
45.045
50.5383
41.7491
43.9464
80.2022
99.978
120.853
124.149
120.853
110.965
74.7089
13.1839
-7.69062
19.7759
34.0584
53.8343
88.9914
106.57
99.978
68.1169
42.8477
17.5786
-12.0853
-16.4799
-13.1839
10.9866
40.6504
36.2558
21.9732
-5.4933
-47.2424
-75.8075
-106.57
-115.359
-87.8928
-73.6102
-53.8343
-32.9598
-18.6772
-5.4933
-8.78928
-26.3678
-43.9464
-67.0182
-88.9914
-107.669
-96.682
-58.229
-23.0719
8.78928
31.8611
47.2424
21.9732
-16.4799
-56.0316
-83.4981
-82.3995
-70.3142
-36.2558
-2.19732
27.4665
48.341
47.2424
48.341
35.1571
8.78928
-8.78928
-16.4799
-9.88794
-3.29598
-5.4933
-8.78928
-21.9732
-36.2558
-39.5517
-36.2558
-25.2692
-4.39464
6.59196
9.88794
18.6772
19.7759
15.3812
12.0853
13.1839
10.9866
16.4799
25.2692
26.3678
38.4531
47.2424
50.5383
52.7357
52.7357
48.341
40.6504
36.2558
43.9464
57.1303
68.1169
75.8075
87.8928
86.7941
90.0901
93.3861
82.3995
83.4981
80.2022
83.4981
84.5968
82.3995
95.5834
95.5834
92.2874
90.0901
81.3008
67.0182
63.7223
53.8343
53.8343
61.5249
52.7357
47.2424
31.8611
20.8745
15.3812
7.69062
0
-12.0853
-26.3678
-46.1437
-58.229
-70.3142
-83.4981
-92.2874
-108.767
-129.642
-139.53
-145.023
-156.01
-161.503
-171.391
-195.561
-219.732
-245.001
-252.692
-242.804
-227.423
-205.449
-188.969
-187.871
-190.068
-192.265
-194.463
-181.279
-166.996
-151.615
-137.332
-132.938
-126.346
-119.754
-107.669
-91.1887
-72.5115
-49.4397
-28.5652
-9.88794
4.39464
9.88794
14.2826
19.7759
26.3678
45.045
75.8075
102.175
134.036
152.714
160.404
159.306
151.615
147.22
149.418
169.194
185.673
192.265
190.068
182.377
174.687
176.884
175.786
173.588
173.588
160.404
151.615
157.108
156.01
159.306
156.01
141.727
137.332
117.557
99.978
94.4847
85.6955
85.6955
79.1035
65.9196
51.637
36.2558
21.9732
16.4799
9.88794
-6.59196
-29.6638
-59.3276
-83.4981
-104.373
-109.866
-107.669
-112.063
-110.965
-112.063
-120.853
-126.346
-138.431
-143.924
-135.135
-120.853
-105.471
-93.3861
-83.4981
-71.4129
-52.7357
-35.1571
-29.6638
-32.9598
-40.6504
-49.4397
-46.1437
-28.5652
-10.9866
13.1839
24.1705
24.1705
34.0584
40.6504
47.2424
61.5249
71.4129
80.2022
90.0901
99.978
118.655
140.628
142.826
140.628
134.036
116.458
104.373
91.1887
75.8075
71.4129
64.8209
56.0316
51.637
42.8477
29.6638
14.2826
-2.19732
-12.0853
-16.4799
-26.3678
-37.3544
-41.7491
-48.341
-40.6504
-31.8611
-30.7625
-34.0584
-53.8343
-80.2022
-96.682
-110.965
-113.162
-112.063
-118.655
-114.261
-112.063
-113.162
-114.261
-124.149
-131.839
-128.543
-121.951
-115.359
-106.57
-101.077
-98.8794
-91.1887
-88.9914
-90.0901
-95.5834
-101.077
-94.4847
-82.3995
-69.2156
-57.1303
-47.2424
-35.1571
-16.4799
-5.4933
5.4933
13.1839
15.3812
17.5786
17.5786
17.5786
23.0719
27.4665
39.5517
58.229
72.5115
79.1035
80.2022
72.5115
68.1169
67.0182
62.6236
60.4263
62.6236
64.8209
71.4129
76.9062
79.1035
82.3995
78.0048
83.4981
87.8928
82.3995
75.8075
63.7223
48.341
45.045
45.045
48.341
52.7357
57.1303
67.0182
78.0048
81.3008
74.7089
59.3276
46.1437
42.8477
39.5517
32.9598
27.4665
17.5786
8.78928
7.69062
5.4933
6.59196
14.2826
21.9732
32.9598
40.6504
30.7625
24.1705
9.88794
2.19732
2.19732
-5.4933
-17.5786
-24.1705
-34.0584
-34.0584
-31.8611
-32.9598
-28.5652
-21.9732
-8.78928
0
4.39464
1.09866
-3.29598
-14.2826
-27.4665
-35.1571
-50.5383
-52.7357
-49.4397
-39.5517
-26.3678
-12.0853
-5.4933
-1.09866
1.09866
4.39464
2.19732
-7.69062
-17.5786
-23.0719
-21.9732
-21.9732
-16.4799
-14.2826
-8.78928
-6.59196
-6.59196
-5.4933
-7.69062
-2.19732
-1.09866
1.09866
7.69062
0
-8.78928
-23.0719
-25.2692
-23.0719
-17.5786
-13.1839
-14.2826
-16.4799
-24.1705
-36.2558
-46.1437
-49.4397
-46.1437
-43.9464
-40.6504
-36.2558
-40.6504
-47.2424
-64.8209
-82.3995
-97.7807
-101.077
-95.5834
-84.5968
-65.9196
-49.4397
-36.2558
-26.3678
-23.0719
-21.9732
-24.1705
-27.4665
-31.8611
-32.9598
-34.0584
-34.0584
-34.0584
-29.6638
-25.2692
-14.2826
-2.19732
10.9866
25.2692
35.1571
39.5517
36.2558
35.1571
39.5517
43.9464
43.9464
43.9464
42.8477
45.045
53.8343
61.5249
60.4263
52.7357
47.2424
41.7491
45.045
46.1437
50.5383
59.3276
61.5249
60.4263
48.341
32.9598
23.0719
13.1839
6.59196
5.4933
2.19732
7.69062
16.4799
24.1705
34.0584
45.045
48.341
42.8477
30.7625
9.88794
-4.39464
-9.88794
-13.1839
-5.4933
-8.78928
-5.4933
-3.29598
-3.29598
7.69062
13.1839
17.5786
16.4799
12.0853
13.1839
10.9866
13.1839
18.6772
16.4799
13.1839
2.19732
-6.59196
-13.1839
-16.4799
-14.2826
-12.0853
-13.1839
-18.6772
-15.3812
-16.4799
-12.0853
-2.19732
3.29598
10.9866
15.3812
10.9866
9.88794
8.78928
8.78928
17.5786
16.4799
13.1839
-1.09866
-16.4799
-26.3678
-30.7625
-34.0584
-37.3544
-40.6504
-49.4397
-47.2424
-45.045
-30.7625
-10.9866
-1.09866
2.19732
-3.29598
-6.59196
0
5.4933
6.59196
8.78928
2.19732
-3.29598
-7.69062
-10.9866
0
6.59196
9.88794
10.9866
8.78928
10.9866
13.1839
8.78928
5.4933
1.09866
-2.19732
-4.39464
-7.69062
-5.4933
3.29598
9.88794
17.5786
20.8745
14.2826
8.78928
2.19732
-5.4933
-2.19732
1.09866
4.39464
2.19732
-6.59196
-17.5786
-26.3678
-29.6638
-27.4665
-25.2692
-19.7759
-19.7759
-19.7759
-14.2826
-4.39464
6.59196
6.59196
8.78928
-1.09866
-6.59196
-10.9866
-16.4799
-9.88794
-12.0853
-5.4933
-4.39464
-5.4933
-3.29598
-8.78928
-15.3812
-25.2692
-30.7625
-30.7625
-23.0719
-13.1839
-7.69062
-5.4933
-10.9866
-17.5786
-24.1705
-26.3678
-24.1705
-29.6638
-36.2558
-45.045
-49.4397
-45.045
-37.3544
-31.8611
-31.8611
-38.4531
-47.2424
-49.4397
-47.2424
-41.7491
-28.5652
-18.6772
-8.78928
3.29598
10.9866
17.5786
16.4799
20.8745
23.0719
28.5652
35.1571
45.045
54.933
57.1303
64.8209
65.9196
68.1169
65.9196
59.3276
57.1303
59.3276
65.9196
70.3142
74.7089
67.0182
63.7223
58.229
60.4263
72.5115
72.5115
72.5115
70.3142
62.6236
53.8343
49.4397
47.2424
47.2424
42.8477
32.9598
26.3678
13.1839
6.59196
5.4933
4.39464
9.88794
17.5786
16.4799
15.3812
12.0853
6.59196
4.39464
-5.4933
-9.88794
-17.5786
-21.9732
-18.6772
-12.0853
-8.78928
-3.29598
4.39464
2.19732
7.69062
14.2826
20.8745
29.6638
29.6638
27.4665
14.2826
-3.29598
-19.7759
-38.4531
-49.4397
-52.7357
-50.5383
-53.8343
-54.933
-47.2424
-43.9464
-41.7491
-40.6504
-41.7491
-47.2424
-57.1303
-62.6236
-65.9196
-59.3276
-46.1437
-37.3544
-35.1571
-38.4531
-43.9464
-46.1437
-51.637
-49.4397
-47.2424
-42.8477
-38.4531
-31.8611
-25.2692
-17.5786
-12.0853
-14.2826
-14.2826
-19.7759
-27.4665
-28.5652
-36.2558
-36.2558
-29.6638
-17.5786
0
4.39464
9.88794
12.0853
10.9866
-1.09866
-9.88794
-16.4799
-20.8745
-23.0719
-29.6638
-34.0584
-37.3544
-40.6504
-41.7491
-46.1437
-49.4397
-46.1437
-47.2424
-43.9464
-36.2558
-28.5652
-26.3678
-31.8611
-31.8611
-26.3678
-23.0719
-26.3678
-29.6638
-29.6638
-25.2692
-16.4799
-7.69062
6.59196
13.1839
20.8745
32.9598
45.045
59.3276
64.8209
60.4263
59.3276
62.6236
70.3142
81.3008
91.1887
103.274
112.063
108.767
102.175
99.978
98.8794
102.175
104.373
104.373
103.274
91.1887
76.9062
67.0182
65.9196
75.8075
87.8928
95.5834
106.57
110.965
105.471
95.5834
79.1035
69.2156
54.933
43.9464
39.5517
30.7625
20.8745
6.59196
-8.78928
-17.5786
-19.7759
-16.4799
-13.1839
-12.0853
-18.6772
-30.7625
-46.1437
-61.5249
-61.5249
-57.1303
-46.1437
-29.6638
-26.3678
-28.5652
-37.3544
-43.9464
-46.1437
-45.045
-39.5517
-32.9598
-21.9732
-13.1839
-14.2826
-20.8745
-29.6638
-36.2558
-38.4531
-39.5517
-42.8477
-39.5517
-39.5517
-38.4531
-38.4531
-49.4397
-53.8343
-53.8343
-52.7357
-39.5517
-37.3544
-42.8477
-49.4397
-59.3276
-58.229
-50.5383
-40.6504
-30.7625
-24.1705
-21.9732
-23.0719
-24.1705
-26.3678
-24.1705
-19.7759
-15.3812
-16.4799
-23.0719
-28.5652
-32.9598
-35.1571
-39.5517
-40.6504
-41.7491
-39.5517
-30.7625
-28.5652
-30.7625
-34.0584
-36.2558
-25.2692
-18.6772
-4.39464
4.39464
9.88794
16.4799
10.9866
3.29598
-1.09866
-1.09866
13.1839
28.5652
36.2558
46.1437
37.3544
29.6638
28.5652
23.0719
24.1705
20.8745
16.4799
17.5786
17.5786
24.1705
29.6638
27.4665
29.6638
25.2692
18.6772
