SAMPLES: 8922
BITSPERSAMPLE:	16
CHANNELS:	1
SAMPLERATE:	16000
NORMALIZED:	FALSE
-21.4014
1.58529
-24.572
-36.4616
-57.863
-45.1807
-67.3748
-35.669
20.6088
-10.3044
26.1573
-2.37793
-82.435
-71.338
-9.51173
-51.5219
-47.5587
48.3513
3.17058
-19.8161
-43.5954
-62.6189
2.37793
19.8161
-3.17058
-30.1205
61.8263
60.241
-5.54851
-13.475
-86.3982
15.8529
57.0704
-2.37793
58.6557
53.8998
38.8396
14.2676
-8.71909
10.3044
15.0602
68.9601
73.7159
37.2543
26.1573
26.9499
16.6455
18.2308
33.2911
8.71909
43.5954
82.435
45.9734
30.1205
44.3881
57.0704
57.0704
34.0837
37.2543
76.0938
93.532
90.3614
65.7895
46.766
35.669
39.6322
45.9734
30.9131
72.1306
114.141
86.3982
83.2276
64.2042
14.2676
21.4014
41.2175
50.7292
60.241
72.1306
76.8865
22.194
6.34115
-8.71909
-30.9131
19.8161
24.572
19.0235
34.0837
18.2308
-10.3044
-29.3278
-22.9867
21.4014
33.2911
19.8161
11.097
-19.8161
-38.0469
-48.3513
-87.9835
-73.7159
-30.1205
-53.1072
-62.6189
-77.6791
-83.2276
-91.1541
-133.164
-126.03
-78.4718
-107.8
-104.629
-36.4616
-109.385
-169.626
-160.114
-157.736
-145.847
-127.616
-149.017
-164.077
-72.9233
-102.251
-206.88
-187.064
-147.432
-80.0571
-46.766
-113.348
-140.298
-86.3982
-114.141
-182.308
-129.994
-82.435
-97.4952
-101.458
-70.5453
-26.9499
-42.0101
-115.726
-144.261
-64.2042
26.9499
12.6823
-22.9867
11.8897
14.2676
-38.0469
-30.9131
7.1338
31.7058
11.8897
-1.58529
49.1439
69.7527
34.8763
-22.9867
-2.37793
77.6791
114.933
132.372
118.897
140.298
179.138
164.077
183.101
248.89
294.864
262.365
279.803
334.496
329.74
349.556
358.275
333.703
319.436
339.252
351.934
359.068
368.58
342.422
298.827
276.633
279.011
257.609
227.489
202.917
183.893
144.261
98.2879
79.2644
24.572
-13.475
-27.7425
-44.3881
-41.2175
-67.3748
-102.251
-118.104
-145.847
-151.395
-127.616
-137.92
-153.773
-129.201
-132.372
-146.639
-130.786
-125.238
-128.408
-126.823
-117.311
-110.97
-119.689
-101.458
-121.275
-133.957
-92.7394
-91.1541
-111.763
-159.321
-177.552
-180.723
-178.345
-160.114
-184.686
-172.796
-209.258
-271.084
-235.415
-245.72
-245.72
-205.295
-222.733
-285.352
-263.951
-250.476
-278.218
-214.807
-189.442
-207.673
-190.235
-133.957
-156.151
-233.83
-141.883
-98.2879
-107.8
-40.4249
-75.3012
-85.6056
-65.7895
-49.9366
-52.3145
-22.194
39.6322
7.92644
10.3044
-16.6455
-41.2175
-64.2042
-117.311
-73.7159
-16.6455
-9.51173
-53.1072
-46.766
-76.8865
-133.957
-152.98
-152.188
-68.1674
-14.2676
-2.37793
-49.1439
-87.1909
-84.8129
-69.7527
-29.3278
69.7527
251.268
349.556
373.335
246.512
126.823
230.659
399.493
550.888
628.567
715.758
740.33
613.507
451.015
416.138
561.192
710.209
779.962
821.972
802.156
659.48
455.77
359.86
406.627
485.891
486.684
398.7
321.814
226.696
68.1674
-53.1072
-60.241
-2.37793
22.9867
-11.8897
-77.6791
-166.455
-266.328
-367.787
-367.787
-265.536
-169.626
-135.542
-182.308
-242.549
-299.62
-316.265
-252.854
-133.164
-33.2911
-68.1674
-170.419
-252.061
-254.439
-198.954
-161.699
-145.847
-127.616
-127.616
-199.746
-276.633
-324.192
-341.63
-321.021
-288.523
-254.439
-317.85
-464.49
-574.667
-619.055
-554.851
-507.292
-523.938
-558.814
-577.838
-575.46
-610.336
-584.971
-517.597
-452.6
-415.346
-374.921
-299.62
-342.422
-329.74
-238.586
-182.308
-82.435
-0.792644
65.7895
76.8865
51.5219
22.9867
42.8028
179.138
306.753
362.238
285.352
203.71
169.626
92.7394
84.0203
152.188
152.188
165.663
198.954
100.666
-32.4984
-86.3982
-110.97
-114.933
-14.2676
69.7527
88.7762
174.382
293.278
361.446
233.83
34.0837
83.2276
363.031
678.503
813.253
789.474
816.424
821.972
647.59
481.928
620.64
936.113
1116.84
1130.31
1085.13
952.758
696.734
477.964
510.463
723.684
783.925
573.082
316.265
189.442
94.3247
-55.4851
-158.529
-126.823
-85.6056
-178.345
-328.947
-424.857
-462.112
-535.035
-620.64
-556.436
-376.506
-303.583
-402.663
-538.998
-603.202
-575.46
-448.637
-278.218
-147.432
-98.2879
-191.027
-324.192
-314.68
-168.041
-78.4718
-105.422
-99.0805
-30.1205
-12.6823
-118.104
-225.904
-256.024
-221.94
-194.198
-230.659
-258.402
-297.242
-399.493
-496.988
-451.807
-351.934
-384.432
-477.964
-517.597
-493.817
-477.172
-506.5
-492.232
-380.469
-323.399
-372.543
-407.419
-372.543
-314.68
-301.205
-243.342
-124.445
-32.4984
-40.4249
-93.532
-50.7292
38.0469
103.836
112.555
178.345
221.94
118.897
38.8396
35.669
84.8129
92.7394
71.338
47.5587
3.17058
-39.6322
-148.224
-214.014
-205.295
-207.673
-171.211
-71.338
16.6455
206.88
419.309
332.911
4.75587
-183.893
82.435
568.326
866.36
863.982
829.899
892.517
772.828
485.098
447.051
861.604
1271.4
1395.05
1341.95
1177.87
939.283
668.992
625.396
900.444
1152.5
994.769
521.56
226.696
168.833
61.8263
-61.8263
-65.7895
11.8897
-33.2911
-267.121
-509.67
-602.41
-593.691
-638.079
-603.202
-411.382
-263.951
-349.556
-599.239
-730.818
-656.309
-450.222
-243.342
-106.214
-52.3145
-130.786
-297.242
-335.289
-156.151
34.0837
68.1674
-14.2676
-64.2042
-54.6925
-65.7895
-149.017
-208.465
-148.224
-117.311
-204.502
-340.837
-458.148
-521.56
-545.339
-506.5
-442.295
-430.406
-523.938
-692.771
-767.28
-712.587
-619.055
-554.058
-512.048
-461.319
-485.098
-547.717
-567.533
-516.011
-401.078
-279.011
-187.064
-129.994
-111.763
-129.201
-116.519
3.17058
156.151
222.733
221.148
195.783
163.285
143.469
88.7762
38.0469
102.251
217.185
203.71
29.3278
-156.151
-233.037
-285.352
-334.496
-263.158
-30.9131
363.824
668.992
544.547
-22.9867
-501.744
-249.683
588.142
1238.9
1290.42
1075.62
1035.19
955.136
583.386
412.175
913.126
1662.18
1913.44
1690.71
1341.95
997.939
689.601
619.055
1047.08
1570.23
1502.06
763.316
91.1541
-33.2911
41.2175
45.9734
86.3982
199.746
144.261
-220.355
-650.761
-812.46
-680.881
-569.911
-565.948
-460.526
-317.85
-424.065
-756.183
-944.832
-778.377
-445.466
-202.124
-112.555
-158.529
-348.763
-596.068
-653.932
-378.884
-5.54851
98.2879
-100.666
-361.446
-492.232
-511.256
-470.831
-340.837
-200.539
-225.904
-439.125
-657.102
-803.741
-871.116
-796.607
-630.152
-501.744
-565.948
-830.691
-1095.43
-1128.73
-915.504
-718.928
-609.543
-545.339
-587.349
-701.49
-765.694
-680.881
-476.379
-255.231
-153.773
-138.713
-118.104
-105.422
-56.2777
10.3044
123.653
260.78
312.302
251.268
182.308
222.733
270.292
203.71
128.408
138.713
166.455
106.214
-32.4984
-138.713
-158.529
-145.054
48.3513
683.259
1168.36
714.965
-347.178
-648.383
348.763
1401.4
1513.16
1146.16
1262.68
1548.03
1074.03
340.837
511.256
1548.83
2206.72
2076.73
1776.32
1460.05
983.672
526.316
806.119
1735.1
2086.24
1288.84
238.586
29.3278
299.62
304.375
196.576
304.375
430.406
84.0203
-529.486
-771.243
-501.744
-210.843
-314.68
-416.138
-254.439
-199.746
-537.413
-918.675
-816.424
-396.322
-93.532
7.1338
11.8897
-175.967
-640.457
-933.735
-605.58
22.194
238.586
-136.335
-531.072
-611.921
-668.992
-775.999
-700.698
-397.907
-315.472
-688.015
-1076.41
-1196.89
-1171.53
-1193.72
-1113.67
-839.41
-764.109
-1112.87
-1557.55
-1574.98
-1261.1
-1028.06
-938.491
-871.116
-826.728
-1001.11
-1219.09
-1122.38
-727.647
-384.432
-382.055
-476.379
-412.175
-334.496
-354.312
-311.509
-37.2543
255.231
285.352
103.044
-63.4115
-30.1205
53.8998
92.7394
176.76
282.181
242.549
-33.2911
-211.636
-164.077
-3.96322
107.007
359.86
1002.69
1288.84
680.881
-263.158
-216.392
982.086
1919.78
1886.49
1429.14
1490.17
1640.77
1191.34
808.497
1299.94
2339.09
2718.77
2400.92
2001.43
1667.72
1294.39
1011.41
1467.18
2266.96
2285.99
1273.78
237.793
119.689
395.529
484.306
443.088
466.075
412.175
-76.8865
-644.42
-750.634
-363.824
-38.8396
-151.395
-342.422
-428.028
-527.108
-752.219
-857.641
-568.326
-163.285
-3.96322
-181.516
-428.028
-516.804
-548.51
-550.888
-368.58
-92.7394
-49.1439
-324.192
-687.223
-863.982
-764.109
-525.523
-398.7
-449.429
-714.172
-1125.55
-1344.32
-1233.35
-1074.03
-1089.89
-1102.57
-1150.92
-1349.87
-1563.89
-1711.32
-1665.35
-1414.87
-1169.15
-1097.81
-1146.96
-1242.87
-1414.08
-1395.05
-1055.01
-703.868
-563.57
-618.263
-686.43
-642.834
-504.914
-364.616
-247.305
-55.4851
88.7762
21.4014
-134.75
-145.847
14.2676
121.275
93.532
-25.3646
-134.75
-173.589
-204.502
-96.7026
112.555
175.174
274.255
615.092
824.35
501.744
35.669
300.412
1276.16
1941.98
1727.96
1307.86
1482.24
1735.89
1464.81
1303.11
1911.07
2708.47
2737.79
2236.84
1900.76
1855.58
1789.79
1634.43
1829.42
2169.47
1892.83
970.197
325.777
483.513
781.547
706.246
430.406
239.379
104.629
-210.843
-515.219
-491.439
-174.382
-27.7425
-273.462
-512.841
-497.781
-391.566
-424.857
-460.526
-249.683
37.2543
91.9467
-88.7762
-195.783
-179.93
-146.639
-92.7394
4.75587
140.298
19.0235
-397.907
-680.089
-567.533
-318.643
-326.569
-537.413
-761.731
-935.32
-1110.49
-1228.6
-1137.44
-1018.55
-1141.41
-1475.11
-1643.94
-1592.42
-1561.51
-1536.94
-1470.36
-1346.7
-1322.13
-1467.98
-1531.39
-1304.69
-988.427
-927.394
-964.648
-880.628
-759.353
-714.965
-723.684
-616.677
-389.188
-229.074
-320.228
-490.647
-484.306
-434.369
-439.918
-428.028
-401.871
-506.5
-768.865
-909.163
-683.259
-280.596
-152.188
-145.847
166.455
387.603
-38.0469
-650.761
-309.131
980.501
1819.12
1474.32
827.521
975.745
1422.8
1295.18
1163.6
1871.43
2802.79
2814.68
2174.22
1855.58
2029.17
2120.32
1978.44
2143.31
2517.44
2243.18
1204.82
511.256
800.571
1311.83
1284.88
866.36
583.386
471.623
204.502
-124.445
-145.054
186.271
346.386
80.8497
-181.516
-172.796
-99.8732
-189.442
-231.452
9.51173
351.934
427.235
145.847
-78.4718
-31.7058
106.214
158.529
159.321
178.345
84.8129
-168.833
-370.165
-311.509
-151.395
-210.051
-485.098
-714.965
-823.557
-933.735
-1053.42
-1100.98
-1103.36
-1179.45
-1330.85
-1425.97
-1418.04
-1419.63
-1475.9
-1477.49
-1344.32
-1205.61
-1237.32
-1336.4
-1311.83
-1173.91
-1027.27
-930.564
-902.822
-925.016
-901.237
-783.133
-665.029
-574.667
-551.68
-620.64
-695.149
-723.684
-720.514
-739.537
-808.497
-967.026
-1062.14
-897.273
-692.771
-669.784
-424.857
23.7793
-89.5688
-850.507
-1241.28
-334.496
994.769
1234.94
471.623
206.088
881.42
1098.6
577.838
585.764
1630.47
2469.88
2221.78
1698.64
1631.26
1850.03
1748.57
1705.77
2281.23
2658.53
2003.01
925.808
777.584
1413.28
1710.53
1406.94
998.732
918.675
856.848
529.486
313.887
538.998
845.751
686.43
355.897
304.375
465.282
484.306
250.476
217.977
498.573
690.393
538.998
292.486
257.609
256.817
183.893
203.71
362.238
399.493
42.8028
-448.637
-550.888
-288.523
-213.221
-502.536
-761.731
-825.143
-938.491
-1165.19
-1335.61
-1360.18
-1354.63
-1436.27
-1483.04
-1451.33
-1517.12
-1744.61
-1819.12
-1548.83
-1241.28
-1223.05
-1441.03
-1507.61
-1320.55
-1120.01
-1009.83
-901.237
-722.892
-580.216
-585.764
-649.176
-591.313
-414.553
-282.181
-267.121
-297.242
-340.837
-455.77
-649.176
-643.627
-424.065
-239.379
-308.339
-383.64
48.3513
270.292
-310.717
-1081.96
-753.012
646.798
1312.62
665.821
-155.358
110.97
606.373
287.73
107.007
926.601
2022.83
1867.47
967.819
656.309
1054.22
1399.02
1265.06
1506.02
1961
1661.38
665.821
211.636
912.334
1563.09
1484.62
1040.74
857.641
898.859
659.48
431.198
622.226
1142.2
1276.16
807.705
388.396
360.653
573.874
634.115
626.982
806.119
975.745
848.922
458.941
336.081
485.891
505.707
366.994
257.609
370.165
302.79
-198.161
-577.838
-356.69
75.3012
-81.6424
-664.236
-970.989
-913.126
-897.273
-1049.46
-1130.31
-1145.37
-1262.68
-1532.97
-1722.42
-1624.92
-1538.52
-1620.16
-1615.41
-1448.16
-1387.13
-1596.39
-1713.7
-1483.83
-1125.55
-997.146
-1181.83
-1272.19
-1006.66
-687.223
-658.687
-709.417
-528.694
-292.486
-222.733
-321.814
-321.021
-243.342
-300.412
-320.228
-109.385
225.111
128.408
5.54851
396.322
593.691
71.338
-641.249
-189.442
1078
1477.49
640.457
-104.629
370.165
775.999
286.145
-57.0704
620.64
1428.34
1100.19
392.359
188.649
534.242
684.052
530.279
860.019
1188.17
756.183
-167.248
-298.827
516.011
1023.3
850.507
442.295
378.091
462.112
355.897
320.228
602.41
1075.62
1100.98
776.791
588.142
652.346
894.895
1032.02
1219.88
1418.04
1403.77
1179.45
951.173
1047.08
1200.86
1236.53
1250
1207.2
1043.12
664.236
345.593
344.008
516.804
500.951
149.017
-145.054
-278.218
-436.747
-653.139
-777.584
-776.791
-909.163
-1142.99
-1382.37
-1561.51
-1674.86
-1790.58
-1797.72
-1686.75
-1610.65
-1752.54
-1958.62
-1920.58
-1724
-1597.18
-1608.28
-1584.5
-1462.43
-1394.26
-1409.32
-1359.38
-1138.24
-960.685
-974.952
-1066.11
-995.561
-782.34
-646.005
-546.925
-371.75
-220.355
-325.777
-77.6791
596.068
690.393
-7.92644
-492.232
366.994
1484.62
1387.13
486.684
308.339
1121.59
1169.94
351.934
213.221
1174.7
1728.76
1081.17
462.112
527.108
766.487
447.844
243.342
748.256
1000.32
280.596
-649.968
-449.429
328.155
430.406
-58.6557
-301.205
15.0602
191.82
-42.8028
-116.519
365.409
851.3
683.259
361.446
420.894
771.243
991.598
941.661
1041.53
1383.96
1573.4
1363.35
1179.45
1337.19
1487.79
1414.08
1353.04
1432.31
1433.1
1158.85
745.878
718.928
941.661
818.802
357.483
77.6791
109.385
-60.241
-436.747
-647.59
-533.45
-481.928
-813.253
-1203.23
-1318.96
-1192.14
-1284.88
-1415.66
-1296.77
-1237.32
-1414.08
-1684.37
-1598.76
-1318.96
-1251.59
-1387.92
-1460.05
-1311.03
-1275.36
-1368.1
-1284.88
-1051.05
-951.173
-1082.75
-1137.44
-1057.39
-1075.62
-1094.64
-875.872
-425.65
-251.268
-197.368
95.1173
39.6322
-480.342
-781.547
101.458
1454.5
1577.36
584.971
47.5587
803.741
1300.73
784.718
525.523
1242.87
1860.34
1283.29
495.403
412.968
781.547
749.841
455.77
695.149
816.424
62.6189
-982.086
-998.732
-151.395
157.736
-335.289
-908.37
-951.966
-799.778
-848.922
-803.741
-363.824
113.348
-5.54851
-374.921
-372.543
62.6189
556.436
753.805
878.25
1081.96
1186.59
1123.97
1146.16
1443.41
1694.67
1689.92
1561.51
1542.49
1590.84
1509.99
1331.64
1274.57
1343.53
1173.11
783.133
525.523
464.49
374.128
166.455
-57.863
-243.342
-430.406
-648.383
-817.216
-873.494
-875.872
-990.805
-1095.43
-1047.08
-1068.48
-1213.54
-1261.1
-1097.02
-961.477
-1013.79
-1120.8
-1132.69
-1008.24
-912.334
-872.701
-831.484
-801.363
-824.35
-887.762
-843.373
-799.778
-756.975
-629.36
-459.734
-452.6
-519.975
-68.1674
305.168
-117.311
-944.832
-861.604
479.55
1313.41
795.022
-81.6424
202.917
962.27
622.226
-19.8161
441.503
1614.62
1687.54
779.962
282.974
507.292
772.828
500.951
530.279
884.591
644.42
-403.456
-1112.08
-545.339
114.141
-23.7793
-677.711
-1022.51
-863.19
-823.557
-973.367
-955.136
-501.744
-188.649
-462.112
-801.363
-679.296
-137.92
210.051
269.499
396.322
625.396
722.892
586.557
787.096
1349.08
1544.86
1292.01
1119.21
1359.38
1547.24
1347.5
1130.31
1269.82
1499.68
1177.08
611.129
507.292
680.881
587.349
264.743
158.529
132.372
-125.238
-569.119
-787.096
-507.292
-340.837
-698.32
-1147.75
-1155.68
-901.237
-871.116
-976.538
-1013
-922.638
-940.869
-1163.6
-1210.37
-939.283
-745.086
-860.812
-934.528
-860.019
-787.096
-893.31
-1048.67
-847.337
-477.964
-233.037
-310.717
-253.646
355.105
578.63
5.54851
-706.246
-272.67
1153.3
1714.49
903.614
66.5821
569.911
1208.78
706.246
149.81
794.23
1920.58
1708.15
642.834
250.476
664.236
828.313
415.346
525.523
936.113
454.185
-917.882
-1596.39
-790.266
37.2543
-150.602
-933.735
-1322.92
-1261.1
-1345.91
-1360.97
-984.464
-375.713
-271.877
-809.29
-1175.49
-876.665
-172.796
156.944
163.285
298.827
519.975
575.46
395.529
542.169
1097.81
1541.69
1467.98
1123.18
1135.07
1280.91
1179.45
1058.97
1214.33
1459.26
1341.95
814.838
392.359
391.566
477.964
345.593
198.954
146.639
-103.836
-561.192
-870.323
-783.133
-500.951
-455.77
-791.852
-1112.08
-1059.77
-931.357
-881.42
-833.069
-794.23
-760.938
-816.424
-974.952
-1052.63
-833.862
-661.858
-775.206
-890.14
-882.213
-835.447
-886.969
-920.26
-856.848
-589.727
-333.703
-320.228
53.1072
450.222
80.0571
-763.316
-791.852
549.302
1725.59
1558.34
546.925
352.727
1081.17
1055.01
453.393
776.791
2085.45
2530.91
1632.85
757.768
714.172
1151.71
1155.68
1135.07
1434.69
1261.1
106.214
-1029.64
-759.353
110.178
274.255
-341.63
-1010.62
-1185
-1264.27
-1437.06
-1370.48
-848.129
-435.954
-735.574
-1312.62
-1437.86
-934.528
-476.379
-440.71
-434.369
-132.372
181.516
73.7159
-58.6557
252.061
756.183
899.651
705.453
691.978
954.344
1019.34
744.293
658.687
906.785
1084.34
810.082
371.75
267.121
318.643
203.71
-39.6322
-121.275
-137.127
-338.459
-562.777
-634.115
-544.547
-528.694
-745.878
-932.942
-829.899
-634.115
-642.834
-684.052
-666.614
-643.627
-608.751
-656.309
-699.112
-569.119
-369.372
-352.727
-462.904
-484.306
-526.316
-627.774
-581.801
-478.757
-260.78
-84.0203
-107.8
255.231
646.005
250.476
-716.55
-813.253
546.132
1750.16
1632.05
682.467
494.61
1098.6
974.16
359.068
751.427
2148.86
2553.11
1641.57
865.568
850.507
1162.02
1103.36
1213.54
1736.68
1725.59
501.744
-787.888
-550.095
412.175
715.758
203.71
-421.687
-722.892
-1020.13
-1315
-1249.21
-693.564
-306.753
-676.126
-1280.12
-1520.29
-1279.33
-890.932
-736.367
-672.162
-575.46
-532.657
-675.333
-727.647
-433.576
-122.86
72.9233
21.4014
-96.7026
-66.5821
-80.0571
-73.7159
91.1541
462.112
578.63
220.355
-161.699
-277.425
-137.127
0
3.96322
-79.2644
-213.221
-462.904
-726.062
-676.126
-457.356
-347.971
-414.553
-584.971
-655.517
-675.333
-616.677
-420.894
-234.623
-148.224
-220.355
-309.131
-363.824
-344.8
-168.833
24.572
120.482
15.0602
-155.358
-273.462
-238.586
-125.238
-93.532
43.5954
111.763
428.821
903.614
707.831
-86.3982
-672.162
79.2644
1410.11
1918.99
1444.99
856.056
970.989
856.848
387.603
543.754
1656.63
2495.24
2110.81
1410.91
979.708
864.775
794.23
1052.63
1831.8
2118.74
1218.29
-237.793
-626.982
66.5821
572.289
561.192
276.633
-36.4616
-578.63
-1164.39
-1250
-730.025
-90.3614
-100.666
-608.751
-1033.61
-1082.75
-969.404
-909.163
-660.273
-318.643
-192.613
-409.004
-675.333
-602.41
-425.65
-323.399
-233.037
-61.8263
138.713
-74.5086
-537.413
-645.212
-309.131
4.75587
-95.91
-344.008
-557.229
-813.253
-1036.78
-1053.42
-753.805
-526.316
-727.647
-1170.74
-1387.92
-1268.23
-1137.44
-1030.44
-938.491
-876.665
-895.688
-990.805
-946.417
-798.193
-626.189
-504.914
-378.884
-261.573
-324.192
-389.188
-304.375
-95.91
77.6791
40.4249
-64.2042
-129.994
-95.1173
-7.92644
96.7026
271.084
393.152
837.032
1192.14
834.654
62.6189
-216.392
649.968
1662.18
2059.29
1670.89
1227.81
1235.73
992.391
749.841
1108.12
2080.69
2545.18
2200.38
1764.43
1321.34
1093.06
1048.67
1427.55
2038.68
2106.06
1240.49
113.348
-15.0602
407.419
649.968
695.149
666.614
489.854
-36.4616
-524.731
-661.065
-268.706
156.944
102.251
-202.124
-474.794
-587.349
-727.647
-711.795
-505.707
-330.533
-225.904
-305.168
-374.921
-413.76
-519.182
-649.176
-581.801
-209.258
-5.54851
-236.208
-600.824
-701.49
-542.169
-378.884
-388.396
-532.657
-697.527
-935.32
-1162.81
-1186.59
-1039.16
-1038.36
-1251.59
-1409.32
-1462.43
-1540.11
-1645.53
-1674.06
-1605.9
-1460.05
-1375.24
-1387.13
-1314.2
-1240.49
-1219.09
-1135.86
-929.772
-721.306
-620.64
-524.731
-465.282
-470.038
-416.931
-372.543
-254.439
-92.7394
-78.4718
-207.673
-167.248
116.519
408.212
894.895
1093.06
728.44
184.686
118.897
777.584
1509.99
2023.62
1909.48
1638.4
1563.89
1254.76
1054.22
1357.8
2097.34
2493.66
2525.36
2308.18
1713.7
1248.41
1111.29
1489.38
1987.95
2047.4
1375.24
486.684
317.058
466.075
565.948
634.115
649.968
508.878
177.552
-110.97
-320.228
-231.452
11.097
110.97
83.2276
-14.2676
-94.3247
-183.893
-266.328
-363.824
-404.249
-179.138
120.482
248.89
146.639
-206.088
-474.794
-440.71
-150.602
128.408
121.275
-102.251
-353.519
-335.289
-223.526
-329.74
-557.229
-743.5
-785.51
-814.838
-953.551
-1254.76
-1533.77
-1581.33
-1570.23
-1594.01
-1613.03
-1662.18
-1834.18
-2022.04
-1982.4
-1727.17
-1448.95
-1331.64
-1418.83
-1553.58
-1555.96
-1398.22
-1160.43
-860.019
-613.507
-630.945
-789.474
-775.999
-599.239
-402.663
-256.817
-203.71
-227.489
-200.539
-42.8028
78.4718
448.637
940.869
973.367
535.035
112.555
332.118
910.748
1578.15
1873.02
1706.56
1616.99
1391.09
1072.45
991.598
1494.13
2118.74
2431.83
2512.68
2093.37
1483.04
1074.03
1123.18
1496.51
1845.28
1788.21
1173.91
748.256
650.761
542.961
383.64
332.118
475.587
638.079
651.554
263.158
-235.415
-356.69
-217.185
-53.1072
103.836
214.014
118.897
-99.8732
-344.008
-536.62
-483.513
-118.897
294.071
528.694
460.526
10.3044
-398.7
-362.238
22.194
308.339
342.422
286.937
159.321
48.3513
-168.833
-525.523
-707.039
-584.971
-402.663
-475.587
-781.547
-1253.96
-1660.59
-1709.73
-1555.96
-1473.53
-1545.66
-1726.38
-2003.01
-2167.88
-2083.07
-1954.66
-1761.26
-1533.77
-1495.72
-1695.47
-1836.56
-1654.25
-1330.85
-1024.89
-875.872
-906.785
-850.507
-656.309
-482.72
-406.627
-405.041
-421.687
-370.165
-103.836
216.392
340.837
516.804
817.216
919.467
761.731
521.56
554.851
955.136
1593.21
2041.85
1987.95
1757.29
1475.11
1281.71
1289.63
1560.72
1970.51
2297.88
2495.24
2291.53
1784.24
1301.52
1099.4
1260.3
1571.02
1716.87
1452.92
1013.79
623.018
290.9
103.836
145.054
332.911
460.526
416.931
136.335
-292.486
-626.189
-678.503
-466.075
-200.539
-49.9366
-101.458
-237.793
-328.155
-446.259
-507.292
-389.188
-48.3513
309.131
440.71
313.094
48.3513
-90.3614
-23.7793
156.944
315.472
397.907
372.543
248.098
107.007
-93.532
-335.289
-530.279
-601.617
-553.266
-564.363
-775.206
-1128.73
-1422.8
-1544.07
-1605.1
-1716.07
-1813.57
-1811.98
-1773.94
-1778.69
-1804.85
-1800.89
-1765.22
-1737.48
-1672.48
-1525.84
-1351.46
-1273.78
-1262.68
-1173.11
-1000.32
-821.179
-679.296
-527.901
-378.884
-316.265
-328.155
-335.289
-251.268
-160.907
-50.7292
107.007
398.7
869.531
1070.86
863.19
344.008
62.6189
376.506
1083.54
1790.58
1977.65
1876.98
1662.18
1415.66
1154.88
1008.24
1345.91
1987.95
2596.7
2658.53
2122.7
1442.61
986.049
1026.47
1324.51
1625.71
1648.7
1318.96
869.531
428.821
166.455
29.3278
9.51173
116.519
225.111
245.72
19.0235
-357.483
-713.38
-882.213
-780.755
-496.195
-118.104
114.141
82.435
-175.174
-416.931
-435.954
-170.419
229.867
525.523
622.226
556.436
475.587
404.249
367.787
333.703
295.656
280.596
273.462
285.352
225.904
56.2777
-216.392
-566.741
-812.46
-811.668
-679.296
-673.748
-905.2
-1267.44
-1601.14
-1734.31
-1662.18
-1540.9
-1452.12
-1423.59
-1469.56
-1546.45
-1529.01
-1451.33
-1402.98
-1318.17
-1221.46
-1116.84
-928.186
-778.377
-755.39
-743.5
-744.293
-779.169
-695.942
-413.76
-124.445
-22.194
-155.358
-387.603
-433.576
-331.325
-258.402
-246.512
-50.7292
465.282
925.808
946.417
373.335
-217.185
-239.379
456.563
1377.62
1831.8
1880.94
1714.49
1431.52
913.919
469.245
604.788
1353.84
2328
2689.44
2210.68
1341.15
659.48
487.476
668.199
977.33
1068.48
935.32
731.611
425.65
25.3646
-394.737
-661.065
-669.784
-343.215
-8.71909
-34.0837
-338.459
-653.932
-778.377
-772.036
-678.503
-493.817
-110.178
359.86
519.182
336.874
44.3881
-59.4483
123.653
480.342
816.424
1018.55
1092.26
1005.07
747.464
370.958
103.836
53.1072
213.221
451.015
523.938
372.543
-3.17058
-447.051
-818.009
-984.464
-944.832
-826.728
-715.758
-748.256
-947.21
-1250
-1496.51
-1531.39
-1353.04
-1100.19
-901.237
-821.179
-807.705
-818.802
-826.728
-762.524
-674.54
-523.145
-313.094
-174.382
-79.2644
-53.1072
-69.7527
-129.994
-301.205
-329.74
-97.4952
201.332
301.205
95.1173
-237.001
-435.954
-470.038
-463.697
-485.098
-229.074
424.857
990.805
975.745
253.646
-461.319
-622.226
-29.3278
809.29
1322.13
1650.29
1724.79
1482.24
695.149
-157.736
-380.469
328.947
1617.79
2302.63
1997.46
997.939
87.9835
-310.717
-305.961
-49.9366
129.201
318.643
368.58
150.602
-388.396
-1050.25
-1426.76
-1381.58
-842.581
-329.74
-119.689
-271.877
-554.058
-719.721
-849.715
-754.597
-466.867
62.6189
632.53
849.715
649.968
314.68
278.218
502.536
737.952
749.049
668.992
767.28
945.625
993.976
711.795
321.021
22.9867
-110.178
-51.5219
36.4616
187.857
270.292
127.616
-242.549
-672.162
-932.942
-937.698
-734.781
-464.49
-262.365
-242.549
-464.49
-820.387
-988.427
-833.862
-496.988
-214.014
-84.0203
-56.2777
-101.458
-125.238
-116.519
-64.2042
39.6322
101.458
191.027
322.606
409.797
337.666
92.7394
-69.7527
-47.5587
54.6925
137.92
69.7527
-86.3982
-241.756
-428.821
-636.493
-828.313
-512.841
301.205
993.183
885.384
-3.96322
-761.731
-860.019
-301.205
284.559
722.099
1135.07
1413.28
1206.4
206.88
-843.373
-1155.68
-392.359
794.23
1440.23
1381.58
796.607
154.566
-437.54
-830.691
-880.628
-653.139
-228.282
50.7292
66.5821
-237.001
-680.881
-1081.96
-1250.79
-1092.26
-802.949
-405.834
-66.5821
183.893
183.893
-133.957
-553.266
-672.955
-175.174
573.874
1051.84
963.063
612.714
443.088
516.804
613.507
520.767
508.085
641.249
782.34
775.206
569.119
389.981
262.365
151.395
-50.7292
-201.332
-82.435
206.088
398.7
258.402
-94.3247
-487.476
-731.611
-739.537
-542.961
-272.67
-113.348
-138.713
-298.827
-420.894
-511.256
-546.132
-496.195
-293.278
-15.8529
186.271
271.084
161.699
-11.097
-124.445
-49.1439
194.99
474.794
634.908
548.51
304.375
31.7058
-95.91
-7.92644
136.335
207.673
111.763
-80.8497
-340.044
-607.166
-886.969
-850.507
-129.994
768.865
1095.43
466.867
-416.931
-890.14
-784.718
-384.432
-9.51173
613.507
1307.07
1486.21
595.276
-751.427
-1455.29
-1064.52
18.2308
765.694
925.808
699.112
413.76
47.5587
-476.379
-812.46
-847.337
-587.349
-317.85
-172.004
-130.786
-164.87
-206.088
-337.666
-494.61
-646.798
-683.259
-514.426
-99.0805
382.055
471.623
172.004
-122.067
-49.1439
256.817
477.964
541.376
556.436
756.183
981.294
943.247
689.601
518.389
526.316
570.704
600.824
616.677
676.918
676.918
508.085
189.442
-106.214
-122.067
26.1573
184.686
237.793
88.7762
-213.221
-527.901
-689.601
-711.795
-615.092
-481.928
-394.737
-399.493
-455.77
-515.219
-616.677
-614.299
-478.757
-282.181
-82.435
13.475
-8.71909
-102.251
-145.847
-106.214
26.1573
214.014
325.777
299.62
149.81
0
-118.104
-145.847
-84.0203
-64.2042
-123.653
-238.586
-374.921
-585.764
-856.056
-1108.91
-1065.31
-451.015
412.175
864.775
523.145
-188.649
-716.55
-895.688
-728.44
-359.068
317.058
1159.64
1577.36
1073.24
-75.3012
-918.675
-959.1
-362.238
277.425
619.055
718.136
751.427
623.018
164.077
-320.228
-565.948
-535.828
-485.891
-509.67
-501.744
-341.63
-50.7292
96.7026
-26.1573
-336.874
-632.53
-763.316
-611.129
-273.462
7.1338
202.124
420.101
684.845
821.972
759.353
625.396
596.861
838.618
1147.75
1285.67
1263.47
1263.47
1340.36
1317.37
1157.26
932.15
831.484
794.23
668.199
412.968
203.71
186.271
207.673
170.419
-19.8161
-306.753
-661.858
-951.173
-1066.11
-990.805
-788.681
-680.089
-616.677
-567.533
-485.891
-489.854
-603.995
-601.617
-418.516
-85.6056
152.98
206.88
172.004
175.174
255.231
277.425
310.717
389.981
466.075
429.613
283.767
165.663
61.8263
-42.0101
-160.907
-244.927
-291.693
-388.396
-615.885
-950.38
-1280.91
-1573.4
-1745.4
-1557.55
-858.434
-64.9968
201.332
-179.138
-791.852
-1195.31
-1301.52
-1134.27
-678.503
114.933
948.003
1185
630.152
-239.379
-721.306
-600.824
-178.345
180.723
375.713
558.022
748.256
714.172
355.897
-57.863
-355.105
-574.667
-824.35
-1057.39
-1078
-777.584
-310.717
-15.0602
7.92644
-165.663
-405.834
-567.533
-511.256
-266.328
57.0704
466.075
913.919
1277.74
1462.43
1533.77
1598.76
1687.54
1774.73
1766.01
1682.78
1644.74
1740.65
1927.71
2022.83
1905.52
1572.61
1159.64
759.353
429.613
220.355
147.432
198.954
239.379
91.9467
-252.854
-620.64
-883.006
-996.354
-980.501
-903.614
-828.313
-769.658
-716.55
-692.771
-646.005
-522.353
-333.703
-156.151
-51.5219
-15.0602
-47.5587
-37.2543
29.3278
146.639
271.084
319.436
334.496
301.997
244.134
147.432
0.792644
-173.589
-286.937
-347.178
-467.66
-659.48
-894.103
-1124.76
-1352.25
-1559.92
-1740.65
-1920.58
-2095.75
-2300.25
-2361.29
-1947.53
-1118.42
-470.038
-400.285
-680.089
-898.066
-912.334
-842.581
-663.443
-207.673
547.717
1210.37
1260.3
762.524
283.767
198.954
431.198
676.918
754.597
744.293
817.216
867.153
717.343
481.135
298.034
128.408
-168.041
-607.958
-995.561
-1051.05
-683.259
-121.275
306.753
439.918
327.362
143.469
112.555
298.827
558.814
827.521
1126.35
1445.78
1706.56
1857.96
1928.5
1990.33
2071.97
2065.63
1933.26
1773.94
1710.53
1727.17
1649.49
1392.68
1017.76
672.162
412.175
177.552
-31.7058
-173.589
-317.85
-558.814
-856.848
-1116.84
-1233.35
-1210.37
-1121.59
-1051.84
-1023.3
-986.842
-995.561
-1021.72
-945.625
-741.122
-512.048
-361.446
-278.218
-187.064
-6.34115
253.646
470.831
568.326
586.557
537.413
433.576
337.666
248.098
164.87
129.994
118.897
54.6925
-133.164
-441.503
-800.571
-1116.04
-1323.72
-1524.25
-1763.63
-1983.99
-2152.03
-2219.4
-2230.5
-2266.17
-2359.7
-2505.55
-2653.77
-2625.24
-2082.28
-1134.27
-324.984
50.7292
141.091
142.676
84.8129
97.4952
337.666
905.2
1666.93
2129.04
2020.45
1615.41
1345.91
1334.81
1460.05
1558.34
1499.68
1375.24
1311.83
1173.91
840.996
523.145
340.044
157.736
-103.044
-425.65
-674.54
-691.186
-477.964
-210.051
28.5352
256.817
436.747
569.911
740.33
909.956
932.15
912.334
1009.83
1177.87
1395.85
1648.7
1921.37
2181.36
2335.13
2243.98
1880.94
1482.24
1237.32
1121.59
1009.83
820.387
517.597
142.676
-248.89
-663.443
-977.33
-1082.75
-1108.91
-1185.8
-1326.89
-1479.07
-1597.18
-1653.46
-1607.48
-1464.81
-1270.61
-1073.24
-939.283
-844.959
-726.062
-565.155
-362.238
-118.897
129.201
353.519
550.888
677.711
699.905
611.129
504.914
391.566
269.499
149.017
-46.766
-340.837
-682.467
-954.344
-1153.3
-1332.44
-1499.68
-1694.67
-1903.93
-2117.15
-2350.19
-2574.51
-2691.03
-2709.26
-2672.8
-2626.03
-2615.73
-2584.02
-2470.67
-2254.28
-2031.55
-1738.27
-1079.58
-127.616
677.711
1109.7
1372.86
1654.25
1905.52
2056.91
2209.89
2503.17
2884.43
3116.68
2989.85
2668.83
2396.16
2213.86
2083.86
1915.03
1649.49
1372.07
1230.98
1144.58
932.942
601.617
247.305
-80.8497
-401.078
-646.005
-728.44
-568.326
-240.964
64.2042
278.218
418.516
579.423
804.534
1126.35
1418.04
1548.03
1578.95
1617.79
1717.66
1810.4
1850.82
1855.58
1889.66
1948.32
1887.29
1632.85
1228.6
777.584
338.459
-96.7026
-573.082
-1058.97
-1414.87
-1636.02
-1812.78
-1934.05
-2022.04
-2091.79
-2079.11
-1999.05
-1928.5
-1903.14
-1878.57
-1848.45
-1771.56
-1502.06
-1073.24
-618.263
-206.088
89.5688
187.857
160.114
138.713
139.505
240.171
449.429
543.754
404.249
133.164
-149.81
-385.225
-561.985
-737.159
-959.1
-1175.49
-1364.14
-1600.35
-1873.02
-2041.06
-2114.77
-2159.96
-2197.21
-2250.32
-2297.88
-2250.32
-2073.56
-1889.66
-1727.17
-1560.72
-1395.85
-1219.88
-1005.87
-780.755
-606.373
-416.138
-240.964
9.51173
653.139
1595.59
2337.51
2733.83
3012.84
3152.35
3061.19
2872.54
2768.71
2824.19
2987.48
2965.28
2573.72
2129.04
1827.05
1586.87
1435.48
1340.36
1047.08
614.299
428.821
466.867
450.222
355.897
206.88
-60.241
-362.238
-626.982
-819.594
-736.367
-325.777
136.335
502.536
820.387
1032.02
1151.71
1367.31
1584.5
1548.83
1334.02
1125.55
987.635
976.538
1055.01
1081.17
1098.6
1158.85
1117.63
878.25
458.148
-49.9366
-493.025
-809.29
-1162.81
-1623.34
-1954.66
-2055.33
-2079.11
-2071.97
-2031.55
-1980.03
-1808.81
-1544.07
-1353.04
-1237.32
-1110.49
-1022.51
-1002.69
-911.541
-775.206
-661.858
-437.54
-132.372
57.0704
137.92
175.967
138.713
81.6424
34.0837
-114.141
-392.359
-656.309
-859.226
-1079.58
-1249.21
-1348.29
-1465.6
-1603.52
-1724
-1849.24
-1958.62
-2009.35
-2048.99
-2048.19
-1946.73
-1790.58
-1592.42
-1307.07
-971.782
-666.614
-398.7
-159.321
11.8897
91.9467
119.689
126.03
171.211
303.583
462.112
576.252
638.079
672.162
937.698
1609.07
2308.97
2658.53
2791.69
2896.32
2831.33
2591.15
2419.94
2424.7
2575.3
2673.59
2420.74
1907.89
1544.07
1423.59
1394.26
1425.97
1382.37
1112.87
869.531
842.581
787.888
562.777
297.242
24.572
-310.717
-647.59
-903.614
-979.708
-733.196
-326.569
-80.0571
26.9499
155.358
317.058
528.694
765.694
844.959
711.002
565.948
498.573
462.112
464.49
491.439
493.025
495.403
523.938
448.637
208.465
-105.422
-424.065
-711.795
-1005.87
-1396.64
-1822.29
-2096.54
-2218.61
-2220.2
-2066.42
-1800.1
-1508.4
-1227.01
-1011.41
-981.294
-1055.8
-1064.52
-1044.71
-1051.05
-1026.47
-997.146
-960.685
-778.377
-472.416
-210.843
-26.9499
68.9601
-11.097
-212.429
-431.198
-690.393
-958.307
-1116.04
-1223.84
-1394.26
-1514.74
-1480.66
-1362.56
-1210.37
-1055.8
-940.076
-826.728
-661.858
-499.366
-389.188
-267.914
-130.786
-19.8161
99.8732
272.67
495.403
713.38
924.223
1135.86
1269.02
1267.44
1201.65
1112.08
969.404
779.962
573.874
386.81
242.549
183.101
288.523
765.694
1519.5
2035.51
2136.97
2160.75
2226.54
2099.71
1833.39
1655.83
1596.39
1616.2
1544.86
1234.94
901.237
727.647
609.543
577.838
695.942
684.052
457.356
331.325
375.713
317.85
80.0571
-254.439
-662.651
-1003.49
-1197.69
-1303.9
-1227.01
-913.919
-573.082
-317.058
-86.3982
96.7026
261.573
499.366
689.601
629.36
407.419
271.877
281.389
363.824
469.245
532.657
550.888
594.483
631.737
597.654
500.159
318.643
34.0837
-276.633
-637.286
-1123.18
-1621.75
-1921.37
-2007.77
-1996.67
-1948.32
-1888.08
-1781.07
-1545.66
-1272.19
-1155.68
-1123.97
-1049.46
-1042.33
-1165.19
-1270.61
-1305.49
-1243.66
-975.745
-622.226
-339.252
-69.7527
171.211
295.656
351.934
322.606
114.141
-173.589
-379.677
-509.67
-627.774
-699.905
-681.674
-580.216
-374.128
-127.616
29.3278
129.994
301.205
485.098
550.888
496.195
383.64
285.352
265.536
275.84
256.817
312.302
477.964
660.273
798.985
865.568
830.691
693.564
465.282
168.041
-144.261
-399.493
-559.607
-608.751
-555.644
-496.195
-473.209
-229.867
405.834
1099.4
1483.04
1628.88
1818.33
1990.33
1967.34
1839.73
1796.92
1921.37
2057.7
1956.25
1691.5
1524.25
1384.75
1185
1092.26
1068.48
854.471
511.256
318.643
210.051
-71.338
-549.302
-1097.81
-1502.85
-1676.44
-1790.58
-1895.21
-1774.73
-1396.64
-974.952
-570.704
-168.833
196.576
518.389
815.631
1003.49
1021.72
955.136
853.678
741.915
663.443
581.801
461.319
342.422
239.379
146.639
53.1072
-149.017
-483.513
-820.387
-1137.44
-1554.38
-2081.48
-2548.35
-2807.55
-2830.53
-2702.12
-2522.19
-2276.47
-1890.46
-1458.47
-1145.37
-916.297
-702.283
-512.048
-330.533
-148.224
-30.1205
55.4851
197.368
381.262
566.741
731.611
853.678
921.845
958.307
957.514
863.19
638.079
352.727
62.6189
-233.037
-508.878
-757.768
-943.247
-990.805
-894.103
-722.892
-523.938
-311.509
-88.7762
111.763
258.402
355.105
392.359
364.616
294.071
243.342
265.536
338.459
438.332
576.252
747.464
909.956
1012.21
1033.61
987.635
818.802
543.754
244.134
-32.4984
-255.231
-417.724
-515.219
-565.155
-573.082
-471.623
-86.3982
575.46
1224.64
1648.7
1933.26
2202.76
2359.7
2322.45
2210.68
2179.77
2166.3
1976.85
1628.09
1290.42
1085.13
948.795
777.584
620.64
472.416
226.696
-76.8865
-242.549
-328.155
-570.704
-996.354
-1429.93
-1716.07
-1855.58
-1918.2
-1897.59
-1709.73
-1406.15
-1143.79
-901.237
-555.644
-133.957
237.001
477.172
550.095
504.122
408.212
244.927
36.4616
-142.676
-286.937
-423.272
-577.838
-695.149
-710.209
-686.43
-731.611
-870.323
-1074.03
-1311.83
-1626.51
-2017.28
-2354.15
-2592.74
-2707.67
-2659.32
-2457.99
-2094.96
-1586.08
-1032.02
-526.316
-41.2175
378.091
638.871
791.059
862.397
857.641
811.668
749.049
661.065
611.129
619.055
600.824
629.36
768.072
913.919
966.233
931.357
812.46
623.811
424.857
170.419
-98.2879
-225.904
-202.124
-81.6424
112.555
371.75
645.212
925.016
1209.58
1429.93
1578.15
1641.57
1566.27
1419.63
1280.91
1144.58
1012.21
933.735
898.066
856.056
808.497
749.841
686.43
656.309
602.41
411.382
105.422
-279.011
-673.748
-989.22
-1272.19
-1542.49
-1743.02
-1819.91
-1687.54
-1328.47
-748.256
-0.792644
737.159
1261.89
1587.67
1887.29
2072.76
2030.75
1896.8
1777.9
1553.58
1150.92
634.908
155.358
-85.6056
-186.271
-370.165
-536.62
-590.52
-724.477
-1004.28
-1191.34
-1296.77
-1531.39
-1904.72
-2308.18
-2664.87
-2893.15
-2954.19
-2866.99
-2554.69
-2094.96
-1685.16
-1280.12
-726.062
-50.7292
521.56
880.628
1032.82
1014.58
925.016
759.353
521.56
317.058
210.051
115.726
-3.96322
-89.5688
-109.385
-66.5821
-22.9867
-49.1439
-146.639
-295.656
-544.547
-840.996
-1054.22
-1197.69
-1345.12
-1406.94
-1268.23
-952.758
-520.767
-23.7793
474.001
967.819
1456.88
1837.35
2035.51
2098.92
2068.01
1920.58
1686.75
1430.72
1200.86
1060.56
1024.89
1057.39
1151.71
1293.6
1389.51
1394.26
1348.29
1238.11
1039.16
756.975
445.466
186.271
-7.92644
-194.99
-345.593
-374.128
-309.924
-202.124
-57.863
83.2276
160.114
194.99
218.77
200.539
137.127
25.3646
-110.97
-215.599
-259.195
-293.278
-351.934
-393.944
-430.406
-476.379
-544.547
-654.724
-806.119
-1012.21
-1251.59
-1482.24
-1673.27
-1802.47
-1823.87
-1777.11
-1708.94
-1549.62
-1305.49
-1007.45
-622.226
-134.75
405.834
883.798
1177.87
1321.34
1411.7
1414.87
1264.27
1075.62
947.21
739.537
374.128
-80.8497
-519.975
-810.875
-967.819
-1133.48
-1263.47
-1297.56
-1341.15
-1376.03
-1234.94
-987.635
-879.042
-948.795
-1079.58
-1162.81
-1161.22
-1070.07
-928.186
-710.209
-414.553
-141.883
122.86
517.597
1015.38
1448.16
1733.51
1885.7
1938.81
1897.59
1764.43
1562.3
1318.96
1050.25
797.4
586.557
470.831
469.245
499.366
492.232
490.647
534.242
561.192
498.573
362.238
237.793
140.298
22.9867
-119.689
-156.151
-13.475
233.83
524.731
867.153
1217.5
1519.5
1732.72
1838.14
1869.06
1833.39
1660.59
1357.01
1023.3
676.918
305.961
-51.5219
-338.459
-539.791
-682.467
-780.755
-844.959
-902.822
-967.026
-1071.66
-1223.05
-1372.86
-1494.93
-1634.43
-1804.06
-1949.11
-1997.46
-1930.09
-1777.11
-1527.43
-1206.4
-886.969
-561.985
-232.245
41.2175
228.282
288.523
187.857
-11.097
-216.392
-411.382
-629.36
-834.654
-1005.87
-1147.75
-1209.58
-1150.92
-999.524
-810.875
-649.176
-518.389
-425.65
-402.663
-425.65
-471.623
-557.229
-656.309
-722.892
-743.5
-686.43
-535.828
-301.205
36.4616
445.466
805.327
1135.07
1552.79
1920.58
2037.1
2023.62
2039.47
1988.74
1770.77
1499.68
1310.24
1127.93
875.079
584.179
351.934
250.476
155.358
24.572
17.4382
111.763
109.385
7.92644
-45.9734
-26.9499
-68.9601
-213.221
-332.911
-340.044
-285.352
-243.342
-166.455
30.9131
306.753
550.095
751.427
1002.69
1289.63
1499.68
1603.52
1628.88
1599.56
1526.63
1400.6
1208.78
982.879
758.561
526.316
287.73
87.1909
-49.9366
-161.699
-281.389
-420.101
-518.389
-579.423
-700.698
-875.079
-999.524
-1082.75
-1185.8
-1298.35
-1360.18
-1327.68
-1251.59
-1201.65
-1122.38
-949.588
-740.33
-561.192
-405.834
-267.121
-157.736
-95.91
-118.897
-208.465
-264.743
-327.362
-481.135
-622.226
-704.661
-806.119
-901.237
-912.334
-863.19
-791.059
-735.574
-740.33
-744.293
-695.149
-676.918
-697.527
-686.43
-658.687
-646.798
-611.129
-531.864
-413.76
-262.365
-72.1306
129.994
323.399
486.684
608.751
703.868
782.34
853.678
879.042
832.276
765.694
705.453
631.737
550.095
493.817
458.941
434.369
418.516
399.493
378.091
350.349
298.034
234.623
172.004
84.0203
-24.572
-132.372
-226.696
-281.389
-302.79
-286.145
-187.064
5.54851
205.295
371.75
561.192
777.584
992.391
1178.66
1292.8
1354.63
1411.7
1416.46
1325.3
1207.99
1092.26
928.186
765.694
662.651
564.363
458.148
382.847
327.362
282.974
251.268
189.442
72.9233
-72.9233
-245.72
-454.185
-637.286
-760.938
-861.604
-953.551
-1017.76
-1026.47
-966.233
-847.337
-692.771
-542.169
-401.871
-259.987
-146.639
-63.4115
-6.34115
-4.75587
-53.8998
-118.104
-173.589
-230.659
-278.218
-307.546
-332.118
-350.349
-359.86
-368.58
-393.944
-429.613
-474.001
-552.473
-645.212
-742.708
-847.337
-930.564
-1002.69
-1069.28
-1082.75
-1036.78
-962.27
-851.3
-674.54
-470.038
-270.292
-47.5587
163.285
336.081
514.426
658.687
715.758
745.086
751.427
703.868
664.236
667.406
649.176
603.995
567.533
511.256
443.088
409.797
386.81
347.178
305.168
248.89
149.017
42.8028
-19.0235
-66.5821
-103.836
-103.044
-91.9467
-78.4718
-38.8396
9.51173
48.3513
89.5688
124.445
143.469
160.907
181.516
204.502
223.526
247.305
283.767
321.814
355.105
384.432
407.419
416.138
402.663
359.86
280.596
181.516
62.6189
-68.9601
-198.954
-313.094
-414.553
-493.817
-544.547
-571.497
-571.497
-524.731
-439.918
-340.044
-221.94
-100.666
5.54851
112.555
215.599
290.108
345.593
388.396
397.907
367.787
325.777
261.573
172.004
87.9835
-3.17058
-102.251
-178.345
-241.756
-302.79
-344.8
-370.958
-397.907
-425.65
-447.051
-461.319
-473.209
-475.587
-469.245
-466.867
-456.563
-424.065
-357.483
-252.061
-105.422
59.4483
221.148
392.359
561.192
715.758
864.775
996.354
1072.45
1093.06
1058.18
963.855
825.935
653.932
446.259
223.526
7.92644
-194.198
-365.409
-512.048
-634.908
-714.172
-749.049
-750.634
-699.905
-622.226
-531.072
-424.857
-321.021
-210.051
-87.9835
27.7425
136.335
234.623
317.058
384.432
445.466
507.292
551.68
579.423
597.654
578.63
535.828
484.306
399.493
315.472
244.927
150.602
46.766
-56.2777
-172.796
-282.974
-376.506
-459.734
-531.072
-577.838
-594.483
-588.935
-550.888
-479.55
-398.7
-313.887
-225.111
-133.957
-42.8028
45.1807
126.03
188.649
222.733
229.074
212.429
185.479
145.847
91.1541
22.9867
-67.3748
-160.907
-252.061
-350.349
-426.443
-496.195
-575.46
-636.493
-688.808
-730.025
-734.781
-721.306
-705.453
-688.808
-684.845
-688.015
-676.126
-653.932
-619.848
-554.058
-449.429
-312.302
-149.81
43.5954
268.706
510.463
753.012
977.33
1167.56
1317.37
1418.04
1453.71
1422.8
1330.06
1167.56
951.173
709.417
464.49
236.208
38.0469
-124.445
-240.964
-312.302
-344.008
-351.141
-342.422
-313.887
-296.449
-295.656
-305.961
-324.984
-337.666
-340.044
-321.021
-279.803
-214.807
-109.385
45.1807
229.867
436.747
648.383
836.24
997.146
1100.19
1138.24
1123.18
1048.67
924.223
769.658
583.386
382.847
199.746
38.8396
-87.9835
-184.686
-253.646
-289.315
-317.058
-333.703
-344.008
-364.616
-384.432
-410.59
-448.637
-493.025
-529.486
-556.436
-550.095
-501.744
-430.406
-317.85
-174.382
-23.7793
125.238
282.181
423.272
527.108
602.41
634.908
608.751
541.376
430.406
275.84
115.726
-34.8763
-198.161
-343.215
-450.222
-536.62
-580.216
-587.349
-584.179
-565.948
-530.279
-498.573
-483.513
-474.794
-470.038
-482.72
-490.647
-474.794
-458.148
-424.857
-368.58
-302.79
-226.696
-145.054
-76.8865
-26.9499
6.34115
19.0235
2.37793
-44.3881
-114.141
-206.88
-310.717
-405.041
-494.61
-570.704
-618.263
-649.968
-661.065
-646.798
-613.507
-585.764
-559.607
-522.353
-498.573
-466.075
-417.724
-387.603
-333.703
-232.245
-126.03
6.34115
189.442
377.299
564.363
771.243
944.832
1070.86
1187.38
1255.55
1246.04
1198.48
1108.91
951.173
785.51
646.798
490.647
348.763
248.89
140.298
48.3513
-3.17058
-50.7292
-80.0571
-77.6791
-53.8998
-24.572
16.6455
77.6791
139.505
228.282
332.118
424.857
519.182
621.433
719.721
817.216
917.089
1004.28
1081.17
1141.41
1193.72
1218.29
1196.1
1146.16
1056.59
924.223
774.413
596.068
386.018
169.626
-33.2911
-236.208
-433.576
-603.202
-754.597
-870.323
-932.15
-974.16
-997.939
-971.782
-943.247
-909.163
-833.069
-754.597
-684.845
-603.202
-524.731
-450.222
-357.483
-254.439
-153.773
-44.3881
79.2644
190.235
279.803
355.897
390.774
378.091
329.74
219.562
53.8998
-149.81
-395.529
-665.029
-935.32
-1173.91
-1372.86
-1513.16
-1574.19
-1567.06
-1503.65
-1397.43
-1258.72
-1096.23
-925.808
-760.146
-615.092
-503.329
-420.101
-343.215
-285.352
-235.415
-190.235
-145.847
-90.3614
-32.4984
45.9734
124.445
194.99
254.439
289.315
306.753
290.9
235.415
149.81
34.8763
-88.7762
-208.465
-313.887
-385.225
-421.687
-427.235
-410.59
-370.958
-314.68
-246.512
-164.87
-72.1306
22.194
122.067
248.098
401.078
583.386
792.644
1009.04
1232.56
1451.33
1650.29
1802.47
1904.72
1954.66
1930.88
1850.82
1707.36
1514.74
1291.22
1051.05
814.046
591.313
400.285
263.158
171.211
126.823
118.897
130.786
168.833
210.843
240.964
264.743
277.425
281.389
287.73
301.997
321.814
359.068
417.724
491.439
579.423
664.236
734.781
776.791
780.755
735.574
640.457
501.744
327.362
121.275
-108.592
-341.63
-558.814
-753.805
-929.772
-1071.66
-1173.11
-1240.49
-1273.78
-1286.46
-1286.46
-1272.19
-1254.76
-1234.94
-1204.82
-1171.53
-1136.65
-1096.23
-1053.42
-1002.69
-936.906
-858.434
-765.694
-658.687
-539.791
-416.138
-292.486
-179.93
-91.1541
-26.1573
7.1338
0.792644
-49.9366
-137.92
-256.817
-395.529
-539.791
-684.845
-819.594
-928.186
-1004.28
-1047.08
-1055.01
-1032.02
-967.819
-859.226
-723.684
-563.57
-391.566
-224.318
-52.3145
112.555
265.536
405.041
531.072
630.152
708.624
764.109
796.607
811.668
803.741
772.828
728.44
681.674
622.226
558.814
492.232
428.821
370.165
324.984
290.108
259.195
248.89
256.024
267.914
286.145
301.997
309.131
306.753
303.583
309.924
330.533
395.529
507.292
638.871
800.571
990.013
1176.28
1353.04
1505.23
1606.69
1635.23
1590.04
1461.64
1230.18
921.845
573.874
194.99
-178.345
-484.306
-718.928
-870.323
-907.578
-845.751
-719.721
-546.925
-348.763
-164.077
-5.54851
114.141
171.211
159.321
103.836
18.2308
-80.8497
-173.589
-229.074
-245.72
-224.318
-147.432
-45.9734
64.2042
179.93
275.048
319.436
301.997
215.599
61.8263
-138.713
-370.165
-623.018
-879.835
-1109.7
-1300.73
-1439.44
-1508.4
-1518.71
-1473.53
-1376.82
-1244.45
-1080.37
-902.029
-722.099
-550.888
-404.249
-285.352
-190.235
-120.482
-59.4483
-8.71909
23.7793
50.7292
72.1306
101.458
142.676
194.198
253.646
314.68
377.299
435.162
479.55
515.219
534.242
530.279
513.633
484.306
439.125
384.432
329.74
279.803
248.098
243.342
263.158
309.131
378.091
463.697
554.851
645.212
722.892
777.584
798.193
787.888
748.256
674.54
587.349
485.098
368.58
256.024
147.432
49.1439
-31.7058
-99.0805
-161.699
-229.074
-304.375
-387.603
-472.416
-555.644
-628.567
-701.49
-763.316
-807.705
-833.069
-827.521
-798.193
-755.39
-703.868
-653.139
-600.032
-542.961
-482.72
-424.065
-379.677
-354.312
-339.252
-331.325
-331.325
-334.496
-348.763
-368.58
-390.774
-412.175
-435.954
-458.941
-484.306
-505.707
-515.219
-512.841
-487.476
-439.918
-366.994
-267.914
-151.395
-26.1573
110.97
248.098
387.603
524.731
642.834
741.915
818.009
864.775
890.932
902.029
900.444
892.517
875.872
857.641
842.581
831.484
833.069
847.337
860.812
880.628
887.762
875.872
859.226
821.972
773.621
712.587
630.152
539.791
451.807
370.958
309.924
273.462
256.024
271.084
303.583
351.934
425.65
500.159
568.326
623.018
646.798
639.664
598.446
516.804
401.078
259.195
95.1173
-69.7527
-231.452
-374.128
-477.172
-550.888
-587.349
-590.52
-574.667
-534.242
-486.684
-448.637
-416.931
-407.419
-424.857
-463.697
-531.864
-616.677
-699.905
-791.059
-863.982
-913.126
-942.454
-933.735
-898.066
-840.996
-755.39
-668.992
-590.52
-517.597
-477.172
-458.941
-470.831
-516.804
-588.142
-677.711
-779.169
-879.835
-974.16
-1054.22
-1099.4
-1122.38
-1106.53
-1058.97
-990.805
-896.481
-792.644
-681.674
-569.911
-465.282
-373.335
-292.486
-227.489
-176.76
-137.92
-114.933
-95.1173
-77.6791
-64.9968
-43.5954
-16.6455
22.9867
81.6424
149.81
225.111
306.753
390.774
472.416
553.266
616.677
671.37
705.453
718.928
715.758
688.808
657.102
625.396
597.654
574.667
573.874
597.654
653.932
735.574
844.959
975.745
1116.04
1259.51
1387.92
1499.68
1591.63
1656.63
1681.2
1663.76
1609.86
1515.54
1395.85
1255.55
1102.57
956.722
817.216
697.527
605.58
544.547
504.122
467.66
445.466
427.235
401.078
363.031
305.168
233.037
141.091
40.4249
-69.7527
-179.93
-268.706
-346.386
-404.249
-443.088
-453.393
-439.125
-409.004
-368.58
-327.362
-297.242
-279.011
-286.937
-317.058
-371.75
-456.563
-567.533
-695.149
-830.691
-965.441
-1094.64
-1211.95
-1311.03
-1388.71
-1438.65
-1460.05
-1455.29
-1426.76
-1378.41
-1321.34
-1262.68
-1200.06
-1137.44
-1078
-1020.93
-970.197
-921.053
-870.323
-820.387
-774.413
-724.477
-669.784
-611.921
-552.473
-485.891
-414.553
-336.874
-255.231
-177.552
-107.8
-44.3881
12.6823
57.863
91.1541
114.933
126.823
129.994
132.372
133.957
138.713
149.017
168.041
197.368
242.549
301.997
370.165
446.259
516.804
584.971
650.761
707.831
757.768
796.607
814.046
815.631
806.912
787.096
766.487
742.708
715.758
688.015
663.443
642.042
619.848
596.861
571.497
542.961
514.426
483.513
451.015
417.724
383.64
353.519
330.533
321.021
316.265
313.887
309.131
305.168
304.375
298.034
291.693
280.596
262.365
239.379
206.088
165.663
130.786
97.4952
72.9233
53.8998
38.0469
27.7425
22.194
19.0235
22.9867
33.2911
49.1439
64.2042
70.5453
65.7895
57.0704
38.8396
16.6455
-11.8897
-42.0101
-70.5453
-101.458
-135.542
-168.041
-198.954
-220.355
-230.659
-231.452
-219.562
-210.843
-207.673
-210.051
-215.599
-217.185
-221.94
-239.379
-269.499
-309.924
-352.727
-388.396
-414.553
-425.65
-420.894
-409.797
-385.225
-348.763
-301.205
-242.549
-185.479
-129.201
-74.5086
-36.4616
-11.8897
-1.58529
-6.34115
-26.1573
-56.2777
-97.4952
-141.883
-189.442
-239.379
-287.73
-332.118
-363.824
-378.091
-378.884
-365.409
-340.044
-313.094
-282.181
-244.927
-201.332
-150.602
-105.422
-69.7527
-43.5954
-19.8161
6.34115
28.5352
49.1439
69.7527
87.1909
95.1173
90.3614
81.6424
61.8263
37.2543
9.51173
-21.4014
-58.6557
-101.458
-140.298
-175.967
-202.124
-219.562
-230.659
-230.659
-215.599
-191.82
-162.492
-129.201
-86.3982
-36.4616
15.8529
72.1306
130.786
191.82
255.231
321.814
393.152
462.904
519.975
557.229
572.289
568.326
546.132
509.67
457.356
389.188
313.887
221.148
130.786
43.5954
-34.8763
-95.1173
-143.469
-175.967
-188.649
-184.686
-173.589
-152.188
-126.03
-94.3247
-57.0704
-26.1573
10.3044
49.9366
93.532
153.773
236.208
334.496
451.015
578.63
708.624
826.728
922.638
985.257
1004.28
977.33
908.37
796.607
641.249
456.563
252.061
47.5587
-147.432
-314.68
-442.295
-518.389
-543.754
-516.804
-443.088
-340.837
-225.111
-110.178
-5.54851
77.6791
138.713
169.626
172.796
150.602
113.348
66.5821
18.2308
-17.4382
-51.5219
-76.0938
-85.6056
-88.7762
-87.1909
-88.7762
-103.836
-134.75
-186.271
-263.158
-359.068
-474.001
-601.617
-728.44
-850.507
-958.307
-1041.53
-1095.43
-1105.74
-1080.37
-1020.13
-935.32
-830.691
-709.417
-575.46
-439.918
-309.924
-187.064
-80.8497
15.0602
90.3614
145.054
180.723
200.539
209.258
208.465
205.295
195.783
181.516
160.114
140.298
122.86
108.592
95.1173
80.0571
67.3748
59.4483
52.3145
54.6925
58.6557
66.5821
84.0203
105.422
132.372
166.455
202.917
234.623
267.121
293.278
314.68
331.325
336.874
336.874
322.606
306.753
283.767
256.817
225.904
187.857
148.224
110.178
77.6791
45.1807
24.572
7.1338
-5.54851
-15.8529
-27.7425
-33.2911
-36.4616
-39.6322
-38.0469
-34.8763
-31.7058
-22.194
-10.3044
0.792644
17.4382
36.4616
57.863
88.7762
125.238
164.077
207.673
240.171
263.951
279.011
281.389
272.67
247.305
214.807
182.308
149.81
122.067
93.532
62.6189
42.0101
24.572
17.4382
24.572
35.669
51.5219
60.241
69.7527
71.338
66.5821
60.241
44.3881
27.7425
7.92644
-7.1338
-19.8161
-30.9131
-38.8396
-45.9734
-45.1807
-39.6322
-27.7425
-8.71909
10.3044
28.5352
42.0101
40.4249
33.2911
18.2308
-4.75587
-28.5352
-56.2777
-82.435
-107.007
-129.994
-146.639
-159.321
-162.492
-160.114
-153.773
-140.298
-126.03
-107.8
-97.4952
-84.8129
-73.7159
-65.7895
-54.6925
-54.6925
-56.2777
-62.6189
-76.0938
-95.1173
-124.445
-156.944
-190.235
-226.696
-262.365
-293.278
-316.265
-324.192
-323.399
-316.265
-305.961
-290.9
-267.914
-243.342
-216.392
-191.027
-168.833
-158.529
-158.529
-168.041
-184.686
-202.124
-215.599
-223.526
-224.318
-212.429
-187.857
-153.773
-112.555
-65.7895
-16.6455
34.0837
84.8129
135.542
181.516
218.77
244.134
248.098
239.379
213.221
176.76
137.92
97.4952
70.5453
49.1439
40.4249
46.766
66.5821
96.7026
130.786
169.626
210.843
248.89
277.425
294.071
304.375
306.753
299.62
289.315
268.706
243.342
220.355
201.332
187.857
172.004
165.663
175.174
194.99
220.355
247.305
278.218
305.168
329.74
347.178
353.519
351.934
344.8
330.533
314.68
292.486
263.951
230.659
198.161
165.663
133.957
110.178
91.1541
84.0203
82.435
82.435
84.8129
87.1909
91.9467
90.3614
77.6791
58.6557
30.1205
-3.17058
-35.669
-63.4115
-79.2644
-93.532
-104.629
-115.726
-129.994
-139.505
-154.566
-176.76
-201.332
-228.282
-253.646
-279.803
-298.827
-313.094
-330.533
-345.593
-361.446
-376.506
-390.774
-409.004
-422.479
-430.406
-436.747
-440.71
-435.954
-428.028
-414.553
-400.285
-386.018
-371.75
-366.994
-359.86
-355.105
-356.69
-359.86
-371.75
-383.64
-393.152
-402.663
-401.871
-396.322
-382.847
-363.824
-346.386
-327.362
-302.79
-273.462
-238.586
-197.368
-152.188
-103.836
-47.5587
9.51173
65.7895
125.238
179.138
225.904
266.328
294.071
314.68
327.362
339.252
352.727
366.202
382.055
399.493
412.968
424.857
433.576
438.332
449.429
454.185
457.356
460.526
456.563
453.393
448.637
445.466
446.259
446.259
443.881
442.295
440.71
439.125
436.747
433.576
431.198
431.198
431.198
430.406
423.272
409.004
392.359
366.202
334.496
297.242
249.683
202.124
153.773
102.251
55.4851
12.6823
-26.9499
-59.4483
-87.9835
-114.933
-137.92
-157.736
-175.174
-191.82
-205.295
-221.94
-234.623
-244.134
-250.476
-256.024
-256.024
-251.268
-244.927
-237.793
-237.001
-238.586
-237.793
-237.001
-235.415
-232.245
-237.793
-244.927
-251.268
-265.536
-285.352
-305.961
-332.118
-351.934
-370.958
-389.981
-399.493
-408.212
-410.59
-405.834
-398.7
-384.432
-370.165
-351.934
-328.155
-307.546
-281.389
-257.609
-239.379
-219.562
-205.295
-194.99
-187.857
-182.308
-176.76
-166.455
-160.114
-154.566
-141.091
-128.408
-109.385
-88.7762
-68.1674
-42.8028
-15.0602
15.8529
42.8028
69.7527
93.532
118.104
137.127
152.98
164.077
172.004
179.93
181.516
185.479
190.235
196.576
205.295
216.392
229.074
243.342
266.328
293.278
317.85
343.215
366.202
386.018
405.834
420.101
430.406
435.954
432.784
427.235
416.138
405.834
392.359
368.58
344.8
317.058
285.352
256.024
225.111
200.539
177.552
152.98
137.127
120.482
104.629
87.1909
69.7527
56.2777
37.2543
18.2308
-1.58529
-28.5352
-49.9366
-67.3748
-81.6424
-91.1541
-101.458
-109.385
-107.007
-103.836
-99.0805
-94.3247
-91.9467
-90.3614
-91.1541
-92.7394
-95.91
-94.3247
-94.3247
-91.9467
-88.7762
-86.3982
-84.8129
-84.8129
-89.5688
-99.8732
-114.141
-132.372
-151.395
-171.211
-192.613
-206.88
-214.014
-221.94
-228.282
-234.623
-244.134
-250.476
-254.439
-251.268
-244.134
-230.659
-214.014
-191.82
-162.492
-132.372
-100.666
-72.9233
-50.7292
-31.7058
-17.4382
-7.1338
-0.792644
0
-3.17058
-4.75587
-9.51173
-17.4382
-21.4014
-24.572
-27.7425
-30.1205
-30.1205
-22.9867
-13.475
0
19.0235
42.0101
63.4115
84.0203
101.458
111.763
111.763
99.0805
78.4718
49.9366
12.6823
-24.572
-59.4483
-90.3614
-117.311
-133.957
-144.261
-145.054
-137.92
-121.275
-94.3247
-62.6189
-26.9499
12.6823
54.6925
95.1173
127.616
152.98
168.833
173.589
169.626
152.188
127.616
93.532
52.3145
14.2676
-23.7793
-52.3145
-68.1674
-72.9233
-64.9968
-46.766
-23.7793
0
28.5352
57.0704
81.6424
99.8732
112.555
114.141
110.178
104.629
88.7762
73.7159
53.1072
36.4616
22.9867
14.2676
15.0602
22.194
37.2543
53.1072
66.5821
86.3982
100.666
113.348
124.445
128.408
128.408
120.482
115.726
107.8
100.666
95.1173
84.8129
78.4718
72.9233
67.3748
64.2042
62.6189
59.4483
57.863
58.6557
63.4115
72.1306
76.8865
84.8129
88.7762
89.5688
93.532
91.9467
96.7026
106.214
109.385
113.348
110.97
109.385
103.044
88.7762
71.338
47.5587
24.572
0
-23.7793
-41.2175
-55.4851
-67.3748
-76.0938
-84.8129
-94.3247
-108.592
-121.275
-127.616
-142.676
-154.566
-169.626
-189.442
-205.295
-225.111
-245.72
-268.706
-292.486
-313.887
-333.703
-344.008
-352.727
-358.275
-356.69
-350.349
-340.044
-319.436
-293.278
-267.121
-239.379
-218.77
-206.088
-192.613
-183.893
-176.76
-173.589
-174.382
-179.138
-182.308
-177.552
-168.041
-155.358
-139.505
-123.653
-107.8
-89.5688
-72.9233
-53.8998
-34.8763
-18.2308
-2.37793
9.51173
17.4382
17.4382
12.6823
3.17058
-0.792644
-1.58529
3.17058
19.0235
42.8028
70.5453
103.836
137.92
175.967
217.977
255.231
300.412
340.044
380.469
415.346
443.088
467.66
477.964
489.854
496.195
501.744
507.292
509.67
510.463
508.085
504.122
497.781
485.098
474.794
451.015
424.065
393.944
356.69
324.984
293.278
262.365
234.623
211.636
189.442
172.004
152.188
137.127
126.03
117.311
119.689
114.141
112.555
107.007
96.7026
87.9835
73.7159
57.0704
27.7425
-11.8897
-57.0704
-99.0805
-135.542
-169.626
-195.783
-225.111
-258.402
-296.449
-338.459
-375.713
-414.553
-447.844
-479.55
-513.633
-537.413
-564.363
-584.971
-600.032
-614.299
-624.604
-629.36
-619.055
-601.617
-574.667
-541.376
-504.914
-469.245
-435.162
-401.871
-370.958
-343.215
-319.436
-298.827
-277.425
-255.231
-229.074
-203.71
-178.345
-157.736
-144.261
-126.823
-114.141
-96.7026
-80.0571
-63.4115
-44.3881
-26.9499
-4.75587
20.6088
48.3513
80.8497
115.726
156.151
198.954
238.586
272.67
306.753
329.74
342.422
345.593
335.289
324.192
310.717
301.205
298.827
298.034
295.656
300.412
313.094
327.362
344.8
354.312
361.446
362.238
352.727
340.837
319.436
294.071
269.499
244.927
229.074
221.148
217.977
222.733
233.83
252.854
274.255
290.108
300.412
301.997
293.278
279.011
259.987
231.452
206.88
168.833
127.616
91.9467
55.4851
29.3278
6.34115
-7.1338
-19.0235
-29.3278
-41.2175
-52.3145
-68.9601
-90.3614
-107.8
-122.86
-140.298
-155.358
-175.967
-196.576
-217.977
-239.379
-250.476
-256.817
-260.78
-262.365
-264.743
-263.158
-259.987
-255.231
-246.512
-239.379
-236.208
-235.415
-237.001
-248.098
-258.402
-270.292
-279.803
-278.218
-273.462
-259.987
-244.927
-231.452
-216.392
-194.198
-171.211
-143.469
-114.933
-90.3614
-64.9968
-44.3881
-20.6088
4.75587
22.194
40.4249
61.0336
78.4718
97.4952
111.763
120.482
129.994
129.201
126.03
121.275
113.348
104.629
99.0805
93.532
96.7026
103.044
104.629
110.178
107.8
107.007
106.214
97.4952
85.6056
69.7527
51.5219
34.0837
16.6455
5.54851
-2.37793
-13.475
-19.0235
-18.2308
-18.2308
-16.6455
-18.2308
-24.572
-29.3278
-34.8763
-45.9734
-57.0704
-80.0571
-100.666
-113.348
-119.689
-114.933
-108.592
-99.8732
-88.7762
-75.3012
-60.241
-43.5954
-26.9499
-11.097
0.792644
9.51173
17.4382
21.4014
22.194
18.2308
13.475
7.1338
0.792644
4.75587
15.0602
34.8763
64.9968
96.7026
128.408
153.773
170.419
175.967
174.382
170.419
167.248
163.285
156.151
148.224
139.505
133.957
121.275
107.8
94.3247
70.5453
49.1439
31.7058
16.6455
8.71909
2.37793
-5.54851
-11.097
-22.194
-36.4616
-44.3881
-51.5219
-53.1072
-53.1072
-50.7292
-39.6322
-26.9499
-8.71909
6.34115
20.6088
36.4616
44.3881
50.7292
53.8998
53.8998
54.6925
52.3145
44.3881
35.669
28.5352
21.4014
16.6455
15.0602
15.8529
13.475
11.097
12.6823
10.3044
7.1338
7.1338
12.6823
16.6455
22.194
25.3646
24.572
29.3278
26.1573
12.6823
0
-17.4382
-32.4984
-49.1439
-63.4115
-74.5086
-87.1909
-101.458
-114.933
-127.616
-137.127
-143.469
-146.639
-145.847
-143.469
-141.883
-143.469
-144.261
-147.432
-158.529
-171.211
-187.857
-206.088
-222.733
-240.171
-252.854
-260.78
-267.914
-268.706
-267.121
-263.951
-254.439
-237.793
-217.185
-188.649
-157.736
-129.201
-98.2879
-72.1306
-57.863
-50.7292
-42.0101
-40.4249
-34.8763
-29.3278
-20.6088
-2.37793
12.6823
29.3278
43.5954
55.4851
70.5453
89.5688
111.763
141.883
176.76
213.221
248.89
279.011
298.034
308.339
310.717
303.583
294.071
283.767
271.877
267.914
263.951
259.987
260.78
263.158
265.536
273.462
281.389
292.486
305.961
317.058
322.606
323.399
319.436
305.168
288.523
265.536
237.793
215.599
192.613
178.345
172.796
169.626
166.455
160.907
146.639
128.408
107.007
84.0203
68.1674
59.4483
51.5219
45.9734
35.669
19.8161
5.54851
-15.8529
-41.2175
-57.863
-81.6424
-105.422
-121.275
-147.432
-169.626
-186.271
-210.843
-229.867
-253.646
-279.011
-292.486
-299.62
-301.997
-294.071
-284.559
-278.218
-271.877
-271.877
-277.425
-282.181
-292.486
-301.205
-305.961
-312.302
-314.68
-313.887
-309.924
-301.205
-294.071
-286.145
-279.011
-274.255
-268.706
-263.158
-255.231
-247.305
-237.001
-226.696
-221.148
-211.636
-202.917
-194.99
-179.93
-163.285
-141.091
-118.897
-96.7026
-76.0938
-55.4851
-34.0837
-14.2676
7.1338
27.7425
46.766
65.7895
85.6056
104.629
124.445
137.92
149.81
159.321
164.077
170.419
171.211
172.004
175.174
177.552
179.138
182.308
179.138
172.004
169.626
167.248
172.004
181.516
191.82
200.539
205.295
206.088
204.502
203.71
202.917
214.807
229.074
247.305
266.328
275.84
286.145
286.937
279.803
267.914
249.683
229.867
212.429
202.917
191.027
182.308
168.833
147.432
122.86
95.1173
70.5453
51.5219
39.6322
39.6322
42.0101
42.8028
43.5954
34.0837
23.7793
14.2676
-0.792644
-8.71909
-9.51173
-9.51173
-3.96322
-0.792644
0
-1.58529
-7.92644
-16.6455
-33.2911
-50.7292
-64.2042
-74.5086
-73.7159
-70.5453
-69.7527
-67.3748
-71.338
-75.3012
-83.2276
-90.3614
-99.0805
-108.592
-120.482
-134.75
-149.017
-165.663
-177.552
-187.857
-190.235
-182.308
-171.211
-149.81
-125.238
-98.2879
-70.5453
-46.766
-26.9499
-11.8897
-3.17058
-7.92644
-17.4382
-32.4984
-51.5219
-74.5086
-99.0805
-124.445
-142.676
-159.321
-172.796
-176.76
-179.138
-174.382
-168.833
-160.114
-148.224
-137.92
-126.823
-114.933
-111.763
-108.592
-104.629
-105.422
-102.251
-99.8732
-95.91
-88.7762
-83.2276
-76.8865
-69.7527
-68.1674
-61.8263
-52.3145
-39.6322
-19.0235
0
15.0602
32.4984
42.8028
49.1439
53.1072
48.3513
42.8028
32.4984
20.6088
9.51173
-6.34115
-20.6088
-32.4984
-42.0101
-45.9734
-40.4249
-34.0837
-19.0235
0
24.572
53.1072
84.0203
116.519
140.298
160.907
175.174
183.893
184.686
172.796
160.907
141.091
124.445
114.141
104.629
95.1173
90.3614
88.7762
91.9467
101.458
113.348
131.579
152.98
179.93
204.502
221.94
233.83
237.793
234.623
229.074
218.77
206.88
193.405
187.064
184.686
185.479
189.442
191.027
191.82
196.576
206.88
218.77
229.867
237.793
240.171
235.415
228.282
209.258
181.516
145.847
107.007
72.9233
36.4616
7.1338
-20.6088
-43.5954
-61.8263
-80.0571
-93.532
-108.592
-117.311
-124.445
-126.03
-122.86
-125.238
-132.372
-149.017
-164.87
-186.271
-212.429
-240.171
-272.67
-301.997
-326.569
-345.593
-359.068
-376.506
-389.981
-394.737
-397.115
-388.396
-378.091
-368.58
-357.483
-347.178
-340.044
-336.874
-334.496
-336.874
-330.533
-323.399
-315.472
-298.827
-286.937
-270.292
-250.476
-233.037
-205.295
-182.308
-160.114
-133.957
-109.385
-76.8865
-47.5587
-21.4014
1.58529
18.2308
34.0837
52.3145
64.9968
76.8865
89.5688
99.0805
110.97
125.238
137.92
154.566
168.041
178.345
189.442
198.954
209.258
222.733
233.83
244.927
253.646
261.573
269.499
274.255
275.84
277.425
272.67
266.328
260.78
253.646
246.512
241.756
232.245
224.318
215.599
203.71
193.405
181.516
174.382
166.455
160.907
153.773
147.432
145.847
141.883
133.957
122.86
111.763
99.0805
85.6056
72.9233
60.241
52.3145
44.3881
34.8763
30.1205
22.194
20.6088
23.7793
22.194
24.572
25.3646
28.5352
31.7058
29.3278
30.1205
26.9499
20.6088
10.3044
-1.58529
-14.2676
-25.3646
-33.2911
-41.2175
-46.766
-52.3145
-50.7292
-47.5587
-45.9734
-45.1807
-45.9734
-45.1807
-45.9734
-46.766
-51.5219
-57.863
-66.5821
-74.5086
-84.0203
-93.532
-102.251
-110.97
-120.482
-126.03
-127.616
-131.579
-132.372
-136.335
-137.92
-136.335
-135.542
-129.201
-131.579
-133.957
-134.75
-139.505
-144.261
-152.98
-163.285
-174.382
-184.686
-188.649
-191.027
-190.235
-183.101
-175.174
-160.114
-143.469
-126.823
-111.763
-98.2879
-84.0203
-70.5453
-60.241
-52.3145
-46.766
-42.8028
-37.2543
-30.1205
-24.572
-22.194
-21.4014
-18.2308
-13.475
-7.1338
0.792644
4.75587
11.097
17.4382
25.3646
38.8396
52.3145
65.7895
78.4718
86.3982
95.1173
99.0805
104.629
103.044
96.7026
87.1909
78.4718
72.1306
68.1674
64.9968
60.241
58.6557
58.6557
61.0336
64.9968
72.9233
78.4718
81.6424
87.1909
90.3614
94.3247
92.7394
89.5688
80.8497
67.3748
53.8998
42.8028
26.1573
10.3044
-3.17058
-13.475
-13.475
-12.6823
-6.34115
3.17058
13.475
30.1205
48.3513
61.8263
74.5086
84.0203
85.6056
87.9835
87.9835
83.2276
76.0938
63.4115
50.7292
42.0101
36.4616
34.0837
31.7058
32.4984
38.8396
49.1439
60.241
72.1306
80.0571
89.5688
96.7026
103.044
109.385
110.178
110.178
110.178
112.555
115.726
118.897
118.897
117.311
114.141
109.385
108.592
107.007
106.214
100.666
92.7394
87.1909
83.2276
80.8497
76.0938
71.338
64.2042
56.2777
47.5587
41.2175
34.0837
20.6088
4.75587
-10.3044
-26.9499
-46.766
-64.2042
-84.8129
-103.044
-120.482
-137.92
-155.358
-172.796
-191.82
-209.258
-221.94
-233.037
-244.927
-263.158
-279.011
-292.486
-304.375
-312.302
-319.436
-327.362
-332.911
-342.422
-351.934
-356.69
-358.275
-358.275
-357.483
-359.86
-358.275
-351.934
-341.63
-326.569
-311.509
-295.656
-277.425
-258.402
-229.074
-203.71
-182.308
-155.358
-126.03
-95.91
-66.5821
-45.1807
-22.194
1.58529
26.1573
52.3145
73.7159
95.91
118.104
141.091
166.455
196.576
223.526
251.268
272.67
293.278
312.302
330.533
348.763
363.824
370.958
376.506
384.432
388.396
388.396
382.847
372.543
365.409
361.446
355.105
350.349
343.215
336.081
332.118
324.192
315.472
300.412
279.803
259.195
235.415
216.392
201.332
180.723
164.077
149.81
140.298
130.786
122.86
112.555
91.9467
76.0938
61.0336
47.5587
33.2911
15.8529
-3.17058
-22.194
-36.4616
-45.9734
-57.863
-68.9601
-80.0571
-84.8129
-84.8129
-82.435
-77.6791
-73.7159
-74.5086
-73.7159
-73.7159
-78.4718
-83.2276
-92.7394
-101.458
-107.8
-108.592
-106.214
-109.385
-117.311
-123.653
-128.408
-131.579
-135.542
-141.883
-153.773
-164.87
-175.174
-180.723
-185.479
-191.027
-199.746
-209.258
-215.599
-221.94
-229.074
-237.793
-248.89
-258.402
-261.573
-260.78
-261.573
-259.987
-259.987
-258.402
-250.476
-239.379
-223.526
-207.673
-193.405
-175.174
-160.907
-145.054
-129.994
-119.689
-110.97
-101.458
-88.7762
-76.0938
-64.2042
-54.6925
-45.9734
-37.2543
-24.572
-11.097
3.96322
18.2308
26.1573
32.4984
39.6322
48.3513
53.1072
55.4851
55.4851
58.6557
67.3748
76.0938
88.7762
99.8732
108.592
113.348
118.104
124.445
133.164
143.469
144.261
146.639
153.773
157.736
162.492
164.87
165.663
171.211
176.76
181.516
186.271
191.82
196.576
198.161
198.161
194.198
190.235
186.271
181.516
180.723
183.101
181.516
175.967
168.833
166.455
166.455
167.248
161.699
152.188
145.847
133.957
121.275
107.8
89.5688
76.8865
62.6189
49.1439
39.6322
32.4984
26.9499
20.6088
16.6455
12.6823
7.92644
1.58529
-8.71909
-16.6455
-21.4014
-24.572
-32.4984
-42.8028
-56.2777
-68.1674
-77.6791
-86.3982
-92.7394
-98.2879
-105.422
-110.178
-111.763
-111.763
-110.97
-114.141
-118.104
-126.823
-128.408
-126.823
-122.067
-116.519
-110.97
-102.251
-91.1541
-80.0571
-66.5821
-54.6925
-47.5587
-42.0101
-40.4249
-38.8396
-37.2543
-34.0837
-28.5352
-26.1573
-24.572
-25.3646
-28.5352
-29.3278
-26.9499
-24.572
-25.3646
-24.572
-23.7793
-22.9867
-22.9867
-26.1573
-30.1205
-38.0469
-43.5954
-48.3513
-53.1072
-61.0336
-72.9233
-85.6056
-95.91
-104.629
-112.555
-121.275
-122.86
-123.653
-126.03
-126.823
-128.408
-128.408
-127.616
-124.445
-118.104
-113.348
-104.629
-94.3247
-85.6056
-75.3012
-68.9601
-62.6189
-53.8998
-44.3881
-28.5352
-18.2308
-9.51173
2.37793
15.8529
30.9131
48.3513
56.2777
57.863
58.6557
57.863
63.4115
70.5453
78.4718
87.1909
95.1173
107.007
115.726
124.445
137.92
147.432
156.944
164.077
171.211
176.76
179.93
184.686
189.442
195.783
198.954
202.917
201.332
198.954
191.82
185.479
180.723
172.004
169.626
164.077
162.492
158.529
149.017
136.335
118.104
99.8732
83.2276
63.4115
45.9734
33.2911
18.2308
7.1338
-3.17058
-12.6823
-22.194
-34.8763
-40.4249
-48.3513
-57.0704
-64.2042
-73.7159
-80.0571
-85.6056
-89.5688
-94.3247
-92.7394
-92.7394
-91.9467
-89.5688
-88.7762
-87.9835
-87.9835
-84.8129
-84.8129
-84.8129
-79.2644
-76.0938
-72.1306
-70.5453
-68.9601
-71.338
-76.0938
-80.8497
-88.7762
-96.7026
-98.2879
-96.7026
-96.7026
-93.532
-94.3247
-97.4952
-103.044
-106.214
-107.8
-110.178
-108.592
-104.629
-98.2879
-92.7394
-87.9835
-86.3982
-84.8129
-85.6056
-89.5688
-91.9467
-94.3247
-91.1541
-85.6056
-77.6791
-67.3748
-59.4483
-51.5219
-45.1807
-44.3881
-45.1807
-45.9734
-49.9366
-55.4851
-59.4483
-64.2042
-64.9968
-66.5821
-64.9968
-56.2777
-48.3513
-38.0469
-30.1205
-22.9867
-15.0602
-8.71909
-3.96322
0.792644
9.51173
19.8161
31.7058
44.3881
61.0336
80.0571
93.532
103.044
110.178
119.689
127.616
134.75
145.054
156.944
172.796
187.064
198.954
206.88
211.636
214.807
217.977
221.148
223.526
228.282
228.282
223.526
217.977
210.843
202.917
194.99
187.857
178.345
170.419
160.114
151.395
139.505
126.03
114.933
100.666
87.1909
76.0938
62.6189
45.9734
30.9131
16.6455
2.37793
-11.8897
-26.9499
-40.4249
-53.8998
-66.5821
-77.6791
-89.5688
-99.0805
-106.214
-118.104
-126.823
-133.164
-137.92
-140.298
-147.432
-155.358
-156.944
-159.321
-159.321
-164.87
-172.004
-177.552
-182.308
-183.101
-184.686
-185.479
-187.857
-183.101
-178.345
-172.004
-160.907
-153.773
-145.847
-136.335
-124.445
-111.763
-103.836
-94.3247
-86.3982
-81.6424
-75.3012
-64.2042
-56.2777
-47.5587
-38.8396
-30.9131
-22.194
-12.6823
-6.34115
-3.96322
-2.37793
0.792644
3.96322
3.17058
3.96322
5.54851
4.75587
9.51173
11.8897
13.475
14.2676
16.6455
20.6088
24.572
26.1573
29.3278
31.7058
35.669
42.8028
49.1439
57.863
64.9968
69.7527
77.6791
82.435
84.0203
86.3982
91.1541
93.532
94.3247
93.532
91.9467
90.3614
86.3982
84.0203
80.0571
76.8865
74.5086
69.7527
64.9968
61.0336
57.0704
53.8998
48.3513
45.1807
42.0101
38.8396
35.669
34.0837
32.4984
33.2911
34.8763
38.8396
41.2175
42.8028
47.5587
52.3145
57.863
58.6557
58.6557
57.0704
55.4851
54.6925
48.3513
42.8028
37.2543
32.4984
30.1205
23.7793
13.475
4.75587
-3.96322
-8.71909
-14.2676
-22.9867
-30.1205
-34.0837
-37.2543
-35.669
-35.669
-39.6322
-42.8028
-45.1807
-46.766
-45.9734
-45.9734
-47.5587
-45.9734
-45.9734
-45.1807
-42.8028
-41.2175
-39.6322
-38.8396
-36.4616
-31.7058
-26.9499
-24.572
-22.9867
-20.6088
-17.4382
-16.6455
-16.6455
-15.0602
-10.3044
-7.92644
-7.1338
-5.54851
-6.34115
-10.3044
-11.8897
-15.0602
-19.8161
-24.572
-26.1573
-26.9499
-30.1205
-30.9131
-30.9131
-30.9131
-28.5352
-27.7425
-26.9499
-25.3646
-22.194
-11.8897
-3.96322
-0.792644
0.792644
-0.792644
0
0
-5.54851
-8.71909
-6.34115
-5.54851
-2.37793
-1.58529
-4.75587
-3.96322
-5.54851
-5.54851
-3.17058
-0.792644
0.792644
4.75587
10.3044
13.475
17.4382
18.2308
18.2308
16.6455
11.097
7.1338
3.17058
0.792644
0
-0.792644
-2.37793
-1.58529
3.17058
5.54851
9.51173
8.71909
6.34115
7.92644
6.34115
3.96322
2.37793
1.58529
1.58529
1.58529
5.54851
7.1338
9.51173
13.475
13.475
15.0602
14.2676
13.475
15.0602
18.2308
16.6455
17.4382
16.6455
18.2308
22.194
22.194
21.4014
19.0235
15.8529
16.6455
19.0235
20.6088
22.194
21.4014
23.7793
26.1573
30.9131
32.4984
32.4984
29.3278
25.3646
22.194
20.6088
22.9867
26.1573
28.5352
30.1205
32.4984
37.2543
41.2175
43.5954
41.2175
38.8396
42.0101
42.0101
45.9734
46.766
42.8028
38.8396
37.2543
34.0837
27.7425
23.7793
14.2676
6.34115
1.58529
-3.17058
-4.75587
-6.34115
-9.51173
-12.6823
-16.6455
-22.194
-26.1573
-30.9131
-42.0101
-48.3513
-57.863
-63.4115
-66.5821
-71.338
-76.8865
-83.2276
-89.5688
-96.7026
-102.251
-109.385
-116.519
-125.238
-128.408
-129.201
-129.994
-126.823
-127.616
-133.164
-136.335
-141.091
-145.054
-145.054
-147.432
-145.847
-144.261
-139.505
-133.957
-123.653
-114.933
-106.214
-98.2879
-87.9835
-79.2644
-71.338
-61.0336
-55.4851
-48.3513
-34.0837
-19.8161
-3.17058
11.8897
20.6088
30.9131
41.2175
50.7292
61.0336
71.338
80.0571
91.9467
106.214
118.104
133.164
145.054
150.602
155.358
158.529
161.699
166.455
172.004
176.76
183.893
188.649
194.198
198.954
201.332
201.332
198.161
195.783
192.613
188.649
187.857
184.686
177.552
172.796
163.285
156.944
147.432
138.713
127.616
115.726
103.044
89.5688
80.8497
68.1674
56.2777
42.8028
28.5352
15.8529
2.37793
-13.475
-26.9499
-43.5954
-57.0704
-66.5821
-78.4718
-89.5688
-99.8732
-110.178
-117.311
-126.823
-134.75
-144.261
-156.151
-165.663
-174.382
-179.138
-185.479
-187.064
-186.271
-183.893
-179.138
-173.589
-167.248
-164.87
-160.114
-156.151
-152.188
-145.054
-134.75
-124.445
-110.178
-96.7026
-84.8129
-71.338
-57.863
-46.766
-35.669
-25.3646
-15.0602
-2.37793
7.1338
19.8161
30.9131
37.2543
46.766
53.8998
62.6189
68.1674
71.338
76.8865
76.8865
81.6424
83.2276
85.6056
84.8129
83.2276
81.6424
81.6424
80.8497
79.2644
77.6791
74.5086
70.5453
65.7895
57.863
49.1439
39.6322
34.8763
29.3278
22.9867
18.2308
12.6823
6.34115
-0.792644
-7.1338
-18.2308
-26.9499
-36.4616
-44.3881
-50.7292
-57.863
-62.6189
-66.5821
-72.1306
-74.5086
-76.0938
-78.4718
-80.8497
-76.8865
-76.0938
-76.8865
-72.1306
-68.9601
-63.4115
-57.863
-53.8998
-46.766
-40.4249
-34.0837
-22.9867
-17.4382
-9.51173
0.792644
8.71909
17.4382
26.1573
36.4616
44.3881
51.5219
61.0336
67.3748
70.5453
76.8865
78.4718
81.6424
84.0203
87.1909
89.5688
90.3614
91.9467
95.1173
95.91
93.532
91.9467
86.3982
83.2276
83.2276
80.8497
74.5086
70.5453
66.5821
61.0336
57.0704
51.5219
47.5587
40.4249
31.7058
24.572
18.2308
7.92644
4.75587
0.792644
-6.34115
-8.71909
-13.475
-18.2308
-21.4014
-25.3646
-29.3278
-35.669
-38.0469
-38.8396
-39.6322
-40.4249
-40.4249
-42.0101
-42.0101
-41.2175
-39.6322
-38.0469
-38.0469
-37.2543
-35.669
-34.0837
-31.7058
-31.7058
-31.7058
-29.3278
-26.9499
-27.7425
-27.7425
-27.7425
-26.9499
-26.9499
-26.9499
-27.7425
-30.1205
-30.9131
-30.9131
-30.1205
-30.9131
-28.5352
-31.7058
-33.2911
-34.0837
-35.669
-38.0469
-41.2175
-42.8028
-43.5954
-45.1807
-46.766
-45.1807
-43.5954
-42.8028
-41.2175
-43.5954
-45.9734
-46.766
-45.9734
-43.5954
-42.0101
-40.4249
-38.0469
-37.2543
-31.7058
-26.1573
-26.1573
-26.1573
-25.3646
-22.9867
-16.6455
-10.3044
-4.75587
0
3.96322
6.34115
11.097
12.6823
15.8529
20.6088
26.9499
32.4984
36.4616
39.6322
42.8028
47.5587
53.1072
56.2777
58.6557
58.6557
60.241
62.6189
69.7527
76.0938
78.4718
80.0571
77.6791
77.6791
78.4718
78.4718
76.8865
76.0938
76.8865
75.3012
73.7159
73.7159
72.9233
72.1306
72.1306
70.5453
64.2042
61.0336
58.6557
57.863
55.4851
50.7292
43.5954
35.669
28.5352
23.7793
22.194
19.8161
18.2308
16.6455
13.475
13.475
13.475
9.51173
3.17058
-1.58529
-5.54851
-9.51173
-15.8529
-23.7793
-32.4984
-38.8396
-44.3881
-48.3513
-53.8998
-59.4483
-62.6189
-64.2042
-64.9968
-64.2042
-64.9968
-64.9968
-66.5821
-68.9601
-71.338
-76.8865
-80.0571
-81.6424
-85.6056
-84.0203
-84.0203
-86.3982
-86.3982
-87.9835
-84.8129
-81.6424
-80.0571
-76.8865
-74.5086
-68.1674
-63.4115
-60.241
-58.6557
-55.4851
-52.3145
-49.9366
-43.5954
-40.4249
-36.4616
-30.1205
-22.9867
-14.2676
-8.71909
-5.54851
-1.58529
4.75587
11.097
20.6088
26.9499
35.669
41.2175
46.766
49.9366
53.1072
56.2777
57.863
62.6189
64.9968
68.1674
68.1674
69.7527
69.7527
67.3748
70.5453
67.3748
63.4115
61.0336
57.863
57.863
57.863
56.2777
52.3145
47.5587
45.9734
40.4249
35.669
28.5352
21.4014
15.8529
10.3044
5.54851
-0.792644
-3.96322
-7.92644
-11.097
-12.6823
-15.0602
-18.2308
-20.6088
-22.9867
-24.572
-25.3646
-27.7425
-29.3278
-29.3278
-27.7425
-28.5352
-26.9499
-27.7425
-28.5352
-26.9499
-25.3646
-19.8161
-15.0602
-9.51173
-2.37793
3.96322
10.3044
15.8529
20.6088
22.9867
21.4014
22.194
23.7793
23.7793
27.7425
29.3278
33.2911
34.8763
31.7058
28.5352
22.9867
21.4014
19.8161
18.2308
16.6455
12.6823
11.097
10.3044
11.097
9.51173
8.71909
6.34115
5.54851
5.54851
2.37793
-0.792644
-4.75587
-11.8897
-14.2676
-16.6455
-19.8161
-19.8161
-20.6088
-22.194
-22.9867
-25.3646
-27.7425
-31.7058
-34.0837
-34.8763
-33.2911
-33.2911
-34.8763
-34.0837
-34.8763
-36.4616
-38.8396
-42.8028
-47.5587
-52.3145
-54.6925
-53.8998
-53.1072
-51.5219
-49.9366
-45.9734
-41.2175
-36.4616
-31.7058
-27.7425
-22.194
-20.6088
-17.4382
-13.475
-14.2676
-11.097
-8.71909
-8.71909
-3.96322
-0.792644
-0.792644
2.37793
3.17058
4.75587
4.75587
5.54851
9.51173
10.3044
15.8529
23.7793
24.572
30.9131
34.0837
36.4616
42.8028
44.3881
45.1807
45.9734
42.8028
42.0101
42.8028
45.9734
51.5219
53.1072
57.0704
58.6557
59.4483
62.6189
64.9968
65.7895
64.9968
59.4483
56.2777
54.6925
54.6925
51.5219
46.766
45.9734
44.3881
42.0101
41.2175
38.8396
39.6322
34.0837
33.2911
32.4984
30.1205
29.3278
20.6088
14.2676
8.71909
0.792644
-4.75587
-7.92644
-12.6823
-17.4382
-22.194
-26.1573
-24.572
-25.3646
-27.7425
-27.7425
-29.3278
-30.9131
-32.4984
-36.4616
-40.4249
-44.3881
-47.5587
-49.9366
-51.5219
-51.5219
-52.3145
-50.7292
-51.5219
-45.9734
-42.8028
-41.2175
-39.6322
-44.3881
-41.2175
-38.8396
-39.6322
-34.8763
-30.9131
-23.7793
-15.8529
-8.71909
-3.17058
0.792644
0
-2.37793
-4.75587
-6.34115
-3.96322
-1.58529
1.58529
7.92644
11.097
16.6455
15.8529
17.4382
17.4382
14.2676
11.8897
11.097
12.6823
11.097
8.71909
7.92644
7.92644
6.34115
2.37793
-1.58529
-4.75587
-7.1338
-7.92644
-8.71909
-7.1338
-7.92644
-8.71909
-10.3044
-11.097
-15.0602
-18.2308
-20.6088
-26.1573
-25.3646
-22.9867
-21.4014
-23.7793
-26.1573
-26.1573
-27.7425
-25.3646
-23.7793
-25.3646
-23.7793
-23.7793
-22.9867
-22.9867
-26.1573
-24.572
-23.7793
-19.0235
-14.2676
-7.92644
-1.58529
-0.792644
3.17058
5.54851
7.92644
11.8897
17.4382
22.194
26.1573
26.9499
29.3278
32.4984
34.8763
37.2543
42.0101
47.5587
49.1439
50.7292
49.1439
45.1807
43.5954
45.1807
45.9734
49.9366
52.3145
53.1072
53.8998
53.8998
53.8998
