SAMPLES: 7967
BITSPERSAMPLE:	16
CHANNELS:	1
SAMPLERATE:	16000
NORMALIZED:	FALSE
1.95771
-2.61028
-6.52571
-9.136
-11.7463
-12.3989
-13.704
-16.3143
-16.9668
-16.3143
-16.9668
-20.2297
-23.4926
-26.1028
-26.1028
-25.4503
-26.1028
-26.1028
-28.7131
-31.3234
-30.6708
-34.5863
-37.1966
-40.4594
-45.0274
-47.6377
-48.9428
-52.8583
-54.816
-56.7737
-59.384
-59.384
-61.3417
-63.2994
-66.5623
-68.52
-70.4777
-72.4354
-73.088
-75.0457
-76.3508
-77.0034
-75.0457
-72.4354
-68.52
-63.952
-61.3417
-54.1634
-48.9428
-45.0274
-37.1966
-31.3234
-26.7554
-19.5771
-15.6617
-10.4411
-3.26286
2.61028
7.17828
12.3989
16.3143
19.5771
25.4503
31.3234
36.544
41.112
48.2903
54.1634
60.6891
65.9097
67.8674
70.4777
73.088
77.656
82.8765
89.4022
95.928
102.454
110.285
117.463
124.641
129.862
135.082
138.998
142.913
148.134
150.091
152.049
152.049
148.786
145.523
139.65
135.735
131.167
126.599
122.683
118.115
112.242
104.411
95.2754
82.8765
73.7405
62.6468
49.5954
39.8068
23.4926
9.136
-5.87314
-25.4503
-41.7646
-54.1634
-63.2994
-71.7828
-78.3085
-85.4868
-92.6651
-95.2754
-100.496
-107.022
-111.59
-118.768
-127.251
-134.43
-140.955
-150.091
-159.88
-172.279
-188.593
-199.687
-212.738
-225.79
-232.315
-240.146
-249.935
-255.808
-266.249
-277.995
-287.784
-296.267
-304.098
-305.403
-303.446
-304.098
-300.183
-298.878
-293.657
-284.521
-274.732
-261.681
-242.756
-224.484
-204.255
-181.415
-159.227
-134.43
-110.937
-82.8765
-52.2057
-19.5771
18.9246
71.1303
131.819
198.382
257.766
312.582
367.398
414.383
451.579
481.597
503.785
515.531
512.268
498.564
484.86
469.851
445.706
423.519
408.51
395.458
384.364
377.186
370.66
362.177
341.295
324.328
307.361
277.343
239.494
194.466
156.617
125.294
93.3177
69.8251
56.1211
50.9005
52.2057
58.0788
75.0457
95.2754
106.369
113.547
126.599
133.125
127.904
121.378
105.064
82.8765
58.7314
30.0183
3.26286
-28.7131
-71.1303
-109.632
-150.744
-191.856
-230.358
-276.038
-317.802
-359.567
-401.984
-442.443
-473.114
-493.344
-509.005
-520.752
-525.32
-521.404
-518.141
-509.658
-490.733
-472.461
-452.884
-432.002
-406.552
-377.186
-350.431
-313.887
-275.385
-237.536
-200.339
-164.448
-127.251
-96.5805
-69.8251
-51.5531
-40.4594
-34.5863
-29.3657
-30.6708
-33.9337
-34.5863
-35.2388
-37.8491
-37.8491
-37.1966
-37.8491
-37.1966
-31.3234
-18.9246
-7.17828
3.26286
15.6617
22.1874
26.1028
31.976
37.1966
37.8491
40.4594
43.0697
45.68
45.0274
46.3326
48.2903
48.9428
60.0365
78.3085
100.496
133.125
181.415
248.63
330.854
420.256
501.827
574.263
640.172
689.115
725.659
743.279
743.931
727.617
687.157
631.689
580.788
525.972
469.851
424.171
387.627
358.914
341.295
335.422
330.854
319.107
295.615
262.986
214.696
148.786
67.8674
-20.2297
-97.2331
-162.49
-216.654
-256.46
-278.648
-284.521
-269.512
-234.273
-184.025
-125.946
-69.8251
-23.4926
14.3566
41.112
45.68
35.2388
23.4926
4.568
-27.408
-65.2571
-103.759
-143.566
-182.72
-218.611
-248.63
-279.3
-321.065
-370.66
-427.434
-484.208
-539.676
-594.492
-638.215
-671.496
-701.514
-717.176
-720.439
-711.303
-685.852
-648.656
-602.323
-547.507
-492.691
-445.054
-401.331
-353.694
-306.708
-262.986
-219.916
-172.931
-131.167
-90.7074
-53.5108
-20.8823
3.91543
24.1451
43.0697
51.5531
54.816
41.7646
20.2297
0
-24.7977
-45.68
-65.2571
-81.5714
-91.36
-95.2754
-97.2331
-96.5805
-90.0548
-78.3085
-67.2148
-56.7737
-47.6377
-33.9337
-11.7463
22.1874
78.9611
168.363
295.615
441.791
579.483
706.082
824.197
932.524
1021.93
1078.7
1111.98
1114.59
1071.52
986.688
884.886
783.738
679.979
582.093
509.658
467.894
445.054
440.486
450.927
456.147
446.359
416.34
370.008
308.666
212.086
84.8342
-46.3326
-165.753
-266.902
-347.168
-391.543
-397.416
-364.787
-296.267
-199.034
-84.1817
23.4926
106.369
168.363
208.823
215.348
181.415
113.547
21.5348
-79.6137
-181.415
-276.038
-348.473
-405.899
-448.969
-467.241
-468.546
-451.579
-426.129
-408.51
-400.026
-408.51
-441.791
-481.597
-527.277
-582.746
-634.952
-676.716
-703.472
-708.04
-694.336
-668.233
-619.943
-558.601
-490.733
-412.425
-332.811
-266.902
-219.264
-183.372
-162.49
-154.659
-152.049
-146.176
-138.998
-132.472
-122.683
-110.937
-85.4868
-52.8583
-23.4926
3.26286
23.4926
32.6286
23.4926
7.83085
-5.87314
-27.408
-50.9005
-68.52
-80.2662
-76.3508
-62.6468
-44.3748
-10.4411
28.0606
57.4263
86.1394
116.158
132.472
131.167
123.989
116.158
105.717
88.7497
78.9611
83.5291
95.928
111.59
131.167
156.617
187.288
217.959
257.113
338.684
474.419
627.773
756.33
847.69
935.787
1017.36
1066.95
1085.88
1106.11
1123.73
1071.52
942.965
790.916
634.299
465.283
308.014
202.95
150.744
108.327
79.6137
101.149
140.955
138.345
99.8434
63.2994
18.272
-68.52
-200.992
-321.718
-408.51
-489.428
-554.033
-565.127
-516.184
-432.655
-315.192
-162.49
5.22057
146.829
235.578
289.742
306.056
266.902
180.11
55.4685
-73.088
-206.212
-343.252
-453.537
-518.141
-539.676
-533.803
-496.607
-443.096
-401.984
-390.238
-407.204
-447.011
-515.531
-589.272
-660.402
-711.955
-743.931
-767.424
-766.119
-732.185
-657.139
-546.855
-423.519
-293.657
-169.668
-71.1303
-3.91543
33.2811
30.0183
0.652571
-41.112
-90.7074
-133.777
-163.795
-171.626
-144.871
-102.454
-50.248
15.6617
82.8765
135.735
165.1
167.058
137.04
78.3085
-1.95771
-75.6983
-137.693
-188.593
-216.001
-210.78
-163.143
-92.6651
-18.9246
59.384
123.336
168.363
178.804
167.711
138.998
79.6137
-1.30514
-99.1908
-193.161
-264.944
-277.343
-212.738
-36.544
261.681
595.797
884.886
1108.72
1308.41
1469.59
1545.29
1552.47
1523.75
1444.79
1250.33
959.28
659.749
390.89
159.227
9.136
-20.8823
18.272
72.4354
130.514
219.916
300.183
293.004
208.17
101.801
-15.0091
-186.635
-394.806
-568.389
-672.148
-717.828
-693.683
-582.746
-393.5
-157.27
97.2331
366.092
603.628
755.677
800.705
767.424
668.885
485.513
232.968
-41.7646
-287.131
-506.395
-687.157
-813.104
-869.877
-864.657
-826.808
-763.508
-701.514
-649.308
-622.553
-616.027
-632.341
-689.115
-754.372
-798.747
-809.188
-789.611
-743.279
-670.191
-561.211
-419.603
-272.122
-124.641
1.95771
93.3177
139.65
138.998
104.411
37.8491
-37.1966
-110.285
-168.363
-215.348
-242.104
-242.756
-231.01
-212.738
-196.424
-178.804
-161.185
-148.134
-136.387
-120.073
-106.369
-99.1908
-74.3931
-24.7977
46.3326
128.557
211.433
295.615
371.313
441.138
485.513
494.649
465.283
408.51
330.854
224.484
102.454
-24.7977
-123.336
-199.034
-252.545
-262.334
-248.63
-226.442
-200.992
-135.082
-22.1874
131.167
326.286
594.492
930.566
1228.14
1443.49
1602.71
1761.29
1873.53
1874.84
1790.66
1651.66
1435
1098.93
715.218
360.872
39.8068
-251.892
-452.232
-514.226
-529.235
-539.024
-504.437
-410.467
-341.295
-370.66
-447.011
-501.175
-547.507
-640.172
-721.091
-711.955
-617.332
-456.147
-219.916
91.36
404.594
664.317
874.445
1029.76
1072.83
956.017
708.692
390.238
25.4503
-403.289
-833.986
-1175.93
-1406.29
-1539.42
-1577.26
-1522.45
-1401.72
-1256.2
-1100.23
-955.364
-845.732
-766.771
-706.735
-640.825
-563.821
-493.344
-422.214
-300.183
-133.125
50.9005
238.841
391.543
502.48
554.033
532.498
443.096
296.267
114.853
-75.0457
-238.188
-361.524
-448.316
-478.335
-426.129
-347.168
-266.902
-174.236
-96.5805
-39.1543
3.26286
10.4411
-17.6194
-34.5863
-22.84
26.7554
115.505
219.264
325.633
449.622
584.051
685.2
722.396
695.641
609.501
467.241
300.835
114.2
-65.9097
-214.043
-341.947
-424.824
-452.884
-448.316
-422.866
-376.534
-327.591
-318.455
-343.905
-356.304
-334.769
-261.681
-150.091
24.7977
349.778
830.723
1382.8
1885.93
2276.82
2550.25
2692.51
2680.76
2466.72
2077.13
1561.6
948.186
273.427
-375.228
-909.684
-1284.26
-1475.46
-1479.38
-1320.8
-1085.88
-807.23
-495.301
-203.602
-36.544
-58.7314
-180.762
-292.352
-370.008
-407.204
-369.355
-216.001
51.5531
401.984
800.052
1174.63
1417.38
1475.46
1373.66
1110.02
666.275
69.1725
-585.356
-1202.69
-1733.23
-2131.95
-2333.59
-2321.2
-2133.91
-1831.77
-1459.15
-1088.49
-784.39
-548.16
-393.5
-321.065
-326.938
-369.355
-352.388
-216.654
-11.0937
239.494
532.498
828.765
1081.31
1228.79
1228.14
1058.47
744.584
315.192
-181.415
-664.97
-1095.01
-1399.11
-1479.38
-1354.74
-1091.1
-707.387
-243.409
214.043
586.661
823.545
891.412
830.723
667.58
417.646
170.321
-21.5348
-125.294
-99.1908
78.3085
340.642
622.553
897.938
1083.92
1143.3
1051.29
792.874
422.214
13.0514
-370.66
-703.472
-927.956
-1012.79
-965.153
-804.62
-593.187
-384.364
-214.696
-114.853
-120.073
-225.137
-380.449
-544.897
-668.885
-721.091
-679.327
-480.292
-71.7828
559.253
1322.76
2076.48
2632.47
2906.55
2950.93
2782.56
2391.67
1801.1
1128.95
471.156
-129.862
-670.191
-1099.58
-1345.6
-1408.9
-1325.37
-1145.26
-920.778
-736.753
-608.196
-486.165
-411.12
-448.316
-578.831
-669.538
-601.671
-390.89
-88.7497
300.835
772.644
1251.63
1638.61
1883.32
1927.04
1732.58
1323.41
779.17
174.236
-458.758
-1054.55
-1525.71
-1792.61
-1876.14
-1820.02
-1630.12
-1326.68
-980.162
-685.2
-480.945
-384.364
-375.228
-430.044
-503.132
-551.423
-527.277
-370.008
-93.3177
291.047
691.725
1007.57
1209.21
1279.69
1187.03
903.811
473.114
-52.8583
-579.483
-1009.53
-1320.8
-1495.69
-1482.64
-1288.83
-954.712
-511.616
-69.1725
288.436
539.024
644.74
591.882
409.815
157.27
-109.632
-298.878
-370.008
-343.905
-199.034
54.816
353.041
636.257
841.164
879.666
784.39
591.229
312.582
-13.704
-335.422
-594.492
-749.152
-766.119
-685.2
-537.066
-345.863
-172.931
-40.4594
2.61028
-46.9851
-193.161
-379.144
-561.211
-734.795
-809.188
-760.245
-565.779
-259.723
99.8434
484.208
865.309
1260.11
1668.62
2065.39
2306.19
2297.7
2133.91
1930.96
1727.36
1461.11
1157.01
892.065
657.139
377.839
20.8823
-336.074
-649.308
-919.473
-1124.38
-1224.88
-1241.84
-1207.91
-1055.21
-756.983
-424.171
-173.584
19.5771
283.216
617.332
890.107
1057.82
1175.93
1262.07
1267.29
1188.33
1050.64
817.672
481.597
88.7497
-294.962
-656.487
-1040.2
-1399.11
-1636.65
-1748.24
-1797.18
-1775.65
-1633.39
-1397.81
-1145.91
-916.862
-711.955
-525.972
-369.355
-225.79
-46.3326
140.303
288.436
442.443
638.867
796.789
835.291
760.898
606.891
403.942
133.777
-204.907
-565.127
-878.361
-1122.42
-1280.34
-1288.83
-1177.24
-991.256
-711.303
-368.05
-56.7737
168.363
309.319
366.092
362.83
295.615
167.711
82.8765
65.9097
81.5714
139.65
244.714
349.778
439.833
513.573
514.879
435.918
292.352
131.167
-45.0274
-242.756
-427.434
-565.779
-622.553
-604.281
-549.465
-471.809
-396.111
-353.694
-332.159
-315.844
-325.633
-388.932
-470.504
-501.175
-430.697
-271.47
-56.7737
197.076
439.833
663.012
805.273
875.098
1046.72
1396.5
1870.92
2270.95
2431.48
2412.56
2345.99
2259.85
2048.42
1702.56
1339.73
941.66
448.969
-107.022
-670.191
-1143.3
-1441.53
-1568.13
-1538.76
-1393.89
-1160.92
-781.128
-299.53
93.9702
289.089
366.745
507.048
719.133
895.328
1001.04
1087.84
1163.53
1218.35
1232.05
1146.57
927.304
531.193
34.5863
-465.283
-958.627
-1421.3
-1812.84
-2058.86
-2132.6
-2089.53
-1938.79
-1655.57
-1294.05
-954.059
-704.777
-550.117
-456.8
-400.679
-316.497
-221.222
-114.853
58.7314
252.545
420.908
535.761
555.338
469.851
311.929
87.4445
-228.4
-584.704
-935.134
-1244.45
-1425.87
-1445.45
-1354.09
-1149.18
-828.765
-468.546
-114.853
193.161
392.195
445.706
392.195
272.122
127.904
26.1028
-1.30514
43.7223
166.406
325.633
459.41
541.634
572.957
532.498
422.214
283.216
113.547
-54.816
-167.711
-234.926
-257.113
-266.249
-271.47
-258.418
-225.79
-195.119
-189.898
-212.086
-226.442
-216.001
-212.738
-191.203
-144.871
-64.6045
19.5771
111.59
216.654
302.793
396.111
449.622
420.908
334.769
252.545
398.068
971.026
1860.48
2626.6
2978.33
3013.57
2925.48
2732.32
2333.59
1801.75
1309.71
867.267
323.023
-326.938
-906.421
-1334.51
-1605.32
-1707.78
-1658.18
-1523.1
-1299.92
-890.107
-365.44
53.5108
217.306
255.155
415.035
694.336
898.59
976.899
1017.36
1049.33
1036.94
946.881
771.992
466.588
0
-529.888
-1010.18
-1401.72
-1710.39
-1917.91
-1966.2
-1891.8
-1787.39
-1644.48
-1393.89
-1080.66
-833.986
-716.523
-664.97
-585.356
-452.232
-285.826
-140.303
-1.95771
189.246
392.848
524.667
523.362
392.195
191.203
-56.7737
-342.6
-647.351
-903.158
-1059.12
-1132.86
-1095.01
-954.059
-749.152
-482.25
-198.382
7.17828
112.242
141.608
136.387
122.031
97.8857
60.6891
49.5954
133.777
274.08
406.552
526.625
604.281
577.525
467.894
326.286
186.635
54.1634
-71.7828
-148.786
-172.931
-146.176
-89.4022
-33.2811
35.8914
69.1725
39.8068
-30.6708
-95.2754
-117.463
-85.4868
25.4503
158.575
305.403
432.002
489.428
525.972
518.794
454.19
327.591
189.246
90.7074
0.652571
-85.4868
-199.034
-300.183
-351.083
-287.131
89.4022
939.702
2073.87
2962.02
3309.19
3232.18
3024.67
2717.31
2176.98
1502.87
912.947
443.748
-125.294
-822.24
-1457.84
-1900.94
-2125.42
-2159.36
-2028.84
-1756.72
-1325.37
-759.593
-138.345
368.703
587.967
653.224
722.396
799.4
800.705
743.279
759.593
845.732
910.989
886.192
791.569
567.084
158.575
-383.712
-978.857
-1527.02
-2001.44
-2327.07
-2415.17
-2322.5
-2137.82
-1873.53
-1458.5
-946.881
-516.836
-263.639
-132.472
9.136
149.439
225.137
276.038
372.618
498.564
582.746
582.093
501.175
366.092
148.786
-138.345
-460.063
-722.396
-870.53
-971.026
-1031.06
-1055.86
-1016.71
-824.197
-563.821
-344.558
-191.203
-63.952
104.411
290.394
424.824
518.794
612.764
714.565
766.771
711.303
576.873
379.144
144.218
-93.9702
-305.403
-450.274
-506.395
-468.546
-356.956
-206.865
-49.5954
71.7828
109.632
66.5623
-52.2057
-221.874
-312.582
-300.183
-174.889
58.0788
294.31
540.981
742.626
857.478
828.765
674.759
489.428
231.01
-46.9851
-246.672
-358.914
-429.392
-467.894
-503.785
-490.081
-412.425
-182.72
615.375
2013.18
3364.66
3957.19
3814.93
3503
3156.49
2569.17
1717.57
978.204
608.849
231.01
-543.592
-1472.2
-2099.97
-2373.4
-2430.17
-2386.45
-2207.65
-1763.25
-1054.55
-241.451
400.679
711.955
758.288
743.931
809.188
853.563
869.225
932.524
1027.15
1119.16
1148.53
1064.34
768.729
178.152
-616.68
-1436.96
-2164.58
-2719.26
-2972.46
-2854.35
-2485.64
-2089.53
-1733.23
-1292.09
-741.973
-313.887
-204.907
-267.554
-261.028
-117.463
108.327
326.938
570.347
833.986
1008.22
1090.45
1055.21
831.376
407.204
-159.227
-704.777
-1064.34
-1205.3
-1187.68
-1094.36
-956.669
-776.56
-566.432
-354.999
-221.222
-166.406
-65.9097
133.125
425.476
752.415
1029.1
1224.22
1288.18
1147.87
811.146
390.238
-19.5771
-370.008
-601.018
-651.266
-518.794
-265.596
-37.8491
41.112
-19.5771
-166.406
-320.412
-414.383
-467.894
-435.918
-281.258
-7.83085
337.379
640.825
835.944
877.056
820.934
725.007
604.933
489.428
341.295
172.279
54.1634
-58.0788
-199.034
-407.857
-651.919
-871.835
-1061.73
-1170.71
-1127.64
-894.675
-548.812
39.1543
1181.81
2742.76
3966.98
4199.95
3639.39
2954.19
2365.57
1659.49
852.258
409.815
411.12
266.902
-458.758
-1436.96
-2079.09
-2322.5
-2453.67
-2610.94
-2471.29
-1784.78
-780.475
141.608
763.508
1091.75
1193.55
1111.33
930.566
807.883
833.333
939.05
1010.83
1042.81
1046.72
942.313
610.154
-9.136
-833.333
-1656.23
-2293.13
-2605.72
-2552.86
-2230.49
-1836.34
-1498.96
-1165.49
-787.653
-486.165
-403.942
-468.546
-422.866
-156.617
219.264
598.408
972.331
1331.9
1556.38
1446.1
997.781
420.908
-148.786
-693.031
-1172.67
-1427.83
-1354.09
-1022.58
-678.674
-487.471
-357.609
-217.959
-137.693
-167.058
-202.297
-91.36
233.62
653.876
982.772
1200.73
1348.21
1328.63
1036.28
509.658
-58.7314
-480.945
-723.701
-837.901
-831.376
-659.097
-393.5
-238.841
-266.902
-385.017
-487.471
-508.353
-463.326
-356.304
-144.871
159.227
491.386
777.865
931.219
918.82
805.925
674.106
584.704
505.743
427.434
388.28
332.811
227.095
-15.6617
-399.374
-830.723
-1189.64
-1401.72
-1438.27
-1317.54
-1095.01
-837.249
-550.117
-232.968
-10.4411
289.089
1065
2417.78
3687.68
4049.86
3484.73
2688.59
2133.91
1605.98
841.164
235.578
202.95
298.225
-195.119
-1240.54
-2126.73
-2398.85
-2358.39
-2424.3
-2359.04
-1730.62
-606.239
441.791
1028.45
1217.7
1171.37
959.932
660.402
446.359
485.513
721.091
997.781
1283.61
1468.94
1343.64
820.934
16.9668
-862.699
-1658.18
-2257.24
-2480.42
-2246.15
-1717.57
-1209.87
-891.412
-696.293
-524.015
-422.866
-424.171
-353.694
-70.4777
363.482
775.907
1066.3
1265.34
1365.18
1165.49
598.408
-151.397
-804.62
-1177.24
-1252.28
-1110.02
-800.705
-399.374
-92.0125
-24.7977
-209.475
-455.495
-574.915
-517.489
-360.219
-125.294
251.24
719.786
1102.19
1184.42
946.228
562.516
157.27
-231.01
-571.652
-767.424
-757.635
-599.713
-396.763
-245.367
-152.702
-170.321
-310.624
-452.232
-448.316
-249.935
47.6377
321.718
577.525
818.324
976.246
965.153
789.611
560.559
359.567
229.052
180.762
221.874
291.699
285.174
119.421
-151.397
-439.833
-726.312
-1008.87
-1195.51
-1219.66
-1125.03
-915.557
-624.511
-279.953
13.704
106.369
18.272
-9.78857
156.617
511.616
1205.3
2270.29
3257.64
3507.57
2837.38
1761.29
934.482
428.739
-38.5017
-362.177
-206.865
155.312
14.3566
-869.225
-1921.17
-2435.4
-2367.53
-2183.5
-1980.55
-1382.8
-350.431
651.266
1157.01
1150.48
869.877
509.658
220.569
176.194
460.715
938.397
1395.85
1721.48
1794.57
1433.05
605.586
-426.129
-1286.22
-1799.14
-1944.66
-1725.4
-1160.92
-471.156
-26.1028
8.48342
-205.56
-425.476
-542.287
-558.601
-392.195
44.3748
607.544
1061.73
1273.82
1266.64
1026.49
512.268
-172.931
-747.847
-983.425
-850.3
-497.259
-131.819
127.904
193.814
21.5348
-312.582
-631.689
-785.043
-688.463
-362.177
58.7314
428.087
638.215
618.637
383.712
1.30514
-422.214
-744.584
-867.92
-824.85
-721.091
-554.033
-318.455
-146.176
-113.547
-255.155
-456.147
-561.211
-525.972
-385.017
-178.152
88.7497
334.116
533.803
627.121
597.755
468.546
274.08
100.496
56.7737
167.058
328.243
416.34
403.289
281.258
40.4594
-237.536
-482.903
-632.994
-723.049
-775.907
-760.245
-615.375
-403.289
-222.527
-80.2662
8.48342
45.68
-31.3234
-156.617
-182.72
6.52571
527.93
1446.1
2543.72
3242.63
3099.71
2240.93
1330.59
846.385
663.012
497.259
395.458
523.362
580.136
16.3143
-1149.83
-2238.97
-2581.57
-2197.21
-1589.01
-987.34
-279.953
474.419
927.304
845.732
315.844
-300.835
-610.807
-430.044
172.279
872.488
1365.18
1570.09
1551.16
1267.29
611.459
-285.826
-1013.44
-1245.76
-1021.27
-591.882
-182.067
91.36
114.2
-199.034
-719.133
-1173.98
-1348.86
-1187.68
-751.109
-171.626
369.355
646.045
555.338
199.687
-239.494
-600.365
-742.626
-598.408
-224.484
244.062
652.571
905.116
941.008
703.472
214.043
-303.446
-561.864
-529.888
-287.784
33.2811
319.107
461.368
344.558
-60.6891
-596.45
-976.246
-1096.97
-956.669
-606.891
-175.542
172.931
293.004
157.922
-150.091
-484.208
-700.209
-672.801
-368.05
91.36
500.522
741.321
815.061
734.143
516.184
227.747
-0.652571
-17.6194
135.082
300.835
396.111
411.772
336.074
120.726
-244.062
-633.647
-837.249
-758.288
-503.785
-242.104
-82.8765
-40.4594
-95.2754
-220.569
-375.881
-458.105
-424.171
-307.361
-143.566
7.17828
101.801
98.5382
11.0937
-87.4445
-105.717
10.4411
328.243
891.412
1538.76
1870.27
1602.06
929.261
360.219
204.907
309.319
413.73
546.855
815.061
993.866
681.284
-170.974
-1086.53
-1510.05
-1341.69
-865.962
-348.473
144.218
531.845
619.943
311.929
-307.361
-957.974
-1290.79
-1090.45
-462.02
236.231
670.191
772.644
671.496
469.199
173.584
-138.998
-268.859
-83.5291
335.422
723.701
905.769
842.469
571.652
184.025
-228.4
-543.592
-679.327
-604.933
-367.398
-125.946
-46.9851
-175.542
-415.688
-632.341
-789.611
-897.285
-882.276
-664.97
-261.681
196.424
532.498
675.411
637.562
466.588
265.596
148.786
168.363
266.249
394.153
522.709
552.075
393.5
30.6708
-416.34
-751.109
-884.886
-869.877
-763.508
-596.45
-421.561
-290.394
-248.63
-285.826
-330.854
-283.216
-122.031
121.378
390.238
588.619
690.42
684.547
586.661
433.96
288.436
210.128
206.212
215.348
191.856
135.082
48.9428
-87.4445
-293.657
-502.48
-616.027
-562.516
-392.848
-216.654
-97.2331
-67.2148
-94.6228
-130.514
-129.862
-91.36
-20.8823
61.3417
161.185
232.968
206.865
61.3417
-140.955
-270.164
-304.751
-295.615
-299.53
-290.394
-227.095
-125.946
-29.3657
30.0183
82.8765
124.641
110.285
21.5348
-53.5108
-38.5017
58.7314
171.626
249.282
322.37
386.322
401.984
338.684
268.207
287.131
385.67
495.954
542.287
502.48
390.89
243.409
94.6228
-54.816
-202.95
-309.971
-322.37
-217.306
-48.9428
95.2754
163.795
162.49
114.2
54.816
31.976
69.1725
158.575
259.723
361.524
437.223
429.392
311.929
122.683
-26.1028
-79.6137
-69.8251
-24.7977
60.0365
172.279
240.146
201.644
80.9188
-35.8914
-101.801
-107.674
-50.248
76.3508
233.62
350.431
370.66
300.183
171.626
3.91543
-169.668
-304.098
-364.135
-352.388
-292.352
-238.841
-264.944
-399.374
-599.06
-745.889
-768.076
-677.369
-512.268
-300.183
-65.2571
130.514
241.451
259.071
214.043
125.946
0
-97.2331
-109.632
-37.1966
37.8491
31.976
-59.384
-204.255
-361.524
-513.573
-632.994
-681.937
-642.783
-535.761
-401.331
-266.902
-135.082
-13.704
74.3931
115.505
112.242
88.7497
92.6651
135.082
177.499
161.838
57.4263
-85.4868
-201.644
-274.08
-323.675
-372.618
-403.942
-386.975
-335.422
-302.793
-316.497
-360.872
-388.28
-361.524
-285.826
-165.753
-33.2811
72.4354
164.448
272.122
392.195
482.25
505.09
480.945
464.631
472.461
480.945
492.039
539.024
599.713
620.595
569.695
482.25
406.552
357.609
329.548
319.76
349.126
405.247
453.537
481.597
475.724
428.087
354.346
303.446
298.225
317.15
320.412
299.53
274.732
237.536
168.363
58.0788
-46.9851
-93.9702
-84.8342
-44.3748
-5.22057
2.61028
-33.9337
-68.52
-37.1966
43.7223
86.1394
69.1725
75.0457
161.185
283.868
343.252
302.793
213.391
144.871
118.768
92.6651
23.4926
-87.4445
-189.246
-246.672
-279.953
-340.642
-438.528
-517.489
-550.77
-567.737
-601.671
-640.172
-645.393
-587.967
-478.987
-355.651
-214.696
-73.7405
-0.652571
-37.1966
-161.185
-296.267
-401.984
-465.283
-486.165
-465.283
-396.763
-294.962
-204.907
-195.771
-286.479
-439.18
-569.042
-622.553
-578.831
-432.002
-216.654
22.1874
244.062
406.552
460.715
396.111
234.926
58.0788
-32.6286
-2.61028
114.2
235.578
304.751
270.817
125.294
-108.979
-368.703
-566.432
-651.266
-608.849
-456.8
-234.273
-34.5863
67.8674
52.8583
-41.112
-139.65
-193.814
-161.185
-32.6286
144.871
294.962
376.534
372.618
298.225
197.729
110.285
81.5714
105.717
144.871
173.584
210.78
283.216
369.355
412.425
398.068
374.576
371.966
371.313
362.83
370.66
429.392
510.311
579.483
632.341
676.716
699.556
681.284
610.154
493.996
344.558
170.974
23.4926
-77.0034
-133.125
-169.668
-206.865
-225.79
-226.442
-226.442
-223.179
-208.823
-174.236
-114.2
-23.4926
112.895
266.902
380.449
443.748
477.682
502.48
516.184
488.123
416.993
341.295
284.521
239.494
181.415
94.6228
1.95771
-60.6891
-90.7074
-120.073
-187.94
-286.479
-362.83
-397.416
-410.467
-420.256
-413.078
-364.135
-298.225
-255.808
-251.24
-287.131
-340.642
-383.712
-384.364
-333.464
-261.028
-215.348
-206.212
-223.832
-270.164
-361.524
-512.921
-679.979
-786.348
-783.738
-689.115
-554.685
-421.561
-288.436
-159.227
-74.3931
-62.6468
-112.895
-158.575
-147.481
-82.224
11.7463
105.064
170.321
185.983
150.744
67.2148
-54.1634
-193.814
-320.412
-401.984
-415.688
-368.05
-298.878
-244.062
-203.602
-161.838
-127.251
-116.81
-123.989
-105.064
-13.704
139.65
298.225
398.721
426.129
399.374
338.032
244.062
114.853
-16.9668
-107.022
-120.073
-74.3931
-27.408
-3.26286
7.17828
37.8491
75.6983
83.5291
61.9943
62.6468
144.871
307.361
489.428
639.52
726.312
753.067
738.711
698.251
656.487
631.036
627.773
660.402
711.303
732.185
676.716
534.456
364.135
207.518
70.4777
-48.9428
-137.04
-155.312
-115.505
-70.4777
-69.1725
-133.777
-212.738
-249.935
-223.832
-135.735
-19.5771
99.1908
217.306
312.582
350.431
315.192
235.578
185.33
214.696
306.056
404.594
441.791
410.467
330.854
224.484
116.81
5.87314
-95.2754
-138.998
-114.2
-43.7223
15.6617
7.17828
-55.4685
-153.354
-248.63
-318.455
-358.262
-349.126
-309.319
-259.071
-217.959
-234.273
-325.633
-459.41
-593.187
-673.453
-687.81
-664.97
-608.196
-531.193
-465.936
-432.002
-441.791
-475.072
-494.649
-474.419
-398.721
-277.995
-145.523
-50.9005
-11.7463
-18.272
-58.0788
-101.149
-145.523
-184.678
-210.78
-229.705
-259.071
-291.699
-321.718
-354.999
-383.712
-400.679
-394.153
-357.609
-317.802
-291.047
-268.859
-224.484
-147.481
-48.9428
44.3748
125.294
205.56
264.944
293.004
277.995
223.832
164.448
108.979
62.6468
18.9246
-26.1028
-71.7828
-111.59
-122.683
-112.895
-91.36
-65.2571
-33.2811
25.4503
99.1908
183.372
265.596
337.379
395.458
437.223
458.105
480.945
520.099
552.728
581.441
593.187
595.145
586.009
557.296
529.235
513.573
512.268
519.447
533.803
548.812
546.202
503.785
437.875
375.881
319.76
247.977
142.913
40.4594
-11.7463
-17.6194
-7.83085
-16.9668
-48.2903
-86.792
-114.2
-124.641
-118.768
-82.8765
-21.5348
64.6045
155.312
229.705
274.08
286.479
287.131
300.183
324.328
363.482
414.383
448.969
445.706
402.636
326.938
232.315
122.683
23.4926
-52.2057
-104.411
-144.218
-193.814
-257.766
-347.168
-454.19
-560.559
-642.13
-686.505
-695.641
-670.191
-616.027
-546.855
-484.86
-450.274
-436.57
-424.824
-400.026
-366.745
-326.938
-278.648
-224.484
-175.542
-138.998
-131.167
-174.236
-254.503
-347.168
-418.951
-451.579
-445.054
-418.951
-389.585
-364.787
-349.778
-347.168
-358.914
-380.449
-381.102
-338.684
-259.071
-163.795
-72.4354
8.48342
57.4263
58.7314
14.3566
-60.6891
-139.65
-208.17
-247.977
-252.545
-233.62
-213.391
-216.001
-248.63
-291.699
-334.116
-358.262
-339.337
-281.911
-202.95
-120.073
-41.112
35.2388
98.5382
121.378
109.632
103.759
118.768
144.871
187.288
257.113
324.328
330.201
278.648
221.222
204.255
238.188
301.488
383.712
486.165
576.873
632.341
662.36
692.378
728.922
758.94
785.043
823.545
862.046
858.784
809.188
738.058
649.308
527.277
371.313
234.926
161.185
121.378
85.4868
50.9005
27.408
16.3143
14.3566
27.408
65.9097
133.777
229.052
360.872
498.564
611.459
686.505
734.795
777.865
792.221
763.508
709.997
660.402
609.501
539.676
443.748
320.412
189.246
48.9428
-78.9611
-191.203
-296.267
-418.298
-541.634
-617.985
-643.435
-627.773
-607.544
-595.797
-598.408
-608.849
-616.68
-606.891
-577.525
-556.643
-535.761
-502.48
-470.504
-459.41
-477.682
-518.141
-570.347
-633.647
-688.463
-709.997
-704.777
-672.801
-633.647
-602.976
-587.314
-587.967
-589.924
-584.051
-555.338
-501.827
-427.434
-334.116
-246.019
-194.466
-176.194
-184.025
-199.034
-221.874
-259.723
-285.826
-287.784
-268.859
-253.85
-259.071
-277.995
-306.708
-341.947
-362.177
-356.304
-319.107
-262.334
-195.771
-131.167
-82.8765
-37.8491
7.17828
52.8583
88.7497
92.6651
80.9188
71.7828
61.3417
41.112
-0.652571
-40.4594
-46.3326
-16.3143
21.5348
59.384
97.8857
129.862
152.702
178.804
238.841
348.473
484.86
629.731
780.475
906.421
982.12
1012.79
1027.8
1054.55
1076.74
1076.74
1070.87
1058.47
1014.75
935.787
832.681
723.701
604.281
452.232
300.835
187.94
126.599
98.5382
75.6983
74.3931
99.1908
135.082
180.11
238.841
314.539
409.815
503.132
577.525
625.816
631.036
627.773
641.477
651.919
633.647
582.093
509.658
437.875
357.609
257.113
149.439
45.68
-41.112
-97.2331
-133.125
-171.626
-237.536
-332.159
-422.214
-489.428
-545.549
-587.314
-616.68
-624.511
-617.332
-623.858
-633.647
-659.749
-700.209
-724.354
-726.964
-709.345
-695.641
-704.124
-712.608
-709.997
-708.692
-703.472
-692.378
-671.496
-632.341
-597.755
-572.305
-546.202
-531.845
-509.658
-477.682
-452.884
-431.35
-420.256
-421.561
-420.256
-421.561
-417.646
-405.899
-403.942
-408.51
-415.035
-411.772
-390.89
-369.355
-351.083
-325.633
-296.92
-270.817
-236.883
-199.034
-152.049
-110.937
-90.7074
-73.088
-57.4263
-41.7646
-30.0183
-31.3234
-30.0183
-7.83085
13.704
25.4503
22.84
3.91543
-11.0937
-21.5348
-22.84
-13.0514
-7.17828
7.83085
50.248
114.853
197.076
294.962
404.594
514.226
589.924
628.426
666.275
729.575
798.747
839.859
856.173
885.539
918.168
912.947
866.614
811.146
783.085
770.034
745.236
715.218
694.336
666.928
632.341
600.365
576.22
553.38
505.09
443.096
407.204
391.543
383.059
381.754
383.059
392.195
389.585
381.102
375.228
354.999
324.328
296.92
283.868
278.648
262.334
236.883
213.391
195.119
176.847
152.049
120.073
77.656
35.8914
-3.91543
-44.3748
-88.7497
-142.261
-184.025
-199.034
-216.001
-251.892
-304.751
-356.304
-400.026
-451.579
-499.869
-539.024
-572.957
-588.619
-599.06
-604.933
-622.553
-656.487
-689.115
-704.124
-703.472
-700.209
-689.115
-668.233
-629.079
-579.483
-529.235
-467.241
-422.214
-404.594
-401.331
-400.026
-400.026
-407.204
-417.646
-415.688
-401.984
-387.627
-381.102
-386.322
-401.331
-415.035
-415.688
-401.331
-383.712
-373.271
-371.313
-361.524
-347.168
-321.065
-298.878
-287.784
-266.902
-234.273
-191.203
-148.134
-120.073
-107.674
-101.801
-86.792
-61.3417
-42.4171
-25.4503
-16.3143
-13.0514
-9.78857
-10.4411
-16.9668
-24.7977
-22.84
-7.83085
24.7977
55.4685
68.52
84.1817
105.717
125.294
137.04
146.829
164.448
197.729
243.409
294.31
366.092
451.579
521.404
545.549
542.287
551.423
586.009
628.426
659.749
694.988
751.762
807.883
838.554
841.817
824.197
807.23
796.137
790.264
780.475
766.119
737.405
696.946
663.012
617.332
555.338
478.335
415.688
391.543
385.67
378.491
362.83
351.736
349.778
349.778
349.778
340.642
334.116
341.947
356.956
361.524
351.083
322.37
290.394
260.376
217.306
167.711
122.683
91.36
60.6891
17.6194
-34.5863
-93.9702
-165.1
-242.756
-320.412
-386.975
-440.486
-482.903
-507.048
-516.836
-525.32
-541.634
-561.864
-583.399
-604.933
-623.205
-637.562
-642.783
-638.867
-643.435
-651.919
-664.317
-683.895
-702.167
-714.565
-729.575
-746.541
-762.203
-761.551
-741.321
-713.913
-685.2
-655.834
-629.731
-607.544
-586.661
-565.127
-539.024
-516.184
-497.912
-474.419
-454.842
-442.443
-428.739
-407.204
-380.449
-358.262
-353.694
-353.041
-345.863
-338.032
-341.295
-341.947
-332.811
-317.802
-296.92
-268.207
-224.484
-174.889
-131.167
-90.7074
-49.5954
-15.0091
13.0514
35.8914
68.52
117.463
169.668
211.433
239.494
262.986
286.479
300.835
315.192
325.633
326.286
332.159
339.337
350.431
377.186
415.688
452.232
490.733
535.108
578.178
616.68
652.571
697.599
753.067
788.306
794.832
796.789
815.061
840.512
861.394
870.53
872.488
869.877
851.605
817.019
796.789
795.484
796.789
799.4
797.442
794.832
785.043
765.466
744.584
719.786
683.242
628.426
576.873
540.329
510.311
475.724
430.697
381.102
325.633
269.512
219.916
168.363
120.726
75.0457
34.5863
-2.61028
-41.7646
-86.792
-123.989
-144.218
-161.185
-181.415
-204.907
-232.315
-271.47
-328.243
-394.806
-466.588
-534.456
-591.882
-638.215
-678.021
-719.786
-777.212
-847.69
-912.294
-975.594
-1040.2
-1090.45
-1101.54
-1073.48
-1019.32
-958.627
-907.074
-867.267
-837.901
-818.324
-804.62
-791.569
-773.949
-741.321
-696.293
-644.088
-599.06
-577.525
-567.737
-563.821
-561.864
-557.948
-548.812
-531.193
-499.869
-456.147
-414.383
-377.839
-342.6
-305.403
-262.334
-210.128
-163.795
-123.989
-86.792
-54.1634
-22.84
8.48342
33.9337
60.0365
92.6651
123.336
152.049
163.143
167.711
174.236
179.457
184.678
189.246
197.729
211.433
229.705
247.977
266.902
287.784
302.793
315.844
334.116
345.21
354.346
368.703
382.407
398.068
410.467
419.603
429.392
443.748
449.622
452.884
462.02
464.631
463.978
466.588
469.851
484.86
509.005
530.54
574.263
624.511
658.444
680.632
697.599
723.701
746.541
756.983
763.508
771.339
784.39
791.569
789.611
783.738
771.339
756.33
734.143
708.692
680.632
641.477
604.933
576.22
560.559
547.507
523.362
490.733
448.969
410.467
369.355
317.15
259.723
198.382
139.65
92.6651
43.0697
-11.7463
-65.2571
-125.294
-185.33
-259.071
-339.99
-412.425
-482.903
-542.287
-593.84
-633.647
-666.928
-698.251
-730.88
-761.551
-787.001
-822.892
-864.004
-896.633
-926.651
-943.618
-959.28
-974.289
-974.289
-965.805
-957.322
-943.618
-931.219
-920.125
-914.252
-912.294
-902.506
-884.234
-854.216
-813.756
-768.729
-715.871
-668.233
-631.036
-600.365
-576.22
-562.516
-549.465
-531.193
-501.175
-447.664
-388.28
-326.286
-270.164
-225.137
-187.288
-157.922
-140.303
-116.81
-84.8342
-46.3326
-1.95771
46.9851
94.6228
138.345
173.584
191.203
200.339
208.823
218.611
230.358
249.282
275.385
308.014
336.074
352.388
371.313
393.5
408.51
412.425
410.467
409.162
416.34
430.697
437.223
446.359
458.758
465.936
470.504
474.419
490.081
512.921
516.184
510.963
520.099
537.719
558.601
576.873
590.577
606.891
619.943
624.511
622.553
632.341
652.571
654.529
640.825
634.299
635.604
630.384
619.29
608.849
612.112
619.943
611.459
595.145
573.61
553.38
533.151
513.573
502.48
490.081
463.326
437.223
419.603
400.026
360.872
296.92
225.79
169.016
127.251
70.4777
9.136
-42.4171
-100.496
-155.965
-195.771
-230.358
-260.376
-282.563
-300.835
-318.455
-341.295
-369.355
-392.848
-407.204
-425.476
-457.452
-490.081
-511.616
-524.667
-540.981
-562.516
-589.272
-616.68
-645.393
-667.58
-688.463
-712.608
-730.227
-736.753
-725.007
-717.828
-728.922
-740.016
-745.236
-751.109
-758.288
-761.551
-755.025
-731.532
-702.167
-677.369
-652.571
-628.426
-617.332
-604.281
-582.746
-569.042
-556.643
-545.549
-521.404
-480.292
-443.096
-407.857
-372.618
-332.159
-294.31
-267.554
-240.799
-212.738
-170.321
-123.989
-79.6137
-40.4594
-2.61028
33.9337
73.088
107.674
136.387
159.227
180.762
212.738
239.494
264.291
287.131
306.056
319.107
324.328
330.201
335.422
342.6
353.694
369.355
388.28
412.425
437.875
466.588
497.259
522.709
550.117
573.61
600.365
627.121
632.994
632.341
632.341
632.341
629.731
618.637
597.103
574.915
559.253
539.676
530.54
526.625
533.151
536.413
522.057
515.531
516.836
517.489
518.141
518.141
525.972
533.151
527.93
514.226
505.09
488.776
471.809
452.884
428.087
400.679
362.83
321.718
302.14
279.953
240.146
196.424
140.303
101.149
65.9097
23.4926
-3.91543
-25.4503
-46.9851
-69.8251
-82.8765
-92.0125
-103.106
-118.115
-133.125
-149.439
-180.11
-212.086
-239.494
-266.902
-290.394
-322.37
-351.736
-368.05
-381.754
-401.331
-420.908
-445.706
-478.335
-507.048
-527.277
-537.719
-548.812
-565.779
-578.831
-598.408
-615.375
-632.994
-657.139
-670.191
-686.505
-708.692
-721.091
-727.617
-730.227
-732.837
-739.363
-747.847
-755.025
-762.203
-759.593
-739.363
-715.871
-687.157
-662.36
-638.215
-597.755
-556.643
-516.184
-473.767
-439.833
-398.068
-349.778
-304.098
-253.85
-210.128
-169.668
-137.693
-110.937
-86.792
-65.9097
-44.3748
-20.8823
5.87314
27.408
52.2057
77.0034
106.369
138.345
165.753
191.203
210.78
237.536
269.512
304.751
348.473
393.5
445.054
496.607
542.287
586.661
621.9
653.224
679.327
704.777
728.269
745.889
759.593
764.813
763.508
760.245
747.194
730.88
713.26
691.073
663.665
631.036
598.408
565.779
535.761
505.09
474.419
447.664
417.646
382.407
353.041
334.769
329.548
321.718
315.844
317.802
322.37
332.159
341.295
349.126
360.872
372.618
380.449
379.796
380.449
379.144
370.008
366.745
356.304
339.337
312.582
277.995
248.63
213.391
173.584
125.294
77.0034
34.5863
-13.0514
-58.7314
-107.674
-151.397
-185.983
-218.611
-241.451
-266.902
-291.699
-309.319
-324.98
-342.6
-362.177
-385.67
-405.899
-424.171
-437.223
-452.232
-471.809
-487.471
-505.743
-524.667
-544.244
-567.084
-595.797
-619.29
-640.825
-666.275
-687.81
-711.303
-734.143
-749.804
-769.381
-784.39
-796.137
-805.925
-800.705
-801.357
-797.442
-783.085
-769.381
-749.804
-724.354
-700.209
-678.674
-647.351
-617.332
-585.356
-548.16
-514.879
-478.335
-440.486
-398.068
-357.609
-321.065
-283.216
-242.756
-200.339
-155.965
-112.242
-71.1303
-27.408
20.8823
65.2571
103.106
145.523
182.72
221.874
263.639
301.488
341.947
383.059
421.561
457.452
492.039
518.794
543.592
566.432
584.051
606.891
626.468
648.003
668.885
679.979
687.157
691.073
691.073
692.378
692.378
691.073
687.81
688.463
685.2
679.979
670.191
646.698
623.858
608.196
591.882
581.441
565.779
546.202
530.54
512.268
490.081
465.936
439.833
415.035
398.721
381.102
365.44
349.778
331.506
314.539
299.53
282.563
261.681
242.756
227.095
216.001
208.17
198.382
189.898
178.804
162.49
144.871
125.294
101.801
83.5291
64.6045
45.0274
26.7554
1.30514
-27.408
-63.952
-101.801
-140.955
-187.288
-226.442
-265.596
-307.361
-341.295
-379.796
-418.298
-448.316
-484.208
-516.184
-546.202
-577.525
-598.408
-614.069
-625.816
-636.257
-649.308
-657.139
-666.275
-673.453
-681.937
-687.81
-684.547
-679.979
-669.538
-663.012
-657.792
-651.919
-649.308
-644.74
-640.172
-634.952
-629.731
-625.163
-613.417
-598.408
-588.619
-576.873
-569.042
-555.338
-534.456
-512.268
-487.471
-458.105
-424.171
-384.364
-343.252
-309.971
-274.08
-240.799
-200.992
-151.397
-101.801
-49.5954
-3.26286
46.3326
95.2754
138.998
178.152
214.043
251.892
287.784
322.37
351.083
373.923
397.416
418.951
442.443
466.588
483.555
499.217
514.226
531.193
552.075
569.042
587.967
607.544
621.9
636.257
644.74
652.571
658.444
659.749
657.139
655.834
658.444
663.665
667.58
662.36
657.792
650.613
638.215
625.816
606.891
587.314
568.389
548.16
525.972
499.217
468.546
436.57
402.636
366.745
331.506
298.878
270.817
246.672
225.137
200.992
176.194
140.303
108.979
74.3931
39.8068
9.78857
-24.7977
-54.1634
-84.1817
-116.158
-145.523
-174.236
-200.992
-222.527
-244.062
-262.334
-272.122
-279.3
-282.563
-285.174
-293.657
-303.446
-315.192
-328.896
-338.684
-351.083
-365.44
-379.144
-395.458
-409.815
-423.519
-437.875
-454.19
-469.851
-481.597
-489.428
-491.386
-492.039
-492.039
-485.513
-479.64
-471.156
-466.588
-460.063
-450.927
-439.18
-422.214
-405.247
-390.238
-373.923
-354.999
-332.159
-305.403
-284.521
-261.681
-239.494
-219.264
-199.034
-182.067
-167.711
-152.702
-139.65
-137.693
-131.819
-132.472
-131.167
-122.031
-118.768
-111.59
-107.022
-107.022
-103.106
-95.928
-89.4022
-83.5291
-80.9188
-77.0034
-67.8674
-60.6891
-50.248
-41.112
-36.544
-25.4503
-11.7463
-0.652571
18.9246
37.1966
57.4263
82.224
99.1908
121.378
139.65
160.532
187.288
212.086
240.799
269.512
300.835
337.379
375.228
410.467
437.875
463.978
487.471
508.353
520.752
526.625
527.277
520.752
516.836
509.005
497.912
492.691
479.64
467.894
465.283
460.715
460.715
464.631
469.199
470.504
463.978
453.537
441.791
423.519
401.331
376.534
341.947
309.971
279.3
245.367
213.391
185.33
155.965
129.209
101.801
77.656
60.0365
37.1966
16.9668
-5.87314
-27.408
-43.0697
-56.7737
-71.1303
-82.8765
-99.1908
-116.81
-133.777
-150.744
-167.711
-185.33
-205.56
-228.4
-252.545
-281.911
-309.971
-339.337
-364.787
-385.67
-405.899
-418.951
-425.476
-425.476
-415.688
-404.594
-394.806
-382.407
-371.313
-360.872
-354.346
-349.126
-344.558
-340.642
-338.684
-334.116
-328.896
-326.286
-322.37
-317.802
-317.15
-311.929
-306.056
-300.835
-294.31
-288.436
-279.3
-274.732
-272.122
-271.47
-266.902
-261.681
-251.24
-238.841
-226.442
-210.78
-191.856
-171.626
-154.007
-140.303
-126.599
-114.2
-110.937
-110.937
-112.895
-120.073
-120.726
-121.378
-120.726
-112.895
-105.064
-92.6651
-75.6983
-54.816
-26.7554
1.95771
34.5863
74.3931
113.547
152.702
191.203
227.747
258.418
287.131
311.276
332.811
353.694
368.703
384.364
391.543
398.721
408.51
413.73
418.298
422.214
424.824
428.087
430.697
437.875
448.969
461.368
472.461
482.903
489.428
495.954
497.912
493.996
490.081
482.903
469.851
447.664
419.603
387.627
353.694
317.15
282.563
253.198
223.832
198.382
175.542
150.091
128.557
110.285
92.0125
73.7405
57.4263
46.9851
36.544
26.7554
16.9668
5.87314
-10.4411
-29.3657
-48.9428
-70.4777
-93.3177
-117.463
-142.913
-167.058
-185.983
-203.602
-220.569
-238.841
-257.113
-271.47
-287.784
-299.53
-309.971
-318.455
-321.065
-324.98
-328.896
-333.464
-343.252
-349.778
-356.956
-360.219
-359.567
-356.956
-351.083
-342.6
-333.464
-328.896
-328.243
-332.159
-333.464
-331.506
-328.243
-319.107
-309.971
-299.53
-289.089
-277.995
-266.902
-254.503
-242.104
-227.095
-213.391
-202.297
-190.551
-185.33
-179.457
-173.584
-169.016
-164.448
-160.532
-150.091
-138.345
-130.514
-123.989
-116.81
-109.632
-97.2331
-80.2662
-60.0365
-39.8068
-13.704
16.3143
48.9428
79.6137
106.369
134.43
154.007
169.668
185.983
191.856
195.119
199.034
206.212
219.916
223.832
224.484
225.137
216.654
211.433
207.518
202.297
202.95
206.212
214.043
231.01
247.324
264.944
286.479
302.793
324.328
340.642
349.778
358.914
364.135
364.787
364.135
356.956
350.431
345.863
336.074
326.286
313.234
294.31
282.563
271.47
259.723
245.367
226.442
208.17
192.508
179.457
170.321
164.448
154.659
148.786
138.998
123.336
101.801
75.0457
48.2903
24.1451
1.30514
-16.9668
-31.976
-45.0274
-49.5954
-55.4685
-60.6891
-63.2994
-70.4777
-75.0457
-82.224
-92.6651
-101.149
-115.505
-129.209
-137.04
-153.354
-172.279
-187.288
-205.56
-221.222
-235.578
-253.198
-268.207
-279.953
-287.784
-293.657
-306.708
-319.107
-331.506
-340.642
-340.642
-337.379
-330.201
-321.065
-313.234
-304.098
-293.657
-284.521
-277.343
-268.859
-262.986
-253.198
-244.714
-237.536
-227.747
-223.832
-223.179
-222.527
-221.874
-219.264
-214.696
-209.475
-197.729
-185.33
-173.584
-156.617
-140.303
-125.294
-106.369
-93.9702
-79.6137
-61.3417
-48.9428
-30.0183
-13.0514
1.95771
22.1874
43.0697
65.9097
86.1394
101.801
117.463
129.862
140.955
150.091
154.007
155.312
158.575
161.185
167.711
178.804
184.025
189.898
201.644
210.78
217.959
228.4
234.273
241.451
249.282
251.24
254.503
253.85
254.503
255.808
255.808
253.198
248.63
246.019
246.019
243.409
244.062
246.019
245.367
246.672
246.672
240.146
238.188
234.273
226.442
221.222
211.433
197.076
184.025
168.363
150.744
132.472
109.632
91.36
73.7405
58.0788
46.9851
37.8491
33.2811
30.0183
26.7554
26.7554
27.408
23.4926
21.5348
18.272
6.52571
-3.26286
-15.6617
-29.3657
-42.4171
-59.384
-77.0034
-92.6651
-105.717
-117.463
-129.209
-142.913
-155.965
-169.016
-179.457
-193.161
-209.475
-220.569
-229.705
-235.578
-236.231
-233.62
-227.095
-215.348
-202.95
-191.203
-176.847
-169.668
-162.49
-157.27
-159.88
-161.838
-166.406
-173.584
-178.152
-184.678
-189.898
-193.814
-200.992
-204.255
-207.518
-210.78
-210.78
-208.823
-203.602
-195.771
-187.94
-176.847
-163.795
-149.439
-132.472
-114.853
-100.496
-84.1817
-69.1725
-55.4685
-43.7223
-35.8914
-29.3657
-25.4503
-24.1451
-22.84
-24.1451
-24.1451
-23.4926
-23.4926
-22.84
-22.1874
-19.5771
-14.3566
-6.52571
1.95771
13.704
25.4503
39.1543
56.1211
71.1303
87.4445
105.064
122.031
138.345
153.354
167.058
182.067
194.466
204.255
215.348
224.484
232.968
240.799
245.367
246.672
248.63
248.63
246.672
241.451
238.188
234.273
229.705
227.747
221.874
220.569
217.306
210.128
202.95
195.119
187.288
182.067
174.889
167.711
161.185
156.617
152.702
150.091
146.829
144.871
140.955
137.693
133.125
125.946
115.505
107.022
97.2331
85.4868
72.4354
56.7737
43.0697
30.6708
16.9668
0.652571
-15.0091
-29.3657
-45.0274
-56.7737
-70.4777
-82.8765
-91.36
-98.5382
-106.369
-112.895
-123.336
-131.167
-135.082
-140.303
-140.955
-142.913
-142.913
-140.955
-142.261
-144.218
-149.439
-156.617
-161.838
-168.363
-176.847
-182.067
-190.551
-197.076
-201.644
-205.56
-208.17
-209.475
-206.865
-207.518
-206.212
-204.255
-199.687
-192.508
-186.635
-176.847
-169.668
-161.185
-154.007
-150.744
-144.871
-140.955
-137.04
-131.819
-131.819
-130.514
-130.514
-131.167
-127.904
-123.989
-120.726
-117.463
-115.505
-109.632
-105.717
-103.759
-98.5382
-92.6651
-82.8765
-70.4777
-54.1634
-39.8068
-24.1451
-9.136
2.61028
16.9668
31.976
40.4594
50.9005
58.7314
68.52
82.224
88.7497
101.801
109.632
118.115
128.557
135.735
144.871
152.049
162.49
172.279
182.72
193.814
202.297
207.518
207.518
206.865
206.865
204.255
204.907
205.56
204.255
206.865
208.17
210.78
213.391
211.433
212.738
206.212
202.95
197.076
184.678
179.457
172.279
165.1
163.795
157.922
154.007
150.744
144.218
137.693
133.777
127.251
123.989
121.378
116.158
112.895
105.717
100.496
97.8857
92.6651
86.1394
79.6137
67.2148
58.0788
52.2057
41.7646
34.5863
28.0606
18.9246
15.6617
8.48342
0
-5.87314
-15.0091
-22.84
-33.9337
-43.7223
-53.5108
-67.2148
-78.9611
-90.7074
-104.411
-116.81
-127.904
-137.693
-153.354
-164.448
-178.152
-190.551
-200.339
-212.086
-219.264
-229.052
-238.841
-242.104
-249.282
-254.503
-259.723
-268.859
-277.343
-285.826
-294.962
-300.835
-310.624
-319.107
-321.065
-326.286
-329.548
-326.286
-325.633
-320.412
-313.887
-308.666
-295.615
-285.826
-276.69
-264.944
-257.113
-250.587
-240.799
-231.01
-219.264
-202.95
-187.288
-165.753
-142.261
-118.115
-90.7074
-66.5623
-42.4171
-19.5771
-1.30514
19.5771
36.544
55.4685
77.656
95.928
117.463
140.303
161.185
185.33
206.212
229.705
252.545
269.512
288.436
306.056
320.412
332.159
343.252
352.388
358.262
364.787
366.745
368.703
368.05
370.66
373.923
371.313
370.008
368.703
366.092
364.787
361.524
357.609
351.083
339.99
334.769
326.286
315.192
304.098
293.004
282.563
269.512
256.46
244.062
228.4
213.391
199.034
185.33
165.753
142.913
125.294
103.759
81.5714
61.3417
41.7646
19.5771
0
-15.6617
-31.3234
-45.68
-60.0365
-73.7405
-88.0971
-102.454
-114.2
-123.989
-135.735
-151.397
-165.753
-179.457
-192.508
-203.602
-213.391
-227.747
-242.104
-249.282
-258.418
-264.291
-268.859
-276.038
-281.911
-287.784
-294.31
-300.183
-309.319
-317.15
-321.065
-324.328
-328.896
-330.854
-328.243
-328.243
-328.896
-324.98
-322.37
-316.497
-308.666
-296.92
-288.436
-275.385
-261.681
-250.587
-239.494
-231.663
-223.832
-210.78
-199.034
-191.856
-180.11
-169.668
-157.922
-140.955
-125.294
-110.285
-97.2331
-85.4868
-68.52
-51.5531
-33.2811
-18.272
-7.17828
5.22057
13.704
24.7977
37.8491
48.9428
62.6468
79.6137
93.9702
111.59
129.209
142.261
155.965
167.711
178.804
196.424
210.128
221.222
228.4
235.578
242.104
251.892
260.376
266.249
269.512
272.122
276.038
278.648
282.563
282.563
280.606
285.826
288.436
289.742
293.657
293.657
291.699
293.657
294.962
296.92
294.31
286.479
278.648
269.512
263.639
259.723
256.46
251.24
245.367
240.146
232.315
221.222
208.17
192.508
175.542
161.838
151.397
136.387
122.031
103.106
80.2662
63.2994
48.2903
33.2811
21.5348
7.83085
-7.83085
-18.272
-29.3657
-45.68
-61.9943
-81.5714
-98.5382
-111.59
-126.599
-140.303
-154.659
-169.668
-180.762
-192.508
-202.95
-215.348
-231.663
-244.714
-260.376
-272.122
-282.563
-295.615
-307.361
-318.455
-324.98
-328.243
-328.896
-332.159
-335.422
-338.684
-341.947
-339.99
-339.337
-338.032
-335.422
-328.896
-319.76
-308.014
-296.267
-289.742
-280.606
-268.859
-256.46
-240.146
-225.79
-212.086
-200.339
-188.593
-173.584
-157.27
-139.65
-123.989
-109.632
-93.3177
-77.0034
-61.3417
-46.3326
-33.2811
-19.5771
-1.95771
16.3143
29.3657
44.3748
57.4263
69.8251
88.0971
99.1908
111.59
123.989
134.43
148.134
162.49
178.152
189.898
197.076
208.17
215.348
220.569
229.052
229.052
225.79
226.442
225.137
224.484
228.4
229.705
229.052
225.79
221.222
214.696
208.17
202.297
195.119
187.94
186.635
179.457
172.931
171.626
169.016
162.49
159.88
157.922
152.049
148.786
147.481
146.176
148.786
152.049
146.176
140.955
135.082
127.251
123.336
117.463
110.285
107.022
104.411
101.149
97.8857
92.0125
90.0548
84.8342
78.3085
72.4354
63.2994
55.4685
50.248
40.4594
29.3657
18.9246
9.136
1.30514
-2.61028
-5.87314
-7.83085
-9.136
-13.704
-17.6194
-22.84
-31.976
-41.112
-50.248
-60.0365
-72.4354
-82.224
-91.36
-104.411
-112.895
-123.336
-133.125
-140.955
-150.744
-160.532
-169.668
-182.067
-192.508
-202.95
-215.348
-227.747
-238.188
-246.672
-254.503
-262.986
-270.164
-272.775
-274.732
-274.732
-269.512
-262.986
-253.198
-245.367
-238.841
-232.315
-228.4
-224.484
-219.916
-216.001
-210.78
-200.992
-191.203
-179.457
-167.711
-154.007
-142.261
-129.862
-116.158
-105.717
-92.6651
-81.5714
-71.1303
-58.0788
-46.9851
-40.4594
-30.6708
-19.5771
-9.78857
1.95771
16.3143
29.3657
45.0274
63.952
78.9611
92.0125
105.064
116.81
127.251
135.735
142.261
149.439
156.617
161.185
164.448
170.321
174.236
177.499
182.067
185.983
185.33
190.551
194.466
187.288
184.678
179.457
174.236
174.889
170.974
165.753
165.753
164.448
167.058
171.626
169.668
170.974
170.974
170.974
173.584
175.542
176.194
178.152
179.457
178.804
176.847
174.889
173.584
171.626
171.626
171.626
169.016
171.626
170.974
167.711
167.058
163.143
155.965
150.744
141.608
131.167
125.294
119.421
110.937
103.106
90.0548
80.2662
72.4354
61.9943
54.816
45.68
33.2811
26.7554
18.9246
10.4411
2.61028
-9.78857
-24.1451
-35.8914
-50.248
-63.952
-79.6137
-95.928
-112.895
-128.557
-146.176
-160.532
-175.542
-189.898
-202.95
-216.001
-227.095
-238.188
-246.019
-254.503
-264.291
-272.122
-281.258
-289.089
-294.31
-302.14
-310.624
-318.455
-326.938
-333.464
-334.116
-336.074
-333.464
-329.548
-326.286
-319.107
-314.539
-308.014
-299.53
-288.436
-279.953
-269.512
-261.028
-253.85
-243.409
-234.273
-223.832
-216.001
-207.518
-194.466
-181.415
-166.406
-148.786
-129.862
-114.2
-95.2754
-74.3931
-56.7737
-33.9337
-14.3566
7.17828
24.7977
40.4594
59.384
75.6983
93.3177
109.632
124.641
137.693
154.007
167.058
179.457
193.814
207.518
220.569
232.968
247.977
264.291
279.3
293.004
302.14
309.319
319.76
328.243
334.769
339.99
344.558
346.515
347.82
349.778
349.126
350.431
350.431
351.083
349.778
343.252
336.727
330.854
325.633
317.802
311.276
302.14
289.089
278.648
266.249
255.155
240.799
227.747
217.959
206.212
194.466
182.067
168.363
155.965
142.261
123.336
105.717
86.792
71.1303
55.4685
39.8068
26.1028
11.0937
-1.95771
-14.3566
-25.4503
-35.8914
-51.5531
-65.2571
-82.224
-100.496
-117.463
-135.082
-148.134
-161.838
-171.626
-181.415
-190.551
-199.687
-211.433
-221.874
-234.926
-244.062
-255.155
-264.291
-268.207
-276.69
-282.563
-290.394
-300.835
-309.319
-318.455
-323.023
-327.591
-331.506
-334.116
-336.727
-336.727
-334.769
-334.116
-333.464
-334.769
-334.116
-335.422
-336.074
-331.506
-326.286
-317.802
-310.624
-303.446
-294.962
-290.394
-285.174
-276.69
-268.207
-255.155
-236.883
-223.832
-206.865
-191.856
-174.889
-155.312
-139.65
-119.421
-99.1908
-80.9188
-62.6468
-43.7223
-26.1028
-11.7463
7.17828
24.1451
46.3326
67.2148
89.4022
112.895
132.472
155.965
176.194
197.076
216.654
234.273
254.503
270.817
285.826
296.92
307.361
316.497
323.675
332.159
338.684
347.82
359.567
370.008
381.754
389.585
393.5
394.153
390.89
387.627
384.364
378.491
373.271
366.745
359.567
347.82
336.727
323.675
313.234
303.446
294.962
288.436
277.343
266.902
252.545
238.841
223.832
206.865
191.203
174.236
160.532
150.091
135.082
118.115
100.496
80.9188
61.9943
42.4171
24.1451
9.78857
-7.83085
-23.4926
-37.8491
-51.5531
-64.6045
-74.3931
-81.5714
-90.7074
-96.5805
-107.674
-118.115
-127.251
-143.566
-159.227
-172.931
-187.288
-198.382
-208.823
-219.916
-227.095
-232.968
-241.451
-247.977
-253.198
-254.503
-254.503
-257.113
-256.46
-259.723
-268.207
-276.038
-287.784
-296.267
-300.183
-305.403
-303.446
-302.793
-299.53
-292.352
-292.352
-291.699
-287.131
-285.174
-281.911
-273.427
-265.596
-261.028
-257.113
-257.113
-251.892
-251.892
-246.672
-238.188
-229.705
-218.611
-209.475
-198.382
-185.33
-172.931
-155.312
-136.387
-123.989
-106.369
-86.1394
-71.7828
-53.5108
-33.9337
-16.9668
1.30514
22.1874
42.4171
67.2148
85.4868
103.106
126.599
143.566
160.532
177.499
192.508
204.907
217.959
227.095
232.968
238.841
244.062
252.545
261.028
266.902
274.732
277.995
281.911
287.131
289.089
291.047
293.657
296.92
296.92
296.267
293.657
291.699
289.089
284.521
282.563
279.953
276.69
272.775
268.207
264.291
256.46
246.672
236.883
222.527
210.78
196.424
176.847
159.88
141.608
120.073
101.801
85.4868
71.1303
57.4263
46.9851
39.1543
31.3234
24.1451
15.6617
9.78857
5.22057
1.30514
-2.61028
-7.83085
-13.0514
-16.9668
-22.84
-28.7131
-35.2388
-41.7646
-46.3326
-52.2057
-57.4263
-66.5623
-75.6983
-82.8765
-86.1394
-88.0971
-92.6651
-96.5805
-102.454
-112.242
-122.031
-132.472
-146.176
-157.922
-167.711
-176.847
-181.415
-182.067
-184.025
-184.678
-190.551
-196.424
-200.992
-206.212
-209.475
-212.738
-214.043
-214.696
-216.001
-214.696
-216.001
-219.264
-227.747
-232.968
-239.494
-243.409
-243.409
-244.714
-242.104
-238.188
-231.663
-222.527
-216.654
-210.78
-206.212
-204.255
-197.729
-188.593
-176.847
-163.795
-150.744
-138.345
-123.989
-108.979
-97.2331
-88.0971
-78.9611
-70.4777
-58.0788
-45.0274
-31.3234
-15.0091
-3.26286
11.0937
28.0606
41.112
53.5108
64.6045
75.0457
83.5291
93.9702
108.979
118.768
129.862
139.65
150.091
159.227
165.753
172.931
174.236
177.499
180.11
184.678
193.161
195.119
203.602
208.823
212.086
219.916
223.832
228.4
230.358
229.052
232.315
234.926
236.883
240.146
241.451
241.451
242.104
238.841
236.883
236.231
232.315
230.358
228.4
217.306
215.348
204.255
191.203
187.288
172.931
167.058
161.838
150.091
144.871
134.43
127.251
123.336
114.2
107.022
97.2331
84.8342
73.7405
63.2994
50.248
39.8068
28.7131
14.3566
2.61028
-9.78857
-21.5348
-28.7131
-37.8491
-44.3748
-53.5108
-65.2571
-72.4354
-84.8342
-97.8857
-105.717
-114.853
-123.336
-129.862
-137.693
-144.218
-146.176
-149.439
-149.439
-149.439
-155.965
-157.922
-163.795
-174.236
-177.499
-184.678
-191.203
-193.161
-201.644
-203.602
-204.907
-207.518
-207.518
-208.823
-213.391
-214.696
-217.306
-221.874
-223.179
-227.095
-229.705
-231.01
-233.62
-229.705
-227.747
-227.095
-221.222
-218.611
-219.264
-214.043
-212.086
-210.128
-202.95
-198.382
-193.161
-185.33
-180.11
-174.889
-165.753
-158.575
-149.439
-140.303
-131.819
-120.073
-109.632
-95.2754
-82.224
-69.1725
-54.816
-41.112
-24.1451
-8.48342
7.83085
23.4926
39.1543
54.1634
69.1725
88.7497
106.369
126.599
148.786
166.406
184.025
200.992
214.043
230.358
242.756
255.808
268.207
279.953
288.436
298.878
308.014
317.15
327.591
334.116
341.295
345.21
347.82
348.473
347.82
347.82
345.21
342.6
340.642
337.379
334.769
329.548
321.718
313.887
304.098
294.31
280.606
266.249
251.892
234.273
216.001
199.687
184.025
167.058
147.481
132.472
113.547
93.9702
76.3508
56.1211
34.5863
17.6194
2.61028
-12.3989
-24.7977
-37.8491
-52.8583
-65.2571
-81.5714
-96.5805
-109.632
-129.209
-145.523
-159.88
-171.626
-179.457
-187.288
-197.076
-207.518
-222.527
-234.926
-246.019
-257.766
-266.902
-271.47
-274.732
-277.343
-276.038
-277.995
-279.953
-282.563
-287.784
-284.521
-283.216
-279.953
-275.385
-275.385
-273.427
-273.427
-274.08
-272.122
-270.164
-266.902
-259.071
-252.545
-246.019
-235.578
-231.01
-225.137
-214.696
-210.128
-198.382
-186.635
-174.236
-157.27
-142.913
-129.209
-116.158
-106.369
-97.8857
-89.4022
-82.8765
-74.3931
-62.6468
-54.816
-41.7646
-31.3234
-21.5348
-9.78857
1.30514
13.0514
28.7131
43.7223
60.0365
79.6137
93.3177
110.285
124.641
137.04
152.049
162.49
174.889
186.635
195.119
202.95
210.78
215.348
219.916
223.179
223.832
228.4
231.663
239.494
245.367
249.282
255.155
258.418
262.986
266.902
266.902
268.859
268.859
270.164
270.164
270.164
264.944
260.376
253.85
244.714
236.883
225.137
218.611
209.475
198.382
188.593
176.194
165.1
155.312
143.566
131.167
118.115
104.411
92.0125
78.3085
63.2994
51.5531
37.1966
23.4926
11.0937
-2.61028
-15.0091
-26.1028
-39.1543
-51.5531
-63.2994
-71.7828
-84.8342
-93.3177
-103.106
-111.59
-119.421
-129.862
-135.735
-144.871
-153.354
-159.88
-166.406
-174.236
-178.804
-182.72
-187.288
-188.593
-192.508
-193.814
-195.771
-193.814
-193.161
-188.593
-183.372
-184.678
-181.415
-181.415
-183.372
-182.067
-185.983
-185.33
-185.33
-184.678
-182.067
-184.678
-183.372
-180.11
-177.499
-172.931
-168.363
-162.49
-152.049
-141.608
-127.251
-118.768
-110.285
-96.5805
-90.7074
-83.5291
-75.6983
-71.7828
-63.2994
-55.4685
-47.6377
-42.4171
-36.544
-31.976
-26.1028
-14.3566
-9.136
1.95771
13.704
24.1451
34.5863
43.7223
55.4685
61.9943
69.1725
73.7405
75.0457
80.2662
84.8342
88.7497
94.6228
99.1908
102.454
106.369
109.632
110.285
112.242
110.937
116.81
122.683
125.946
131.819
134.43
135.082
137.693
138.998
138.345
140.955
140.955
144.871
147.481
146.176
146.176
141.608
138.998
136.387
135.735
133.777
131.167
129.862
122.683
120.073
115.505
112.895
112.242
108.327
105.717
98.5382
93.9702
92.0125
88.7497
86.1394
78.9611
74.3931
69.8251
63.2994
58.0788
46.9851
35.8914
27.408
20.2297
13.0514
3.26286
-5.22057
-13.704
-18.9246
-21.5348
-25.4503
-24.7977
-25.4503
-29.3657
-33.2811
-39.1543
-44.3748
-44.3748
-45.68
-48.2903
-52.8583
-60.0365
-66.5623
-70.4777
-74.3931
-78.3085
-78.3085
-77.0034
-75.6983
-72.4354
-69.8251
-73.7405
-79.6137
-80.9188
-79.6137
-76.3508
-73.7405
-75.6983
-78.3085
-80.2662
-83.5291
-82.8765
-84.1817
-86.792
-87.4445
-92.6651
-94.6228
-97.2331
-99.1908
-101.149
-103.759
-103.759
-101.801
-103.106
-105.064
-110.937
-117.463
-118.768
-116.81
-112.895
-110.937
-115.505
-120.726
-120.726
-120.073
-120.726
-120.073
-120.726
-119.421
-120.073
-118.768
-118.115
-116.81
-112.895
-108.979
-99.1908
-90.7074
-84.1817
-78.3085
-73.7405
-67.2148
-60.0365
-46.9851
-31.976
-16.9668
-1.95771
9.136
18.9246
33.2811
45.0274
56.1211
69.8251
78.9611
90.7074
99.8434
110.937
123.989
137.693
149.439
158.575
168.363
176.194
183.372
190.551
197.729
202.95
209.475
217.959
223.832
226.442
225.79
219.916
219.264
221.874
219.916
218.611
214.043
208.17
205.56
202.297
199.034
195.119
189.246
182.72
175.542
164.448
154.659
140.955
125.294
114.853
105.064
93.9702
85.4868
73.088
58.7314
46.3326
31.976
21.5348
11.0937
-3.91543
-13.0514
-23.4926
-33.2811
-41.112
-54.1634
-67.8674
-78.3085
-92.0125
-101.801
-109.632
-118.768
-124.641
-129.862
-137.04
-143.566
-146.829
-151.397
-150.744
-150.744
-150.744
-148.134
-148.786
-145.523
-142.913
-145.523
-146.829
-148.134
-150.744
-150.744
-152.049
-155.312
-154.659
-156.617
-154.007
-151.397
-148.134
-142.913
-138.998
-137.04
-133.777
-127.904
-127.251
-123.336
-121.378
-119.421
-114.2
-110.937
-104.411
-97.8857
-93.3177
-87.4445
-84.1817
-78.9611
-75.0457
-72.4354
-65.9097
-61.3417
-57.4263
-52.8583
-48.9428
-43.0697
-38.5017
-33.2811
-25.4503
-20.2297
-15.6617
-9.78857
-5.22057
-3.26286
-1.95771
-2.61028
-2.61028
0
1.95771
7.83085
13.704
18.9246
27.408
31.3234
36.544
43.0697
48.2903
54.816
64.6045
76.3508
85.4868
96.5805
105.717
114.853
125.946
134.43
143.566
150.744
160.532
170.974
178.804
190.551
198.382
202.297
210.78
212.738
213.391
214.696
210.128
209.475
207.518
205.56
204.907
201.644
199.687
194.466
189.898
182.72
175.542
169.668
160.532
153.354
143.566
134.43
122.683
111.59
102.454
93.9702
84.1817
75.0457
61.9943
51.5531
42.4171
26.1028
16.3143
5.22057
-7.83085
-18.272
-27.408
-36.544
-47.6377
-58.0788
-69.8251
-82.8765
-93.9702
-105.064
-114.853
-125.294
-133.125
-141.608
-150.744
-155.965
-163.795
-168.363
-170.321
-174.236
-174.889
-174.236
-178.804
-179.457
-181.415
-184.025
-185.33
-187.288
-185.983
-186.635
-184.025
-183.372
-184.025
-183.372
-183.372
-181.415
-180.11
-179.457
-174.889
-172.279
-168.363
-165.1
-160.532
-155.312
-148.786
-140.303
-130.514
-118.115
-107.674
-95.2754
-84.1817
-74.3931
-64.6045
-55.4685
-43.7223
-35.2388
-24.7977
-14.3566
-5.22057
4.568
11.7463
18.272
25.4503
31.3234
35.8914
42.4171
46.9851
49.5954
56.1211
60.0365
62.6468
64.6045
66.5623
69.8251
77.0034
83.5291
90.7074
98.5382
105.064
110.285
113.547
118.768
120.073
126.599
133.125
134.43
137.04
135.735
138.345
140.303
140.955
142.913
143.566
144.871
144.871
147.481
146.829
148.786
150.091
151.397
154.007
152.049
154.007
158.575
159.88
158.575
157.922
152.049
150.744
149.439
140.955
137.693
135.082
127.904
124.641
120.073
112.242
108.979
106.369
97.8857
94.6228
86.792
78.9611
75.6983
63.952
56.1211
46.9851
37.1966
28.7131
18.272
8.48342
-1.95771
-14.3566
-23.4926
-33.9337
-48.2903
-59.384
-75.0457
-87.4445
-98.5382
-111.59
-122.683
-134.43
-146.176
-154.659
-163.143
-172.279
-176.194
-185.33
-194.466
-200.992
-210.128
-212.086
-214.696
-216.654
-216.654
-221.874
-223.179
-223.179
-221.874
-219.916
-216.654
-214.696
-211.433
-203.602
-199.687
-192.508
-184.678
-178.804
-172.931
-167.058
-160.532
-153.354
-144.218
-137.04
-129.862
-121.378
-113.547
-103.106
-93.9702
-84.1817
-71.7828
-61.3417
-49.5954
-37.8491
-27.408
-13.704
-1.95771
8.48342
20.8823
29.3657
41.7646
51.5531
62.6468
74.3931
85.4868
97.2331
107.674
118.768
129.209
140.303
152.049
163.143
170.321
177.499
187.288
193.814
200.339
205.56
206.212
212.086
213.391
213.391
215.348
216.001
216.654
219.916
221.222
219.916
218.611
211.433
206.865
197.729
185.983
176.847
167.058
154.007
143.566
131.167
122.031
112.895
103.759
96.5805
86.1394
77.0034
67.2148
52.8583
39.1543
24.7977
12.3989
-0.652571
-13.0514
-22.84
-30.0183
-36.544
-43.7223
-48.2903
-56.7737
-63.2994
-70.4777
-77.0034
-82.8765
-89.4022
-93.3177
-99.1908
-103.106
-107.674
-114.2
-119.421
-123.336
-127.251
-128.557
-129.862
-129.209
-126.599
-127.904
-123.989
-120.073
-115.505
-109.632
-105.064
-101.801
-97.2331
-93.9702
-88.0971
-83.5291
-78.3085
-71.7828
-65.9097
-60.6891
-52.2057
-47.6377
-43.0697
-41.112
-40.4594
-38.5017
-39.8068
-41.112
-41.7646
-44.3748
-45.68
-46.9851
-50.248
-50.9005
-53.5108
-53.5108
-52.2057
-56.1211
-53.5108
-50.9005
-50.9005
-48.9428
-46.9851
-45.0274
-44.3748
-45.0274
-42.4171
-40.4594
-39.8068
-35.2388
-31.3234
-26.7554
-20.2297
-16.3143
-11.0937
-5.87314
-4.568
-1.95771
3.26286
7.17828
13.704
16.3143
16.3143
16.3143
15.6617
15.6617
15.6617
14.3566
16.3143
20.8823
24.7977
29.3657
35.2388
42.4171
46.9851
52.2057
56.7737
63.952
71.1303
76.3508
82.8765
86.792
88.7497
93.9702
97.8857
100.496
101.801
101.149
100.496
101.149
103.759
103.106
101.801
103.759
102.454
102.454
103.759
100.496
99.8434
98.5382
92.6651
90.0548
87.4445
83.5291
80.9188
75.0457
69.8251
69.1725
67.2148
63.2994
61.9943
61.3417
58.7314
56.1211
50.248
46.9851
43.7223
37.8491
33.9337
30.0183
24.7977
18.9246
13.704
9.136
3.91543
-4.568
-14.3566
-22.84
-31.3234
-40.4594
-45.68
-52.2057
-58.7314
-61.3417
-64.6045
-65.9097
-65.2571
-67.2148
-72.4354
-77.656
-81.5714
-88.7497
-93.3177
-95.2754
-99.1908
-101.801
-105.064
-107.674
-105.064
-103.106
-105.064
-103.106
-104.411
-104.411
-101.801
-101.149
-97.8857
-94.6228
-93.9702
-92.6651
-92.0125
-90.7074
-89.4022
-86.792
-84.8342
-82.224
-81.5714
-79.6137
-76.3508
-74.3931
-66.5623
-60.6891
-54.816
-46.9851
-41.7646
-35.8914
-30.6708
-25.4503
-20.8823
-14.3566
-8.48342
-3.26286
1.30514
4.568
7.17828
7.83085
9.78857
12.3989
13.0514
17.6194
21.5348
25.4503
30.6708
35.8914
38.5017
41.7646
46.3326
49.5954
51.5531
54.1634
56.7737
54.816
57.4263
62.6468
62.6468
65.2571
64.6045
64.6045
63.952
61.3417
60.6891
61.3417
61.3417
58.7314
58.7314
59.384
59.384
62.6468
63.952
64.6045
62.6468
61.9943
59.384
60.0365
60.6891
61.3417
61.9943
60.0365
59.384
60.6891
58.7314
57.4263
56.7737
58.7314
60.0365
58.0788
56.1211
57.4263
58.7314
59.384
61.3417
62.6468
65.2571
63.952
60.6891
58.0788
56.7737
54.1634
51.5531
50.248
48.2903
47.6377
43.7223
41.112
41.7646
38.5017
36.544
34.5863
28.7131
22.84
18.272
12.3989
4.568
-3.91543
-8.48342
-13.0514
-17.6194
-24.7977
-30.0183
-37.8491
-44.3748
-50.9005
-59.384
-64.6045
-72.4354
-77.0034
-82.224
-89.4022
-97.2331
-106.369
-116.81
-125.294
-131.167
-137.693
-141.608
-144.871
-147.481
-147.481
-148.786
-148.786
-147.481
-150.091
-153.354
-154.659
-155.312
-156.617
-153.354
-156.617
-157.27
-155.965
-156.617
-155.965
-150.091
-145.523
-140.303
-133.125
-127.251
-114.853
-101.801
-90.0548
-73.7405
-63.952
-52.8583
-41.112
-31.3234
-16.9668
-6.52571
3.26286
13.0514
22.84
28.0606
39.1543
48.2903
55.4685
70.4777
79.6137
91.36
107.674
118.115
131.819
143.566
153.354
163.143
171.626
178.152
185.983
192.508
197.729
199.687
202.297
202.297
202.95
199.687
196.424
194.466
187.94
188.593
184.025
178.152
174.889
167.711
163.143
155.965
147.481
140.303
131.167
124.641
119.421
110.937
101.149
89.4022
77.0034
65.2571
56.7737
46.3326
35.2388
23.4926
10.4411
-0.652571
-11.7463
-22.1874
-34.5863
-46.3326
-55.4685
-63.952
-70.4777
-75.0457
-80.2662
-84.8342
-88.7497
-93.9702
-96.5805
-99.1908
-103.759
-106.369
-110.937
-114.853
-116.158
-116.81
-115.505
-114.853
-113.547
-112.895
-108.979
-108.327
-106.369
-103.759
-103.759
-99.8434
-99.1908
-95.928
-90.0548
-85.4868
-79.6137
-73.088
-67.8674
-62.6468
-58.0788
-56.1211
-52.8583
-52.2057
-50.9005
-47.6377
-45.68
-44.3748
-39.8068
-38.5017
-39.8068
-35.8914
-39.1543
-39.8068
-41.112
-45.68
-44.3748
-46.9851
-48.9428
-43.7223
-43.7223
-40.4594
-33.9337
-33.9337
-30.6708
-27.408
-27.408
-23.4926
-25.4503
-25.4503
-22.1874
-20.2297
-13.0514
-9.78857
-9.136
-5.22057
-3.26286
-3.26286
0.652571
0.652571
1.95771
7.17828
8.48342
15.6617
21.5348
26.1028
31.3234
36.544
42.4171
50.9005
57.4263
60.6891
66.5623
67.8674
69.8251
73.088
75.0457
78.3085
83.5291
83.5291
86.1394
90.0548
90.7074
93.9702
92.6651
90.7074
91.36
93.3177
95.2754
95.928
97.8857
97.8857
99.8434
101.149
103.106
104.411
103.759
101.149
95.928
90.0548
83.5291
78.9611
75.0457
67.8674
65.9097
61.3417
55.4685
52.8583
45.68
41.112
35.2388
28.0606
24.7977
18.272
13.704
9.136
5.22057
0
-4.568
-7.83085
-11.0937
-10.4411
-14.3566
-16.9668
-20.2297
-26.1028
-28.0606
-33.9337
-39.8068
-44.3748
-50.9005
-54.1634
-58.7314
-61.9943
-64.6045
-66.5623
-69.1725
-70.4777
-70.4777
-72.4354
-71.7828
-77.0034
-80.9188
-82.224
-85.4868
-86.792
-87.4445
-88.0971
-88.7497
-90.0548
-92.6651
-92.6651
-90.0548
-90.0548
-87.4445
-87.4445
-87.4445
-84.1817
-86.1394
-84.1817
-84.1817
-82.224
-82.8765
-83.5291
-81.5714
-80.2662
-75.6983
-77.0034
-74.3931
-73.7405
-72.4354
-70.4777
-69.8251
-66.5623
-65.2571
-60.6891
-56.7737
-52.8583
-43.0697
-38.5017
-31.976
-26.1028
-22.84
-16.9668
-9.78857
-4.568
2.61028
9.136
13.0514
18.272
24.1451
27.408
32.6286
33.9337
35.2388
40.4594
45.0274
52.2057
58.0788
62.6468
65.9097
69.1725
70.4777
75.0457
81.5714
86.792
93.3177
96.5805
100.496
108.327
109.632
112.895
115.505
114.2
117.463
118.115
121.378
123.989
125.294
126.599
125.946
126.599
125.946
123.989
119.421
114.2
108.979
104.411
103.759
99.1908
95.928
92.6651
85.4868
80.2662
75.0457
71.1303
65.2571
60.0365
54.816
50.248
43.0697
38.5017
35.8914
28.7131
24.1451
18.272
13.0514
9.136
2.61028
-1.30514
-6.52571
-14.3566
-20.8823
-26.7554
-33.9337
-39.1543
-43.7223
-50.9005
-58.7314
-65.2571
-74.3931
-80.2662
-86.1394
-93.9702
-99.1908
-107.022
-109.632
-110.285
-111.59
-112.242
-115.505
-116.81
-116.81
-115.505
-114.853
-112.242
-112.895
-116.81
-118.115
-120.073
-116.158
-112.895
-112.242
-109.632
-108.327
-107.674
-105.717
-103.106
-100.496
-98.5382
-96.5805
-93.9702
-90.0548
-86.792
-82.8765
-80.2662
-80.2662
-79.6137
-77.656
-74.3931
-69.1725
-61.3417
-52.2057
-42.4171
-31.976
-20.8823
-13.0514
-5.87314
0
2.61028
9.136
15.0091
20.8823
26.7554
31.3234
34.5863
36.544
37.8491
39.1543
42.4171
46.3326
52.8583
60.0365
66.5623
71.1303
73.7405
74.3931
73.088
72.4354
73.7405
74.3931
75.6983
80.2662
82.224
85.4868
89.4022
91.36
94.6228
99.1908
102.454
107.022
110.285
115.505
118.768
119.421
118.768
117.463
116.158
109.632
108.979
106.369
104.411
103.106
101.801
103.759
104.411
107.022
103.759
100.496
97.2331
93.9702
93.9702
90.0548
88.7497
82.8765
75.6983
69.1725
61.9943
60.0365
49.5954
43.0697
37.8491
30.0183
24.1451
18.272
14.3566
5.87314
-1.30514
-7.17828
-16.9668
-24.1451
-31.976
-37.8491
-44.3748
-52.8583
-59.384
-67.2148
-76.3508
-84.8342
-92.0125
-93.9702
-101.149
-101.801
-104.411
-108.979
-109.632
-113.547
-116.81
-121.378
-123.989
-127.904
-131.167
-132.472
-133.125
-133.125
-133.125
-135.082
-133.125
-131.819
-130.514
-127.904
-122.031
-116.81
-111.59
-105.064
-102.454
-96.5805
-93.9702
-91.36
-84.1817
-81.5714
-77.0034
-71.7828
-67.8674
-63.952
-60.0365
-55.4685
-52.2057
-48.2903
-43.0697
-37.8491
-30.6708
-26.7554
-20.8823
-14.3566
-11.7463
-11.0937
-7.17828
-7.17828
-7.83085
-3.91543
-1.30514
2.61028
6.52571
11.0937
15.0091
16.9668
18.9246
23.4926
24.1451
28.0606
32.6286
38.5017
42.4171
45.0274
47.6377
46.9851
45.0274
45.0274
45.68
45.0274
47.6377
50.248
56.1211
62.6468
67.8674
75.6983
80.2662
80.9188
84.1817
88.7497
92.0125
95.928
101.801
105.717
108.979
114.853
120.073
123.336
127.904
132.472
137.693
142.913
142.913
143.566
143.566
139.65
137.693
137.04
133.125
129.209
127.251
122.683
118.768
112.895
107.022
99.8434
94.6228
90.7074
86.1394
84.1817
78.9611
77.656
73.088
66.5623
62.6468
54.1634
45.68
35.8914
27.408
16.9668
7.83085
1.95771
-7.83085
-16.9668
-26.1028
-38.5017
-48.9428
-60.6891
-73.088
-85.4868
-95.2754
-106.369
-114.2
-124.641
-133.125
-140.303
-147.481
-151.397
-154.659
-155.965
-157.922
-159.88
-158.575
