SAMPLES: 10082
BITSPERSAMPLE:	16
CHANNELS:	1
SAMPLERATE:	16000
NORMALIZED:	FALSE
105.529
91.115
71.5536
42.2115
13.3841
6.69206
10.2955
0
-19.5614
-30.8864
-50.4479
-88.5411
-122.516
-148.77
-169.875
-192.011
-214.661
-229.589
-248.636
-273.345
-299.084
-323.278
-345.413
-370.637
-399.465
-422.629
-425.203
-418.511
-412.334
-397.406
-385.566
-388.654
-396.891
-398.435
-390.199
-375.785
-356.738
-334.603
-314.012
-297.539
-280.037
-259.446
-244.518
-231.648
-219.809
-210.028
-193.555
-173.479
-159.58
-140.019
-116.339
-98.3218
-92.6593
-93.1741
-93.6889
-91.115
-78.2457
-58.1695
-34.4899
-22.6501
-22.1353
-22.1353
-22.6501
-18.0171
-11.8398
-6.69206
1.02955
12.3546
23.1648
38.6081
69.4945
137.445
240.399
327.396
359.312
347.987
337.692
358.283
396.891
425.718
442.706
460.208
482.858
507.567
512.2
488.006
456.605
433.954
429.322
440.132
445.794
426.233
406.157
408.731
412.334
391.743
340.266
264.594
188.922
136.415
110.162
96.7775
81.8491
65.3763
53.5365
42.7262
29.3421
18.5319
10.8103
9.78071
11.325
-2.0591
-20.0762
-20.0762
-13.8989
-16.4728
-22.1353
-25.2239
-36.0342
-59.7138
-79.79
-93.6889
-106.558
-126.634
-147.225
-163.698
-182.745
-205.91
-235.252
-259.961
-283.64
-307.835
-333.574
-354.165
-362.401
-376.3
-395.861
-406.671
-400.494
-392.258
-386.595
-377.844
-368.578
-360.342
-353.135
-342.325
-325.852
-310.924
-299.598
-284.155
-263.564
-240.399
-219.809
-203.336
-181.715
-163.183
-147.74
-137.445
-125.605
-111.191
-91.115
-53.5365
-26.7682
-25.2239
-61.2581
-96.7775
-105.014
-100.896
-101.41
-122.516
-126.12
-119.428
-117.883
-127.664
-128.694
-106.558
-74.1275
-30.8864
2.0591
35.5194
99.8662
224.956
372.696
486.461
531.762
523.525
521.466
535.88
548.749
519.922
498.301
489.035
488.006
494.698
499.331
504.479
477.71
446.824
394.317
328.941
280.037
261.505
273.345
303.717
345.413
333.574
271.286
198.188
148.255
100.381
44.7853
8.23638
6.69206
51.4774
118.398
171.935
169.361
134.871
103.47
78.7604
60.2286
33.9751
-8.75116
-38.0933
-3.08864
65.3763
96.2627
67.9502
25.7387
-13.3841
-64.8615
-124.575
-196.129
-254.298
-270.771
-253.269
-245.547
-269.227
-312.983
-359.312
-382.477
-393.287
-423.144
-464.326
-469.989
-426.233
-379.388
-362.401
-358.283
-345.928
-334.088
-333.574
-339.236
-352.62
-355.709
-328.941
-281.581
-235.766
-199.732
-187.378
-189.952
-185.833
-184.804
-209.513
-239.885
-246.062
-231.134
-210.543
-194.585
-178.112
-166.272
-163.183
-167.816
-176.053
-178.627
-173.479
-160.609
-138.989
-107.073
-82.3638
-83.9082
-94.2036
-100.896
-106.043
-115.309
-130.238
-129.723
-103.47
-58.6842
7.20684
99.3514
258.417
515.289
824.153
1049.62
1070.73
961.083
854.01
800.474
707.814
552.867
453.001
451.457
501.905
444.765
270.771
94.2036
7.72161
-4.63297
-23.1648
-1.02955
100.381
287.759
482.858
611.552
638.835
561.618
438.587
297.025
167.816
70.0093
41.6967
84.4229
169.875
248.121
269.227
225.471
132.297
13.3841
-106.558
-170.39
-179.656
-177.597
-180.171
-141.048
-55.5956
6.69206
4.11819
-59.7138
-134.871
-190.466
-218.264
-250.18
-277.463
-276.434
-253.269
-237.826
-269.227
-351.076
-470.503
-566.251
-610.522
-615.67
-598.167
-531.247
-412.849
-300.628
-224.441
-200.762
-203.336
-220.323
-248.121
-289.303
-312.983
-298.054
-268.197
-232.163
-192.525
-143.622
-129.208
-159.58
-200.762
-210.028
-184.804
-152.888
-114.28
-80.8195
-46.3297
-27.7978
-28.3126
-45.3001
-73.0979
-101.41
-132.297
-134.356
-111.191
-81.8491
-61.2581
-28.3126
9.26593
36.0342
32.4308
0
-37.0637
-61.2581
-72.5831
-93.6889
-107.588
-106.043
-75.6718
-44.7853
-41.1819
-25.2239
63.3172
294.966
641.408
995.573
1191.7
1159.79
1027.49
886.441
733.553
515.804
319.675
267.682
318.13
317.616
153.917
-39.6376
-144.137
-173.479
-206.939
-222.897
-103.47
142.078
421.6
622.362
727.89
740.245
647.586
455.06
222.382
54.566
-29.8569
-52.5069
-29.8569
42.2115
124.575
150.829
83.9082
-59.7138
-189.952
-247.092
-245.547
-253.784
-257.387
-178.112
-41.6967
64.8615
74.1275
37.0637
7.72161
-35.0046
-126.634
-251.21
-297.539
-268.197
-241.944
-273.345
-322.763
-357.253
-429.322
-538.454
-657.366
-703.696
-668.691
-579.121
-456.09
-311.953
-170.905
-96.7775
-92.6593
-139.504
-202.306
-271.801
-320.704
-339.236
-328.426
-275.404
-197.673
-137.959
-123.031
-142.592
-177.597
-207.454
-224.441
-218.779
-171.42
-94.7184
-38.0933
-20.0762
-31.4012
-48.3888
-77.7309
-127.149
-163.698
-163.698
-135.9
-109.647
-77.2161
-18.5319
40.6671
60.7433
45.3001
31.4012
32.9455
24.7092
4.11819
-6.17729
13.8989
43.7558
59.7138
52.5069
52.5069
124.061
268.712
476.681
768.043
1119.12
1359
1331.21
1139.71
954.906
810.254
614.64
390.713
282.096
303.717
297.539
117.368
-99.8662
-192.011
-171.935
-140.533
-96.2627
58.6842
332.544
621.332
791.722
855.554
862.246
785.545
570.884
286.729
76.1866
-20.591
-60.2286
-78.7604
-54.0513
11.8398
60.2286
2.0591
-147.74
-291.877
-348.502
-333.574
-313.497
-280.552
-204.365
-80.8195
-2.57387
-1.02955
-35.5194
-66.9206
-114.28
-196.129
-291.877
-353.65
-349.532
-357.253
-404.098
-468.444
-529.702
-617.214
-721.713
-793.267
-795.841
-720.169
-610.007
-491.609
-368.063
-253.269
-200.247
-217.749
-266.653
-327.396
-392.773
-448.368
-484.917
-490.58
-467.415
-425.203
-382.992
-342.839
-311.438
-299.598
-286.214
-262.02
-226.501
-179.656
-111.706
-50.4479
-9.78071
3.08864
-24.1944
-68.9797
-113.25
-149.799
-177.082
-165.242
-129.723
-83.9082
-25.7387
40.1524
91.115
108.617
101.925
91.115
106.043
129.723
140.533
146.196
155.462
165.757
227.015
353.65
543.601
845.774
1213.84
1462.47
1430.56
1246.27
1078.97
946.669
758.777
536.395
447.853
502.934
513.23
315.042
81.8491
-21.1057
-36.549
-42.2115
-3.60342
169.875
467.415
770.617
943.066
1011.02
1030.58
937.403
672.295
344.899
110.162
4.63297
-30.3717
-53.5365
-33.9751
51.9922
118.398
45.8149
-135.9
-295.48
-374.241
-410.79
-425.203
-374.755
-239.37
-91.6298
-27.283
-50.9626
-106.043
-166.787
-253.269
-353.65
-427.777
-447.339
-457.634
-495.213
-545.146
-594.564
-667.662
-798.414
-947.699
-1047.57
-1061.46
-1015.13
-925.049
-787.089
-612.581
-466.9
-409.245
-429.836
-481.828
-536.395
-602.8
-664.058
-686.709
-663.029
-623.391
-584.783
-534.335
-481.314
-446.309
-437.043
-413.878
-345.413
-247.606
-153.403
-84.4229
-20.0762
47.3592
71.5536
36.0342
-18.5319
-45.8149
-47.3592
-66.9206
-98.3218
-99.3514
-54.566
9.26593
62.8024
118.913
197.158
262.535
288.273
312.983
357.768
387.11
369.608
319.675
286.729
310.409
404.612
527.643
747.967
1191.7
1736.33
2010.71
1842.89
1538.66
1343.05
1190.67
878.204
527.643
449.398
633.172
694.43
425.203
142.592
47.3592
49.9331
7.20684
5.66251
199.732
591.475
984.248
1191.7
1281.27
1308.04
1156.18
739.215
245.032
-78.7604
-186.348
-227.53
-285.185
-249.151
-56.6251
83.3934
-20.591
-283.126
-478.225
-525.584
-543.087
-599.197
-574.488
-344.899
-73.6127
20.0762
-45.3001
-122.001
-197.673
-342.839
-536.909
-662.514
-640.379
-582.209
-624.421
-725.317
-770.617
-823.638
-981.159
-1176.26
-1292.6
-1263.77
-1145.89
-1020.8
-865.85
-632.142
-405.642
-332.544
-407.701
-512.715
-589.931
-654.793
-717.08
-747.452
-697.004
-587.357
-503.964
-464.326
-414.393
-354.679
-323.793
-312.983
-273.345
-177.597
-59.199
41.1819
113.765
178.112
223.927
189.952
91.6298
6.17729
-19.0466
-23.6796
-34.4899
-18.5319
46.3297
149.284
225.986
262.02
291.362
323.278
312.983
280.552
293.421
335.633
370.637
385.566
394.317
411.819
468.959
560.074
720.684
1114.49
1676.62
2049.32
1962.83
1651.91
1406.88
1226.71
914.753
490.065
304.231
419.026
503.964
259.446
-58.1695
-183.26
-146.711
-114.28
-109.647
36.0342
377.844
784.001
1032.64
1139.19
1173.17
1060.43
718.11
253.269
-107.073
-271.286
-330.485
-415.423
-446.309
-304.231
-121.487
-122.516
-341.81
-554.412
-610.522
-586.842
-610.522
-624.421
-464.326
-190.466
19.0466
75.157
42.2115
-52.5069
-204.365
-378.359
-542.057
-616.184
-635.231
-646.041
-661.999
-683.62
-765.469
-933.285
-1107.79
-1218.98
-1209.2
-1092.87
-922.475
-725.831
-482.343
-236.281
-105.529
-107.073
-207.969
-343.869
-448.368
-512.2
-544.116
-527.643
-466.385
-398.435
-336.662
-297.539
-294.451
-315.556
-322.249
-281.067
-177.082
-19.5614
115.309
204.365
281.581
334.088
295.48
169.361
36.549
-45.3001
-56.1104
-38.0933
-12.8694
39.1228
128.179
197.673
225.471
230.104
228.045
224.956
220.323
211.572
227.015
300.113
374.241
398.435
366.004
312.468
288.273
343.869
447.853
715.536
1269.95
1866.06
2046.23
1785.24
1468.14
1237
940.492
476.681
135.386
155.977
332.544
244.518
-63.3172
-235.766
-233.193
-221.868
-270.256
-230.619
2.0591
407.186
777.824
978.071
1074.33
1064.04
857.099
446.824
-14.9284
-345.928
-476.166
-518.377
-554.412
-477.196
-261.505
-102.955
-183.774
-406.157
-547.205
-559.045
-568.825
-622.362
-545.146
-251.724
64.3468
187.893
141.048
50.9626
-67.9502
-244.003
-461.238
-615.67
-625.965
-575.003
-585.813
-647.586
-704.726
-804.077
-935.859
-1059.4
-1116.03
-1051.17
-877.69
-666.632
-452.486
-218.779
-40.6671
19.0466
-43.7558
-168.846
-282.096
-344.384
-383.507
-430.351
-429.322
-368.063
-304.746
-283.126
-279.008
-266.138
-239.885
-208.998
-158.036
-41.6967
101.41
200.247
240.399
266.138
263.564
198.188
88.5411
-21.1057
-64.8615
-39.6376
1.54432
40.6671
87.5116
158.036
230.104
270.256
277.978
265.623
236.281
209.513
227.015
250.695
255.843
244.003
225.986
214.661
235.252
289.303
354.165
578.606
1116.54
1807.37
2121.38
1878.41
1494.39
1279.73
1050.65
561.618
73.6127
-47.874
129.208
118.398
-224.956
-508.082
-517.863
-426.233
-412.849
-367.034
-131.267
317.101
766.499
1021.83
1116.03
1141.77
1016.68
609.492
56.1104
-352.62
-481.314
-491.094
-542.572
-541.542
-343.869
-86.9968
-88.0264
-356.738
-573.973
-554.926
-483.888
-530.217
-529.702
-298.569
28.8273
188.407
164.213
113.25
64.3468
-93.1741
-336.147
-513.744
-530.732
-476.681
-486.461
-554.926
-611.037
-680.016
-840.626
-1035.21
-1137.14
-1071.24
-894.162
-683.105
-473.592
-234.222
11.8398
148.255
130.238
30.3717
-63.3172
-144.137
-232.163
-332.029
-389.169
-369.093
-333.574
-335.118
-346.958
-323.793
-286.729
-271.801
-233.193
-115.824
51.9922
201.277
281.067
322.763
337.177
272.83
122.516
-18.0171
-74.6422
-76.7013
-72.5831
-63.3172
4.11819
122.001
217.235
224.441
196.129
203.851
210.028
183.774
141.048
146.711
179.656
183.774
109.647
-2.0591
-28.3126
49.9331
191.496
401.009
881.808
1596.31
2089.98
1984.45
1569.03
1272.01
1053.23
643.468
113.25
-109.132
42.2115
151.858
-110.162
-438.587
-542.572
-489.55
-454.031
-417.482
-228.045
190.466
716.565
1093.89
1241.12
1240.61
1116.03
756.718
203.851
-294.966
-521.466
-529.188
-525.069
-523.01
-365.49
-105.529
-25.2239
-233.193
-502.934
-575.003
-507.052
-493.668
-491.094
-304.231
24.7092
252.754
260.476
153.403
84.4229
25.7387
-134.356
-384.536
-524.555
-464.326
-355.709
-369.093
-510.656
-642.438
-736.642
-867.909
-1067.64
-1182.95
-1072.27
-795.841
-509.626
-294.966
-91.6298
92.6593
194.585
143.622
-6.17729
-145.166
-236.281
-316.586
-403.068
-431.381
-397.406
-355.194
-363.945
-388.654
-373.726
-313.497
-248.636
-180.686
-50.9626
136.93
292.906
339.751
283.64
205.91
124.061
24.1944
-79.79
-134.871
-111.706
-36.0342
44.2706
91.6298
121.487
143.622
163.183
173.479
172.964
155.462
131.782
134.356
125.605
92.1445
54.566
9.78071
-13.3841
59.7138
229.589
478.74
975.497
1671.47
2136.31
2034.9
1621.54
1279.73
1001.75
580.665
66.4058
-138.989
15.958
96.2627
-182.745
-495.213
-569.855
-515.289
-471.018
-403.068
-179.656
255.843
783.486
1160.3
1311.64
1302.38
1140.22
770.102
233.707
-269.742
-515.289
-522.496
-497.786
-489.035
-345.413
-108.617
-41.1819
-250.695
-529.188
-628.539
-582.724
-560.589
-517.863
-286.214
64.8615
294.451
311.953
223.412
122.516
-23.1648
-217.749
-372.696
-416.967
-402.553
-370.123
-317.616
-341.81
-500.36
-757.747
-1006.38
-1155.15
-1182.44
-1112.94
-922.475
-592.505
-233.193
35.5194
162.669
161.639
83.9082
-12.8694
-131.782
-249.151
-307.32
-316.586
-315.042
-313.497
-333.574
-386.081
-450.942
-506.538
-531.762
-469.474
-300.113
-81.3343
120.972
298.054
436.014
474.107
387.11
205.91
39.1228
-54.566
-99.8662
-121.487
-92.1445
3.60342
111.706
166.787
162.154
146.196
148.77
141.048
131.267
158.036
223.412
274.889
253.269
179.141
103.984
19.0466
-96.7775
-123.546
14.4137
392.773
1085.14
1885.1
2275.82
2068.36
1668.9
1342.02
988.366
450.942
-10.8103
-85.4525
98.8366
64.8615
-289.303
-545.146
-603.83
-622.362
-654.278
-550.808
-233.707
296.51
886.441
1304.44
1512.92
1521.16
1275.1
738.701
89.5707
-409.245
-613.096
-621.847
-612.066
-544.631
-322.249
-93.1741
-123.546
-391.743
-632.142
-688.768
-649.13
-602.8
-438.073
-84.9377
273.86
431.381
393.287
277.463
125.605
-96.7775
-365.49
-542.572
-531.247
-437.043
-383.507
-396.376
-451.972
-586.328
-808.71
-1070.73
-1252.96
-1237
-1057.86
-788.634
-450.942
-98.3218
149.799
246.577
199.732
47.874
-124.061
-258.931
-358.797
-408.731
-374.755
-299.084
-251.724
-270.256
-340.78
-410.275
-444.765
-453.001
-425.203
-292.392
-48.9035
206.939
392.258
481.314
476.681
382.992
218.264
31.916
-100.896
-136.93
-100.896
-10.8103
111.191
219.294
259.961
214.146
134.871
91.115
94.2036
115.824
149.799
196.129
233.193
203.336
110.676
-25.2239
-158.036
-252.754
-215.69
-37.0637
349.532
1083.08
1970.04
2435.91
2204.26
1727.07
1346.13
997.632
454.545
-75.157
-205.395
11.325
72.0684
-256.357
-578.091
-687.223
-694.945
-726.346
-655.307
-324.822
296.51
989.396
1458.35
1667.35
1655
1372.9
771.646
26.2535
-555.441
-785.03
-752.6
-677.957
-553.897
-280.037
-10.8103
-22.6501
-332.029
-635.231
-720.684
-650.674
-559.559
-369.608
15.958
436.014
626.48
527.643
308.35
92.1445
-139.504
-437.043
-677.957
-659.94
-434.984
-285.185
-328.426
-450.942
-584.783
-764.954
-1013.08
-1233.91
-1245.24
-983.218
-613.611
-290.847
-7.20684
218.779
321.734
261.505
45.8149
-211.572
-358.283
-388.14
-389.684
-356.738
-275.404
-214.661
-233.707
-333.574
-466.9
-548.234
-551.838
-508.082
-351.591
-39.6376
292.906
484.402
523.01
466.385
354.165
176.053
-70.0093
-260.99
-264.079
-130.753
-8.23638
67.9502
127.149
152.373
115.309
3.08864
-130.753
-148.77
-47.3592
63.832
124.061
179.656
185.833
94.7184
-79.2752
-327.396
-543.087
-575.003
-391.228
-18.0171
735.097
1797.08
2598.06
2617.11
2108.51
1578.81
1134.56
568.825
-88.5411
-360.342
-94.7184
210.543
29.3421
-379.388
-611.037
-695.974
-810.769
-895.192
-699.063
-71.0388
816.432
1540.72
1923.2
2017.91
1816.64
1227.74
354.165
-448.883
-857.614
-851.436
-694.945
-507.052
-183.774
194.585
302.172
-4.63297
-436.014
-640.379
-605.889
-523.525
-368.063
34.4899
574.488
903.428
845.774
559.559
266.653
-21.1057
-378.359
-708.844
-790.693
-605.374
-387.11
-305.776
-334.603
-430.351
-572.429
-771.131
-1000.72
-1155.15
-1087.2
-812.313
-458.664
-117.883
144.137
310.409
300.113
75.157
-274.889
-553.382
-688.768
-729.435
-672.295
-523.01
-335.633
-197.158
-162.154
-251.21
-389.684
-503.964
-578.606
-542.057
-356.224
-78.7604
196.129
389.684
445.28
370.637
213.116
-4.11819
-237.311
-403.068
-424.689
-317.616
-136.415
13.8989
84.9377
109.132
95.748
8.23638
-122.516
-184.289
-123.546
6.69206
101.41
122.516
103.984
25.7387
-192.011
-512.715
-806.136
-914.239
-728.92
-308.864
247.092
1114.49
2281.99
3128.8
3016.06
2245.96
1543.29
1076.39
578.606
33.4603
-103.47
272.315
591.99
279.522
-371.667
-829.816
-1049.11
-1179.35
-1136.62
-657.881
270.771
1367.24
2159.48
2446.72
2368.99
1964.89
1155.67
88.5411
-745.393
-967.775
-680.531
-300.628
-34.4899
270.256
602.286
608.463
120.457
-501.39
-801.503
-734.068
-549.779
-288.788
183.774
727.89
953.876
725.831
298.054
-91.115
-412.849
-690.827
-837.023
-729.435
-419.541
-115.824
-9.78071
-106.558
-344.899
-690.312
-1098.01
-1474.31
-1636.47
-1461.44
-1000.21
-472.563
-62.8024
178.627
239.885
89.5707
-276.948
-696.489
-972.408
-1025.94
-893.133
-660.455
-392.258
-167.302
-90.6002
-232.163
-519.922
-771.646
-885.411
-844.229
-645.012
-300.628
89.5707
384.021
472.563
332.544
80.8195
-181.715
-398.95
-531.247
-514.259
-331.514
-44.7853
215.69
319.675
278.493
175.023
37.0637
-131.267
-231.134
-177.597
-11.325
140.019
167.302
100.381
-25.7387
-260.99
-614.64
-925.564
-978.071
-719.139
-230.104
321.734
1077.42
2223.82
3340.88
3576.65
2813.75
1906.21
1381.65
1025.43
472.048
33.9751
185.833
667.662
627.51
-132.297
-892.618
-1208.69
-1215.38
-1135.08
-786.575
53.0217
1240.61
2217.65
2587.77
2504.89
2144.03
1447.03
426.233
-505.508
-832.904
-506.538
1.02955
292.392
473.077
682.59
683.105
210.543
-521.466
-995.058
-999.176
-757.747
-473.077
-39.6376
516.318
824.668
618.244
116.854
-301.143
-539.483
-720.169
-850.407
-731.494
-352.105
-24.1944
7.20684
-212.087
-583.239
-1038.3
-1469.17
-1768.76
-1825.9
-1569.03
-1080
-567.281
-173.994
16.4728
-26.2535
-237.826
-547.72
-860.702
-1031.61
-981.159
-795.326
-545.66
-304.746
-196.129
-268.712
-446.309
-638.32
-779.883
-807.166
-699.578
-458.149
-112.736
225.471
417.996
428.807
274.889
-10.8103
-304.231
-464.841
-456.09
-332.544
-147.225
86.482
322.763
413.878
276.948
42.2115
-94.2036
-102.955
-68.4649
-14.9284
150.829
360.857
425.718
273.86
-19.0466
-325.852
-594.564
-789.663
-865.85
-706.27
-307.835
220.323
734.068
1384.74
2404.51
3361.99
3448.47
2643.36
1819.21
1438.28
1163.39
618.244
185.833
347.472
722.228
468.959
-426.748
-1154.12
-1320.4
-1175.74
-991.455
-593.534
271.801
1413.57
2222.79
2373.11
2147.64
1773.91
1138.17
244.003
-455.575
-482.343
48.3888
534.85
615.67
549.264
563.678
394.832
-233.707
-1001.24
-1318.85
-1087.72
-685.679
-371.667
-29.3421
350.046
467.93
159.065
-307.32
-570.37
-602.8
-601.256
-591.99
-420.056
-120.972
-9.78071
-275.404
-697.519
-1046.02
-1312.67
-1571.09
-1740.45
-1656.03
-1284.36
-796.87
-453.516
-281.067
-234.737
-324.308
-523.525
-735.097
-868.424
-849.377
-672.81
-459.693
-270.256
-146.196
-145.681
-267.168
-427.777
-545.146
-576.547
-506.538
-365.49
-163.698
56.6251
189.952
151.858
0
-130.753
-214.661
-282.611
-284.155
-132.297
131.782
359.827
440.647
395.346
319.675
211.057
75.6718
-28.8273
-2.0591
154.947
309.894
396.376
407.186
372.696
231.134
-56.6251
-396.376
-586.842
-593.02
-521.981
-438.073
-304.231
-12.8694
374.241
665.088
915.783
1589.11
2653.66
3228.15
2742.72
1885.1
1465.05
1354.37
955.935
335.633
192.011
532.791
475.651
-425.718
-1322.45
-1498.51
-1210.75
-963.657
-677.957
16.9875
1056.83
1872.75
2026.15
1801.19
1601.46
1343.56
770.617
130.238
-57.1399
285.185
641.923
566.766
247.092
86.482
-37.5785
-520.951
-1204.06
-1493.87
-1183.98
-722.743
-494.183
-327.396
12.8694
277.978
117.883
-330.485
-612.066
-546.69
-368.578
-316.071
-334.088
-251.21
-183.774
-343.869
-660.97
-954.391
-1183.47
-1367.24
-1444.46
-1339.96
-1061.98
-785.545
-632.657
-545.146
-464.841
-456.09
-555.956
-669.721
-719.654
-657.366
-506.023
-356.738
-249.665
-138.474
-56.6251
-71.5536
-145.166
-221.353
-269.742
-296.51
-301.143
-275.404
-233.193
-223.412
-306.291
-395.861
-370.637
-244.003
-98.8366
27.7978
195.099
397.406
538.454
542.572
474.107
429.836
396.891
340.266
252.239
195.099
182.745
161.639
99.8662
24.1944
-32.4308
-126.634
-264.079
-345.928
-289.818
-177.082
-109.132
-90.6002
-57.1399
69.4945
312.983
599.712
1044.99
1939.67
2970.25
3234.84
2507.98
1648.82
1277.15
1146.92
771.131
332.544
350.561
648.615
375.27
-584.269
-1331.21
-1450.63
-1275.61
-1085.14
-655.307
224.441
1316.79
2050.86
2159.99
1989.09
1768.25
1308.56
555.956
-45.3001
-101.925
256.357
501.39
314.012
-43.241
-244.518
-495.213
-1073.82
-1656.54
-1703.9
-1233.4
-748.996
-479.769
-188.922
186.863
282.611
-99.8662
-611.037
-781.427
-602.286
-384.536
-292.906
-211.572
-66.9206
-76.1866
-408.216
-859.673
-1135.59
-1236.49
-1341.5
-1433.13
-1353.86
-1047.57
-738.186
-655.307
-702.667
-682.076
-591.99
-583.754
-665.088
-660.455
-434.469
-127.149
19.0466
-2.0591
-16.9875
34.4899
-3.60342
-158.036
-294.451
-325.337
-294.451
-327.911
-413.364
-434.984
-372.696
-334.603
-316.071
-199.218
14.9284
245.032
425.203
567.281
677.957
703.696
615.67
483.888
396.891
346.443
285.7
172.449
50.9626
-31.4012
-55.5956
-60.7433
-82.8786
-88.0264
-47.874
21.6205
87.5116
76.7013
-26.2535
-165.242
-249.665
-211.057
-33.9751
278.493
678.987
1469.17
2636.16
3422.22
3085.56
2065.79
1349.22
1151.55
988.366
581.18
408.731
686.709
792.752
49.4183
-1028
-1587.56
-1575.72
-1374.45
-1017.19
-180.686
1054.26
2122.41
2480.7
2265.52
1883.56
1384.74
645.527
-113.765
-393.287
-82.3638
396.376
503.449
186.348
-193.04
-516.833
-1007.41
-1621.02
-1877.38
-1512.92
-864.82
-401.009
-154.947
64.3468
140.019
-219.809
-868.939
-1251.93
-1099.04
-687.738
-367.034
-166.272
38.6081
146.196
-91.115
-649.13
-1181.41
-1448.57
-1490.79
-1411.51
-1255.02
-1021.83
-771.131
-646.556
-708.329
-840.111
-886.956
-801.503
-636.261
-442.706
-209.513
57.6547
272.83
307.835
176.053
24.1944
-85.4525
-186.863
-281.581
-317.101
-294.966
-280.037
-347.987
-469.989
-506.023
-419.541
-282.611
-111.706
133.326
431.381
694.43
837.023
868.939
835.993
743.334
587.357
431.381
356.738
354.679
344.899
221.353
67.4354
5.66251
18.0171
41.6967
55.0808
101.41
192.011
252.239
207.454
102.44
-2.0591
-115.824
-260.99
-384.021
-362.401
-93.6889
334.088
978.071
1970.55
2946.57
3043.34
2156.39
1211.26
886.956
974.467
854.01
613.611
709.873
983.733
614.125
-467.415
-1380.62
-1624.63
-1421.81
-1058.89
-416.967
547.72
1524.76
1990.63
1823.33
1405.85
970.349
437.558
-146.711
-434.469
-227.015
255.328
512.2
280.552
-189.952
-581.695
-937.918
-1385.26
-1680.22
-1471.74
-863.791
-335.118
-142.078
-127.149
-163.183
-420.57
-942.036
-1333.78
-1223.62
-726.861
-196.644
141.563
294.451
281.581
16.9875
-498.301
-1029.03
-1306.5
-1335.32
-1224.13
-1036.24
-812.828
-673.839
-710.903
-852.981
-959.539
-904.973
-699.578
-432.925
-169.361
92.1445
308.35
397.92
315.556
105.014
-95.2332
-202.821
-227.53
-225.986
-210.543
-156.491
-107.073
-145.681
-273.86
-393.287
-374.241
-205.91
10.8103
221.353
441.676
648.1
767.013
746.422
620.303
507.052
473.592
501.39
568.825
656.337
692.886
620.303
424.174
217.749
104.499
80.8195
57.6547
0
-21.1057
13.3841
28.3126
-69.4945
-248.121
-402.553
-411.304
-329.97
-282.611
-205.91
79.2752
548.234
1217.96
2117.78
2785.44
2566.66
1674.56
988.366
898.281
1043.96
941.522
760.836
854.525
938.433
329.97
-759.292
-1485.64
-1577.78
-1311.64
-904.458
-298.569
468.444
1111.91
1305.98
1101.62
833.419
596.108
264.079
-110.676
-247.092
-23.1648
321.219
360.342
-38.0933
-546.175
-854.525
-1048.08
-1275.61
-1367.75
-1136.62
-718.11
-436.014
-384.021
-401.009
-431.381
-613.096
-904.973
-975.497
-649.645
-155.977
162.154
231.134
191.496
72.0684
-223.412
-654.278
-976.526
-1039.84
-942.551
-780.397
-579.636
-441.676
-519.407
-771.131
-963.142
-921.445
-675.384
-371.152
-80.8195
178.112
353.135
356.738
191.496
-43.241
-241.429
-311.953
-225.471
-61.2581
110.162
232.163
252.754
154.432
-15.958
-175.023
-232.163
-171.42
-55.5956
113.25
343.354
565.222
640.894
561.618
433.44
362.401
372.182
400.494
438.587
518.892
613.096
607.433
463.297
238.855
5.66251
-182.23
-285.185
-301.658
-244.003
-172.964
-159.58
-221.868
-315.042
-386.081
-426.748
-465.87
-511.171
-452.486
-195.099
223.927
607.433
1059.92
1768.25
2403.99
2303.1
1504.68
860.187
824.668
1041.39
946.669
713.992
772.161
883.352
355.709
-701.122
-1410.48
-1390.4
-996.602
-637.805
-204.365
451.457
1090.29
1247.3
940.492
630.083
494.183
357.768
112.736
-45.3001
76.1866
359.312
387.625
10.2955
-448.368
-685.164
-779.368
-913.724
-993.514
-824.153
-481.828
-257.387
-276.434
-358.797
-349.532
-372.696
-530.217
-646.556
-501.905
-159.065
103.47
126.12
14.9284
-114.28
-291.362
-513.744
-678.987
-728.405
-715.021
-668.177
-610.007
-594.049
-642.953
-741.789
-803.047
-736.642
-551.323
-311.438
-80.8195
56.6251
39.6376
-44.7853
-83.9082
-110.162
-148.255
-161.124
-105.529
19.5614
131.267
125.09
10.8103
-113.25
-203.336
-235.766
-214.146
-154.432
-56.6251
90.0855
244.518
337.692
384.536
402.553
397.92
387.11
414.393
466.385
503.964
474.622
323.793
144.651
31.4012
-28.3126
-119.428
-235.252
-299.084
-289.303
-238.34
-223.927
-250.18
-289.303
-309.894
-332.544
-351.076
-335.633
-308.35
-287.759
-244.518
-173.479
-63.3172
131.267
365.49
794.811
1535.06
2189.33
2110.57
1431.07
887.985
870.998
1106.25
1102.65
928.138
891.589
873.057
380.933
-418.511
-891.589
-841.656
-538.968
-225.471
103.984
471.533
793.267
834.449
612.581
378.359
264.079
211.572
147.74
101.41
162.154
329.455
371.152
106.558
-274.375
-434.469
-386.081
-359.312
-392.773
-334.603
-170.39
-105.529
-229.589
-362.401
-363.945
-385.566
-548.749
-673.324
-546.69
-274.375
-150.829
-263.564
-398.95
-406.671
-357.768
-393.802
-530.217
-667.662
-747.452
-760.321
-747.452
-736.127
-682.59
-594.049
-520.437
-445.794
-379.903
-320.704
-271.286
-291.362
-343.869
-286.214
-147.225
-108.103
-198.703
-305.776
-312.468
-239.37
-198.188
-196.129
-136.415
-26.2535
50.9626
61.7729
53.5365
77.7309
119.428
152.373
204.88
289.303
352.105
354.679
295.48
245.032
220.838
192.011
133.841
71.0388
21.6205
-10.8103
-39.6376
-66.4058
-62.8024
-65.3763
-97.8071
-121.487
-105.529
-74.1275
-54.566
-60.2286
-44.7853
-4.11819
35.0046
53.5365
54.566
47.874
11.325
-83.3934
-214.146
-274.889
-184.289
39.6376
286.214
730.979
1486.15
2112.63
1956.14
1201.48
687.738
839.082
1264.8
1386.29
1330.69
1420.26
1410.48
726.861
-349.017
-997.117
-954.391
-603.315
-322.763
-82.3638
249.665
499.846
341.81
-82.3638
-333.574
-254.298
-57.6547
40.6671
65.8911
210.543
460.208
450.427
45.3001
-363.43
-389.684
-159.065
-48.9035
-125.605
-146.196
-73.0979
-175.023
-510.656
-732.523
-643.468
-538.968
-663.544
-836.508
-759.292
-502.419
-384.536
-460.208
-499.846
-385.051
-268.712
-261.505
-298.054
-288.273
-273.345
-324.308
-371.667
-341.295
-273.86
-283.126
-404.098
-549.779
-616.184
-612.066
-607.948
-632.142
-584.783
-407.701
-197.158
-86.482
-107.588
-133.326
-48.9035
114.795
292.392
449.398
544.631
537.424
427.262
269.742
119.428
8.23638
-49.9331
-49.9331
-14.4137
30.8864
49.9331
15.4432
-101.925
-242.459
-269.742
-137.445
48.9035
159.58
173.994
141.048
105.529
92.1445
97.8071
100.381
115.309
129.208
137.445
150.314
155.977
120.457
47.874
-25.7387
-67.4354
-68.9797
-62.8024
-92.1445
-152.888
-220.838
-307.835
-372.182
-325.852
-96.7775
224.441
601.256
1084.11
1610.73
1837.74
1553.59
1146.92
1092.35
1380.62
1557.71
1432.1
1218.98
1038.81
601.256
-210.543
-922.475
-1123.75
-927.623
-696.489
-547.205
-377.329
-159.065
-97.8071
-244.518
-345.928
-201.791
94.7184
318.645
392.258
404.098
453.516
443.735
247.092
-55.0808
-177.597
-65.3763
42.7262
-56.6251
-276.948
-432.925
-556.471
-753.629
-925.564
-876.66
-675.384
-561.104
-604.859
-635.746
-538.968
-412.334
-331.514
-224.956
-48.9035
120.457
202.821
200.247
127.664
-62.8024
-347.472
-559.559
-583.239
-478.74
-411.819
-435.499
-494.183
-542.057
-564.707
-556.985
-514.774
-418.511
-232.163
-2.0591
207.969
341.81
369.093
341.81
339.751
386.595
449.912
458.664
363.945
230.104
114.28
2.57387
-130.238
-254.813
-313.497
-308.864
-291.877
-308.864
-340.266
-328.941
-252.754
-147.74
-28.3126
107.588
220.838
254.813
229.589
177.082
135.386
123.031
114.28
93.6889
63.832
30.8864
19.0466
32.4308
39.6376
25.7387
-4.63297
-19.5614
-19.0466
-10.2955
-8.23638
-40.6671
-110.162
-202.821
-291.362
-308.864
-188.922
16.4728
185.833
294.966
459.693
860.187
1418.72
1769.79
1722.95
1516.52
1428.5
1419.75
1235.46
816.432
417.996
200.762
-0.514774
-368.063
-742.304
-900.34
-862.246
-770.617
-648.1
-435.499
-137.959
106.043
195.614
237.311
382.992
559.559
577.062
409.76
214.661
153.403
158.55
47.874
-176.567
-325.852
-323.278
-299.084
-377.329
-491.094
-524.04
-508.082
-539.998
-574.488
-487.491
-310.409
-213.116
-236.281
-244.518
-163.698
-65.3763
-56.6251
-118.913
-149.799
-107.073
-59.7138
-73.6127
-130.753
-204.88
-307.32
-438.073
-527.643
-533.306
-479.769
-421.085
-410.79
-417.482
-369.093
-282.096
-235.252
-227.53
-177.082
-28.8273
160.609
281.067
302.172
282.611
260.476
218.264
155.977
95.2332
42.7262
-24.1944
-107.588
-188.922
-252.754
-318.645
-402.039
-481.314
-494.698
-412.849
-278.493
-158.036
-92.1445
-48.9035
3.60342
68.9797
120.457
130.238
116.339
141.563
191.496
222.897
220.838
215.176
228.56
231.134
220.838
211.057
205.91
180.171
123.031
57.6547
11.325
-29.3421
-102.44
-201.277
-282.096
-291.877
-245.547
-164.728
-33.4603
131.782
316.586
506.023
685.164
857.614
1019.77
1131.99
1158.24
1113.46
1046.54
952.847
816.946
637.29
442.706
289.818
147.74
-36.0342
-221.868
-309.379
-270.256
-153.917
-16.4728
68.4649
103.984
125.605
105.529
48.9035
0.514774
-29.8569
-44.7853
-34.4899
-13.3841
-12.3546
-50.4479
-125.09
-206.424
-245.547
-218.264
-133.841
-48.3888
-3.60342
-18.0171
-81.3343
-172.964
-284.155
-381.448
-434.469
-430.351
-386.595
-325.852
-265.109
-231.648
-236.281
-280.552
-320.704
-318.645
-276.434
-222.382
-193.555
-196.644
-235.252
-292.906
-351.591
-414.908
-472.563
-495.727
-464.326
-397.406
-325.852
-290.847
-287.244
-274.375
-239.885
-176.053
-79.79
16.9875
99.8662
165.242
185.319
172.964
149.284
95.748
9.78071
-64.3468
-119.942
-178.112
-236.796
-292.906
-337.692
-340.78
-279.008
-207.454
-142.592
-80.3047
-39.1228
12.8694
98.8366
193.555
274.375
357.253
416.452
425.203
393.287
344.384
310.924
309.379
311.953
293.936
267.168
232.678
180.171
117.883
77.2161
43.241
-13.8989
-90.6002
-154.947
-148.77
-86.9968
-60.2286
-108.103
-161.639
-156.491
-69.4945
68.4649
214.661
370.637
516.833
623.906
699.063
760.321
806.651
810.254
763.925
708.844
668.177
599.197
450.427
252.239
83.9082
-23.6796
-97.2923
-154.947
-196.129
-191.496
-161.639
-150.314
-167.816
-179.141
-166.787
-132.812
-83.3934
-34.4899
12.8694
27.283
4.63297
-24.7092
-37.0637
-46.3297
-64.8615
-83.3934
-83.3934
-62.8024
-58.6842
-88.0264
-136.93
-184.804
-240.914
-288.273
-303.202
-283.126
-246.062
-215.69
-193.04
-168.331
-133.326
-89.0559
-47.3592
-38.0933
-79.2752
-129.208
-141.048
-113.765
-93.1741
-149.799
-278.493
-400.494
-471.018
-494.183
-463.811
-387.11
-278.493
-163.183
-84.4229
-62.2877
-72.0684
-73.6127
-46.8444
18.0171
91.115
131.267
127.664
94.7184
48.9035
11.325
-23.1648
-87.5116
-158.036
-194.07
-180.171
-150.829
-147.225
-168.846
-184.289
-167.816
-119.428
-65.8911
-24.7092
20.0762
83.9082
160.095
220.838
256.872
271.801
279.522
283.126
268.197
247.606
227.015
197.158
142.078
81.3343
29.3421
13.8989
28.3126
22.1353
-30.8864
-113.25
-182.23
-215.176
-212.087
-188.922
-171.42
-160.609
-152.373
-159.065
-185.833
-195.614
-130.753
15.4432
193.04
331
413.364
471.533
518.892
551.323
561.618
575.517
594.049
573.973
503.449
392.258
268.197
157.521
62.8024
-15.958
-49.4183
-25.7387
13.3841
31.916
24.7092
16.4728
41.1819
89.0559
113.765
97.2923
63.832
32.4308
9.26593
-18.5319
-46.8444
-67.9502
-82.3638
-88.5411
-94.2036
-88.0264
-71.5536
-52.5069
-22.6501
22.6501
69.4945
97.2923
95.748
63.3172
14.4137
-25.7387
-38.0933
-26.2535
-13.8989
-17.5023
-42.7262
-70.524
-93.1741
-105.529
-118.398
-157.521
-206.424
-208.998
-145.681
-82.3638
-103.47
-213.631
-316.586
-336.662
-303.202
-278.493
-259.961
-208.998
-136.93
-103.984
-145.681
-213.116
-231.648
-181.715
-106.558
-61.2581
-66.9206
-108.617
-167.302
-221.353
-256.357
-253.784
-223.412
-204.88
-215.176
-229.589
-208.483
-151.344
-95.748
-67.9502
-46.3297
-9.78071
33.4603
64.3468
68.9797
64.8615
83.3934
123.546
161.639
167.302
135.9
94.2036
67.4354
54.566
39.1228
24.1944
26.7682
35.5194
31.4012
6.69206
-33.4603
-74.1275
-113.25
-144.651
-145.681
-109.132
-65.3763
-43.7558
-43.7558
-58.6842
-73.0979
-78.2457
-66.9206
-18.0171
84.4229
211.057
312.983
373.211
415.937
485.432
584.269
663.029
684.649
683.62
691.856
702.152
689.797
630.598
551.323
473.592
386.595
270.771
146.711
55.5956
9.26593
-5.66251
-22.1353
-57.1399
-104.499
-155.462
-198.703
-214.661
-201.277
-178.627
-168.846
-173.994
-174.508
-154.432
-109.647
-64.8615
-45.8149
-47.874
-41.6967
-6.17729
39.6376
59.199
30.3717
-19.0466
-46.8444
-54.566
-67.9502
-101.925
-145.166
-179.141
-195.614
-198.188
-190.981
-181.2
-191.496
-232.678
-279.008
-308.35
-315.042
-296.51
-265.623
-239.37
-233.707
-250.695
-274.375
-274.889
-242.459
-199.732
-153.403
-107.588
-73.0979
-68.4649
-102.955
-141.563
-136.93
-85.9673
-31.916
-16.9875
-31.916
-31.916
3.60342
52.5069
80.8195
73.6127
54.0513
49.4183
57.6547
62.2877
53.5365
29.3421
5.14774
-3.08864
6.69206
28.8273
44.2706
39.1228
27.283
35.0046
72.0684
116.854
135.9
116.854
83.3934
56.1104
37.5785
19.5614
1.02955
-8.75116
0
19.0466
18.5319
-15.958
-74.1275
-123.546
-141.563
-138.989
-146.711
-172.964
-203.336
-222.382
-222.897
-214.661
-206.424
-208.998
-220.838
-202.306
-108.103
58.6842
223.927
318.645
353.135
408.731
519.922
634.716
698.548
698.034
686.709
684.649
665.088
599.712
495.727
380.933
269.227
157.006
38.0933
-63.832
-135.386
-177.597
-197.158
-203.336
-212.602
-230.619
-254.298
-270.771
-253.269
-194.585
-135.386
-108.103
-105.529
-86.9968
-29.3421
47.3592
100.381
117.368
140.533
183.26
229.589
253.269
230.104
175.538
112.736
44.7853
-17.5023
-67.4354
-109.647
-155.977
-215.176
-279.522
-318.645
-320.189
-299.084
-284.155
-284.67
-274.375
-242.459
-206.424
-198.703
-199.218
-173.479
-115.824
-56.6251
-38.6081
-60.2286
-74.1275
-48.3888
-5.14774
27.283
45.8149
51.4774
40.1524
20.0762
6.17729
22.1353
62.8024
81.8491
58.1695
24.1944
20.591
50.9626
78.7604
64.8615
35.5194
34.4899
63.3172
72.0684
29.8569
-27.283
-43.7558
-15.958
16.4728
19.0466
1.02955
-12.8694
-27.283
-56.1104
-81.8491
-83.3934
-68.4649
-57.1399
-62.2877
-59.7138
-30.3717
1.02955
-2.57387
-45.8149
-77.2161
-55.0808
-9.26593
9.78071
-11.325
-41.1819
-44.2706
-56.1104
-121.487
-208.998
-267.168
-288.273
-303.202
-341.81
-380.418
-391.228
-405.127
-431.895
-415.937
-298.054
-108.617
58.6842
159.58
250.695
400.494
561.618
638.835
632.142
642.953
713.477
768.043
719.654
566.251
404.098
285.185
166.787
37.0637
-59.199
-92.1445
-93.6889
-120.972
-189.952
-239.885
-235.766
-199.218
-159.58
-116.339
-48.9035
29.8569
67.9502
53.5365
32.4308
60.7433
134.356
199.218
226.501
238.855
251.724
264.079
254.813
219.294
181.2
146.196
113.25
76.1866
26.2535
-26.7682
-67.4354
-100.381
-120.972
-120.972
-104.499
-84.9377
-86.9968
-96.2627
-79.79
-26.2535
30.8864
46.3297
23.1648
-6.69206
-28.3126
-46.3297
-71.5536
-82.3638
-49.9331
16.4728
70.0093
77.2161
40.1524
6.17729
14.4137
44.2706
50.4479
26.7682
5.66251
-4.63297
-30.3717
-96.7775
-172.964
-208.998
-202.306
-195.099
-203.336
-208.483
-196.644
-179.656
-173.479
-170.905
-159.58
-140.019
-138.474
-166.272
-201.791
-219.809
-203.851
-172.964
-158.55
-156.491
-136.93
-99.3514
-69.4945
-67.9502
-73.6127
-45.8149
2.57387
15.958
-19.5614
-67.4354
-86.9968
-83.3934
-83.3934
-95.2332
-103.47
-111.191
-134.356
-171.935
-209.513
-214.661
-205.91
-213.116
-245.547
-284.155
-310.924
-344.899
-405.127
-465.356
-461.752
-354.679
-172.449
8.23638
142.592
247.092
364.975
496.757
597.653
657.366
730.464
836.508
919.386
897.251
751.055
546.69
357.768
201.791
74.6422
-18.5319
-91.6298
-162.669
-233.193
-293.421
-319.16
-293.936
-216.205
-111.191
-6.17729
84.4229
152.888
194.07
214.146
230.104
274.889
353.65
416.452
424.689
391.743
352.62
332.029
331
333.059
331.514
316.071
281.581
234.222
176.567
105.014
32.9455
-10.8103
-10.8103
11.8398
27.7978
33.4603
31.916
15.958
-5.14774
-7.72161
6.17729
25.7387
23.1648
-1.54432
-35.0046
-82.3638
-137.959
-185.319
-196.644
-167.816
-128.694
-111.706
-121.487
-144.651
-158.036
-143.107
-114.28
-78.2457
-39.6376
-24.7092
-51.4774
-112.736
-183.26
-230.619
-250.695
-270.256
-294.451
-307.835
-314.527
-326.881
-343.869
-347.987
-330.485
-298.054
-262.02
-236.796
-224.956
-221.868
-228.045
-233.193
-229.589
-221.353
-208.998
-187.378
-160.095
-131.782
-102.955
-70.0093
-28.8273
7.72161
12.8694
-30.3717
-113.765
-187.378
-218.779
-218.779
-215.176
-222.897
-237.826
-242.459
-233.193
-216.205
-188.922
-153.403
-115.824
-80.8195
-58.6842
-57.6547
-84.9377
-146.196
-242.973
-354.165
-415.423
-358.283
-183.26
47.874
284.67
473.077
529.702
450.427
359.827
412.334
647.586
911.665
1004.32
882.837
650.16
382.477
134.356
-2.57387
16.4728
154.947
306.291
348.502
252.754
113.25
47.874
100.381
240.914
375.785
432.41
406.157
297.539
131.782
-5.66251
-35.0046
29.3421
117.368
183.774
218.264
227.015
213.631
201.791
245.032
353.65
468.444
535.88
521.466
416.967
258.931
117.368
54.566
69.4945
110.676
117.368
73.6127
-9.26593
-108.103
-176.567
-181.2
-142.078
-97.8071
-73.0979
-81.8491
-128.179
-201.791
-259.446
-256.872
-195.099
-112.221
-48.9035
-33.4603
-65.8911
-134.356
-206.424
-233.707
-216.72
-202.821
-213.116
-251.21
-307.32
-367.549
-425.203
-464.326
-464.841
-422.115
-366.004
-335.118
-342.839
-371.667
-371.152
-322.763
-256.357
-198.188
-162.669
-153.403
-173.994
-216.205
-252.754
-258.417
-231.648
-197.673
-176.053
-179.141
-200.762
-223.927
-235.252
-217.749
-177.597
-134.356
-97.8071
-93.6889
-130.238
-187.893
-222.382
-202.306
-129.723
-55.0808
-21.1057
-20.0762
-27.283
-24.1944
-9.78071
8.75116
17.5023
13.3841
-2.57387
-44.7853
-118.398
-203.336
-267.682
-295.48
-297.539
-301.658
-322.249
-312.983
-221.353
-33.4603
229.074
467.415
560.074
531.247
535.88
676.413
917.327
1102.13
1122.72
1032.12
909.606
735.097
509.112
334.088
289.303
360.857
447.853
417.482
249.151
57.6547
-34.4899
11.8398
136.93
233.707
245.032
190.981
110.162
13.8989
-54.0513
-48.3888
4.11819
75.157
151.344
208.483
224.956
207.969
186.863
202.821
270.771
340.266
363.43
323.793
230.104
124.061
73.0979
89.0559
119.942
123.031
90.0855
35.0046
-35.0046
-107.073
-152.888
-154.432
-127.149
-115.309
-134.871
-189.437
-271.286
-340.78
-351.591
-294.451
-214.146
-162.669
-166.272
-221.353
-298.054
-355.194
-369.608
-343.869
-307.835
-295.48
-313.497
-349.532
-394.317
-432.925
-431.895
-393.287
-344.384
-298.569
-276.948
-280.552
-298.054
-312.983
-295.48
-240.399
-177.597
-148.77
-165.242
-204.365
-237.311
-250.695
-238.855
-214.146
-188.922
-175.538
-192.525
-225.471
-246.062
-234.737
-194.585
-141.048
-105.014
-90.6002
-85.4525
-89.0559
-88.5411
-60.2286
-7.20684
55.5956
94.2036
93.1741
78.2457
79.79
105.014
130.238
153.403
173.994
186.863
193.555
186.863
151.344
97.2923
58.1695
43.7558
45.3001
27.7978
-31.4012
-108.103
-183.26
-258.931
-310.409
-279.522
-102.44
220.838
514.259
534.85
303.717
126.12
246.577
610.522
939.463
1019.25
900.34
751.57
567.796
308.35
112.736
111.191
292.392
499.331
479.769
181.2
-160.609
-292.392
-163.183
82.8786
241.429
221.868
107.588
-14.4137
-110.676
-146.711
-103.47
-13.8989
72.0684
127.149
116.854
46.8444
-10.8103
10.2955
127.664
294.451
416.967
454.545
423.659
325.337
200.247
154.432
230.619
356.224
402.039
316.071
147.225
-18.5319
-113.765
-132.297
-93.6889
-50.9626
-46.8444
-91.6298
-181.715
-294.966
-389.169
-396.891
-308.35
-194.07
-145.681
-194.07
-288.788
-364.46
-376.815
-326.881
-256.357
-212.602
-211.572
-247.092
-298.054
-336.147
-339.751
-288.788
-202.821
-134.871
-122.516
-168.846
-245.547
-316.071
-344.899
-319.675
-271.286
-247.092
-276.948
-351.076
-432.41
-478.225
-469.474
-406.671
-327.911
-283.126
-275.404
-286.214
-288.273
-259.446
-191.496
-104.499
-30.8864
11.325
14.4137
-6.17729
-36.0342
-61.7729
-59.7138
-27.7978
-4.11819
-15.4432
-55.5956
-102.955
-130.753
-116.339
-70.524
-26.2535
-6.69206
-14.4137
-41.6967
-70.524
-69.4945
-32.9455
12.3546
31.916
5.14774
-58.1695
-133.326
-209.513
-220.838
-19.0466
369.608
614.125
473.077
150.314
53.0217
344.384
756.203
907.547
800.988
700.607
664.573
565.222
388.654
248.636
285.185
523.525
735.612
640.894
279.008
-24.1944
-7.72161
297.025
588.901
602.8
413.878
235.766
145.681
125.605
138.989
133.326
120.457
173.994
263.564
252.239
121.487
8.75116
50.9626
237.826
411.819
465.87
444.25
399.465
318.13
247.092
270.256
344.384
367.034
309.894
190.981
44.7853
-85.9673
-153.403
-143.107
-98.3218
-104.499
-175.023
-249.151
-314.012
-389.169
-436.014
-404.612
-321.734
-270.771
-300.113
-390.199
-492.124
-546.175
-514.774
-420.056
-346.958
-363.945
-433.44
-465.356
-441.676
-406.157
-385.051
-372.182
-364.975
-368.063
-382.992
-416.967
-467.93
-511.171
-504.479
-433.954
-364.46
-366.004
-420.056
-445.794
-416.967
-361.371
-312.468
-281.581
-265.109
-257.902
-256.357
-260.99
-260.476
-251.724
-217.235
-143.107
-73.6127
-54.566
-86.482
-119.428
-110.162
-61.7729
-7.72161
14.9284
-2.57387
-45.3001
-93.1741
-126.12
-132.297
-120.457
-90.0855
-35.5194
15.958
46.3297
58.1695
65.8911
94.7184
147.74
210.028
260.476
277.978
257.902
224.441
213.116
217.235
213.631
215.69
266.653
359.827
441.161
459.178
436.528
456.09
548.234
654.278
692.886
654.793
596.108
556.471
527.129
485.947
438.073
412.849
437.043
481.828
478.225
408.731
337.692
336.662
409.76
496.242
523.01
479.769
420.57
387.625
371.152
345.928
295.995
233.193
193.555
195.614
198.188
169.875
135.386
129.723
155.977
169.875
134.871
76.1866
49.4183
57.6547
61.2581
30.8864
-23.1648
-77.7309
-120.457
-157.006
-205.395
-266.653
-320.189
-333.574
-320.704
-310.924
-319.16
-343.869
-362.401
-359.827
-347.472
-339.751
-334.603
-334.088
-339.236
-357.253
-397.406
-451.457
-495.727
-502.419
-486.976
-477.71
-490.065
-508.082
-513.23
-506.538
-493.154
-474.107
-459.178
-466.385
-494.698
-527.129
-542.057
-525.584
-481.828
-428.292
-395.346
-386.595
-377.844
-357.253
-321.734
-270.256
-222.382
-181.2
-146.711
-127.149
-122.516
-114.795
-88.0264
-44.2706
1.54432
31.916
36.0342
25.2239
20.591
23.6796
30.3717
30.3717
16.4728
-10.8103
-44.7853
-79.2752
-112.736
-132.297
-125.605
-97.8071
-67.4354
-43.7558
-23.6796
-7.20684
15.958
56.6251
114.28
183.26
254.298
321.734
369.093
406.671
448.368
497.786
560.074
628.539
681.561
702.152
703.696
706.785
716.565
715.021
690.827
664.573
644.497
622.877
583.754
519.407
455.06
412.849
400.494
406.157
403.583
382.992
361.886
349.532
348.502
342.839
329.97
323.278
325.852
332.029
324.822
291.877
249.665
214.146
194.07
187.378
172.449
148.77
115.824
80.8195
54.566
29.3421
5.66251
-11.8398
-24.7092
-38.0933
-54.0513
-77.7309
-107.588
-140.019
-171.935
-195.614
-203.336
-205.91
-223.412
-260.99
-311.438
-354.165
-375.785
-381.962
-391.743
-420.57
-451.457
-475.136
-491.609
-500.875
-515.804
-532.276
-545.66
-553.897
-545.146
-525.069
-506.023
-495.727
-495.213
-490.065
-461.752
-430.866
-410.79
-402.039
-403.068
-399.979
-389.169
-381.962
-380.933
-382.992
-379.903
-368.578
-353.65
-346.443
-342.325
-331
-304.231
-259.961
-213.631
-177.597
-162.154
-154.947
-134.356
-101.41
-70.0093
-55.0808
-56.1104
-52.5069
-34.4899
-14.9284
-0.514774
-4.11819
-16.9875
-18.5319
-7.20684
15.958
31.916
34.4899
32.9455
39.1228
64.3468
103.47
141.048
170.905
197.158
229.589
278.493
337.177
391.228
435.499
467.93
501.905
543.601
582.724
599.712
596.623
584.783
582.724
589.931
590.446
580.665
556.471
524.04
494.698
467.93
446.824
427.262
403.583
380.933
360.857
349.017
339.751
327.396
307.835
290.847
283.64
282.096
275.404
258.931
239.885
222.382
214.146
204.88
189.952
170.905
149.284
128.179
110.162
98.8366
88.0264
74.1275
58.6842
43.7558
32.9455
22.6501
7.72161
-9.26593
-25.7387
-35.0046
-41.1819
-50.4479
-62.8024
-83.9082
-108.103
-132.812
-156.491
-179.656
-207.969
-238.855
-271.801
-300.113
-323.278
-347.987
-377.844
-405.127
-422.629
-433.44
-447.853
-466.385
-483.373
-492.124
-485.432
-472.563
-464.841
-461.238
-459.178
-453.001
-443.22
-429.322
-412.334
-401.524
-394.832
-387.625
-376.815
-360.342
-346.958
-341.295
-337.177
-325.337
-305.776
-285.185
-271.286
-267.682
-258.417
-240.914
-216.205
-192.011
-173.994
-160.095
-153.917
-145.681
-135.386
-117.368
-96.2627
-80.3047
-70.524
-62.2877
-50.4479
-36.0342
-19.5614
-5.14774
4.11819
18.0171
35.5194
55.0808
78.7604
100.896
124.061
144.651
159.065
178.627
196.644
218.264
241.944
263.05
291.362
320.189
347.472
370.637
386.595
401.009
414.908
430.351
440.647
453.001
459.178
460.723
457.119
445.28
434.469
419.541
410.275
406.671
394.832
384.021
368.063
353.135
344.384
336.662
329.97
321.219
314.527
307.32
301.658
296.51
290.847
284.155
270.771
250.695
232.678
217.235
204.88
191.496
170.905
145.681
120.972
100.896
89.0559
76.1866
62.8024
49.4183
39.6376
33.4603
24.1944
6.17729
-17.5023
-39.6376
-58.6842
-72.0684
-89.0559
-108.103
-130.753
-158.036
-182.745
-203.336
-221.353
-236.796
-249.151
-257.902
-266.138
-281.067
-297.539
-309.379
-321.219
-324.308
-326.367
-331
-336.662
-343.354
-346.958
-349.017
-351.076
-351.591
-354.679
-358.797
-366.004
-373.211
-378.359
-382.992
-382.992
-385.051
-385.566
-381.962
-382.477
-376.3
-364.46
-347.472
-323.278
-298.054
-270.771
-242.973
-219.809
-201.791
-182.23
-163.183
-143.107
-123.031
-109.647
-99.8662
-90.6002
-80.3047
-71.5536
-65.3763
-57.1399
-41.6967
-24.1944
-9.26593
-1.02955
4.11819
15.4432
30.3717
44.7853
54.0513
63.832
74.6422
82.3638
91.115
99.3514
108.103
116.854
126.12
131.267
134.356
129.208
124.061
124.575
129.208
135.9
144.137
150.314
160.609
177.597
195.099
216.205
240.399
268.712
302.172
332.029
357.253
379.388
402.039
426.233
443.735
450.427
454.031
457.119
453.516
442.706
423.659
403.068
387.625
368.578
342.839
314.527
289.303
269.742
253.784
236.796
219.294
204.88
193.04
187.378
180.171
170.39
165.757
158.55
152.373
147.225
137.445
128.694
116.854
101.925
88.0264
68.4649
45.8149
26.7682
5.66251
-8.75116
-22.6501
-41.6967
-55.0808
-71.0388
-84.4229
-94.2036
-111.706
-126.12
-136.93
-148.77
-159.58
-173.479
-186.863
-195.099
-206.939
-219.294
-236.281
-256.357
-276.434
-295.48
-314.012
-333.574
-355.194
-373.211
-384.536
-396.376
-404.612
-407.701
-406.671
-405.642
-394.832
-384.536
-373.211
-359.312
-349.017
-335.633
-322.249
-313.497
-305.261
-300.628
-298.054
-292.392
-290.333
-284.67
-275.404
-267.168
-257.387
-248.121
-239.885
-229.589
-219.809
-209.513
-197.673
-184.289
-169.875
-157.006
-140.533
-128.694
-118.398
-111.191
-102.44
-94.2036
-86.482
-78.2457
-73.0979
-65.8911
-61.2581
-55.5956
-51.9922
-51.9922
-47.874
-41.6967
-32.9455
-14.4137
7.72161
36.0342
65.3763
94.2036
125.09
157.006
191.496
230.104
274.375
324.822
376.815
431.381
482.343
526.099
565.737
598.167
623.391
638.32
650.674
661.485
669.721
673.839
673.839
665.088
651.189
629.569
601.256
570.37
538.454
508.597
478.74
447.339
414.908
382.477
343.354
299.598
256.357
215.69
179.141
146.196
123.546
106.043
94.7184
87.5116
80.3047
67.4354
50.4479
33.9751
14.9284
1.02955
-9.78071
-19.5614
-33.4603
-57.1399
-76.7013
-93.6889
-110.676
-128.694
-153.403
-180.171
-204.365
-224.441
-245.547
-268.712
-295.48
-324.308
-350.046
-374.241
-391.743
-406.157
-418.511
-427.262
-430.351
-427.777
-428.292
-426.748
-421.6
-414.908
-404.098
-391.228
-379.388
-370.637
-363.43
-354.679
-339.751
-324.308
-310.924
-297.025
-287.244
-277.463
-269.227
-260.476
-256.872
-254.813
-249.665
-247.606
-246.062
-247.606
-248.636
-246.062
-243.488
-237.826
-230.619
-222.897
-209.513
-190.466
-168.331
-146.196
-126.12
-106.043
-89.0559
-72.0684
-58.1695
-44.7853
-32.9455
-23.1648
-8.23638
4.63297
15.4432
26.2535
33.9751
46.3297
56.1104
63.832
74.6422
73.0979
75.6718
81.3343
88.5411
102.955
113.765
126.634
140.019
153.403
175.538
199.218
220.838
246.577
271.801
300.628
328.941
350.046
371.667
390.199
404.612
422.629
436.528
445.794
452.486
455.575
456.605
455.06
453.001
447.853
442.191
434.984
429.836
424.174
412.849
401.524
386.081
368.578
345.413
319.675
297.025
270.256
242.459
219.294
195.099
177.082
160.609
145.681
132.812
119.428
109.132
99.3514
88.0264
75.6718
62.2877
48.9035
36.549
25.2239
14.9284
0.514774
-12.3546
-22.1353
-30.3717
-37.5785
-48.3888
-59.7138
-74.6422
-92.1445
-106.043
-122.001
-141.048
-158.55
-177.597
-196.129
-213.116
-232.678
-250.695
-270.771
-289.303
-303.717
-317.101
-330.485
-341.81
-354.679
-366.519
-375.27
-381.962
-388.654
-397.92
-407.701
-416.452
-425.718
-437.043
-446.309
-454.031
-461.752
-466.385
-471.018
-469.989
-465.356
-459.178
-450.942
-441.676
-426.233
-409.76
-390.199
-369.093
-347.987
-325.337
-298.569
-269.227
-240.399
-215.176
-192.011
-166.272
-138.474
-111.191
-89.5707
-64.3468
-43.241
-24.1944
-3.60342
12.3546
26.7682
39.6376
53.5365
68.4649
83.3934
99.8662
114.795
128.694
143.107
158.55
171.42
181.715
195.099
208.998
224.956
241.429
254.813
267.168
275.919
284.155
297.025
310.924
324.822
339.751
356.738
373.726
394.317
419.026
437.043
454.031
468.959
482.858
495.213
503.449
509.112
510.141
508.082
501.905
488.521
477.196
462.267
444.25
425.203
404.098
386.595
367.034
344.384
317.616
290.333
265.109
244.518
224.441
206.424
189.952
168.331
149.284
133.841
115.824
99.8662
85.4525
71.0388
59.7138
50.4479
38.6081
23.6796
5.66251
-12.3546
-26.2535
-39.6376
-56.1104
-67.9502
-80.3047
-92.1445
-101.925
-112.221
-125.09
-138.989
-155.977
-175.538
-187.893
-205.395
-229.074
-250.18
-276.948
-302.172
-324.822
-352.62
-383.507
-412.334
-440.132
-462.267
-476.681
-495.727
-515.289
-528.673
-538.968
-538.454
-535.365
-535.88
-528.158
-520.951
-508.082
-485.947
-467.93
-450.427
-432.925
-414.908
-392.258
-371.667
-355.709
-342.839
-325.852
-306.805
-289.818
-272.83
-260.99
-249.151
-229.589
-207.454
-185.833
-165.242
-148.77
-130.238
-106.558
-87.5116
-71.0388
-56.1104
-44.2706
-29.8569
-13.8989
0
16.4728
29.3421
44.2706
62.8024
77.7309
90.0855
96.2627
99.8662
109.132
117.368
123.546
129.208
138.989
152.888
167.816
188.922
210.028
234.737
264.594
297.539
336.662
375.27
407.186
435.499
459.693
484.402
505.508
523.01
536.909
544.631
548.749
549.779
548.749
545.146
540.513
533.821
527.129
519.922
510.656
501.905
488.521
471.533
458.664
444.25
430.866
419.026
401.524
385.566
370.637
353.135
336.147
316.071
295.995
275.404
251.724
226.501
199.218
170.39
141.048
114.795
89.5707
66.4058
45.3001
22.1353
1.02955
-19.0466
-39.6376
-60.2286
-79.79
-99.3514
-123.546
-150.314
-177.597
-205.91
-232.678
-259.961
-286.729
-314.527
-340.266
-366.004
-391.228
-413.364
-440.132
-462.267
-481.828
-501.39
-519.407
-538.454
-555.956
-571.399
-582.209
-585.813
-587.872
-585.813
-582.724
-574.488
-563.678
-548.234
-530.217
-515.804
-493.154
-469.989
-449.398
-429.322
-413.878
-394.317
-375.27
-355.709
-337.692
-317.616
-299.084
-281.581
-262.535
-244.003
-224.441
-204.88
-183.774
-163.698
-144.651
-129.208
-113.765
-98.3218
-80.3047
-61.7729
-47.3592
-30.8864
-15.958
-3.60342
9.78071
22.1353
32.4308
47.3592
62.2877
77.7309
93.6889
108.617
122.001
134.871
148.255
163.183
182.23
202.821
223.412
243.488
265.623
285.185
306.291
326.367
349.017
371.152
391.743
415.423
435.499
456.605
474.107
493.668
513.744
527.643
543.601
555.441
565.222
571.914
570.884
567.281
559.559
551.838
539.483
527.129
514.259
497.272
477.196
458.149
440.132
424.174
408.216
393.287
378.359
360.342
342.325
322.249
302.172
280.037
254.813
231.134
207.969
182.745
159.065
130.753
101.41
73.6127
44.7853
15.4432
-12.3546
-41.1819
-72.5831
-98.3218
-123.031
-144.651
-161.639
-180.686
-198.703
-215.69
-235.766
-256.357
-275.919
-295.995
-316.586
-337.692
-358.797
-376.3
-394.832
-411.819
-428.807
-444.25
-457.634
-471.018
-483.373
-496.242
-507.052
-519.922
-527.643
-532.791
-533.821
-529.702
-525.069
-517.863
-507.567
-499.331
-491.609
-479.255
-467.93
-455.575
-442.191
-428.292
-410.79
-391.743
-372.182
-354.679
-336.662
-320.189
-304.746
-288.788
-275.919
-260.99
-248.121
-234.737
-218.779
-202.821
-184.289
-167.302
-150.314
-129.208
-108.103
-90.0855
-70.0093
-51.9922
-33.9751
-14.4137
4.63297
24.1944
42.7262
61.7729
81.3343
102.44
120.457
136.93
154.947
175.023
196.644
217.749
240.914
265.109
290.847
316.586
341.81
366.004
389.169
411.304
433.44
455.575
471.533
485.432
497.786
507.567
514.774
519.922
525.584
531.247
537.939
543.601
547.205
549.264
548.749
545.66
540.513
532.791
521.466
506.538
491.609
474.107
455.575
433.954
410.275
389.169
365.49
342.839
317.616
291.362
267.168
248.121
232.678
214.146
196.129
177.597
160.609
142.592
120.457
95.748
71.0388
49.4183
28.3126
6.69206
-18.0171
-43.241
-68.4649
-88.5411
-110.676
-132.812
-155.977
-180.686
-200.762
-220.838
-242.459
-263.05
-285.185
-304.231
-323.793
-343.869
-367.034
-388.654
-410.275
-429.836
-444.25
-462.267
-479.255
-493.154
-503.449
-511.171
-520.437
-531.247
-538.968
-541.542
-538.454
-534.85
-535.365
-529.702
-520.437
-509.626
-497.272
-485.947
-475.136
-457.634
-437.558
-417.996
-396.891
-379.388
-363.945
-344.384
-325.852
-308.864
-292.392
-279.008
-263.05
-244.518
-229.074
-208.998
-188.922
-169.361
-147.74
-129.208
-106.043
-83.3934
-59.7138
-32.4308
-5.14774
18.0171
39.1228
59.7138
80.8195
102.955
124.061
141.563
158.55
176.053
195.099
215.69
235.766
257.387
280.552
301.658
320.704
337.692
349.532
362.401
378.359
390.199
400.494
407.186
413.364
421.085
428.807
437.558
443.735
449.398
450.942
454.031
460.208
464.326
467.93
466.385
464.326
460.723
456.09
449.912
442.706
437.558
430.351
421.6
410.275
394.832
381.448
370.637
357.768
344.899
327.911
307.835
289.303
273.86
256.357
235.766
210.543
186.348
164.213
137.959
113.25
86.9968
61.2581
40.1524
17.5023
-5.66251
-29.3421
-55.0808
-79.79
-101.41
-126.634
-151.344
-173.994
-192.525
-208.483
-227.015
-246.577
-267.682
-285.185
-298.569
-311.953
-325.852
-342.839
-359.827
-373.726
-387.11
-399.465
-411.819
-423.144
-431.381
-437.043
-443.22
-447.853
-449.912
-448.883
-445.28
-442.191
-439.617
-436.528
-430.866
-422.629
-407.701
-394.317
-383.507
-373.211
-363.43
-352.62
-341.295
-331.514
-322.763
-310.924
-296.51
-280.037
-262.535
-244.003
-223.927
-201.791
-181.2
-164.213
-145.681
-125.605
-102.44
-79.79
-62.8024
-46.8444
-30.8864
-13.8989
3.60342
22.6501
38.0933
53.5365
70.0093
85.4525
102.955
118.913
129.723
142.078
153.403
164.213
179.656
190.466
197.158
204.365
209.513
216.205
221.868
225.471
230.104
238.34
243.488
246.062
245.032
245.547
253.784
263.564
271.286
279.522
282.611
285.7
291.362
294.966
298.054
301.143
305.261
312.983
318.645
321.734
323.278
323.793
325.337
326.881
325.852
325.852
324.822
322.249
321.219
312.983
303.717
293.936
279.008
268.197
253.784
235.766
220.838
204.88
189.952
176.053
160.609
142.592
125.605
108.617
93.6889
77.7309
59.7138
43.7558
29.8569
13.8989
-2.0591
-19.5614
-38.0933
-54.0513
-72.5831
-91.115
-106.043
-122.516
-134.871
-147.74
-162.669
-176.567
-191.496
-205.395
-215.69
-228.045
-240.914
-250.695
-257.387
-263.05
-271.286
-282.611
-292.392
-300.113
-307.32
-314.012
-318.645
-322.249
-322.249
-324.822
-330.485
-338.207
-345.928
-347.987
-347.472
-347.987
-347.472
-343.869
-335.633
-326.367
-316.586
-312.983
-307.32
-300.113
-288.788
-275.404
-266.138
-257.387
-250.18
-239.885
-225.986
-213.631
-199.732
-185.319
-169.361
-149.799
-130.753
-113.765
-98.3218
-81.8491
-67.9502
-55.5956
-43.7558
-32.4308
-23.1648
-7.72161
9.78071
24.7092
41.1819
56.6251
67.9502
81.3343
93.6889
105.529
118.398
132.812
149.284
165.242
181.715
195.614
205.395
217.235
229.074
244.518
260.476
275.919
288.788
299.084
307.835
312.983
317.101
320.189
320.189
321.219
324.822
328.941
333.574
334.603
332.544
335.633
338.207
342.839
344.384
342.325
344.899
344.899
341.81
339.236
329.97
316.071
303.202
287.759
274.375
257.902
239.885
225.471
211.572
200.247
183.774
163.698
145.681
127.664
108.617
91.6298
73.6127
58.1695
43.7558
27.7978
8.75116
-8.23638
-21.6205
-38.0933
-49.9331
-60.7433
-72.5831
-81.8491
-91.6298
-104.499
-117.883
-130.753
-142.592
-154.432
-166.787
-180.171
-191.496
-199.218
-207.969
-214.661
-221.353
-228.56
-232.163
-234.222
-239.885
-244.518
-251.724
-256.872
-259.446
-263.05
-270.771
-280.037
-287.759
-290.847
-291.877
-297.539
-300.628
-300.628
-298.054
-293.936
-293.421
-293.936
-290.847
-287.244
-283.64
-277.978
-272.315
-268.197
-260.99
-254.813
-247.606
-237.826
-228.56
-218.264
-204.88
-194.585
-184.804
-175.023
-167.302
-157.521
-145.681
-134.356
-124.061
-114.795
-103.984
-90.0855
-77.7309
-63.832
-47.874
-30.3717
-11.325
6.17729
23.1648
40.1524
54.566
67.4354
80.3047
91.115
102.955
113.765
124.061
136.415
144.137
152.888
163.183
176.053
193.555
203.336
211.572
226.501
238.34
251.21
263.05
271.801
284.67
294.451
298.569
303.717
306.805
310.924
315.556
320.704
323.278
324.308
322.763
318.645
315.042
307.835
302.172
296.51
293.936
290.333
280.552
270.256
260.476
251.21
242.973
235.252
229.074
222.897
217.235
213.116
206.424
196.129
183.774
169.361
157.006
142.592
125.09
108.617
93.1741
78.7604
64.8615
50.9626
35.0046
18.5319
4.11819
-9.78071
-21.1057
-30.3717
-39.1228
-45.8149
-54.0513
-66.9206
-81.3343
-95.2332
-107.588
-117.883
-129.208
-138.989
-145.681
-152.373
-157.006
-163.698
-170.905
-178.112
-187.378
-197.158
-206.939
-217.749
-229.074
-239.37
-250.18
-259.961
-269.742
-281.067
-288.273
-293.936
-299.084
-300.113
-303.717
-305.776
-307.835
-310.924
-315.042
-317.616
-322.249
-325.337
-326.367
-329.455
-325.337
-325.337
-325.852
-322.249
-322.249
-316.586
-310.409
-305.776
-299.084
-290.847
-280.037
-265.623
-249.151
-235.766
-220.838
-209.513
-195.614
-178.627
-164.728
-147.225
-129.208
-110.676
-89.0559
-66.9206
-46.3297
-27.283
-7.72161
10.8103
32.4308
54.0513
75.157
96.2627
117.368
137.445
159.58
183.26
206.939
230.619
251.21
267.168
283.64
301.143
316.071
326.881
337.692
347.472
359.827
370.637
379.388
390.199
399.465
407.701
416.452
421.085
424.174
425.718
424.689
423.659
420.056
414.908
411.304
406.671
402.553
394.317
383.507
368.063
355.709
339.751
322.249
308.864
291.362
276.948
257.387
238.34
220.323
203.851
186.348
168.331
150.314
130.753
112.736
94.7184
78.2457
58.6842
39.1228
19.5614
6.69206
-8.23638
-24.7092
-42.7262
-60.2286
-74.6422
-90.0855
-102.955
-116.854
-129.723
-143.622
-153.917
-165.757
-180.171
-193.04
-203.336
-209.513
-218.779
-230.104
-241.429
-250.18
-256.357
-263.564
-272.315
-279.522
-286.214
-292.906
-300.113
-309.379
-320.704
-333.574
-345.413
-356.224
-364.975
-375.27
-380.418
-384.021
-387.11
-389.169
-393.287
-391.228
-387.625
-383.507
-378.359
-371.152
-360.342
-349.532
-339.236
-327.396
-314.012
-301.658
-286.214
-267.682
-251.724
-234.737
-219.809
-201.277
-180.686
-165.242
-149.284
-130.238
-109.132
-88.5411
-70.0093
-53.0217
-36.549
-18.0171
1.54432
22.6501
39.1228
53.0217
71.0388
89.5707
110.162
129.208
145.166
163.698
182.23
199.218
214.146
225.986
236.281
245.547
253.269
264.079
273.86
281.581
286.214
291.877
300.628
309.894
317.101
326.881
341.295
353.135
367.034
375.27
383.507
393.287
400.494
408.216
411.304
410.275
410.275
408.216
403.068
398.95
389.684
376.3
365.49
351.076
338.207
325.852
309.894
293.421
273.86
256.872
241.429
225.471
206.939
191.496
178.112
165.757
153.917
139.504
123.546
106.558
88.5411
71.5536
53.0217
34.4899
17.5023
-2.0591
-24.7092
-47.874
-76.7013
-102.955
-126.634
-151.344
-172.964
-192.525
-211.057
-224.441
-238.34
-253.784
-265.623
-282.611
-300.628
-314.012
-331
-342.325
-350.561
-358.797
-362.916
-367.549
-372.696
-376.815
-378.874
-380.933
-381.448
-379.903
-376.3
-372.182
-367.549
-363.43
-362.916
-360.857
-359.312
-356.738
-352.62
-345.413
-337.177
-328.426
-313.497
-297.025
-280.552
-264.594
-247.092
-231.648
-217.235
-202.821
-182.23
-163.698
-146.196
-126.12
-112.736
-100.381
-88.5411
-76.7013
-64.3468
-47.874
-33.4603
-17.5023
-0.514774
13.3841
28.8273
42.7262
56.1104
68.4649
81.8491
95.2332
107.588
123.031
135.386
144.651
155.977
167.302
179.141
193.555
206.939
219.294
231.134
239.885
250.18
256.357
260.99
268.197
272.83
277.978
284.67
288.788
289.818
292.906
293.421
292.906
295.48
296.51
297.539
300.628
301.658
303.202
305.776
306.805
307.32
307.835
306.291
302.172
298.569
293.936
285.7
281.067
273.86
263.05
253.269
239.37
223.927
208.483
187.893
170.39
152.373
133.326
117.883
105.014
89.0559
74.1275
57.1399
40.1524
22.6501
5.14774
-8.23638
-24.1944
-37.5785
-44.7853
-57.6547
-68.4649
-81.3343
-97.2923
-112.736
-133.326
-149.284
-164.213
-178.112
-185.319
-192.525
-199.218
-202.306
-211.057
-220.838
-225.986
-231.648
-234.737
-234.222
-232.678
-231.134
-229.074
-225.986
-225.471
-228.045
-229.074
-232.678
-237.311
-240.914
-244.518
-247.606
-249.665
-253.269
-253.269
-250.18
-252.239
-252.754
-253.269
-255.843
-255.843
-254.298
-253.269
-248.121
-244.003
-240.914
-233.193
-229.589
-227.53
-224.441
-219.294
-210.028
-198.703
-181.2
-167.302
-152.373
-135.9
-124.061
-109.132
-97.8071
-88.0264
-70.524
-53.0217
-35.5194
-17.5023
-3.08864
10.8103
22.1353
28.3126
35.0046
41.6967
48.9035
59.7138
73.6127
88.0264
105.529
122.516
141.048
157.006
171.42
185.319
197.158
206.424
216.205
226.501
233.193
244.518
254.298
261.505
267.682
269.742
273.86
279.008
279.008
279.522
281.067
284.67
291.362
298.054
304.231
310.924
315.042
319.16
325.337
327.396
328.941
330.485
330.485
326.367
318.645
307.32
290.847
275.919
260.99
243.488
224.441
205.395
187.378
171.42
159.58
144.651
127.664
113.25
100.896
90.0855
77.7309
62.8024
50.9626
36.549
23.1648
10.2955
-5.14774
-20.591
-36.549
-54.566
-69.4945
-84.4229
-102.955
-117.368
-132.812
-148.77
-163.698
-178.627
-193.04
-205.91
-217.235
-227.53
-236.796
-245.547
-252.754
-259.446
-266.138
-271.801
-281.067
-291.877
-301.143
-309.379
-314.527
-321.219
-327.396
-330.485
-331
-329.97
-327.911
-325.337
-323.793
-318.645
-312.983
-306.805
-298.569
-294.451
-290.847
-284.155
-277.978
-271.286
-264.079
-252.754
-239.37
-225.986
-213.116
-197.158
-180.171
-163.183
-146.711
-134.871
-125.09
-115.309
-105.529
-93.6889
-81.3343
-66.9206
-54.566
-41.1819
-23.1648
-4.11819
11.8398
29.8569
47.874
63.3172
78.7604
91.115
100.896
111.191
119.428
128.694
140.019
150.314
164.728
178.627
193.04
208.998
222.897
235.766
247.092
256.357
263.05
267.682
268.712
271.801
275.919
276.948
279.522
281.067
282.096
285.185
290.847
297.539
306.291
310.409
310.924
310.924
308.864
302.687
296.51
290.847
283.64
278.493
274.375
268.712
263.564
259.446
250.695
244.003
239.37
232.163
224.956
213.631
202.821
188.922
171.935
156.491
138.989
121.487
105.529
89.0559
73.6127
60.7433
44.7853
26.2535
9.78071
-9.78071
-27.283
-42.7262
-56.6251
-66.9206
-80.8195
-98.3218
-114.28
-131.782
-152.373
-169.875
-182.745
-198.188
-208.483
-218.264
-229.074
-239.37
-250.695
-262.535
-270.771
-275.919
-281.581
-287.759
-294.451
-301.143
-307.32
-312.983
-318.13
-319.675
-322.763
-323.793
-322.763
-321.734
-320.189
-319.675
-313.497
-305.776
-301.143
-295.48
-292.392
-288.273
-280.552
-276.948
-270.771
-263.05
-257.902
-247.606
-233.707
-221.353
-203.851
-188.922
-172.964
-152.888
-141.048
-128.694
-114.795
-101.925
-86.9968
-73.6127
-60.2286
-44.2706
-31.4012
-16.9875
-2.0591
11.8398
26.7682
40.6671
57.1399
75.157
88.0264
100.381
113.765
129.208
146.196
159.58
171.935
185.319
199.218
211.572
221.353
230.619
240.399
246.577
256.872
266.653
275.404
281.067
287.244
297.025
303.202
308.35
310.409
315.042
320.704
324.308
324.822
324.822
324.308
325.337
325.337
319.675
311.953
300.628
289.303
283.126
277.978
268.712
260.99
251.21
242.459
235.252
221.353
214.146
206.424
197.673
191.496
179.141
163.698
149.799
134.356
121.487
107.073
85.4525
66.9206
46.3297
29.3421
12.8694
-3.08864
-20.591
-37.5785
-50.4479
-66.9206
-81.3343
-97.8071
-110.162
-120.457
-131.267
-144.651
-163.183
-181.2
-195.614
-206.939
-218.264
-229.589
-243.488
-253.784
-262.535
-269.742
-279.008
-286.729
-292.906
-299.084
-303.202
-310.409
-317.101
-321.734
-320.189
-321.734
-323.793
-327.396
-334.603
-334.603
-331.514
-328.941
-324.308
-322.249
-314.527
-304.746
-296.51
-287.244
-280.552
-270.771
-257.387
-246.062
-234.222
-221.353
-207.969
-194.07
-177.082
-162.154
-152.373
-136.415
-122.001
-106.043
-83.3934
-67.4354
-49.4183
-29.8569
-12.8694
6.17729
24.1944
39.6376
57.1399
73.6127
87.5116
104.499
120.972
137.959
156.491
170.39
183.26
195.099
202.821
217.749
230.104
241.944
255.843
267.168
276.434
284.67
289.303
292.906
300.628
303.202
305.776
305.776
302.172
301.143
298.054
294.966
291.877
288.273
281.581
273.86
265.109
255.328
246.062
239.37
231.134
224.956
219.294
209.513
201.277
194.07
181.2
170.39
158.55
146.196
136.415
125.605
116.339
105.529
96.7775
83.9082
73.6127
63.3172
49.4183
38.0933
28.3126
18.5319
7.72161
-4.11819
-17.5023
-27.283
-37.0637
-49.9331
-62.8024
-77.2161
-86.482
-96.7775
-106.043
-110.676
-117.883
-123.546
-128.179
-134.871
-138.989
-142.078
-146.196
-147.74
-151.344
-155.977
-160.609
-164.213
-167.302
-171.42
-175.538
-179.141
-182.745
-186.863
-187.378
-193.04
-193.555
-194.07
-198.188
-201.277
-203.851
-206.939
-208.998
-207.454
-206.424
-202.306
-195.614
-191.496
-186.863
-181.2
-179.656
-176.053
-171.935
-168.846
-162.669
-155.462
-146.196
-136.415
-125.605
-111.706
-102.44
-93.1741
-89.0559
-89.0559
-83.9082
-80.8195
-73.6127
-63.832
-56.6251
-47.3592
-37.0637
-29.3421
-18.5319
-9.26593
-2.0591
5.66251
7.72161
12.8694
19.0466
25.7387
36.0342
48.3888
59.7138
72.0684
84.4229
94.7184
104.499
110.676
115.824
123.546
127.149
134.356
144.651
150.829
156.491
161.124
164.728
171.42
178.627
182.23
185.319
184.289
183.26
184.289
182.745
183.26
185.319
187.893
189.952
192.011
192.011
193.555
192.525
190.981
189.437
182.745
184.289
186.863
184.804
182.745
174.508
168.331
165.242
159.58
153.403
147.225
135.386
125.605
116.339
107.588
101.41
90.6002
83.3934
75.6718
64.8615
54.566
44.2706
36.0342
25.2239
14.4137
2.0591
-7.72161
-15.958
-23.1648
-30.3717
-42.2115
-49.4183
-57.6547
-64.3468
-72.0684
-80.8195
-93.6889
-105.014
-112.736
-119.942
-124.575
-133.841
-141.563
-143.107
-147.74
-152.373
-152.373
-149.799
-148.77
-147.74
-153.917
-159.58
-164.213
-169.361
-170.39
-173.994
-176.053
-176.567
-173.994
-171.42
-171.935
-172.964
-174.508
-174.508
-173.994
-170.905
-173.479
-173.994
-170.905
-168.846
-162.154
-158.036
-152.888
-149.799
-148.255
-151.858
-157.006
-158.036
-154.432
-143.622
-133.841
-127.149
-124.061
-120.972
-118.398
-115.309
-111.191
-106.558
-102.955
-97.8071
-91.6298
-86.9968
-80.3047
-70.524
-59.7138
-46.8444
-37.0637
-26.2535
-13.3841
-3.08864
6.69206
14.9284
27.7978
42.2115
58.1695
72.0684
81.8491
92.1445
101.925
117.883
133.841
149.284
162.154
173.994
185.833
199.218
210.543
222.382
233.707
246.062
259.961
270.771
277.463
284.155
289.303
293.936
300.628
304.231
304.231
301.143
297.539
298.569
298.569
297.539
294.966
291.877
288.273
281.067
269.227
257.387
241.429
230.104
219.809
206.424
194.07
175.538
158.036
142.078
125.09
107.073
89.5707
73.0979
61.7729
50.4479
36.549
22.1353
7.72161
-7.20684
-23.1648
-43.241
-63.832
-79.79
-94.2036
-108.103
-119.428
-133.326
-149.284
-161.639
-173.479
-185.319
-196.129
-209.513
-216.205
-219.294
-229.074
-235.766
-237.826
-244.518
-248.121
-250.18
-256.872
-255.843
-255.328
-253.784
-249.665
-249.665
-244.518
-242.973
-240.399
-235.766
-231.134
-229.589
-230.104
-223.927
-218.264
-218.264
-216.205
-211.572
-208.998
-199.732
-189.952
-179.141
-170.39
-163.183
-154.432
-147.225
-139.504
-133.326
-125.605
-118.398
-108.617
-98.3218
-90.0855
-79.2752
-68.9797
-59.199
-49.9331
-42.2115
-29.8569
-19.5614
-12.8694
-1.54432
10.2955
21.1057
31.916
43.7558
54.0513
65.3763
76.7013
85.4525
97.2923
107.073
117.368
130.753
141.048
152.373
161.639
168.331
175.538
182.745
191.496
197.673
201.791
213.631
221.868
225.986
235.252
235.766
238.34
246.062
248.636
252.754
253.269
248.636
250.18
248.121
243.488
241.429
236.796
232.163
230.104
225.986
218.779
213.116
205.91
197.673
188.407
179.141
169.875
158.036
146.711
135.386
124.061
110.676
99.8662
88.5411
79.2752
67.9502
57.1399
48.3888
37.5785
26.7682
10.8103
-5.66251
-18.5319
-29.8569
-41.1819
-53.5365
-67.9502
-81.3343
-91.6298
-104.499
-116.339
-127.664
-136.93
-138.989
-142.078
-147.225
-152.373
-160.095
-162.669
-164.728
-175.023
-183.774
-189.437
-198.188
-199.218
-201.791
-205.91
-205.91
-207.454
-208.483
-206.424
-204.88
-206.424
-205.91
-205.395
-202.821
-198.188
-193.555
-186.863
-180.686
-175.538
-170.905
-170.39
-165.242
-157.521
-148.77
-140.019
-135.9
-133.841
-129.723
-128.179
-123.546
-115.824
-105.529
-92.1445
-78.7604
-73.6127
-72.0684
-72.5831
-67.9502
-55.0808
-40.6671
-22.1353
-4.11819
5.14774
8.23638
6.17729
3.60342
9.26593
19.5614
31.4012
40.1524
43.7558
40.6671
38.6081
41.1819
54.0513
72.5831
83.9082
91.6298
86.482
78.7604
81.3343
100.381
136.93
176.053
197.673
185.319
152.373
116.339
103.984
121.487
155.462
195.614
213.116
202.821
166.272
128.694
120.972
143.107
180.686
216.72
219.294
192.525
169.875
160.095
161.639
174.508
186.348
178.627
159.58
140.019
130.753
142.078
161.639
179.141
178.112
155.977
129.208
114.795
115.309
126.634
132.297
117.883
94.7184
74.1275
59.199
47.874
44.2706
38.0933
32.4308
30.3717
24.7092
18.5319
13.3841
7.20684
-2.0591
-12.8694
-24.7092
-35.5194
-44.2706
-52.5069
-61.7729
-75.6718
-89.0559
-96.2627
-98.3218
-102.955
-110.676
-123.546
-138.989
-149.799
-153.917
-154.432
-157.006
-157.006
-162.669
-168.846
-175.023
-181.2
-182.23
-178.627
-175.538
-176.567
-181.715
-185.319
-184.289
-179.656
-174.508
-173.994
-171.935
-170.39
-172.449
-171.42
-172.449
-174.508
-175.538
-171.935
-164.213
-156.491
-155.977
-153.917
-152.373
-148.77
-139.504
-128.694
-117.883
-110.162
-108.103
-106.043
-100.381
-90.0855
-77.2161
-68.4649
-62.8024
-57.6547
-48.3888
-38.0933
-26.7682
-18.0171
-9.26593
0
7.72161
18.5319
26.2535
33.9751
40.1524
48.3888
54.0513
62.2877
74.1275
81.8491
90.6002
96.7775
102.955
110.676
122.516
138.474
151.858
164.213
173.479
177.082
175.023
171.42
165.242
162.154
162.669
166.787
172.964
173.994
178.627
182.745
184.289
186.863
186.863
188.922
190.981
189.437
191.496
192.525
192.011
193.555
192.525
184.804
174.508
164.213
160.095
158.036
154.947
158.55
156.491
147.74
141.048
128.694
117.883
109.132
97.8071
87.5116
75.157
63.3172
55.0808
47.3592
36.549
28.3126
19.0466
9.26593
1.02955
-7.72161
-16.9875
-25.7387
-33.4603
-38.6081
-44.2706
-50.4479
-57.6547
-68.9797
-80.8195
-92.6593
-102.955
-111.191
-113.25
-114.28
-117.368
-123.546
-131.267
-140.019
-147.74
-152.888
-153.403
-154.432
-162.669
-173.479
-186.348
-197.158
-201.791
-202.821
-201.791
-202.306
-204.88
-207.454
-210.028
-215.69
-214.146
-210.543
-206.939
-203.851
-202.821
-202.306
-201.277
-198.703
-192.525
-184.289
-176.053
-168.846
-166.787
-161.639
-150.314
-142.078
-130.238
-120.972
-114.28
-103.984
-96.2627
-86.9968
-76.1866
-64.8615
-48.9035
-37.5785
-33.4603
-28.8273
-19.5614
-10.2955
-1.54432
8.23638
16.9875
27.7978
39.1228
46.8444
54.566
63.3172
77.7309
92.1445
100.896
108.617
113.25
117.368
122.516
129.208
137.959
146.196
156.491
164.728
170.39
176.567
182.745
187.378
192.011
198.703
203.336
204.365
205.395
205.91
209.513
214.146
213.631
211.572
209.513
208.483
208.998
206.424
205.91
207.454
205.91
202.306
193.04
185.319
181.2
179.141
177.082
171.42
165.242
161.124
159.065
150.314
141.563
128.179
117.883
110.162
100.381
88.0264
76.7013
64.3468
56.1104
49.4183
39.6376
29.3421
15.4432
5.66251
-2.57387
-6.69206
-10.8103
-14.9284
-19.5614
-28.3126
-38.0933
-55.5956
-73.6127
-88.0264
-99.8662
-111.191
-125.605
-140.019
-148.255
-154.432
-161.124
-169.875
-178.112
-180.171
-182.23
-186.348
-192.525
-200.247
-207.454
-214.146
-222.382
-233.193
-240.914
-247.092
-250.695
-252.754
-254.298
-255.328
-254.298
-251.724
-249.151
-248.121
-247.606
-242.459
-231.134
-219.294
-211.572
-208.998
-209.513
-204.88
-200.247
-195.614
-190.466
-186.348
-178.112
-167.302
-154.947
-140.533
-128.179
-113.25
-100.381
-88.0264
-72.5831
-58.6842
-41.6967
-25.2239
-13.3841
-3.60342
3.08864
11.8398
25.2239
40.1524
54.566
67.9502
81.3343
97.2923
112.736
125.605
134.356
143.107
154.432
164.728
175.023
187.378
199.218
210.028
221.353
229.074
230.104
233.193
238.34
241.429
245.032
248.121
254.298
259.961
263.05
266.138
265.623
265.109
262.535
261.505
260.476
257.387
252.754
249.665
246.577
240.399
232.678
222.897
212.602
203.336
194.07
182.745
172.449
163.698
154.947
146.196
136.93
127.664
116.339
106.558
95.2332
84.4229
72.5831
58.1695
44.2706
31.916
19.5614
5.14774
-10.2955
-25.7387
-41.1819
-57.6547
-68.9797
-79.79
-90.6002
-98.3218
-105.014
-111.706
-120.457
-128.179
-138.474
-151.858
-162.669
-173.479
-181.715
-185.833
-194.07
-200.762
-205.91
-214.146
-221.353
-224.441
-228.56
-232.163
-231.134
-232.163
-230.104
-224.956
-223.412
-225.471
-225.471
-224.956
-224.441
-223.412
-222.382
-220.323
-218.779
-213.631
-210.543
-207.454
-202.821
-200.247
-194.07
-184.804
-175.538
-166.787
-156.491
-146.196
-133.326
-122.001
-111.191
-104.499
-96.7775
-89.5707
-84.4229
-75.157
-65.3763
-53.5365
-45.8149
-36.0342
-28.8273
-19.0466
-6.17729
4.63297
13.8989
23.1648
30.8864
39.6376
53.5365
65.3763
77.7309
89.0559
99.8662
113.765
126.634
137.959
146.711
153.403
160.095
165.757
172.964
181.2
185.833
193.04
200.247
207.454
214.146
217.749
219.809
222.897
226.501
230.619
234.222
236.281
239.885
241.944
245.547
246.062
241.429
237.311
230.104
226.501
222.382
216.72
208.998
199.732
192.525
185.833
178.112
174.508
169.875
167.816
165.242
158.036
150.314
140.019
126.12
110.162
91.6298
73.6127
59.199
44.2706
30.8864
15.958
2.0591
-12.8694
-25.7387
-39.1228
-52.5069
-66.4058
-77.7309
-84.4229
-88.5411
-91.6298
-96.2627
-102.955
-111.706
-120.972
-131.782
-143.107
-151.344
-160.609
-167.816
-176.567
-184.289
-192.011
-202.306
-208.483
-213.116
-215.69
-215.176
-215.69
-214.146
-212.602
-213.116
-211.572
-210.543
-209.513
-207.969
-206.424
-201.277
-196.129
-189.952
-182.745
-177.082
-170.905
-170.39
-170.39
-171.42
-171.935
-170.39
-167.302
-161.639
-152.373
-143.107
-136.415
-128.694
-120.457
-111.191
-103.984
-95.2332
-87.5116
-77.7309
-65.8911
-57.1399
-46.3297
-33.4603
-24.7092
-15.958
-8.23638
-2.0591
7.20684
13.8989
21.6205
30.3717
37.0637
46.3297
57.1399
62.8024
73.0979
81.8491
89.5707
98.8366
106.043
110.676
119.942
127.664
134.871
144.651
151.858
158.55
165.242
167.816
172.964
178.627
182.745
185.833
186.348
187.378
186.348
185.319
184.289
184.289
184.804
184.804
183.774
185.319
186.863
187.378
188.922
189.437
190.981
192.011
186.863
181.2
178.112
175.023
172.964
169.361
163.183
157.006
150.314
140.533
131.267
120.972
112.736
106.558
98.8366
92.1445
85.9673
74.1275
64.3468
54.566
42.2115
32.4308
22.6501
11.325
1.02955
-9.78071
-19.0466
-27.7978
-40.1524
-51.9922
-62.8024
-75.157
-85.4525
-97.8071
-107.073
-113.765
-120.972
-128.694
-137.959
-147.74
-157.006
-165.757
-174.508
-179.656
-184.289
-187.893
-189.952
-193.04
-194.585
-197.158
-200.762
-205.91
-208.998
-210.543
-213.116
-213.116
-213.116
-211.057
-208.483
-205.91
-202.821
-198.703
-194.07
-187.378
-176.567
-166.272
-158.55
-150.829
-144.137
-137.959
-131.782
-126.634
-122.516
-115.309
-108.617
-99.8662
-95.2332
-90.0855
-82.3638
-75.157
-66.9206
-58.1695
-50.4479
-42.2115
-30.8864
-21.1057
-13.8989
-7.72161
-2.57387
2.0591
7.72161
11.8398
14.9284
21.1057
28.8273
37.0637
45.3001
51.4774
58.6842
68.4649
76.1866
81.3343
89.0559
95.748
101.41
108.103
114.795
119.428
129.208
141.048
149.284
157.521
165.242
170.39
175.023
180.686
182.23
185.833
189.437
191.496
197.158
202.821
203.851
204.88
203.336
200.762
201.277
200.762
202.306
201.277
199.218
198.188
193.555
191.496
187.378
180.686
175.023
168.846
160.095
152.373
143.622
133.841
126.634
120.972
115.309
111.706
106.043
95.748
84.9377
73.0979
60.7433
50.4479
38.0933
27.7978
18.5319
9.26593
1.02955
-6.69206
-14.4137
-23.6796
-33.4603
-44.7853
-57.1399
-69.4945
-80.8195
-92.1445
-102.44
-110.676
-119.942
-127.149
-136.415
-141.563
-147.225
-155.462
-162.669
-169.361
-177.082
-182.23
-187.378
-194.585
-200.247
-207.969
-212.087
-212.087
-212.602
-211.057
-211.057
-212.087
-213.631
-217.235
-218.779
-218.779
-219.294
-218.264
-215.176
-212.087
-208.483
-202.821
-199.218
-195.614
-189.437
-183.774
-176.053
-168.846
-165.242
-160.095
-154.432
-149.799
-139.504
-127.664
-115.824
-103.47
-93.6889
-83.9082
-74.1275
-62.8024
-50.9626
-38.6081
-24.1944
-13.8989
-3.60342
7.72161
20.0762
34.4899
48.9035
64.3468
78.7604
90.0855
98.3218
105.529
113.25
123.546
133.326
143.107
151.344
155.977
164.728
171.42
180.686
189.437
195.614
202.306
205.91
210.028
211.057
213.116
215.176
219.809
222.382
222.897
223.927
221.868
221.353
220.323
220.838
220.323
217.749
215.69
213.631
206.424
202.306
199.218
196.644
196.644
189.437
182.23
177.082
168.331
162.154
154.947
148.255
139.504
130.753
122.516
111.706
99.8662
86.482
76.7013
68.4649
57.6547
47.874
34.4899
23.6796
11.325
-2.0591
-13.3841
-26.7682
-39.1228
-49.9331
-65.8911
-78.7604
-90.0855
-104.499
-113.765
-124.575
-133.841
-141.563
-149.284
-154.432
-160.609
-169.875
-181.2
-188.922
-196.129
-199.732
-206.424
-213.631
-215.176
-217.749
-216.72
-216.72
-222.897
-226.501
-231.134
-235.252
-233.707
-233.707
-232.678
-228.56
-224.441
-220.838
-216.205
-210.028
-204.365
-200.247
-194.585
-192.011
-185.833
-181.2
-172.449
-161.639
-153.917
-145.681
-139.504
-129.723
-121.487
-112.736
-102.44
-89.5707
-79.79
-70.524
-59.7138
-49.9331
-37.5785
-24.7092
-13.3841
-1.54432
7.20684
18.5319
33.9751
46.3297
58.6842
67.4354
75.6718
84.9377
92.6593
101.925
111.706
119.942
130.238
138.989
146.196
155.462
163.698
170.905
176.053
180.171
185.833
192.011
198.703
204.88
211.057
214.146
217.749
219.809
219.294
216.205
212.087
209.513
207.969
206.939
207.454
206.424
204.365
202.821
200.247
198.188
193.555
185.319
176.567
168.846
162.154
154.947
147.225
137.959
129.208
118.398
108.103
98.3218
88.0264
80.3047
70.524
62.2877
57.6547
48.9035
39.1228
27.7978
13.3841
0.514774
-10.2955
-20.591
-30.3717
-36.549
-42.7262
-46.3297
-50.4479
-56.1104
-61.7729
-71.0388
-81.3343
-90.0855
-101.41
-109.647
-113.765
-119.942
-122.001
-127.664
-131.267
-134.356
-140.533
-142.592
-145.166
-148.255
-150.314
-153.917
-159.065
-161.639
-165.242
-167.302
-168.846
-168.846
-166.787
-162.154
-159.58
-156.491
-155.977
-158.036
-158.55
-162.154
-163.183
-161.124
-160.095
-155.462
-151.344
-147.225
-141.563
-137.959
-132.812
-128.694
-125.09
-119.942
-116.339
-113.25
-109.132
-106.558
-99.8662
-94.7184
-88.0264
-79.2752
-72.0684
-62.2877
-53.0217
-41.6967
-31.4012
-23.1648
-14.9284
-7.20684
-2.57387
5.66251
13.3841
23.1648
34.4899
43.7558
54.0513
63.3172
71.5536
80.3047
89.0559
96.2627
103.984
111.706
119.942
127.149
133.841
140.533
146.196
152.373
159.065
161.124
166.272
167.302
167.816
168.846
167.816
168.331
169.361
167.302
167.302
165.242
161.639
161.124
157.521
153.917
150.829
144.137
138.474
133.326
125.09
121.487
115.309
110.162
104.499
96.7775
89.5707
80.3047
75.157
68.9797
62.8024
59.7138
52.5069
46.3297
41.1819
35.5194
30.3717
24.1944
18.5319
13.8989
8.23638
3.60342
0
-6.17729
-9.26593
-18.0171
-25.2239
-29.3421
-36.549
-38.0933
-36.549
-39.6376
-39.1228
-42.2115
-47.3592
-48.9035
-53.0217
-55.5956
-57.1399
-61.2581
-64.3468
-67.4354
-70.524
-71.5536
-74.1275
-79.2752
-82.3638
-88.5411
-93.6889
-94.2036
-93.6889
-92.1445
-91.115
-90.6002
-91.115
-92.6593
-95.2332
-97.8071
-97.2923
-96.2627
-95.2332
-94.7184
-93.6889
-96.7775
-97.2923
-98.3218
-105.529
-108.617
-108.103
-108.617
-103.984
-100.896
-102.955
-102.44
-103.47
-102.955
-101.41
-101.41
-98.3218
-95.748
-96.7775
-99.8662
-102.44
-104.499
-102.44
-97.8071
-94.2036
-88.0264
-79.2752
-70.524
-61.2581
-51.9922
-45.8149
-36.0342
-30.3717
-25.2239
-17.5023
-12.8694
-7.20684
-1.54432
3.08864
8.75116
14.9284
21.1057
30.3717
40.6671
53.5365
65.3763
79.79
93.1741
102.44
112.221
120.457
126.12
135.386
143.622
149.799
157.006
160.095
160.095
162.154
162.669
165.242
170.39
171.935
173.479
177.597
175.023
176.053
178.112
177.597
180.171
179.656
176.053
177.597
172.449
165.242
159.58
151.344
144.651
137.959
130.753
126.634
122.001
115.824
109.647
101.925
93.1741
85.4525
78.2457
72.0684
65.3763
56.6251
46.8444
38.6081
29.3421
19.0466
8.75116
-2.0591
-11.8398
-21.6205
-29.8569
-38.6081
-46.3297
-54.566
-63.3172
-71.0388
-79.79
-87.5116
-94.7184
-99.3514
-106.558
-111.706
-117.883
-125.09
-130.238
-136.415
-140.533
-142.592
-145.166
-147.225
-149.799
-153.917
-158.036
-160.095
-163.183
-165.242
-165.242
-167.302
-170.39
-173.994
-172.964
-170.905
-169.361
-166.787
-169.361
-170.39
-172.964
-172.449
-168.846
-164.728
-160.095
-156.491
-155.977
-155.462
-151.858
-148.255
-141.048
-133.841
-128.179
-122.001
-116.854
-111.706
-103.984
-94.2036
-84.4229
-74.1275
-63.832
-54.0513
-45.8149
-37.0637
-27.7978
-18.0171
-7.72161
1.54432
13.8989
23.1648
33.4603
43.7558
54.566
62.8024
71.5536
79.79
85.9673
92.1445
99.8662
108.103
116.339
129.208
140.019
149.284
158.036
162.669
166.787
171.935
176.567
182.745
192.011
197.158
203.851
207.969
207.454
208.998
209.513
207.969
211.057
211.572
209.513
209.513
203.336
198.703
194.07
187.378
182.745
177.597
171.42
167.302
159.065
149.799
144.651
138.474
132.812
128.694
120.972
113.765
107.073
97.2923
88.5411
80.3047
69.4945
61.2581
52.5069
39.6376
29.3421
18.5319
10.8103
5.14774
-0.514774
-7.20684
-15.958
-26.7682
-40.6671
-52.5069
-62.8024
-70.0093
-75.6718
-81.8491
-90.6002
-101.925
-110.162
-123.031
-132.297
-139.504
-146.196
-151.858
-154.947
-160.609
-166.787
-172.964
-175.538
-178.112
-181.2
-182.23
-186.348
-189.437
-193.04
-198.703
-200.247
-201.277
-202.821
-200.247
-201.277
-203.851
-203.851
-203.851
-202.821
-197.673
-192.525
-187.378
-180.686
-176.053
-172.964
-166.787
-161.124
-155.462
-147.225
-141.563
-133.326
-126.634
-123.031
-115.309
-108.103
-97.8071
-85.4525
-72.5831
-59.7138
-46.3297
-36.0342
-25.2239
-13.3841
-3.60342
9.26593
18.5319
26.7682
35.5194
40.6671
50.4479
60.7433
73.0979
86.9968
99.3514
114.28
127.664
135.386
144.651
153.917
160.609
168.331
172.964
178.627
182.745
186.348
189.437
193.555
199.732
204.365
210.028
213.116
217.235
219.294
219.809
222.897
221.868
222.382
222.382
220.323
216.72
210.028
205.395
202.821
199.218
195.099
191.496
184.289
178.627
172.449
163.183
157.006
148.255
138.989
133.326
123.031
112.221
102.44
90.0855
79.2752
69.4945
59.199
50.4479
41.6967
30.8864
20.0762
7.72161
-6.17729
-19.0466
-29.8569
-37.5785
-48.3888
-58.1695
-68.4649
-78.2457
-85.4525
-94.2036
-102.955
-112.221
-122.516
-132.297
-141.048
-151.344
-159.065
-166.272
-174.508
-180.686
-189.437
-196.129
-202.821
-208.483
-210.543
-214.146
-213.631
-215.176
-215.176
-215.176
-215.69
-214.146
-212.602
-211.057
-206.939
-203.336
-200.247
-194.585
-190.981
-183.26
-176.053
-168.331
-159.58
-153.403
-144.651
-138.474
-129.208
-118.913
-111.706
-100.896
-94.7184
-87.5116
-79.79
-70.524
-58.6842
-46.3297
-35.0046
-25.7387
-15.958
-7.20684
3.60342
10.8103
19.5614
25.2239
27.7978
35.0046
39.1228
46.8444
55.0808
60.7433
67.4354
72.5831
77.7309
82.3638
89.0559
94.2036
95.748
99.8662
102.44
107.588
108.617
112.736
114.795
115.309
119.942
123.031
125.09
125.605
128.694
128.694
130.753
134.356
135.9
136.415
135.9
136.415
135.386
135.9
135.386
132.812
132.297
129.723
127.149
127.149
126.634
125.605
125.09
123.546
121.487
122.001
118.398
118.913
117.368
112.736
111.706
107.073
105.014
105.014
100.381
98.3218
93.6889
88.5411
83.3934
76.7013
73.0979
66.9206
61.7729
56.6251
48.3888
42.2115
35.0046
27.283
21.1057
15.958
7.72161
0
-7.72161
-19.5614
-27.283
-35.0046
-45.8149
-53.5365
-63.3172
-71.5536
-78.7604
-84.9377
-92.1445
-98.8366
-105.529
-112.221
-120.457
-128.179
-132.812
-138.989
-145.681
-150.829
-153.917
-158.55
-159.58
-161.124
-163.698
-165.757
-166.787
-165.757
-164.728
-161.639
-161.124
-161.124
-160.095
-159.58
-160.095
-160.095
-157.521
-157.521
-154.947
-151.344
-149.799
-145.166
-142.078
-138.989
-134.356
-131.267
-126.12
-120.972
-113.765
-106.558
-96.2627
-88.5411
-79.2752
-67.9502
-59.7138
-51.4774
-44.7853
-36.549
-29.3421
-23.6796
-15.958
-8.23638
-2.57387
5.14774
11.8398
19.5614
28.3126
36.0342
45.8149
50.9626
59.7138
66.4058
73.0979
80.3047
84.4229
91.115
97.8071
104.499
111.191
117.368
124.575
129.723
136.415
142.078
146.711
153.917
158.036
161.639
167.302
170.39
173.479
175.538
173.479
173.479
173.479
172.449
171.935
169.361
166.272
165.242
163.183
160.609
159.58
157.006
154.947
153.403
149.799
145.681
139.504
132.812
125.605
119.942
113.25
106.558
99.8662
92.6593
87.5116
80.8195
74.1275
67.4354
59.7138
53.5365
45.3001
37.0637
30.3717
21.1057
11.8398
1.02955
-9.78071
-17.5023
-25.7387
-36.0342
-45.8149
-53.5365
-62.8024
-68.9797
-75.6718
-83.3934
-89.5707
-96.2627
-101.925
-108.103
-115.824
-120.457
-127.149
-134.356
-138.474
-145.166
-148.255
-152.373
-156.491
-158.55
-161.639
-164.728
-164.728
-165.242
-166.272
-165.757
-166.272
-166.787
-167.816
-167.816
-166.272
-164.728
-163.698
-162.669
-159.065
-154.947
-149.799
-146.196
-140.533
-135.386
-129.723
-124.061
-122.001
-117.368
-109.132
-102.44
-95.748
-86.482
-77.7309
-67.4354
-60.7433
-54.0513
-46.8444
-40.1524
-31.4012
-24.7092
-16.9875
-6.17729
3.60342
12.8694
20.0762
24.7092
32.4308
40.6671
45.8149
52.5069
58.6842
64.3468
71.5536
80.3047
86.482
94.2036
96.7775
99.8662
104.499
107.588
110.676
113.25
118.913
122.516
128.694
134.356
137.959
139.504
142.078
142.592
143.622
146.711
147.74
152.373
151.858
151.344
152.373
152.373
151.344
150.829
152.888
150.829
148.77
148.255
145.681
143.107
140.533
137.959
135.9
130.753
126.12
120.972
114.795
111.191
105.014
97.2923
94.2036
91.115
85.9673
82.3638
73.0979
68.4649
65.3763
56.1104
52.5069
47.3592
39.1228
29.3421
21.1057
10.2955
-0.514774
-8.23638
-18.0171
-26.7682
-35.5194
-44.7853
-55.0808
-65.3763
-76.7013
-86.482
-95.748
-104.499
-112.736
-119.428
-125.605
-132.812
-141.048
-148.255
-154.947
-161.639
-165.242
-170.905
-176.053
-178.627
-182.745
-185.833
-187.893
-190.466
-194.07
-194.585
-193.04
-195.614
-193.555
-192.525
-190.466
-186.348
-182.745
-179.141
-175.538
-170.39
-164.728
-160.609
-150.829
-144.137
-136.93
-126.634
-119.942
-111.191
-104.499
-97.8071
-87.5116
-77.2161
-66.4058
-56.1104
-45.3001
-33.4603
-22.6501
-13.8989
-6.17729
-0.514774
6.69206
16.9875
25.2239
35.0046
48.3888
56.1104
66.4058
77.2161
82.8786
89.5707
93.6889
98.3218
104.499
110.676
119.428
124.061
131.782
138.989
141.048
146.711
150.314
151.858
153.403
156.491
157.521
157.006
160.095
161.639
164.728
168.846
167.816
166.787
166.272
162.669
162.669
160.609
158.036
154.947
148.77
145.166
139.504
136.415
133.326
128.179
125.09
119.942
114.28
109.647
101.925
94.2036
86.9968
80.8195
74.6422
67.9502
62.8024
56.6251
48.9035
43.241
34.4899
24.7092
15.958
8.23638
-1.02955
-8.23638
-13.3841
-19.5614
-26.2535
-30.3717
-37.5785
-45.3001
-50.9626
-59.7138
-65.3763
-71.0388
-77.7309
-81.8491
-89.5707
-96.2627
-98.8366
-104.499
-107.073
-111.706
