SAMPLES: 8073
BITSPERSAMPLE:	16
CHANNELS:	1
SAMPLERATE:	16000
NORMALIZED:	FALSE
-270.771
-273.86
-278.493
-281.067
-282.096
-287.244
-286.729
-284.155
-281.067
-275.404
-274.375
-269.742
-261.505
-252.754
-240.914
-225.986
-208.998
-186.863
-163.183
-137.445
-111.191
-83.9082
-53.5365
-11.8398
35.0046
89.5707
154.432
213.116
266.138
312.468
350.561
394.832
435.499
468.959
503.449
533.821
560.589
580.665
586.328
586.842
586.328
581.18
580.15
578.606
566.766
547.205
519.407
493.154
473.077
444.765
405.127
360.857
314.012
275.919
245.547
213.631
183.774
152.373
120.457
99.3514
79.79
63.832
48.9035
30.3717
16.4728
6.69206
-4.11819
-16.9875
-32.4308
-50.9626
-66.9206
-85.4525
-105.529
-120.972
-138.989
-153.917
-164.728
-178.112
-194.07
-213.116
-237.311
-259.961
-284.155
-309.894
-329.455
-350.046
-369.093
-383.507
-402.553
-419.026
-434.469
-451.457
-459.693
-465.356
-465.87
-460.723
-453.001
-440.647
-428.292
-418.511
-410.79
-401.524
-391.228
-376.815
-355.709
-334.603
-309.379
-285.185
-262.02
-236.281
-205.91
-178.627
-151.344
-123.546
-98.8366
-73.6127
-54.0513
-35.5194
-15.4432
-0.514774
10.8103
19.0466
20.0762
21.1057
23.1648
28.3126
43.241
53.5365
56.6251
62.8024
63.3172
59.199
58.6842
53.0217
51.9922
55.0808
60.7433
70.524
75.6718
81.3343
94.2036
107.588
130.238
161.639
196.644
243.488
303.717
365.49
418.511
452.486
472.048
494.698
520.437
551.323
580.15
599.712
617.729
626.48
626.48
617.729
605.374
590.961
575.517
568.825
552.867
526.099
489.55
449.398
409.76
358.283
294.966
225.986
162.669
109.647
66.9206
29.8569
-3.60342
-31.916
-60.2286
-81.8491
-95.748
-112.736
-125.605
-135.386
-139.504
-132.812
-130.753
-134.871
-136.415
-144.651
-152.373
-165.242
-179.656
-185.833
-193.04
-196.129
-191.496
-189.437
-196.129
-217.235
-248.636
-277.463
-308.35
-341.81
-373.211
-401.524
-420.056
-437.043
-461.238
-486.461
-513.744
-539.483
-556.985
-568.311
-572.943
-572.429
-565.737
-551.323
-531.762
-514.774
-501.905
-490.58
-475.651
-454.545
-426.748
-398.95
-367.034
-328.426
-288.273
-242.973
-197.673
-156.491
-115.824
-77.7309
-39.6376
-2.0591
30.3717
58.6842
84.9377
105.014
120.457
129.723
132.297
134.871
132.812
131.267
135.9
137.959
141.563
145.681
147.74
148.77
146.196
142.078
138.989
140.019
146.196
152.888
153.403
151.344
147.225
154.432
181.715
226.501
288.788
363.43
431.381
483.373
514.259
535.88
566.766
608.978
652.733
689.797
717.08
730.464
721.198
695.46
665.603
638.835
621.847
610.522
604.345
590.961
563.678
525.069
480.799
433.44
367.549
286.214
201.277
127.664
68.4649
19.5614
-30.3717
-79.2752
-121.487
-162.154
-192.525
-211.057
-223.927
-231.648
-232.678
-227.53
-221.353
-216.205
-215.69
-219.809
-224.441
-232.678
-247.092
-262.535
-273.345
-279.522
-281.581
-273.86
-268.712
-265.109
-268.197
-277.978
-292.906
-319.16
-352.105
-384.021
-406.157
-421.085
-434.984
-446.309
-463.297
-481.314
-503.964
-522.496
-540.513
-551.838
-550.293
-541.542
-519.922
-495.213
-476.681
-461.238
-443.735
-426.748
-410.275
-395.861
-378.874
-351.076
-310.924
-262.535
-214.661
-170.39
-127.149
-91.115
-59.199
-28.8273
1.54432
31.916
59.7138
83.9082
101.925
116.854
118.913
122.001
118.398
113.765
116.339
119.942
128.694
133.841
134.356
126.634
115.309
109.647
105.014
102.44
103.984
109.132
117.883
127.664
138.474
150.829
171.42
202.306
251.724
322.249
407.701
489.035
546.69
579.636
604.345
634.716
670.236
712.447
749.511
780.912
801.503
797.385
775.764
742.304
708.844
682.076
660.97
641.408
607.433
561.618
510.141
458.664
403.583
325.852
231.134
132.297
51.9922
-10.2955
-62.2877
-106.558
-155.462
-199.732
-244.003
-279.522
-304.231
-319.675
-327.911
-331
-316.071
-295.48
-275.919
-264.079
-259.961
-265.623
-275.919
-292.392
-307.835
-312.468
-308.35
-295.995
-283.64
-277.463
-287.759
-308.35
-324.822
-340.78
-356.738
-381.962
-409.245
-428.807
-438.073
-443.735
-449.398
-454.545
-462.267
-473.077
-486.461
-496.242
-497.272
-485.432
-457.119
-422.629
-387.625
-359.827
-339.751
-317.616
-293.936
-271.286
-256.872
-239.37
-212.087
-173.994
-131.267
-89.0559
-50.9626
-21.1057
1.54432
26.7682
52.5069
79.79
107.073
130.238
153.917
173.994
180.171
175.023
166.272
157.521
150.314
148.77
148.77
154.947
153.917
142.078
131.782
109.132
81.8491
47.3592
18.5319
12.3546
10.2955
8.75116
7.20684
12.3546
20.591
24.7092
27.7978
61.2581
144.651
270.771
426.748
567.796
642.953
639.349
588.387
570.884
609.492
665.088
710.388
729.95
739.73
737.671
695.974
646.041
601.256
569.34
530.217
480.284
432.925
389.684
354.679
307.32
263.564
196.129
82.3638
-46.3297
-157.521
-211.572
-235.766
-252.239
-253.784
-231.134
-190.466
-176.567
-192.525
-223.927
-248.121
-254.813
-231.134
-180.171
-127.664
-96.2627
-81.3343
-67.9502
-71.0388
-107.073
-185.833
-255.328
-282.096
-281.067
-272.83
-283.126
-301.143
-310.409
-324.308
-353.65
-407.186
-493.154
-580.665
-630.083
-619.273
-584.269
-551.323
-521.981
-483.888
-446.824
-454.545
-501.39
-548.234
-538.968
-460.208
-343.869
-219.294
-121.487
-40.6671
16.4728
40.1524
24.7092
-27.283
-71.5536
-66.4058
-3.60342
72.0684
119.942
136.93
147.225
168.846
173.479
124.575
45.8149
-25.2239
-40.1524
9.78071
71.0388
103.47
101.925
85.4525
38.6081
-32.4308
-111.191
-146.711
-97.8071
-8.75116
73.6127
117.368
130.238
133.841
114.28
51.4774
-49.4183
-126.12
-134.871
-98.8366
-55.0808
-37.0637
-35.0046
-16.9875
41.6967
235.766
629.569
1143.83
1502.11
1512.41
1285.39
1065.58
1001.75
955.935
842.17
745.908
735.097
705.24
430.351
-8.75116
-393.802
-525.584
-478.74
-413.364
-303.202
-124.575
149.284
356.738
393.802
251.21
7.72161
-146.711
-161.639
-46.8444
50.9626
96.2627
158.036
257.387
313.497
172.964
-80.8195
-286.729
-339.236
-295.995
-259.446
-223.927
-166.787
-109.132
-135.9
-265.109
-455.06
-647.586
-777.309
-789.149
-670.751
-488.006
-333.059
-236.281
-185.319
-210.028
-338.207
-532.791
-681.561
-681.561
-529.188
-308.864
-112.221
-4.11819
-14.4137
-104.499
-225.471
-357.253
-472.563
-490.065
-381.962
-190.981
-36.0342
15.958
15.4432
8.23638
-13.8989
-84.9377
-148.255
-125.605
-14.9284
100.381
157.521
164.213
129.208
83.9082
13.8989
-61.7729
-106.558
-98.8366
-14.9284
106.043
231.134
282.611
271.801
252.754
230.104
198.703
145.166
116.339
141.563
193.555
207.454
172.964
103.984
42.2115
-18.0171
-71.5536
-77.2161
-48.3888
-15.4432
-17.5023
-61.7729
-133.326
-201.277
-248.121
-269.227
-267.168
-299.084
-374.755
-391.228
-262.535
95.748
771.646
1600.95
2180.58
2196.54
1794.5
1329.15
1055.29
900.34
713.477
631.113
706.785
711.418
273.345
-499.331
-1138.17
-1348.71
-1262.74
-1133.53
-857.099
-309.894
376.815
796.355
771.646
489.035
164.213
-71.5536
-216.72
-217.749
-85.9673
83.9082
210.543
260.99
225.471
9.26593
-361.886
-700.093
-834.963
-746.937
-535.88
-286.214
-51.9922
106.558
104.499
-57.6547
-316.071
-591.475
-763.41
-737.156
-469.474
-93.6889
171.42
232.163
192.011
92.6593
-141.048
-497.786
-831.36
-924.534
-707.814
-356.224
-55.5956
134.871
196.129
112.736
-80.8195
-300.628
-474.107
-449.398
-253.784
31.916
289.818
414.908
403.583
270.771
91.115
-131.267
-274.889
-282.096
-144.651
48.3888
177.597
229.074
182.745
88.5411
-59.7138
-204.365
-247.092
-161.124
21.6205
219.809
364.975
419.026
382.477
242.973
53.0217
-105.529
-197.158
-201.277
-141.563
-65.3763
-5.66251
-19.0466
-103.47
-223.412
-332.029
-401.524
-398.95
-349.532
-257.387
-114.28
-60.2286
-71.5536
-154.947
-254.813
-353.135
-462.267
-571.914
-551.323
-295.48
116.339
907.032
1871.72
2507.98
2464.74
1958.72
1406.88
1052.2
857.614
647.586
635.746
794.811
850.407
377.844
-496.242
-1226.71
-1505.2
-1418.2
-1233.91
-846.803
-95.748
789.663
1296.2
1288.99
977.041
531.762
100.381
-192.525
-250.18
-68.4649
157.006
292.906
339.236
278.493
34.4899
-408.731
-845.774
-1049.62
-939.463
-635.231
-287.244
32.4308
275.404
346.443
177.597
-156.491
-537.424
-808.195
-864.82
-666.118
-318.13
-2.0591
165.757
165.757
18.0171
-287.244
-693.915
-1053.74
-1151.55
-964.172
-611.037
-221.868
80.3047
231.648
223.927
64.3468
-193.04
-401.009
-483.888
-398.435
-173.994
95.2332
299.598
363.43
288.273
91.6298
-140.019
-349.017
-458.149
-403.068
-231.134
-14.4137
165.757
297.539
313.497
200.762
29.3421
-131.267
-173.479
-101.925
26.7682
182.745
334.603
385.566
297.025
107.073
-115.824
-278.493
-345.928
-323.793
-224.441
-60.2286
85.4525
156.491
133.326
40.1524
-66.9206
-137.445
-188.407
-192.011
-146.711
-91.6298
-19.5614
-3.08864
-47.874
-229.074
-467.415
-703.696
-700.607
-417.996
122.516
1064.55
2167.71
2948.63
2933.7
2401.94
1744.05
1255.02
902.914
633.172
647.586
804.592
778.853
245.547
-593.02
-1283.85
-1587.56
-1593.23
-1460.41
-1006.38
-142.592
786.06
1332.75
1343.56
1064.04
642.953
155.977
-251.724
-407.186
-272.315
-70.524
83.9082
165.242
178.627
-2.0591
-427.262
-908.061
-1200.97
-1147.43
-860.187
-503.449
-133.326
173.994
320.189
222.382
-113.25
-519.407
-826.727
-925.049
-793.267
-472.048
-98.8366
148.255
211.572
83.3934
-235.252
-656.337
-986.307
-1087.2
-942.551
-624.936
-280.037
16.9875
201.791
191.496
21.6205
-228.56
-430.866
-518.892
-489.55
-344.899
-117.883
136.415
293.421
309.379
185.319
5.66251
-161.124
-298.054
-331
-270.771
-126.12
58.1695
221.868
321.734
304.746
189.952
52.5069
-1.54432
20.591
109.647
222.897
322.249
421.085
437.558
356.738
181.715
-28.3126
-184.289
-265.109
-253.269
-169.361
-42.7262
90.0855
170.905
186.348
175.538
149.284
115.824
122.516
124.575
117.368
125.09
98.8366
92.6593
35.0046
-157.521
-427.777
-654.793
-682.59
-431.895
227.53
1308.56
2398.33
2851.33
2593.43
2049.83
1560.28
1157.21
760.836
565.222
688.768
829.301
541.027
-208.998
-1012.05
-1504.17
-1689.49
-1735.3
-1558.74
-941.007
-1.02955
820.035
1153.61
1062.49
776.279
369.093
-72.5831
-390.713
-464.841
-361.886
-212.087
-46.8444
105.529
112.736
-157.006
-607.433
-1002.27
-1148.98
-1043.45
-798.414
-459.693
-97.8071
169.361
235.766
61.2581
-266.653
-630.083
-905.487
-969.834
-775.25
-422.115
-83.9082
171.935
267.168
125.605
-246.062
-673.324
-966.231
-1024.4
-811.799
-468.444
-91.115
222.382
351.591
268.197
62.8024
-189.437
-394.317
-462.267
-410.79
-206.939
86.482
329.97
431.895
394.317
271.801
91.115
-94.2036
-198.703
-199.732
-108.103
43.241
214.661
345.928
382.992
258.931
48.3888
-88.0264
-151.344
-144.651
-94.2036
26.7682
186.348
303.202
303.202
188.922
55.0808
-73.0979
-174.508
-242.973
-203.336
-39.1228
134.871
230.619
237.311
227.53
194.585
121.487
22.1353
-19.5614
32.9455
106.043
130.753
78.2457
-53.5365
-258.931
-499.846
-690.312
-639.349
-220.323
567.796
1587.05
2490.99
2858.54
2601.15
2040.56
1519.61
1126.33
807.68
614.64
611.552
615.67
302.687
-401.524
-1176.26
-1678.16
-1838.77
-1739.94
-1412.54
-772.676
112.736
938.948
1381.65
1364.67
1040.87
587.872
139.504
-179.656
-293.421
-231.648
-94.7184
25.2239
86.482
10.8103
-280.552
-721.713
-1103.68
-1281.79
-1208.69
-929.682
-555.441
-164.728
120.972
194.585
30.3717
-285.185
-618.244
-829.301
-806.136
-591.99
-297.539
-34.4899
146.711
175.538
11.325
-337.177
-778.853
-1086.17
-1099.04
-882.323
-559.559
-203.851
83.9082
237.826
232.678
39.6376
-239.885
-420.57
-491.609
-421.085
-251.724
-55.0808
121.487
242.459
282.611
210.543
78.2457
-74.6422
-189.437
-192.525
-63.832
105.014
265.623
376.3
390.713
300.628
136.415
-61.2581
-175.538
-172.964
-118.913
-11.325
96.2627
165.757
177.597
135.9
64.8615
-1.02955
-55.0808
-73.0979
5.66251
149.284
295.995
360.342
333.574
273.345
237.311
240.914
219.294
199.732
202.306
158.55
37.0637
-124.575
-311.438
-476.681
-598.682
-707.299
-597.653
-176.053
518.892
1456.3
2363.84
2807.06
2669.62
2218.68
1717.8
1346.13
1040.36
782.971
677.957
590.446
243.488
-439.617
-1172.14
-1659.12
-1808.4
-1664.78
-1320.91
-714.506
119.428
915.783
1360.03
1371.36
1081.54
646.041
252.239
-55.5956
-214.146
-220.838
-167.816
-109.132
-80.8195
-149.799
-422.629
-847.318
-1228.77
-1384.23
-1274.58
-977.041
-601.771
-242.973
31.4012
142.592
19.0466
-281.067
-611.037
-830.845
-852.981
-687.223
-398.95
-81.3343
131.267
150.314
-13.3841
-338.207
-762.895
-1124.27
-1218.47
-1031.09
-636.261
-202.821
113.765
287.244
269.227
76.7013
-238.855
-501.39
-622.362
-565.737
-361.371
-101.925
145.681
302.687
332.544
201.277
-0.514774
-198.188
-338.721
-355.709
-231.134
-8.23638
242.973
423.659
451.972
362.401
217.235
53.0217
-53.0217
-71.5536
-24.1944
121.487
280.552
361.371
352.105
271.801
171.42
83.3934
16.4728
-9.26593
46.8444
148.255
272.315
345.413
359.827
340.266
291.877
249.151
162.154
84.4229
26.7682
-1.02955
2.57387
25.2239
-19.0466
-160.095
-405.127
-625.965
-508.082
5.14774
904.458
1996.29
2826.11
2987.23
2602.18
2021
1482.55
1044.99
694.43
552.353
568.311
472.563
-10.2955
-739.73
-1362.09
-1699.27
-1765.16
-1606.61
-1180.38
-442.191
456.09
1139.71
1385.26
1269.95
925.049
485.432
79.2752
-235.252
-377.329
-349.532
-244.003
-137.959
-85.4525
-211.057
-557.5
-992.484
-1335.32
-1437.25
-1279.21
-931.226
-503.964
-105.014
137.959
140.533
-97.8071
-472.563
-807.68
-972.408
-933.285
-720.169
-405.642
-108.103
82.8786
99.8662
-91.6298
-452.486
-847.318
-1123.75
-1104.71
-764.954
-316.071
81.8491
346.958
427.777
315.042
32.9455
-352.62
-622.877
-642.438
-467.93
-209.513
39.1228
241.429
337.177
294.451
135.386
-60.7433
-204.365
-241.429
-190.981
-50.9626
173.994
357.253
415.937
354.165
194.585
26.7682
-99.8662
-178.112
-160.095
-44.2706
102.44
213.116
259.961
221.868
138.989
62.8024
32.4308
77.7309
198.188
336.147
461.752
541.542
516.833
395.861
248.121
133.326
43.7558
3.60342
-25.2239
-45.8149
-68.9797
-108.103
-185.833
-299.084
-455.575
-704.726
-824.153
-586.842
188.922
1460.41
2725.21
3301.25
3045.4
2419.44
1757.44
1190.16
729.435
537.424
710.903
921.445
668.691
-143.107
-1027.49
-1626.69
-1910.84
-1946.88
-1676.1
-969.319
85.4525
1080.51
1598.37
1626.17
1318.34
790.178
246.577
-162.669
-329.455
-304.231
-223.927
-113.25
4.11819
11.325
-282.096
-830.33
-1362.61
-1593.23
-1479.46
-1145.89
-684.649
-176.053
248.121
397.406
195.614
-254.298
-739.215
-1054.26
-1110.88
-927.623
-565.737
-166.272
114.795
183.26
13.8989
-377.329
-874.601
-1288.48
-1439.31
-1150.52
-541.542
68.4649
466.385
590.961
488.521
205.395
-205.395
-615.67
-805.621
-691.856
-390.199
-93.6889
99.3514
178.627
123.031
-30.8864
-217.749
-356.224
-332.544
-165.757
46.3297
295.995
509.112
577.576
482.343
263.564
9.26593
-158.55
-219.809
-176.567
-46.8444
107.588
220.323
230.104
166.272
55.5956
-59.199
-86.482
-9.78071
166.272
376.3
520.951
546.175
487.491
373.726
218.264
59.7138
-88.5411
-138.989
-102.955
-60.7433
-37.5785
-14.4137
-62.8024
-200.762
-474.622
-797.385
-866.365
-517.348
440.647
1853.7
3089.67
3482.45
3026.36
2225.88
1489.76
934.315
525.584
522.496
904.973
1155.15
760.836
-175.538
-1060.43
-1624.63
-1919.08
-1958.72
-1583.44
-680.016
448.883
1298.26
1600.95
1476.89
1074.85
483.888
-58.1695
-350.046
-287.244
-70.0093
78.2457
168.331
200.762
49.9331
-422.629
-1057.35
-1528.88
-1639.56
-1417.17
-976.012
-426.748
86.482
392.258
362.916
44.7853
-420.056
-883.867
-1162.87
-1130.96
-800.474
-312.468
107.588
329.455
307.32
24.1944
-472.563
-1018.74
-1383.2
-1388.86
-1034.18
-501.39
57.1399
467.93
579.636
385.051
-14.9284
-444.765
-742.304
-800.988
-628.539
-276.434
127.664
384.021
367.549
101.925
-248.636
-532.276
-659.426
-596.623
-375.27
-22.6501
353.135
590.961
653.248
542.572
290.847
-3.08864
-216.205
-246.577
-89.0559
136.93
271.286
283.64
206.939
60.7433
-133.326
-328.426
-442.191
-403.583
-178.627
163.698
459.178
623.906
615.67
447.339
213.116
-2.57387
-153.917
-175.023
-69.4945
74.6422
210.028
267.682
182.745
-21.1057
-346.958
-744.878
-1100.59
-1176.77
-782.971
153.403
1612.79
3016.58
3604.96
3149.9
2227.43
1430.56
992.999
803.562
867.394
1307.01
1668.9
1359
274.889
-954.906
-1821.79
-2230
-2253.17
-1839.29
-859.158
405.127
1409.45
1775.97
1586.02
1106.25
481.828
-47.3592
-232.163
-32.4308
340.266
559.045
593.02
513.23
267.682
-297.539
-1052.71
-1596.83
-1681.25
-1309.59
-744.363
-177.082
269.227
458.664
303.202
-167.302
-755.688
-1237.52
-1405.33
-1181.41
-667.147
-74.6422
342.839
440.132
230.619
-221.353
-798.414
-1296.72
-1509.32
-1347.68
-865.335
-302.172
84.9377
187.893
8.23638
-330.485
-688.768
-954.906
-1010.5
-810.254
-424.689
-20.591
234.737
298.054
175.023
-74.1275
-343.354
-512.2
-512.715
-334.088
-79.79
111.706
207.969
185.833
65.3763
-91.6298
-249.151
-328.426
-257.902
-67.4354
153.403
301.143
308.35
192.525
31.916
-130.753
-241.944
-275.404
-181.715
41.6967
284.67
461.752
500.875
388.654
211.057
79.2752
-7.20684
-46.3297
-14.9284
76.7013
170.905
241.429
281.067
270.256
149.284
-136.93
-529.702
-767.528
-555.441
337.177
1835.68
3214.76
3652.32
3075.77
2149.18
1379.08
874.601
619.273
849.892
1507.77
1955.11
1568
407.701
-817.461
-1670.96
-2095.65
-2143.52
-1656.54
-626.48
571.914
1398.64
1558.74
1234.94
660.455
19.5614
-385.566
-319.675
127.664
593.02
823.124
829.816
638.32
149.799
-645.527
-1423.86
-1821.27
-1704.93
-1242.66
-647.071
-78.7604
266.653
271.801
-38.6081
-511.685
-967.775
-1260.68
-1301.86
-1011.02
-485.947
26.2535
290.847
216.72
-123.031
-596.623
-1051.68
-1355.91
-1420.78
-1183.47
-670.751
-66.4058
368.578
463.811
205.91
-255.843
-690.312
-956.965
-941.522
-674.354
-271.286
92.1445
270.771
205.91
-87.5116
-456.09
-741.789
-782.457
-545.146
-134.356
268.712
516.318
562.648
424.689
170.39
-100.381
-277.978
-277.463
-142.592
33.4603
206.939
317.101
263.564
37.5785
-224.956
-372.696
-357.768
-241.944
-111.191
33.9751
207.969
345.928
390.713
334.603
294.451
283.126
272.83
239.37
169.361
127.664
95.748
-0.514774
-115.824
-99.3514
-23.6796
-18.0171
-154.432
-447.339
-714.506
-748.996
-236.796
1026.46
2573.36
3431.48
3083.5
2177.49
1456.81
1111.91
917.327
935.859
1453.21
2022.03
1844.44
642.438
-782.457
-1659.63
-1966.44
-1960.77
-1611.24
-705.755
471.533
1282.3
1359.52
932.256
393.802
-129.208
-427.262
-245.547
402.553
1074.33
1273.04
1037.78
615.67
89.5707
-638.835
-1375.99
-1713.17
-1489.24
-912.694
-339.236
72.0684
220.838
57.6547
-361.886
-827.757
-1117.57
-1166.99
-987.337
-617.729
-167.816
209.513
321.219
94.2036
-341.81
-786.06
-1100.07
-1234.94
-1168.54
-945.125
-574.488
-181.715
17.5023
-52.5069
-289.818
-549.779
-743.848
-795.326
-708.329
-445.28
-65.3763
218.264
282.611
144.651
-94.7184
-387.625
-627.51
-667.662
-467.415
-123.031
161.124
251.21
197.158
94.2036
-45.8149
-174.508
-208.483
-126.634
35.5194
190.466
290.847
328.941
274.375
107.073
-83.9082
-161.124
-107.588
-41.6967
-48.9035
-70.0093
-24.1944
92.6593
175.538
182.23
163.183
163.698
196.644
190.981
117.883
54.566
24.1944
31.916
64.8615
122.516
192.525
120.972
-148.255
-538.968
-794.811
-706.27
-39.1228
1262.74
2655.72
3290.95
2803.46
1900.03
1290.02
1107.79
1121.18
1378.56
2039.02
2548.65
2088.44
596.623
-930.711
-1739.42
-1943.27
-1854.22
-1367.24
-310.924
823.638
1324.51
1023.37
377.329
-177.082
-578.606
-642.438
-154.432
719.654
1381.65
1405.33
953.876
354.679
-259.961
-947.699
-1481
-1545.35
-1133.02
-554.412
-122.516
65.8911
-64.8615
-479.255
-1006.38
-1371.36
-1409.45
-1186.55
-839.596
-476.681
-136.93
84.9377
61.7729
-232.678
-669.206
-985.277
-1060.43
-961.083
-832.904
-692.371
-497.786
-310.924
-220.838
-315.556
-469.474
-560.589
-564.707
-527.643
-440.132
-296.51
-127.149
5.14774
19.0466
-18.0171
-94.2036
-193.04
-299.598
-333.574
-230.619
-82.8786
12.3546
33.9751
43.7558
92.1445
150.829
167.816
160.095
148.77
101.41
50.4479
57.1399
109.132
167.302
149.799
102.955
86.9968
96.2627
54.566
-61.7729
-173.479
-200.762
-72.5831
141.048
360.342
499.331
539.998
478.225
370.123
286.729
210.543
148.255
105.014
159.065
298.054
427.777
449.912
287.759
-55.5956
-501.39
-792.752
-599.712
136.415
1288.99
2442.6
3002.16
2638.73
1750.75
1036.75
867.909
1163.39
1597.86
2065.27
2267.58
1804.8
515.289
-1030.06
-2008.13
-2211.47
-1837.23
-1146.92
-268.712
528.673
845.259
479.769
-224.956
-746.422
-871.512
-595.079
37.0637
817.461
1323.48
1225.68
590.961
-219.809
-893.648
-1341.5
-1540.72
-1362.61
-866.879
-320.704
-29.3421
-91.6298
-414.908
-837.537
-1178.32
-1310.61
-1164.93
-832.39
-451.972
-163.698
-38.0933
-86.9968
-285.7
-539.998
-734.583
-778.338
-662.514
-496.242
-345.928
-228.56
-135.9
-121.487
-245.547
-421.085
-534.335
-516.318
-445.28
-371.152
-302.172
-231.648
-180.171
-190.981
-193.555
-151.858
-50.9626
45.3001
116.339
214.661
316.071
357.253
307.32
210.543
158.55
176.053
219.809
257.387
230.619
119.942
-23.1648
-85.9673
-39.6376
21.1057
42.7262
54.0513
125.605
228.045
254.813
143.107
-7.20684
-44.7853
59.199
202.821
297.539
357.768
375.785
352.62
273.86
177.597
93.6889
31.4012
-11.8398
-21.6205
43.7558
141.048
165.757
53.5365
-201.277
-548.234
-717.595
-423.659
571.399
2009.68
3006.28
2813.24
1792.44
919.901
657.881
830.845
1173.17
1798.11
2423.04
2283.54
958.509
-832.904
-1971.58
-2246.47
-2023.58
-1448.57
-493.668
507.052
907.547
469.989
-323.793
-893.133
-1080
-874.086
-161.124
831.875
1522.19
1478.43
818.491
2.0591
-628.539
-1001.24
-1116.54
-890.044
-415.423
32.9455
183.774
-68.4649
-572.943
-1067.13
-1321.42
-1267.37
-963.142
-556.471
-254.813
-167.816
-256.872
-412.849
-572.429
-720.684
-751.055
-566.251
-267.168
-48.9035
-83.9082
-277.463
-445.794
-529.188
-528.673
-444.765
-259.961
-41.1819
83.9082
4.11819
-237.826
-516.318
-646.041
-599.197
-413.878
-133.841
131.267
278.493
237.826
102.44
-10.2955
-24.7092
48.9035
169.875
337.692
475.651
483.373
353.65
142.592
-56.1104
-198.703
-244.003
-170.39
-7.20684
130.238
115.824
-23.6796
-128.694
-113.25
-58.1695
-21.1057
22.6501
122.001
231.134
250.695
183.774
111.191
110.162
159.58
202.821
230.619
257.902
233.193
93.6889
-113.25
-215.176
-122.516
54.0513
118.913
10.2955
-223.927
-376.815
-219.294
352.105
1328.12
2284.57
2624.32
2086.38
1250.9
808.71
959.024
1392.98
1780.09
2076.08
2037.99
1319.88
-85.4525
-1395.04
-1942.76
-1757.95
-1226.71
-562.133
134.871
563.678
432.41
-207.969
-812.313
-976.526
-702.667
-107.588
665.603
1299.8
1405.85
883.352
54.0513
-632.657
-935.859
-913.209
-691.856
-346.958
-53.5365
-20.0762
-274.375
-669.721
-1001.75
-1125.81
-1054.26
-834.449
-558.015
-376.815
-425.718
-626.48
-760.836
-765.984
-644.497
-466.9
-290.847
-136.415
-105.529
-237.311
-428.292
-516.833
-429.322
-213.116
-1.54432
93.1741
46.8444
-115.824
-333.059
-539.998
-672.81
-643.468
-448.368
-172.964
33.4603
91.115
40.1524
-56.6251
-107.073
-33.4603
144.137
320.704
441.161
455.06
370.637
235.252
69.4945
-79.2752
-142.592
-117.368
-77.2161
-42.7262
-57.6547
-114.795
-207.969
-275.919
-235.252
-95.2332
60.7433
131.782
109.647
82.8786
87.5116
88.0264
72.5831
78.2457
163.183
285.185
341.295
263.05
96.2627
-57.6547
-172.964
-239.37
-182.745
18.0171
204.365
160.609
-160.609
-506.538
-546.175
-189.437
707.814
1992.69
2911.56
2713.37
1678.16
864.306
811.284
1205.09
1559.77
2044.17
2556.37
2314.42
846.288
-987.337
-1871.2
-1706.48
-1213.84
-716.565
-42.2115
543.087
507.567
-205.91
-949.243
-1166.99
-949.758
-430.866
409.76
1263.77
1561.82
1066.1
144.137
-548.749
-719.139
-492.639
-127.664
222.382
420.056
325.337
-88.0264
-622.362
-998.662
-1080
-891.074
-579.121
-282.611
-173.994
-417.996
-936.889
-1333.26
-1320.91
-957.48
-493.154
-120.972
71.5536
-9.26593
-347.472
-752.6
-955.421
-807.166
-401.524
66.4058
402.039
421.6
123.546
-353.65
-800.474
-1041.39
-955.935
-608.463
-225.986
2.57387
-3.60342
-190.466
-475.651
-696.489
-705.755
-438.587
-7.72161
342.839
463.811
347.987
102.955
-128.179
-207.454
-94.7184
70.0093
161.124
142.592
34.4899
-92.1445
-238.855
-364.975
-373.211
-220.323
20.591
211.057
223.412
51.4774
-142.592
-198.703
-42.7262
232.678
481.314
622.877
606.919
474.107
277.463
53.5365
-110.676
-141.563
-15.958
223.927
426.748
447.853
239.885
-107.588
-466.9
-523.01
-93.1741
770.102
1811.49
2580.56
2649.03
1931.43
1051.17
671.78
1043.45
1742
2291.26
2479.15
2180.07
1249.36
-156.491
-1234.43
-1436.73
-932.771
-288.788
187.893
429.322
355.709
-141.563
-846.288
-1238.55
-1016.68
-347.472
412.334
969.319
1087.72
693.401
-23.6796
-630.083
-782.457
-458.664
21.1057
333.574
346.443
100.896
-330.485
-797.385
-1091.84
-1056.83
-721.198
-381.448
-271.801
-436.014
-787.604
-1240.61
-1571.09
-1537.12
-1105.22
-537.939
-227.53
-309.379
-603.315
-889.015
-1088.23
-1086.69
-810.769
-282.611
227.015
409.245
168.846
-290.847
-635.231
-767.528
-704.726
-516.833
-273.345
-86.9968
-94.7184
-316.586
-571.399
-666.118
-573.973
-364.46
-80.8195
189.952
320.704
259.961
80.8195
-42.2115
8.75116
188.407
364.975
472.048
431.895
212.087
-78.2457
-275.919
-299.084
-158.55
31.4012
168.331
235.766
190.981
2.57387
-239.37
-342.325
-160.095
234.222
601.256
793.267
770.617
576.547
341.295
197.673
218.264
335.633
399.465
340.78
274.889
272.83
245.547
126.12
-35.5194
-177.082
-277.978
-265.109
-9.78071
712.962
1864
2705.14
2465.77
1478.95
779.883
932.771
1569.03
2060.64
2398.85
2652.63
2266.55
837.537
-802.018
-1444.97
-1013.59
-367.549
-22.6501
150.829
175.023
-233.193
-1038.3
-1586.53
-1371.87
-696.489
-67.4354
410.79
675.898
493.668
-169.875
-942.036
-1220.53
-759.806
17.5023
502.419
478.225
141.048
-291.362
-721.713
-1029.03
-1005.87
-593.02
-110.162
8.75116
-297.539
-788.119
-1301.86
-1693.61
-1712.14
-1279.73
-655.307
-244.003
-242.459
-531.247
-873.572
-1112.94
-1093.38
-722.228
-142.078
357.768
575.517
459.178
77.7309
-360.857
-635.746
-637.805
-414.393
-109.132
75.157
4.63297
-296.51
-644.497
-802.018
-707.299
-446.824
-112.736
210.543
385.051
336.147
157.521
19.5614
58.6842
261.505
504.993
639.864
528.158
211.572
-116.854
-300.628
-309.379
-201.791
-44.2706
144.137
247.606
141.563
-117.368
-347.987
-384.536
-161.639
232.163
604.345
795.841
726.346
473.077
216.72
126.12
197.673
282.611
311.953
287.244
216.205
110.676
-16.4728
-130.238
-182.23
-199.218
-264.594
-193.04
174.508
734.068
1422.84
2013.28
2092.56
1521.67
891.589
902.914
1566.97
2188.3
2249.56
2010.19
1659.63
919.901
-257.387
-1025.94
-799.444
-114.795
242.459
110.676
-176.567
-482.343
-890.044
-1256.05
-1145.89
-525.069
86.9968
378.359
386.081
157.006
-220.838
-587.357
-720.684
-433.44
149.799
584.783
530.732
118.913
-307.32
-573.973
-656.337
-552.867
-254.813
55.0808
56.1104
-323.278
-811.284
-1180.89
-1395.04
-1365.18
-1049.11
-630.598
-423.144
-536.395
-774.22
-930.197
-974.982
-910.635
-624.421
-188.407
172.964
265.109
100.896
-163.183
-382.992
-453.516
-401.524
-300.628
-241.944
-240.914
-331.514
-500.875
-673.839
-709.359
-536.909
-290.333
-85.4525
39.6376
85.4525
28.3126
-35.5194
3.08864
169.875
390.199
526.099
528.158
387.625
122.001
-170.905
-303.717
-229.589
-77.7309
20.591
44.7853
33.4603
-23.1648
-117.368
-206.939
-193.04
-59.7138
132.297
332.029
515.289
619.788
559.559
419.541
335.118
347.472
368.063
304.231
170.905
73.6127
49.4183
63.3172
95.748
97.8071
31.916
-134.356
-307.32
-325.852
-77.7309
367.549
989.91
1764.13
2250.59
1917.02
999.691
549.264
1069.19
1934.01
2266.04
2126.53
1966.95
1530.42
417.482
-798.929
-1025.43
-302.687
374.755
442.191
145.681
-233.707
-780.397
-1331.72
-1378.56
-755.173
-16.4728
293.936
220.838
-10.8103
-338.207
-727.376
-959.024
-747.967
-104.499
528.673
646.556
225.986
-315.556
-624.421
-662.514
-515.289
-163.698
249.665
331
-136.415
-842.17
-1303.92
-1414.08
-1282.82
-960.568
-524.555
-272.83
-414.393
-805.621
-1124.78
-1170.08
-921.445
-459.693
63.3172
421.6
419.026
105.529
-300.628
-566.766
-552.867
-295.995
-74.6422
-33.4603
-109.132
-272.315
-531.762
-791.722
-782.971
-429.322
23.6796
242.973
197.673
72.5831
-2.0591
2.57387
108.617
309.379
476.166
511.171
400.494
161.639
-139.504
-359.312
-365.49
-183.774
1.02955
37.5785
-21.6205
-106.558
-244.003
-350.046
-312.468
-110.676
141.563
302.687
365.49
361.886
298.569
222.382
197.158
252.239
335.633
344.899
252.754
86.9968
-68.9797
-141.048
-99.3514
17.5023
95.2332
44.7853
-109.647
-242.973
-129.723
282.611
892.103
1590.65
2051.37
1884.07
1173.68
670.751
938.948
1686.4
2175.95
2144.55
1859.36
1360.03
422.115
-623.906
-912.694
-277.978
477.71
655.822
301.143
-239.37
-787.089
-1200.97
-1192.22
-635.746
81.8491
433.44
321.734
-45.8149
-468.959
-791.722
-870.483
-618.244
-94.2036
447.853
587.357
180.171
-410.275
-719.654
-604.859
-244.003
169.361
480.799
480.799
21.6205
-689.797
-1189.64
-1248.33
-987.337
-625.45
-351.076
-346.958
-630.083
-1022.34
-1279.21
-1264.28
-988.366
-520.951
-81.3343
117.368
32.4308
-189.437
-386.595
-495.213
-471.018
-292.906
-82.8786
-70.524
-247.092
-431.381
-544.631
-622.362
-636.775
-468.444
-185.319
-18.0171
-53.5365
-126.12
-77.7309
51.9922
168.331
258.931
337.177
362.401
308.864
210.543
101.925
14.9284
-28.8273
-23.6796
19.5614
40.1524
5.14774
-62.8024
-116.339
-125.605
-75.6718
35.5194
167.816
245.547
260.476
296.51
391.743
484.402
515.804
471.533
378.874
288.788
217.235
168.331
149.284
149.799
130.753
53.0217
-23.1648
-55.0808
-56.1104
-78.7604
-154.947
-92.6593
271.286
736.127
1029.03
1233.4
1418.72
1318.34
900.855
661.485
1053.23
1769.28
2005.04
1615.36
1136.62
755.173
160.095
-452.486
-417.996
212.602
655.822
397.92
-215.176
-665.603
-865.85
-898.795
-698.548
-238.855
120.457
85.4525
-213.631
-539.998
-745.908
-766.499
-590.446
-279.008
76.7013
304.746
180.171
-235.252
-570.884
-508.082
-109.647
273.86
438.073
357.253
44.2706
-463.297
-908.061
-972.408
-720.169
-463.297
-370.123
-446.824
-680.016
-984.248
-1187.58
-1154.64
-895.707
-535.88
-210.028
-13.3841
-72.0684
-348.502
-571.914
-559.559
-388.14
-183.26
-22.6501
28.8273
-72.5831
-299.598
-521.466
-611.037
-501.39
-251.21
4.11819
114.28
19.0466
-129.723
-145.166
-26.2535
124.061
269.742
340.78
274.375
148.255
43.7558
-24.7092
-76.1866
-107.588
-47.874
93.1741
152.373
26.7682
-140.019
-190.466
-130.753
-20.0762
114.28
244.518
311.438
309.894
287.244
281.067
257.387
196.644
179.656
229.074
247.606
196.644
116.339
54.566
28.8273
15.4432
-38.6081
-72.0684
-50.4479
5.14774
40.1524
-27.283
-75.6718
147.225
584.783
951.817
1199.94
1350.25
1272.52
938.948
751.57
1074.85
1682.8
1943.79
1655.51
1218.98
865.335
383.507
-141.563
-165.757
314.527
629.569
380.933
-162.154
-574.488
-730.979
-727.376
-557.5
-231.648
-21.1057
-142.078
-423.659
-641.408
-716.565
-644.497
-461.238
-235.766
-26.2535
102.44
17.5023
-244.518
-401.524
-242.459
128.694
426.233
462.267
288.788
-14.4137
-421.6
-735.097
-717.08
-480.799
-333.059
-371.667
-543.087
-769.587
-982.189
-1082.57
-972.408
-685.164
-386.595
-195.099
-148.77
-270.771
-475.651
-598.167
-553.382
-401.524
-216.205
-87.5116
-154.947
-389.684
-603.315
-663.544
-565.222
-404.098
-242.459
-86.9968
-31.916
-150.314
-258.931
-179.141
15.4432
158.036
188.922
160.095
114.795
41.1819
-53.5365
-100.381
-88.5411
-68.4649
-31.4012
19.0466
1.02955
-119.942
-243.488
-234.737
-105.014
44.2706
150.314
225.471
288.788
321.734
324.308
340.78
389.169
402.553
354.679
291.877
289.818
341.295
338.207
254.298
148.77
107.588
117.883
85.4525
44.7853
94.7184
209.513
237.826
217.235
345.413
647.586
869.453
936.889
1048.59
1214.87
1171.63
989.91
1057.86
1437.76
1677.65
1426.95
1018.74
808.195
653.763
312.983
70.0093
200.247
398.95
253.784
-161.124
-467.93
-564.192
-569.855
-521.466
-381.962
-262.02
-326.881
-525.584
-678.472
-719.139
-667.147
-580.665
-488.006
-377.329
-274.375
-233.707
-314.527
-382.477
-261.505
-20.0762
134.356
116.339
26.7682
-99.3514
-287.759
-473.592
-504.993
-406.671
-399.465
-549.264
-708.329
-796.355
-847.318
-859.673
-778.853
-624.936
-503.449
-409.245
-340.78
-366.004
-474.107
-527.643
-428.807
-263.05
-176.053
-195.099
-241.429
-304.231
-391.228
-415.423
-321.734
-168.331
-65.8911
-22.6501
1.54432
4.63297
17.5023
67.4354
151.858
236.281
276.948
233.707
153.917
88.0264
51.4774
51.9922
38.0933
8.23638
19.0466
78.7604
81.8491
-9.26593
-88.5411
-40.1524
97.2923
218.779
272.315
300.113
328.426
328.426
288.788
249.665
253.269
241.944
220.838
185.833
149.799
114.28
67.9502
9.26593
-32.9455
-11.325
32.9455
68.4649
41.1819
35.5194
42.7262
42.2115
62.8024
224.441
506.538
738.186
937.918
1088.75
1095.95
866.879
774.22
1062.49
1519.1
1632.86
1301.86
997.117
830.845
565.222
159.065
72.5831
337.177
501.905
268.712
-148.255
-424.174
-560.074
-599.197
-516.318
-296.51
-187.378
-342.325
-604.345
-776.279
-814.887
-756.203
-628.024
-478.225
-322.763
-192.525
-197.158
-326.367
-373.726
-202.821
86.482
251.724
236.796
125.09
-43.241
-269.742
-448.883
-424.689
-310.924
-342.839
-532.791
-697.519
-778.338
-843.715
-869.968
-807.166
-675.898
-575.517
-530.217
-532.276
-553.897
-556.471
-481.314
-353.135
-271.801
-254.298
-265.623
-268.712
-285.185
-276.948
-173.994
-65.8911
-63.3172
-85.9673
-29.3421
67.4354
108.617
113.25
163.183
245.547
256.872
191.496
132.297
127.664
155.462
175.538
192.525
189.952
146.196
72.0684
15.4432
-5.66251
33.4603
118.913
183.774
221.868
252.239
272.83
250.18
218.779
245.547
348.502
438.073
411.304
309.379
217.235
130.753
21.6205
-20.0762
57.1399
123.031
76.7013
-23.6796
-42.7262
-45.8149
-105.014
-137.959
-70.0093
97.8071
250.695
382.992
549.264
818.491
1038.3
965.201
696.489
620.817
968.805
1441.37
1547.93
1255.02
951.817
782.971
515.804
138.989
75.6718
380.933
584.269
329.455
-150.314
-455.575
-569.34
-585.813
-510.141
-327.396
-236.281
-410.275
-694.945
-866.365
-887.47
-842.685
-736.642
-582.209
-419.026
-285.185
-243.488
-309.894
-358.283
-208.483
83.3934
286.729
298.054
201.277
92.1445
-44.2706
-185.833
-216.72
-140.019
-142.078
-297.539
-465.356
-562.133
-657.881
-762.38
-767.013
-640.379
-508.082
-500.36
-582.724
-634.202
-570.884
-425.718
-323.278
-310.409
-337.177
-306.291
-240.399
-224.956
-213.631
-129.723
-11.8398
-20.0762
-147.74
-198.188
-86.482
60.2286
116.339
149.284
194.07
170.39
34.4899
-94.2036
-81.3343
33.4603
120.972
112.736
52.5069
-21.6205
-112.221
-182.745
-150.829
1.54432
182.745
264.594
225.471
167.302
158.036
182.23
218.779
284.155
385.051
472.048
451.972
315.042
171.935
88.5411
67.4354
97.8071
135.9
147.225
109.132
40.1524
-16.9875
-32.4308
5.66251
56.6251
73.6127
67.4354
163.698
356.224
589.416
840.111
1043.96
1081.03
852.981
661.485
808.195
1262.23
1584.47
1507.77
1251.42
998.147
711.418
292.392
83.3934
308.35
642.438
623.906
179.141
-276.948
-509.112
-538.968
-479.255
-368.578
-282.096
-348.502
-512.715
-693.915
-832.904
-904.973
-885.926
-742.304
-540.513
-371.667
-319.675
-402.553
-532.791
-524.555
-249.151
117.883
308.35
241.944
59.199
-89.5707
-189.952
-246.577
-248.121
-215.69
-232.163
-340.78
-500.36
-683.105
-842.17
-897.251
-812.828
-642.438
-527.643
-556.985
-675.384
-742.819
-697.519
-563.678
-428.807
-373.211
-363.945
-338.721
-293.936
-251.21
-202.306
-122.001
-38.6081
-21.1057
-32.4308
-28.8273
12.3546
62.2877
101.925
164.213
206.424
180.171
91.6298
39.6376
77.2161
155.977
199.732
180.686
143.107
99.3514
74.6422
95.2332
150.829
212.087
254.298
278.493
269.742
219.809
151.344
133.841
211.572
324.308
388.654
358.283
256.357
143.622
59.7138
40.1524
81.8491
140.533
174.508
160.095
120.457
88.0264
95.748
95.2332
52.5069
23.1648
101.41
318.13
498.816
603.83
709.873
831.36
790.178
564.192
504.993
827.757
1294.14
1405.33
1190.67
958.509
850.921
686.194
411.304
363.945
587.872
831.875
735.612
342.839
-73.0979
-315.556
-300.113
-180.171
-100.381
-189.952
-371.667
-518.892
-658.911
-818.491
-945.64
-901.369
-730.464
-591.475
-560.074
-600.227
-649.13
-673.839
-606.919
-416.967
-176.053
-19.0466
-9.26593
-100.896
-201.791
-248.121
-242.459
-222.897
-207.454
-194.585
-218.779
-333.059
-514.774
-670.236
-720.169
-675.384
-607.433
-566.251
-576.032
-651.704
-730.464
-730.464
-641.923
-552.353
-513.23
-473.077
-404.612
-320.189
-289.818
-281.581
-220.838
-115.824
-40.1524
-27.283
-4.63297
47.874
119.942
184.804
228.045
251.724
241.429
204.365
176.053
204.88
255.843
268.197
240.914
203.851
173.994
131.782
103.47
117.883
194.585
271.801
291.362
286.729
268.197
248.121
219.809
229.589
312.468
416.967
465.87
417.482
316.071
227.015
186.348
178.627
187.378
215.176
251.21
276.948
247.606
162.154
79.2752
62.2877
93.6889
140.019
189.952
287.759
458.664
613.611
643.468
468.444
288.273
335.633
646.041
944.61
986.822
863.276
730.979
678.987
564.707
421.6
408.216
555.956
724.802
690.312
474.107
166.787
-50.4479
-73.6127
10.2955
51.9922
-54.0513
-196.644
-301.143
-407.701
-583.239
-783.486
-854.525
-789.149
-672.81
-621.332
-674.869
-768.043
-831.875
-800.474
-684.649
-555.956
-451.972
-373.726
-326.881
-326.881
-366.519
-407.701
-420.57
-394.317
-329.455
-254.298
-253.784
-350.046
-468.959
-529.188
-513.23
-465.87
-416.452
-369.093
-337.692
-338.721
-354.679
-376.815
-398.435
-409.76
-377.844
-276.948
-178.112
-161.124
-204.88
-237.826
-222.897
-180.171
-134.871
-68.4649
15.958
91.115
137.445
145.681
131.267
119.428
138.474
194.585
257.387
282.096
263.564
239.885
217.235
197.158
185.319
202.821
262.535
324.822
353.65
345.413
326.881
322.249
331
343.354
379.388
428.292
460.208
456.605
406.671
341.81
289.818
266.653
275.919
294.451
293.936
271.801
229.074
168.331
107.588
58.1695
37.5785
42.7262
49.4183
44.7853
36.0342
36.549
55.0808
86.9968
112.221
122.001
130.753
163.183
253.784
348.502
401.009
405.127
375.785
363.945
352.105
361.886
391.743
426.233
459.693
464.326
443.735
378.359
300.628
251.724
243.488
250.18
222.897
162.154
57.1399
-73.6127
-208.998
-317.616
-384.536
-419.541
-449.912
-489.55
-533.821
-586.842
-618.758
-611.037
-564.192
-505.508
-466.385
-437.558
-417.996
-406.157
-400.494
-394.317
-389.169
-376.815
-342.325
-300.113
-279.008
-306.291
-343.869
-338.207
-289.818
-230.619
-193.04
-164.728
-133.841
-116.854
-136.415
-180.686
-221.868
-234.737
-220.323
-201.791
-180.171
-181.2
-204.365
-237.311
-270.256
-281.067
-272.83
-243.488
-202.821
-145.681
-100.896
-101.925
-137.959
-173.994
-166.787
-127.149
-80.8195
-44.7853
-16.4728
7.72161
19.5614
23.1648
29.3421
63.832
112.221
160.609
207.454
242.973
264.079
256.357
243.488
262.535
309.379
362.916
387.625
376.3
349.532
321.219
302.172
299.084
311.953
324.308
325.337
307.835
274.375
226.501
172.449
137.959
129.208
143.107
165.757
177.082
180.686
174.508
167.302
170.905
186.348
220.838
284.155
365.49
430.866
468.959
466.385
457.119
454.545
460.723
488.521
517.863
545.146
552.867
540.513
508.082
451.457
389.169
344.899
332.029
336.147
321.219
258.417
154.432
38.0933
-77.7309
-166.787
-233.707
-294.451
-347.472
-402.553
-467.415
-531.762
-582.724
-611.552
-600.741
-574.488
-542.057
-508.597
-483.373
-472.563
-471.533
-465.87
-448.883
-421.085
-396.891
-375.785
-365.49
-373.211
-394.832
-410.275
-392.773
-352.105
-311.953
-276.434
-241.944
-215.69
-211.057
-229.589
-258.417
-262.535
-237.311
-203.336
-177.597
-177.597
-191.496
-221.353
-255.843
-279.522
-285.7
-266.138
-228.56
-181.715
-147.225
-134.871
-150.314
-178.627
-187.893
-162.669
-113.765
-65.3763
-37.5785
-27.7978
-29.8569
-28.8273
-13.3841
19.5614
61.2581
104.499
139.504
167.816
190.981
201.277
200.762
205.91
237.826
288.788
329.455
338.207
313.497
274.889
245.547
229.589
231.134
246.577
260.476
253.269
226.501
182.23
142.078
116.854
107.073
116.339
130.238
151.858
176.567
194.585
212.087
224.956
238.34
270.256
331
410.275
480.799
521.466
534.335
546.69
566.766
587.872
608.463
624.936
648.1
664.573
660.455
639.864
600.227
552.867
512.715
489.035
475.136
450.942
388.654
276.948
152.373
45.3001
-38.0933
-101.41
-164.213
-233.193
-305.261
-369.093
-429.322
-486.461
-528.158
-552.867
-554.412
-534.85
-512.2
-499.331
-499.331
-518.377
-535.365
-531.762
-515.289
-491.609
-478.74
-480.799
-483.373
-488.521
-490.065
-478.74
-455.06
-427.262
-402.553
-375.27
-350.046
-332.029
-331.514
-355.194
-372.696
-369.608
-349.017
-331.514
-325.337
-327.911
-336.662
-344.384
-351.076
-344.899
-324.308
-281.067
-228.56
-182.23
-144.651
-126.634
-125.09
-126.634
-118.398
-90.6002
-54.566
-19.5614
-5.66251
-4.11819
0.514774
11.325
35.0046
70.524
112.736
153.917
188.922
223.927
254.298
282.096
302.172
318.13
337.692
359.312
380.418
385.051
373.211
353.135
335.118
326.367
327.911
324.822
305.261
273.86
234.737
201.791
186.863
182.23
178.112
168.331
165.757
167.816
182.23
201.791
211.572
233.193
253.784
289.818
337.177
384.021
429.322
447.853
463.297
481.828
512.2
547.72
570.884
580.665
577.062
576.547
564.192
539.998
509.626
471.018
433.954
396.376
354.165
291.362
204.88
96.7775
-5.14774
-83.3934
-144.137
-186.863
-241.429
-301.658
-358.283
-411.304
-446.309
-464.841
-467.93
-458.149
-444.765
-433.954
-416.967
-400.494
-395.346
-397.406
-402.553
-391.743
-366.004
-346.443
-341.295
-355.194
-377.844
-393.287
-402.039
-397.92
-385.566
-382.992
-382.477
-381.448
-378.359
-373.726
-381.448
-393.802
-402.553
-401.524
-385.051
-368.063
-358.797
-360.342
-375.27
-393.287
-398.435
-385.566
-353.135
-315.042
-282.611
-256.872
-240.399
-226.501
-214.146
-197.673
-180.686
-149.284
-111.191
-77.7309
-44.7853
-21.1057
-1.02955
23.6796
57.6547
101.41
148.77
190.466
224.441
254.813
285.7
324.308
358.797
390.713
415.937
426.748
428.292
419.541
405.642
392.258
375.27
357.253
340.78
319.675
293.421
261.505
222.897
194.585
184.804
187.893
198.188
208.483
221.868
242.973
268.197
291.362
312.468
335.118
359.827
389.169
427.262
467.415
498.816
519.407
527.643
535.88
547.205
558.53
567.281
568.825
570.884
560.074
539.998
517.863
490.58
459.693
415.423
356.738
288.273
212.087
129.208
44.7853
-37.0637
-107.073
-167.302
-222.382
-274.889
-327.396
-378.874
-428.292
-469.989
-495.727
-502.419
-497.786
-488.521
-482.343
-479.769
-480.284
-486.976
-493.154
-492.124
-481.828
-465.356
-450.427
-445.794
-449.912
-454.545
-462.782
-469.474
-464.326
-450.427
-436.014
-427.777
-427.262
-428.807
-425.718
-426.233
-427.777
-430.866
-423.659
-412.334
-405.642
-399.465
-396.891
-402.553
-406.671
-398.435
-370.637
-327.396
-285.7
-254.813
-233.707
-216.72
-199.732
-177.082
-145.166
-106.043
-68.4649
-32.4308
-2.57387
28.8273
57.6547
78.2457
100.896
128.694
166.272
208.998
251.724
283.64
308.864
331.514
349.532
373.211
395.346
413.878
425.203
426.233
420.056
409.76
397.406
383.507
363.945
342.325
322.249
300.113
275.919
258.931
251.724
259.446
266.138
265.623
274.375
293.421
326.881
357.768
388.654
419.026
449.398
478.225
506.023
533.821
558.53
580.15
592.505
605.374
621.332
631.628
634.202
629.054
622.362
613.611
590.446
559.045
521.466
474.107
428.807
369.093
295.48
212.602
125.09
30.3717
-62.8024
-148.255
-229.589
-300.628
-362.401
-415.937
-467.415
-514.774
-556.985
-592.505
-613.096
-619.788
-622.362
-617.729
-616.184
-616.184
-620.817
-626.48
-628.024
-623.906
-612.581
-603.315
-597.138
-595.594
-589.416
-576.547
-565.737
-551.323
-535.88
-517.863
-497.272
-479.255
-463.297
-448.368
-437.043
-430.866
-422.115
-410.275
-392.773
-374.755
-360.857
-349.017
-339.236
-332.029
-315.042
-283.126
-240.399
-193.555
-154.432
-128.179
-105.529
-80.8195
-51.4774
-16.9875
21.1057
63.3172
106.558
140.019
169.875
192.525
208.998
230.619
254.813
290.847
333.574
366.004
389.684
402.553
408.216
416.452
427.777
441.676
455.575
457.634
448.883
433.44
412.849
398.95
387.625
370.637
350.561
320.704
287.244
259.446
236.796
225.986
225.471
221.353
216.72
211.057
205.395
221.868
253.784
290.333
322.763
347.472
372.182
398.95
424.689
444.765
462.782
478.74
489.55
499.846
506.023
507.052
495.727
475.136
461.238
443.735
418.511
381.962
338.207
297.539
250.695
195.614
132.812
61.7729
-11.8398
-83.3934
-155.462
-223.927
-289.818
-350.046
-398.435
-432.925
-463.297
-494.698
-528.158
-555.956
-569.855
-575.517
-571.399
-560.589
-548.749
-537.939
-530.732
-531.762
-531.247
-526.099
-512.715
-493.154
-476.681
-468.959
-460.723
-451.972
-443.735
-429.322
-425.718
-419.026
-411.304
-401.524
-383.507
-366.519
-354.165
-346.443
-342.839
-333.574
-312.983
-292.392
-273.86
-267.682
-263.05
-247.092
-220.323
-181.715
-143.622
-106.558
-71.0388
-37.5785
-8.75116
22.1353
48.3888
81.3343
125.605
169.361
211.057
240.914
260.99
281.581
301.658
319.675
342.839
363.945
386.081
405.127
409.76
413.364
411.304
406.671
397.406
387.11
378.359
369.608
359.827
342.839
327.911
308.35
286.214
259.961
227.015
197.158
169.361
141.563
119.942
99.8662
88.5411
76.7013
61.7729
53.5365
51.4774
57.1399
75.157
104.499
132.297
159.065
174.508
193.555
223.412
252.754
282.611
295.48
302.687
309.379
315.042
319.675
313.497
297.539
281.581
273.86
261.505
237.311
196.644
152.888
119.428
91.115
64.8615
24.7092
-25.7387
-82.8786
-143.622
-195.614
-235.252
-270.256
-300.628
-325.337
-339.236
-350.561
-367.034
-385.566
-401.524
-403.068
-393.802
-380.418
-360.857
-342.839
-329.455
-324.822
-320.704
-309.379
-291.877
-270.771
-246.577
-228.045
-215.69
-204.88
-197.158
-187.893
-180.171
-175.538
-170.905
-162.669
-155.462
-152.888
-159.58
-171.42
-178.627
-180.171
-172.449
-160.609
-149.284
-144.651
-140.533
-133.326
-118.398
-98.3218
-80.3047
-61.7729
-44.7853
-26.7682
-10.2955
0
9.26593
13.8989
21.6205
40.6671
64.3468
83.9082
98.3218
106.558
114.28
127.149
141.563
158.036
174.508
183.26
187.893
189.437
188.922
186.348
175.023
165.757
161.124
154.947
146.711
135.386
124.575
118.913
105.014
89.5707
80.3047
71.5536
65.3763
59.199
49.9331
43.241
35.0046
25.2239
19.5614
12.3546
13.3841
23.6796
36.0342
59.7138
88.0264
115.309
147.225
172.449
198.188
234.222
259.446
279.522
293.936
300.628
314.012
317.616
309.379
302.172
290.847
285.185
283.126
269.742
249.665
222.897
194.585
176.567
159.065
135.386
108.617
63.3172
15.958
-27.7978
-74.6422
-111.191
-149.799
-187.378
-209.513
-226.501
-238.855
-247.606
-260.476
-262.02
-257.387
-252.754
-240.399
-232.163
-231.648
-223.412
-221.353
-218.264
-210.543
-213.116
-208.483
-198.703
-197.673
-187.378
-178.112
-171.935
-156.491
-145.166
-133.841
-124.575
-129.723
-135.9
-141.048
-150.314
-151.344
-157.006
-161.639
-158.036
-157.006
-153.403
-146.196
-140.019
-128.179
-110.162
-93.6889
-70.524
-55.0808
-43.241
-31.4012
-27.283
-20.591
-15.4432
-10.8103
-4.63297
-3.08864
-2.0591
-0.514774
-1.54432
3.60342
16.9875
29.3421
44.2706
53.0217
56.6251
62.8024
71.0388
74.1275
75.6718
73.0979
66.9206
65.8911
61.2581
55.5956
46.3297
38.6081
38.6081
41.6967
47.874
53.5365
53.5365
54.0513
60.2286
62.8024
71.0388
77.7309
78.7604
79.79
78.7604
78.7604
80.3047
81.8491
82.8786
85.9673
96.7775
118.913
142.592
163.698
181.2
195.099
210.028
227.53
242.973
247.092
249.151
244.518
237.311
236.281
228.045
218.264
200.247
181.715
171.42
159.58
150.314
143.622
128.694
118.913
103.984
88.5411
70.0093
44.2706
21.1057
-8.23638
-29.3421
-49.9331
-70.0093
-86.482
-100.381
-107.588
-110.162
-106.043
-99.8662
-95.2332
-91.6298
-89.0559
-86.9968
-82.8786
-76.1866
-72.0684
-74.1275
-80.8195
-92.1445
-105.014
-114.795
-125.605
-135.9
-141.048
-142.078
-146.711
-153.403
-162.669
-179.141
-189.437
-199.732
-203.851
-205.91
-207.969
-210.028
-215.69
-217.235
-214.146
-208.998
-198.188
-183.26
-167.816
-147.225
-132.297
-119.428
-115.309
-103.47
-93.1741
-79.2752
-63.832
-61.2581
-57.1399
-61.7729
-65.3763
-66.9206
-69.4945
-68.4649
-63.3172
-57.6547
-50.9626
-41.1819
-42.7262
-40.1524
-33.9751
-29.8569
-13.3841
-1.54432
9.78071
25.2239
33.4603
44.2706
53.0217
55.0808
68.4649
80.8195
92.6593
110.676
115.309
123.031
130.238
136.93
150.314
157.521
157.521
161.639
162.154
161.639
163.698
155.977
149.284
147.225
143.622
142.592
140.019
134.356
136.93
141.048
143.107
144.137
141.563
142.078
150.829
159.065
164.213
164.213
156.491
151.344
146.711
143.107
142.078
136.415
130.753
130.753
124.575
116.339
104.499
91.115
90.0855
91.115
88.5411
83.9082
70.524
56.6251
42.7262
25.7387
8.23638
-9.26593
-23.6796
-30.8864
-36.549
-45.8149
-57.6547
-70.524
-79.2752
-81.8491
-82.8786
-83.3934
-89.0559
-94.2036
-100.896
-107.588
-114.28
-119.942
-121.487
-120.457
-115.309
-111.191
-114.795
-121.487
-127.664
-132.297
-129.723
-127.149
-124.575
-124.575
-129.208
-130.238
-128.179
-129.723
-130.238
-130.238
-130.238
-126.634
-125.605
-127.664
-130.753
-133.326
-129.723
-123.031
-117.883
-115.309
-115.824
-119.428
-119.942
-117.368
-116.339
-116.339
-116.854
-113.765
-105.529
-98.8366
-93.6889
-88.5411
-82.3638
-70.0093
-54.0513
-39.6376
-25.2239
-13.8989
-5.14774
5.66251
15.958
24.7092
34.4899
41.6967
51.9922
60.7433
64.8615
66.4058
64.3468
66.4058
72.0684
80.3047
89.5707
92.6593
92.6593
93.6889
92.6593
93.1741
90.0855
85.4525
86.482
89.0559
91.6298
93.1741
89.0559
84.9377
79.79
73.0979
72.0684
73.0979
74.6422
81.8491
88.5411
98.8366
107.073
108.617
111.191
117.368
127.149
139.504
146.711
149.799
152.888
152.888
153.917
152.888
147.225
145.681
144.137
139.504
133.841
124.575
112.736
103.984
93.6889
87.5116
80.3047
68.4649
56.1104
40.6671
26.7682
15.4432
1.02955
-9.26593
-19.0466
-29.8569
-39.6376
-51.4774
-62.2877
-68.4649
-70.524
-72.0684
-72.0684
-74.6422
-79.79
-84.4229
-89.5707
-92.1445
-90.6002
-86.9968
-80.3047
-74.6422
-71.5536
-68.9797
-71.5536
-69.4945
-66.9206
-63.832
-60.7433
-61.2581
-62.8024
-65.3763
-72.0684
-77.7309
-79.79
-82.3638
-82.8786
-90.0855
-96.2627
-106.558
-118.398
-130.238
-137.959
-138.474
-138.989
-141.563
-147.74
-152.888
-158.036
-161.639
-163.183
-160.609
-156.491
-147.225
-136.415
-126.634
-112.736
-101.41
-86.482
-72.5831
-56.1104
-38.6081
-22.6501
-8.23638
6.17729
20.591
36.0342
49.9331
59.199
67.9502
74.1275
82.3638
85.4525
85.4525
86.9968
87.5116
86.9968
84.4229
81.3343
79.79
76.7013
73.6127
70.524
65.3763
64.3468
57.6547
51.4774
48.3888
42.2115
42.2115
41.1819
41.1819
44.7853
44.2706
42.2115
41.6967
41.6967
48.9035
56.6251
62.2877
68.4649
74.6422
79.79
85.4525
88.5411
92.6593
100.896
109.132
117.368
120.457
120.972
119.428
114.28
112.221
111.191
111.191
108.617
100.896
92.1445
82.8786
71.5536
58.1695
46.8444
35.5194
25.7387
12.8694
-2.57387
-18.5319
-30.8864
-40.6671
-46.3297
-50.9626
-57.6547
-64.3468
-70.524
-76.1866
-78.7604
-79.79
-79.2752
-73.0979
-64.3468
-54.0513
-49.9331
-47.874
-42.2115
-33.4603
-19.5614
-7.72161
0
5.66251
8.23638
10.2955
12.8694
12.8694
11.8398
14.4137
12.8694
8.23638
2.0591
-13.3841
-23.6796
-29.8569
-33.4603
-32.9455
-36.0342
-44.2706
-52.5069
-62.2877
-72.0684
-77.7309
-83.3934
-83.9082
-81.3343
-77.7309
-76.7013
-77.2161
-77.2161
-71.5536
-62.2877
-51.9922
-39.6376
-28.8273
-18.5319
-11.8398
-6.17729
1.54432
12.3546
22.6501
37.0637
46.8444
52.5069
53.0217
48.3888
45.3001
42.2115
37.5785
34.4899
30.3717
26.7682
23.6796
15.958
10.8103
5.66251
-1.54432
-3.60342
-8.23638
-13.8989
-15.4432
-17.5023
-19.0466
-16.9875
-16.4728
-14.4137
-13.3841
-16.4728
-19.5614
-21.6205
-22.6501
-18.0171
-11.8398
-9.78071
-6.17729
-5.66251
-8.75116
-7.20684
-0.514774
8.75116
16.9875
21.1057
25.2239
28.3126
31.916
39.1228
45.3001
49.4183
49.4183
43.7558
35.0046
26.2535
21.1057
16.9875
18.0171
16.9875
17.5023
11.8398
1.02955
-3.08864
-9.78071
-12.3546
-12.3546
-16.4728
-15.958
-15.958
-15.958
-20.0762
-29.3421
-36.0342
-42.2115
-44.7853
-39.1228
-35.0046
-33.9751
-28.8273
-26.7682
-23.1648
-9.26593
2.57387
14.4137
21.6205
24.7092
23.1648
22.1353
28.3126
35.5194
46.3297
55.5956
57.6547
53.5365
44.2706
38.0933
27.7978
25.2239
26.7682
21.1057
17.5023
9.26593
-0.514774
-7.20684
-11.8398
-17.5023
-22.1353
-26.2535
-30.3717
-32.4308
-35.5194
-34.4899
-33.9751
-36.0342
-33.4603
-34.4899
-29.8569
-21.6205
-14.9284
-13.3841
-12.3546
-10.8103
-7.20684
-1.54432
1.02955
5.14774
3.08864
-0.514774
-3.60342
-5.66251
-4.11819
2.57387
4.63297
3.08864
4.11819
0.514774
-3.60342
-7.20684
-9.26593
-12.8694
-15.958
-19.5614
-22.6501
-26.2535
-30.3717
-33.4603
-37.0637
-36.549
-40.1524
-41.6967
-41.1819
-42.7262
-41.1819
-40.6671
-40.6671
-43.241
-44.7853
-46.3297
-44.7853
-41.6967
-38.0933
-32.4308
-29.3421
-26.2535
-24.7092
-20.591
-9.26593
4.11819
12.3546
15.4432
16.4728
16.4728
20.591
23.1648
27.283
28.3126
23.6796
23.6796
22.6501
21.1057
23.6796
25.2239
28.3126
33.9751
37.5785
40.6671
44.2706
47.874
52.5069
55.0808
58.1695
58.6842
61.2581
64.8615
68.4649
69.4945
64.3468
61.7729
60.7433
64.8615
71.5536
78.2457
88.0264
92.1445
90.6002
90.6002
90.6002
94.7184
99.8662
102.955
109.132
108.103
101.925
97.8071
90.0855
84.9377
81.3343
77.7309
74.6422
71.0388
63.3172
53.5365
49.4183
42.2115
38.0933
32.9455
26.2535
22.1353
16.9875
11.8398
3.08864
-8.75116
-19.0466
-24.1944
-28.8273
-31.4012
-32.9455
-37.0637
-39.6376
-42.7262
-47.874
-52.5069
-57.1399
-58.6842
-58.6842
-58.6842
-63.3172
-71.5536
-82.3638
-91.115
-96.7775
-103.984
-109.647
-117.368
-120.457
-126.634
-132.297
-137.445
-142.592
-147.225
-150.314
-148.255
-148.77
-149.799
-151.858
-152.888
-151.344
-150.314
-147.74
-145.681
-143.622
-138.989
-131.782
-123.546
-114.28
-109.647
-106.558
-105.014
-103.47
-95.748
-90.0855
-82.8786
-71.0388
-63.832
-58.1695
-54.0513
-48.9035
-41.6967
-32.4308
-21.6205
-9.78071
0
5.66251
14.9284
22.1353
27.7978
36.0342
41.1819
45.3001
51.4774
59.199
66.9206
73.6127
79.2752
85.4525
89.5707
94.2036
105.014
111.191
116.339
118.913
116.339
115.309
113.25
113.25
114.795
115.309
116.854
119.428
120.972
119.942
120.457
118.913
120.457
124.575
127.664
132.812
133.326
134.871
135.9
133.841
131.782
127.664
124.061
123.031
120.457
122.001
122.001
114.28
112.736
108.617
101.925
99.8662
97.2923
91.6298
84.9377
80.3047
71.5536
64.8615
55.5956
46.8444
41.6967
36.0342
32.9455
29.8569
20.591
13.8989
6.69206
0.514774
-3.60342
-8.23638
-9.26593
-14.9284
-19.5614
-23.1648
-32.9455
-39.6376
-46.8444
-51.4774
-53.0217
-54.0513
-57.6547
-61.7729
-68.4649
-77.7309
-83.9082
-91.6298
-95.2332
-99.8662
-106.558
-110.162
-115.309
-126.12
-131.782
-136.415
-142.078
-140.019
-140.533
-142.078
-144.651
-150.314
-152.888
-154.432
-154.947
-152.373
-150.314
-151.344
-149.799
-147.74
-149.284
-148.77
-146.196
-143.622
-136.93
-130.238
-123.031
-118.398
-113.765
-109.132
-103.47
-98.8366
-95.748
-85.4525
-75.157
-67.9502
-61.2581
-57.6547
-56.6251
-54.0513
-49.4183
-43.241
-37.0637
-30.8864
-23.6796
-13.8989
-4.11819
4.11819
12.3546
15.958
19.5614
26.7682
29.3421
37.0637
45.3001
49.4183
54.0513
58.6842
63.832
70.0093
75.157
80.8195
89.0559
97.8071
104.499
111.191
116.854
121.487
129.208
135.386
140.533
145.681
149.799
152.888
153.917
153.917
152.888
152.373
155.977
162.154
166.787
170.39
169.875
167.302
165.757
165.757
167.816
167.816
164.728
163.698
162.154
157.521
153.917
145.166
137.445
132.812
128.179
126.12
126.634
123.546
120.972
114.795
107.588
103.47
95.2332
89.5707
86.9968
79.79
72.5831
65.3763
54.0513
44.2706
36.549
25.7387
18.0171
7.72161
-2.0591
-9.78071
-22.1353
-33.9751
-44.7853
-58.6842
-66.4058
-72.0684
-79.2752
-83.9082
-95.748
-108.617
-122.001
-136.415
-148.255
-157.006
-164.213
-169.875
-173.479
-181.715
-188.922
-197.158
-205.91
-213.631
-219.809
-220.838
-221.353
-222.897
-221.353
-220.838
-221.353
-220.838
-222.897
-222.382
-218.779
-217.749
-214.146
-207.969
-204.365
-197.673
-191.496
-188.407
-184.289
-179.656
-175.023
-167.302
-158.55
-151.344
-145.681
-141.563
-134.871
-125.605
-117.368
-104.499
-92.6593
-80.8195
-71.0388
-60.2286
-51.4774
-43.241
-33.4603
-24.1944
-11.325
0.514774
14.9284
28.8273
42.2115
53.5365
60.7433
70.0093
80.3047
90.6002
104.499
118.398
129.723
141.563
150.314
158.036
170.905
183.26
192.525
201.277
207.969
213.631
219.294
222.897
226.501
229.074
231.134
233.193
238.34
240.399
239.885
241.944
243.488
245.032
246.062
244.003
239.885
237.826
235.252
233.193
231.648
225.986
222.382
218.264
211.572
206.424
200.247
192.011
183.26
176.567
170.905
163.183
153.917
141.563
128.694
116.854
103.984
91.115
79.2752
69.4945
59.7138
47.874
33.9751
20.0762
8.23638
-2.57387
-12.8694
-24.1944
-37.5785
-49.9331
-62.2877
-75.6718
-89.5707
-101.925
-115.309
-123.546
-134.356
-143.622
-153.917
-165.242
-173.479
-181.715
-189.437
-199.218
-206.939
-214.661
-220.838
-228.045
-237.311
-244.003
-253.269
-258.931
-262.02
-264.079
-262.535
-260.99
-258.417
-257.902
-258.417
-262.02
-265.109
-263.564
-259.961
-254.298
-249.665
-245.547
-244.003
-239.37
-236.796
-234.222
-228.56
-220.323
-207.454
-197.673
-188.922
-181.715
-176.567
-167.302
-157.006
-145.166
-135.386
-123.546
-110.676
-97.8071
-82.8786
-68.9797
-53.0217
-37.5785
-21.1057
-3.60342
15.4432
31.4012
48.9035
66.9206
82.8786
98.3218
109.647
119.942
131.782
146.196
166.272
183.774
200.762
213.116
223.927
234.222
242.973
250.695
260.476
269.742
278.493
287.244
291.362
294.966
295.995
293.936
292.906
290.333
289.303
287.759
287.244
287.759
287.244
282.611
276.434
271.286
264.079
258.931
252.239
246.062
236.796
225.471
213.631
199.218
183.26
167.816
157.521
145.166
134.356
123.546
107.588
94.2036
80.3047
68.9797
56.1104
42.7262
30.8864
19.0466
7.20684
-6.69206
-24.1944
-42.2115
-58.1695
-71.0388
-79.2752
-86.9968
-98.8366
-109.132
-123.546
-135.9
-146.711
-155.462
-162.154
-171.935
-176.053
-181.715
-185.833
-190.981
-199.218
-205.395
-211.057
-215.176
-218.264
-219.809
-222.897
-224.956
-224.956
-224.956
-223.412
-220.323
-218.264
-217.235
-216.205
-214.146
-213.631
-213.631
-215.69
-216.72
-215.69
-215.69
-213.631
-210.543
-206.939
-202.821
-195.614
-186.863
-179.141
-168.846
-161.124
-152.373
-142.592
-133.841
-124.061
-117.368
-107.588
-99.8662
-92.1445
-82.3638
-73.6127
-62.8024
-49.4183
-33.4603
-20.0762
-5.66251
9.26593
23.1648
37.5785
50.9626
63.832
76.7013
85.9673
98.3218
108.617
119.428
130.238
138.474
146.196
153.917
160.095
166.272
171.935
179.141
184.804
189.437
195.099
199.218
203.336
208.998
214.661
217.749
221.353
224.441
224.956
227.53
228.56
233.193
236.796
239.885
239.37
235.252
232.163
228.045
224.956
222.382
217.749
210.543
204.365
197.158
186.348
177.082
165.242
153.403
143.622
133.841
123.031
113.25
106.043
96.7775
86.9968
75.157
61.2581
46.3297
33.9751
24.1944
13.3841
5.14774
-8.75116
-23.1648
-38.6081
-53.0217
-66.9206
-81.3343
-91.6298
-101.925
-111.191
-122.001
-134.871
-147.225
-158.55
-167.816
-175.023
-181.2
-183.774
-185.319
-187.893
-189.952
-195.614
-200.762
-206.424
-210.028
-207.454
-208.483
-208.483
-208.998
-209.513
-209.513
-212.087
-213.631
-212.602
-212.602
-208.483
-204.365
-202.306
-197.158
-192.011
-189.437
-184.289
-178.627
-171.935
-160.609
-148.77
-136.93
-125.605
-116.339
-110.676
-103.47
-95.748
-87.5116
-77.2161
-65.3763
-55.0808
-42.7262
-32.4308
-22.6501
-12.3546
-3.60342
5.14774
14.9284
25.7387
38.6081
52.5069
64.3468
75.157
83.3934
88.5411
95.2332
99.8662
104.499
110.676
117.883
123.546
129.208
134.871
136.93
140.019
141.563
143.622
145.681
146.196
148.77
151.858
154.432
157.521
159.58
160.095
160.609
158.036
155.977
152.888
149.799
150.829
152.373
151.344
147.74
142.078
136.415
130.238
124.575
117.368
110.676
105.014
101.41
99.3514
96.2627
92.1445
88.0264
83.3934
78.2457
72.0684
65.3763
59.199
56.6251
54.566
51.4774
44.7853
34.4899
26.2535
19.5614
11.8398
7.72161
4.63297
-1.54432
-2.0591
-6.69206
-11.325
-13.8989
-19.5614
-26.2535
-30.8864
-39.6376
-44.2706
-47.3592
-50.9626
-51.9922
-55.5956
-58.6842
-60.7433
-64.3468
-67.4354
-68.4649
-70.524
-72.5831
-75.6718
-83.9082
-89.5707
-95.2332
-100.896
-103.47
-108.617
-111.706
-114.795
-119.942
-120.972
-121.487
-120.972
-119.942
-117.368
-111.706
-109.132
-108.103
-107.588
-107.073
-107.588
-108.103
-108.103
-108.103
-105.529
-101.925
-99.8662
-96.2627
-93.6889
-92.6593
-88.5411
-85.9673
-80.8195
-73.6127
-68.4649
-59.7138
-53.5365
-48.9035
-42.7262
-38.6081
-35.5194
-28.8273
-23.6796
-17.5023
-10.2955
-7.20684
0.514774
4.11819
7.72161
13.3841
12.3546
16.4728
19.5614
18.5319
23.1648
25.2239
26.2535
29.3421
29.8569
32.9455
36.0342
38.6081
41.6967
46.8444
50.4479
54.566
59.199
61.2581
66.4058
70.0093
75.157
77.7309
81.3343
81.8491
84.9377
85.4525
85.9673
86.482
83.9082
85.4525
83.3934
83.3934
83.3934
83.9082
86.482
86.9968
89.0559
92.6593
94.7184
91.6298
92.1445
90.6002
87.5116
90.0855
89.0559
90.6002
94.2036
92.6593
92.6593
91.115
85.4525
84.4229
80.3047
77.2161
80.8195
79.2752
76.7013
77.7309
73.0979
68.9797
65.3763
58.6842
55.0808
50.4479
46.3297
43.241
39.1228
34.4899
31.4012
22.1353
15.4432
9.26593
0.514774
-3.08864
-8.75116
-13.8989
-18.5319
-27.283
-35.0046
-43.241
-54.0513
-59.199
-63.832
-68.9797
-73.0979
-76.1866
-80.3047
-83.9082
-90.0855
-96.2627
-100.381
-104.499
-107.073
-111.191
-115.824
-118.913
-122.516
-128.179
-132.297
-135.9
-138.989
-139.504
-138.989
-138.989
-141.048
-144.137
-145.681
-145.681
-145.681
-143.622
-141.048
-136.93
-130.753
-127.149
-126.12
-124.575
-125.09
-124.575
-123.546
-121.487
-116.854
-111.706
-105.014
-98.3218
-95.2332
-91.6298
-88.0264
-83.3934
-76.1866
-65.8911
-58.1695
-49.9331
-39.1228
-28.8273
-19.5614
-11.325
-5.14774
1.02955
8.23638
16.9875
26.7682
37.0637
45.8149
56.6251
66.4058
73.0979
79.79
85.4525
93.1741
101.925
110.162
116.854
121.487
125.09
130.753
137.445
143.107
149.284
153.403
155.462
161.124
165.757
169.361
172.964
173.479
175.023
176.567
178.112
180.171
182.23
184.289
183.26
181.2
177.082
174.508
172.449
169.875
168.846
164.213
159.58
156.491
152.373
151.858
149.284
145.166
140.533
132.297
126.12
117.883
108.617
99.8662
92.6593
82.3638
71.5536
61.7729
53.0217
45.8149
35.0046
23.1648
10.2955
-4.11819
-14.4137
-20.591
-28.8273
-38.0933
-47.3592
-59.199
-68.9797
-78.7604
-85.9673
-95.2332
-106.043
-113.765
-121.487
-128.179
-136.93
-144.651
-149.799
-157.006
-161.639
-167.816
-171.42
-173.994
-177.597
-181.2
-185.833
-192.525
-196.644
-199.732
-200.762
-199.732
-199.732
-198.703
-198.703
-198.188
-197.673
-197.673
-196.644
-193.555
-189.437
-185.833
-179.656
-174.508
-167.816
-161.124
-158.036
-153.917
-147.225
-142.078
-134.871
-126.12
-117.368
-105.529
-94.2036
-84.4229
-74.6422
-65.8911
-56.1104
-46.3297
-36.0342
-23.6796
-14.9284
-5.66251
4.63297
15.958
27.7978
35.0046
40.6671
49.4183
59.199
68.9797
79.2752
88.5411
96.2627
103.47
109.132
115.824
124.061
129.208
135.386
142.078
144.651
151.858
157.006
160.095
165.242
165.757
166.787
169.875
171.935
173.479
174.508
175.023
175.023
178.627
180.686
182.745
184.289
184.289
184.289
181.715
179.141
175.538
169.361
167.302
163.698
162.154
160.095
154.432
150.314
145.681
136.93
129.208
122.516
113.765
107.588
101.925
93.1741
85.4525
74.6422
64.3468
57.6547
47.874
39.1228
31.916
23.1648
15.4432
6.69206
-3.08864
-12.3546
-22.1353
-32.9455
-42.2115
-51.9922
-58.1695
-63.832
-71.0388
-77.7309
-86.482
-94.7184
-100.381
-108.103
-115.824
-123.031
-132.297
-138.989
-143.622
-149.799
-151.858
-157.006
-163.183
-167.816
-171.935
-174.508
-176.567
-180.686
-185.319
-188.922
-192.525
-193.555
-192.011
-191.496
-189.437
-187.378
-184.804
-181.715
-179.141
-174.508
-167.816
-164.213
-161.639
-158.036
-154.432
-145.166
-136.93
-129.208
-119.942
-115.824
-110.676
-102.955
-92.6593
-81.3343
-70.0093
-60.2286
-50.9626
-42.7262
-33.9751
-25.7387
-19.5614
-12.3546
-4.11819
3.60342
13.3841
23.1648
33.9751
41.1819
47.3592
51.4774
54.566
59.7138
64.8615
72.0684
81.8491
90.0855
98.8366
107.073
111.706
116.854
120.972
124.575
129.723
137.445
144.651
151.858
158.55
164.213
165.757
168.846
169.361
170.39
175.023
177.597
181.715
184.289
185.833
184.804
180.686
176.567
171.42
163.698
159.58
156.491
152.373
151.858
147.74
142.592
134.871
124.575
115.309
107.073
100.381
95.748
91.6298
85.9673
79.79
72.0684
61.7729
51.4774
42.2115
33.9751
26.7682
20.591
15.4432
10.2955
4.11819
-2.57387
-10.8103
-20.0762
-28.3126
-36.0342
-41.1819
-44.2706
-48.3888
-51.9922
-57.6547
-65.8911
-72.0684
-78.7604
-86.9968
-91.6298
-94.7184
-97.2923
-99.3514
-102.44
-107.073
-112.736
-120.457
-127.664
-132.812
-138.474
-140.533
-143.107
-143.622
-142.592
-144.651
-146.711
-149.799
-153.403
-154.432
-153.403
-152.888
-148.255
-144.651
-140.019
-134.871
-133.326
-130.238
-128.694
-125.605
-122.001
-115.309
-109.132
-102.955
-98.3218
-94.7184
-90.0855
-88.5411
-85.4525
-82.3638
-77.2161
-69.4945
-61.7729
-54.566
-48.3888
-43.241
-39.6376
-37.5785
-33.4603
-28.3126
-23.1648
-19.0466
-10.8103
-3.08864
5.14774
9.78071
11.8398
18.5319
24.1944
27.283
33.9751
40.6671
47.3592
56.6251
63.3172
67.9502
74.6422
79.2752
84.4229
89.0559
94.2036
102.955
108.617
114.795
121.487
127.149
128.179
129.723
132.812
135.386
137.959
140.533
143.107
144.137
148.255
147.225
147.74
147.74
147.225
147.225
146.711
147.74
147.74
147.225
144.651
141.048
137.445
131.267
125.605
118.913
115.824
111.706
109.132
106.043
103.984
98.8366
91.6298
85.4525
77.7309
72.5831
65.3763
57.1399
49.9331
44.2706
36.0342
26.2535
18.0171
7.72161
-1.02955
-8.75116
-17.5023
-23.6796
-30.8864
-39.6376
-47.3592
-57.6547
-66.9206
-74.1275
-84.9377
-93.6889
-101.925
-112.221
-118.913
-126.12
-133.326
-137.959
-144.137
-148.255
-150.314
-153.917
-155.977
-157.006
-161.124
-160.095
-161.124
-164.728
-163.183
-162.154
-158.55
-156.491
-153.917
-152.373
-148.77
-145.166
-142.592
-136.93
-131.782
-126.634
-122.516
-117.883
-114.795
-109.132
-102.955
-97.2923
-90.6002
-85.9673
-80.3047
-74.1275
-67.4354
-58.6842
-52.5069
-45.3001
-38.6081
-32.4308
-28.3126
-23.1648
-18.0171
-11.325
-4.63297
1.02955
5.14774
10.2955
16.9875
20.591
27.283
32.9455
37.5785
44.7853
47.874
52.5069
57.6547
61.7729
66.4058
73.0979
75.157
78.2457
82.8786
87.5116
92.6593
95.2332
100.896
103.47
107.588
111.706
114.795
118.913
122.001
127.149
129.723
131.267
132.812
135.9
137.445
138.474
138.989
138.474
135.9
134.871
135.9
133.326
133.841
134.356
134.356
132.812
131.782
129.723
127.149
126.634
122.001
117.368
113.765
107.073
100.896
95.2332
88.0264
82.3638
76.1866
67.9502
63.832
58.1695
50.4479
46.3297
39.1228
30.8864
24.1944
15.958
7.20684
-2.57387
-10.8103
-20.0762
-30.3717
-37.5785
-48.3888
-56.1104
-63.3172
-71.0388
-75.157
-83.3934
-91.115
-95.2332
-101.41
-105.014
-111.191
-117.883
-122.516
-129.723
-135.386
-138.989
-144.137
-147.225
-150.829
-153.917
-155.462
-159.065
-161.639
-163.698
-165.242
-166.787
-168.331
-166.787
-167.816
-165.757
-163.183
-161.124
-157.521
-154.432
-151.858
-146.711
-140.533
-134.871
-129.208
-123.546
-115.824
-109.647
-105.014
-99.8662
-95.2332
-87.5116
-82.8786
-76.7013
-67.4354
-61.2581
-53.0217
-42.7262
-35.0046
-24.7092
-13.3841
-7.20684
3.08864
9.78071
17.5023
28.8273
35.0046
43.241
51.4774
59.7138
70.0093
78.7604
90.0855
99.8662
107.588
115.309
120.457
123.031
124.061
126.12
125.09
126.634
129.723
132.297
137.959
141.563
147.225
155.462
159.065
163.698
165.242
163.698
164.728
163.183
162.669
162.669
159.58
158.55
156.491
152.888
151.858
149.799
147.74
147.74
143.622
137.445
131.782
123.546
116.339
109.132
101.925
96.7775
92.1445
86.9968
86.9968
80.3047
74.1275
68.4649
58.6842
53.0217
44.7853
34.4899
27.283
17.5023
8.75116
3.08864
-4.63297
-11.8398
-20.0762
-29.3421
-37.0637
-45.3001
-54.0513
-64.3468
-75.6718
-87.5116
-95.748
-102.955
-110.676
-116.854
-123.546
-128.694
-130.753
-133.841
-137.445
-141.563
-149.284
-154.947
-159.065
-163.183
-167.302
-172.964
-173.479
-172.964
-172.449
-169.875
-170.39
-170.39
-168.846
-167.302
-163.698
-161.124
-159.58
-157.521
-153.917
-149.799
-144.137
-140.019
-134.871
-129.208
-120.972
-112.221
-102.955
-95.2332
-88.0264
-82.3638
-74.1275
-66.9206
-60.7433
-53.0217
-45.8149
-37.5785
-29.8569
-19.5614
-8.75116
-1.02955
9.78071
20.591
30.3717
41.1819
46.8444
54.566
60.7433
63.832
71.5536
76.1866
82.8786
89.0559
94.7184
101.41
107.588
113.25
115.309
116.854
118.398
119.428
119.942
122.001
122.001
122.516
122.001
121.487
121.487
119.942
120.457
117.368
118.398
118.913
116.339
114.795
113.25
111.191
107.073
103.984
100.896
99.3514
97.8071
95.748
93.6889
91.6298
89.0559
88.0264
84.9377
79.2752
75.6718
70.0093
66.4058
62.8024
56.6251
53.5365
51.4774
51.4774
49.9331
49.4183
47.874
45.8149
42.2115
38.6081
33.4603
29.3421
25.7387
21.6205
18.5319
12.3546
9.78071
6.69206
2.57387
0
-8.23638
-11.8398
-14.4137
-18.0171
-20.0762
-24.1944
-28.3126
-33.4603
-40.6671
-47.874
-54.566
-62.2877
-70.524
-76.1866
-83.3934
-89.5707
-95.748
-99.8662
-103.47
-108.103
-111.191
-112.736
-113.765
-114.795
-117.883
-121.487
-124.575
-128.694
-132.297
-134.871
-137.445
-141.563
-143.107
-143.622
-142.592
-142.078
-142.078
-138.989
-136.415
-133.326
-129.208
-124.575
-121.487
-116.339
-112.736
-108.103
-100.896
-97.2923
-92.1445
-86.9968
-81.8491
-72.5831
-65.8911
-58.6842
-48.9035
-41.1819
-33.4603
-23.6796
-15.4432
-6.17729
3.08864
11.325
21.6205
30.8864
38.6081
47.3592
52.5069
57.1399
64.8615
69.4945
77.7309
85.9673
89.0559
95.748
101.925
108.103
114.795
119.428
124.575
130.238
132.812
135.9
138.474
137.445
140.533
142.592
142.592
144.137
143.107
142.078
141.048
138.989
138.474
137.445
134.871
135.386
132.812
128.179
125.09
119.942
115.824
111.191
106.558
100.896
96.2627
91.6298
85.4525
79.2752
73.6127
68.9797
62.2877
57.6547
53.0217
45.3001
39.1228
33.9751
27.283
22.1353
16.4728
10.2955
6.69206
1.02955
-5.14774
-11.8398
-19.5614
-25.7387
-31.4012
-38.0933
-41.1819
-46.8444
-53.0217
-57.1399
-65.3763
-70.524
-74.6422
-80.8195
-82.8786
-84.9377
-89.0559
-92.1445
-95.2332
-97.2923
-99.8662
-101.41
-102.955
-104.499
-105.529
-107.588
-109.647
-111.706
-112.736
-115.309
-117.368
-117.883
-119.942
-119.428
-118.398
