SAMPLES: 8013
BITSPERSAMPLE:	16
CHANNELS:	1
SAMPLERATE:	16000
NORMALIZED:	FALSE
10.3044
5.54851
-12.6823
-50.7292
-60.241
-3.96322
25.3646
-6.34115
-5.54851
12.6823
19.0235
-26.9499
-52.3145
1.58529
24.572
2.37793
-10.3044
3.96322
-7.92644
-18.2308
16.6455
-0.792644
-7.92644
-0.792644
-15.0602
11.8897
34.0837
0
-12.6823
46.766
12.6823
-44.3881
-5.54851
-0.792644
-32.4984
-1.58529
24.572
-5.54851
31.7058
33.2911
-35.669
-28.5352
3.96322
-17.4382
-18.2308
45.1807
61.0336
-0.792644
-37.2543
1.58529
3.17058
-43.5954
-5.54851
59.4483
53.1072
44.3881
21.4014
-11.8897
-10.3044
-8.71909
-34.0837
-13.475
34.8763
15.0602
38.8396
44.3881
-7.92644
-26.1573
-27.7425
-34.8763
-14.2676
45.1807
28.5352
20.6088
49.9366
-1.58529
-49.1439
-46.766
-47.5587
-51.5219
0
41.2175
53.1072
68.1674
-3.96322
-64.2042
-42.0101
-36.4616
-48.3513
20.6088
60.241
42.0101
47.5587
-15.8529
-71.338
-45.1807
-30.1205
-26.1573
26.9499
68.9601
42.0101
-10.3044
-43.5954
-53.8998
-27.7425
-49.1439
-31.7058
71.338
76.0938
0
-30.1205
-31.7058
-66.5821
-61.8263
-11.8897
18.2308
62.6189
85.6056
21.4014
-7.92644
-0.792644
-22.194
-53.1072
-41.2175
12.6823
53.1072
50.7292
17.4382
15.8529
16.6455
-24.572
-57.0704
-34.8763
-14.2676
7.92644
36.4616
32.4984
25.3646
3.96322
-32.4984
-39.6322
-28.5352
-10.3044
8.71909
22.9867
18.2308
2.37793
-4.75587
-36.4616
-42.8028
-22.9867
-3.17058
-5.54851
-14.2676
14.2676
1.58529
-32.4984
-22.194
-11.8897
-30.9131
-26.9499
-12.6823
3.96322
23.7793
18.2308
2.37793
4.75587
15.0602
13.475
9.51173
5.54851
30.9131
49.1439
42.8028
46.766
33.2911
9.51173
15.0602
8.71909
-3.17058
15.8529
22.9867
34.0837
38.0469
33.2911
22.194
-19.0235
-34.0837
-26.9499
-3.96322
29.3278
31.7058
18.2308
12.6823
0.792644
-41.2175
-51.5219
-42.0101
-39.6322
-20.6088
-8.71909
10.3044
-6.34115
-50.7292
-63.4115
-47.5587
-48.3513
-63.4115
-56.2777
-15.0602
13.475
-22.9867
-22.194
-14.2676
-67.3748
-76.0938
-22.194
-4.75587
7.92644
8.71909
7.1338
15.0602
-23.7793
-60.241
-57.0704
-30.1205
-18.2308
0
0
-11.8897
-10.3044
-61.8263
-64.9968
-17.4382
-29.3278
-27.7425
-19.0235
-9.51173
-12.6823
-47.5587
-51.5219
-32.4984
-15.0602
-8.71909
-7.92644
-7.92644
7.1338
15.8529
7.92644
30.9131
38.8396
17.4382
23.7793
46.766
77.6791
118.897
148.224
170.419
174.382
138.713
136.335
182.308
205.295
240.171
283.767
296.449
276.633
233.83
202.917
194.198
217.185
236.208
255.231
296.449
295.656
249.683
188.649
158.529
145.847
119.689
122.86
145.054
175.967
155.358
66.5821
5.54851
-36.4616
-72.1306
-104.629
-74.5086
-29.3278
-53.8998
-102.251
-156.151
-202.124
-250.476
-271.084
-241.756
-214.014
-208.465
-216.392
-220.355
-252.061
-307.546
-328.155
-320.228
-305.168
-295.656
-296.449
-306.753
-331.325
-386.81
-427.235
-390.774
-352.727
-353.519
-317.85
-296.449
-318.643
-332.118
-360.653
-355.105
-294.864
-269.499
-269.499
-234.623
-214.807
-227.489
-206.088
-181.516
-143.469
-98.2879
-107.8
-99.8732
-45.1807
-30.9131
-49.9366
-14.2676
66.5821
94.3247
68.1674
90.3614
158.529
187.857
176.76
179.138
211.636
257.609
267.121
255.231
277.425
281.389
246.512
248.098
256.024
249.683
232.245
200.539
218.77
241.756
289.315
390.774
481.135
443.881
305.961
271.877
307.546
328.947
410.59
576.252
711.795
639.664
482.72
389.188
357.483
394.737
466.075
603.995
708.624
668.199
532.657
398.7
323.399
279.011
240.964
270.292
356.69
344.008
198.954
64.9968
-9.51173
-133.164
-241.756
-197.368
-110.97
-111.763
-197.368
-322.606
-421.687
-508.878
-558.814
-501.744
-386.81
-333.703
-395.529
-453.393
-468.453
-473.209
-439.125
-346.386
-269.499
-262.365
-275.84
-300.412
-309.924
-330.533
-333.703
-308.339
-278.218
-230.659
-241.756
-277.425
-291.693
-321.814
-361.446
-387.603
-337.666
-317.058
-364.616
-411.382
-480.342
-535.828
-577.045
-569.119
-525.523
-495.403
-491.439
-509.67
-504.914
-502.536
-493.817
-456.563
-410.59
-372.543
-330.533
-294.071
-229.074
-132.372
-94.3247
-80.0571
-15.0602
41.2175
66.5821
129.994
199.746
239.379
275.048
274.255
258.402
301.205
301.205
253.646
298.827
327.362
300.412
319.436
362.238
325.777
272.67
261.573
228.282
226.696
252.061
245.72
231.452
193.405
122.86
93.532
274.255
621.433
774.413
657.102
477.172
482.72
512.048
514.426
777.584
1169.15
1326.09
1131.9
895.688
749.841
661.065
721.306
927.394
1165.19
1275.36
1139.82
850.507
709.417
668.199
564.363
504.122
573.082
600.824
401.871
157.736
7.92644
-165.663
-378.091
-454.185
-357.483
-281.389
-393.944
-583.386
-740.33
-872.701
-963.063
-953.551
-801.363
-618.263
-643.627
-848.129
-953.551
-888.554
-781.547
-686.43
-490.647
-336.081
-438.332
-603.202
-609.543
-494.61
-405.041
-366.994
-301.205
-285.352
-353.519
-420.894
-451.015
-396.322
-361.446
-394.737
-398.7
-372.543
-366.994
-457.356
-516.011
-473.209
-471.623
-512.841
-510.463
-469.245
-475.587
-545.339
-595.276
-557.229
-527.108
-527.108
-490.647
-428.821
-403.456
-398.7
-339.252
-249.683
-172.004
-133.164
-91.9467
-18.2308
62.6189
122.067
179.138
252.854
281.389
263.158
258.402
302.79
332.911
351.934
386.018
381.262
327.362
280.596
294.071
325.777
328.947
315.472
323.399
302.79
273.462
184.686
118.897
91.9467
107.007
420.894
798.985
888.554
579.423
317.058
378.884
414.553
567.533
994.769
1419.63
1451.33
1057.39
728.44
600.824
697.527
973.367
1270.61
1552
1532.97
1185.8
832.276
734.781
816.424
824.35
837.032
935.32
835.447
432.784
96.7026
-13.475
-71.338
-157.736
-188.649
-96.7026
-161.699
-452.6
-731.611
-856.056
-836.24
-834.654
-794.23
-657.102
-637.286
-867.945
-1144.58
-1176.28
-991.598
-838.618
-744.293
-607.958
-546.132
-663.443
-846.544
-834.654
-617.47
-462.904
-378.091
-290.108
-248.89
-304.375
-436.747
-422.479
-299.62
-228.282
-203.71
-208.465
-210.843
-325.777
-489.854
-527.901
-479.55
-423.272
-397.907
-404.249
-440.71
-543.754
-680.881
-720.514
-643.627
-558.022
-537.413
-538.205
-560.399
-626.982
-681.674
-631.737
-477.964
-341.63
-269.499
-247.305
-215.599
-194.198
-134.75
22.9867
201.332
321.814
330.533
296.449
273.462
283.767
347.971
463.697
583.386
646.005
570.704
442.295
339.252
296.449
329.74
367.787
424.065
411.382
339.252
160.907
240.171
684.845
939.283
763.316
453.393
508.878
620.64
646.798
844.166
1247.62
1502.85
1225.43
805.327
650.761
733.989
900.444
1133.48
1437.86
1617.79
1411.7
998.732
811.668
886.969
935.32
848.129
856.056
848.922
579.423
218.77
62.6189
58.6557
-25.3646
-155.358
-186.271
-189.442
-370.958
-680.881
-854.471
-810.082
-769.658
-850.507
-836.24
-755.39
-876.665
-1143.79
-1230.98
-1010.62
-826.728
-810.875
-776.791
-734.781
-825.935
-964.648
-832.276
-479.55
-285.352
-397.907
-559.607
-582.594
-495.403
-383.64
-278.218
-90.3614
-38.0469
-237.793
-473.209
-520.767
-429.613
-398.7
-355.105
-281.389
-306.753
-472.416
-641.249
-608.751
-500.951
-468.453
-455.77
-441.503
-488.269
-636.493
-713.38
-689.601
-641.249
-589.727
-518.389
-407.419
-361.446
-385.225
-420.894
-336.874
-205.295
-118.104
18.2308
148.224
218.77
161.699
130.786
210.843
294.071
382.847
431.198
466.075
453.393
370.958
322.606
340.837
388.396
378.091
317.85
298.034
183.893
328.947
798.193
1093.06
974.16
518.389
485.098
687.223
834.654
1162.81
1574.98
1847.65
1520.29
1001.9
772.036
849.715
1190.55
1507.61
1757.29
1819.91
1499.68
1009.83
784.718
980.501
1195.31
1127.14
1043.91
936.906
525.523
71.338
-67.3748
17.4382
29.3278
-75.3012
-172.004
-341.63
-662.651
-958.307
-1041.53
-907.578
-810.082
-928.979
-1019.34
-1065.31
-1229.39
-1439.44
-1457.67
-1160.43
-957.514
-996.354
-1024.1
-1039.95
-1158.05
-1240.49
-1030.44
-701.49
-589.727
-668.199
-689.601
-703.868
-723.684
-662.651
-475.587
-206.88
-191.82
-401.871
-588.142
-569.911
-463.697
-404.249
-248.098
-98.2879
-142.676
-339.252
-425.65
-343.215
-264.743
-231.452
-129.201
-7.1338
-49.9366
-187.857
-250.476
-212.429
-187.857
-172.004
-92.7394
-11.8897
-22.194
-105.422
-118.104
-11.097
84.0203
124.445
207.673
294.864
281.389
198.954
217.185
321.021
389.188
368.58
356.69
389.981
356.69
271.877
233.83
282.974
284.559
210.843
161.699
161.699
182.308
452.6
768.865
765.694
474.794
281.389
481.135
632.53
825.935
1132.69
1355.42
1280.12
881.42
613.507
650.761
942.454
1275.36
1458.47
1464.01
1305.49
946.417
749.841
936.906
1226.22
1292.01
1087.51
894.895
619.055
301.205
215.599
311.509
341.63
186.271
-50.7292
-264.743
-495.403
-730.025
-814.838
-764.109
-695.942
-781.547
-935.32
-981.294
-1064.52
-1237.32
-1326.89
-1167.56
-970.989
-966.233
-1055.8
-1115.25
-1167.56
-1178.66
-1019.34
-749.049
-598.446
-684.052
-818.802
-886.969
-802.949
-609.543
-437.54
-305.961
-338.459
-482.72
-618.263
-615.092
-500.159
-439.125
-431.991
-428.821
-466.075
-530.279
-539.791
-479.55
-389.188
-386.81
-398.7
-385.225
-388.396
-386.81
-398.7
-378.884
-353.519
-336.081
-300.412
-263.158
-217.185
-190.235
-211.636
-166.455
-49.9366
68.1674
175.174
238.586
304.375
332.911
397.907
489.854
561.192
611.129
614.299
612.714
615.092
641.249
622.226
591.313
486.684
437.54
544.547
936.906
1273.78
1128.73
768.072
522.353
691.978
897.273
1152.5
1568.64
1724.79
1467.98
921.845
679.296
856.056
1150.13
1425.97
1561.51
1504.44
1244.45
912.334
832.276
1081.17
1289.63
1229.39
1001.11
827.521
640.457
383.64
298.827
317.85
233.83
35.669
-172.004
-280.596
-432.784
-654.724
-776.791
-765.694
-752.219
-890.14
-1045.5
-1078.79
-1123.18
-1240.49
-1246.83
-1095.43
-952.758
-1025.68
-1190.55
-1231.77
-1276.95
-1204.03
-1016.17
-823.557
-795.815
-1001.9
-1123.18
-1127.14
-1012.21
-846.544
-740.33
-630.152
-654.724
-840.203
-977.33
-933.735
-745.878
-623.018
-565.948
-510.463
-588.142
-733.989
-768.865
-694.356
-558.022
-485.891
-468.453
-477.964
-508.085
-490.647
-488.269
-423.272
-321.021
-298.034
-282.974
-219.562
-137.92
-110.178
-107.8
-15.0602
66.5821
119.689
225.111
317.85
339.252
285.352
270.292
385.225
527.901
630.152
648.383
612.714
543.754
510.463
535.035
603.995
780.755
952.758
1214.33
1303.11
1110.49
808.497
742.708
1051.84
1297.56
1496.51
1646.32
1655.83
1431.52
1097.02
1018.55
1197.69
1416.46
1597.18
1620.16
1526.63
1348.29
1085.92
1028.06
1154.09
1246.83
1135.86
871.116
693.564
492.232
294.071
276.633
309.924
251.268
53.1072
-210.051
-408.212
-557.229
-626.982
-592.898
-529.486
-544.547
-737.159
-930.564
-948.795
-905.2
-896.481
-861.604
-771.243
-709.417
-796.607
-854.471
-839.41
-848.922
-823.557
-773.621
-661.065
-657.895
-726.855
-776.791
-821.179
-789.474
-778.377
-730.025
-667.406
-695.942
-818.802
-957.514
-986.842
-934.528
-913.126
-902.822
-900.444
-995.561
-1116.84
-1174.7
-1090.68
-978.123
-900.444
-849.715
-891.725
-957.514
-999.524
-968.611
-843.373
-716.55
-645.212
-629.36
-645.212
-636.493
-611.921
-523.938
-331.325
-202.917
-118.104
-62.6189
-19.8161
32.4984
20.6088
95.91
228.282
317.85
389.981
393.152
397.907
361.446
389.188
519.975
708.624
1131.9
1329.26
1213.54
905.992
810.875
1095.43
1326.09
1655.04
1927.71
1980.82
1748.57
1410.91
1344.32
1503.65
1771.56
2033.13
2107.64
1976.85
1730.34
1448.16
1395.05
1573.4
1717.66
1628.09
1354.63
1120.8
791.059
562.777
617.47
668.199
623.018
409.797
139.505
-106.214
-320.228
-371.75
-381.262
-363.031
-367.787
-581.801
-779.962
-843.373
-817.216
-758.561
-729.233
-632.53
-603.995
-701.49
-773.621
-712.587
-611.921
-543.754
-472.416
-445.466
-450.222
-521.56
-570.704
-577.838
-523.145
-443.088
-467.66
-516.011
-595.276
-713.38
-843.373
-880.628
-817.216
-798.985
-855.263
-988.427
-1162.81
-1326.09
-1381.58
-1355.42
-1321.34
-1317.37
-1356.21
-1412.49
-1470.36
-1463.22
-1433.89
-1419.63
-1376.82
-1325.3
-1288.05
-1231.77
-1154.88
-1046.29
-935.32
-826.728
-728.44
-655.517
-554.058
-438.332
-339.252
-252.854
-141.091
-64.2042
-7.1338
32.4984
92.7394
166.455
315.472
479.55
661.065
1025.68
1185.8
1085.92
863.982
966.233
1327.68
1488.59
1693.09
1909.48
1990.33
1784.24
1521.08
1543.28
1750.16
2003.01
2189.28
2208.31
2148.07
1993.5
1731.93
1714.49
1888.87
1981.61
1803.27
1530.6
1398.22
1142.99
944.832
952.758
944.039
836.24
554.058
267.914
128.408
0
-85.6056
-147.432
-161.699
-221.148
-465.282
-594.483
-565.948
-563.57
-628.567
-669.784
-531.864
-446.259
-532.657
-590.52
-573.874
-546.132
-537.413
-515.219
-414.553
-363.031
-429.613
-517.597
-554.851
-439.125
-351.934
-371.75
-366.994
-416.931
-541.376
-674.54
-669.784
-618.263
-703.868
-802.156
-847.337
-914.711
-1002.69
-1085.13
-1103.36
-1126.35
-1231.77
-1311.83
-1353.04
-1364.93
-1416.46
-1498.1
-1492.55
-1452.12
-1412.49
-1398.22
-1381.58
-1337.19
-1368.9
-1386.33
-1284.08
-1135.07
-1014.58
-956.722
-892.517
-862.397
-839.41
-775.999
-710.209
-604.788
-508.085
-405.041
-326.569
-133.164
18.2308
250.476
668.992
829.106
766.487
584.971
848.129
1260.3
1465.6
1750.95
1949.9
2069.59
1877.77
1675.65
1785.03
2002.22
2273.3
2469.09
2513.47
2511.89
2353.36
2112.4
2098.92
2193.25
2236.05
2022.83
1815.95
1705.77
1373.65
1148.54
1127.93
1112.08
988.427
687.223
435.954
237.793
43.5954
-66.5821
-137.92
-113.348
-230.659
-558.814
-705.453
-642.834
-616.677
-683.259
-712.587
-598.446
-607.166
-756.975
-739.537
-642.042
-583.386
-614.299
-613.507
-529.486
-599.239
-704.661
-714.965
-630.945
-508.878
-553.266
-664.236
-660.273
-695.942
-807.705
-883.006
-807.705
-714.172
-817.216
-887.762
-882.213
-898.066
-945.625
-991.598
-922.638
-899.651
-966.233
-1012.21
-1022.51
-980.501
-990.013
-1011.41
-997.146
-967.026
-963.063
-993.183
-934.528
-848.129
-870.323
-898.859
-808.497
-760.146
-809.29
-838.618
-787.096
-713.38
-700.698
-664.236
-646.005
-667.406
-728.44
-781.547
-653.139
-420.894
93.532
506.5
409.797
89.5688
-100.666
269.499
737.952
1154.09
1587.67
1802.47
1769.18
1418.04
1269.02
1532.18
1949.9
2301.05
2475.43
2515.85
2431.83
2235.26
2144.1
2340.68
2547.56
2501.59
2221.78
2013.32
1832.59
1577.36
1503.65
1490.96
1400.6
1161.22
826.728
601.617
426.443
253.646
74.5086
-11.8897
-26.1573
-288.523
-613.507
-734.781
-763.316
-830.691
-894.895
-775.206
-673.748
-756.975
-936.113
-997.939
-925.808
-904.407
-829.106
-730.025
-699.905
-840.996
-1022.51
-1029.64
-919.467
-769.658
-772.828
-825.935
-852.885
-960.685
-1095.43
-1093.06
-908.37
-794.23
-826.728
-892.517
-949.588
-1024.89
-1055.8
-997.939
-884.591
-793.437
-814.838
-829.899
-814.838
-799.778
-764.902
-722.099
-615.885
-574.667
-619.848
-610.336
-558.022
-483.513
-437.54
-370.165
-282.181
-319.436
-355.105
-359.068
-397.907
-374.921
-357.483
-348.763
-389.981
-503.329
-582.594
-682.467
-733.196
-418.516
214.807
601.617
311.509
-264.743
-336.874
-0.792644
369.372
798.985
1274.57
1534.56
1182.63
670.577
626.189
949.588
1412.49
1831.01
2127.46
2211.48
1963.38
1668.52
1701.01
2096.54
2448.48
2385.07
2216.23
2048.99
1713.7
1459.26
1486.21
1651.08
1625.71
1330.06
1035.99
858.434
687.223
476.379
395.529
509.67
457.356
117.311
-153.773
-155.358
-198.161
-451.807
-565.948
-420.101
-295.656
-474.794
-685.637
-730.818
-783.925
-859.226
-856.056
-738.744
-725.269
-853.678
-1025.68
-1069.28
-970.197
-937.698
-1018.55
-1069.28
-1090.68
-1226.22
-1341.95
-1297.56
-1198.48
-1227.01
-1309.45
-1315
-1288.05
-1280.12
-1270.61
-1200.06
-1126.35
-1120.8
-1164.39
-1133.48
-1022.51
-922.638
-894.895
-847.337
-707.831
-655.517
-676.126
-604.788
-458.941
-374.128
-329.74
-226.696
-170.419
-212.429
-291.693
-278.218
-188.649
-131.579
-141.091
-210.843
-271.084
-336.081
-446.259
-538.998
-356.69
143.469
602.41
510.463
63.4115
-206.088
-119.689
222.733
607.166
1092.26
1394.26
1242.07
830.691
555.644
674.54
1015.38
1425.17
1844.48
2018.07
1870.64
1590.84
1467.18
1720.83
2050.57
2187.7
2163.92
1995.88
1746.2
1496.51
1485.42
1647.91
1705.77
1590.04
1327.68
1061.35
863.19
722.892
695.942
795.022
836.24
629.36
361.446
237.001
176.76
76.8865
-22.194
20.6088
63.4115
-31.7058
-206.88
-351.934
-421.687
-536.62
-637.286
-661.858
-681.674
-784.718
-944.039
-1019.34
-1036.78
-1093.06
-1173.11
-1225.43
-1257.93
-1353.84
-1506.02
-1574.98
-1572.61
-1586.08
-1636.02
-1688.33
-1704.19
-1727.17
-1754.12
-1711.32
-1611.45
-1490.96
-1435.48
-1445.78
-1418.83
-1349.08
-1243.66
-1099.4
-890.932
-743.5
-711.002
-673.748
-594.483
-448.637
-342.422
-195.783
-91.9467
-22.9867
35.669
-21.4014
-9.51173
4.75587
22.194
-11.8897
-110.178
-100.666
-123.653
-171.211
-101.458
129.994
487.476
521.56
253.646
17.4382
-29.3278
234.623
493.025
797.4
1122.38
1130.31
890.932
566.741
556.436
808.497
1093.06
1475.11
1716.07
1697.84
1553.58
1422
1515.54
1782.66
1992.71
2043.44
1906.31
1762.84
1559.92
1391.09
1464.81
1535.35
1490.17
1333.23
1138.24
984.464
821.972
745.878
737.952
782.34
757.768
559.607
390.774
305.961
196.576
110.97
137.127
217.977
218.77
102.251
-26.9499
-138.713
-263.158
-370.958
-370.165
-336.874
-384.432
-534.242
-670.577
-757.768
-841.788
-881.42
-978.123
-1077.2
-1169.94
-1333.23
-1464.81
-1505.23
-1491.76
-1544.07
-1612.24
-1662.18
-1699.43
-1707.36
-1716.87
-1708.94
-1635.23
-1540.11
-1473.53
-1389.51
-1364.93
-1359.38
-1301.52
-1186.59
-998.732
-835.447
-684.845
-586.557
-503.329
-418.516
-366.202
-276.633
-220.355
-170.419
-108.592
-45.1807
-40.4249
-154.566
-241.756
-338.459
-376.506
-395.529
-462.904
-342.422
-99.8732
241.756
328.947
46.766
-237.793
-340.837
-91.9467
261.573
637.286
982.086
1036.78
838.618
533.45
389.188
522.353
844.959
1266.65
1616.2
1717.66
1602.73
1418.83
1406.15
1591.63
1802.47
1954.66
1964.17
1925.33
1684.37
1436.27
1499.68
1587.67
1625.71
1578.15
1353.04
1127.93
1013
887.762
741.915
814.046
946.417
875.079
695.149
396.322
230.659
309.924
367.787
363.824
458.941
397.907
273.462
238.586
-61.8263
-389.188
-330.533
-62.6189
-127.616
-183.101
-285.352
-588.142
-652.346
-804.534
-867.945
-951.173
-1072.45
-1026.47
-1074.03
-1234.94
-1506.02
-1567.85
-1527.43
-1548.03
-1569.44
-1678.82
-1796.13
-1734.31
-1683.58
-1754.12
-1753.33
-1670.89
-1571.81
-1555.96
-1473.53
-1423.59
-1367.31
-1144.58
-967.026
-856.056
-735.574
-630.945
-538.205
-401.078
-346.386
-347.971
-260.78
-167.248
-156.151
-161.699
-212.429
-263.951
-296.449
-327.362
-339.252
-383.64
-242.549
116.519
513.633
542.169
226.696
-68.9601
-177.552
7.1338
412.175
924.223
1191.34
1172.32
938.491
615.092
453.393
524.731
925.016
1460.84
1861.13
1887.29
1623.34
1408.53
1379.2
1530.6
1756.5
1906.31
1862.71
1718.45
1571.02
1446.58
1361.76
1270.61
1215.12
1177.87
1136.65
1001.11
804.534
692.771
606.373
565.155
523.938
538.205
531.864
383.64
220.355
76.8865
71.338
129.994
205.295
263.951
155.358
-60.241
-275.84
-377.299
-349.556
-259.195
-203.71
-237.793
-332.118
-459.734
-584.179
-650.761
-655.517
-685.637
-711.795
-771.243
-870.323
-949.588
-1052.63
-1100.19
-1150.92
-1261.1
-1334.02
-1406.94
-1444.99
-1454.5
-1457.67
-1477.49
-1498.89
-1459.26
-1433.89
-1376.82
-1322.92
-1301.52
-1231.77
-1108.12
-961.477
-821.179
-731.611
-695.942
-688.015
-670.577
-543.754
-431.991
-356.69
-305.961
-329.74
-357.483
-406.627
-416.931
-395.529
-355.897
-341.63
-387.603
-343.215
-99.0805
243.342
386.018
252.061
-38.0469
-235.415
-194.198
122.067
580.216
849.715
925.808
840.203
651.554
497.781
482.72
706.246
1103.36
1542.49
1819.91
1811.19
1636.81
1492.55
1488.59
1582.91
1711.32
1780.28
1790.58
1766.01
1704.19
1574.98
1386.33
1246.83
1173.11
1192.93
1230.18
1176.28
1051.05
880.628
763.316
700.698
646.005
574.667
509.67
440.71
374.128
283.767
204.502
191.027
152.188
99.8732
-57.863
-242.549
-330.533
-363.824
-320.228
-348.763
-440.71
-591.313
-765.694
-810.875
-802.949
-773.621
-788.681
-848.922
-898.859
-960.685
-1012.21
-1046.29
-1036.78
-1015.38
-1035.99
-1085.92
-1131.9
-1150.13
-1159.64
-1162.81
-1169.15
-1164.39
-1130.31
-1065.31
-1018.55
-1028.85
-1046.29
-1058.18
-1024.89
-944.039
-856.056
-787.096
-794.23
-853.678
-862.397
-809.29
-733.989
-653.932
-615.092
-623.018
-646.005
-635.701
-572.289
-496.988
-439.125
-420.894
-419.309
-386.81
-322.606
-235.415
-166.455
-162.492
-179.93
-190.235
-128.408
10.3044
172.004
330.533
424.857
446.259
436.747
464.49
568.326
718.928
860.812
993.976
1120.01
1224.64
1297.56
1301.52
1298.35
1329.26
1407.74
1555.96
1712.9
1841.31
1883.32
1843.69
1746.99
1649.49
1614.62
1618.58
1658.21
1680.41
1632.05
1526.63
1391.88
1246.04
1095.43
952.758
830.691
749.049
683.259
611.921
523.145
417.724
281.389
117.311
-11.097
-87.1909
-121.275
-128.408
-141.091
-173.589
-258.402
-371.75
-484.306
-554.851
-562.777
-552.473
-542.961
-549.302
-588.142
-665.821
-759.353
-830.691
-856.848
-867.153
-901.237
-950.38
-995.561
-1041.53
-1094.64
-1131.9
-1179.45
-1258.72
-1305.49
-1307.07
-1282.5
-1256.34
-1238.9
-1238.11
-1272.99
-1295.18
-1281.71
-1253.96
-1222.26
-1191.34
-1146.96
-1112.08
-1117.63
-1127.93
-1128.73
-1120.01
-1066.9
-991.598
-915.504
-860.812
-844.166
-834.654
-815.631
-747.464
-639.664
-538.205
-446.259
-373.335
-315.472
-250.476
-164.87
-39.6322
97.4952
214.807
305.961
366.994
460.526
588.935
744.293
899.651
1008.24
1092.26
1164.39
1249.21
1346.7
1423.59
1490.96
1551.2
1583.7
1614.62
1643.94
1677.24
1704.98
1681.99
1627.3
1570.23
1537.73
1525.84
1532.18
1526.63
1472.73
1389.51
1311.83
1256.34
1202.44
1130.31
1047.08
961.477
876.665
825.935
809.29
764.902
684.052
569.119
443.881
367.787
295.656
225.111
242.549
252.854
168.041
48.3513
-73.7159
-164.87
-193.405
-212.429
-296.449
-381.262
-440.71
-448.637
-420.894
-509.67
-681.674
-812.46
-845.751
-843.373
-902.029
-914.711
-919.467
-1001.9
-1047.88
-1173.91
-1326.09
-1308.66
-1275.36
-1265.06
-1213.54
-1289.63
-1495.72
-1447.37
-1338.78
-1496.51
-1547.24
-1492.55
-1511.57
-1350.67
-1288.05
-1540.11
-1514.74
-1368.9
-1419.63
-1312.62
-1174.7
-1211.16
-1173.91
-1056.59
-1032.02
-963.855
-828.313
-720.514
-606.373
-466.867
-443.088
-474.001
-335.289
-124.445
52.3145
217.185
250.476
220.355
386.018
575.46
659.48
781.547
815.631
789.474
1033.61
1295.18
1227.01
1221.46
1343.53
1330.85
1351.46
1429.14
1448.16
1580.53
1726.38
1692.3
1638.4
1592.42
1518.71
1482.24
1507.61
1543.28
1553.58
1525.84
1447.37
1390.3
1316.58
1207.2
1131.9
1085.92
1029.64
1009.04
1016.17
989.22
926.601
798.985
626.982
500.159
443.881
417.724
391.566
387.603
351.934
243.342
189.442
118.104
-36.4616
-160.114
-250.476
-300.412
-285.352
-292.486
-341.63
-405.041
-527.901
-668.992
-791.852
-884.591
-928.186
-905.992
-870.323
-875.872
-892.517
-967.819
-1067.69
-1133.48
-1227.01
-1302.31
-1334.81
-1317.37
-1218.29
-1154.88
-1164.39
-1282.5
-1477.49
-1564.68
-1578.15
-1530.6
-1425.97
-1351.46
-1333.23
-1331.64
-1304.69
-1311.03
-1362.56
-1396.64
-1407.74
-1288.05
-1103.36
-1032.02
-945.625
-852.885
-808.497
-773.621
-806.912
-783.925
-634.115
-414.553
-202.124
-55.4851
56.2777
155.358
246.512
332.911
412.175
528.694
685.637
864.775
1055.8
1135.86
1200.86
1257.93
1256.34
1302.31
1362.56
1421.21
1433.1
1411.7
1414.87
1437.06
1415.66
1355.42
1295.97
1242.87
1261.89
1233.35
1119.21
1051.84
1067.69
1097.81
1087.51
1111.29
1128.73
1190.55
1155.68
955.136
816.424
749.049
855.263
996.354
1062.94
1093.06
1022.51
973.367
846.544
691.186
584.971
518.389
586.557
711.795
788.681
762.524
623.018
416.138
181.516
-63.4115
-244.927
-405.041
-456.563
-404.249
-450.222
-504.914
-676.126
-902.029
-1074.03
-1262.68
-1358.59
-1406.94
-1372.86
-1243.66
-1113.67
-1033.61
-1052.63
-1188.17
-1330.85
-1402.98
-1385.54
-1307.07
-1267.44
-1173.11
-1080.37
-1024.1
-1034.4
-1223.84
-1367.31
-1452.12
-1433.89
-1303.9
-1235.73
-1165.98
-1112.08
-1070.86
-1039.95
-1102.57
-1188.97
-1239.7
-1236.53
-1127.93
-990.805
-852.093
-695.149
-592.105
-512.841
-489.062
-471.623
-389.188
-245.72
-22.194
168.041
299.62
416.931
527.108
657.102
763.316
814.046
857.641
913.919
997.146
1106.53
1165.19
1188.97
1186.59
1181.04
1178.66
1125.55
1096.23
1048.67
1032.82
1013
922.638
841.788
727.647
659.48
592.105
571.497
775.999
1070.86
1405.36
1452.92
1257.93
1112.08
1022.51
1135.07
1186.59
1303.11
1541.69
1761.26
1915.82
1731.14
1400.6
1089.09
917.882
937.698
990.805
1028.85
1127.93
1257.93
1317.37
1125.55
670.577
216.392
-194.99
-419.309
-563.57
-629.36
-560.399
-526.316
-535.828
-694.356
-986.842
-1258.72
-1475.9
-1593.21
-1625.71
-1634.43
-1525.05
-1354.63
-1183.42
-1097.02
-1149.33
-1197.69
-1248.41
-1272.19
-1231.77
-1163.6
-1031.23
-885.384
-796.607
-706.246
-688.808
-724.477
-798.985
-967.026
-1054.22
-1107.32
-1056.59
-951.966
-909.956
-880.628
-951.173
-1066.9
-1177.08
-1300.73
-1337.98
-1315
-1249.21
-1129.52
-1053.42
-936.113
-831.484
-773.621
-704.661
-658.687
-531.072
-374.921
-199.746
-7.92644
177.552
356.69
475.587
560.399
627.774
682.467
740.33
809.29
898.859
991.598
1068.48
1097.81
1146.16
1150.13
1105.74
1019.34
900.444
872.701
816.424
764.109
740.33
699.905
693.564
580.216
434.369
317.85
224.318
217.977
336.081
714.172
1213.54
1563.09
1586.87
1538.52
1574.98
1701.01
1733.51
1683.58
1839.73
2136.97
2456.4
2486.53
2294.71
2090.2
1884.12
1716.07
1453.71
1193.72
1066.11
1058.18
1131.1
1056.59
779.962
426.443
-21.4014
-513.633
-1016.96
-1410.91
-1533.77
-1587.67
-1615.41
-1651.08
-1666.93
-1659.8
-1781.07
-1983.99
-2175.02
-2298.67
-2320.86
-2286.78
-2143.31
-1860.34
-1571.02
-1301.52
-1129.52
-1012.21
-905.2
-861.604
-828.313
-813.253
-723.684
-538.205
-363.031
-216.392
-178.345
-210.843
-266.328
-392.359
-528.694
-663.443
-720.514
-710.209
-753.805
-839.41
-926.601
-934.528
-934.528
-962.27
-1016.96
-1043.12
-1024.1
-968.611
-833.862
-692.771
-537.413
-399.493
-273.462
-126.03
21.4014
182.308
347.178
488.269
604.788
681.674
761.731
836.24
894.103
956.722
985.257
1025.68
1045.5
1047.08
1019.34
962.27
928.186
889.347
852.093
794.23
717.343
616.677
496.988
384.432
307.546
255.231
175.174
102.251
-15.8529
-41.2175
-36.4616
8.71909
10.3044
126.823
554.058
1055.01
1492.55
1571.81
1743.02
1948.32
2082.28
2027.58
1758.08
1813.57
1925.33
2045.81
1980.82
1765.22
1702.6
1532.18
1283.29
902.822
551.68
413.76
298.034
156.151
-37.2543
-223.526
-357.483
-679.296
-1139.82
-1563.89
-1827.05
-1926.13
-2113.98
-2255.07
-2217.03
-2034.72
-1844.48
-1804.06
-1769.97
-1621.75
-1481.45
-1391.88
-1375.24
-1244.45
-930.564
-637.286
-371.75
-175.174
93.532
344.008
439.918
470.038
399.493
386.018
289.315
141.091
22.194
-66.5821
-23.7793
-62.6189
-135.542
-247.305
-381.262
-481.135
-713.38
-917.882
-1064.52
-1127.93
-1142.99
-1238.11
-1253.96
-1183.42
-1051.84
-942.454
-869.531
-737.952
-598.446
-493.817
-388.396
-272.67
-96.7026
41.2175
147.432
256.817
350.349
467.66
542.169
583.386
639.664
672.162
693.564
682.467
643.627
634.908
623.018
622.226
611.921
595.276
616.677
591.313
504.122
370.165
276.633
260.78
217.185
156.944
105.422
108.592
147.432
145.847
152.188
164.87
194.198
221.94
211.636
216.392
391.566
852.093
1396.64
1803.27
1940.39
2146.48
2329.58
2315.31
2092.58
1808.02
1841.31
1823.87
1682.78
1425.17
1225.43
1203.23
1000.32
654.724
237.001
-50.7292
-221.94
-505.707
-760.938
-911.541
-1016.96
-1223.05
-1616.2
-1899.97
-1990.33
-2050.57
-2151.24
-2297.08
-2219.4
-1985.57
-1784.24
-1631.26
-1489.38
-1233.35
-953.551
-781.547
-670.577
-512.841
-250.476
-44.3881
48.3513
152.188
366.994
633.323
770.45
805.327
849.715
891.725
790.266
525.523
237.793
66.5821
-102.251
-321.021
-530.279
-612.714
-598.446
-653.139
-737.952
-822.765
-853.678
-938.491
-1089.89
-1231.77
-1261.89
-1156.47
-1070.86
-966.233
-790.266
-523.145
-283.767
-140.298
18.2308
229.074
415.346
499.366
547.717
646.798
757.768
806.912
793.437
774.413
831.484
864.775
849.715
817.216
801.363
829.106
764.902
678.503
603.202
537.413
470.831
334.496
244.927
232.245
251.268
237.793
156.944
84.8129
15.8529
-81.6424
-216.392
-327.362
-372.543
-366.202
-382.847
-389.188
-369.372
-308.339
-248.89
-234.623
-193.405
-132.372
146.639
495.403
819.594
1005.07
1165.19
1371.27
1406.15
1315
1116.84
1059.77
1026.47
902.029
724.477
570.704
518.389
374.128
124.445
-133.164
-264.743
-328.155
-411.382
-549.302
-625.396
-672.955
-795.815
-963.855
-1141.41
-1188.17
-1224.64
-1267.44
-1290.42
-1179.45
-940.076
-700.698
-504.914
-322.606
-84.8129
96.7026
200.539
255.231
375.713
543.754
668.199
713.38
759.353
863.19
962.27
988.427
907.578
840.996
718.928
527.108
245.72
-39.6322
-282.181
-539.791
-806.119
-1038.36
-1100.98
-1108.12
-1095.43
-1100.98
-1065.31
-1001.11
-1011.41
-1046.29
-1066.11
-974.952
-868.738
-792.644
-711.002
-528.694
-266.328
-30.9131
194.198
406.627
635.701
791.852
864.775
919.467
990.805
1020.93
968.611
871.116
773.621
729.233
684.845
641.249
626.982
622.226
617.47
550.095
463.697
405.834
315.472
201.332
31.7058
-103.044
-171.211
-242.549
-288.523
-317.85
-282.974
-261.573
-315.472
-359.86
-397.115
-391.566
-451.807
-554.058
-594.483
-637.286
-649.176
-672.162
-668.199
-618.263
-580.216
-592.898
-636.493
-667.406
-617.47
-387.603
-110.97
187.857
370.958
595.276
861.604
1043.12
1149.33
1121.59
1189.76
1212.75
1114.46
918.675
701.49
577.045
401.871
188.649
38.8396
-24.572
-10.3044
-28.5352
-80.8497
-64.9968
-78.4718
-171.211
-346.386
-523.145
-611.129
-703.868
-813.253
-898.859
-871.909
-745.878
-587.349
-412.968
-205.295
14.2676
204.502
325.777
377.299
424.857
429.613
389.188
323.399
271.084
295.656
362.238
432.784
489.062
565.948
600.032
510.463
324.192
107.8
-94.3247
-334.496
-585.764
-816.424
-870.323
-858.434
-797.4
-660.273
-498.573
-252.854
-92.7394
40.4249
129.201
210.843
258.402
202.917
177.552
191.82
262.365
309.924
340.044
433.576
611.129
770.45
825.143
831.484
820.387
733.989
548.51
307.546
71.338
-106.214
-278.218
-409.004
-460.526
-416.138
-353.519
-336.081
-367.787
-412.968
-439.918
-528.694
-667.406
-806.119
-899.651
-972.575
-1048.67
-1102.57
-1087.51
-997.939
-901.237
-798.985
-691.186
-519.182
-380.469
-315.472
-299.62
-346.386
-388.396
-474.001
-570.704
-603.202
-560.399
-486.684
-418.516
-310.717
-177.552
-50.7292
10.3044
130.786
396.322
708.624
948.003
1108.12
1380.79
1667.72
1870.64
1900.76
1870.64
1906.31
1853.99
1653.46
1358.59
1140.62
961.477
684.052
357.483
110.97
20.6088
0.792644
-68.1674
-114.933
-61.8263
4.75587
-44.3881
-221.94
-423.272
-576.252
-747.464
-967.026
-1133.48
-1127.14
-969.404
-775.206
-534.242
-227.489
119.689
420.101
572.289
645.212
698.32
703.075
626.189
485.098
394.737
366.994
386.81
388.396
395.529
462.904
521.56
501.744
417.724
311.509
190.235
26.1573
-225.904
-474.794
-657.102
-761.731
-824.35
-826.728
-714.965
-546.925
-336.874
-184.686
-74.5086
33.2911
60.241
11.8897
-115.726
-234.623
-324.192
-408.212
-459.734
-466.075
-358.275
-221.148
-118.104
-5.54851
80.0571
136.335
124.445
32.4984
-95.91
-263.158
-463.697
-677.711
-843.373
-928.979
-968.611
-943.247
-864.775
-745.086
-601.617
-509.67
-469.245
-451.015
-449.429
-477.964
-530.279
-560.399
-553.266
-510.463
-444.673
-363.824
-226.696
-72.9233
40.4249
107.8
126.823
123.653
88.7762
6.34115
-104.629
-172.004
-193.405
-180.723
-141.883
-94.3247
-4.75587
111.763
221.94
332.118
454.185
648.383
912.334
1170.74
1364.93
1493.34
1629.68
1763.63
1826.25
1834.97
1788.21
1776.32
1749.37
1592.42
1353.84
1090.68
852.093
548.51
223.526
-60.241
-246.512
-312.302
-347.971
-347.178
-263.158
-152.98
-99.8732
-135.542
-211.636
-285.352
-388.396
-538.205
-695.149
-781.547
-735.574
-635.701
-504.122
-313.094
-55.4851
239.379
470.038
627.774
745.878
833.862
819.594
690.393
511.256
345.593
218.77
86.3982
-49.9366
-141.883
-197.368
-256.817
-317.85
-374.921
-468.453
-622.226
-821.179
-1016.96
-1174.7
-1285.67
-1372.07
-1397.43
-1334.02
-1207.2
-1035.99
-858.434
-673.748
-496.988
-340.044
-232.245
-183.893
-169.626
-201.332
-261.573
-327.362
-375.713
-370.958
-336.081
-307.546
-245.72
-134.75
-3.96322
79.2644
81.6424
26.9499
-68.1674
-203.71
-381.262
-544.547
-648.383
-707.831
-731.611
-695.942
-569.911
-361.446
-136.335
66.5821
253.646
420.101
539.791
580.216
564.363
526.316
477.172
414.553
350.349
318.643
338.459
402.663
491.439
593.691
707.039
812.46
856.056
815.631
743.5
648.383
531.864
397.115
267.121
183.101
129.201
63.4115
-11.097
-38.8396
-27.7425
-14.2676
-1.58529
25.3646
168.833
389.981
579.423
719.721
875.872
1094.64
1264.27
1364.93
1368.9
1371.27
1414.87
1361.76
1171.53
890.14
627.774
336.874
28.5352
-279.803
-527.901
-619.055
-651.554
-676.126
-647.59
-535.828
-431.991
-403.456
-446.259
-520.767
-592.898
-722.099
-925.808
-1104.95
-1150.92
-1116.84
-1050.25
-928.979
-721.306
-421.687
-133.957
81.6424
241.756
401.078
489.854
454.978
356.69
225.904
122.067
7.92644
-142.676
-288.523
-351.934
-355.105
-378.884
-400.285
-401.871
-397.115
-405.041
-453.393
-543.754
-614.299
-684.052
-768.865
-824.35
-818.009
-772.828
-714.172
-644.42
-567.533
-473.209
-376.506
-332.118
-311.509
-292.486
-283.767
-284.559
-265.536
-208.465
-112.555
22.194
163.285
305.168
443.088
561.985
631.737
673.748
688.015
680.089
661.065
611.129
561.985
544.547
541.376
534.242
553.266
611.921
683.259
747.464
783.133
799.778
818.802
815.631
757.768
684.052
606.373
535.035
451.015
335.289
227.489
144.261
71.338
-28.5352
-132.372
-206.088
-267.914
-327.362
-386.018
-407.419
-396.322
-398.7
-435.162
-479.55
-482.72
-465.282
-469.245
-507.292
-546.925
-565.948
-581.801
-592.105
-552.473
-387.603
-153.773
73.7159
271.877
504.122
786.303
1024.89
1142.99
1130.31
1103.36
1038.36
854.471
546.132
211.636
-69.7527
-336.874
-599.239
-831.484
-933.735
-912.334
-848.922
-774.413
-670.577
-522.353
-416.931
-395.529
-439.125
-477.172
-500.951
-581.801
-717.343
-821.972
-816.424
-749.841
-657.102
-537.413
-342.422
-56.2777
237.001
479.55
676.918
863.19
987.635
1013
951.173
863.19
796.607
702.283
550.888
399.493
300.412
240.964
188.649
114.141
53.1072
24.572
28.5352
0
-61.8263
-108.592
-158.529
-197.368
-244.927
-277.425
-289.315
-267.121
-236.208
-221.94
-183.101
-130.786
-66.5821
-7.1338
55.4851
130.786
235.415
333.703
386.018
439.125
501.744
569.119
608.751
609.543
593.691
586.557
567.533
489.062
391.566
310.717
240.171
154.566
57.0704
-0.792644
-20.6088
-33.2911
-76.0938
-128.408
-154.566
-186.271
-230.659
-279.011
-332.911
-378.091
-431.198
-491.439
-534.242
-568.326
-595.276
-636.493
-672.955
-686.43
-686.43
-659.48
-621.433
-584.179
-535.828
-484.306
-446.259
-429.613
-421.687
-420.894
-430.406
-457.356
-498.573
-531.864
-545.339
-558.022
-566.741
-549.302
-516.011
-436.747
-294.071
-107.8
95.91
288.523
503.329
714.172
894.103
1009.04
1005.07
974.16
921.053
799.778
614.299
377.299
161.699
-38.8396
-220.355
-386.81
-512.841
-549.302
-539.791
-497.781
-411.382
-282.974
-145.054
-29.3278
49.9366
107.007
155.358
189.442
175.967
141.883
153.773
191.027
257.609
330.533
430.406
595.276
787.096
984.464
1154.09
1315
1472.73
1569.44
1588.46
1548.83
1464.81
1340.36
1160.43
936.113
697.527
477.964
263.951
53.1072
-129.201
-266.328
-327.362
-352.727
-378.091
-389.188
-369.372
-320.228
-249.683
-208.465
-194.99
-170.419
-156.944
-168.833
-202.124
-217.185
-215.599
-206.88
-195.783
-201.332
-170.419
-136.335
-112.555
-102.251
-104.629
-98.2879
-126.823
-175.967
-252.061
-329.74
-401.078
-496.195
-590.52
-702.283
-781.547
-842.581
-918.675
-976.538
-1017.76
-1027.27
-1023.3
-1017.76
-1003.49
-948.003
-867.945
-789.474
-724.477
-651.554
-563.57
-486.684
-415.346
-370.958
-333.703
-303.583
-279.803
-259.987
-248.89
-221.148
-202.124
-184.686
-152.188
-121.275
-94.3247
-84.0203
-89.5688
-88.7762
-95.91
-123.653
-175.967
-229.867
-263.951
-288.523
-323.399
-373.335
-406.627
-421.687
-418.516
-414.553
-389.188
-316.265
-178.345
50.7292
299.62
571.497
846.544
1147.75
1433.89
1670.1
1850.03
1924.54
1993.5
1981.61
1878.57
1698.64
1455.29
1190.55
914.711
660.273
409.004
237.001
122.86
52.3145
56.2777
110.97
194.198
273.462
332.911
355.897
374.921
366.994
304.375
229.867
152.98
95.1173
61.8263
49.1439
60.241
118.897
232.245
363.031
527.108
695.942
840.203
971.782
1057.39
1090.68
1089.89
1042.33
932.15
765.694
554.058
319.436
88.7762
-140.298
-369.372
-576.252
-752.219
-875.079
-974.16
-1038.36
-1062.94
-1062.14
-1025.68
-993.976
-951.173
-918.675
-879.835
-875.872
-896.481
-907.578
-941.661
-940.869
-949.588
-939.283
-889.347
-812.46
-726.062
-647.59
-539.791
-450.222
-351.934
-271.877
-228.282
-199.746
-210.051
-267.121
-358.275
-451.015
-584.971
-702.283
-805.327
-897.273
-925.808
-925.808
-895.688
-833.069
-741.122
-660.273
-562.777
-462.904
-389.981
-300.412
-238.586
-202.124
-176.76
-164.077
-152.188
-121.275
-84.8129
-56.2777
-7.1338
42.8028
107.8
187.064
258.402
327.362
383.64
436.747
472.416
493.025
500.159
489.062
474.001
441.503
416.931
393.152
363.824
344.8
318.643
324.192
350.349
392.359
443.881
496.195
584.971
677.711
825.935
970.197
1116.84
1262.68
1383.96
1507.61
1581.33
1633.64
1592.42
1540.9
1433.1
1269.02
1074.03
803.741
558.022
297.242
76.0938
-145.054
-313.094
-412.175
-475.587
-453.393
-402.663
-301.205
-177.552
-36.4616
94.3247
204.502
294.864
332.118
351.141
333.703
285.352
222.733
158.529
91.9467
45.9734
55.4851
80.0571
126.823
187.064
250.476
323.399
367.787
356.69
294.071
201.332
63.4115
-122.86
-344.8
-593.691
-848.129
-1078.79
-1276.16
-1440.23
-1543.28
-1595.59
-1587.67
-1532.18
-1434.69
-1303.9
-1147.75
-963.855
-808.497
-634.908
-481.135
-344.8
-229.074
-140.298
-55.4851
-8.71909
42.8028
46.766
59.4483
70.5453
61.0336
45.9734
4.75587
-25.3646
-89.5688
-148.224
-236.208
-328.947
-389.981
-453.393
-505.707
-557.229
-588.935
-610.336
-600.032
-581.801
-549.302
-484.306
-416.931
-323.399
-229.074
-110.178
8.71909
120.482
229.867
299.62
363.031
399.493
412.175
409.004
389.981
357.483
309.131
256.817
202.917
164.87
148.224
136.335
132.372
145.054
164.077
183.101
197.368
187.064
152.98
108.592
39.6322
-35.669
-110.178
-170.419
-203.71
-212.429
-179.138
-125.238
-33.2911
78.4718
192.613
320.228
437.54
541.376
624.604
690.393
733.196
789.474
821.972
847.337
894.103
927.394
985.257
1026.47
1067.69
1089.89
1110.49
1093.85
1013
905.992
733.989
568.326
382.055
172.796
-23.7793
-189.442
-286.145
-328.947
-309.924
-262.365
-172.796
-48.3513
92.7394
229.867
344.8
419.309
440.71
439.918
388.396
311.509
212.429
79.2644
-53.1072
-164.87
-243.342
-290.9
-305.961
-305.168
-278.218
-225.904
-180.723
-142.676
-127.616
-134.75
-167.248
-226.696
-315.472
-424.857
-553.266
-688.808
-820.387
-932.942
-1014.58
-1066.9
-1077.2
-1045.5
-976.538
-875.079
-749.841
-615.092
-470.038
-324.192
-190.235
-79.2644
-12.6823
16.6455
12.6823
-3.17058
-34.0837
-87.1909
-156.151
-224.318
-273.462
-298.034
-301.205
-305.168
-301.997
-290.108
-272.67
-253.646
-240.964
-246.512
-253.646
-253.646
-253.646
-241.756
-229.074
-210.843
-181.516
-139.505
-102.251
-71.338
-50.7292
-38.0469
-38.8396
-53.8998
-87.9835
-150.602
-221.148
-308.339
-380.469
-418.516
-430.406
-406.627
-346.386
-266.328
-165.663
-56.2777
42.8028
129.994
203.71
248.098
271.084
284.559
274.255
257.609
247.305
239.379
233.037
230.659
239.379
265.536
309.924
355.897
374.128
382.055
383.64
375.713
363.031
334.496
292.486
248.098
218.77
206.088
213.221
242.549
283.767
362.238
477.964
616.677
772.828
940.869
1119.21
1295.97
1456.09
1582.91
1681.99
1750.95
1750.95
1683.58
1560.72
1386.33
1188.17
965.441
718.136
468.453
248.89
64.2042
-87.9835
-188.649
-265.536
-301.997
-289.315
-263.158
-233.037
-204.502
-198.161
-224.318
-263.951
-327.362
-409.004
-489.854
-567.533
-631.737
-661.065
-649.968
-607.166
-537.413
-454.185
-357.483
-253.646
-152.98
-77.6791
-25.3646
5.54851
7.92644
-24.572
-91.9467
-194.198
-330.533
-474.001
-629.36
-783.925
-923.431
-1061.35
-1185
-1287.25
-1368.9
-1422
-1430.72
-1419.63
-1386.33
-1309.45
-1204.03
-1077.2
-931.357
-786.303
-657.895
-525.523
-409.797
-317.058
-233.037
-172.004
-141.883
-131.579
-128.408
-137.92
-137.92
-133.164
-136.335
-122.067
-97.4952
-70.5453
-42.8028
-19.8161
-13.475
-22.9867
-35.669
-66.5821
-104.629
-143.469
-189.442
-235.415
-263.158
-276.633
-274.255
-247.305
-195.783
-121.275
-22.194
89.5688
214.014
350.349
485.098
619.055
751.427
863.982
951.966
1020.93
1067.69
1090.68
1091.47
1065.31
1014.58
943.247
861.604
770.45
675.333
583.386
493.817
417.724
360.653
312.302
279.011
259.195
249.683
252.061
266.328
286.145
306.753
330.533
351.934
374.128
399.493
425.65
457.356
492.232
530.279
577.045
628.567
684.052
740.33
787.096
832.276
868.738
891.725
903.614
896.481
867.153
813.253
744.293
653.932
535.035
397.907
242.549
80.0571
-87.9835
-256.024
-421.687
-560.399
-672.955
-764.902
-811.668
-830.691
-827.521
-787.096
-733.196
-680.881
-615.885
-563.57
-530.279
-496.988
-487.476
-489.854
-492.232
-499.366
-513.633
-513.633
-502.536
-496.195
-467.66
-427.235
-386.018
-335.289
-293.278
-271.084
-261.573
-262.365
-290.9
-332.911
-389.188
-471.623
-558.022
-644.42
-737.952
-826.728
-898.066
-963.063
-1001.11
-1004.28
-989.22
-941.661
-860.019
-761.731
-645.212
-512.841
-382.847
-252.061
-127.616
-29.3278
45.1807
95.91
111.763
91.1541
52.3145
-7.92644
-77.6791
-128.408
-176.76
-199.746
-188.649
-160.907
-107.007
-35.669
37.2543
110.97
177.552
222.733
247.305
255.231
250.476
237.793
219.562
201.332
193.405
191.82
206.088
233.037
271.084
324.984
382.055
443.088
508.085
568.326
623.811
666.614
689.601
699.112
698.32
684.052
658.687
624.604
577.838
529.486
485.098
446.259
416.138
393.944
377.299
366.994
370.958
380.469
390.774
405.834
417.724
429.613
443.088
448.637
458.148
463.697
462.904
464.49
464.49
459.734
458.148
454.185
442.295
428.821
407.419
379.677
345.593
298.827
240.964
178.345
107.8
46.766
0.792644
-41.2175
-62.6189
-69.7527
-68.1674
-45.9734
-13.475
19.0235
47.5587
68.9601
76.0938
70.5453
51.5219
11.097
-31.7058
-86.3982
-144.261
-198.161
-258.402
-310.717
-356.69
-404.249
-448.637
-482.72
-518.389
-546.925
-566.741
-589.727
-601.617
-608.751
-614.299
-609.543
-598.446
-587.349
-566.741
-538.205
-516.804
-487.476
-459.734
-450.222
-447.051
-447.051
-458.148
-466.075
-470.038
-481.135
-483.513
-475.587
-468.453
-459.734
-447.051
-442.295
-438.332
-427.235
-424.857
-420.894
-425.65
-435.162
-440.71
-447.844
-448.637
-445.466
-435.162
-415.346
-389.188
-358.275
-319.436
-272.67
-228.282
-177.552
-128.408
-80.8497
-29.3278
21.4014
68.1674
111.763
154.566
188.649
220.355
247.305
263.158
275.048
282.974
286.145
284.559
286.145
286.937
284.559
284.559
285.352
284.559
288.523
298.034
310.717
330.533
354.312
389.188
426.443
470.038
519.182
563.57
609.543
652.346
687.223
716.55
735.574
738.744
726.062
699.112
658.687
616.677
569.119
519.975
476.379
439.918
412.968
395.529
386.81
389.188
398.7
410.59
421.687
430.406
434.369
437.54
431.991
423.272
413.76
399.493
382.847
364.616
341.63
316.265
286.937
254.439
221.148
183.101
140.298
94.3247
46.766
-2.37793
-52.3145
-99.0805
-141.883
-180.723
-214.807
-246.512
-275.048
-300.412
-319.436
-329.74
-336.874
-337.666
-338.459
-339.252
-343.215
-352.727
-355.897
-365.409
-382.055
-406.627
-443.088
-481.135
-521.56
-561.985
-593.691
-620.64
-633.323
-632.53
-622.226
-599.239
-564.363
-523.938
-484.306
-455.77
-436.747
-428.821
-434.369
-443.088
-463.697
-492.232
-520.767
-550.888
-580.216
-603.995
-612.714
-613.507
-605.58
-587.349
-560.399
-519.975
-469.245
-414.553
-353.519
-293.278
-233.83
-181.516
-141.883
-104.629
-69.7527
-31.7058
3.17058
32.4984
62.6189
88.7762
112.555
143.469
178.345
221.94
266.328
307.546
344.008
376.506
404.249
427.235
440.71
445.466
443.881
432.784
412.968
389.981
369.372
349.556
333.703
319.436
306.753
299.62
294.864
290.9
290.108
291.693
301.205
315.472
324.984
331.325
333.703
336.874
338.459
336.874
336.081
334.496
340.837
355.105
376.506
403.456
432.784
460.526
481.928
496.988
505.707
506.5
499.366
487.476
470.831
452.6
428.821
402.663
372.543
336.874
294.864
248.098
203.71
160.114
120.482
86.3982
53.1072
21.4014
-7.1338
-30.1205
-49.1439
-62.6189
-69.7527
-75.3012
-74.5086
-76.0938
-77.6791
-83.2276
-95.91
-112.555
-134.75
-168.833
-209.258
-255.231
-298.827
-333.703
-370.165
-401.078
-427.235
-448.637
-460.526
-463.697
-460.526
-450.222
-435.954
-414.553
-392.359
-372.543
-354.312
-342.422
-335.289
-344.008
-363.824
-393.152
-426.443
-450.222
-470.831
-476.379
-465.282
-437.54
-391.566
-340.044
-282.181
-217.977
-152.188
-86.3982
-29.3278
17.4382
46.766
53.8998
45.1807
13.475
-41.2175
-107.007
-175.967
-236.208
-286.937
-327.362
-351.141
-357.483
-346.386
-321.021
-285.352
-233.037
-172.004
-108.592
-47.5587
4.75587
51.5219
87.9835
112.555
132.372
141.883
148.224
152.188
158.529
165.663
173.589
189.442
210.843
241.756
282.181
323.399
366.202
398.7
418.516
425.65
418.516
400.285
366.202
324.192
278.218
226.696
173.589
117.311
62.6189
24.572
-2.37793
-12.6823
-1.58529
16.6455
45.9734
87.1909
127.616
168.041
205.295
231.452
252.854
267.914
272.67
271.877
261.573
245.72
225.111
202.124
180.723
163.285
149.017
137.92
134.75
135.542
139.505
143.469
148.224
156.944
161.699
164.077
165.663
156.151
145.054
133.164
114.141
99.0805
87.1909
73.7159
67.3748
61.0336
53.8998
56.2777
61.8263
70.5453
84.8129
93.532
99.8732
103.044
95.91
79.2644
55.4851
24.572
-15.0602
-59.4483
-108.592
-157.736
-206.88
-252.854
-290.9
-322.606
-336.081
-339.252
-332.118
-307.546
-283.767
-257.609
-225.904
-198.161
-172.796
-153.773
-146.639
-145.847
-151.395
-165.663
-184.686
-206.88
-225.904
-240.171
-252.854
-255.231
-255.231
-258.402
-259.195
-253.646
-240.171
-226.696
-218.77
-214.014
-213.221
-213.221
-216.392
-222.733
-237.793
-250.476
-256.817
-263.158
-257.609
-253.646
-249.683
-237.001
-214.807
-185.479
-152.98
-118.897
-80.8497
-39.6322
0.792644
42.0101
83.2276
115.726
143.469
165.663
179.138
185.479
183.893
179.93
170.419
164.077
158.529
154.566
156.944
162.492
172.004
181.516
196.576
211.636
228.282
244.927
252.061
252.061
247.305
235.415
218.77
198.954
176.76
154.566
134.75
125.238
118.104
114.141
116.519
125.238
141.091
164.87
186.271
202.124
219.562
234.623
243.342
247.305
241.756
227.489
208.465
191.82
173.589
152.98
132.372
116.519
110.178
107.8
107.007
104.629
103.836
99.0805
100.666
103.836
99.8732
88.7762
73.7159
56.2777
34.8763
6.34115
-22.9867
-54.6925
-80.8497
-98.2879
-107.8
-111.763
-111.763
-107.8
-98.2879
-85.6056
-73.7159
-68.1674
-62.6189
-64.2042
-78.4718
-100.666
-126.03
-152.98
-180.723
-205.295
-227.489
-249.683
-261.573
-263.158
-259.195
-248.89
-236.208
-215.599
-187.857
-161.699
-145.847
-134.75
-128.408
-128.408
-133.164
-139.505
-152.188
-168.041
-183.101
-195.783
-205.295
-211.636
-212.429
-207.673
-193.405
-173.589
-147.432
-114.933
-76.0938
-40.4249
-4.75587
30.9131
57.0704
76.0938
84.0203
81.6424
70.5453
48.3513
26.9499
5.54851
-15.0602
-30.9131
-37.2543
-30.9131
-15.8529
6.34115
41.2175
77.6791
112.555
143.469
170.419
188.649
194.198
184.686
164.077
137.92
104.629
74.5086
46.766
23.7793
5.54851
-3.96322
-2.37793
6.34115
20.6088
42.0101
72.9233
104.629
133.957
158.529
176.76
183.893
180.723
175.967
166.455
152.98
137.127
124.445
112.555
97.4952
83.2276
71.338
60.241
46.766
33.2911
22.194
7.92644
-9.51173
-26.9499
-48.3513
-70.5453
-94.3247
-112.555
-128.408
-138.713
-138.713
-130.786
-111.763
-88.7762
-61.0336
-30.9131
-3.96322
23.7793
44.3881
59.4483
69.7527
72.1306
69.7527
66.5821
64.2042
57.0704
46.766
38.8396
33.2911
32.4984
30.9131
37.2543
44.3881
51.5219
55.4851
57.863
55.4851
45.1807
31.7058
15.8529
-2.37793
-19.0235
-31.7058
-43.5954
-52.3145
-61.0336
-70.5453
-82.435
-93.532
-103.836
-112.555
-122.86
-133.957
-146.639
-156.944
-158.529
-156.944
-148.224
-136.335
-119.689
-97.4952
-72.9233
-48.3513
-26.9499
-8.71909
1.58529
8.71909
12.6823
8.71909
-1.58529
-22.9867
-45.1807
-75.3012
-107.8
-138.713
-171.211
-194.99
-206.88
-210.843
-206.88
-194.198
-178.345
-153.773
-123.653
-89.5688
-52.3145
-14.2676
20.6088
55.4851
90.3614
116.519
137.127
153.773
161.699
164.87
163.285
160.114
157.736
157.736
158.529
157.736
154.566
149.81
142.676
136.335
129.994
121.275
110.178
95.1173
81.6424
70.5453
59.4483
53.1072
49.9366
50.7292
56.2777
64.2042
70.5453
76.8865
87.1909
98.2879
112.555
126.03
141.091
156.151
172.796
191.027
208.465
221.94
235.415
244.927
244.927
239.379
226.696
205.295
175.174
142.676
103.836
63.4115
22.194
-16.6455
-51.5219
-82.435
-107.8
-122.067
-129.201
-132.372
-132.372
-132.372
-129.201
-121.275
-118.104
-112.555
-111.763
-114.933
-119.689
-126.03
-129.201
-129.201
-126.823
-120.482
-113.348
-106.214
-103.044
-102.251
-102.251
-103.836
-107.8
-110.178
-112.555
-121.275
-132.372
-146.639
-161.699
-172.796
-183.101
-191.027
-194.99
-198.954
-198.954
-201.332
-205.295
-209.258
-213.221
-210.843
-206.088
-204.502
-201.332
-194.99
-191.82
-182.308
-169.626
-155.358
-135.542
-112.555
-88.7762
-64.2042
-42.0101
-13.475
19.8161
51.5219
80.0571
107.007
131.579
157.736
182.308
203.71
221.94
236.208
249.683
258.402
259.987
256.024
246.512
233.037
221.148
202.124
181.516
162.492
141.091
127.616
113.348
101.458
95.91
87.9835
84.0203
80.8497
76.8865
76.0938
72.1306
68.9601
65.7895
61.0336
61.0336
63.4115
64.9968
68.9601
72.1306
79.2644
88.7762
105.422
122.067
138.713
155.358
173.589
191.027
203.71
210.843
210.843
199.746
185.479
162.492
131.579
94.3247
56.2777
16.6455
-23.7793
-63.4115
-99.0805
-126.823
-148.224
-158.529
-162.492
-162.492
-152.98
-141.091
-126.03
-109.385
-100.666
-87.9835
-78.4718
-72.1306
-68.9601
-77.6791
-86.3982
-94.3247
-105.422
-115.726
-131.579
-146.639
-156.151
-161.699
-160.114
-156.944
-152.98
-144.261
-131.579
-115.726
-105.422
-96.7026
-91.1541
-88.7762
-87.1909
-91.9467
-99.0805
-104.629
-114.933
-121.275
-129.994
-139.505
-141.883
-140.298
-133.957
-123.653
-110.178
-87.1909
-61.0336
-34.8763
-8.71909
16.6455
42.0101
64.9968
83.2276
99.8732
107.8
110.178
110.97
108.592
99.8732
90.3614
79.2644
68.9601
54.6925
36.4616
17.4382
3.96322
-7.1338
-18.2308
-25.3646
-28.5352
-31.7058
-33.2911
-33.2911
-29.3278
-26.9499
-25.3646
-22.194
-20.6088
-15.0602
-7.92644
1.58529
16.6455
30.1205
48.3513
68.9601
87.9835
108.592
131.579
152.188
172.796
189.442
202.917
214.807
225.904
231.452
234.623
234.623
225.111
209.258
191.027
168.833
145.054
118.104
91.9467
68.9601
43.5954
17.4382
-3.96322
-26.9499
-47.5587
-68.1674
-85.6056
-103.836
-118.897
-129.201
-137.127
-141.883
-141.883
-140.298
-135.542
-126.03
-118.104
-109.385
-100.666
-90.3614
-79.2644
-64.2042
-45.9734
-25.3646
-5.54851
10.3044
26.1573
36.4616
45.1807
53.8998
61.0336
59.4483
52.3145
43.5954
34.0837
24.572
15.0602
5.54851
-7.92644
-25.3646
-41.2175
-52.3145
-62.6189
-72.1306
-79.2644
-83.2276
-85.6056
-87.9835
-91.9467
-93.532
-95.91
-98.2879
-97.4952
-95.91
-95.91
-95.1173
-88.7762
-80.8497
-69.7527
-56.2777
-39.6322
-16.6455
3.96322
23.7793
42.0101
57.863
71.338
83.2276
94.3247
103.044
110.178
114.141
117.311
115.726
110.97
105.422
102.251
99.8732
97.4952
94.3247
91.9467
85.6056
76.8865
64.2042
50.7292
34.8763
18.2308
0
-21.4014
-45.1807
-69.7527
-88.7762
-105.422
-119.689
-128.408
-133.957
-137.92
-138.713
-138.713
-136.335
-133.164
-129.994
-125.238
-118.897
-109.385
-97.4952
-86.3982
-77.6791
-68.1674
-59.4483
-49.9366
-37.2543
-22.194
-7.1338
5.54851
16.6455
30.9131
45.9734
60.241
73.7159
84.0203
91.9467
96.7026
99.0805
101.458
102.251
104.629
103.836
103.836
107.8
107.007
106.214
105.422
105.422
106.214
108.592
112.555
118.104
118.897
115.726
110.97
107.007
103.836
96.7026
89.5688
79.2644
67.3748
55.4851
45.9734
39.6322
32.4984
26.9499
25.3646
26.1573
30.1205
31.7058
31.7058
30.9131
30.9131
28.5352
25.3646
22.9867
20.6088
11.8897
1.58529
-8.71909
-16.6455
-22.194
-25.3646
-25.3646
-22.194
-16.6455
-11.8897
-7.1338
0
3.96322
3.96322
4.75587
7.1338
3.96322
-5.54851
-19.8161
-35.669
-49.1439
-60.241
-68.9601
-76.0938
-84.8129
-94.3247
-103.044
-108.592
-112.555
-119.689
-128.408
-137.92
-148.224
-156.944
-166.455
-173.589
-184.686
-195.783
-206.088
-210.843
-212.429
-213.221
-215.599
-217.977
-219.562
-217.977
-218.77
-215.599
-210.843
-206.88
-202.917
-197.368
-188.649
-179.93
-174.382
-167.248
-158.529
-146.639
-133.164
-122.86
-111.763
-101.458
-93.532
-80.0571
-61.8263
-44.3881
-23.7793
-7.1338
10.3044
31.7058
51.5219
72.9233
91.1541
108.592
126.03
144.261
165.663
188.649
207.673
224.318
240.171
257.609
274.255
289.315
303.583
317.058
328.155
337.666
346.386
357.483
361.446
363.824
363.031
360.653
359.068
353.519
347.178
337.666
325.777
313.887
298.827
282.974
262.365
237.001
211.636
185.479
160.907
140.298
121.275
103.044
88.7762
75.3012
64.2042
56.2777
46.766
35.669
24.572
15.0602
3.96322
-7.92644
-19.8161
-31.7058
-43.5954
-56.2777
-66.5821
-75.3012
-82.435
-87.1909
-91.9467
-95.1173
-95.1173
-99.8732
-103.044
-107.007
-117.311
-127.616
-140.298
-153.773
-168.041
-185.479
-202.124
-219.562
-236.208
-253.646
-267.914
-281.389
-291.693
-301.205
-306.753
-308.339
-305.961
-300.412
-290.9
-283.767
-275.048
-264.743
-253.646
-244.134
-233.83
-225.904
-220.355
-215.599
-211.636
-206.88
-202.917
-201.332
-198.954
-194.99
-188.649
-179.93
-169.626
-156.944
-143.469
-126.823
-109.385
-91.9467
-74.5086
-59.4483
-45.1807
-27.7425
-12.6823
0
14.2676
25.3646
34.8763
42.8028
48.3513
53.8998
60.241
66.5821
77.6791
89.5688
103.836
124.445
143.469
160.907
178.345
191.82
202.917
211.636
215.599
214.807
211.636
203.71
195.783
184.686
174.382
164.077
156.151
152.98
153.773
161.699
172.796
181.516
191.82
200.539
206.088
211.636
215.599
220.355
224.318
225.904
229.074
230.659
229.867
229.074
229.867
232.245
237.001
240.171
241.756
239.379
234.623
225.904
216.392
206.088
195.783
186.271
178.345
169.626
158.529
147.432
137.127
122.86
109.385
95.91
80.8497
62.6189
42.8028
18.2308
-5.54851
-32.4984
-57.863
-80.0571
-102.251
-122.067
-139.505
-156.151
-168.833
-179.93
-189.442
-197.368
-206.088
-214.807
-221.94
-230.659
-242.549
-253.646
-266.328
-275.048
-282.974
-290.108
-294.071
-298.034
-300.412
-298.827
-297.242
-296.449
-293.278
-290.9
-284.559
-279.011
-275.84
-271.877
-269.499
-267.121
-265.536
-263.158
-259.987
-253.646
-247.305
-237.001
-225.111
-212.429
-198.954
-183.893
-170.419
-157.736
-143.469
-129.994
-115.726
-101.458
-91.1541
-80.8497
-71.338
-61.8263
-49.9366
-38.8396
-24.572
-7.1338
13.475
36.4616
57.0704
76.8865
95.91
115.726
133.164
150.602
161.699
168.833
172.796
174.382
175.174
172.796
173.589
172.796
175.967
179.138
183.101
188.649
196.576
207.673
217.977
231.452
241.756
254.439
261.573
261.573
263.158
260.78
253.646
250.476
244.134
235.415
228.282
219.562
214.014
213.221
210.051
210.051
211.636
214.014
217.185
221.94
222.733
221.148
218.77
214.807
207.673
197.368
183.101
166.455
149.017
129.994
110.97
92.7394
74.5086
56.2777
41.2175
29.3278
19.8161
13.475
2.37793
-3.96322
-10.3044
-19.0235
-23.7793
-31.7058
-42.0101
-50.7292
-62.6189
-74.5086
-86.3982
-100.666
-117.311
-130.786
-144.261
-155.358
-162.492
-169.626
-175.967
-179.93
-183.893
-183.893
-183.101
-187.064
-187.064
-189.442
-192.613
-191.027
-192.613
-197.368
-202.124
-208.465
-216.392
-221.94
-229.074
-237.001
-240.964
-244.927
-245.72
-244.134
-243.342
-243.342
-243.342
-240.964
-236.208
-227.489
-218.77
-209.258
-197.368
-187.064
-175.174
-164.077
-155.358
-147.432
-135.542
-124.445
-111.763
-95.1173
-80.8497
-66.5821
-51.5219
-37.2543
-20.6088
-4.75587
7.92644
22.194
35.669
50.7292
64.9968
77.6791
87.9835
99.0805
107.007
114.141
122.067
126.03
128.408
132.372
137.127
144.261
150.602
154.566
160.114
162.492
163.285
163.285
162.492
160.114
155.358
151.395
149.81
148.224
146.639
146.639
148.224
148.224
149.81
150.602
149.81
146.639
142.676
138.713
133.164
124.445
118.104
110.97
103.044
95.91
92.7394
88.7762
81.6424
76.0938
71.338
67.3748
65.7895
65.7895
62.6189
57.863
52.3145
47.5587
43.5954
41.2175
39.6322
37.2543
34.0837
34.8763
35.669
38.0469
42.8028
42.0101
38.8396
35.669
34.0837
30.9131
28.5352
25.3646
22.9867
19.8161
19.0235
19.8161
17.4382
15.8529
15.8529
15.0602
12.6823
10.3044
4.75587
-1.58529
-7.92644
-14.2676
-19.0235
-24.572
-31.7058
-38.8396
-45.9734
-50.7292
-54.6925
-58.6557
-64.2042
-70.5453
-77.6791
-84.0203
-88.7762
-91.9467
-95.1173
-99.0805
-102.251
-106.214
-109.385
-110.178
-113.348
-117.311
-118.897
-121.275
-120.482
-120.482
-124.445
-124.445
-126.823
-127.616
-128.408
-127.616
-126.03
-126.823
-126.823
-125.238
-121.275
-118.897
-117.311
-118.104
-119.689
-118.897
-117.311
-115.726
-111.763
-108.592
-107.007
-105.422
-104.629
-102.251
-100.666
-101.458
-99.8732
-95.91
-91.1541
-86.3982
-81.6424
-78.4718
-72.1306
-64.2042
-55.4851
-48.3513
-41.2175
-33.2911
-20.6088
-9.51173
3.17058
15.0602
22.194
30.9131
40.4249
50.7292
61.0336
69.7527
78.4718
86.3982
94.3247
103.836
110.97
114.141
117.311
122.067
127.616
134.75
141.883
148.224
156.944
161.699
166.455
169.626
171.211
174.382
175.967
179.138
181.516
179.93
177.552
172.004
170.419
168.833
165.663
160.114
159.321
156.944
151.395
149.017
145.847
144.261
139.505
130.786
124.445
116.519
111.763
109.385
103.044
98.2879
92.7394
86.3982
78.4718
70.5453
63.4115
57.863
53.8998
49.1439
47.5587
42.8028
38.0469
35.669
34.0837
38.0469
42.0101
43.5954
45.1807
42.8028
44.3881
45.1807
45.9734
45.1807
42.8028
36.4616
27.7425
17.4382
9.51173
2.37793
-3.96322
-12.6823
-25.3646
-36.4616
-49.1439
-61.8263
-74.5086
-85.6056
-99.8732
-113.348
-129.994
-149.017
-167.248
-185.479
-206.088
-226.696
-244.927
-256.817
-270.292
-282.181
-289.315
-296.449
-301.997
-305.168
-305.961
-306.753
-309.924
-310.717
-309.131
-305.961
-299.62
-291.693
-282.974
-274.255
-262.365
-252.061
-243.342
-233.83
-217.977
-202.917
-188.649
-173.589
-158.529
-142.676
-126.03
-112.555
-96.7026
-82.435
-68.9601
-54.6925
-41.2175
-27.7425
-11.8897
3.17058
15.8529
30.1205
43.5954
58.6557
70.5453
80.8497
95.1173
106.214
120.482
137.127
150.602
160.907
172.004
179.138
186.271
194.198
198.954
202.917
206.088
210.843
219.562
228.282
237.001
244.927
253.646
261.573
266.328
271.877
279.803
282.181
284.559
286.937
285.352
283.767
278.218
269.499
259.987
248.098
238.586
231.452
218.77
208.465
200.539
186.271
177.552
168.833
159.321
152.98
147.432
142.676
139.505
133.957
130.786
126.823
120.482
114.933
101.458
82.435
64.9968
47.5587
30.9131
12.6823
-6.34115
-19.0235
-34.0837
-53.1072
-64.9968
-76.8865
-86.3982
-89.5688
-95.1173
-99.0805
-104.629
-107.8
-110.178
-119.689
-126.823
-133.957
-142.676
-155.358
-164.077
-177.552
-193.405
-204.502
-212.429
-221.148
-229.867
-236.208
-240.171
-244.927
-245.72
-241.756
-240.964
-240.964
-238.586
-238.586
-240.171
-237.793
-233.83
-229.074
-224.318
-218.77
-212.429
-209.258
-202.917
-193.405
-186.271
-176.76
-168.833
-159.321
-147.432
-138.713
-125.238
-110.97
-100.666
-86.3982
-74.5086
-64.2042
-57.0704
-49.9366
-46.766
-42.0101
-34.8763
-28.5352
-22.194
-16.6455
-9.51173
0
9.51173
21.4014
33.2911
44.3881
56.2777
68.9601
84.0203
98.2879
114.933
129.201
138.713
146.639
151.395
149.81
148.224
148.224
149.017
149.017
149.81
148.224
145.054
145.054
145.054
144.261
143.469
142.676
144.261
145.847
150.602
157.736
164.077
168.833
174.382
177.552
176.76
169.626
162.492
152.98
145.847
140.298
135.542
128.408
118.897
108.592
97.4952
88.7762
83.2276
75.3012
67.3748
62.6189
57.863
58.6557
58.6557
58.6557
60.241
61.0336
63.4115
66.5821
68.1674
67.3748
64.2042
61.0336
57.0704
53.1072
47.5587
39.6322
29.3278
17.4382
9.51173
-0.792644
-9.51173
-18.2308
-30.9131
-41.2175
-53.1072
-64.2042
-70.5453
-78.4718
-82.435
-87.1909
-88.7762
-88.7762
-87.9835
-89.5688
-93.532
-95.91
-95.91
-96.7026
-97.4952
-100.666
-106.214
-110.178
-114.141
-117.311
-120.482
-125.238
-129.201
-132.372
-133.957
-133.164
-132.372
-129.201
-125.238
-120.482
-116.519
-115.726
-114.933
-115.726
-114.933
-113.348
-110.97
-104.629
-98.2879
-93.532
-88.7762
-84.0203
-79.2644
-72.9233
-68.1674
-66.5821
-65.7895
-66.5821
-65.7895
-63.4115
-61.0336
-55.4851
-51.5219
-45.9734
-42.0101
-38.8396
-34.8763
-30.9131
-26.9499
-24.572
-23.7793
-24.572
-24.572
-25.3646
-26.1573
-26.1573
-22.9867
-15.8529
-6.34115
3.17058
10.3044
16.6455
26.1573
37.2543
48.3513
54.6925
58.6557
59.4483
59.4483
61.0336
63.4115
65.7895
71.338
78.4718
84.8129
92.7394
98.2879
103.836
108.592
110.97
114.933
118.104
119.689
118.897
116.519
114.141
114.141
117.311
120.482
123.653
126.03
126.823
123.653
118.897
114.933
108.592
102.251
94.3247
85.6056
76.8865
66.5821
60.241
57.0704
56.2777
54.6925
54.6925
52.3145
51.5219
49.9366
45.9734
44.3881
41.2175
38.0469
35.669
32.4984
29.3278
27.7425
27.7425
32.4984
38.8396
43.5954
47.5587
49.1439
49.9366
49.9366
49.1439
45.9734
44.3881
42.0101
39.6322
37.2543
34.0837
30.1205
22.194
16.6455
11.8897
5.54851
-1.58529
-13.475
-26.9499
-39.6322
-53.8998
-68.1674
-78.4718
-91.1541
-99.8732
-109.385
-119.689
-129.201
-138.713
-149.017
-155.358
-162.492
-172.004
-176.76
-183.893
-187.064
-191.027
-194.99
-193.405
-189.442
-184.686
-175.967
-164.87
-156.944
-147.432
-142.676
-135.542
-126.823
-121.275
-111.763
-101.458
-92.7394
-84.0203
-74.5086
-64.9968
-53.8998
-48.3513
-42.0101
-37.2543
-34.0837
-29.3278
-26.9499
-24.572
-19.8161
-18.2308
-15.0602
-11.097
-9.51173
-4.75587
-0.792644
3.17058
10.3044
15.0602
19.8161
26.1573
31.7058
38.0469
45.9734
51.5219
59.4483
68.9601
77.6791
88.7762
99.0805
110.178
122.067
129.994
137.92
143.469
149.81
152.98
153.773
152.98
152.188
148.224
145.054
145.054
139.505
134.75
129.994
122.86
115.726
107.007
99.0805
91.1541
80.8497
72.9233
65.7895
58.6557
53.8998
49.1439
45.1807
44.3881
42.0101
41.2175
41.2175
41.2175
40.4249
39.6322
38.8396
39.6322
42.0101
44.3881
49.1439
53.1072
55.4851
57.863
61.8263
61.8263
58.6557
55.4851
49.9366
41.2175
36.4616
29.3278
20.6088
12.6823
4.75587
-3.17058
-10.3044
-15.0602
-20.6088
-26.9499
-32.4984
-37.2543
-43.5954
-50.7292
-57.0704
-62.6189
-68.9601
-74.5086
-83.2276
-91.9467
-97.4952
-103.044
-107.8
-111.763
-114.933
-115.726
-118.104
-121.275
-120.482
-122.067
-122.067
-118.897
-117.311
-114.141
-111.763
-109.385
-110.178
-109.385
-107.007
-105.422
-104.629
-103.836
-104.629
-103.836
-101.458
-97.4952
-95.1173
-92.7394
-91.9467
-89.5688
-85.6056
-82.435
-78.4718
-74.5086
-70.5453
-68.9601
-67.3748
-66.5821
-62.6189
-55.4851
-45.1807
-34.0837
-21.4014
-8.71909
1.58529
11.097
22.194
32.4984
43.5954
53.8998
62.6189
69.7527
73.7159
78.4718
78.4718
78.4718
79.2644
81.6424
84.8129
87.9835
92.7394
97.4952
99.8732
102.251
106.214
109.385
113.348
118.104
122.067
126.03
126.823
123.653
120.482
118.104
116.519
115.726
114.933
114.933
113.348
107.007
103.044
97.4952
90.3614
85.6056
80.8497
77.6791
72.9233
64.2042
56.2777
47.5587
40.4249
37.2543
33.2911
31.7058
30.1205
27.7425
23.7793
16.6455
9.51173
7.1338
6.34115
3.96322
1.58529
-0.792644
-6.34115
-11.8897
-19.8161
-27.7425
-32.4984
-38.8396
-42.8028
-45.9734
-49.9366
-52.3145
-56.2777
-59.4483
-60.241
-60.241
-60.241
-60.241
-58.6557
-58.6557
-60.241
-63.4115
-65.7895
-65.7895
-64.9968
-61.8263
-63.4115
-66.5821
-68.1674
-72.1306
-76.8865
-81.6424
-83.2276
-81.6424
-80.8497
-82.435
-81.6424
-81.6424
-80.8497
-79.2644
-77.6791
-73.7159
-68.1674
-64.9968
-61.0336
-57.863
-53.1072
-46.766
-41.2175
-36.4616
-31.7058
-24.572
-19.8161
-15.8529
-12.6823
-9.51173
-4.75587
-1.58529
2.37793
7.1338
11.8897
18.2308
19.8161
19.8161
19.8161
18.2308
17.4382
19.8161
24.572
30.1205
32.4984
32.4984
31.7058
30.1205
30.1205
33.2911
35.669
39.6322
40.4249
41.2175
40.4249
38.8396
39.6322
43.5954
45.9734
49.1439
51.5219
49.9366
48.3513
45.1807
42.8028
42.8028
42.0101
42.0101
42.8028
42.0101
41.2175
39.6322
35.669
34.0837
30.9131
28.5352
26.9499
22.194
19.8161
18.2308
17.4382
20.6088
22.9867
22.9867
22.9867
20.6088
15.0602
12.6823
10.3044
10.3044
11.097
9.51173
8.71909
6.34115
3.96322
1.58529
-1.58529
-4.75587
-5.54851
-4.75587
-5.54851
-4.75587
-4.75587
-4.75587
-3.17058
-4.75587
-8.71909
-14.2676
-19.0235
-21.4014
-23.7793
-28.5352
-30.9131
-31.7058
-32.4984
-31.7058
-33.2911
-34.0837
-34.8763
-35.669
-33.2911
-34.0837
-34.0837
-33.2911
-34.0837
-36.4616
-36.4616
-34.0837
-31.7058
-30.1205
-29.3278
-29.3278
-26.9499
-24.572
-24.572
-24.572
-23.7793
-22.194
-17.4382
-11.8897
-7.92644
-1.58529
2.37793
2.37793
3.17058
2.37793
3.17058
7.1338
11.097
13.475
14.2676
15.8529
19.0235
22.9867
22.194
20.6088
16.6455
13.475
13.475
13.475
14.2676
15.0602
15.8529
17.4382
20.6088
22.9867
25.3646
25.3646
21.4014
17.4382
15.8529
14.2676
12.6823
12.6823
7.92644
3.96322
0.792644
-2.37793
-1.58529
-3.17058
-6.34115
-8.71909
-11.8897
-10.3044
-10.3044
-8.71909
-7.1338
-6.34115
-5.54851
-7.1338
-7.1338
-7.1338
-5.54851
-4.75587
-3.96322
-4.75587
-7.1338
-8.71909
-8.71909
-8.71909
-9.51173
-7.92644
-7.1338
-3.96322
-0.792644
2.37793
3.96322
4.75587
3.17058
1.58529
0
1.58529
1.58529
2.37793
3.96322
5.54851
5.54851
3.17058
3.17058
3.17058
3.96322
4.75587
7.92644
7.1338
7.92644
10.3044
11.097
11.8897
11.8897
11.097
10.3044
10.3044
11.8897
10.3044
5.54851
0.792644
-3.17058
-5.54851
-3.96322
-4.75587
-5.54851
-5.54851
-3.96322
-3.96322
-5.54851
-6.34115
-7.92644
-6.34115
-4.75587
-2.37793
-1.58529
-0.792644
0.792644
3.96322
4.75587
3.96322
2.37793
0
-2.37793
-1.58529
0
0
1.58529
3.96322
3.17058
0
-3.17058
-4.75587
-4.75587
-1.58529
1.58529
2.37793
1.58529
3.17058
2.37793
1.58529
-0.792644
-3.17058
-6.34115
-5.54851
-3.96322
-3.96322
-4.75587
-4.75587
-6.34115
-5.54851
-2.37793
1.58529
6.34115
8.71909
8.71909
7.1338
4.75587
1.58529
-1.58529
-4.75587
-7.92644
-11.097
-11.8897
-11.8897
-11.8897
-8.71909
-7.92644
-7.92644
-7.1338
-7.92644
-7.1338
-6.34115
-4.75587
-3.17058
0
3.17058
3.17058
2.37793
0.792644
1.58529
2.37793
3.96322
4.75587
6.34115
3.96322
-1.58529
-3.96322
-7.92644
-9.51173
-10.3044
-7.92644
-2.37793
2.37793
8.71909
14.2676
16.6455
18.2308
17.4382
19.0235
17.4382
15.0602
14.2676
12.6823
9.51173
7.1338
7.92644
7.1338
7.1338
7.1338
7.92644
9.51173
9.51173
11.8897
12.6823
12.6823
13.475
12.6823
11.097
10.3044
11.097
11.8897
13.475
14.2676
14.2676
14.2676
11.8897
9.51173
5.54851
0
-2.37793
-4.75587
-7.1338
-6.34115
-4.75587
-1.58529
2.37793
6.34115
10.3044
11.8897
9.51173
7.1338
1.58529
-4.75587
-9.51173
-15.8529
-19.8161
-21.4014
-21.4014
-19.8161
-15.8529
-12.6823
-5.54851
-1.58529
2.37793
7.1338
9.51173
11.097
11.097
10.3044
7.92644
3.17058
-2.37793
-8.71909
-13.475
-16.6455
-18.2308
-22.194
-23.7793
-22.9867
-22.9867
-20.6088
-19.8161
-18.2308
-15.0602
-11.8897
-9.51173
-6.34115
-6.34115
-6.34115
-5.54851
-7.92644
-9.51173
-11.097
-13.475
-13.475
-16.6455
-18.2308
-20.6088
-25.3646
-25.3646
-22.9867
-18.2308
-17.4382
-15.8529
-13.475
-11.097
-8.71909
-7.1338
-4.75587
-3.17058
0
0.792644
0
-0.792644
-3.17058
-5.54851
-5.54851
-5.54851
-7.1338
-10.3044
-11.8897
-13.475
-9.51173
-4.75587
1.58529
6.34115
9.51173
13.475
17.4382
19.0235
21.4014
22.9867
24.572
25.3646
25.3646
21.4014
15.8529
10.3044
7.92644
4.75587
2.37793
3.17058
4.75587
7.92644
11.097
14.2676
19.0235
21.4014
27.7425
33.2911
34.0837
34.8763
34.8763
31.7058
29.3278
26.9499
22.194
16.6455
11.8897
7.1338
3.96322
2.37793
2.37793
3.96322
5.54851
9.51173
11.8897
14.2676
15.0602
15.8529
20.6088
24.572
26.9499
26.9499
22.9867
18.2308
13.475
10.3044
6.34115
0.792644
-0.792644
-4.75587
-8.71909
-14.2676
-19.8161
-22.194
-28.5352
-31.7058
-34.0837
-35.669
-37.2543
-40.4249
-42.0101
-43.5954
-45.1807
-45.1807
-45.1807
-44.3881
-43.5954
-43.5954
-43.5954
-45.1807
-49.1439
-47.5587
-45.1807
-42.8028
-36.4616
-30.1205
-25.3646
-16.6455
-11.8897
-10.3044
-7.1338
-2.37793
3.17058
6.34115
9.51173
11.8897
15.8529
19.0235
22.194
26.1573
27.7425
30.1205
31.7058
33.2911
34.0837
34.8763
34.8763
34.8763
32.4984
30.9131
28.5352
22.9867
19.8161
18.2308
15.8529
15.0602
13.475
11.8897
9.51173
8.71909
11.097
11.8897
11.097
13.475
13.475
11.8897
13.475
10.3044
8.71909
7.1338
3.96322
4.75587
3.96322
0
0
0.792644
3.17058
3.96322
6.34115
5.54851
2.37793
-0.792644
-4.75587
-9.51173
-15.0602
-17.4382
-16.6455
-17.4382
-16.6455
-17.4382
-17.4382
-20.6088
-21.4014
-20.6088
-22.9867
-22.9867
-19.0235
-19.0235
-16.6455
-15.0602
-19.0235
-18.2308
-15.8529
-16.6455
-12.6823
-11.097
-8.71909
-3.96322
0.792644
5.54851
11.097
13.475
14.2676
13.475
11.097
11.097
11.8897
12.6823
14.2676
15.8529
19.8161
22.194
23.7793
22.9867
21.4014
19.8161
17.4382
15.0602
8.71909
6.34115
7.1338
4.75587
3.17058
0
0.792644
0.792644
-2.37793
-1.58529
-2.37793
-4.75587
-3.96322
-3.96322
-3.96322
-4.75587
-6.34115
-6.34115
-7.1338
-7.1338
-4.75587
-1.58529
-0.792644
-2.37793
-5.54851
-9.51173
-8.71909
-7.1338
-4.75587
-2.37793
-3.17058
-1.58529
-0.792644
1.58529
2.37793
0
-2.37793
-6.34115
-9.51173
-11.097
-11.097
-11.097
-10.3044
-11.8897
-10.3044
-7.1338
-3.96322
-3.17058
-4.75587
-3.96322
-3.17058
0.792644
3.96322
5.54851
6.34115
6.34115
7.1338
3.96322
-0.792644
-3.96322
-5.54851
-5.54851
-3.96322
0
1.58529
2.37793
0.792644
2.37793
3.17058
