SAMPLES: 8715
BITSPERSAMPLE:	16
CHANNELS:	1
SAMPLERATE:	16000
NORMALIZED:	FALSE
88.5368
139.795
166.589
147.367
104.846
86.2069
98.439
138.63
188.141
214.935
216.1
195.713
168.919
167.754
200.955
290.075
413.56
480.545
426.375
283.085
242.311
378.611
559.18
638.397
608.108
556.267
470.643
350.07
330.848
510.252
728.681
715.284
444.432
202.703
202.703
331.431
415.308
410.648
353.565
237.069
37.2787
-97.8565
-45.4334
114.166
188.723
83.2945
-82.712
-163.677
-161.347
-140.377
-120.573
-89.7018
-68.7325
-106.011
-185.228
-237.651
-234.739
-198.043
-164.259
-135.718
-108.341
-126.398
-205.615
-280.172
-285.997
-212.605
-133.388
-116.496
-166.007
-260.368
-341.915
-352.4
-288.91
-209.692
-189.888
-253.961
-355.895
-421.132
-408.318
-343.08
-288.327
-288.91
-343.663
-408.9
-435.694
-421.715
-373.369
-311.626
-273.183
-290.657
-341.915
-358.807
-320.363
-256.873
-203.868
-170.666
-154.939
-160.182
-180.568
-175.326
-115.913
-37.8611
5.82479
6.98975
-9.90214
-27.3765
-25.0466
7.57223
65.2377
118.243
133.97
109.506
75.7223
64.0727
76.3048
105.429
140.96
176.491
178.821
143.872
112.418
115.913
164.842
237.069
340.168
423.462
401.328
267.94
175.326
278.425
488.7
611.021
590.051
528.308
466.566
370.457
319.199
447.344
692.568
764.212
545.2
265.61
203.285
337.255
451.421
465.401
419.385
312.791
117.661
-59.4129
-53.5881
111.836
223.672
149.115
-25.0466
-147.367
-174.744
-166.589
-138.63
-78.0522
-39.0261
-85.6244
-195.13
-273.183
-262.698
-196.878
-140.377
-113.001
-106.011
-132.805
-198.625
-258.621
-251.048
-172.996
-91.4492
-76.3048
-135.718
-220.76
-274.93
-270.27
-213.77
-156.687
-147.367
-201.538
-290.657
-349.487
-339.585
-285.997
-248.719
-263.281
-315.121
-363.467
-382.106
-374.534
-337.255
-287.162
-261.533
-279.59
-319.199
-326.771
-282.502
-230.662
-200.373
-185.811
-175.326
-169.501
-171.831
-161.929
-118.826
-57.0829
-22.7167
-18.6393
-29.124
-33.2013
-15.1445
14.562
55.918
87.9543
95.5266
84.4595
69.8975
66.4026
71.0624
93.7791
124.651
142.707
137.465
114.166
103.099
117.661
146.785
175.326
242.311
339.585
375.116
292.987
175.909
212.022
393.756
529.473
523.066
467.731
439.772
383.271
301.142
343.663
562.092
722.274
597.623
308.131
167.754
267.94
410.065
450.839
414.143
333.178
171.249
-30.2889
-96.109
42.521
203.285
178.239
-11.0671
-186.393
-241.729
-213.187
-165.424
-107.759
-68.7325
-113.001
-235.904
-335.508
-323.276
-226.002
-140.377
-121.738
-143.29
-179.404
-226.002
-265.61
-251.048
-171.249
-88.5368
-71.0624
-126.398
-203.868
-252.796
-243.476
-183.481
-117.078
-97.8565
-146.202
-223.089
-285.997
-291.822
-240.564
-182.898
-167.754
-227.167
-312.791
-357.642
-338.42
-284.25
-234.157
-216.1
-239.399
-283.667
-313.374
-287.162
-221.925
-161.347
-138.63
-152.61
-172.414
-178.239
-149.697
-96.6915
-44.2684
-9.90214
-7.57223
-18.0568
-19.2218
3.49487
43.1034
78.0522
88.5368
84.4595
89.7018
95.5266
95.5266
92.0317
104.264
132.805
154.357
148.532
126.398
122.321
138.048
161.929
170.666
203.868
291.822
354.147
298.229
172.996
184.063
359.972
500.932
482.875
410.648
410.648
410.648
325.023
301.724
481.128
679.171
608.691
322.693
169.501
277.842
418.802
426.375
371.039
330.266
226.002
23.8816
-87.3719
18.6393
191.053
191.636
4.65983
-185.228
-247.554
-219.595
-174.744
-127.563
-93.7791
-132.223
-264.445
-383.271
-378.611
-262.698
-156.104
-146.785
-199.79
-253.378
-289.492
-304.637
-270.853
-184.063
-109.506
-119.408
-203.285
-272.6
-270.853
-221.342
-166.589
-131.058
-133.388
-185.228
-262.698
-305.801
-274.93
-192.801
-145.62
-181.151
-260.368
-318.616
-319.781
-276.678
-223.672
-191.636
-197.46
-242.311
-288.327
-286.58
-230.079
-160.764
-130.475
-142.707
-166.589
-160.182
-129.31
-89.7018
-47.7633
-16.8919
-5.24231
-6.98975
2.9124
36.1137
74.5573
95.5266
94.9441
90.8667
97.8565
119.991
153.192
171.249
161.929
138.048
133.97
159.599
183.481
189.306
184.063
185.228
185.811
181.151
188.723
266.775
361.719
358.225
242.311
168.919
277.842
439.189
478.215
415.89
404.24
434.529
372.787
284.25
371.039
583.062
631.99
428.705
221.925
238.234
365.214
403.658
365.214
332.596
266.193
103.681
-42.521
-18.0568
121.156
175.326
58.2479
-130.475
-248.136
-259.786
-218.43
-167.171
-140.96
-168.336
-265.028
-384.436
-429.87
-353.565
-238.816
-198.043
-245.224
-312.791
-350.652
-358.807
-330.266
-248.719
-163.094
-155.522
-230.079
-301.142
-302.307
-255.126
-193.383
-142.125
-130.475
-183.481
-272.6
-314.539
-272.018
-191.636
-153.774
-188.723
-262.116
-326.771
-340.75
-299.394
-232.992
-193.383
-216.1
-274.348
-311.044
-298.812
-246.389
-184.063
-149.115
-157.269
-188.141
-198.043
-165.424
-106.594
-52.4231
-26.794
-29.7064
-41.356
-24.4641
20.9692
69.315
100.769
107.176
97.274
87.9543
97.8565
140.96
190.471
201.538
174.161
152.61
169.501
201.538
223.089
233.574
247.554
251.048
236.486
219.595
251.048
361.137
442.102
394.921
268.523
255.708
410.648
538.793
511.417
443.849
471.808
496.272
401.911
337.838
493.942
698.975
636.65
361.719
223.672
332.596
453.751
431.034
368.709
335.508
233.574
50.6757
-36.1137
66.4026
191.053
139.795
-57.6654
-218.43
-249.884
-213.77
-183.481
-170.084
-174.161
-236.486
-362.302
-464.236
-435.112
-306.384
-227.167
-278.425
-371.039
-407.153
-393.756
-378.611
-347.158
-267.94
-210.857
-256.291
-361.137
-393.756
-319.199
-232.992
-204.45
-210.857
-225.419
-271.435
-328.518
-326.188
-238.234
-152.61
-171.831
-270.27
-343.08
-333.178
-279.007
-234.157
-213.187
-222.507
-265.028
-313.956
-323.276
-266.193
-182.898
-148.532
-178.239
-223.672
-227.167
-186.393
-128.728
-73.3924
-44.2684
-46.5983
-68.15
-57.6654
1.74744
75.7223
116.496
115.913
103.681
96.109
111.253
163.677
229.497
250.466
216.682
177.074
182.898
221.925
260.368
281.92
288.327
283.085
254.543
230.079
260.951
377.446
477.633
442.684
304.054
249.884
383.271
534.133
538.211
470.061
488.117
523.649
431.617
345.993
479.963
707.712
701.305
439.772
256.291
325.606
454.916
463.071
412.395
376.864
277.842
90.2842
-27.3765
45.4334
184.063
180.568
12.2321
-178.821
-265.61
-250.466
-204.45
-173.579
-177.074
-237.651
-368.709
-495.107
-492.777
-363.467
-254.543
-273.765
-365.797
-431.617
-446.761
-434.529
-376.864
-272.6
-209.11
-266.775
-383.271
-418.802
-344.828
-249.301
-197.46
-189.888
-217.265
-283.667
-347.74
-329.683
-221.342
-128.145
-152.61
-273.183
-367.544
-361.137
-288.327
-226.584
-212.022
-238.816
-293.569
-349.487
-355.312
-286.58
-193.966
-160.764
-213.187
-277.26
-282.502
-231.244
-160.182
-100.769
-75.7223
-100.769
-133.388
-117.078
-46.5983
30.8714
68.15
69.8975
62.9077
64.0727
83.2945
141.542
210.857
226.002
181.733
141.542
167.754
228.332
262.116
259.203
259.786
265.61
252.213
232.409
280.172
412.395
481.128
382.689
235.904
285.415
498.02
584.809
488.117
435.694
533.551
556.267
414.725
388.514
622.088
806.151
648.299
368.709
343.08
520.736
601.118
530.638
471.808
443.267
326.771
156.104
106.594
209.692
292.987
210.275
12.2321
-158.434
-208.527
-163.677
-110.089
-110.089
-168.919
-272.018
-404.823
-479.963
-421.132
-292.987
-242.311
-326.188
-442.684
-492.195
-475.885
-419.967
-334.343
-260.951
-278.425
-386.184
-458.993
-421.715
-320.363
-238.816
-217.265
-242.894
-308.131
-373.952
-373.952
-290.657
-193.383
-177.656
-256.291
-362.884
-417.055
-379.194
-288.91
-226.002
-245.224
-325.606
-402.493
-418.22
-361.137
-273.765
-214.352
-229.497
-304.054
-356.477
-330.266
-238.234
-149.115
-117.661
-145.62
-185.811
-184.646
-119.991
-26.794
27.3765
32.0363
19.2218
16.3094
33.7838
83.877
162.512
222.507
205.033
135.135
116.496
189.888
297.064
334.925
300.559
261.533
251.631
275.513
335.508
458.411
558.597
492.195
309.879
283.085
517.824
714.702
647.134
527.726
587.721
659.366
531.221
441.519
682.083
976.235
872.554
506.757
389.678
602.283
771.202
721.692
630.242
585.391
464.818
273.183
194.548
289.492
382.106
303.472
93.7791
-105.429
-203.285
-196.878
-141.542
-118.826
-173.579
-313.374
-491.03
-592.964
-545.2
-409.483
-339.585
-408.9
-548.695
-658.784
-672.763
-573.742
-429.287
-365.214
-429.287
-537.046
-577.237
-541.123
-457.829
-329.101
-225.419
-256.873
-398.998
-485.788
-410.648
-260.951
-179.986
-196.878
-266.775
-352.982
-417.055
-397.833
-291.24
-189.306
-193.383
-297.647
-403.658
-429.87
-362.884
-260.951
-196.295
-214.935
-292.987
-355.895
-348.322
-269.105
-166.007
-100.769
-117.078
-187.558
-218.43
-143.29
-11.6496
74.5573
72.2274
35.5312
32.0363
69.315
131.64
199.208
242.894
238.816
200.373
170.666
196.295
278.425
352.4
355.895
291.822
227.749
226.584
310.461
467.731
557.432
460.158
262.116
230.079
457.246
655.871
612.768
501.514
542.288
602.283
489.865
419.967
659.949
955.848
883.621
533.551
387.931
562.092
739.166
747.321
694.315
625.582
468.313
275.513
230.662
352.4
438.024
341.333
118.826
-85.0419
-184.646
-181.733
-127.563
-113.001
-192.218
-345.41
-518.406
-627.33
-597.041
-471.808
-403.075
-486.952
-646.552
-756.64
-751.98
-654.124
-534.716
-458.411
-484.04
-590.051
-671.598
-647.134
-520.154
-364.632
-282.502
-334.343
-450.256
-485.788
-400.746
-278.425
-203.285
-183.481
-212.605
-292.404
-366.379
-344.828
-234.739
-160.764
-191.636
-263.281
-309.879
-338.42
-341.333
-285.997
-213.187
-212.022
-293.569
-361.719
-346.575
-279.59
-212.022
-178.821
-191.053
-221.342
-220.177
-165.424
-83.2945
-2.9124
36.1137
15.7269
-6.40727
38.4436
159.017
258.038
259.203
213.77
226.002
296.482
333.178
359.972
415.89
462.488
425.792
339.585
344.245
516.659
700.14
659.949
433.947
316.869
502.679
729.846
721.109
623.253
672.181
756.058
615.68
456.664
654.124
1032.15
1066.52
712.372
491.612
646.552
848.089
862.651
819.548
799.161
698.392
483.458
358.225
454.916
595.294
560.927
339.003
93.7791
-39.6086
-61.7428
-41.356
-54.1705
-113.001
-238.816
-443.849
-630.242
-657.036
-546.365
-495.107
-595.294
-750.233
-856.827
-917.987
-937.209
-857.992
-733.341
-718.197
-848.089
-975.652
-965.168
-846.925
-727.516
-651.212
-631.99
-685.578
-760.135
-731.011
-565.005
-382.689
-339.003
-443.267
-537.046
-506.757
-390.843
-293.569
-259.203
-288.91
-362.884
-411.813
-377.446
-278.425
-213.77
-242.311
-314.539
-359.39
-354.73
-317.451
-258.621
-195.713
-175.326
-234.157
-305.219
-286.58
-161.347
-37.8611
-11.0671
-29.124
-22.7167
-2.32992
23.2992
115.913
272.018
371.622
318.616
219.012
244.641
380.941
506.174
559.18
600.536
611.021
548.113
482.875
563.84
845.76
1026.91
865.564
546.948
510.834
838.77
1043.8
917.987
810.228
948.858
1010.02
744.408
606.361
976.235
1390.96
1245.34
771.785
651.212
929.054
1121.85
1079.92
1027.49
988.467
816.636
596.459
571.994
721.109
781.687
640.144
395.503
188.723
94.3616
78.0522
59.4129
-1.74744
-106.594
-251.048
-450.256
-615.68
-627.33
-548.113
-569.082
-747.903
-931.384
-1013.51
-1028.66
-1027.49
-1024.58
-1035.65
-1106.13
-1189.42
-1226.7
-1225.54
-1170.2
-1080.5
-1019.92
-1046.71
-1103.8
-1079.33
-965.75
-829.45
-733.924
-689.073
-697.81
-747.321
-736.253
-599.371
-416.473
-351.235
-443.267
-552.19
-569.082
-496.855
-382.106
-287.162
-271.435
-371.039
-499.767
-528.891
-424.627
-275.513
-213.77
-262.698
-353.565
-403.658
-362.884
-249.301
-131.058
-71.0624
-92.6142
-132.223
-138.63
-85.0419
53.0056
175.326
211.44
184.646
193.966
272.6
358.807
442.102
532.386
612.185
622.088
586.556
640.727
865.564
1046.71
974.487
772.95
788.677
1090.4
1255.24
1150.4
1070.01
1187.67
1262.23
1073.51
992.544
1307.67
1625.12
1477.17
1075.26
993.709
1255.24
1429.99
1398.53
1343.78
1277.38
1086.91
873.719
878.378
1068.27
1141.66
950.606
613.35
368.709
324.441
397.251
433.947
322.693
99.0214
-161.347
-376.864
-442.684
-353.565
-288.327
-439.189
-743.826
-958.76
-1002.45
-1005.94
-1023.42
-1019.92
-1043.22
-1227.28
-1508.62
-1600.65
-1431.15
-1261.07
-1303.59
-1428.24
-1478.33
-1469.01
-1456.78
-1390.38
-1208.06
-1036.23
-1019.92
-1111.37
-1130.01
-1019.92
-861.486
-712.372
-601.701
-571.412
-626.747
-691.403
-679.753
-553.938
-381.524
-296.482
-344.828
-470.643
-546.365
-507.922
-376.281
-265.61
-260.368
-330.848
-423.462
-456.081
-394.921
-279.59
-191.053
-203.285
-259.203
-279.007
-234.739
-125.815
-27.3765
36.1137
49.5107
53.0056
130.475
265.61
376.281
415.89
459.576
524.231
583.062
667.521
898.765
1117.19
1043.8
794.501
780.522
1187.67
1504.54
1372.9
1178.36
1278.54
1438.72
1280.29
1127.68
1465.52
1904.12
1781.22
1245.92
1066.52
1421.83
1718.31
1668.8
1544.73
1505.71
1361.84
1088.65
1009.44
1240.68
1445.13
1302.42
910.415
594.129
507.339
560.927
608.108
584.809
447.344
169.501
-186.976
-412.395
-341.333
-136.883
-144.455
-489.282
-901.095
-1078.75
-1028.66
-983.225
-1054.87
-1174.86
-1294.85
-1466.1
-1702
-1777.14
-1620.46
-1449.21
-1500.47
-1734.04
-1841.8
-1755.01
-1636.77
-1552.89
-1458.53
-1347.27
-1333.29
-1389.21
-1326.3
-1118.36
-930.219
-872.554
-850.419
-775.862
-682.083
-625.582
-568.5
-463.071
-363.467
-319.199
-349.487
-392.008
-382.106
-288.91
-186.976
-211.44
-316.869
-354.147
-285.415
-231.244
-244.059
-234.739
-184.646
-181.151
-231.244
-224.254
-109.506
4.07735
8.73719
-33.7838
-11.6496
89.7018
187.558
257.456
329.101
427.54
480.545
482.293
541.705
791.589
1135.25
1171.95
912.162
793.919
1152.73
1605.31
1579.68
1339.12
1394.45
1631.52
1555.22
1293.1
1482.41
2008.97
2080.62
1546.48
1153.89
1369.99
1760.25
1812.67
1623.37
1456.78
1307.08
1111.37
995.457
1098.56
1270.39
1237.19
922.064
544.035
398.998
491.03
574.324
504.427
332.013
138.63
-114.166
-372.787
-416.473
-249.884
-198.625
-478.215
-867.311
-1027.49
-967.498
-938.956
-1049.63
-1192.33
-1308.25
-1449.79
-1621.62
-1718.31
-1662.4
-1565.12
-1622.79
-1816.75
-1940.24
-1863.35
-1685.69
-1618.13
-1664.14
-1650.16
-1551.72
-1483.57
-1448.63
-1333.29
-1118.94
-959.925
-945.946
-933.714
-799.161
-605.196
-463.071
-373.369
-273.183
-208.527
-224.837
-223.672
-126.98
8.73719
78.6347
53.0056
-5.82479
-37.2787
-31.4539
15.7269
83.2945
125.815
95.5266
4.07735
-51.2582
-41.356
27.3765
105.429
111.253
64.6552
4.65983
-6.98975
78.0522
205.615
315.704
341.333
332.596
341.915
412.978
565.587
813.141
1040.89
996.039
788.094
765.96
1135.83
1528.42
1480.66
1254.08
1282.04
1478.33
1441.64
1294.85
1534.25
1985.09
1954.8
1395.62
1078.75
1386.3
1806.27
1810.93
1559.3
1346.11
1139.33
931.384
892.94
1081.66
1205.15
1000.7
593.546
290.075
249.301
368.127
444.432
380.359
186.976
-99.0214
-375.699
-468.313
-331.431
-192.218
-328.518
-694.315
-991.962
-1038.56
-926.724
-877.213
-976.235
-1157.97
-1367.66
-1543.57
-1612.3
-1565.7
-1476
-1481.83
-1660.65
-1911.7
-2031.1
-1897.13
-1650.16
-1531.92
-1604.15
-1736.95
-1776.56
-1704.33
-1531.92
-1282.62
-1078.17
-1054.87
-1149.81
-1173.7
-1011.18
-719.944
-461.906
-322.693
-306.966
-365.214
-380.359
-260.951
-46.0158
149.697
198.625
113.583
4.07735
-22.1342
79.7996
221.925
312.209
299.394
203.285
98.439
98.439
217.265
350.07
383.854
301.724
218.43
186.976
235.904
366.379
485.788
542.87
500.349
439.189
457.246
573.159
758.97
987.302
1159.13
1056.62
795.084
772.367
1238.35
1742.78
1690.35
1329.8
1256.41
1497.55
1558.71
1424.16
1616.96
2052.07
2022.37
1434.06
1045.55
1330.38
1809.76
1877.33
1612.88
1330.96
1083.99
874.884
871.389
1106.71
1234.27
998.952
555.103
226.584
149.697
244.641
361.137
340.168
86.2069
-301.724
-573.159
-598.206
-452.586
-350.07
-453.751
-757.805
-1094.48
-1233.11
-1141.08
-987.302
-991.962
-1221.46
-1537.74
-1768.41
-1796.37
-1684.53
-1595.41
-1644.34
-1831.31
-2027.61
-2110.9
-2049.16
-1880.82
-1713.65
-1675.21
-1793.45
-1933.25
-1905.87
-1675.21
-1407.27
-1251.16
-1228.45
-1253.49
-1222.62
-1074.09
-822.46
-575.489
-441.519
-411.813
-402.493
-355.895
-241.729
-66.9851
100.186
163.677
118.243
58.2479
64.6552
155.522
274.348
351.817
340.168
256.291
199.208
235.322
351.817
436.859
438.024
380.359
313.374
314.539
378.611
464.236
551.608
592.964
595.294
587.721
593.546
695.48
856.827
1074.67
1266.31
1196.99
968.663
896.435
1258.74
1758.5
1774.81
1462.6
1381.64
1623.95
1738.7
1560.46
1644.92
2103.33
2229.73
1727.05
1242.43
1424.74
1925.68
2019.45
1718.9
1435.81
1252.33
1075.26
968.663
1042.64
1134.67
994.874
655.289
329.101
157.852
185.228
296.482
287.745
65.8201
-259.786
-473.555
-523.066
-491.03
-463.071
-520.154
-714.702
-1007.69
-1224.37
-1227.87
-1054.87
-947.111
-1118.36
-1476.58
-1759.67
-1776.56
-1647.25
-1591.92
-1642.59
-1765.49
-1922.76
-2086.44
-2161
-2013.63
-1762.58
-1669.97
-1821.41
-2032.27
-2031.69
-1815.59
-1577.94
-1428.82
-1389.79
-1435.23
-1453.87
-1335.62
-1089.82
-853.914
-745.573
-710.624
-676.841
-621.505
-502.097
-333.76
-170.084
-104.846
-119.408
-99.0214
-44.8509
38.4436
160.764
284.832
312.209
217.265
145.037
222.507
381.524
478.215
466.566
449.674
486.37
507.339
499.767
523.649
638.397
744.408
747.321
690.238
682.665
777.61
880.708
951.771
1065.94
1268.06
1350.19
1181.85
1022.25
1250.58
1752.68
1910.53
1650.16
1517.94
1742.19
1895.39
1695.01
1650.75
2077.7
2370.69
1999.65
1426.49
1427.07
1877.91
2052.07
1785.3
1501.63
1385.14
1235.44
1001.28
907.502
1006.52
1029.82
764.795
342.498
69.315
54.753
146.785
118.826
-70.48
-303.472
-512.582
-696.645
-806.151
-771.202
-680.336
-761.883
-1087.49
-1396.78
-1438.14
-1295.43
-1196.99
-1277.38
-1481.24
-1693.27
-1846.46
-1883.74
-1813.84
-1708.99
-1682.78
-1830.15
-2043.34
-2119.64
-1969.94
-1742.78
-1655.99
-1735.21
-1845.29
-1853.45
-1759.67
-1614.05
-1436.39
-1285.53
-1233.69
-1255.82
-1233.69
-1072.93
-834.11
-657.619
-584.226
-553.938
-486.37
-380.941
-281.92
-164.259
-33.2013
36.6962
4.65983
-28.5415
67.5676
230.079
316.869
295.899
259.203
280.755
325.023
380.941
464.236
538.211
559.18
532.968
521.901
553.938
606.361
665.774
706.547
718.779
717.614
744.991
776.445
781.687
808.481
897.018
1028.08
1178.36
1219.13
1085.74
949.441
1092.73
1517.36
1733.46
1557.55
1383.97
1508.62
1708.41
1635.02
1542.99
1835.97
2176.72
2000.82
1474.25
1307.67
1652.49
1935
1817.33
1531.34
1319.32
1135.25
940.121
870.806
958.76
967.498
705.382
291.822
-4.07735
-61.7428
-2.9124
0
-138.048
-400.163
-687.908
-871.389
-876.631
-769.455
-736.836
-908.667
-1184.76
-1378.15
-1402.03
-1312.91
-1220.29
-1244.76
-1443.97
-1725.89
-1858.69
-1757.34
-1586.67
-1548.23
-1695.01
-1860.44
-1921.02
-1905.87
-1833.64
-1714.24
-1591.92
-1572.69
-1696.18
-1815.59
-1739.28
-1483.57
-1234.27
-1161.46
-1222.62
-1247.67
-1169.62
-996.039
-780.522
-591.799
-514.329
-562.092
-600.536
-479.963
-246.389
-68.7325
-25.6291
-51.8406
-34.3663
30.8714
132.223
283.085
424.045
453.751
365.214
313.374
418.802
598.788
690.238
678.588
652.959
654.124
679.753
741.496
834.692
890.61
849.837
798.579
818.383
906.337
968.663
958.76
957.596
977.4
994.874
1025.16
1158.55
1294.85
1253.49
1077
1092.73
1413.68
1612.88
1481.83
1349.6
1480.08
1620.46
1475.42
1360.09
1660.65
1983.92
1745.69
1190.59
1051.37
1415.42
1657.74
1458.53
1132.92
952.353
821.878
655.289
584.226
624.418
563.257
284.25
-62.3253
-287.745
-351.235
-345.41
-378.029
-498.02
-706.547
-920.899
-1057.78
-1102.05
-1071.18
-1027.49
-1069.43
-1253.49
-1467.85
-1527.84
-1417.75
-1328.05
-1364.17
-1470.18
-1569.2
-1637.35
-1671.13
-1611.72
-1498.72
-1464.35
-1556.38
-1679.87
-1682.2
-1549.39
-1372.32
-1254.66
-1280.87
-1384.55
-1439.89
-1311.16
-1045.55
-858.574
-853.332
-947.111
-973.322
-849.254
-644.222
-432.199
-311.044
-339.585
-410.065
-403.075
-248.136
-25.6291
97.8565
87.9543
42.521
66.9851
161.347
263.863
348.905
428.122
470.643
453.751
449.674
519.571
636.65
697.227
683.248
664.026
688.49
740.331
804.986
858.574
834.11
774.115
740.331
811.976
890.028
912.745
924.977
876.631
799.161
767.125
873.136
1133.5
1298.93
1191.17
956.431
842.847
1091.57
1472.51
1539.49
1352.52
1216.8
1287.28
1344.94
1237.19
1286.7
1581.43
1674.04
1280.87
821.878
848.672
1219.71
1343.2
1078.17
763.63
563.84
408.318
274.348
274.348
359.972
302.889
-27.3765
-461.323
-680.336
-592.381
-421.132
-459.576
-743.826
-1058.95
-1209.23
-1224.37
-1186.51
-1108.46
-1057.2
-1171.37
-1461.44
-1675.21
-1608.22
-1370.57
-1227.28
-1288.44
-1464.35
-1636.18
-1710.74
-1638.51
-1441.05
-1279.71
-1323.39
-1503.38
-1587.84
-1492.89
-1329.8
-1176.61
-1058.36
-1029.82
-1107.88
-1180.1
-1092.73
-853.914
-641.892
-591.216
-633.155
-643.057
-589.469
-482.293
-337.255
-166.007
-37.8611
-36.6962
-107.176
-65.8201
135.718
355.312
438.024
393.173
362.884
408.9
505.592
623.253
742.661
790.424
743.243
691.985
746.738
895.27
1010.6
1015.26
949.441
907.502
911.58
955.266
1037.98
1070.6
1016.43
915.075
832.945
852.167
934.296
993.127
979.73
913.327
827.12
805.568
892.358
1094.48
1226.7
1100.3
796.249
657.619
969.245
1333.88
1272.13
952.936
814.888
931.966
902.842
703.052
813.141
1162.63
1126.51
551.608
111.253
313.956
738.001
746.738
390.843
85.6244
-73.3924
-219.012
-311.626
-221.925
-110.671
-239.399
-592.964
-905.172
-969.245
-841.1
-730.429
-774.697
-958.178
-1178.36
-1304.17
-1293.1
-1206.31
-1122.44
-1116.03
-1229.61
-1404.36
-1502.8
-1422.41
-1233.11
-1114.28
-1157.39
-1318.73
-1436.39
-1400.28
-1237.19
-1075.26
-1021.67
-1070.01
-1156.8
-1205.15
-1139.33
-955.848
-732.759
-643.639
-756.64
-913.327
-878.378
-602.283
-319.781
-243.476
-336.673
-411.813
-358.807
-214.935
-44.2684
103.681
184.646
165.424
71.0624
87.3719
298.229
540.541
627.912
556.85
496.272
532.386
612.185
715.867
823.625
885.951
853.332
753.145
738.583
845.177
954.683
984.39
922.647
870.224
870.806
880.708
902.842
954.101
989.632
941.869
860.322
828.285
873.136
916.822
905.172
862.651
826.538
821.878
829.45
834.692
944.199
1074.09
996.622
733.341
584.809
820.713
1134.09
1033.9
662.861
504.427
660.531
725.769
510.834
442.684
662.861
695.48
273.765
-143.29
-36.6962
340.168
382.689
41.9385
-269.688
-373.952
-431.034
-537.628
-571.994
-501.514
-519.571
-751.398
-1054.29
-1184.76
-1056.03
-866.146
-857.992
-1025.75
-1223.79
-1325.72
-1322.81
-1241.85
-1090.98
-983.807
-1050.21
-1260.48
-1410.76
-1310
-1036.81
-836.44
-845.177
-1012.93
-1156.8
-1145.15
-997.204
-800.909
-693.15
-728.099
-838.77
-933.714
-896.435
-727.516
-520.154
-397.251
-439.189
-548.113
-560.927
-406.57
-193.966
-61.1603
-19.2218
-39.0261
-68.15
-54.753
46.0158
223.089
387.349
423.462
350.652
328.518
414.725
541.705
637.815
693.733
712.954
668.103
608.108
615.098
705.382
804.986
811.393
734.506
665.774
654.124
703.635
769.455
797.996
784.017
731.594
684.995
683.83
724.021
786.929
816.053
778.192
691.403
622.088
644.804
701.305
749.068
743.826
658.201
580.732
566.17
587.139
676.258
805.568
767.707
531.221
290.075
332.596
603.448
684.995
486.952
286.58
281.337
270.853
80.9646
37.2787
313.956
523.649
228.332
-340.168
-488.117
-117.078
174.161
47.7633
-247.554
-421.715
-502.679
-613.35
-622.088
-429.87
-298.229
-482.875
-844.595
-1014.68
-873.136
-645.969
-548.113
-612.185
-759.553
-905.172
-994.292
-931.966
-715.284
-548.113
-598.206
-812.558
-948.858
-878.378
-694.315
-540.541
-512.582
-594.711
-733.924
-839.935
-789.259
-613.35
-459.576
-456.081
-587.721
-714.119
-718.779
-575.489
-382.106
-273.765
-317.451
-438.607
-519.571
-454.334
-242.311
-30.2889
53.0056
-47.7633
-192.218
-174.744
11.0671
233.574
344.245
307.549
217.847
163.677
203.868
353.565
537.628
623.835
534.716
380.359
336.673
443.849
605.196
683.248
651.794
565.587
488.7
491.612
588.886
717.032
774.115
725.186
619.175
567.335
605.778
698.392
785.182
782.269
710.624
621.505
577.237
571.412
630.825
708.877
688.49
559.18
386.184
360.555
428.122
437.442
393.173
400.163
430.452
273.765
-11.0671
-124.651
134.553
407.153
243.476
-138.048
-291.822
-156.104
-110.671
-241.146
-188.141
48.3458
14.562
-421.132
-726.934
-492.777
-45.4334
44.2684
-259.786
-538.211
-572.577
-507.339
-442.684
-319.781
-214.935
-278.425
-506.757
-691.985
-634.32
-382.689
-184.063
-198.625
-405.405
-598.206
-590.634
-426.375
-232.992
-138.63
-182.898
-333.178
-496.855
-514.911
-348.905
-118.243
-52.4231
-209.692
-409.483
-498.02
-435.694
-292.987
-140.96
-69.8975
-172.414
-386.184
-511.417
-392.008
-149.697
-14.562
-50.0932
-182.316
-297.064
-321.528
-200.955
27.3765
193.383
146.785
-47.1808
-163.677
-80.3821
122.321
287.162
329.101
249.884
123.486
64.6552
156.104
347.74
484.04
447.926
269.105
135.718
157.269
299.394
438.024
464.818
398.998
290.657
223.672
258.621
385.601
530.638
563.84
453.169
317.451
292.404
369.874
472.973
520.154
470.061
375.699
283.667
269.105
300.559
295.899
272.018
212.605
125.233
47.1808
-20.9692
-64.0727
-103.681
-154.939
-202.703
-194.548
-160.764
-234.157
-442.102
-602.866
-447.344
-147.367
-148.532
-433.364
-565.587
-383.854
-280.755
-432.782
-385.019
-4.07735
168.336
-210.275
-612.185
-380.941
203.285
407.153
144.455
-84.4595
-39.6086
58.2479
75.1398
174.744
380.941
436.859
237.069
9.31966
-1.74744
190.471
379.776
422.88
302.307
108.924
-6.98975
26.2116
159.017
266.775
266.193
135.135
-75.7223
-216.1
-180.568
-27.3765
53.5881
-28.5415
-183.481
-313.374
-398.416
-416.473
-317.451
-151.445
-115.331
-311.626
-543.453
-559.762
-358.807
-169.501
-160.764
-239.981
-315.704
-360.555
-322.693
-184.063
5.24231
81.5471
-30.8714
-162.512
-136.883
14.562
131.058
134.553
116.496
127.563
101.351
58.8304
99.6039
233.574
347.158
311.626
197.46
164.842
248.136
373.952
417.637
366.379
297.647
270.853
296.482
317.451
329.683
341.915
332.013
278.425
196.295
175.909
202.12
203.868
157.269
103.099
68.7325
-2.32992
-69.8975
-88.5368
-94.3616
-165.424
-316.286
-398.998
-393.173
-435.694
-563.257
-657.619
-655.871
-643.639
-565.587
-495.107
-598.788
-821.878
-899.93
-579.567
-232.992
-308.131
-574.324
-555.685
-255.708
-147.95
-297.647
-190.471
249.301
448.509
131.64
-165.424
111.253
683.248
905.172
724.021
548.113
580.149
680.336
732.176
833.527
980.895
986.719
788.094
556.267
489.282
610.438
760.135
788.094
637.232
386.184
203.868
186.976
295.317
371.039
305.219
110.089
-117.078
-250.466
-219.012
-87.3719
-27.3765
-113.001
-281.337
-423.462
-479.963
-467.148
-404.823
-332.596
-341.915
-457.246
-594.129
-619.758
-499.767
-358.225
-308.131
-358.225
-441.519
-478.215
-452.586
-360.555
-221.925
-122.903
-138.048
-231.244
-281.337
-207.363
-69.315
16.3094
29.7064
0
-28.5415
-51.2582
-33.7838
70.48
186.393
203.285
106.011
0
12.2321
119.991
205.615
199.208
114.748
31.4539
2.9124
26.2116
66.4026
80.9646
54.753
-4.65983
-75.1398
-114.748
-95.5266
-85.0419
-133.388
-213.187
-277.26
-289.492
-298.229
-317.451
-361.719
-431.617
-484.623
-507.339
-493.36
-479.963
-518.406
-599.953
-644.222
-597.041
-458.993
-264.445
-209.692
-355.312
-541.123
-467.148
-36.6962
316.286
276.678
72.2274
106.594
345.41
438.607
483.458
803.239
1192.33
1120.11
651.212
500.349
995.457
1537.16
1527.84
1181.85
984.972
1005.36
1025.75
1037.98
1156.8
1256.41
1088.07
718.779
473.555
491.612
631.99
677.423
548.113
302.307
59.9953
-67.5676
-64.6552
-1.16496
30.8714
-42.521
-238.816
-481.71
-604.613
-523.649
-364.632
-325.023
-456.664
-639.562
-749.068
-775.28
-730.429
-614.515
-514.911
-556.85
-738.583
-867.311
-788.677
-588.304
-453.751
-461.323
-542.87
-595.294
-581.897
-506.174
-384.436
-278.425
-239.981
-285.415
-358.807
-348.905
-234.157
-101.934
-45.4334
-73.3924
-112.418
-111.253
-84.4595
-41.356
-0.582479
24.4641
10.4846
-43.1034
-82.712
-79.7996
-53.5881
-56.5005
-89.7018
-110.089
-124.068
-140.96
-174.161
-198.043
-182.898
-176.491
-203.285
-232.409
-239.981
-243.476
-280.172
-327.353
-338.42
-337.255
-340.168
-336.09
-318.034
-339.585
-428.705
-479.963
-371.622
-195.13
-142.707
-246.971
-315.121
-246.389
-156.104
-92.6142
27.959
274.93
384.436
210.275
20.9692
189.306
700.722
1018.17
879.543
654.706
746.156
1011.18
1055.45
1012.35
1265.73
1619.29
1544.73
1075.26
862.069
1214.47
1642.01
1646.09
1347.86
1093.31
992.544
945.363
943.616
1025.16
1081.66
942.451
600.536
250.466
143.29
315.704
493.942
392.591
23.2992
-310.461
-409.483
-341.333
-260.368
-248.719
-329.683
-546.365
-829.45
-978.565
-877.796
-677.423
-664.609
-876.048
-1109.04
-1195.25
-1129.43
-1035.07
-975.652
-970.41
-1034.48
-1132.34
-1178.94
-1113.12
-974.487
-856.244
-827.703
-891.193
-947.111
-879.543
-711.207
-559.762
-498.02
-507.922
-506.757
-435.112
-324.441
-226.584
-167.754
-132.805
-113.001
-107.759
-94.9441
-57.6654
16.8919
63.4902
29.124
-30.2889
-40.1911
10.4846
51.8406
33.7838
-4.65983
-18.0568
-1.16496
9.90214
2.32992
10.4846
27.3765
49.5107
54.1705
26.794
11.0671
27.959
74.5573
107.176
105.429
96.109
103.099
127.563
160.182
201.538
241.146
252.796
223.089
185.811
212.022
320.946
407.153
385.019
306.966
283.667
338.42
393.173
452.004
618.01
757.805
654.706
368.709
314.539
720.527
1133.5
1082.83
751.98
641.892
831.198
943.034
894.105
1022.83
1307.08
1287.86
838.187
496.272
749.651
1267.47
1402.03
1067.1
675.676
523.649
543.453
610.438
693.733
705.965
527.726
172.996
-133.97
-190.471
-45.4334
79.2171
-11.6496
-323.858
-667.521
-828.868
-776.445
-652.959
-619.175
-734.506
-969.828
-1237.77
-1386.3
-1298.35
-1073.51
-977.982
-1145.74
-1424.16
-1544.15
-1432.32
-1251.16
-1121.27
-1074.67
-1116.03
-1232.53
-1326.3
-1230.78
-950.606
-703.635
-675.676
-810.228
-903.425
-834.11
-631.99
-381.524
-186.976
-161.929
-290.657
-392.591
-288.91
-16.3094
213.77
253.961
128.145
-16.3094
-51.2582
54.753
237.069
379.194
366.962
208.527
53.0056
57.6654
227.749
394.338
431.034
334.925
207.363
157.852
215.517
348.322
456.664
464.236
383.854
292.404
282.502
367.544
485.788
560.927
546.365
461.906
380.941
369.292
460.158
588.304
640.727
569.082
427.54
324.441
313.956
410.065
541.705
567.335
446.179
266.193
184.063
254.543
383.854
473.555
510.252
519.571
442.684
282.502
210.857
425.792
790.424
887.116
611.603
338.42
404.823
654.124
740.331
707.712
791.007
890.61
718.779
382.689
327.353
671.598
952.353
791.007
382.689
104.846
77.4697
157.269
209.11
189.306
58.2479
-205.615
-499.185
-641.309
-581.314
-445.014
-433.947
-660.531
-1012.35
-1233.11
-1187.67
-1002.45
-903.425
-986.137
-1173.11
-1347.86
-1438.72
-1389.79
-1206.9
-1024
-1023.42
-1193.5
-1328.05
-1268.06
-1057.2
-859.157
-767.707
-756.64
-784.017
-835.275
-796.831
-586.556
-308.131
-164.842
-241.146
-369.874
-348.322
-160.764
38.4436
135.135
160.182
147.95
119.991
130.475
226.002
384.436
502.097
477.05
355.312
290.075
355.312
487.535
567.335
555.103
472.39
394.921
378.611
430.452
518.989
563.84
520.736
429.87
379.776
408.318
486.952
524.231
498.602
447.344
395.503
365.214
370.457
425.21
456.081
409.483
337.255
301.142
329.683
364.632
349.487
308.714
288.91
273.183
253.961
245.806
239.399
231.244
211.44
202.703
191.636
178.821
184.063
187.558
168.336
124.651
108.924
181.733
304.054
326.771
196.878
66.4026
91.4492
274.348
410.648
336.09
191.636
174.161
234.157
214.352
146.785
213.187
372.204
339.003
53.0056
-178.239
-96.109
134.553
178.239
-1.74744
-219.012
-350.07
-401.328
-409.483
-390.261
-368.709
-424.045
-586.556
-763.048
-837.605
-764.212
-623.835
-584.226
-707.13
-869.059
-924.977
-865.564
-772.95
-705.382
-688.49
-729.264
-808.481
-864.399
-803.821
-631.99
-500.932
-502.679
-581.897
-615.68
-542.87
-417.637
-294.152
-195.13
-121.738
-111.836
-167.754
-161.347
-16.8919
192.218
316.869
285.415
205.033
210.857
318.034
454.334
563.257
618.01
609.273
574.324
568.5
612.768
683.83
750.815
768.872
714.702
619.758
539.376
542.87
608.691
625
541.123
411.813
323.276
299.977
308.714
305.801
273.183
223.089
154.357
89.7018
73.9748
92.0317
115.331
132.223
114.166
57.0829
-0.582479
3.49487
76.8872
135.718
101.351
8.73719
-30.8714
11.0671
51.8406
47.1808
19.2218
-5.82479
-13.9795
-46.0158
-84.4595
-84.4595
-58.8304
-58.8304
-109.506
-175.909
-199.208
-183.481
-176.491
-185.811
-215.517
-248.136
-240.564
-195.713
-177.074
-261.533
-372.204
-344.245
-184.063
-115.913
-244.059
-368.709
-307.549
-167.754
-174.744
-251.048
-175.909
-1.16496
10.4846
-170.084
-244.641
-70.48
142.125
154.939
4.65983
-105.429
-105.429
-72.2274
-44.8509
-14.562
-6.98975
-51.8406
-154.939
-262.698
-288.91
-210.857
-103.099
-78.6347
-176.491
-308.714
-348.905
-274.348
-170.084
-113.583
-117.661
-170.666
-240.564
-260.951
-177.656
-28.5415
58.8304
27.959
-44.8509
-61.7428
4.07735
98.439
200.373
310.461
357.06
302.307
237.651
283.667
446.179
573.159
568.5
507.922
489.865
504.427
517.241
556.267
626.747
641.309
546.365
435.112
408.9
442.102
441.519
392.008
345.993
310.461
242.894
156.687
125.815
141.542
132.223
66.4026
-19.2218
-71.0624
-93.7791
-111.836
-121.738
-125.815
-149.697
-189.306
-198.043
-170.084
-153.774
-161.347
-159.017
-142.707
-126.398
-136.3
-159.599
-152.027
-133.388
-139.212
-167.171
-191.053
-213.187
-230.662
-244.059
-270.27
-315.121
-365.797
-407.735
-424.045
-431.617
-461.323
-491.612
-518.406
-566.17
-598.206
-587.721
-564.422
-567.917
-598.206
-620.923
-606.943
-553.355
-493.36
-429.287
-365.214
-356.477
-385.019
-350.07
-199.79
-16.3094
64.0727
26.2116
0
71.6449
172.996
242.894
326.771
427.54
456.664
375.699
304.054
379.776
555.103
647.717
593.546
489.282
414.143
393.756
428.705
484.04
509.087
461.906
350.652
252.213
229.497
284.832
364.632
386.766
315.121
213.77
166.007
189.888
256.873
319.781
333.76
283.085
193.966
140.377
167.171
239.981
295.317
281.337
209.11
132.223
101.351
138.63
209.692
260.951
250.466
179.986
89.7018
48.3458
92.6142
172.996
194.548
122.903
26.2116
-19.2218
-1.16496
39.6086
73.9748
79.2171
33.2013
-49.5107
-101.934
-79.2171
-11.6496
25.6291
-15.7269
-93.7791
-143.29
-150.28
-131.64
-115.913
-128.145
-175.909
-250.466
-318.616
-336.673
-315.121
-313.374
-351.817
-410.065
-467.731
-506.174
-515.494
-495.107
-468.896
-482.875
-537.046
-573.742
-558.597
-505.592
-452.004
-433.947
-447.344
-458.993
-438.024
-379.776
-313.374
-278.425
-279.59
-290.075
-289.492
-259.786
-210.857
-175.326
-171.249
-186.976
-195.13
-170.666
-124.651
-92.6142
-97.8565
-123.486
-137.465
-115.913
-75.7223
-59.9953
-64.0727
-59.4129
-28.5415
22.7167
72.2274
89.1193
73.3924
58.2479
100.769
205.615
298.229
325.606
326.188
357.642
410.648
457.829
523.649
632.572
712.954
674.511
571.994
558.015
677.423
802.656
803.821
704.8
613.35
567.917
556.267
562.675
573.742
558.597
485.205
369.874
273.183
246.389
281.337
315.704
286.58
186.393
84.4595
43.6859
61.1603
90.2842
90.8667
56.5005
-0.582479
-57.0829
-86.7894
-66.4026
-13.9795
2.9124
-38.4436
-96.6915
-126.398
-121.156
-94.9441
-64.6552
-49.5107
-70.48
-125.233
-154.939
-115.331
-67.5676
-87.3719
-148.532
-177.656
-157.852
-148.532
-181.151
-210.275
-200.955
-202.12
-250.466
-284.832
-269.688
-250.466
-276.678
-345.993
-401.911
-398.998
-372.787
-380.941
-432.782
-503.262
-546.948
-535.881
-502.679
-505.592
-542.288
-569.664
-570.247
-537.046
-498.02
-472.39
-435.112
-397.251
-379.776
-362.302
-323.276
-260.368
-188.723
-145.62
-135.718
-114.166
-64.0727
-7.57223
48.3458
94.9441
123.486
145.037
165.424
185.228
217.847
254.543
273.183
278.425
265.61
241.146
228.332
234.739
241.146
228.914
200.373
157.852
128.145
127.563
137.465
142.707
133.388
105.429
86.2069
86.2069
110.089
145.62
182.316
192.218
163.094
131.64
136.3
205.033
298.812
334.343
312.791
296.482
316.286
354.147
404.823
467.731
521.901
523.066
452.586
392.591
419.967
500.349
545.2
511.417
416.473
322.693
273.765
268.523
293.569
308.131
267.358
167.171
53.0056
-0.582479
22.1342
69.8975
73.9748
6.40727
-91.4492
-167.754
-181.733
-142.125
-101.351
-105.429
-167.754
-251.048
-310.461
-309.879
-252.796
-202.12
-206.78
-272.6
-354.147
-382.689
-347.158
-281.337
-253.378
-284.832
-349.487
-398.416
-387.349
-325.606
-251.631
-210.275
-236.486
-307.549
-350.07
-302.889
-187.558
-92.6142
-89.1193
-156.687
-214.352
-206.78
-139.212
-61.7428
-13.9795
-13.9795
-69.315
-144.455
-167.171
-100.186
6.98975
48.9282
-20.9692
-138.63
-199.208
-166.589
-86.7894
-39.6086
-58.2479
-111.253
-160.182
-174.161
-135.135
-61.7428
10.4846
36.1137
-0.582479
-46.0158
-27.3765
60.5778
159.599
205.615
186.393
146.202
137.465
171.249
231.244
290.075
310.461
276.095
214.935
177.656
197.46
248.136
266.193
213.187
125.233
45.4334
4.65983
12.2321
20.9692
-6.40727
-79.2171
-182.316
-255.708
-260.368
-219.595
-188.723
-209.692
-279.59
-343.663
-361.719
-329.683
-264.445
-193.966
-165.424
-195.13
-244.641
-245.224
-145.037
15.1445
124.068
134.553
101.934
107.176
175.326
279.59
385.601
465.983
489.865
448.509
378.029
363.467
435.694
527.726
556.267
492.777
385.601
312.209
300.559
329.683
350.652
325.023
253.378
154.357
67.5676
32.0363
41.9385
57.6654
37.8611
-33.2013
-122.903
-175.909
-175.909
-146.202
-118.826
-124.651
-160.182
-196.295
-210.857
-189.888
-140.96
-92.6142
-76.3048
-94.3616
-125.815
-129.893
-89.1193
-35.5312
-1.74744
1.74744
-13.9795
-28.5415
-26.2116
-7.57223
11.6496
17.4744
-5.24231
-42.521
-61.7428
-59.4129
-55.3355
-62.3253
-87.3719
-115.913
-132.805
-149.697
-166.589
-164.842
-159.599
-170.666
-196.878
-214.352
-203.868
-175.326
-162.512
-177.656
-194.548
-193.966
-180.568
-159.017
-140.96
-130.475
-121.738
-117.661
-110.671
-86.7894
-54.1705
-34.9487
-27.3765
-26.2116
-26.794
-10.4846
18.0568
43.6859
59.9953
65.2377
65.2377
76.8872
95.5266
102.516
103.099
101.351
90.2842
80.9646
77.4697
79.2171
82.712
80.3821
65.2377
44.2684
33.2013
30.8714
36.6962
40.7735
25.6291
-7.57223
-35.5312
-49.5107
-46.0158
-36.6962
-45.4334
-70.48
-106.011
-148.532
-179.404
-179.986
-160.764
-146.202
-162.512
-211.44
-251.048
-252.213
-219.595
-181.151
-152.61
-134.553
-119.991
-107.759
-92.6142
-51.2582
23.2992
99.0214
146.785
168.919
182.898
214.935
273.765
345.41
411.813
454.916
467.731
463.653
470.061
503.262
563.257
623.253
638.397
606.361
560.927
538.211
550.443
582.479
601.118
579.567
519.571
453.169
414.725
417.637
426.957
407.735
353.565
281.92
224.837
193.383
181.733
172.414
143.29
81.5471
3.49487
-56.5005
-79.7996
-85.0419
-106.594
-153.774
-207.363
-255.708
-299.977
-333.76
-351.235
-358.225
-376.864
-417.637
-468.313
-498.02
-499.767
-492.777
-494.525
-517.241
-553.938
-585.974
-605.196
-599.371
-571.412
-545.783
-546.365
-574.907
-594.129
-574.907
-524.814
-472.39
-443.267
-433.947
-438.024
-435.694
-398.416
-325.606
-248.719
-207.363
-211.44
-220.76
-191.636
-124.068
-54.1705
-13.397
-14.562
-33.7838
-34.9487
2.32992
59.9953
94.3616
90.2842
57.6654
26.2116
15.7269
29.124
51.2582
55.3355
23.8816
-25.6291
-57.0829
-58.2479
-41.9385
-39.0261
-65.2377
-106.011
-138.63
-145.037
-126.98
-107.176
-107.759
-124.651
-137.465
-133.97
-111.836
-84.4595
-63.4902
-50.0932
-40.1911
-22.1342
8.73719
50.0932
85.6244
110.089
136.883
174.161
217.265
255.126
287.162
324.441
363.467
396.086
428.705
460.158
488.7
519.571
555.103
587.139
609.856
628.495
647.717
670.433
693.733
705.382
706.547
707.712
711.789
716.449
720.527
717.614
710.624
699.557
671.598
637.232
615.68
608.108
594.129
555.103
496.855
447.344
417.055
390.261
348.905
294.734
229.497
160.182
97.274
45.4334
2.32992
-40.7735
-100.186
-174.161
-242.311
-294.734
-337.255
-378.611
-426.957
-482.875
-538.793
-580.732
-609.273
-631.99
-656.454
-681.5
-701.887
-715.867
-729.264
-742.078
-739.748
-725.186
-714.702
-707.712
-701.887
-683.83
-654.706
-629.077
-604.031
-577.237
-551.025
-525.396
-496.272
-463.071
-431.034
-400.163
-371.039
-344.828
-319.199
-298.229
-277.842
-256.291
-235.322
-218.43
-207.363
-198.625
-188.723
-176.491
-168.336
-157.852
-147.367
-146.202
-145.037
-145.037
-140.377
-125.233
-115.331
-109.506
-95.5266
-77.4697
-65.8201
-54.1705
-40.7735
-23.2992
8.15471
37.2787
49.5107
67.5676
95.5266
121.156
150.28
174.161
196.295
228.332
255.126
270.27
294.152
323.276
342.498
361.719
376.281
387.931
407.735
424.045
429.87
433.947
438.607
441.519
447.926
454.916
458.993
457.829
452.004
449.091
445.596
442.102
442.102
440.354
437.442
425.792
415.308
409.483
414.143
426.375
429.87
421.132
406.57
401.911
408.9
407.735
400.746
395.503
389.096
373.369
341.915
316.286
312.791
315.121
291.24
245.224
210.275
196.878
195.13
182.316
153.774
119.408
83.2945
48.3458
16.8919
-5.24231
-24.4641
-57.0829
-106.011
-160.182
-202.703
-227.167
-248.719
-276.678
-311.044
-347.74
-378.029
-396.086
-405.405
-407.735
-414.143
-430.452
-454.916
-480.545
-498.02
-509.669
-518.406
-528.891
-546.948
-571.994
-595.876
-600.536
-592.964
-584.809
-585.391
-595.876
-598.206
-588.304
-569.082
-544.618
-523.066
-503.262
-486.37
-475.885
-461.323
-428.122
-386.184
-346.575
-320.363
-295.317
-262.116
-224.837
-192.801
-166.007
-136.3
-107.176
-78.6347
-52.4231
-26.2116
3.49487
26.794
43.1034
48.3458
52.4231
59.9953
66.4026
73.3924
80.9646
89.7018
100.186
108.924
117.078
125.233
130.475
138.048
148.532
160.764
175.326
192.218
212.022
236.486
263.863
285.997
302.307
319.199
334.925
354.73
373.369
388.514
401.328
410.648
419.967
431.617
438.607
438.607
432.782
425.21
418.22
411.813
408.318
403.075
394.921
388.514
380.359
367.544
355.895
347.74
340.75
334.925
323.858
315.704
313.956
314.539
315.121
317.451
314.539
308.131
295.317
279.007
270.27
260.368
245.806
231.827
219.595
203.285
184.646
160.764
137.465
113.001
83.877
48.3458
9.90214
-21.5517
-50.6757
-79.2171
-105.429
-128.728
-157.852
-192.801
-226.002
-254.543
-277.26
-300.559
-323.858
-343.663
-362.884
-379.776
-389.678
-394.338
-396.086
-404.24
-419.967
-430.452
-433.947
-436.277
-436.859
-432.199
-425.21
-422.297
-422.297
-414.143
-398.416
-392.008
-393.173
-392.591
-387.931
-382.106
-377.446
-373.369
-366.379
-359.39
-352.982
-346.575
-331.431
-307.549
-288.91
-280.755
-275.513
-265.61
-251.631
-238.234
-228.332
-220.177
-207.945
-196.295
-183.481
-163.677
-140.96
-117.661
-100.186
-86.2069
-71.0624
-50.0932
-22.7167
11.0671
41.356
65.2377
87.9543
107.759
126.398
147.95
172.996
192.218
205.033
222.507
245.806
267.358
290.075
313.956
330.848
341.333
354.73
368.709
383.271
396.668
408.318
414.143
411.23
412.978
428.122
438.024
436.859
443.849
454.916
455.499
457.829
466.566
470.061
464.236
457.246
446.761
440.354
432.199
417.055
407.153
394.921
375.699
354.73
332.013
307.549
285.997
257.456
219.595
188.141
165.424
142.707
112.418
78.0522
43.1034
19.2218
-5.24231
-37.2787
-67.5676
-98.439
-125.815
-149.697
-171.249
-191.053
-208.527
-221.342
-242.311
-263.863
-273.765
-279.007
-290.075
-301.142
-307.549
-309.879
-312.791
-320.363
-320.946
-315.121
-317.451
-321.528
-315.121
-308.714
-303.472
-295.317
-295.899
-298.812
-293.569
-285.415
-284.25
-285.415
-281.92
-274.93
-269.105
-270.27
-268.523
-258.038
-249.301
-243.476
-235.322
-224.837
-211.44
-193.383
-176.491
-166.007
-151.445
-136.3
-122.321
-110.671
-101.934
-93.7791
-78.6347
-58.2479
-46.5983
-37.8611
-24.4641
-12.2321
-4.65983
3.49487
9.90214
17.4744
20.3868
12.8145
5.82479
5.24231
8.15471
5.82479
3.49487
-1.74744
-8.73719
-6.98975
-2.32992
8.15471
18.6393
21.5517
24.4641
33.7838
45.4334
57.6654
69.8975
78.0522
85.6244
99.6039
113.583
129.31
149.697
165.424
177.656
189.888
201.538
217.265
237.651
256.873
272.018
278.425
280.172
285.415
294.734
295.899
289.492
291.822
297.647
292.987
280.172
269.688
266.193
262.698
252.213
232.992
211.44
190.471
173.579
156.687
140.96
124.651
104.264
86.2069
68.15
51.2582
40.7735
39.6086
37.8611
25.6291
5.82479
-13.397
-22.1342
-26.2116
-32.6188
-46.0158
-68.7325
-91.4492
-104.846
-113.001
-120.573
-127.563
-136.883
-142.125
-147.95
-150.28
-140.377
-132.223
-131.058
-133.388
-132.223
-131.058
-127.563
-114.748
-104.846
-105.429
-99.6039
-86.2069
-73.3924
-58.2479
-49.5107
-39.6086
-27.959
-23.2992
-19.2218
-13.9795
-1.16496
13.9795
19.2218
15.7269
12.8145
19.2218
20.3868
9.31966
2.9124
-2.9124
-18.0568
-39.6086
-62.9077
-78.0522
-83.877
-85.6244
-92.6142
-110.089
-122.903
-127.563
-129.893
-131.64
-132.805
-135.718
-146.785
-160.764
-165.424
-164.842
-164.259
-166.007
-175.326
-186.976
-193.383
-193.383
-190.471
-185.228
-177.656
-172.996
-172.414
-165.424
-150.862
-131.64
-117.661
-111.836
-104.264
-93.1966
-79.7996
-65.8201
-54.753
-46.0158
-32.6188
-16.3094
-4.65983
11.0671
33.2013
61.1603
82.712
99.0214
115.331
133.97
150.28
158.434
160.764
161.929
167.754
174.161
177.656
184.646
189.888
195.13
202.703
210.857
219.012
230.662
239.981
241.729
237.069
228.914
220.177
207.945
198.043
186.976
172.414
150.862
131.64
118.826
109.506
107.176
104.846
102.516
97.274
90.2842
87.9543
89.1193
85.6244
80.9646
79.2171
76.3048
75.1398
71.6449
66.4026
64.6552
65.8201
72.8099
80.3821
89.1193
95.5266
101.351
102.516
100.186
101.351
104.264
100.769
97.274
92.6142
85.6244
82.712
80.3821
73.9748
68.15
64.0727
58.8304
54.753
45.4334
34.3663
26.2116
16.3094
3.49487
-12.8145
-35.5312
-61.7428
-88.5368
-113.583
-135.718
-156.687
-176.491
-194.548
-214.352
-232.409
-245.806
-258.038
-273.765
-293.569
-317.451
-336.673
-351.817
-362.302
-373.369
-386.766
-396.086
-400.746
-397.833
-387.931
-376.864
-368.127
-360.555
-352.982
-340.75
-327.936
-316.869
-304.637
-291.24
-277.842
-260.368
-235.904
-207.945
-179.404
-155.522
-130.475
-103.099
-74.5573
-43.1034
-18.6393
-0.582479
13.397
26.794
47.1808
73.3924
96.109
116.496
126.98
132.223
142.125
156.104
168.336
178.239
179.986
178.821
182.898
189.306
193.383
195.13
193.966
193.383
196.295
200.373
200.955
195.713
195.13
194.548
192.801
193.383
195.13
200.373
205.615
207.363
207.945
213.77
223.672
234.739
238.816
238.816
244.641
251.048
256.873
265.028
267.358
267.358
270.853
274.348
280.172
285.415
284.25
282.502
279.007
275.513
270.853
260.368
246.971
236.486
227.167
214.935
204.45
192.801
175.909
160.182
145.62
130.475
114.166
96.6915
76.3048
52.4231
29.124
6.98975
-13.397
-31.4539
-48.3458
-65.2377
-80.3821
-90.2842
-96.109
-107.759
-121.156
-135.718
-149.115
-164.259
-182.316
-198.043
-212.022
-226.584
-242.894
-257.456
-270.27
-277.842
-282.502
-289.492
-297.647
-305.219
-313.374
-323.276
-331.431
-339.585
-349.487
-357.642
-366.379
-373.369
-377.446
-376.864
-375.116
-372.204
-368.709
-365.214
-357.06
-347.74
-335.508
-324.441
-309.879
-295.899
-285.997
-270.853
-252.213
-232.409
-212.022
-193.966
-179.404
-162.512
-142.707
-125.233
-107.176
-93.1966
-78.0522
-62.3253
-46.5983
-29.7064
-12.8145
1.16496
15.1445
28.5415
40.1911
53.5881
64.6552
72.2274
75.1398
73.3924
76.8872
85.0419
92.6142
98.439
104.846
114.166
126.398
138.63
153.774
171.831
184.646
197.46
207.945
220.177
235.904
252.213
267.358
283.667
302.307
318.616
337.255
358.807
379.776
400.163
417.637
432.199
449.674
465.401
477.633
487.535
498.02
505.009
503.844
500.349
496.855
493.36
486.952
475.303
456.081
435.694
417.055
396.668
376.864
355.895
327.353
298.229
266.193
235.322
208.527
174.744
138.63
100.769
62.9077
24.4641
-13.9795
-50.0932
-85.0419
-118.826
-150.28
-180.568
-207.945
-238.234
-269.105
-298.812
-325.023
-349.487
-376.281
-398.998
-421.715
-441.519
-455.499
-469.478
-480.545
-492.195
-500.932
-507.339
-509.087
-509.087
-506.757
-503.262
-500.349
-491.612
-482.875
-472.973
-460.741
-451.421
-444.432
-436.859
-425.21
-411.23
-393.756
-375.116
-357.06
-339.003
-318.616
-297.064
-276.095
-253.378
-235.904
-220.76
-204.45
-189.888
-176.491
-161.929
-150.862
-139.212
-128.145
-116.496
-102.516
-85.6244
-65.8201
-46.0158
-28.5415
-13.9795
1.16496
18.6393
38.4436
58.8304
78.6347
99.0214
117.078
138.63
161.929
183.481
204.45
226.002
246.971
267.94
290.075
311.044
332.596
357.06
379.776
402.493
424.627
442.684
461.323
478.215
492.777
507.922
517.824
524.814
530.056
532.386
531.221
529.473
528.891
528.308
524.231
517.241
507.339
492.195
472.39
448.509
425.21
403.075
377.446
351.235
322.111
295.317
269.688
239.981
208.527
175.326
139.212
105.429
72.2274
39.0261
4.07735
-29.124
-59.4129
-87.9543
-117.661
-151.445
-183.481
-216.1
-248.136
-277.26
-305.219
-328.518
-348.322
-366.962
-382.106
-396.668
-407.735
-414.143
-422.297
-428.122
-432.782
-438.607
-439.189
-436.277
-432.782
-425.21
-411.23
-392.008
-375.116
-361.137
-347.74
-332.013
-310.461
-285.997
-263.863
-244.059
-226.002
-207.945
-190.471
-170.666
-151.445
-135.135
-124.651
-115.331
-106.594
-95.5266
-79.7996
-68.15
-62.3253
-55.918
-46.5983
-31.4539
-16.8919
-7.57223
-4.65983
-4.65983
-3.49487
-1.74744
4.65983
13.397
17.4744
16.8919
16.8919
22.7167
32.6188
44.8509
52.4231
50.6757
50.0932
48.9282
53.5881
68.15
81.5471
89.7018
92.6142
93.7791
99.0214
108.341
120.573
131.058
136.3
135.718
138.048
144.455
152.027
164.259
175.909
184.646
186.976
184.646
186.393
195.713
203.868
208.527
211.44
209.11
207.363
206.78
205.033
203.868
204.45
197.46
182.316
166.589
150.28
137.465
125.815
116.496
101.351
82.712
65.8201
47.7633
33.2013
23.8816
13.397
0
-19.2218
-45.4334
-68.7325
-83.877
-99.0214
-112.418
-123.486
-139.212
-151.445
-156.687
-158.434
-153.774
-147.367
-145.62
-150.862
-157.269
-157.852
-154.939
-145.037
-132.805
-123.486
-118.243
-112.418
-99.0214
-79.2171
-55.3355
-36.1137
-25.6291
-16.8919
-11.0671
4.07735
26.2116
46.0158
62.3253
72.8099
76.8872
82.712
95.5266
108.341
118.826
123.486
126.398
127.563
130.475
135.718
138.048
136.883
129.31
122.903
115.913
108.924
100.186
89.1193
78.0522
66.4026
54.1705
45.4334
37.8611
27.959
16.3094
2.9124
-13.397
-29.124
-47.7633
-68.7325
-87.9543
-104.846
-121.156
-135.135
-139.212
-141.542
-145.037
-150.862
-157.269
-160.182
-163.094
-170.084
-174.161
-175.909
-181.733
-185.228
-189.306
-191.053
-191.053
-189.306
-183.481
-178.239
-171.249
-164.259
-157.852
-147.95
-136.3
-126.98
-121.738
-115.913
-112.418
-107.759
-104.264
-97.8565
-87.9543
-80.9646
-75.1398
-69.315
-58.2479
-43.1034
-30.8714
-19.8043
-11.6496
-4.07735
6.98975
21.5517
29.7064
36.1137
41.9385
46.0158
50.6757
53.5881
59.9953
64.0727
69.315
74.5573
82.712
92.6142
101.934
111.836
122.321
134.553
148.532
166.007
179.986
189.306
196.878
205.033
212.022
217.265
223.672
225.419
228.914
234.157
235.904
239.399
244.641
251.631
259.203
265.028
272.018
279.007
284.25
288.91
294.152
300.559
301.724
294.152
280.755
270.853
262.116
258.621
254.543
245.806
232.409
215.517
197.46
181.733
170.666
159.017
143.29
119.991
96.109
73.3924
51.8406
31.4539
9.31966
-13.9795
-37.8611
-61.7428
-85.0419
-105.429
-122.321
-136.3
-154.357
-177.656
-198.625
-216.682
-231.827
-242.894
-252.213
-266.193
-283.667
-306.384
-329.101
-344.245
-355.895
-366.962
-379.776
-396.668
-410.065
-418.802
-421.132
-419.967
-421.132
-422.88
-418.802
-409.483
-393.173
-378.029
-369.292
-360.555
-352.4
-342.498
-330.848
-316.286
-304.054
-294.152
-282.502
-266.775
-246.971
-227.749
-210.857
-196.295
-182.316
-164.842
-147.367
-130.475
-114.166
-99.6039
-91.4492
-85.0419
-75.1398
-60.5778
-47.1808
-30.8714
-8.73719
15.1445
36.1137
51.8406
68.15
89.7018
111.836
136.3
160.764
183.481
198.625
210.857
228.914
254.543
284.25
309.296
325.606
339.585
352.982
366.962
385.019
404.24
417.055
422.88
425.21
430.452
439.189
450.839
458.993
464.818
467.148
465.983
467.731
471.808
475.303
477.05
479.963
476.468
471.226
461.323
441.519
420.55
400.163
379.194
362.302
347.74
329.101
305.219
277.842
251.048
230.662
210.857
185.811
154.939
117.661
82.1295
57.0829
36.6962
15.1445
-10.4846
-43.6859
-80.3821
-113.583
-140.377
-166.589
-193.383
-219.012
-248.136
-276.678
-302.889
-328.518
-350.07
-373.952
-396.086
-414.725
-433.364
-450.256
-467.731
-481.71
-489.865
-495.107
-498.02
-503.844
-507.339
-510.834
-509.087
-499.767
-483.458
-468.896
-463.071
-458.993
-450.839
-437.442
-417.637
-398.416
-384.436
-376.864
-368.709
-355.312
-334.343
-312.791
-292.404
-275.513
-262.116
-247.554
-230.079
-208.527
-182.898
-158.434
-135.718
-117.661
-99.6039
-80.3821
-59.4129
-39.6086
-19.2218
0.582479
16.3094
27.3765
32.0363
39.0261
50.0932
66.9851
87.3719
104.264
114.748
119.408
126.398
140.377
158.434
173.579
183.481
189.306
192.218
198.625
207.363
219.595
235.322
250.466
262.698
274.348
284.25
298.229
315.704
333.178
350.652
368.127
383.271
394.921
407.153
421.715
436.859
453.169
466.566
477.05
486.37
491.03
497.437
504.427
510.834
514.329
516.659
517.824
516.659
511.999
501.514
488.7
472.973
454.916
433.364
408.9
383.854
353.565
319.781
287.745
253.378
217.847
180.568
140.96
99.0214
55.918
8.73719
-36.6962
-78.0522
-119.408
-159.017
-198.625
-239.981
-281.337
-320.363
-355.312
-383.271
-411.23
-442.102
-471.226
-500.349
-524.814
-545.783
-562.092
-577.237
-588.304
-601.701
-613.933
-623.835
-632.572
-635.485
-631.407
-627.912
-623.835
-615.098
-606.361
-592.381
-572.577
-552.19
-530.056
-506.757
-485.205
-461.323
-434.529
-406.57
-375.699
-344.828
-313.956
-280.172
-248.719
-220.76
-190.471
-158.434
-126.398
-95.5266
-65.8201
-36.6962
-6.40727
22.1342
47.7633
69.8975
89.1193
107.176
126.398
147.367
168.919
188.723
203.285
214.935
226.002
237.651
247.554
254.543
263.863
274.93
280.755
284.832
286.58
289.492
290.657
290.657
290.657
290.075
289.492
290.075
289.492
289.492
285.997
284.832
288.327
289.492
294.152
299.394
304.054
308.131
309.879
315.121
319.781
323.858
328.518
330.266
333.178
334.925
333.76
334.925
334.925
334.925
334.343
329.101
323.276
320.363
314.539
306.966
298.812
287.745
275.513
259.786
244.641
230.662
212.605
193.383
172.996
150.28
127.563
103.681
78.0522
49.5107
19.8043
-8.73719
-37.8611
-66.9851
-99.0214
-128.145
-156.104
-181.151
-203.285
-224.837
-246.389
-269.688
-292.404
-313.374
-334.925
-355.312
-373.952
-393.173
-414.143
-434.529
-452.004
-464.236
-475.885
-486.952
-492.195
-490.447
-485.205
-475.885
-460.741
-446.761
-432.782
-418.22
-407.735
-394.338
-379.194
-369.292
-352.982
-337.838
-322.693
-304.054
-287.745
-265.028
-241.146
-220.177
-192.218
-168.336
-147.95
-125.815
-106.011
-83.2945
-56.5005
-32.0363
-11.6496
7.57223
25.0466
40.7735
61.7428
81.5471
99.6039
119.991
133.388
144.455
154.357
159.017
167.171
174.744
179.986
185.811
189.888
188.141
189.306
194.548
201.538
212.022
222.507
231.827
244.641
252.796
258.038
266.775
268.523
267.94
269.688
265.028
265.61
265.61
262.698
266.775
269.688
267.94
267.358
266.775
262.698
264.445
267.358
266.193
265.028
255.126
241.729
230.079
214.352
198.625
181.733
162.512
147.95
132.223
118.243
109.506
96.109
80.3821
66.4026
47.7633
29.124
12.8145
-6.40727
-20.9692
-33.2013
-45.4334
-54.753
-66.9851
-81.5471
-91.4492
-100.186
-111.836
-120.573
-131.058
-148.532
-161.347
-174.744
-185.811
-193.383
-202.703
-207.945
-209.692
-209.692
-207.945
-205.615
-202.12
-197.46
-189.306
-179.986
-169.501
-158.434
-147.95
-135.718
-123.486
-110.089
-93.7791
-79.7996
-65.8201
-54.1705
-43.1034
-30.2889
-17.4744
-6.98975
3.49487
13.9795
22.7167
31.4539
38.4436
42.521
44.2684
44.8509
44.8509
44.8509
45.4334
40.1911
32.0363
23.2992
16.8919
11.0671
1.74744
-11.6496
-25.6291
-40.7735
-58.2479
-73.3924
-90.8667
-108.341
-123.486
-139.212
-148.532
-153.774
-160.182
-164.259
-164.842
-163.677
-160.182
-154.357
-150.28
-147.95
-145.62
-140.96
-132.223
-126.398
-121.156
-117.661
-114.748
-107.176
-98.439
-88.5368
-78.0522
-69.315
-57.6654
-41.356
-25.6291
-8.15471
9.31966
20.9692
39.0261
60.5778
82.712
105.429
126.398
143.872
159.017
171.249
181.151
191.053
196.295
203.285
209.11
216.682
226.002
231.827
234.157
237.069
237.651
235.904
231.827
224.837
215.517
203.285
188.141
174.161
158.434
141.542
124.068
106.594
90.8667
77.4697
61.7428
47.1808
33.7838
20.3868
11.6496
1.74744
-8.15471
-15.1445
-23.8816
-30.8714
-32.6188
-37.2787
-39.0261
-40.1911
-39.0261
-36.6962
-36.6962
-36.1137
-34.9487
-36.1137
-35.5312
-34.9487
-33.7838
-30.2889
-27.3765
-22.1342
-14.562
-8.73719
-0.582479
9.31966
16.8919
24.4641
32.6188
37.2787
40.7735
44.8509
47.1808
46.5983
45.4334
47.1808
46.5983
43.6859
44.2684
43.6859
42.521
39.0261
31.4539
22.7167
12.8145
1.16496
-9.31966
-20.9692
-32.0363
-44.8509
-55.918
-66.9851
-79.2171
-91.4492
-104.264
-115.331
-126.398
-136.3
-147.95
-161.347
-172.414
-185.811
-199.208
-208.527
-217.847
-228.332
-232.992
-237.651
-237.651
-237.651
-238.816
-237.651
-234.739
-230.079
-222.507
-214.935
-205.033
-196.295
-188.723
-177.656
-166.589
-153.774
-139.795
-127.563
-113.001
-96.6915
-79.2171
-60.5778
-41.356
-20.3868
2.9124
26.794
47.7633
64.6552
82.712
94.9441
106.594
118.826
131.058
140.96
152.027
160.182
167.171
174.161
182.316
191.636
201.538
212.022
220.76
230.079
236.486
241.146
244.059
242.311
241.146
239.981
237.651
237.651
236.486
230.662
223.672
214.935
206.198
195.713
186.393
180.568
172.996
167.754
161.929
154.939
147.95
138.63
126.98
115.331
102.516
90.8667
79.2171
65.8201
51.8406
37.8611
25.6291
16.3094
6.40727
-3.49487
-13.9795
-23.2992
-32.6188
-41.9385
-48.9282
-57.6654
-67.5676
-75.7223
-80.3821
-83.877
-87.3719
-91.4492
-93.1966
-97.8565
-101.351
-107.176
-114.166
-121.156
-129.893
-136.3
-140.377
-140.96
-138.048
-138.048
-138.048
-138.048
-136.883
-134.553
-131.64
-131.058
-129.893
-124.651
-118.826
-113.583
-107.176
-103.681
-101.351
-100.769
-99.6039
-99.0214
-95.5266
-94.3616
-93.7791
-93.7791
-96.109
-94.3616
-88.5368
-84.4595
-80.9646
-76.8872
-75.7223
-73.3924
-73.3924
-73.3924
-75.7223
-76.3048
-79.7996
-82.1295
-83.877
-86.7894
-87.9543
-86.7894
-85.0419
-84.4595
-81.5471
-77.4697
-76.8872
-75.1398
-69.8975
-62.9077
-55.918
-50.0932
-44.2684
-37.2787
-32.0363
-26.2116
-15.1445
-8.73719
-1.16496
7.57223
17.4744
29.7064
41.356
53.0056
65.8201
79.2171
92.0317
106.011
119.991
133.388
148.532
157.852
165.424
174.161
182.316
192.218
201.538
206.78
212.605
216.682
219.012
221.342
224.254
227.167
226.002
225.419
224.254
220.177
214.935
207.363
199.208
187.558
175.909
162.512
147.95
131.058
112.418
96.6915
82.712
66.9851
53.5881
39.6086
23.8816
11.6496
0
-11.6496
-24.4641
-37.8611
-53.0056
-68.15
-83.2945
-96.109
-106.594
-116.496
-128.145
-135.135
-141.542
-146.202
-149.115
-150.862
-151.445
-152.027
-149.697
-146.202
-140.96
-136.3
-130.475
-126.398
-123.486
-120.573
-113.583
-106.011
-99.6039
-90.2842
-79.7996
-69.8975
-58.2479
-48.9282
-38.4436
-27.959
-16.8919
-4.65983
5.24231
14.562
21.5517
28.5415
32.6188
37.8611
46.0158
51.2582
57.6654
63.4902
68.15
69.8975
71.0624
70.48
67.5676
64.0727
58.8304
53.5881
46.5983
40.1911
31.4539
20.9692
11.0671
1.16496
-8.73719
-18.6393
-29.7064
-43.1034
-56.5005
-68.15
-79.7996
-90.2842
-101.934
-114.748
-124.651
-132.223
-136.3
-138.63
-138.63
-138.63
-136.3
-132.223
-130.475
-126.98
-121.738
-119.408
-113.583
-106.011
-97.8565
-89.1193
-81.5471
-71.6449
-59.9953
-47.1808
-35.5312
-23.8816
-14.562
-5.82479
3.49487
9.31966
15.7269
22.7167
26.794
32.0363
37.8611
41.9385
47.7633
57.0829
65.2377
73.9748
85.0419
95.5266
104.264
113.001
117.661
122.321
127.563
132.223
139.212
144.455
147.95
154.939
163.677
170.084
178.821
186.393
193.383
195.713
196.295
196.878
193.966
193.383
194.548
193.966
190.471
188.141
182.898
174.744
167.171
157.852
147.367
136.3
123.486
110.671
98.439
85.0419
72.8099
58.8304
45.4334
36.1137
25.0466
15.1445
7.57223
-2.32992
-10.4846
-19.2218
-32.0363
-44.2684
-58.2479
-72.8099
-86.2069
-97.8565
-106.594
-110.671
-117.661
-121.738
-124.068
-128.728
-131.058
-138.048
-146.202
-152.027
-160.182
-167.171
-171.249
-178.821
-183.481
-189.306
-196.295
-198.043
-199.79
-200.373
-197.46
-195.713
-191.636
-186.976
-186.393
-180.568
-174.161
-167.754
-156.687
-149.115
-140.377
-128.145
-119.991
-110.671
-102.516
-99.0214
-93.7791
-91.4492
-91.4492
-87.9543
-84.4595
-80.9646
-75.1398
-72.2274
-66.9851
-58.8304
-53.0056
-45.4334
-39.0261
-36.1137
-33.7838
-32.0363
-30.8714
-29.7064
-27.3765
-27.3765
-25.6291
-23.2992
-19.2218
-13.9795
-8.15471
-0.582479
8.15471
13.397
19.2218
28.5415
37.2787
48.3458
59.9953
69.315
79.7996
90.8667
100.186
108.924
115.331
122.321
128.145
131.64
138.048
141.542
146.202
154.357
162.512
169.501
177.656
185.811
192.801
199.79
205.033
210.857
216.682
223.089
230.662
239.981
249.301
258.621
266.775
272.018
273.765
270.853
265.028
257.456
251.048
244.641
237.069
232.409
226.002
221.925
216.682
208.527
199.208
186.976
174.161
159.599
142.707
122.903
101.351
78.6347
55.3355
29.7064
6.98975
-12.8145
-32.0363
-48.3458
-64.0727
-79.7996
-93.1966
-106.594
-122.903
-139.795
-156.687
-174.161
-189.888
-200.373
-212.605
-225.419
-239.399
-259.203
-281.337
-304.637
-323.858
-341.915
-358.807
-369.292
-376.281
-382.106
-383.271
-381.524
-379.776
-378.029
-377.446
-376.281
-375.116
-369.292
-358.807
-345.993
-331.431
-315.704
-299.394
-284.25
-270.27
-256.873
-242.311
-229.497
-216.682
-202.703
-185.228
-164.259
-140.377
-115.913
-91.4492
-69.315
-50.0932
-26.2116
-2.32992
19.2218
41.356
64.6552
86.2069
104.846
119.408
130.475
137.465
141.542
144.455
149.115
155.522
164.842
174.744
184.646
200.373
210.857
215.517
220.76
223.672
227.167
234.157
241.146
250.466
259.203
265.61
271.435
273.183
271.435
269.105
265.028
262.116
259.786
255.126
251.631
248.136
245.806
244.059
240.564
236.486
231.827
227.167
222.507
216.1
208.527
204.45
199.79
192.218
184.646
176.491
169.501
165.424
160.764
153.774
143.29
129.893
118.826
108.924
100.186
94.3616
86.7894
78.6347
69.315
58.2479
48.3458
40.1911
29.7064
18.6393
6.98975
-5.82479
-16.8919
-29.124
-41.356
-54.1705
-64.6552
-73.9748
-83.877
-96.6915
-111.253
-124.068
-137.465
-153.192
-168.919
-190.471
-212.022
-230.079
-243.476
-252.213
-262.698
-270.27
-276.678
-286.58
-296.482
-303.472
-312.209
-318.616
-322.693
-323.276
-318.616
-312.209
-305.219
-299.977
-294.152
-289.492
-283.667
-277.26
-270.853
-263.863
-255.126
-246.389
-235.904
-223.672
-210.275
-197.46
-185.228
-175.326
-163.677
-150.28
-138.048
-124.651
-111.836
-97.274
-80.3821
-62.3253
-44.8509
-26.794
-7.57223
10.4846
29.7064
46.0158
60.5778
75.1398
90.2842
107.176
125.233
140.377
156.104
170.084
184.063
193.966
200.955
207.945
214.935
219.595
224.254
228.914
232.409
236.486
241.146
244.641
247.554
249.301
249.301
248.719
246.389
244.059
242.311
240.564
238.234
235.904
234.157
231.244
227.167
223.089
217.265
211.44
206.198
200.373
193.966
188.141
179.986
167.754
159.017
147.95
136.883
124.068
109.506
99.6039
90.8667
83.2945
75.7223
68.7325
59.9953
49.5107
36.6962
23.8816
13.9795
2.9124
-3.49487
-9.31966
-14.562
-18.6393
-28.5415
-38.4436
-49.5107
-61.1603
-70.48
-83.2945
-93.1966
-100.769
-106.594
-110.089
-115.331
-119.991
-126.398
-135.135
-143.872
-153.774
-164.259
-170.084
-172.996
-175.909
-174.744
-173.579
-175.909
-178.239
-182.898
-186.976
-192.218
-195.713
-199.208
-200.955
-204.45
-207.363
-208.527
-206.78
-205.615
-204.45
-198.043
-193.383
-189.888
-184.646
-182.898
-178.821
-174.161
-170.084
-163.094
-159.599
-152.027
-142.707
-132.805
-121.738
-110.671
-100.186
-90.8667
-82.1295
-73.9748
-65.2377
-54.1705
-43.6859
-33.7838
-22.1342
-12.2321
-2.32992
8.15471
20.3868
29.124
39.0261
50.0932
62.3253
75.7223
87.9543
99.6039
109.506
119.408
129.893
139.795
145.62
151.445
157.852
163.094
170.084
175.909
180.568
183.481
186.976
189.306
191.053
193.383
192.801
192.801
188.141
182.316
176.491
168.336
161.929
156.104
150.862
144.455
140.96
139.795
135.135
133.388
132.223
128.728
125.815
119.408
111.836
103.099
93.7791
85.6244
76.3048
68.7325
59.9953
53.5881
45.4334
37.8611
29.7064
20.3868
12.2321
4.07735
-4.65983
-11.6496
-20.9692
-30.2889
-39.0261
-46.0158
-52.4231
-58.8304
-62.3253
-66.9851
-71.0624
-74.5573
-76.3048
-77.4697
-78.0522
-78.0522
-82.1295
-85.6244
-85.0419
-85.6244
-84.4595
-84.4595
-87.9543
-89.1193
-90.2842
-92.0317
-92.0317
-91.4492
-87.9543
-83.877
-77.4697
-73.9748
-69.315
-64.0727
-63.4902
-61.7428
-59.9953
-54.1705
-47.1808
-41.356
-37.2787
-33.7838
-30.8714
-31.4539
-29.124
-28.5415
-28.5415
-26.2116
-25.6291
-24.4641
-22.1342
-19.8043
-16.8919
-12.8145
-8.73719
-9.31966
-8.73719
-6.40727
-2.32992
1.74744
1.74744
0.582479
1.74744
0.582479
1.16496
0.582479
-0.582479
0
-1.74744
-4.65983
-6.40727
-6.40727
-7.57223
-9.31966
-11.0671
-13.397
-16.3094
-17.4744
-19.8043
-19.2218
-19.2218
-19.8043
-18.6393
-15.1445
-11.6496
-11.0671
-8.15471
-8.73719
-8.15471
-3.49487
0
5.82479
9.90214
12.2321
15.1445
14.562
12.2321
13.397
13.9795
16.8919
21.5517
27.3765
32.0363
38.4436
43.6859
46.5983
47.7633
47.1808
48.3458
51.2582
52.4231
54.753
55.918
58.8304
61.7428
63.4902
62.9077
60.5778
58.8304
58.2479
57.0829
57.0829
56.5005
57.0829
55.918
55.3355
54.1705
53.0056
52.4231
48.3458
45.4334
39.6086
31.4539
22.1342
12.2321
4.07735
-2.32992
-11.0671
-19.2218
-23.2992
-26.794
-30.2889
-33.2013
-36.1137
-36.6962
-38.4436
-40.7735
-43.1034
-46.0158
-46.5983
-47.7633
-47.7633
-48.3458
-50.0932
-50.6757
-50.6757
-51.2582
-50.6757
-48.3458
-48.3458
-47.7633
-44.2684
-42.521
-39.0261
-34.9487
-30.8714
-24.4641
-18.6393
-13.397
-8.15471
-3.49487
1.16496
6.40727
7.57223
9.31966
10.4846
10.4846
10.4846
9.90214
8.15471
6.98975
6.98975
6.40727
6.98975
6.40727
5.82479
6.98975
7.57223
11.6496
15.7269
17.4744
18.0568
17.4744
13.397
8.73719
2.32992
-3.49487
-9.31966
-16.8919
-24.4641
-31.4539
-39.0261
-43.1034
-44.8509
-46.5983
-48.3458
-46.5983
-44.8509
-45.4334
-45.4334
-46.0158
-46.5983
-47.1808
-48.9282
-50.6757
-50.0932
-51.8406
-54.1705
-53.5881
-53.0056
-47.1808
-41.356
-35.5312
-24.4641
-13.397
-4.65983
4.65983
13.397
22.7167
30.2889
35.5312
40.1911
42.521
45.4334
46.5983
47.1808
49.5107
54.1705
58.8304
64.6552
69.315
75.1398
80.3821
85.0419
90.2842
93.1966
94.3616
94.3616
91.4492
88.5368
82.712
76.8872
72.8099
68.7325
65.2377
63.4902
59.4129
55.918
54.753
51.8406
51.2582
48.9282
46.0158
40.1911
32.6188
28.5415
20.9692
13.9795
8.15471
0
-5.82479
-11.0671
-17.4744
-21.5517
-26.2116
-29.7064
-31.4539
-33.7838
-38.4436
-42.521
-46.5983
-48.3458
-49.5107
-49.5107
-48.3458
-47.1808
-46.0158
-43.1034
-43.1034
-41.356
-40.1911
-40.7735
-41.356
-41.356
-43.6859
-47.7633
-49.5107
-54.1705
-55.3355
-55.3355
-53.5881
-50.0932
-45.4334
-39.6086
-33.7838
-28.5415
-23.2992
-22.1342
-21.5517
-22.7167
-23.2992
-25.0466
-25.6291
-26.794
-25.6291
-23.8816
-25.6291
-27.3765
-27.959
-26.794
-22.7167
-19.8043
-17.4744
-15.7269
-14.562
-11.6496
-10.4846
-11.0671
-9.90214
-8.73719
-8.15471
-5.82479
-3.49487
-1.16496
1.16496
2.9124
3.49487
2.9124
4.65983
4.65983
6.40727
5.82479
8.73719
13.397
15.7269
18.6393
20.3868
24.4641
26.2116
27.3765
30.2889
32.0363
33.2013
34.9487
35.5312
34.9487
33.2013
30.2889
27.3765
26.2116
27.959
29.124
29.7064
30.2889
32.6188
33.2013
32.0363
34.3663
33.2013
33.7838
34.9487
33.7838
37.2787
37.8611
38.4436
37.2787
37.2787
38.4436
35.5312
32.6188
27.959
24.4641
23.8816
19.8043
17.4744
14.562
12.2321
11.6496
9.90214
11.0671
11.6496
12.8145
13.9795
12.2321
11.6496
10.4846
6.98975
5.82479
2.9124
1.74744
2.9124
1.16496
2.32992
0
-2.32992
-4.65983
-9.31966
-12.8145
-17.4744
-20.9692
-22.1342
-24.4641
-27.3765
-30.8714
-31.4539
-34.3663
-35.5312
-34.9487
-34.3663
-33.7838
-36.1137
-37.2787
-41.356
-44.8509
-47.7633
-49.5107
-51.2582
-52.4231
-52.4231
-51.2582
-49.5107
-47.1808
-45.4334
-44.2684
-41.9385
-39.6086
-38.4436
-38.4436
-39.6086
-39.6086
-40.1911
-40.1911
-38.4436
-37.2787
-33.7838
-34.9487
-34.9487
-32.6188
-31.4539
-29.124
-27.3765
-26.794
-26.2116
-25.6291
-25.0466
-23.2992
-20.9692
-18.6393
-15.1445
-11.6496
-7.57223
-3.49487
2.32992
6.40727
9.31966
13.397
16.3094
20.3868
22.7167
25.6291
26.794
25.6291
26.2116
28.5415
32.0363
34.3663
37.2787
40.7735
44.8509
49.5107
53.5881
57.0829
60.5778
61.1603
61.7428
61.7428
61.7428
62.3253
62.9077
64.0727
64.0727
67.5676
69.8975
71.6449
71.6449
71.6449
72.2274
71.0624
72.2274
73.9748
75.1398
75.7223
75.1398
72.8099
71.0624
68.7325
65.2377
62.3253
57.0829
52.4231
47.7633
39.6086
32.6188
26.794
20.3868
14.562
9.31966
2.9124
-4.07735
-12.2321
-18.0568
-21.5517
-24.4641
-25.6291
-27.959
-29.124
-33.2013
-35.5312
-36.1137
-39.6086
-43.1034
-47.1808
-52.4231
-59.4129
-63.4902
-67.5676
-72.2274
-76.8872
-80.3821
-80.3821
-78.0522
-76.3048
-72.8099
-69.8975
-66.4026
-61.7428
-55.918
-50.6757
-47.1808
-44.2684
-41.9385
-41.9385
-41.9385
-43.1034
-44.2684
-46.0158
-46.0158
-44.2684
-41.9385
-37.2787
-31.4539
-23.8816
-17.4744
-15.7269
-12.8145
-9.31966
-8.15471
-6.98975
-6.40727
-6.40727
-8.15471
-8.15471
-11.0671
-15.1445
-15.1445
-15.7269
-16.3094
-14.562
-15.7269
-15.1445
-15.7269
-16.8919
-16.3094
-17.4744
-18.0568
-18.6393
-19.8043
-20.9692
-20.9692
-18.6393
-16.8919
-15.1445
-11.6496
-8.73719
-5.24231
-0.582479
2.9124
5.82479
8.15471
10.4846
12.8145
15.1445
14.562
16.3094
19.2218
19.2218
22.1342
25.6291
29.7064
36.1137
40.7735
47.1808
52.4231
57.0829
61.1603
65.2377
68.15
69.8975
70.48
70.48
68.7325
66.9851
65.8201
63.4902
61.7428
59.9953
57.6654
56.5005
58.8304
60.5778
61.1603
61.7428
61.7428
62.3253
62.9077
61.1603
59.4129
55.3355
49.5107
43.6859
38.4436
33.7838
29.124
25.6291
20.9692
16.8919
12.2321
11.0671
8.73719
5.82479
5.82479
2.32992
1.16496
-0.582479
-3.49487
-6.98975
-9.90214
-12.2321
-13.9795
-17.4744
-23.2992
-26.2116
-28.5415
-32.6188
-34.3663
-34.3663
-34.3663
-34.3663
-34.3663
-33.7838
-33.2013
-33.2013
-30.8714
-29.7064
-32.0363
-36.1137
-39.6086
-44.2684
-48.9282
-52.4231
-54.1705
-54.1705
-55.918
-55.918
-56.5005
-57.0829
-56.5005
-56.5005
-58.2479
-59.4129
-61.1603
-62.9077
-63.4902
-63.4902
-61.7428
-59.9953
-60.5778
-61.7428
-61.7428
-60.5778
-58.2479
-54.753
-51.2582
-48.3458
-44.8509
-40.1911
-35.5312
-32.0363
-27.3765
-22.1342
-19.2218
-16.8919
-16.3094
-14.562
-15.1445
-13.9795
-14.562
-15.1445
-11.0671
-6.98975
-4.07735
1.74744
5.82479
10.4846
16.3094
19.8043
20.3868
19.2218
19.8043
20.9692
21.5517
25.0466
28.5415
31.4539
36.1137
37.8611
41.9385
41.356
41.356
42.521
40.7735
40.1911
40.7735
40.1911
41.356
43.1034
41.9385
40.1911
39.6086
39.0261
39.0261
40.7735
41.356
41.9385
43.1034
41.9385
41.9385
44.2684
46.0158
47.7633
48.3458
49.5107
51.2582
49.5107
48.3458
49.5107
48.9282
47.1808
45.4334
43.1034
39.6086
39.0261
40.1911
39.6086
39.0261
36.6962
34.3663
30.8714
27.3765
26.2116
25.6291
24.4641
23.8816
22.7167
20.9692
18.6393
16.3094
11.6496
6.98975
5.24231
1.16496
-0.582479
-1.74744
-2.9124
-0.582479
0.582479
-1.16496
-2.9124
-5.82479
-10.4846
-14.562
-18.6393
-24.4641
-29.124
-31.4539
-32.0363
-33.2013
-33.7838
-34.9487
-35.5312
-36.6962
-37.8611
-39.6086
-43.6859
-46.5983
-50.6757
-54.753
-58.8304
-61.1603
-62.9077
-61.7428
-60.5778
-61.1603
-60.5778
-58.8304
-57.6654
-54.753
-53.5881
-56.5005
-58.8304
-60.5778
-62.3253
-61.7428
-61.7428
-59.4129
-55.3355
-51.8406
-48.3458
-45.4334
-41.9385
-40.1911
-39.0261
-40.7735
-42.521
-42.521
-40.7735
-38.4436
-37.2787
-36.6962
-36.1137
-33.2013
-29.124
-26.2116
-22.7167
-18.6393
-13.9795
-8.15471
-6.40727
-2.9124
1.16496
2.9124
5.24231
5.82479
8.15471
11.6496
13.9795
20.3868
27.959
32.6188
38.4436
44.8509
48.9282
53.0056
57.0829
59.4129
62.3253
65.8201
69.315
72.2274
75.7223
77.4697
78.6347
79.2171
79.2171
82.1295
85.6244
86.7894
87.3719
87.3719
89.1193
90.2842
90.8667
88.5368
86.7894
86.2069
86.7894
87.3719
90.2842
91.4492
92.6142
92.0317
90.2842
87.3719
81.5471
76.8872
70.48
64.6552
59.4129
54.753
50.0932
44.2684
38.4436
30.8714
23.8816
18.0568
11.0671
4.07735
-1.74744
-9.31966
-16.3094
-22.1342
-32.0363
-41.356
-49.5107
-59.4129
-66.4026
-71.6449
-76.8872
-80.3821
-83.2945
-85.6244
-87.9543
-92.6142
-96.109
-101.934
-109.506
-115.331
-122.321
-124.651
-126.98
-127.563
-125.815
-124.068
-119.991
-114.166
-108.924
-104.846
-99.6039
-94.9441
-88.5368
-82.712
-76.8872
-69.8975
-66.4026
-59.9953
-55.918
-51.8406
-44.2684
-39.0261
-30.8714
-20.9692
-13.397
-4.07735
2.32992
8.15471
15.1445
19.2218
23.2992
27.3765
31.4539
36.6962
40.7735
46.0158
47.7633
50.0932
49.5107
46.5983
46.0158
45.4334
43.6859
44.8509
45.4334
45.4334
46.5983
44.2684
40.1911
35.5312
31.4539
28.5415
24.4641
19.8043
16.8919
14.562
14.562
16.8919
18.0568
16.8919
13.9795
12.8145
8.73719
8.15471
7.57223
3.49487
1.74744
1.16496
0.582479
1.74744
4.65983
5.24231
5.82479
6.98975
5.82479
7.57223
8.73719
9.90214
15.7269
19.8043
24.4641
30.2889
31.4539
33.7838
37.2787
39.6086
41.9385
45.4334
47.7633
49.5107
51.8406
52.4231
51.8406
54.1705
55.918
58.2479
58.2479
58.8304
59.4129
58.2479
55.3355
55.3355
55.3355
57.0829
56.5005
54.1705
51.8406
47.7633
44.8509
40.7735
34.3663
29.124
24.4641
17.4744
11.6496
4.07735
-5.24231
-15.1445
-25.0466
-32.0363
-41.356
-48.3458
-51.8406
-57.0829
-63.4902
-68.15
-72.8099
-73.9748
-72.2274
-73.3924
-76.3048
-79.7996
-83.2945
-87.9543
-91.4492
-93.1966
-94.3616
-96.109
-97.8565
-98.439
-94.9441
-91.4492
-89.1193
-88.5368
-85.6244
-81.5471
-79.7996
-76.8872
-73.9748
-69.8975
-62.9077
-55.3355
-46.5983
-36.6962
-26.794
-17.4744
-5.82479
1.16496
8.15471
13.9795
16.3094
18.0568
18.6393
18.6393
17.4744
20.3868
23.2992
24.4641
27.959
31.4539
35.5312
40.7735
43.6859
45.4334
50.0932
53.0056
54.1705
55.918
58.2479
59.9953
61.7428
62.9077
61.1603
59.4129
57.6654
55.3355
50.6757
46.0158
41.356
36.1137
30.8714
28.5415
26.794
26.794
27.3765
28.5415
30.2889
32.6188
33.2013
33.2013
33.2013
30.2889
25.6291
22.1342
16.8919
12.8145
8.15471
2.9124
2.32992
1.16496
1.16496
3.49487
5.82479
10.4846
13.397
16.3094
19.8043
20.3868
21.5517
21.5517
20.3868
19.8043
18.0568
14.562
13.9795
12.2321
7.57223
6.40727
3.49487
0
-0.582479
-4.65983
-7.57223
-8.73719
-12.8145
-13.9795
-15.7269
-15.1445
-12.8145
-12.8145
-12.2321
-11.0671
-12.8145
-11.6496
-12.2321
-13.9795
-13.9795
-18.0568
-23.2992
-26.2116
-31.4539
-34.9487
-35.5312
-39.0261
-39.0261
-39.0261
-38.4436
-36.1137
-33.7838
-32.6188
-30.2889
-26.794
-25.0466
-23.2992
-21.5517
-19.8043
-17.4744
-15.1445
-14.562
-15.7269
-18.0568
-22.1342
-24.4641
-25.6291
-27.3765
-27.959
-27.959
-27.3765
-25.6291
-25.0466
-20.9692
-13.9795
-9.90214
-5.24231
-1.74744
0.582479
4.07735
3.49487
5.24231
5.82479
5.82479
5.82479
2.9124
-0.582479
-2.9124
-3.49487
-4.07735
-2.9124
-3.49487
-2.9124
0.582479
1.16496
2.32992
2.9124
4.65983
8.73719
8.73719
9.90214
9.31966
10.4846
15.1445
16.3094
17.4744
18.0568
19.2218
19.2218
18.0568
16.3094
15.1445
15.7269
18.0568
20.3868
21.5517
24.4641
28.5415
30.8714
32.0363
31.4539
27.959
23.8816
20.9692
16.3094
12.2321
11.6496
11.6496
12.8145
13.9795
13.9795
12.8145
11.0671
10.4846
8.15471
7.57223
4.07735
2.32992
2.9124
3.49487
4.65983
6.98975
8.73719
12.2321
14.562
14.562
13.397
13.397
11.0671
9.90214
9.90214
9.31966
10.4846
11.6496
12.8145
12.8145
12.8145
13.9795
13.9795
12.8145
9.90214
9.31966
8.73719
8.15471
10.4846
13.397
14.562
15.1445
16.3094
15.1445
13.9795
10.4846
5.24231
2.32992
-0.582479
-2.9124
-6.98975
-10.4846
-13.397
-15.1445
-15.7269
-18.6393
-23.2992
-29.124
-33.7838
-36.6962
-42.521
-45.4334
-50.6757
-55.3355
-59.4129
-62.9077
-65.8201
-65.8201
-66.4026
-66.9851
-66.4026
-68.15
-68.7325
-69.315
-71.0624
-71.6449
-71.6449
-71.0624
-68.15
-65.2377
-62.9077
-59.4129
-55.918
-53.5881
-50.0932
-46.5983
-44.2684
-41.9385
-39.0261
-34.3663
-29.124
-23.8816
-16.8919
