SAMPLES: 7710
BITSPERSAMPLE:	16
CHANNELS:	1
SAMPLERATE:	16000
NORMALIZED:	FALSE
-127.251
-115.505
-105.064
-90.7074
-65.9097
-39.1543
-18.272
0
17.6194
31.3234
31.976
24.1451
18.272
14.3566
16.3143
22.84
37.8491
50.9005
54.1634
50.9005
45.0274
45.0274
42.4171
35.2388
22.1874
6.52571
-7.83085
-26.1028
-35.8914
-35.2388
-36.544
-43.7223
-52.2057
-58.7314
-69.1725
-81.5714
-97.8857
-115.505
-134.43
-163.795
-197.729
-226.442
-238.188
-229.052
-189.898
-108.979
-5.22057
92.6651
185.33
274.08
351.083
413.73
463.326
505.09
539.024
537.719
490.733
418.298
353.694
312.582
278.648
253.198
242.756
250.587
274.732
302.14
334.116
359.567
352.388
305.403
236.883
146.829
38.5017
-67.8674
-161.838
-237.536
-300.183
-350.431
-371.966
-356.956
-321.065
-273.427
-220.569
-159.88
-99.1908
-54.816
-28.7131
-18.9246
-29.3657
-51.5531
-75.0457
-96.5805
-110.937
-119.421
-122.683
-111.59
-87.4445
-61.3417
-33.9337
-6.52571
15.0091
19.5771
12.3989
8.48342
1.30514
-10.4411
-21.5348
-31.3234
-39.1543
-48.9428
-58.7314
-57.4263
-43.7223
-34.5863
-31.976
-41.112
-52.2057
-59.384
-69.8251
-80.2662
-84.8342
-88.7497
-90.0548
-84.8342
-78.9611
-65.2571
-52.2057
-41.7646
-24.7977
-15.0091
-14.3566
-17.6194
-22.1874
-24.7977
-31.3234
-41.112
-46.9851
-49.5954
-51.5531
-43.7223
-36.544
-30.0183
-23.4926
-28.7131
-27.408
-28.7131
-38.5017
-49.5954
-62.6468
-77.0034
-89.4022
-106.369
-125.946
-142.913
-162.49
-181.415
-195.119
-206.865
-216.654
-231.01
-246.019
-266.249
-288.436
-300.183
-296.92
-260.376
-182.067
-71.7828
46.9851
159.227
260.376
360.872
453.537
522.057
578.178
617.332
625.816
588.619
509.005
421.561
353.694
294.962
244.062
207.518
197.076
214.696
247.977
291.699
336.727
363.482
353.041
308.666
236.231
134.43
18.272
-100.496
-204.907
-290.394
-360.872
-398.068
-398.721
-366.092
-306.708
-230.358
-140.303
-43.7223
39.1543
92.6651
116.158
110.937
82.8765
52.2057
18.9246
-12.3989
-40.4594
-65.9097
-79.6137
-73.7405
-52.2057
-22.1874
11.7463
43.0697
56.1211
52.8583
41.7646
19.5771
-0.652571
-24.1451
-46.3326
-63.2994
-75.0457
-75.6983
-69.1725
-48.9428
-27.408
-12.3989
-0.652571
0
-11.7463
-39.1543
-70.4777
-103.759
-138.998
-167.058
-186.635
-192.508
-193.814
-189.898
-177.499
-154.659
-122.031
-92.0125
-66.5623
-54.816
-54.1634
-58.0788
-64.6045
-67.8674
-67.2148
-74.3931
-79.6137
-73.088
-63.2994
-48.9428
-29.3657
-10.4411
-2.61028
-8.48342
-16.3143
-26.1028
-43.0697
-63.952
-80.2662
-93.3177
-108.327
-123.336
-141.608
-157.922
-176.847
-202.95
-229.052
-251.24
-277.995
-315.192
-358.914
-390.238
-396.763
-356.304
-259.723
-116.81
39.8068
180.762
319.76
463.326
597.103
698.904
760.898
788.306
763.508
679.327
552.075
430.044
339.337
266.902
207.518
168.363
163.795
193.814
254.503
328.896
390.89
418.298
391.543
314.539
204.255
65.2571
-94.6228
-249.935
-379.796
-478.335
-532.498
-536.413
-486.818
-397.416
-290.394
-170.974
-45.68
69.8251
159.227
217.306
232.315
210.128
164.448
121.378
90.7074
62.6468
36.544
18.9246
16.9668
32.6286
57.4263
84.8342
109.632
119.421
101.801
65.2571
22.1874
-20.2297
-61.3417
-101.149
-126.599
-136.387
-133.125
-118.115
-92.6651
-62.6468
-35.2388
-9.136
2.61028
4.568
-10.4411
-38.5017
-78.3085
-129.209
-165.753
-187.288
-197.076
-202.297
-204.255
-193.161
-167.058
-127.904
-91.36
-66.5623
-56.7737
-65.2571
-92.0125
-125.294
-157.27
-184.025
-214.043
-246.019
-268.859
-268.859
-248.63
-218.611
-181.415
-149.439
-122.031
-97.8857
-82.8765
-72.4354
-70.4777
-81.5714
-105.717
-131.167
-157.27
-170.974
-176.847
-182.067
-197.076
-219.264
-227.747
-227.747
-230.358
-249.935
-291.047
-339.99
-368.05
-334.116
-206.865
-1.95771
207.518
383.059
541.634
706.082
875.75
1008.87
1087.18
1123.07
1090.45
959.28
751.109
544.244
386.322
259.723
143.566
56.1211
25.4503
62.6468
148.786
251.892
336.727
373.923
343.905
250.587
123.336
-28.0606
-200.992
-388.28
-563.169
-685.852
-736.1
-708.692
-613.417
-469.851
-300.183
-120.073
54.816
208.823
337.379
413.078
430.044
391.543
297.572
201.644
127.904
63.952
6.52571
-43.7223
-60.0365
-41.7646
-1.95771
35.8914
58.0788
52.2057
13.704
-61.3417
-152.049
-231.663
-294.31
-353.041
-398.068
-418.951
-396.763
-311.929
-206.865
-97.8857
-7.83085
56.7737
113.547
161.185
175.542
154.659
113.547
48.2903
-35.2388
-113.547
-163.795
-180.762
-180.11
-163.795
-136.387
-91.36
-32.6286
14.3566
36.544
18.9246
-27.408
-91.36
-158.575
-216.001
-270.164
-319.107
-351.736
-349.778
-309.319
-239.494
-169.016
-98.5382
-35.2388
11.7463
42.4171
54.816
50.248
26.1028
-18.272
-65.9097
-103.106
-115.505
-104.411
-93.9702
-93.9702
-111.59
-136.387
-165.1
-202.95
-261.028
-366.745
-490.081
-588.619
-603.628
-452.232
-148.134
201.644
485.513
719.786
956.669
1203.34
1400.42
1490.47
1511.35
1444.14
1246.41
916.21
527.93
219.264
-8.48342
-202.297
-351.083
-409.162
-324.328
-148.134
50.9005
215.348
292.352
249.935
113.547
-60.0365
-246.019
-458.105
-687.157
-878.361
-978.204
-959.28
-820.934
-604.933
-328.243
-34.5863
235.578
477.029
659.097
771.339
787.001
698.904
519.447
285.174
60.0365
-98.5382
-187.94
-262.986
-325.633
-345.863
-300.835
-208.823
-133.125
-112.242
-145.523
-233.62
-353.694
-477.682
-586.661
-662.36
-700.861
-689.115
-611.459
-440.486
-202.297
55.4685
295.615
482.903
609.501
674.759
700.209
672.801
583.399
448.316
269.512
97.8857
-18.272
-76.3508
-91.36
-80.2662
-66.5623
-47.6377
-3.26286
41.112
52.2057
11.0937
-78.9611
-199.034
-317.15
-397.416
-434.612
-432.002
-391.543
-319.107
-202.95
-39.8068
141.608
290.394
381.102
415.035
397.416
345.21
264.291
157.27
36.544
-69.8251
-159.227
-227.095
-251.892
-238.841
-225.137
-240.799
-292.352
-364.787
-441.138
-531.845
-681.937
-873.793
-1046.07
-1141.35
-1073.48
-770.687
-253.198
330.854
819.629
1198.12
1536.15
1851.34
2063.43
2091.49
1968.81
1729.97
1326.68
763.508
169.668
-307.361
-636.909
-865.309
-999.739
-998.434
-832.681
-554.033
-266.249
-66.5623
6.52571
-58.0788
-237.536
-449.622
-653.224
-848.995
-1018.66
-1108.07
-1038.89
-781.78
-383.059
79.6137
542.287
950.796
1264.03
1457.19
1515.27
1424.56
1186.37
833.986
409.162
-33.2811
-395.458
-616.027
-711.955
-722.396
-690.42
-625.163
-507.048
-360.872
-269.512
-277.995
-364.135
-491.386
-629.731
-751.762
-805.925
-768.729
-632.994
-408.51
-105.064
298.878
758.288
1155.05
1418.04
1523.75
1489.17
1342.34
1096.97
768.076
388.932
20.2297
-314.539
-587.314
-743.931
-777.212
-740.668
-681.284
-602.323
-509.005
-400.679
-294.962
-248.63
-261.028
-295.615
-338.032
-349.126
-306.056
-199.687
-43.7223
142.913
332.159
509.658
681.937
818.324
854.216
768.729
601.018
400.679
205.56
11.7463
-192.508
-373.923
-475.072
-506.395
-507.048
-475.724
-441.791
-432.655
-480.292
-582.746
-706.735
-830.723
-958.627
-1120.46
-1277.73
-1339.08
-1194.21
-693.031
160.532
1077.39
1733.23
2114.33
2415.17
2692.51
2824.33
2665.75
2293.13
1818.06
1164.84
301.488
-592.535
-1223.57
-1562.91
-1782.17
-1925.74
-1918.56
-1655.57
-1203.34
-747.847
-416.34
-239.494
-216.654
-335.422
-496.607
-599.713
-617.332
-586.009
-518.794
-332.811
71.1303
666.275
1260.11
1669.93
1865.7
1898.98
1809.58
1562.91
1125.03
540.981
-85.4868
-676.064
-1196.16
-1558.99
-1669.28
-1535.5
-1287.52
-1063.69
-883.581
-669.538
-400.679
-189.898
-135.082
-218.611
-337.379
-403.289
-370.66
-215.348
34.5863
345.21
719.133
1149.83
1589.66
1936.83
2071.91
1959.67
1637.95
1187.03
679.979
154.007
-339.337
-783.738
-1159.62
-1395.2
-1447.4
-1300.57
-1030.41
-740.016
-497.259
-311.929
-160.532
-37.1966
63.2994
113.547
92.6651
28.0606
-7.17828
63.2994
242.756
451.579
619.29
727.617
779.17
789.611
733.49
588.619
353.041
35.2388
-292.352
-564.474
-721.091
-761.551
-722.396
-641.477
-546.855
-423.519
-274.732
-140.955
-97.2331
-170.974
-338.032
-552.075
-736.1
-855.521
-907.726
-919.473
-931.872
-918.168
-785.043
-445.706
170.974
1028.45
1828.5
2282.69
2377.97
2338.81
2300.31
2174.37
1854.61
1376.93
867.267
300.183
-384.364
-1070.22
-1537.46
-1757.37
-1870.27
-1919.86
-1836.34
-1528.32
-1030.41
-508.353
-107.674
129.862
242.756
257.113
210.128
161.838
157.922
194.466
249.282
353.694
569.042
928.609
1291.44
1463.06
1386.71
1142
844.427
501.827
52.8583
-505.09
-1068.91
-1516.58
-1784.78
-1867.66
-1764.55
-1485.9
-1109.37
-742.626
-432.655
-152.702
110.937
314.539
379.144
312.582
210.128
147.481
171.626
274.732
454.842
724.354
1037.59
1301.23
1450.67
1456.54
1305.14
982.12
527.93
28.7131
-432.655
-800.052
-1085.23
-1311.67
-1425.22
-1354.74
-1111.98
-760.245
-383.059
-55.4685
195.771
378.491
493.996
548.812
571.652
548.16
460.063
342.6
272.122
285.826
352.388
420.908
424.824
366.092
285.826
180.11
43.0697
-121.378
-308.014
-493.996
-621.248
-651.919
-579.483
-429.392
-273.427
-144.871
-30.6708
58.0788
104.411
82.224
-16.3143
-184.025
-420.256
-648.003
-809.188
-871.182
-871.835
-874.445
-869.877
-811.146
-579.483
-42.4171
839.859
1733.88
2243.54
2329.03
2257.9
2231.79
2130.64
1829.81
1369.75
882.929
313.234
-457.452
-1241.84
-1748.24
-1923.13
-1984.47
-2026.89
-1937.48
-1583.14
-982.12
-373.923
63.2994
308.014
430.697
448.316
376.534
301.488
293.004
380.449
493.344
606.891
796.137
1106.11
1410.86
1467.63
1218.35
772.644
284.521
-167.711
-646.698
-1182.46
-1675.8
-1998.17
-2101.28
-1978.6
-1640.56
-1174.63
-670.191
-245.367
46.3326
251.24
428.739
565.127
552.075
406.552
249.282
193.161
277.343
441.138
615.375
774.602
927.304
1010.18
1007.57
946.228
778.517
455.495
12.3989
-426.782
-747.847
-912.294
-982.12
-1013.44
-967.11
-819.629
-581.441
-291.699
-1.95771
216.001
328.243
375.881
399.374
448.316
522.057
564.474
529.235
456.8
395.458
347.82
306.056
238.841
140.303
16.3143
-115.505
-228.4
-290.394
-298.878
-313.234
-339.99
-339.99
-296.92
-202.297
-94.6228
-7.83085
60.6891
101.149
103.759
107.022
142.261
173.584
135.735
20.2297
-129.862
-281.258
-424.824
-561.211
-716.523
-881.624
-1048.68
-1202.04
-1271.86
-1194.21
-914.905
-199.687
998.434
2158.05
2724.48
2694.47
2527.41
2415.82
2133.91
1554.42
920.778
449.622
-86.792
-920.125
-1739.1
-2073.87
-2006
-1920.52
-1908.77
-1779.56
-1324.72
-640.172
-38.5017
329.548
524.015
587.967
498.564
359.567
354.999
566.432
856.173
1016.71
1022.58
1072.17
1273.17
1378.88
1125.69
542.939
-150.091
-706.735
-1077.39
-1394.54
-1701.91
-1885.93
-1865.7
-1666.01
-1307.1
-807.883
-245.367
218.611
471.156
520.752
507.048
558.601
606.239
529.235
387.627
300.183
300.183
370.66
465.283
564.474
660.402
696.946
580.788
370.008
159.88
-83.5291
-430.044
-828.113
-1115.9
-1196.82
-1055.21
-835.291
-661.707
-473.114
-192.508
127.904
386.975
548.16
589.924
572.305
552.075
510.963
487.471
487.471
418.951
225.79
-2.61028
-148.134
-212.738
-247.977
-323.675
-395.458
-365.44
-218.611
-35.2388
120.726
247.324
309.971
321.718
320.412
326.286
313.234
257.766
159.88
37.8491
-29.3657
-28.0606
-12.3989
-31.3234
-110.937
-254.503
-392.848
-453.537
-492.039
-565.127
-656.487
-758.94
-847.037
-890.107
-868.572
-788.306
-640.172
-431.35
66.5623
1155.05
2451.06
3126.47
2899.37
2364.27
2057.56
1823.94
1335.16
711.955
328.243
-9.78857
-781.128
-1811.54
-2366.22
-2291.83
-2161.32
-2246.15
-2257.24
-1792.61
-902.506
-40.4594
513.573
851.605
1059.12
1014.1
794.179
709.997
880.971
1098.93
1074.78
837.901
754.372
986.035
1156.36
855.521
156.617
-581.441
-1110.02
-1437.61
-1683.63
-1885.28
-1934.22
-1778.26
-1502.22
-1085.23
-493.996
131.819
580.788
751.762
713.26
654.529
702.819
751.109
676.716
537.066
413.078
315.844
262.986
261.681
268.207
217.959
3.26286
-352.388
-600.365
-593.187
-527.93
-599.06
-717.176
-691.725
-454.19
-114.853
160.532
318.455
425.476
460.715
379.796
231.663
91.36
-22.84
-107.674
-165.753
-168.363
-46.3326
148.134
261.028
232.968
120.726
0
-93.3177
-158.575
-177.499
-110.937
58.0788
278.648
484.208
656.487
769.381
740.668
556.643
301.488
63.952
-135.082
-318.455
-477.682
-509.658
-395.458
-242.104
-180.762
-199.034
-193.814
-162.49
-147.481
-214.696
-300.835
-328.896
-329.548
-348.473
-371.966
-394.153
-507.7
-723.049
-907.726
-916.21
-685.852
-71.7828
1147.22
2600.5
3416.21
3174.11
2439.96
1937.48
1608.59
1037.59
287.784
-144.218
-327.591
-856.826
-1737.14
-2279.43
-2178.28
-1962.93
-2011.22
-1984.47
-1455.89
-555.338
213.391
667.58
969.068
1093.71
861.394
445.706
306.056
557.948
835.291
803.315
633.647
725.659
1059.12
1169.41
706.735
-101.801
-833.333
-1322.11
-1637.3
-1833.72
-1798.49
-1482.64
-1039.55
-666.275
-335.422
116.81
605.586
845.08
717.828
422.214
253.85
287.131
379.796
422.214
424.824
411.12
327.591
225.79
204.255
176.847
-0.652571
-337.379
-623.205
-664.317
-466.588
-210.78
-37.8491
110.285
276.69
411.12
422.866
312.582
151.397
-47.6377
-270.817
-471.809
-542.287
-430.697
-246.672
-111.59
-31.3234
61.3417
165.753
219.264
171.626
46.9851
-58.7314
-71.7828
28.7131
209.475
405.899
572.957
647.351
608.196
477.029
296.267
110.285
-93.9702
-283.216
-394.806
-389.585
-313.234
-263.639
-262.986
-315.844
-387.627
-469.199
-524.667
-496.607
-384.364
-223.179
-116.81
-33.2811
93.9702
197.076
166.406
-15.0091
-230.358
-398.068
-577.525
-765.466
-852.258
-727.617
-431.35
84.8342
1072.17
2354.48
3113.42
2760.38
1752.81
1006.26
708.04
411.12
-19.5771
-138.345
122.031
45.0274
-696.293
-1457.19
-1641.22
-1575.31
-1773.04
-2005.35
-1690.16
-805.925
117.463
769.381
1200.73
1343.64
1006.26
413.73
132.472
302.14
487.471
428.087
435.918
822.892
1352.78
1465.67
984.077
245.367
-445.706
-1076.74
-1634.69
-1927.7
-1790.66
-1317.54
-817.019
-515.531
-309.319
13.704
347.168
396.111
115.505
-191.856
-242.104
-43.0697
227.747
456.147
676.064
823.545
736.753
478.987
246.672
99.8434
-77.0034
-324.328
-460.715
-352.388
-57.4263
220.569
401.331
496.607
421.561
117.463
-326.286
-679.979
-835.291
-853.563
-747.847
-463.978
-3.26286
439.833
632.341
567.084
403.942
257.113
104.411
-48.2903
-99.1908
9.136
224.484
437.223
567.737
588.619
461.368
168.363
-203.602
-489.428
-597.103
-545.549
-398.068
-241.451
-97.2331
2.61028
6.52571
-99.8434
-301.488
-510.963
-636.257
-584.704
-360.219
-55.4685
232.968
418.298
471.809
374.576
154.659
-68.52
-237.536
-383.712
-516.836
-571.652
-543.592
-542.939
-645.393
-805.925
-914.252
-878.361
-514.879
480.945
1900.29
2822.37
2602.45
1669.28
1042.81
1003.65
957.974
619.29
490.081
755.025
686.505
-206.212
-1265.34
-1641.87
-1531.58
-1648.39
-1936.83
-1656.88
-655.834
334.116
787.653
855.521
673.453
161.185
-446.359
-579.483
-88.0971
527.93
891.412
1270.56
1880.71
2293.13
1982.51
1058.47
53.5108
-761.551
-1416.08
-1809.58
-1672.54
-1052.6
-397.416
-112.895
-227.095
-456.8
-588.619
-668.233
-787.001
-874.445
-719.133
-225.137
417.646
929.914
1194.86
1245.11
1048.68
548.16
-42.4171
-341.295
-247.324
-19.5771
95.2754
151.397
291.699
383.059
193.814
-257.113
-696.946
-954.059
-1041.5
-969.721
-678.021
-214.696
209.475
429.392
474.419
448.969
364.135
197.076
0
-111.59
-69.1725
122.031
386.975
582.746
571.652
330.854
-52.8583
-408.51
-630.384
-701.514
-661.707
-531.193
-311.929
-52.8583
136.387
155.312
7.83085
-235.578
-445.054
-512.921
-375.228
-54.1634
342.6
644.74
755.025
670.191
460.063
193.161
-123.989
-441.138
-668.233
-683.895
-476.377
-195.771
-63.952
-148.134
-354.999
-627.121
-975.594
-1305.14
-1439.57
-1273.17
-764.813
218.611
1695.38
3037.07
3313.76
2362.96
1142
600.365
677.369
755.677
832.681
1265.34
1613.16
976.246
-557.296
-1834.38
-2175.02
-2076.48
-2192.64
-2203.08
-1418.04
-84.1817
876.403
1041.5
629.079
-65.2571
-775.255
-1073.48
-665.623
230.358
1129.6
1853.95
2471.94
2760.38
2352.52
1316.89
163.143
-750.457
-1394.54
-1666.67
-1326.68
-467.894
313.887
452.884
-58.7314
-827.46
-1481.34
-1827.85
-1817.41
-1481.99
-854.216
-17.6194
815.061
1371.05
1469.59
1172.67
676.716
112.242
-370.66
-485.513
-45.0274
694.336
1215.74
1265.99
1020.62
676.064
140.303
-620.595
-1282.3
-1435.66
-1094.36
-584.051
-151.397
148.134
285.174
151.397
-272.775
-738.711
-910.989
-717.828
-261.681
277.995
731.532
1029.76
1113.94
901.201
405.247
-207.518
-716.523
-895.328
-715.218
-339.99
35.2388
304.751
363.482
149.439
-260.376
-711.955
-988.645
-972.984
-670.191
-169.668
393.5
860.741
1055.86
939.702
556.643
9.78857
-506.395
-792.221
-750.457
-493.996
-220.569
-92.6651
-108.327
-227.095
-463.326
-807.23
-1142.65
-1288.83
-1175.93
-890.107
-542.287
-208.823
105.717
576.22
1430.44
2404.07
2787.13
2203.73
1179.2
666.928
869.225
1123.73
1064.34
1153.09
1389.32
954.712
-552.075
-2238.32
-2811.28
-2126.73
-1219
-803.315
-497.259
65.2571
566.432
497.259
-135.082
-918.168
-1384.1
-1205.3
-393.5
691.073
1604.67
2193.94
2478.47
2337.51
1592.27
481.597
-356.304
-584.051
-446.359
-240.799
58.7314
478.335
686.505
335.422
-497.259
-1406.29
-2015.79
-2122.81
-1696.68
-907.074
-44.3748
599.06
890.76
826.808
435.918
-82.8765
-401.331
-369.355
-133.777
216.654
693.683
1217.7
1523.1
1288.83
632.341
-24.7977
-445.054
-689.115
-728.922
-537.066
-123.989
331.506
444.401
112.242
-476.377
-1012.14
-1266.64
-1071.52
-607.544
-45.0274
560.559
997.781
1020.62
585.356
-101.149
-683.895
-887.497
-807.23
-582.746
-253.198
122.031
375.881
340.642
-28.7131
-529.235
-872.488
-916.862
-704.124
-349.778
85.4868
500.522
755.677
715.871
417.646
76.3508
-117.463
-145.523
-123.336
-115.505
-119.421
-91.36
-111.59
-293.657
-620.595
-962.542
-1097.62
-960.585
-693.031
-477.682
-331.506
-265.596
-323.023
-448.969
-562.516
-450.927
35.2388
987.993
2160.66
2907.2
2659.88
1589.66
591.229
283.868
422.866
418.298
456.147
858.784
1164.84
548.812
-927.956
-2155.44
-2184.16
-1301.88
-496.607
-80.2662
225.137
550.117
617.985
214.696
-547.507
-1175.93
-1157.66
-426.782
572.957
1260.11
1520.49
1616.42
1634.04
1274.47
451.579
-370.008
-614.069
-277.343
206.865
573.61
794.179
814.409
472.461
-206.865
-989.298
-1570.74
-1700.6
-1293.4
-517.489
230.358
593.84
533.803
261.028
-112.895
-540.329
-834.638
-760.245
-336.727
190.551
628.426
932.524
1048.68
847.037
361.524
-127.251
-319.107
-206.865
53.5108
328.243
496.607
443.748
168.363
-198.382
-576.873
-868.572
-965.805
-764.813
-279.3
220.569
459.41
392.195
125.946
-241.451
-591.229
-783.738
-719.133
-438.528
-112.895
103.106
178.804
140.955
13.704
-148.786
-314.539
-415.688
-402.636
-232.968
17.6194
208.17
266.249
230.358
172.931
90.7074
17.6194
24.7977
127.904
172.931
34.5863
-242.756
-490.081
-578.178
-571.652
-574.263
-601.018
-599.06
-528.583
-377.839
-253.198
-229.705
-298.878
-377.839
-381.754
-278.648
-130.514
-4.568
122.683
369.355
914.905
1524.41
1664.06
1055.21
174.889
-218.611
99.8434
592.535
762.203
805.273
879.013
719.133
-15.6617
-1010.18
-1502.87
-1072.17
-146.829
557.948
815.714
720.439
437.223
37.8491
-451.579
-960.585
-1187.68
-820.282
82.224
948.838
1214.43
875.098
380.449
81.5714
-101.149
-312.582
-398.068
-99.8434
533.151
1164.84
1419.99
1156.36
542.287
-95.2754
-492.039
-652.571
-644.088
-437.875
37.1966
612.112
860.089
531.845
-153.354
-730.227
-961.89
-918.82
-747.847
-493.344
-172.279
177.499
439.18
471.156
255.155
-3.26286
-65.9097
116.81
351.083
432.002
394.153
399.374
443.748
295.615
15.0091
-212.086
-308.014
-284.521
-244.062
-240.799
-199.687
-81.5714
-46.3326
-95.928
-205.56
-400.679
-537.066
-505.743
-390.238
-302.14
-235.578
-156.617
-32.6286
58.0788
5.87314
-134.43
-234.926
-256.46
-240.799
-212.738
-144.218
14.3566
161.185
180.11
63.2994
-117.463
-223.179
-187.288
-133.777
-159.227
-210.78
-213.391
-128.557
-57.4263
-121.378
-292.352
-426.782
-459.41
-407.857
-304.098
-185.33
-36.544
92.6651
127.251
54.816
-91.36
-244.062
-351.083
-360.219
-200.339
158.575
580.788
792.221
584.704
71.7828
-363.482
-433.96
-246.672
-43.0697
144.218
379.144
615.375
643.435
390.238
43.0697
-131.167
-48.9428
181.415
432.002
579.483
572.305
460.715
324.328
159.227
-56.1211
-256.46
-308.014
-148.134
81.5714
190.551
139.65
22.84
-96.5805
-155.312
-89.4022
93.9702
311.929
463.326
569.695
649.961
614.069
370.66
18.9246
-174.889
-66.5623
226.442
501.175
659.749
670.191
499.217
196.424
-113.547
-330.854
-407.857
-332.811
-97.2331
204.907
435.918
501.827
421.561
277.995
95.928
-89.4022
-182.72
-114.853
48.2903
171.626
157.27
30.6708
-129.862
-279.3
-396.763
-484.208
-524.667
-469.199
-292.352
-87.4445
-7.17828
-105.064
-296.267
-452.884
-515.531
-483.555
-380.449
-230.358
-89.4022
-9.136
7.17828
-20.2297
-112.895
-248.63
-361.524
-388.28
-312.582
-206.212
-102.454
-12.3989
24.7977
-51.5531
-221.222
-366.092
-399.374
-324.328
-228.4
-145.523
-82.8765
-52.2057
-87.4445
-216.654
-400.026
-550.117
-576.873
-460.063
-261.681
-92.6651
-0.652571
13.704
-30.6708
-141.608
-294.31
-390.89
-371.313
-243.409
-66.5623
104.411
247.324
356.304
356.956
178.152
-115.505
-326.938
-294.31
-88.7497
133.777
311.929
494.649
703.472
809.188
679.979
368.05
90.0548
10.4411
129.862
321.718
445.054
472.461
487.471
531.193
499.217
278.648
-41.112
-246.672
-192.508
56.1211
298.225
439.18
471.809
403.289
277.995
180.762
162.49
167.711
171.626
243.409
392.195
491.386
392.848
131.819
-78.9611
-93.3177
11.0937
97.8857
150.744
212.086
280.606
319.107
273.427
132.472
-13.704
-16.9668
181.415
437.223
554.033
501.827
409.162
349.126
234.926
12.3989
-219.264
-316.497
-251.24
-139.65
-99.8434
-172.931
-309.319
-424.824
-501.827
-563.169
-624.511
-621.248
-471.809
-227.747
-64.6045
-108.327
-288.436
-435.918
-448.316
-351.083
-247.324
-211.433
-223.832
-210.78
-154.007
-122.031
-191.856
-352.388
-466.588
-423.519
-291.699
-199.034
-183.372
-192.508
-183.372
-190.551
-229.052
-260.376
-244.062
-169.668
-99.1908
-68.52
-60.0365
-65.2571
-97.8857
-147.481
-197.729
-228.4
-216.001
-172.931
-131.167
-126.599
-164.448
-231.01
-299.53
-355.651
-379.796
-339.337
-246.019
-137.04
-60.0365
-8.48342
63.952
150.744
166.406
62.6468
-45.0274
18.9246
254.503
492.691
612.764
647.351
685.2
717.176
668.885
536.413
383.712
294.962
303.446
375.228
407.204
303.446
125.946
28.0606
80.2662
161.838
138.345
49.5954
26.7554
127.251
261.028
325.633
315.192
264.291
217.306
225.79
295.615
349.126
332.811
294.31
300.835
297.572
169.668
-69.1725
-261.028
-266.902
-122.031
26.7554
103.106
137.693
152.049
144.218
105.064
35.2388
-27.408
-10.4411
145.523
384.364
546.855
533.151
383.712
216.001
96.5805
-8.48342
-134.43
-231.663
-236.231
-166.406
-101.801
-128.557
-261.028
-426.129
-525.32
-521.404
-467.241
-415.035
-346.515
-229.705
-91.36
-20.2297
-70.4777
-210.128
-341.947
-370.008
-277.343
-122.683
-0.652571
14.3566
-53.5108
-132.472
-194.466
-275.385
-375.881
-425.476
-357.609
-200.992
-65.2571
-24.1451
-54.816
-98.5382
-138.998
-183.372
-205.56
-176.847
-116.158
-68.52
-50.9005
-46.9851
-55.4685
-97.2331
-156.617
-184.025
-176.847
-181.415
-226.442
-279.3
-290.394
-253.198
-206.865
-190.551
-199.687
-206.865
-194.466
-170.321
-146.829
-124.641
-91.36
-1.95771
138.998
219.916
152.702
18.9246
-11.7463
103.106
249.282
343.905
431.35
537.066
571.652
456.147
253.198
92.0125
45.0274
78.9611
142.261
210.128
216.001
161.838
134.43
184.678
222.527
154.659
39.1543
13.704
120.073
266.249
365.44
394.153
381.754
344.558
310.624
302.14
272.122
202.297
163.143
223.832
288.436
212.738
-4.568
-181.415
-180.762
-79.6137
-16.9668
-12.3989
6.52571
56.1211
116.158
168.363
166.406
110.937
81.5714
181.415
377.186
497.259
441.791
293.004
210.128
219.916
223.179
161.838
82.224
41.7646
50.248
51.5531
-9.136
-140.303
-290.394
-358.262
-336.727
-300.835
-297.572
-287.131
-219.916
-150.744
-161.838
-249.935
-337.379
-377.839
-371.966
-341.947
-274.732
-178.804
-113.547
-107.022
-147.481
-209.475
-264.291
-287.784
-260.376
-185.33
-99.8434
-38.5017
-27.408
-63.2994
-133.125
-229.705
-292.352
-272.122
-174.236
-80.9188
-75.0457
-137.04
-200.992
-245.367
-298.878
-366.092
-392.195
-343.905
-261.028
-210.78
-227.747
-279.3
-316.497
-311.929
-272.122
-212.738
-172.279
-168.363
-167.711
-137.693
-91.36
-42.4171
50.9005
171.626
221.874
157.27
75.0457
114.853
234.273
312.582
339.337
396.763
493.996
496.607
338.032
137.04
49.5954
88.0971
175.542
265.596
293.657
215.348
103.106
63.952
96.5805
88.7497
5.22057
-52.2057
1.95771
131.819
235.578
282.563
285.826
254.503
221.222
230.358
274.08
294.31
279.3
312.582
403.942
435.918
317.15
130.514
25.4503
16.3143
35.2388
65.2571
124.641
182.067
191.856
165.1
131.167
70.4777
-29.3657
-85.4868
-7.83085
152.702
254.503
250.587
216.654
205.56
189.898
154.007
133.125
154.659
189.898
208.823
197.076
130.514
19.5771
-84.1817
-125.294
-131.167
-164.448
-205.56
-198.382
-140.303
-121.378
-191.203
-289.742
-339.337
-338.032
-334.116
-333.464
-311.276
-268.207
-216.001
-173.584
-151.397
-162.49
-191.203
-205.56
-199.687
-189.246
-195.119
-199.687
-174.236
-137.693
-139.65
-204.907
-295.615
-346.515
-321.065
-258.418
-223.832
-217.306
-194.466
-150.744
-137.04
-174.889
-221.222
-225.137
-205.56
-200.339
-199.687
-192.508
-171.626
-149.439
-123.989
-88.0971
-71.1303
-101.149
-158.575
-193.161
-201.644
-225.137
-246.019
-165.753
49.5954
230.358
199.687
25.4503
-63.952
10.4411
124.641
184.678
239.494
347.82
437.875
410.467
285.174
158.575
99.1908
119.421
193.161
247.324
206.865
115.505
95.2754
161.185
178.152
59.384
-108.979
-156.617
-43.7223
81.5714
99.1908
58.0788
53.5108
102.454
158.575
178.804
144.218
103.759
148.134
287.784
400.679
381.102
262.986
171.626
160.532
174.236
155.965
130.514
154.659
200.339
214.696
170.974
60.0365
-65.9097
-99.1908
17.6194
189.246
274.732
247.324
197.076
213.391
267.554
287.131
270.164
266.902
299.53
333.464
336.074
286.479
199.687
127.251
96.5805
74.3931
5.87314
-83.5291
-123.989
-110.937
-106.369
-155.312
-236.883
-311.929
-341.947
-304.751
-221.874
-148.134
-129.209
-149.439
-144.218
-101.801
-67.2148
-69.1725
-87.4445
-89.4022
-90.0548
-112.895
-149.439
-170.974
-181.415
-221.874
-298.878
-364.135
-387.627
-385.017
-357.609
-309.319
-262.334
-255.808
-291.699
-317.802
-310.624
-291.699
-282.563
-258.418
-202.297
-129.862
-90.7074
-95.928
-113.547
-142.261
-177.499
-200.992
-198.382
-179.457
-167.058
-171.626
-195.119
-247.324
-314.539
-333.464
-227.747
-48.9428
41.7646
5.87314
-42.4171
-8.48342
60.0365
93.3177
119.421
194.466
286.479
288.436
206.865
119.421
72.4354
65.9097
111.59
198.382
223.832
123.989
-11.0937
-43.0697
22.1874
56.1211
9.78857
-34.5863
-5.87314
58.0788
84.1817
63.952
46.3326
58.7314
123.989
239.494
313.234
289.742
262.334
343.905
458.105
436.57
266.249
114.2
114.2
199.034
245.367
234.926
223.832
228.4
205.56
163.143
128.557
93.3177
92.6651
178.804
327.591
414.383
373.271
298.225
287.784
348.473
393.5
383.059
369.355
383.059
409.162
411.772
356.956
235.578
83.5291
-12.3989
-20.2297
3.26286
7.17828
-1.30514
-9.78857
-37.8491
-110.937
-199.687
-244.714
-208.17
-131.819
-58.0788
-22.1874
-50.248
-108.979
-150.744
-156.617
-165.1
-205.56
-238.188
-230.358
-194.466
-179.457
-226.442
-313.234
-400.026
-462.02
-473.767
-439.833
-390.238
-335.422
-288.436
-276.69
-325.633
-403.942
-447.664
-432.655
-386.975
-340.642
-286.479
-229.705
-203.602
-229.052
-288.436
-354.999
-400.026
-399.374
-334.769
-247.324
-204.907
-229.052
-283.868
-318.455
-347.168
-395.458
-441.791
-444.401
-360.219
-185.33
24.7977
150.744
118.768
-3.91543
-77.656
-33.9337
64.6045
150.091
235.578
328.896
385.017
339.337
199.034
52.8583
-15.6617
23.4926
131.167
237.536
280.606
270.817
264.944
287.784
291.047
233.62
165.753
155.965
221.874
315.192
372.618
359.567
297.572
250.587
251.24
277.995
284.521
262.334
270.164
339.337
405.899
396.763
322.37
257.113
252.545
289.089
319.76
321.718
313.234
328.896
371.966
394.806
363.482
298.878
264.944
299.53
372.618
410.467
382.407
326.938
286.479
264.291
240.799
197.076
120.073
43.0697
-9.136
-44.3748
-80.2662
-120.073
-139.65
-131.167
-109.632
-116.81
-168.363
-222.527
-234.926
-204.907
-166.406
-147.481
-152.049
-170.321
-184.025
-201.644
-229.052
-263.639
-287.784
-296.92
-291.699
-275.385
-270.164
-273.427
-289.089
-315.192
-329.548
-332.811
-316.497
-272.122
-211.433
-167.058
-170.321
-209.475
-237.536
-238.188
-240.146
-249.935
-268.859
-281.911
-271.47
-254.503
-244.714
-253.198
-277.995
-301.488
-306.056
-283.216
-242.104
-217.959
-213.391
-208.823
-217.959
-243.409
-270.817
-283.216
-261.028
-206.212
-154.007
-137.693
-163.795
-202.95
-210.128
-166.406
-88.0971
-22.84
6.52571
20.2297
27.408
15.6617
-14.3566
-50.9005
-58.0788
-20.2297
15.0091
28.0606
35.8914
48.2903
81.5714
146.829
211.433
252.545
268.207
278.648
296.92
324.328
367.398
403.942
417.646
401.331
354.999
296.267
266.249
261.028
255.808
257.766
276.038
307.361
334.116
333.464
322.37
320.412
327.591
340.642
354.346
375.228
403.942
429.392
459.41
492.691
505.09
503.132
503.785
522.709
554.033
558.601
523.362
471.156
410.467
343.252
263.639
176.847
107.674
65.2571
41.7646
32.6286
9.136
-42.4171
-107.674
-176.847
-242.756
-292.352
-314.539
-302.793
-273.427
-258.418
-262.334
-284.521
-302.14
-300.183
-294.31
-281.911
-268.207
-247.977
-211.433
-170.321
-155.312
-181.415
-234.273
-280.606
-302.14
-299.53
-278.648
-247.977
-219.916
-211.433
-229.705
-267.554
-309.319
-344.558
-358.262
-349.126
-321.718
-279.953
-255.155
-263.639
-297.572
-319.76
-319.76
-309.971
-298.878
-278.648
-236.231
-193.814
-182.72
-208.823
-244.062
-268.207
-268.859
-240.799
-202.297
-180.11
-172.279
-163.143
-161.838
-180.762
-212.738
-247.324
-264.944
-261.681
-259.723
-281.911
-313.234
-328.243
-311.276
-252.545
-162.49
-95.2754
-74.3931
-75.0457
-65.2571
-20.2297
35.8914
97.8857
184.025
283.216
356.304
370.008
323.675
264.944
250.587
310.624
419.603
503.785
522.709
489.428
447.011
417.646
362.83
283.868
236.883
274.732
356.956
407.204
390.89
329.548
281.258
270.817
283.868
296.92
313.887
360.219
443.748
548.16
615.375
599.06
536.413
516.184
555.338
612.764
652.571
664.317
655.181
638.215
591.229
490.733
373.923
285.826
248.63
245.367
244.714
210.128
132.472
44.3748
-35.8914
-106.369
-174.236
-232.315
-256.46
-244.714
-229.705
-243.409
-293.004
-356.304
-394.806
-406.552
-410.467
-405.899
-380.449
-335.422
-291.699
-273.427
-296.267
-336.727
-362.177
-366.092
-351.083
-321.065
-291.699
-270.817
-257.113
-274.08
-328.243
-393.5
-432.002
-424.824
-388.28
-351.083
-335.422
-341.947
-356.956
-368.703
-367.398
-365.44
-370.008
-362.177
-334.769
-291.047
-247.977
-231.663
-242.756
-260.376
-255.155
-229.705
-191.856
-148.786
-102.454
-67.2148
-60.6891
-78.3085
-112.242
-148.134
-164.448
-155.312
-131.167
-108.979
-110.937
-129.862
-157.922
-191.203
-221.222
-237.536
-228.4
-198.382
-173.584
-161.185
-163.795
-172.931
-157.27
-106.369
-18.9246
78.3085
148.786
171.626
173.584
195.119
237.536
296.267
366.745
423.519
455.495
450.927
409.162
364.135
356.304
392.848
458.105
510.311
508.353
462.02
434.612
435.918
421.561
375.881
328.243
315.844
351.736
407.204
426.782
407.204
386.975
392.195
416.34
444.401
465.283
466.588
475.072
514.879
543.592
507.7
431.35
368.703
343.905
355.651
371.966
365.44
348.473
330.854
287.784
216.001
137.04
62.6468
1.95771
-22.1874
-15.6617
-28.7131
-67.2148
-116.158
-163.143
-199.687
-227.095
-257.113
-283.868
-292.352
-279.953
-270.817
-286.479
-314.539
-347.168
-366.092
-362.177
-352.388
-343.905
-319.76
-276.038
-243.409
-249.282
-271.47
-289.742
-302.14
-304.098
-304.751
-298.878
-283.216
-274.08
-289.742
-321.718
-345.21
-356.956
-364.787
-364.135
-360.872
-365.44
-370.66
-368.05
-373.271
-382.407
-392.848
-395.458
-379.796
-353.694
-332.811
-323.023
-303.446
-276.038
-259.071
-255.155
-261.028
-255.808
-228.4
-187.94
-150.744
-146.829
-172.279
-197.076
-212.738
-214.043
-210.128
-206.865
-185.33
-147.481
-114.853
-114.853
-139.65
-167.058
-178.152
-155.312
-113.547
-64.6045
-14.3566
28.0606
54.1634
58.7314
35.8914
22.1874
61.3417
154.007
259.723
324.328
343.252
347.82
360.872
368.703
366.745
375.881
418.298
479.64
518.794
504.437
460.063
435.265
462.02
533.803
605.586
629.079
619.943
617.985
643.435
668.885
652.571
604.933
553.38
529.235
540.981
538.371
505.09
475.724
460.063
460.715
466.588
459.41
433.96
416.993
426.782
439.833
432.002
396.111
338.032
293.004
273.427
262.334
246.019
222.527
197.076
163.143
114.853
48.9428
-31.3234
-98.5382
-123.989
-131.167
-159.227
-220.569
-297.572
-348.473
-366.745
-382.407
-409.815
-426.782
-415.688
-378.491
-351.083
-360.872
-385.67
-407.204
-414.383
-414.383
-432.655
-463.326
-486.818
-485.513
-474.419
-484.208
-518.141
-570.347
-608.849
-617.332
-615.375
-610.807
-607.544
-601.018
-589.272
-588.619
-595.797
-606.239
-609.501
-589.272
-554.685
-512.921
-464.631
-413.73
-366.745
-323.023
-300.183
-303.446
-317.802
-319.76
-302.14
-268.859
-238.188
-218.611
-206.865
-199.034
-184.025
-169.016
-158.575
-146.829
-123.336
-88.0971
-46.3326
-16.9668
1.30514
23.4926
43.7223
59.384
81.5714
121.378
174.236
220.569
251.24
261.028
254.503
254.503
272.775
321.065
403.289
486.165
536.413
544.897
520.752
499.869
499.217
510.963
535.761
562.516
586.661
607.544
600.365
570.347
546.202
533.151
539.024
569.695
599.06
612.112
616.68
611.459
593.84
564.474
516.836
477.682
459.41
464.631
473.767
465.936
457.452
440.486
408.51
375.881
358.914
354.346
359.567
376.534
386.322
370.008
327.591
255.808
182.067
133.125
103.106
80.9188
63.2994
49.5954
27.408
-9.136
-66.5623
-139.65
-202.297
-242.104
-255.808
-261.028
-277.343
-300.835
-315.844
-324.98
-325.633
-335.422
-368.703
-402.636
-424.824
-441.138
-445.706
-444.401
-441.138
-442.443
-471.809
-520.099
-559.253
-581.441
-589.924
-585.356
-579.483
-572.305
-563.169
-571.652
-578.178
-577.525
-581.441
-577.525
-568.389
-550.117
-526.625
-505.09
-482.903
-463.326
-448.969
-441.791
-435.918
-426.129
-405.899
-379.796
-355.651
-324.98
-296.92
-272.122
-252.545
-242.104
-235.578
-227.095
-209.475
-183.372
-154.007
-124.641
-95.928
-65.9097
-27.408
9.78857
39.8068
56.7737
71.1303
95.928
128.557
163.795
188.593
198.382
197.729
197.076
208.823
229.052
255.155
277.343
284.521
296.267
317.802
333.464
342.6
351.736
350.431
336.074
315.192
296.92
307.361
356.304
424.824
460.715
465.283
455.495
450.274
462.02
491.386
516.184
531.193
548.16
550.77
525.32
493.996
477.682
481.597
518.794
571.652
586.661
550.117
517.489
505.743
502.48
501.175
470.504
426.129
399.374
395.458
370.008
313.887
267.554
236.883
218.611
214.043
206.212
174.889
146.176
134.43
116.81
84.8342
43.0697
-2.61028
-30.0183
-24.7977
-11.0937
-18.9246
-34.5863
-30.6708
-33.9337
-50.9005
-90.7074
-153.354
-216.001
-243.409
-242.104
-251.892
-282.563
-339.99
-401.984
-457.452
-492.691
-519.447
-547.507
-558.601
-554.033
-540.329
-542.939
-571
-617.332
-657.139
-661.055
-644.74
-623.858
-600.365
-563.821
-526.625
-504.437
-502.48
-515.531
-523.362
-511.616
-476.377
-443.748
-429.392
-420.256
-405.247
-378.491
-352.388
-347.82
-360.872
-362.177
-343.252
-309.971
-279.3
-263.639
-251.24
-227.747
-197.729
-176.847
-176.194
-180.11
-169.668
-149.439
-123.336
-99.1908
-80.2662
-60.0365
-30.6708
3.26286
20.8823
33.9337
45.0274
63.952
97.8857
138.998
169.016
181.415
185.33
183.372
183.372
185.33
191.856
217.959
252.545
293.004
320.412
328.243
339.337
353.041
351.736
334.116
312.582
301.488
308.666
348.473
407.204
450.927
468.546
466.588
469.851
493.996
528.583
555.991
579.483
628.426
676.716
678.674
648.656
609.501
591.882
607.544
638.215
655.181
633.647
608.196
601.018
597.755
579.483
538.371
473.767
416.993
403.942
403.289
372.618
326.938
293.657
278.648
268.859
256.46
221.222
175.542
157.922
154.659
144.871
120.726
86.1394
43.7223
6.52571
-30.0183
-78.9611
-135.082
-174.889
-191.856
-217.306
-259.071
-313.887
-377.839
-426.782
-453.537
-480.292
-516.836
-561.864
-597.755
-614.722
-628.426
-644.74
-662.36
-675.411
-666.928
-648.656
-646.045
-656.487
-661.707
-659.097
-653.876
-648.003
-641.477
-642.13
-638.867
-622.553
-610.154
-606.891
-610.154
-606.891
-588.619
-557.948
-527.93
-511.616
-498.564
-475.072
-442.443
-405.899
-371.966
-351.736
-339.99
-321.065
-298.225
-279.953
-266.902
-247.324
-219.264
-178.152
-142.913
-122.683
-97.2331
-65.2571
-39.1543
-13.704
4.568
14.3566
30.6708
48.2903
67.2148
92.0125
105.064
124.641
161.838
209.475
255.155
274.732
280.606
301.488
330.854
355.651
362.177
349.126
353.041
379.796
403.289
418.298
424.824
426.129
438.528
453.537
473.114
490.081
497.912
508.353
514.879
527.93
563.169
587.967
582.746
575.568
568.389
568.389
585.356
601.018
610.154
625.816
642.783
639.52
615.375
597.103
581.441
569.695
570.347
574.915
559.253
525.972
491.386
464.631
451.579
435.265
396.763
353.041
334.769
331.506
318.455
290.394
254.503
217.959
181.415
141.608
95.928
43.7223
1.30514
-28.0606
-58.7314
-89.4022
-128.557
-173.584
-207.518
-232.315
-262.334
-302.793
-348.473
-385.017
-410.467
-441.138
-467.894
-500.522
-541.634
-567.084
-578.831
-591.229
-605.586
-627.121
-648.656
-652.571
-644.74
-652.571
-685.852
-719.786
-726.312
-713.913
-700.861
-700.209
-713.26
-724.354
-711.955
-687.81
-672.148
-665.623
-661.055
-642.13
-597.755
-544.244
-507.048
-490.733
-477.682
-453.537
-423.519
-391.543
-361.524
-323.023
-273.427
-214.696
-169.668
-148.134
-135.735
-115.505
-87.4445
-53.5108
-26.1028
-16.9668
-9.78857
8.48342
27.408
46.9851
58.7314
62.6468
67.2148
78.9611
99.1908
112.242
126.599
148.786
174.236
205.56
237.536
265.596
287.784
310.624
334.769
356.956
375.881
386.322
400.026
417.646
439.18
455.495
451.579
444.401
439.833
442.443
449.622
450.927
445.706
443.096
439.18
432.655
427.434
418.951
408.51
398.068
390.238
398.721
432.655
465.936
470.504
448.316
422.866
408.51
416.34
441.138
467.241
499.869
531.845
542.939
532.498
524.015
514.226
501.827
501.827
508.353
501.175
485.513
458.758
425.476
391.543
342.6
279.3
214.043
165.753
140.955
116.158
80.2662
37.8491
-11.7463
-69.8251
-118.768
-161.185
-202.297
-225.137
-231.01
-228.4
-217.959
-212.086
-231.663
-264.291
-295.615
-323.023
-338.032
-341.295
-339.99
-343.252
-358.262
-391.543
-433.307
-475.072
-510.963
-539.024
-571
-606.239
-636.257
-659.749
-670.191
-674.759
-685.852
-708.692
-736.1
-752.415
-758.94
-755.025
-740.668
-717.176
-692.378
-663.665
-629.079
-602.976
-578.831
-554.033
-523.362
-482.903
-433.307
-390.89
-356.304
-328.896
-308.666
-281.911
-255.155
-225.137
-197.729
-180.762
-160.532
-138.345
-112.895
-88.7497
-70.4777
-59.384
-47.6377
-32.6286
-19.5771
-3.91543
19.5771
45.0274
64.6045
80.2662
97.8857
115.505
133.125
156.617
191.203
221.222
256.46
296.92
335.422
374.576
404.594
421.561
445.706
476.377
511.616
544.897
565.127
586.009
604.933
615.375
617.985
608.196
591.882
582.746
577.525
573.61
569.042
547.507
515.531
488.123
465.283
447.664
432.002
413.078
403.289
398.068
399.374
398.068
400.679
409.162
411.12
409.162
401.331
401.331
407.857
419.603
422.214
417.646
413.73
394.806
362.83
326.286
293.657
270.164
254.503
228.4
192.508
153.354
110.285
73.7405
37.8491
3.26286
-36.544
-80.2662
-118.768
-154.659
-184.025
-216.654
-246.019
-271.47
-289.742
-306.056
-323.675
-334.769
-347.168
-351.083
-349.778
-355.651
-358.914
-371.966
-382.407
-391.543
-405.247
-415.688
-430.044
-434.612
-433.96
-427.434
-432.002
-437.875
-448.969
-467.241
-478.335
-484.208
-490.081
-503.132
-517.489
-531.193
-543.592
-550.77
-557.948
-559.906
-555.338
-545.549
-528.583
-506.395
-480.292
-454.842
-434.612
-419.603
-403.289
-383.059
-364.135
-340.642
-319.107
-295.615
-263.639
-232.968
-196.424
-165.753
-137.04
-110.937
-93.3177
-75.0457
-54.816
-32.6286
-7.17828
21.5348
42.4171
60.6891
77.0034
91.36
110.285
135.735
164.448
197.729
222.527
242.104
268.859
288.436
311.929
334.116
351.083
372.618
390.238
404.594
418.951
428.739
441.791
454.19
464.631
474.419
486.165
493.996
497.912
498.564
495.301
495.301
486.818
472.461
460.063
449.622
445.706
443.096
435.265
424.824
409.162
388.932
365.44
347.82
325.633
306.056
279.3
253.198
228.4
201.644
177.499
147.481
123.336
112.242
110.285
107.022
101.149
90.7074
83.5291
75.6983
66.5623
63.2994
62.6468
58.0788
58.7314
58.0788
54.816
56.7737
51.5531
46.9851
48.9428
50.9005
53.5108
43.0697
24.7977
4.568
-14.3566
-33.2811
-58.0788
-83.5291
-104.411
-123.336
-140.303
-158.575
-176.194
-189.246
-201.644
-214.696
-229.705
-240.799
-251.24
-259.723
-265.596
-276.038
-285.826
-291.699
-299.53
-303.446
-301.488
-298.878
-291.699
-290.394
-293.004
-302.793
-322.37
-350.431
-379.796
-402.636
-424.171
-445.054
-469.851
-488.123
-506.395
-520.752
-531.193
-541.634
-540.981
-532.498
-516.184
-500.522
-488.123
-473.114
-460.063
-448.969
-436.57
-424.171
-398.721
-364.135
-324.328
-279.3
-237.536
-192.508
-149.439
-107.022
-62.6468
-22.1874
19.5771
54.816
88.0971
122.031
145.523
167.711
187.94
206.865
228.4
244.062
257.766
272.122
288.436
312.582
332.159
347.82
356.304
360.872
368.05
375.881
385.67
398.068
416.993
439.833
465.283
486.165
501.175
512.921
520.752
525.32
524.667
523.362
516.184
510.311
502.48
486.818
463.978
435.918
404.594
379.796
361.524
345.863
332.159
313.887
294.962
277.995
255.155
226.442
194.466
166.406
143.566
124.641
113.547
101.801
95.928
92.6651
88.0971
85.4868
80.9188
73.7405
69.1725
70.4777
71.7828
70.4777
65.2571
54.816
43.7223
32.6286
20.2297
12.3989
-1.95771
-10.4411
-13.704
-20.8823
-26.7554
-39.8068
-62.6468
-90.7074
-115.505
-142.913
-167.711
-191.203
-216.654
-235.578
-256.46
-279.953
-304.098
-322.37
-339.337
-351.083
-358.262
-364.787
-364.787
-366.745
-366.745
-368.703
-374.576
-382.407
-392.195
-401.984
-407.204
-413.078
-420.256
-420.908
-419.603
-415.688
-415.035
-418.298
-421.561
-425.476
-430.044
-434.612
-437.223
-436.57
-432.655
-424.171
-410.467
-397.416
-377.839
-359.567
-338.684
-313.887
-291.047
-264.291
-236.231
-203.602
-168.363
-134.43
-101.801
-67.2148
-35.8914
-3.26286
29.3657
59.384
91.36
116.81
142.913
170.974
197.076
221.874
242.104
259.071
277.343
289.742
303.446
317.802
332.159
347.82
363.482
377.186
390.238
401.331
405.899
412.425
415.688
416.993
416.993
412.425
411.12
409.162
405.247
405.247
405.247
399.374
393.5
383.712
369.355
357.609
346.515
341.295
335.422
327.591
321.065
308.014
293.004
278.648
264.944
253.85
249.282
246.019
244.062
243.409
234.273
218.611
202.95
182.067
155.312
129.862
101.149
69.1725
48.2903
29.3657
11.0937
-2.61028
-23.4926
-48.9428
-81.5714
-110.285
-126.599
-133.777
-132.472
-128.557
-129.209
-135.082
-147.481
-161.838
-171.626
-173.584
-173.584
-172.279
-163.143
-157.922
-162.49
-174.889
-197.076
-230.358
-259.071
-276.69
-283.216
-277.995
-270.817
-269.512
-283.868
-306.708
-332.159
-354.346
-370.66
-375.881
-371.966
-362.177
-343.905
-330.201
-321.718
-314.539
-319.76
-326.938
-324.98
-313.887
-291.699
-257.113
-222.527
-193.161
-173.584
-169.016
-167.058
-172.279
-174.236
-162.49
-140.955
-111.59
-75.6983
-51.5531
-44.3748
-52.8583
-74.3931
-90.0548
-90.7074
-77.0034
-48.2903
-20.2297
0
10.4411
11.0937
9.78857
9.78857
12.3989
22.1874
36.544
58.0788
88.7497
121.378
150.091
169.668
178.804
175.542
172.279
178.152
195.771
224.484
257.766
286.479
307.361
316.497
307.361
288.436
268.207
253.198
251.24
257.766
266.249
272.122
265.596
245.367
217.959
189.898
169.016
160.532
163.143
169.668
177.499
183.372
187.94
189.246
185.33
182.72
178.804
181.415
189.898
200.992
214.696
223.179
223.832
216.001
199.687
174.889
150.744
131.167
114.2
107.022
98.5382
84.8342
69.1725
39.8068
10.4411
-19.5771
-51.5531
-69.1725
-80.2662
-80.9188
-80.2662
-80.2662
-83.5291
-83.5291
-87.4445
-97.8857
-106.369
-118.115
-119.421
-110.285
-98.5382
-86.792
-76.3508
-74.3931
-81.5714
-95.2754
-111.59
-123.336
-130.514
-133.777
-134.43
-134.43
-137.693
-140.955
-148.786
-161.185
-174.889
-188.593
-196.424
-199.687
-199.034
-200.992
-201.644
-205.56
-213.391
-218.611
-229.052
-236.883
-240.146
-236.231
-229.705
-219.264
-206.865
-196.424
-185.33
-184.025
-185.33
-187.288
-182.72
-169.016
-151.397
-135.082
-118.768
-101.801
-88.0971
-78.9611
-74.3931
-74.3931
-73.088
-71.7828
-71.1303
-63.2994
-58.7314
-50.9005
-39.8068
-39.1543
-37.8491
-40.4594
-41.7646
-32.6286
-17.6194
3.91543
27.408
46.3326
64.6045
80.9188
92.0125
108.979
125.294
140.955
161.838
176.194
193.814
207.518
217.306
227.747
232.315
238.188
246.019
251.892
257.766
263.639
264.944
261.681
256.46
242.756
230.358
218.611
208.17
204.255
200.339
193.814
187.94
181.415
175.542
171.626
163.795
157.27
154.007
145.523
142.913
138.345
132.472
125.294
115.505
108.327
101.801
92.0125
82.224
75.0457
65.9097
58.7314
51.5531
41.7646
31.976
18.272
3.26286
-5.87314
-16.3143
-24.7977
-30.6708
-42.4171
-47.6377
-56.1211
-65.2571
-71.1303
-78.9611
-80.2662
-84.8342
-88.7497
-92.0125
-95.2754
-97.2331
-99.1908
-102.454
-109.632
-114.853
-123.336
-128.557
-127.904
-125.946
-118.768
-112.242
-110.937
-112.242
-118.768
-129.862
-142.913
-151.397
-155.965
-155.312
-154.007
-153.354
-155.965
-160.532
-163.795
-169.016
-170.321
-166.406
-159.227
-151.397
-145.523
-136.387
-131.819
-129.862
-134.43
-141.608
-142.913
-140.303
-131.167
-120.726
-106.369
-91.36
-84.1817
-80.9188
-77.656
-74.3931
-66.5623
-56.7737
-45.0274
-30.6708
-23.4926
-20.2297
-19.5771
-19.5771
-16.3143
-14.3566
-6.52571
1.95771
16.9668
30.6708
37.8491
46.9851
52.8583
60.0365
65.9097
69.1725
71.7828
73.088
79.6137
88.0971
98.5382
109.632
116.81
118.768
120.073
119.421
120.073
123.336
125.294
133.125
140.303
143.566
148.786
152.049
155.965
162.49
164.448
169.016
174.889
172.931
169.668
162.49
152.049
142.261
135.735
128.557
127.251
124.641
125.946
127.904
123.336
118.768
112.895
103.106
96.5805
92.0125
86.792
85.4868
81.5714
77.0034
69.8251
59.384
48.2903
41.112
31.3234
30.0183
27.408
22.84
21.5348
15.0091
7.17828
-3.91543
-11.7463
-18.9246
-25.4503
-35.8914
-44.3748
-52.8583
-62.6468
-67.8674
-77.0034
-83.5291
-87.4445
-85.4868
-78.3085
-71.1303
-71.1303
-72.4354
-79.6137
-90.7074
-101.149
-115.505
-125.294
-128.557
-131.819
-131.819
-135.082
-140.303
-140.955
-142.913
-143.566
-143.566
-144.871
-143.566
-146.176
-150.091
-154.007
-158.575
-159.88
-159.88
-155.965
-146.829
-133.125
-121.378
-110.285
-103.759
-105.064
-104.411
-104.411
-105.064
-104.411
-108.327
-116.158
-119.421
-121.378
-124.641
-120.726
-113.547
-103.759
-90.7074
-79.6137
-66.5623
-55.4685
-39.8068
-25.4503
-12.3989
0
8.48342
17.6194
27.408
40.4594
48.9428
60.0365
71.7828
80.9188
93.3177
105.064
120.726
132.472
138.345
140.955
135.735
131.819
130.514
125.946
124.641
126.599
129.209
139.65
147.481
150.091
152.702
152.702
157.27
166.406
172.931
179.457
189.898
198.382
203.602
208.17
203.602
196.424
190.551
182.72
178.804
178.152
177.499
180.762
182.067
181.415
177.499
169.668
157.922
144.218
127.251
109.632
95.2754
82.224
67.8674
52.2057
37.1966
18.9246
7.17828
0
-11.7463
-18.272
-22.1874
-26.7554
-26.1028
-36.544
-50.9005
-61.9943
-69.8251
-75.0457
-77.656
-82.8765
-86.1394
-84.1817
-85.4868
-83.5291
-88.7497
-103.106
-110.285
-122.031
-136.387
-148.134
-157.27
-166.406
-169.016
-174.889
-189.246
-196.424
-202.95
-202.95
-200.339
-200.992
-200.992
-202.95
-206.212
-212.086
-216.654
-219.916
-221.222
-217.306
-212.738
-200.992
-189.898
-175.542
-166.406
-161.838
-157.27
-157.922
-157.922
-160.532
-155.965
-144.871
-129.862
-113.547
-101.149
-94.6228
-85.4868
-72.4354
-61.3417
-46.3326
-28.7131
-14.3566
1.30514
14.3566
21.5348
28.7131
32.6286
34.5863
40.4594
46.3326
58.0788
77.0034
91.36
107.022
122.031
126.599
131.167
139.65
142.913
155.312
172.279
186.635
206.865
218.611
227.747
242.104
246.672
249.935
254.503
252.545
251.892
251.892
242.756
236.883
234.273
234.926
234.273
229.052
227.747
227.095
227.747
227.095
221.222
214.043
202.95
192.508
178.804
161.838
148.134
135.735
124.641
111.59
97.2331
83.5291
69.1725
57.4263
43.0697
27.408
15.0091
5.87314
-3.91543
-13.0514
-20.8823
-30.0183
-39.1543
-49.5954
-59.384
-71.1303
-85.4868
-99.1908
-117.463
-137.693
-154.659
-174.236
-191.203
-206.865
-215.348
-219.916
-229.052
-234.273
-238.841
-246.019
-248.63
-246.672
-243.409
-242.104
-241.451
-238.841
-231.663
-227.095
-223.179
-222.527
-221.222
-219.916
-219.264
-216.001
-212.086
-202.95
-187.94
-174.889
-162.49
-148.786
-141.608
-131.167
-118.115
-105.064
-90.0548
-75.0457
-60.6891
-49.5954
-39.1543
-31.3234
-19.5771
-10.4411
-4.568
0.652571
6.52571
12.3989
22.1874
30.6708
37.8491
44.3748
51.5531
59.384
68.52
78.9611
88.7497
96.5805
107.022
116.158
120.726
123.989
127.251
133.777
138.998
146.829
155.312
161.838
167.058
170.321
174.236
176.194
179.457
182.72
180.762
176.194
172.279
169.016
165.1
156.617
148.786
142.261
132.472
125.946
119.421
114.2
108.327
107.674
108.327
105.064
103.759
102.454
99.8434
96.5805
93.9702
91.36
84.8342
79.6137
73.088
67.8674
60.6891
52.2057
45.68
33.9337
24.7977
18.272
7.83085
0.652571
-8.48342
-19.5771
-31.3234
-37.1966
-43.0697
-48.9428
-57.4263
-71.1303
-78.9611
-86.1394
-90.7074
-88.0971
-90.0548
-88.7497
-88.7497
-95.2754
-103.106
-107.022
-106.369
-105.717
-100.496
-96.5805
-96.5805
-96.5805
-100.496
-101.149
-102.454
-101.149
-97.2331
-97.2331
-93.9702
-92.0125
-86.792
-82.224
-78.9611
-71.7828
-72.4354
-72.4354
-70.4777
-70.4777
-67.8674
-65.9097
-61.9943
-61.3417
-62.6468
-61.9943
-66.5623
-67.2148
-65.9097
-65.2571
-61.9943
-61.9943
-58.7314
-54.1634
-48.2903
-39.1543
-33.9337
-26.1028
-15.6617
-9.78857
-4.568
3.91543
3.91543
6.52571
11.0937
11.0937
13.704
16.3143
18.272
25.4503
30.0183
32.6286
32.6286
31.3234
30.6708
33.9337
35.2388
37.1966
41.7646
43.7223
48.2903
52.8583
55.4685
53.5108
52.2057
50.248
50.248
48.9428
48.2903
45.0274
43.7223
48.2903
46.3326
45.0274
42.4171
35.8914
33.2811
33.2811
28.7131
31.976
37.1966
39.8068
44.3748
44.3748
39.8068
37.8491
34.5863
33.9337
39.1543
39.8068
40.4594
39.8068
39.8068
39.8068
36.544
37.8491
37.1966
40.4594
43.0697
43.7223
43.7223
48.2903
48.9428
49.5954
54.816
53.5108
50.9005
54.1634
52.8583
49.5954
52.2057
48.2903
45.0274
48.2903
43.0697
44.3748
47.6377
47.6377
50.248
50.9005
49.5954
46.3326
45.0274
43.7223
39.1543
37.1966
28.0606
20.8823
17.6194
12.3989
13.0514
9.78857
4.568
-3.26286
-9.136
-20.8823
-32.6286
-37.8491
-47.6377
-54.816
-60.0365
-71.1303
-82.8765
-92.0125
-104.411
-109.632
-111.59
-118.115
-120.073
-125.294
-130.514
-134.43
-146.829
-154.007
-155.965
-160.532
-154.659
-148.134
-141.608
-133.125
-127.904
-122.031
-118.768
-117.463
-120.073
-122.031
-117.463
-117.463
-112.242
-107.674
-101.149
-93.9702
-91.36
-77.0034
-65.9097
-59.384
-45.0274
-42.4171
-43.0697
-34.5863
-26.7554
-20.8823
-13.0514
-2.61028
0
13.704
24.1451
31.3234
42.4171
50.9005
54.816
57.4263
61.9943
64.6045
71.7828
79.6137
78.3085
82.224
86.1394
91.36
96.5805
100.496
102.454
103.106
104.411
107.022
107.022
100.496
99.1908
99.8434
95.928
95.2754
92.0125
90.7074
95.928
96.5805
104.411
112.895
120.073
131.167
133.125
133.125
130.514
127.904
123.336
117.463
116.81
112.895
111.59
113.547
112.242
114.853
110.285
105.064
102.454
93.3177
89.4022
80.9188
71.7828
68.52
61.3417
58.0788
58.0788
55.4685
54.1634
50.248
42.4171
32.6286
18.9246
9.136
3.26286
-5.22057
-9.136
-15.0091
-20.8823
-24.7977
-32.6286
-41.112
-47.6377
-55.4685
-59.384
-63.2994
-70.4777
-77.0034
-86.792
-95.2754
-105.064
-113.547
-122.031
-128.557
-131.819
-136.387
-140.955
-143.566
-146.176
-149.439
-153.354
-155.312
-155.312
-155.312
-154.007
-148.786
-145.523
-146.176
-142.261
-140.955
-136.387
-132.472
-131.167
-128.557
-124.641
-118.115
-109.632
-107.022
-103.759
-98.5382
-98.5382
-95.928
-95.928
-96.5805
-96.5805
-96.5805
-90.7074
-88.7497
-86.1394
-77.656
-71.7828
-63.952
-55.4685
-47.6377
-35.8914
-26.1028
-13.704
-1.95771
6.52571
15.0091
19.5771
23.4926
23.4926
30.0183
35.2388
41.7646
51.5531
50.248
56.7737
58.7314
60.0365
69.1725
71.7828
75.6983
82.224
89.4022
99.8434
105.717
111.59
115.505
116.158
121.378
125.294
130.514
136.387
137.693
138.998
139.65
142.261
146.829
148.786
153.354
155.312
156.617
160.532
159.88
160.532
158.575
156.617
153.354
151.397
150.744
144.871
142.913
141.608
137.693
137.04
129.209
123.336
113.547
107.674
103.759
99.1908
99.8434
92.6651
86.792
79.6137
71.1303
60.6891
51.5531
41.112
31.3234
22.1874
13.704
9.136
3.91543
-1.30514
-9.136
-15.6617
-21.5348
-28.7131
-36.544
-41.112
-48.2903
-54.1634
-62.6468
-77.656
-88.0971
-97.8857
-106.369
-112.895
-118.115
-124.641
-132.472
-138.998
-147.481
-152.702
-159.227
-169.016
-172.931
-179.457
-183.372
-182.72
-181.415
-178.152
-182.067
-185.983
-191.856
-196.424
-199.034
-200.339
-200.339
-193.814
-188.593
-183.372
-179.457
-174.236
-171.626
-171.626
-163.795
-162.49
-157.922
-151.397
-146.176
-137.04
-126.599
-115.505
-108.979
-97.8857
-91.36
-89.4022
-80.9188
-76.3508
-73.088
-65.2571
-56.7737
-43.7223
-26.1028
-11.7463
5.22057
18.9246
28.0606
35.8914
44.3748
54.1634
63.952
75.6983
85.4868
95.2754
101.149
103.759
108.979
112.242
117.463
125.294
133.125
142.261
152.049
160.532
170.321
178.152
182.72
185.33
190.551
191.203
192.508
197.076
199.034
199.034
201.644
198.382
195.771
195.119
192.508
190.551
189.246
185.33
185.983
182.067
178.804
176.847
169.016
161.838
156.617
149.439
138.998
138.998
133.777
127.251
124.641
117.463
112.242
105.717
100.496
92.6651
87.4445
81.5714
73.7405
61.9943
48.9428
38.5017
28.7131
18.272
5.87314
-1.95771
-11.0937
-18.9246
-23.4926
-30.6708
-37.8491
-43.0697
-49.5954
-61.3417
-73.088
-84.8342
-97.8857
-108.327
-120.073
-127.251
-135.082
-138.998
-142.261
-149.439
-155.965
-157.922
-163.143
-165.753
-163.143
-167.058
-167.711
-167.711
-173.584
-179.457
-183.372
-187.94
-188.593
-187.94
-189.898
-185.983
-183.372
-184.025
-179.457
-177.499
-176.847
-170.321
-168.363
-169.016
-168.363
-166.406
-160.532
-154.659
-147.481
-142.261
-138.345
-131.167
-127.251
-125.946
-118.115
-107.022
-98.5382
-85.4868
-73.7405
-68.52
-61.3417
-55.4685
-51.5531
-46.3326
-36.544
-26.1028
-15.6617
-7.83085
-0.652571
6.52571
15.0091
24.1451
31.976
39.1543
43.0697
50.248
57.4263
63.952
71.1303
78.9611
86.792
94.6228
102.454
104.411
110.285
116.158
122.683
131.167
137.04
145.523
153.354
156.617
159.227
163.143
163.143
170.321
175.542
172.279
180.11
180.762
179.457
183.372
182.72
179.457
177.499
174.236
171.626
171.626
168.363
165.1
162.49
157.27
155.312
150.744
148.786
147.481
138.998
131.819
124.641
119.421
118.115
119.421
116.81
114.853
108.327
97.2331
91.36
80.2662
73.7405
70.4777
64.6045
61.3417
52.8583
45.0274
34.5863
23.4926
20.2297
9.78857
1.95771
-3.26286
-12.3989
-22.84
-28.7131
-38.5017
-50.9005
-54.816
-64.6045
-69.8251
-75.6983
-82.8765
-88.7497
-99.1908
-106.369
-116.158
-125.946
-131.819
-139.65
-148.134
-151.397
-155.965
-162.49
-165.1
-168.363
-170.321
-172.279
-177.499
-180.762
-180.11
-182.067
-181.415
-180.762
-185.33
-186.635
-192.508
-193.161
-189.898
-189.898
-187.288
-183.372
-182.72
-182.067
-178.804
-177.499
-172.931
-166.406
-161.838
-157.27
-150.744
-142.913
-134.43
-123.336
-118.768
-112.242
-105.717
-101.149
-92.6651
-84.1817
-75.0457
-65.9097
-58.7314
-47.6377
-35.8914
-22.1874
-10.4411
-1.95771
7.83085
15.0091
25.4503
30.0183
40.4594
50.248
52.8583
60.6891
63.2994
66.5623
76.3508
80.9188
86.792
93.9702
99.8434
104.411
110.937
116.81
122.683
131.819
140.955
149.439
155.312
161.838
165.753
169.016
174.236
175.542
178.804
180.11
182.067
184.025
185.983
190.551
193.161
194.466
192.508
191.203
193.161
195.771
196.424
195.771
197.076
196.424
199.687
203.602
201.644
201.644
199.034
195.119
193.161
189.246
184.025
181.415
172.279
167.058
162.49
154.007
149.439
141.608
131.819
123.989
116.158
108.979
101.149
93.3177
82.224
73.088
61.3417
50.9005
39.8068
22.1874
7.83085
-10.4411
-27.408
-44.3748
-64.6045
-80.9188
-100.496
-120.073
-134.43
-151.397
-168.363
-184.025
-205.56
-219.264
-236.231
-253.198
-263.639
-279.953
-293.004
-301.488
-315.192
-325.633
-335.422
-346.515
-352.388
-356.956
-359.567
-360.872
-363.482
-361.524
-360.872
-354.999
-347.168
-340.642
-328.896
-317.802
-306.056
-295.615
-285.174
-270.817
-257.113
-237.536
-221.222
-208.17
-190.551
-178.804
-163.143
-144.871
-129.862
-110.285
-92.6651
-76.3508
-56.7737
-37.8491
-16.3143
5.22057
26.7554
48.2903
69.1725
90.0548
106.369
124.641
143.566
160.532
179.457
195.119
208.17
219.264
227.747
238.188
244.714
251.24
260.376
263.639
269.512
274.08
277.343
281.911
283.216
285.826
289.089
288.436
287.131
283.868
279.3
275.385
268.207
261.028
253.85
247.977
244.714
240.146
231.01
223.179
213.391
201.644
193.814
181.415
174.889
170.974
161.185
152.702
143.566
128.557
115.505
103.759
91.36
83.5291
73.7405
63.952
55.4685
46.3326
37.8491
26.1028
13.704
4.568
-3.26286
-11.7463
-19.5771
-30.6708
-42.4171
-51.5531
-65.2571
-74.3931
-81.5714
-88.0971
-91.36
-93.9702
-95.2754
-97.8857
-103.106
-107.674
-112.895
-116.81
-118.115
-123.336
-125.294
-129.209
-135.082
-137.693
-142.913
-147.481
-149.439
-150.744
-148.786
-147.481
-146.829
-149.439
-149.439
-148.786
-149.439
-152.049
-154.007
-154.659
-155.965
-156.617
-157.27
-160.532
-164.448
-169.668
-173.584
-170.321
-170.974
-172.279
-170.321
-168.363
-169.016
-169.016
-165.753
-165.753
-159.88
-150.091
-146.829
-137.693
-129.862
-127.251
-118.768
-110.937
-103.106
-91.36
-84.1817
-73.7405
-61.9943
-52.8583
-37.8491
-29.3657
-16.3143
-5.22057
7.83085
22.1874
36.544
48.2903
57.4263
66.5623
72.4354
80.2662
86.1394
93.9702
100.496
105.064
108.327
115.505
118.115
122.683
129.209
133.777
138.998
143.566
146.829
150.744
154.659
158.575
163.143
166.406
167.058
167.711
167.711
166.406
165.753
169.016
169.668
169.016
173.584
171.626
169.016
170.321
167.058
164.448
160.532
153.354
145.523
141.608
137.693
131.167
127.251
120.073
108.979
101.801
90.0548
78.3085
70.4777
60.6891
54.1634
44.3748
39.1543
31.3234
19.5771
15.0091
5.87314
-5.22057
-10.4411
-20.2297
-29.3657
-28.7131
-31.3234
-31.3234
-30.6708
-35.2388
-40.4594
-45.0274
-47.6377
-50.9005
-52.8583
-56.1211
-57.4263
-57.4263
-57.4263
-58.0788
-59.384
-58.7314
-61.3417
-63.2994
-63.2994
-65.9097
-67.2148
-66.5623
-69.8251
-69.1725
-67.2148
-71.1303
-73.088
-78.3085
-86.1394
-90.0548
-90.7074
-92.0125
-92.6651
-92.6651
-93.9702
-95.928
-97.2331
-96.5805
-97.8857
-101.149
-101.149
-104.411
-103.106
-100.496
-98.5382
-99.8434
-105.064
-105.717
-105.717
-107.674
-107.022
-106.369
-105.717
-104.411
-102.454
-97.2331
-95.928
-91.36
-90.0548
-91.36
-89.4022
-88.7497
-87.4445
-85.4868
-83.5291
-80.9188
-80.2662
-76.3508
-71.7828
-67.8674
-60.6891
-54.816
-48.9428
-41.112
-33.9337
-27.408
-21.5348
-16.3143
-9.136
0
9.136
19.5771
26.1028
32.6286
39.8068
48.2903
58.0788
67.8674
77.0034
84.1817
90.7074
101.149
114.853
120.726
128.557
137.693
141.608
151.397
159.227
161.185
164.448
168.363
167.058
170.321
173.584
174.236
178.804
179.457
176.847
179.457
180.11
178.152
176.194
172.279
168.363
161.185
154.659
151.397
144.218
137.693
133.777
124.641
122.031
116.81
107.022
98.5382
88.7497
77.656
71.7828
61.9943
48.9428
43.0697
32.6286
25.4503
21.5348
12.3989
5.22057
0
-7.83085
-13.0514
-16.9668
-23.4926
-29.3657
-39.1543
-48.2903
-56.1211
-61.9943
-65.2571
-71.1303
-77.0034
-82.8765
-90.0548
-95.2754
-98.5382
-99.1908
-104.411
-105.064
-104.411
-106.369
-107.674
-108.979
-113.547
-118.115
-122.031
-127.251
-130.514
-130.514
-135.082
-135.735
-137.04
-139.65
-137.693
-137.04
-140.955
-140.303
-144.218
-143.566
-142.913
-144.871
-140.303
-140.303
-138.998
-136.387
-135.735
-137.693
-136.387
-133.777
-135.082
-134.43
-130.514
-128.557
-123.989
-113.547
-107.022
-98.5382
-90.0548
-86.1394
-78.9611
-71.7828
-67.2148
-59.384
-52.2057
-46.9851
-40.4594
-37.8491
-31.3234
-24.1451
-16.9668
-5.22057
1.30514
11.7463
22.84
33.2811
47.6377
61.9943
72.4354
84.8342
92.6651
100.496
108.979
114.2
122.683
129.209
131.167
139.65
146.176
154.007
167.058
172.931
178.804
185.33
185.33
187.288
189.246
187.288
185.983
186.635
183.372
181.415
180.11
178.804
180.762
179.457
178.804
175.542
170.974
169.668
163.795
160.532
156.617
149.439
144.871
140.955
131.167
123.989
118.115
107.022
98.5382
89.4022
76.3508
69.1725
61.9943
54.816
48.2903
37.1966
28.7131
17.6194
4.568
-5.22057
-16.3143
-22.1874
-27.408
-37.8491
-45.0274
-50.9005
-60.0365
-64.6045
-69.1725
-83.5291
-88.0971
-96.5805
-108.979
-115.505
-125.946
-131.819
-135.735
-145.523
-146.176
-148.134
-152.702
-150.091
-154.659
-159.88
-158.575
-163.795
-165.753
-163.143
-164.448
-165.753
-166.406
-172.931
-173.584
-176.194
-180.11
-174.236
-172.931
-166.406
-157.922
-157.27
-150.091
-146.176
-146.176
-140.303
-138.998
-137.693
-131.819
-131.819
-127.251
-116.81
-110.937
-102.454
-94.6228
-87.4445
-75.0457
-67.8674
-60.0365
-48.2903
-41.112
-33.2811
-26.1028
-17.6194
-8.48342
2.61028
9.78857
17.6194
28.0606
37.1966
50.9005
60.0365
69.8251
82.224
86.792
95.928
102.454
107.674
119.421
125.294
131.819
141.608
143.566
150.744
155.965
156.617
160.532
161.185
163.795
167.711
168.363
169.668
169.668
167.711
169.016
169.016
166.406
164.448
165.1
163.143
161.185
159.88
158.575
155.312
149.439
147.481
144.871
140.955
134.43
128.557
120.726
111.59
106.369
97.8857
92.0125
84.1817
75.6983
69.8251
62.6468
55.4685
50.9005
43.0697
40.4594
37.1966
26.7554
22.84
15.0091
7.17828
0.652571
-9.136
-20.2297
-31.3234
-40.4594
-52.8583
-64.6045
-78.9611
-86.792
-93.3177
-102.454
-103.106
-107.674
-114.2
-115.505
-117.463
-118.768
-116.81
-120.073
-125.294
-127.251
-132.472
-135.082
-140.303
-143.566
-147.481
-151.397
-151.397
-154.007
-157.27
-159.88
-163.143
-164.448
-161.838
-158.575
-157.922
-150.744
-149.439
-142.913
-135.735
-131.167
-122.031
-120.726
-114.853
-108.979
-104.411
-98.5382
-97.8857
-92.6651
-90.0548
-87.4445
-80.9188
-76.3508
-73.088
-67.2148
-59.384
-52.8583
-41.7646
-31.3234
-20.8823
-13.0514
-3.91543
7.17828
16.3143
24.1451
31.976
38.5017
45.68
53.5108
55.4685
57.4263
60.0365
63.2994
70.4777
79.6137
87.4445
94.6228
99.8434
108.327
114.853
119.421
123.989
125.946
131.819
132.472
133.125
136.387
132.472
135.082
139.65
142.913
149.439
153.354
151.397
146.829
142.913
140.955
140.303
138.345
135.735
129.209
126.599
125.294
122.031
121.378
118.115
113.547
110.285
105.064
102.454
97.8857
90.7074
84.1817
77.656
68.52
61.3417
54.816
45.0274
33.2811
25.4503
17.6194
15.0091
9.78857
3.91543
1.95771
-4.568
-9.136
-14.3566
-22.1874
-28.0606
-36.544
-42.4171
-46.9851
-55.4685
-60.6891
-68.52
-76.3508
-82.8765
-86.1394
-88.0971
-95.2754
-100.496
-106.369
-110.285
-112.895
-113.547
-115.505
-118.768
-119.421
-123.989
-125.294
-127.251
-131.167
-132.472
-136.387
-137.693
-135.082
-131.819
-127.904
-126.599
-124.641
-121.378
-116.81
-110.937
-107.022
-99.8434
-97.8857
-93.9702
-87.4445
-83.5291
-76.3508
-71.1303
-66.5623
-61.9943
-56.1211
-48.9428
-41.7646
-33.2811
-22.84
-15.6617
-7.83085
0
3.91543
11.7463
17.6194
22.84
27.408
34.5863
37.8491
43.7223
47.6377
49.5954
54.816
56.7737
62.6468
70.4777
73.7405
81.5714
82.8765
82.8765
84.1817
84.8342
83.5291
79.6137
78.3085
73.088
71.7828
70.4777
65.9097
61.3417
56.7737
54.816
51.5531
48.9428
46.3326
41.7646
37.1966
35.2388
27.408
25.4503
19.5771
13.704
12.3989
9.136
5.22057
3.91543
0.652571
0
0.652571
-2.61028
1.30514
3.26286
-1.95771
1.95771
0.652571
-2.61028
-0.652571
-1.30514
-1.30514
2.61028
1.95771
3.91543
5.22057
7.83085
14.3566
15.6617
20.2297
24.1451
30.0183
34.5863
36.544
40.4594
45.0274
46.9851
50.9005
52.8583
54.816
56.1211
56.7737
58.0788
59.384
59.384
59.384
57.4263
52.2057
50.9005
46.3326
41.7646
39.8068
33.2811
30.0183
28.0606
22.84
20.2297
15.6617
13.0514
9.78857
4.568
-0.652571
-5.87314
-10.4411
-14.3566
-20.8823
-25.4503
-34.5863
-41.7646
-45.0274
-54.1634
-56.1211
-58.7314
-65.2571
-67.8674
-74.3931
-79.6137
-78.9611
-86.1394
-87.4445
-91.36
-99.1908
-100.496
-103.759
-106.369
-103.106
-103.759
-103.106
-101.801
-101.801
-97.8857
-93.3177
-92.6651
-86.792
-82.8765
-82.224
-79.6137
-80.9188
-79.6137
-77.656
-78.9611
-75.6983
-73.7405
-69.8251
-61.9943
-58.7314
-54.1634
-49.5954
-46.9851
-40.4594
-34.5863
-26.7554
-22.84
-18.272
-10.4411
-7.17828
-1.95771
3.91543
9.78857
17.6194
26.1028
30.6708
37.1966
42.4171
48.9428
54.816
60.6891
65.9097
68.52
73.088
77.0034
83.5291
87.4445
91.36
90.7074
95.2754
103.106
108.327
113.547
119.421
123.336
126.599
130.514
133.125
135.735
137.693
138.345
137.693
135.735
135.082
130.514
126.599
125.294
121.378
118.115
110.285
105.717
98.5382
89.4022
84.8342
77.0034
70.4777
65.9097
58.0788
55.4685
53.5108
48.2903
44.3748
36.544
29.3657
24.1451
16.9668
10.4411
3.91543
-3.26286
-9.78857
-16.3143
-24.7977
-31.976
-39.1543
-48.2903
-50.9005
-60.0365
-67.2148
-73.7405
-79.6137
-82.224
-84.1817
-87.4445
-89.4022
-92.6651
-93.9702
-92.0125
-92.6651
-92.0125
-92.6651
-93.9702
-93.3177
-96.5805
-98.5382
-100.496
-104.411
-103.759
-106.369
-110.285
-112.242
-115.505
-118.115
-117.463
-119.421
-119.421
-119.421
-120.073
-121.378
-118.115
-114.853
-110.937
-107.022
-104.411
-100.496
-96.5805
-91.36
-84.8342
-79.6137
-74.3931
-67.2148
-59.384
-52.8583
-48.2903
-43.0697
-37.8491
-34.5863
-28.7131
-27.408
-24.1451
-17.6194
-14.3566
-7.17828
0
7.17828
16.3143
26.7554
36.544
45.68
55.4685
60.6891
65.2571
71.7828
75.0457
78.3085
86.1394
90.0548
95.928
103.106
107.022
114.2
117.463
118.768
120.073
123.336
125.946
131.167
135.082
135.082
137.04
135.735
134.43
133.125
131.167
132.472
133.777
134.43
134.43
132.472
131.167
126.599
122.031
116.158
108.327
101.801
95.2754
87.4445
80.9188
75.6983
67.8674
61.3417
53.5108
43.7223
37.8491
29.3657
19.5771
14.3566
7.17828
-2.61028
-11.0937
-20.2297
-29.3657
-33.9337
-38.5017
-44.3748
-45.68
-52.8583
-60.0365
-63.2994
-67.8674
-71.7828
-75.0457
-78.3085
-82.224
-88.7497
-92.6651
-99.8434
-107.022
-110.937
-116.81
-120.073
-122.031
-127.251
-127.251
-128.557
-131.167
-130.514
-131.819
-130.514
-126.599
-122.683
-118.768
-114.2
-110.285
-108.979
-103.759
-103.106
-101.149
-93.9702
-87.4445
-78.9611
-67.8674
-61.3417
-53.5108
-46.3326
-39.8068
-36.544
-32.6286
-30.0183
-28.7131
-24.7977
-22.1874
-18.9246
-15.6617
-11.7463
-9.136
-6.52571
-1.95771
0.652571
5.87314
11.0937
17.6194
26.1028
30.0183
37.1966
42.4171
46.3326
50.9005
52.2057
54.816
56.1211
