SAMPLES: 6557
BITSPERSAMPLE:	16
CHANNELS:	1
SAMPLERATE:	16000
NORMALIZED:	FALSE
285.826
372.618
447.011
505.09
548.16
574.263
586.661
600.365
613.417
628.426
627.773
605.586
569.695
525.972
486.165
450.274
424.171
415.035
421.561
432.655
441.791
441.791
431.35
409.162
365.44
302.793
224.484
129.209
33.9337
-47.6377
-114.2
-159.88
-188.593
-200.992
-202.95
-198.382
-187.94
-172.279
-151.397
-131.167
-115.505
-117.463
-126.599
-143.566
-166.406
-185.983
-212.086
-231.01
-242.104
-253.198
-258.418
-268.859
-285.826
-300.183
-312.582
-327.591
-349.126
-377.839
-408.51
-436.57
-457.452
-463.978
-462.02
-458.105
-454.842
-453.537
-450.274
-442.443
-432.655
-413.73
-391.543
-370.66
-357.609
-345.863
-332.811
-313.234
-289.089
-265.596
-234.273
-199.687
-157.922
-116.158
-84.1817
-60.6891
-43.7223
-30.6708
-13.0514
4.568
18.272
28.7131
37.8491
47.6377
56.7737
70.4777
90.7074
116.158
139.65
164.448
180.11
198.382
210.78
210.128
209.475
194.466
178.804
169.668
162.49
161.185
163.795
165.1
174.889
193.814
214.043
229.052
238.841
238.841
234.926
217.306
187.288
152.049
112.895
77.0034
44.3748
16.9668
-8.48342
-25.4503
-13.0514
47.6377
148.786
261.681
368.05
447.011
508.353
547.507
565.127
581.441
583.399
563.169
503.132
409.162
318.455
246.672
196.424
155.965
123.336
107.022
122.031
160.532
202.297
238.841
242.104
206.865
144.871
56.7737
-43.7223
-146.176
-243.409
-328.896
-391.543
-432.655
-447.664
-430.044
-393.5
-340.642
-285.826
-231.663
-175.542
-132.472
-99.8434
-79.6137
-77.656
-84.8342
-97.8857
-118.115
-129.209
-130.514
-126.599
-116.81
-109.632
-101.149
-101.801
-107.022
-113.547
-121.378
-135.082
-165.1
-200.992
-223.179
-228.4
-221.874
-216.654
-214.043
-218.611
-221.874
-223.832
-228.4
-224.484
-221.874
-232.315
-253.85
-275.385
-286.479
-278.648
-259.723
-235.578
-208.17
-174.236
-129.862
-78.9611
-31.3234
5.22057
24.7977
31.976
32.6286
30.6708
30.6708
31.976
28.0606
28.0606
32.6286
46.9851
79.6137
110.937
141.608
163.143
171.626
182.067
185.983
180.762
166.406
140.955
103.759
68.52
30.6708
5.87314
-2.61028
-6.52571
5.22057
20.2297
39.8068
63.2994
76.3508
75.0457
66.5623
41.7646
3.91543
-37.8491
-89.4022
-139.65
-182.067
-213.391
-204.907
-133.125
-13.704
122.683
245.367
354.999
456.8
545.549
615.375
665.623
692.378
680.632
612.112
493.996
377.186
276.69
195.119
132.472
82.224
68.52
98.5382
152.049
210.128
262.986
287.784
277.343
230.358
152.702
46.9851
-84.1817
-222.527
-347.82
-439.18
-489.428
-502.48
-482.25
-425.476
-342.6
-247.977
-146.176
-44.3748
43.7223
107.022
131.167
114.853
80.9188
43.0697
8.48342
-26.1028
-50.9005
-67.8674
-76.3508
-70.4777
-56.7737
-43.7223
-35.2388
-37.1966
-52.2057
-77.0034
-118.768
-170.321
-229.705
-279.3
-309.319
-324.98
-312.582
-284.521
-241.451
-192.508
-149.439
-107.674
-73.088
-47.6377
-32.6286
-35.2388
-45.68
-66.5623
-91.36
-115.505
-137.693
-146.176
-135.735
-108.979
-66.5623
-17.6194
31.3234
70.4777
96.5805
107.022
103.106
89.4022
57.4263
13.704
-37.1966
-83.5291
-106.369
-106.369
-84.8342
-50.9005
-15.6617
22.84
61.3417
93.3177
114.2
110.937
93.3177
63.952
22.84
-18.9246
-69.8251
-115.505
-147.481
-162.49
-155.312
-137.693
-107.022
-75.6983
-56.1211
-58.0788
-80.2662
-112.895
-155.312
-207.518
-280.606
-360.872
-434.612
-466.588
-406.552
-241.451
-15.6617
200.992
388.28
548.812
691.725
809.188
894.022
948.838
962.542
903.811
744.584
537.719
330.201
154.007
31.3234
-54.1634
-92.0125
-73.7405
0
104.411
210.128
293.004
317.802
285.174
210.128
94.6228
-60.0365
-221.222
-367.398
-488.123
-556.643
-575.568
-548.16
-474.419
-349.778
-194.466
-23.4926
153.354
311.929
429.392
495.301
501.175
454.842
372.618
283.868
199.034
130.514
79.6137
31.3234
-1.95771
-13.0514
-11.0937
-8.48342
-13.704
-32.6286
-70.4777
-118.768
-184.025
-261.028
-327.591
-360.872
-362.83
-329.548
-268.859
-199.034
-116.158
-23.4926
63.2994
123.989
154.659
156.617
125.946
63.952
-20.2297
-117.463
-204.907
-270.817
-313.234
-328.243
-313.234
-253.85
-174.889
-101.801
-42.4171
-12.3989
-5.22057
-20.8823
-65.2571
-127.251
-204.255
-293.657
-358.914
-385.017
-363.482
-301.488
-225.137
-136.387
-51.5531
32.6286
107.022
166.406
195.119
167.058
94.6228
-1.30514
-105.717
-200.339
-258.418
-286.479
-295.615
-284.521
-256.46
-225.137
-187.94
-160.532
-158.575
-189.246
-252.545
-340.642
-453.537
-570.347
-678.021
-713.26
-604.281
-347.82
-30.0183
276.69
566.432
825.502
1055.21
1228.79
1341.03
1392.59
1359.31
1189.64
899.896
571
242.104
-35.2388
-229.052
-349.126
-385.67
-319.107
-155.965
54.1634
247.324
374.576
409.162
390.89
334.116
217.959
43.0697
-152.702
-334.769
-471.156
-525.32
-481.597
-340.642
-150.091
75.6983
324.98
576.22
808.536
970.373
1042.81
1019.32
902.506
722.396
520.099
319.76
135.735
-18.9246
-149.439
-240.799
-274.08
-247.324
-198.382
-163.795
-161.185
-202.95
-272.122
-341.947
-410.467
-479.64
-514.879
-497.912
-428.739
-309.971
-172.931
-33.9337
111.59
252.545
358.262
414.383
406.552
328.243
185.33
0.652571
-193.161
-390.238
-549.465
-661.055
-734.143
-746.541
-707.387
-612.764
-480.292
-351.736
-269.512
-245.367
-262.986
-304.098
-363.482
-443.096
-522.057
-574.915
-580.788
-531.845
-431.35
-290.394
-126.599
26.1028
163.143
270.164
324.98
321.718
263.639
155.965
21.5348
-109.632
-231.01
-315.192
-351.083
-342.6
-308.666
-257.113
-200.992
-154.659
-129.862
-144.218
-208.17
-321.718
-478.987
-660.402
-838.554
-964.5
-983.425
-794.832
-350.431
233.62
794.832
1271.86
1677.76
2007.96
2240.28
2341.43
2317.28
2150.87
1791.96
1251.63
624.511
38.5017
-454.842
-811.146
-1000.39
-1034.98
-929.261
-698.904
-350.431
21.5348
288.436
401.984
405.247
344.558
209.475
-5.22057
-250.587
-437.223
-527.277
-501.827
-315.192
13.0514
415.688
813.756
1154.4
1433.7
1626.86
1669.93
1538.76
1263.38
867.267
387.627
-84.8342
-475.724
-758.288
-942.965
-1031.71
-999.739
-865.962
-687.81
-512.268
-362.177
-248.63
-212.086
-272.775
-378.491
-467.241
-524.015
-537.719
-466.588
-296.267
-53.5108
221.874
482.903
702.167
852.91
907.074
837.249
660.402
375.881
-18.9246
-449.622
-833.986
-1132.86
-1343.64
-1446.75
-1440.22
-1326.02
-1110.02
-841.164
-557.948
-301.488
-133.125
-82.224
-122.683
-210.78
-322.37
-443.748
-540.981
-580.788
-536.413
-396.763
-192.508
50.9005
287.131
471.156
572.305
607.544
584.051
466.588
264.291
15.6617
-212.086
-390.238
-531.193
-597.755
-575.568
-462.673
-304.098
-138.998
11.7463
112.242
144.218
103.106
13.704
-129.209
-319.76
-526.625
-721.744
-877.708
-965.805
-904.464
-525.32
220.569
1096.32
1807.62
2287.91
2631.82
2857.61
2914.38
2785.17
2518.92
2121.51
1512.01
708.692
-116.81
-811.146
-1361.92
-1728.01
-1840.25
-1748.24
-1519.84
-1144.61
-610.154
-48.2903
334.116
463.326
432.655
369.355
246.672
18.272
-224.484
-343.252
-310.624
-161.185
128.557
553.38
1000.39
1328.63
1508.09
1594.88
1576.61
1361.26
933.177
368.05
-261.028
-905.769
-1451.97
-1763.25
-1847.43
-1795.88
-1634.69
-1320.8
-881.624
-448.316
-121.378
103.759
243.409
249.935
120.073
-39.8068
-114.2
-89.4022
-20.2297
102.454
323.023
613.417
895.328
1086.53
1149.18
1070.22
828.765
455.495
13.704
-458.105
-967.763
-1437.61
-1733.23
-1807.62
-1681.68
-1418.69
-1034.98
-567.084
-93.9702
301.488
594.492
777.865
810.493
656.487
379.796
99.1908
-143.566
-324.328
-415.688
-386.975
-247.977
-45.0274
171.626
362.177
490.081
516.184
435.265
268.859
49.5954
-208.823
-446.359
-601.671
-664.317
-655.834
-590.577
-441.138
-215.348
12.3989
174.236
244.062
211.433
69.1725
-130.514
-356.304
-581.441
-812.451
-1031.06
-1185.72
-1218.35
-1076.09
-664.317
116.81
1076.74
1888.54
2377.97
2638.35
2766.9
2726.44
2496.74
2127.38
1672.54
1051.94
244.062
-587.314
-1252.28
-1738.45
-2092.14
-2202.43
-2034.06
-1704.52
-1301.23
-779.17
-184.025
268.859
443.096
380.449
284.521
199.687
28.0606
-180.762
-261.028
-160.532
43.7223
376.534
847.037
1324.72
1647.74
1739.1
1669.28
1482.64
1142.65
609.501
-25.4503
-650.613
-1243.8
-1724.09
-1953.15
-1882.67
-1626.21
-1270.56
-828.113
-315.192
191.203
559.253
760.245
830.07
779.823
605.586
383.712
266.249
288.436
403.942
572.957
793.526
1026.49
1193.55
1249.67
1163.53
942.965
559.906
36.544
-525.32
-1023.23
-1429.13
-1741.06
-1880.06
-1786.09
-1465.02
-1001.04
-482.903
37.1966
470.504
760.245
869.225
832.681
674.106
383.059
21.5348
-315.192
-533.151
-608.196
-562.516
-418.951
-213.391
-5.22057
146.829
219.264
216.001
123.989
-62.6468
-309.319
-540.981
-723.049
-830.07
-834.638
-714.565
-501.175
-254.503
-33.9337
127.251
238.841
259.071
169.668
-27.408
-307.361
-602.976
-879.666
-1086.53
-1233.36
-1311.67
-1309.71
-1193.55
-873.793
-278.648
596.45
1518.53
2202.43
2549.6
2680.11
2693.81
2566.56
2298.36
1928.35
1481.99
875.098
116.158
-636.909
-1262.73
-1783.48
-2181.55
-2306.84
-2132.6
-1764.55
-1296.66
-708.692
-48.9428
463.326
691.725
715.871
698.904
622.553
416.34
191.203
116.81
214.696
404.594
687.157
1078.7
1470.9
1700.6
1707.78
1553.77
1256.2
753.067
75.6983
-617.985
-1232.05
-1763.9
-2140.43
-2224.61
-1985.12
-1555.08
-1054.55
-497.912
94.6228
625.163
972.331
1110.02
1089.79
927.956
639.52
355.651
223.179
244.062
354.346
533.803
748.499
927.956
1005.61
947.533
769.381
475.072
30.0183
-534.456
-1067.61
-1466.33
-1739.1
-1867.01
-1780.21
-1464.37
-992.561
-448.969
84.1817
552.728
897.285
1059.12
1043.46
892.065
625.163
270.164
-73.7405
-313.234
-437.875
-467.894
-411.772
-279.953
-114.2
22.84
95.2754
97.2331
26.7554
-117.463
-291.699
-434.612
-517.489
-540.981
-494.649
-374.576
-201.644
-2.61028
180.11
317.802
349.778
257.113
65.2571
-185.33
-452.232
-734.795
-971.026
-1124.38
-1199.43
-1228.14
-1239.89
-1191.59
-1031.71
-703.472
-144.218
660.402
1505.48
2107.8
2385.8
2513.7
2580.27
2520.23
2308.8
1959.02
1489.17
790.264
-105.717
-989.95
-1707.78
-2280.08
-2727.09
-2863.48
-2608.33
-2086.92
-1418.69
-613.417
233.62
864.657
1128.3
1134.82
1066.3
931.219
657.792
334.116
178.804
250.587
464.631
781.78
1179.2
1534.19
1689.51
1627.51
1398.46
1008.22
414.383
-353.041
-1122.42
-1747.59
-2194.6
-2417.12
-2297.05
-1827.2
-1174.63
-497.259
161.838
771.339
1217.05
1407.6
1356.7
1149.18
836.596
465.936
143.566
48.9428
187.94
408.51
653.224
894.675
1061.08
1039.55
813.104
438.528
-20.8823
-546.855
-1115.24
-1587.05
-1835.68
-1882.02
-1776.95
-1451.32
-906.421
-293.657
272.775
736.753
1047.38
1174.63
1089.14
818.977
488.776
160.532
-165.1
-444.401
-572.957
-536.413
-421.561
-269.512
-100.496
44.3748
97.2331
34.5863
-112.242
-298.878
-475.724
-621.248
-672.148
-574.263
-382.407
-159.88
95.928
353.041
525.32
574.263
501.827
314.539
41.7646
-264.291
-548.812
-743.931
-843.774
-899.243
-908.379
-856.826
-802.01
-775.255
-757.635
-732.837
-652.571
-401.984
178.804
1009.53
1779.56
2263.12
2509.79
2691.86
2769.51
2622.03
2265.07
1784.78
1108.72
148.134
-903.811
-1805.66
-2495.43
-3024.01
-3280.48
-3071.65
-2454.97
-1663.4
-812.451
108.979
920.125
1341.69
1348.86
1190.94
1015.4
732.837
358.262
115.505
170.321
428.739
737.405
1067.61
1360.61
1460.45
1275.12
880.971
394.806
-215.348
-959.932
-1677.11
-2154.79
-2346.65
-2309.45
-2003.39
-1389.32
-597.103
150.744
736.753
1178.54
1444.14
1472.85
1275.12
956.017
647.351
358.262
127.251
60.6891
302.14
694.988
982.772
1157.01
1201.38
1100.89
775.907
283.216
-270.817
-796.789
-1244.45
-1590.32
-1651
-1421.95
-1051.94
-642.13
-145.523
397.416
798.747
1012.79
1027.8
912.294
696.293
354.999
-20.2297
-299.53
-461.368
-576.22
-616.68
-515.531
-338.684
-189.246
-90.0548
-56.1211
-83.5291
-182.72
-369.355
-558.601
-662.36
-687.157
-648.656
-492.039
-235.578
8.48342
197.729
334.116
388.28
318.455
137.693
-128.557
-398.721
-589.272
-694.336
-703.472
-632.341
-544.244
-486.818
-426.782
-373.923
-430.697
-587.314
-776.56
-921.43
-899.896
-516.184
347.82
1438.92
2317.28
2740.8
2890.24
2927.43
2755.16
2317.28
1737.8
1115.9
318.455
-665.623
-1570.09
-2184.81
-2573.74
-2836.07
-2788.44
-2291.83
-1536.15
-767.424
9.136
800.052
1352.13
1439.57
1192.9
955.364
794.179
567.737
326.286
303.446
529.235
815.061
1030.41
1169.41
1183.11
927.956
405.899
-200.992
-770.687
-1314.93
-1814.15
-2124.77
-2143.04
-1930.31
-1564.21
-1003
-277.995
409.815
873.793
1109.37
1196.82
1151.79
954.712
642.783
335.422
103.759
-44.3748
-73.088
45.68
307.361
621.9
847.69
925.998
852.91
627.121
255.155
-180.762
-569.695
-877.056
-1044.77
-1033.02
-824.85
-477.682
-135.735
138.345
366.092
538.371
584.051
469.199
264.291
72.4354
-73.7405
-165.753
-203.602
-178.804
-107.674
-52.8583
-2.61028
54.816
77.0034
18.9246
-87.4445
-183.372
-264.944
-334.116
-403.289
-432.655
-396.111
-314.539
-222.527
-128.557
-22.84
37.8491
32.6286
17.6194
3.91543
-54.1634
-159.227
-273.427
-353.694
-351.083
-291.699
-227.095
-170.321
-158.575
-197.076
-256.46
-328.243
-429.392
-574.263
-743.279
-848.342
-821.587
-661.055
-298.878
419.603
1399.11
2233.1
2604.41
2589.4
2440.62
2170.45
1681.68
1068.91
510.963
-6.52571
-671.496
-1419.34
-1967.5
-2232.45
-2345.99
-2263.77
-1820.67
-1134.17
-465.936
118.115
702.819
1210.52
1373.01
1149.83
822.892
612.764
462.02
251.892
131.819
251.892
482.25
646.045
712.608
689.768
486.818
63.2994
-468.546
-945.576
-1289.48
-1561.6
-1718.22
-1645.13
-1354.74
-945.576
-457.452
105.717
640.825
1000.39
1123.07
1091.1
969.721
733.49
396.763
84.1817
-118.768
-210.128
-225.137
-170.321
-24.7977
118.115
240.146
335.422
364.787
296.267
98.5382
-154.007
-385.67
-514.879
-540.981
-433.307
-167.058
116.81
323.023
442.443
492.039
448.316
311.276
106.369
-110.937
-227.747
-209.475
-91.36
78.3085
250.587
368.05
413.73
427.434
384.364
261.681
110.937
-31.976
-141.608
-201.644
-221.222
-205.56
-152.049
-88.7497
-41.112
-11.0937
-24.7977
-66.5623
-104.411
-120.073
-134.43
-193.161
-253.85
-258.418
-179.457
-45.68
72.4354
144.871
144.871
82.224
-23.4926
-143.566
-265.596
-418.298
-585.356
-708.692
-766.119
-775.907
-801.357
-858.784
-912.947
-914.252
-815.061
-398.068
476.377
1436.96
1911.38
1870.27
1707.78
1568.78
1280.34
734.143
171.626
-172.279
-480.292
-932.524
-1314.28
-1444.14
-1511.35
-1600.1
-1451.32
-1016.05
-555.991
-236.231
71.1303
459.41
709.345
602.323
324.328
252.545
359.567
374.576
365.44
548.16
862.046
1033.02
974.941
835.291
678.021
391.543
-86.1394
-563.821
-823.545
-933.177
-997.129
-943.618
-720.439
-438.528
-167.058
154.659
503.785
753.72
798.094
698.904
594.492
509.658
365.44
211.433
170.974
206.865
221.222
223.179
287.784
384.364
447.011
465.283
431.35
363.482
251.24
94.6228
-75.6983
-195.771
-250.587
-230.358
-96.5805
57.4263
107.022
67.8674
15.0091
-24.1451
-45.68
-48.2903
-49.5954
-1.30514
133.125
268.207
349.126
379.144
324.98
191.203
49.5954
-103.759
-252.545
-327.591
-329.548
-300.835
-245.367
-182.72
-151.397
-140.955
-169.668
-253.85
-350.431
-397.416
-413.078
-407.204
-320.412
-183.372
-26.7554
135.082
246.019
247.977
133.125
-63.952
-291.047
-443.096
-516.836
-570.347
-605.586
-576.22
-521.404
-507.048
-518.794
-572.305
-691.725
-878.361
-1074.78
-1212.48
-1194.21
-1102.85
-843.122
-52.8583
1151.79
2060.82
2188.72
1856.56
1523.75
1235.32
796.137
276.69
30.0183
19.5771
-190.551
-660.402
-1008.87
-1168.75
-1363.22
-1512.66
-1421.3
-1143.3
-817.672
-422.866
120.726
683.242
916.21
785.043
711.955
886.844
989.298
839.206
730.227
866.614
1080.66
1139.39
1068.26
978.857
811.798
400.026
-164.448
-540.329
-679.979
-831.376
-989.95
-931.219
-623.858
-230.358
135.082
460.715
768.076
985.382
1004.31
861.394
673.453
480.945
292.352
202.297
232.315
269.512
279.953
334.116
433.96
526.625
522.057
387.627
198.382
5.87314
-246.672
-522.057
-661.707
-621.9
-473.114
-293.657
-127.251
0.652571
86.1394
91.36
-9.78857
-133.125
-187.288
-170.974
-111.59
-1.30514
86.792
98.5382
31.976
-112.895
-296.267
-465.936
-640.825
-796.789
-811.798
-687.157
-498.564
-310.624
-177.499
-138.998
-165.1
-193.161
-206.865
-198.382
-163.143
-103.759
1.95771
189.898
349.126
351.083
205.56
-31.976
-290.394
-501.827
-650.613
-740.016
-728.269
-591.882
-418.298
-257.113
-120.073
-65.9097
-148.134
-302.793
-454.842
-552.728
-594.492
-646.045
-690.42
-624.511
-474.419
-307.361
130.514
972.984
1819.37
2060.17
1637.95
1081.96
816.366
668.885
353.694
91.36
182.72
376.534
174.236
-396.763
-966.458
-1354.09
-1588.36
-1641.22
-1431.09
-955.364
-307.361
381.102
1014.1
1442.83
1480.03
1210.52
913.6
655.181
375.881
204.907
283.216
526.625
754.372
862.699
873.14
780.475
433.96
-183.372
-772.644
-1044.77
-1063.69
-1001.7
-798.747
-367.398
182.067
617.985
830.07
899.243
931.872
859.436
588.619
240.146
46.9851
60.0365
146.176
206.865
206.212
187.94
182.067
110.285
-35.8914
-191.203
-257.766
-184.025
-29.3657
95.928
132.472
140.303
168.363
187.94
139.65
58.0788
-16.9668
-78.3085
-165.1
-291.047
-370.008
-318.455
-191.856
-135.735
-199.034
-330.854
-467.241
-599.06
-714.565
-776.56
-714.565
-547.507
-326.286
-112.242
99.8434
264.944
286.479
183.372
22.1874
-114.2
-195.771
-210.128
-189.898
-124.641
-62.6468
-46.9851
-95.2754
-201.644
-332.159
-465.283
-571
-649.961
-640.825
-506.395
-291.699
-95.2754
12.3989
38.5017
24.7977
9.78857
-11.0937
-39.1543
-75.6983
-94.6228
-60.6891
-12.3989
-23.4926
-129.209
-329.548
-583.399
-834.638
-1022.58
-831.376
-49.5954
1016.05
1667.97
1598.8
1175.93
924.041
869.225
687.157
398.721
302.793
477.029
458.105
-35.2388
-737.405
-1188.33
-1238.58
-1095.01
-922.736
-636.257
-60.6891
654.529
1158.31
1226.18
916.862
459.41
51.5531
-219.264
-317.802
-179.457
163.143
569.695
904.464
1102.85
1123.07
878.361
383.059
-207.518
-644.74
-769.381
-641.477
-353.694
45.68
456.8
706.082
687.157
490.733
301.488
191.856
64.6045
-146.829
-318.455
-269.512
1.30514
279.3
362.177
236.231
34.5863
-115.505
-141.608
-128.557
-46.9851
167.058
455.495
685.852
719.133
571
313.234
57.4263
-238.841
-549.465
-734.143
-691.073
-520.099
-446.359
-498.564
-578.178
-559.253
-478.335
-452.232
-509.005
-526.625
-400.679
-173.584
96.5805
319.76
454.19
471.809
349.126
155.965
-32.6286
-123.336
-159.88
-183.372
-210.78
-245.367
-272.775
-316.497
-411.12
-580.136
-732.185
-792.221
-710.65
-512.268
-272.775
-71.7828
43.0697
99.8434
103.759
108.327
116.158
99.1908
44.3748
24.1451
120.726
283.868
421.561
397.416
217.306
-41.112
-315.192
-604.933
-935.787
-1192.9
-1301.23
-1211.82
-1036.28
-837.249
-437.223
321.065
1303.84
1902.9
1836.99
1309.71
867.92
742.626
688.463
593.84
573.61
789.611
828.765
339.337
-555.991
-1260.11
-1361.92
-1069.56
-760.245
-563.169
-223.179
277.995
661.055
685.852
375.228
-41.7646
-355.651
-416.993
-180.762
288.436
813.756
1177.89
1337.77
1316.89
1102.19
665.623
122.683
-283.216
-410.467
-262.986
9.136
285.174
497.259
552.728
353.041
-52.8583
-456.8
-663.665
-592.535
-328.896
-11.0937
260.376
452.884
533.803
448.969
197.076
-129.862
-373.923
-411.772
-210.128
142.913
582.093
980.162
1219
1130.91
683.895
32.6286
-592.535
-956.669
-1060.43
-922.083
-679.979
-435.918
-329.548
-401.984
-589.272
-770.687
-814.409
-734.795
-527.93
-236.231
136.387
493.996
694.988
651.266
385.67
50.9005
-218.611
-353.041
-330.854
-165.753
68.52
253.85
270.164
58.0788
-317.802
-719.133
-1007.57
-1113.94
-1034.98
-799.4
-447.664
-40.4594
304.751
443.096
358.914
125.946
-131.819
-291.047
-307.361
-153.354
98.5382
390.89
555.338
526.625
297.572
-69.1725
-439.18
-732.185
-860.741
-860.089
-741.973
-593.84
-480.292
-428.087
-475.724
-507.7
-353.694
135.735
780.475
1209.21
1255.55
991.908
746.541
626.468
613.417
656.487
765.466
857.478
710.65
252.545
-385.67
-832.028
-902.506
-628.426
-211.433
155.312
386.975
396.111
229.052
-9.136
-210.128
-306.708
-273.427
-82.224
210.78
497.912
644.088
614.722
501.175
348.473
185.33
11.7463
-82.224
-19.5771
142.261
341.947
493.996
563.821
506.395
330.201
99.8434
-45.68
-23.4926
114.2
328.243
527.93
619.29
502.48
185.983
-210.128
-533.151
-697.599
-693.031
-514.879
-197.076
169.668
426.782
501.827
425.476
262.334
84.8342
-76.3508
-193.814
-248.63
-185.33
-71.1303
47.6377
118.115
88.0971
-5.22057
-159.88
-293.657
-373.271
-355.651
-257.113
-143.566
-67.8674
-109.632
-248.63
-420.256
-527.277
-538.371
-450.274
-262.334
-59.384
120.073
213.391
199.034
100.496
-86.1394
-291.047
-439.833
-478.335
-403.289
-250.587
-84.8342
29.3657
39.1543
-46.3326
-155.965
-260.376
-317.802
-339.99
-316.497
-240.146
-142.261
-84.8342
-99.1908
-159.88
-248.63
-320.412
-354.346
-333.464
-240.146
-102.454
7.83085
21.5348
-56.1211
-176.847
-292.352
-370.008
-373.271
-287.131
-118.768
75.0457
169.016
126.599
-0.652571
-130.514
-208.17
-223.179
-168.363
-26.7554
168.363
326.286
400.679
392.848
371.966
364.135
369.355
429.392
540.329
672.801
766.771
798.747
770.034
690.42
562.516
398.068
264.944
186.635
151.397
109.632
39.1543
-43.7223
-135.735
-229.052
-304.751
-309.319
-228.4
-85.4868
77.0034
227.747
377.839
489.428
563.169
593.84
594.492
606.891
642.783
709.997
758.288
733.49
616.027
458.105
314.539
184.025
63.2994
-35.8914
-88.0971
-97.2331
-85.4868
-91.36
-122.031
-190.551
-282.563
-347.82
-341.947
-246.019
-124.641
-40.4594
-2.61028
0.652571
-24.7977
-90.7074
-180.11
-247.324
-255.808
-244.714
-266.249
-320.412
-400.026
-490.081
-587.967
-679.327
-734.795
-719.786
-641.477
-510.311
-337.379
-178.804
-88.7497
-92.6651
-163.143
-218.611
-229.705
-200.339
-135.082
-45.0274
30.0183
23.4926
-63.952
-210.128
-369.355
-516.836
-625.816
-668.885
-621.248
-509.005
-386.975
-294.962
-285.174
-360.219
-448.969
-450.274
-350.431
-205.56
-77.0034
18.272
105.064
161.185
166.406
120.726
28.7131
-89.4022
-162.49
-113.547
5.87314
71.1303
-1.95771
-135.735
-216.001
-219.264
-172.931
-126.599
-18.272
152.702
318.455
422.866
488.776
593.84
713.26
814.409
885.539
945.576
983.425
976.246
950.144
901.853
800.705
622.553
445.706
359.567
351.083
325.633
223.179
93.3177
-9.78857
-106.369
-235.578
-343.905
-343.252
-227.095
-47.6377
103.759
214.696
293.004
345.21
393.5
436.57
465.283
479.64
538.371
653.876
766.771
771.992
646.698
475.724
343.905
256.46
174.236
97.2331
45.68
2.61028
-83.5291
-212.086
-367.398
-518.794
-627.773
-659.749
-590.577
-471.809
-377.186
-330.854
-308.666
-300.183
-310.624
-332.159
-342.6
-302.14
-228.4
-161.838
-144.218
-193.161
-282.563
-392.848
-488.776
-542.287
-545.549
-505.743
-441.138
-378.491
-362.177
-404.594
-478.335
-509.005
-471.809
-386.322
-272.775
-157.922
-56.7737
1.30514
11.0937
-0.652571
-5.22057
-24.1451
-64.6045
-110.937
-145.523
-157.922
-181.415
-229.052
-282.563
-317.802
-321.065
-294.962
-244.714
-169.016
-94.6228
-77.656
-112.895
-154.007
-145.523
-73.7405
23.4926
121.378
207.518
243.409
217.959
217.306
266.902
306.708
236.231
73.088
-35.8914
-45.0274
3.26286
44.3748
73.7405
147.481
227.747
225.137
134.43
84.1817
154.659
323.675
532.498
702.819
818.324
845.08
781.128
691.725
591.882
471.809
334.769
263.639
283.216
312.582
264.944
128.557
-8.48342
-114.2
-204.907
-293.657
-328.896
-253.85
-124.641
-1.95771
77.656
103.106
86.792
60.6891
78.3085
133.777
204.255
268.859
336.074
415.035
450.927
401.984
309.319
259.723
265.596
275.385
284.521
290.394
264.291
167.058
20.8823
-118.768
-234.926
-323.023
-392.195
-391.543
-321.065
-253.85
-239.494
-277.995
-312.582
-345.21
-379.796
-388.28
-355.651
-276.69
-209.475
-175.542
-185.33
-219.916
-255.808
-276.69
-252.545
-214.043
-179.457
-146.176
-99.1908
-61.3417
-87.4445
-166.406
-261.681
-312.582
-320.412
-308.666
-271.47
-221.874
-165.753
-124.641
-98.5382
-75.6983
-53.5108
-46.3326
-60.6891
-57.4263
-33.9337
-13.704
-20.2297
-43.0697
-64.6045
-81.5714
-90.0548
-100.496
-111.59
-129.862
-172.279
-221.874
-262.986
-261.681
-213.391
-145.523
-84.8342
-59.384
-45.68
-19.5771
20.8823
86.1394
193.161
325.633
413.73
397.416
304.751
204.255
142.261
107.674
80.9188
88.0971
150.091
217.959
216.001
131.819
31.976
-23.4926
-20.2297
18.272
69.8251
144.871
238.841
338.032
423.519
436.57
346.515
220.569
159.227
169.016
172.931
118.115
40.4594
8.48342
22.84
22.1874
-3.26286
-26.1028
-26.1028
-4.568
30.6708
63.952
70.4777
48.9428
24.1451
31.3234
58.0788
65.2571
65.2571
93.9702
144.218
175.542
170.974
156.617
178.804
223.832
256.46
268.207
262.986
234.926
200.992
181.415
159.227
112.242
54.816
35.8914
66.5623
84.1817
24.1451
-100.496
-210.128
-260.376
-285.174
-304.751
-309.319
-290.394
-259.071
-232.968
-227.747
-234.273
-224.484
-189.898
-121.378
-39.8068
23.4926
48.2903
41.7646
18.272
-29.3657
-93.9702
-137.04
-133.125
-108.979
-108.327
-138.345
-202.297
-280.606
-348.473
-378.491
-357.609
-309.319
-252.545
-195.119
-130.514
-89.4022
-92.6651
-104.411
-78.9611
-30.0183
-5.22057
-1.30514
11.0937
46.3326
52.8583
-27.408
-159.227
-267.554
-312.582
-311.276
-292.352
-276.038
-262.334
-250.587
-247.977
-267.554
-291.047
-236.883
-62.6468
152.049
264.944
236.231
180.762
193.814
258.418
289.089
287.784
328.896
411.12
442.443
370.008
236.883
127.904
73.7405
52.8583
39.8068
18.272
4.568
21.5348
95.2754
189.898
210.78
137.693
71.7828
78.3085
122.031
124.641
82.224
71.1303
104.411
143.566
151.397
133.125
120.726
119.421
114.2
118.115
95.928
35.8914
-16.3143
-12.3989
50.9005
101.149
93.9702
72.4354
78.3085
97.8857
101.801
86.792
82.8765
85.4868
89.4022
112.242
147.481
148.134
100.496
61.9943
88.7497
140.955
155.312
131.167
108.979
112.895
103.106
48.2903
-26.1028
-84.8342
-122.683
-146.176
-154.659
-163.795
-175.542
-167.058
-140.955
-130.514
-147.481
-156.617
-114.2
-22.84
47.6377
63.952
29.3657
-20.2297
-52.2057
-78.3085
-84.1817
-67.8674
-32.6286
13.0514
45.0274
24.1451
-60.0365
-178.152
-271.47
-299.53
-274.732
-220.569
-161.185
-116.81
-91.36
-86.1394
-87.4445
-81.5714
-65.2571
-38.5017
-1.30514
48.2903
78.9611
54.1634
-25.4503
-111.59
-172.279
-216.001
-249.282
-268.207
-269.512
-291.699
-345.863
-407.204
-460.063
-486.165
-440.486
-274.732
-60.0365
63.2994
41.7646
-26.7554
-21.5348
42.4171
84.8342
108.327
203.602
355.651
431.35
357.609
207.518
107.022
90.0548
117.463
139.65
123.989
58.0788
-6.52571
-3.91543
54.1634
73.088
-9.78857
-93.9702
-53.5108
66.5623
127.251
88.0971
34.5863
32.6286
57.4263
69.8251
88.0971
131.167
169.668
189.246
199.687
176.847
93.9702
0
1.30514
113.547
221.874
249.282
244.714
279.3
323.023
289.742
185.983
118.768
131.167
182.72
238.841
263.639
215.348
110.285
38.5017
46.9851
77.0034
56.7737
13.0514
16.3143
65.9097
84.1817
37.1966
-15.6617
-22.1874
-9.136
-7.17828
-9.136
-11.0937
-19.5771
-26.1028
-18.9246
-12.3989
-25.4503
-52.8583
-54.816
-9.78857
23.4926
2.61028
-43.7223
-75.6983
-90.7074
-110.937
-125.946
-105.064
-59.384
-24.7977
-28.7131
-66.5623
-109.632
-148.134
-172.931
-156.617
-112.895
-78.3085
-75.6983
-88.0971
-95.928
-107.674
-125.294
-127.904
-88.0971
-29.3657
5.22057
3.26286
-21.5348
-56.1211
-119.421
-208.823
-273.427
-285.826
-272.775
-261.681
-258.418
-281.258
-341.295
-424.171
-501.827
-544.244
-559.253
-554.033
-446.359
-177.499
93.3177
135.735
-46.9851
-216.001
-202.297
-81.5714
7.83085
65.9097
182.067
328.896
348.473
191.856
-5.87314
-98.5382
-71.7828
27.408
132.472
156.617
80.9188
-13.0514
-7.17828
63.2994
39.1543
-80.2662
-112.242
41.7646
215.348
205.56
78.9611
22.84
69.1725
125.294
140.955
147.481
189.898
251.24
306.056
345.21
326.286
216.001
122.031
197.076
379.144
482.25
467.894
461.368
517.489
533.151
448.969
336.074
298.878
353.041
414.383
435.918
418.298
320.412
167.058
71.7828
81.5714
107.022
75.6983
33.2811
47.6377
71.1303
20.2297
-70.4777
-90.0548
-17.6194
50.9005
58.7314
54.1634
60.6891
37.1966
-12.3989
-40.4594
-53.5108
-84.1817
-112.242
-91.36
-46.9851
-50.248
-118.768
-189.898
-218.611
-240.799
-293.004
-316.497
-272.122
-227.747
-242.756
-296.267
-333.464
-347.168
-359.567
-351.083
-307.361
-246.019
-212.738
-209.475
-205.56
-216.001
-247.324
-265.596
-230.358
-176.847
-159.88
-163.795
-162.49
-160.532
-184.025
-237.536
-274.08
-273.427
-270.817
-279.953
-281.911
-270.817
-278.648
-311.276
-329.548
-315.844
-318.455
-337.379
-343.905
-321.065
-253.85
-159.88
-46.9851
58.0788
87.4445
41.112
13.0514
63.952
147.481
186.635
205.56
257.113
307.361
290.394
211.433
138.998
127.904
185.33
255.155
297.572
285.826
236.231
199.687
219.916
268.859
262.986
213.391
203.602
254.503
289.089
253.198
187.94
154.659
158.575
167.058
178.152
206.865
231.01
237.536
237.536
240.146
220.569
183.372
177.499
247.977
328.896
353.694
347.82
338.684
347.82
346.515
317.802
304.751
310.624
315.192
300.183
258.418
189.898
89.4022
-13.704
-68.52
-78.3085
-82.8765
-97.2331
-108.979
-112.242
-116.81
-142.261
-167.058
-158.575
-128.557
-97.8857
-80.2662
-74.3931
-79.6137
-113.547
-149.439
-169.016
-187.288
-198.382
-206.212
-191.856
-163.143
-161.838
-186.635
-217.959
-225.137
-223.179
-219.916
-206.865
-189.246
-182.067
-190.551
-200.992
-203.602
-209.475
-216.001
-220.569
-219.264
-202.297
-184.025
-167.058
-162.49
-175.542
-192.508
-199.687
-180.762
-145.523
-115.505
-101.801
-95.928
-92.6651
-88.0971
-77.656
-77.0034
-86.792
-97.8857
-103.106
-99.1908
-96.5805
-105.717
-131.819
-161.838
-172.931
-168.363
-151.397
-123.336
-74.3931
-4.568
58.0788
93.9702
107.022
105.064
106.369
116.81
149.439
200.339
251.892
277.995
247.977
186.635
132.472
109.632
124.641
158.575
185.983
187.288
152.049
115.505
95.928
81.5714
62.6468
40.4594
31.976
31.976
33.9337
22.84
1.30514
-15.6617
-22.84
-17.6194
-14.3566
-0.652571
31.976
69.8251
99.8434
97.8857
67.8674
37.1966
39.8068
84.8342
140.955
182.067
205.56
219.264
221.874
222.527
216.654
206.865
206.865
209.475
202.297
179.457
139.65
94.6228
58.0788
33.9337
20.2297
13.704
20.2297
51.5531
84.1817
91.36
71.1303
40.4594
31.3234
54.1634
92.0125
122.683
132.472
126.599
108.979
77.0034
30.6708
-11.0937
-26.1028
-5.22057
28.7131
35.2388
1.95771
-52.2057
-93.3177
-107.022
-114.2
-122.683
-128.557
-129.862
-122.031
-112.242
-118.768
-148.786
-184.025
-195.771
-174.236
-135.082
-110.937
-106.369
-116.81
-137.04
-159.88
-186.635
-194.466
-182.72
-165.1
-160.532
-176.847
-199.687
-217.959
-233.62
-240.146
-246.672
-252.545
-255.808
-251.892
-244.714
-245.367
-270.164
-314.539
-339.337
-318.455
-238.841
-137.04
-71.1303
-55.4685
-82.224
-110.937
-103.106
-62.6468
0.652571
81.5714
158.575
202.297
190.551
129.862
65.2571
38.5017
61.9943
108.327
139.65
139.65
129.209
121.378
116.158
112.242
84.1817
42.4171
24.7977
35.2388
52.8583
45.0274
9.78857
-15.0091
-11.7463
24.7977
80.2662
131.167
174.889
202.297
212.086
206.865
189.898
171.626
167.711
176.847
189.246
199.034
202.95
210.128
219.264
218.611
203.602
184.025
172.931
174.236
166.406
142.913
113.547
81.5714
60.6891
59.384
76.3508
105.717
130.514
141.608
135.082
113.547
93.3177
82.224
92.0125
113.547
141.608
165.753
170.974
153.354
127.251
119.421
127.904
144.871
159.227
159.88
153.354
129.862
84.8342
24.1451
-34.5863
-75.6983
-90.0548
-85.4868
-65.2571
-43.7223
-42.4171
-58.7314
-92.6651
-133.777
-171.626
-192.508
-185.983
-160.532
-129.209
-113.547
-118.115
-136.387
-165.753
-199.687
-216.654
-212.086
-198.382
-191.203
-205.56
-242.104
-285.174
-331.506
-369.355
-381.754
-375.881
-358.914
-345.21
-341.947
-351.083
-363.482
-379.144
-395.458
-394.806
-378.491
-354.999
-332.811
-309.971
-276.038
-235.578
-188.593
-150.091
-135.082
-127.251
-110.937
-72.4354
-8.48342
58.0788
105.717
123.336
107.022
78.3085
54.1634
35.8914
44.3748
67.8674
91.36
123.989
139.65
140.955
142.913
139.65
138.345
148.786
159.88
167.711
180.762
197.076
217.306
232.968
253.85
276.69
296.92
318.455
334.769
339.99
338.032
328.896
315.844
313.234
318.455
314.539
306.708
296.267
288.436
289.089
284.521
272.775
251.24
221.874
203.602
197.076
190.551
179.457
152.049
121.378
97.8857
82.224
80.9188
88.0971
97.2331
103.759
90.0548
68.52
50.9005
43.7223
54.816
73.7405
80.9188
83.5291
78.3085
63.952
45.0274
20.2297
-9.136
-30.6708
-41.7646
-60.6891
-83.5291
-118.115
-161.185
-200.339
-227.747
-232.968
-230.358
-218.611
-199.034
-182.72
-165.753
-156.617
-155.965
-152.049
-151.397
-152.049
-154.007
-152.702
-142.913
-137.04
-150.091
-177.499
-217.959
-251.892
-274.08
-289.742
-304.098
-317.15
-320.412
-317.802
-304.098
-291.699
-283.216
-269.512
-247.324
-224.484
-205.56
-193.814
-187.288
-178.804
-172.931
-169.668
-171.626
-176.194
-179.457
-182.72
-194.466
-205.56
-200.339
-169.016
-119.421
-63.952
-22.1874
3.91543
25.4503
47.6377
75.0457
114.2
152.702
183.372
202.297
198.382
171.626
140.303
120.726
122.683
140.303
151.397
150.091
141.608
136.387
138.345
135.735
125.946
119.421
129.862
154.007
182.72
198.382
199.034
200.339
202.297
200.992
208.17
225.137
247.324
270.817
285.826
281.258
269.512
258.418
259.723
271.47
280.606
274.08
253.85
230.358
203.602
177.499
150.091
131.167
115.505
109.632
110.285
96.5805
75.0457
57.4263
49.5954
52.2057
64.6045
91.36
122.031
146.829
152.049
132.472
103.106
72.4354
52.8583
43.7223
43.0697
33.9337
9.78857
-30.0183
-78.3085
-127.251
-167.058
-188.593
-199.034
-202.297
-199.034
-198.382
-200.339
-211.433
-218.611
-210.78
-188.593
-154.659
-114.853
-73.7405
-50.9005
-51.5531
-69.8251
-96.5805
-122.683
-144.218
-155.312
-163.143
-177.499
-201.644
-240.799
-279.3
-307.361
-322.37
-317.802
-304.751
-291.699
-272.775
-253.198
-244.714
-238.188
-232.315
-217.306
-186.635
-160.532
-136.387
-116.81
-116.158
-125.946
-137.04
-150.744
-153.354
-151.397
-155.312
-152.049
-165.1
-179.457
-180.11
-169.016
-135.082
-94.6228
-52.8583
-13.704
16.9668
46.3326
77.656
105.717
138.345
167.711
186.635
202.297
205.56
199.687
200.339
206.865
214.043
226.442
238.188
239.494
236.883
228.4
219.264
204.255
187.94
180.762
174.889
172.279
169.016
161.185
158.575
159.227
160.532
176.194
193.814
209.475
225.137
232.968
239.494
244.062
236.883
227.095
216.654
204.255
193.161
184.678
172.279
163.795
155.312
139.65
124.641
109.632
95.928
95.928
97.8857
97.8857
99.8434
95.2754
90.7074
92.6651
96.5805
98.5382
101.149
102.454
99.1908
88.7497
69.8251
43.0697
16.3143
-13.0514
-44.3748
-69.8251
-93.3177
-116.158
-137.04
-157.922
-176.847
-191.203
-199.687
-200.339
-190.551
-173.584
-154.659
-142.913
-140.303
-140.303
-140.303
-138.998
-131.819
-129.209
-136.387
-148.134
-165.753
-185.983
-200.992
-214.696
-225.137
-228.4
-234.926
-242.104
-246.019
-246.672
-247.324
-240.799
-227.747
-210.128
-190.551
-170.321
-148.786
-131.819
-118.768
-116.81
-116.81
-117.463
-116.81
-115.505
-113.547
-113.547
-119.421
-127.251
-133.125
-127.904
-118.115
-110.937
-101.801
-91.36
-77.0034
-60.6891
-47.6377
-37.8491
-33.9337
-29.3657
-27.408
-17.6194
-3.26286
2.61028
7.83085
3.91543
-3.26286
-3.26286
1.30514
16.9668
52.2057
91.36
117.463
130.514
134.43
140.303
156.617
173.584
191.203
212.086
228.4
242.756
253.198
256.46
255.808
251.24
249.282
247.977
249.282
244.062
234.926
220.569
197.076
173.584
147.481
127.251
121.378
127.904
140.303
152.049
156.617
157.922
161.185
170.974
185.983
202.297
216.001
226.442
231.01
219.264
200.992
178.804
163.795
162.49
170.321
178.152
185.33
187.288
177.499
163.795
138.345
103.759
72.4354
44.3748
21.5348
-3.26286
-35.2388
-70.4777
-100.496
-122.683
-139.65
-148.786
-155.312
-155.965
-152.049
-149.439
-150.091
-157.27
-167.058
-176.847
-178.152
-176.194
-172.279
-170.321
-170.321
-165.753
-162.49
-169.016
-176.194
-185.33
-187.94
-184.678
-189.246
-204.255
-224.484
-240.146
-251.892
-257.766
-259.071
-253.85
-241.451
-225.137
-212.086
-206.212
-207.518
-203.602
-200.339
-197.076
-195.119
-193.161
-186.635
-174.889
-165.753
-161.185
-158.575
-157.922
-153.354
-144.218
-129.862
-116.158
-103.759
-84.1817
-64.6045
-44.3748
-30.0183
-26.1028
-24.7977
-26.1028
-24.1451
-25.4503
-24.1451
-24.7977
-25.4503
-15.6617
-7.83085
0.652571
10.4411
25.4503
43.0697
56.7737
69.8251
71.7828
72.4354
74.3931
73.7405
78.9611
92.6651
108.979
130.514
150.744
166.406
176.847
188.593
198.382
208.823
221.222
227.747
238.188
237.536
233.62
233.62
231.663
236.883
249.282
262.986
274.732
287.784
294.31
299.53
304.098
301.488
294.962
284.521
274.08
266.902
263.639
261.681
261.681
266.249
272.122
272.775
269.512
262.986
257.766
252.545
246.672
231.663
210.128
189.246
174.889
161.185
143.566
125.294
106.369
93.9702
84.8342
68.52
47.6377
22.1874
-1.30514
-28.0606
-50.9005
-75.6983
-110.285
-131.819
-150.744
-171.626
-187.288
-203.602
-219.264
-231.663
-238.188
-251.24
-270.164
-288.436
-309.971
-329.548
-343.905
-356.956
-371.313
-387.627
-398.721
-409.815
-416.993
-422.866
-428.087
-422.214
-413.73
-401.331
-393.5
-384.364
-373.923
-367.398
-357.609
-355.651
-351.083
-346.515
-338.032
-320.412
-307.361
-289.089
-270.817
-255.808
-238.841
-223.179
-208.823
-193.161
-171.626
-146.176
-124.641
-108.979
-99.1908
-93.9702
-87.4445
-74.3931
-57.4263
-35.2388
-15.6617
3.26286
32.6286
61.9943
82.8765
99.8434
110.285
117.463
125.294
134.43
142.913
154.659
171.626
189.898
210.128
229.705
247.977
264.944
284.521
300.835
311.276
317.15
317.15
324.328
332.811
341.947
351.083
356.304
361.524
363.482
364.787
368.05
373.923
383.059
390.238
394.153
395.458
392.848
386.975
377.186
371.313
366.092
362.83
358.914
362.83
360.219
354.346
345.863
327.591
309.971
289.089
266.249
244.714
226.442
215.348
200.992
181.415
163.795
135.082
106.369
82.8765
61.3417
42.4171
23.4926
5.22057
-14.3566
-35.2388
-65.2571
-101.149
-134.43
-163.143
-189.246
-210.128
-226.442
-245.367
-259.723
-274.08
-296.92
-318.455
-337.379
-352.388
-360.872
-364.787
-365.44
-369.355
-377.839
-390.89
-405.247
-422.214
-431.35
-437.223
-438.528
-428.087
-422.214
-418.298
-411.12
-405.247
-395.458
-383.059
-371.966
-364.135
-353.041
-341.947
-328.896
-313.887
-300.183
-282.563
-261.681
-238.841
-211.433
-187.94
-170.321
-157.27
-151.397
-140.955
-127.904
-113.547
-91.36
-68.52
-45.68
-26.7554
-16.9668
-10.4411
-12.3989
-15.0091
-4.568
9.78857
30.6708
56.1211
75.0457
89.4022
96.5805
97.8857
99.8434
101.801
107.022
120.073
135.082
149.439
163.795
170.974
172.931
176.847
176.847
184.025
197.076
207.518
226.442
242.756
244.714
249.282
251.892
255.808
271.47
285.826
298.878
308.014
306.708
302.793
302.14
298.878
302.14
307.361
311.929
322.37
330.201
338.684
341.947
338.032
332.811
327.591
325.633
324.98
322.37
318.455
311.929
300.835
288.436
280.606
267.554
257.113
247.324
230.358
212.086
186.635
157.27
130.514
103.106
75.0457
58.0788
41.7646
31.3234
21.5348
2.61028
-20.8823
-52.8583
-84.1817
-110.285
-134.43
-155.312
-172.279
-185.33
-200.992
-221.222
-248.63
-277.995
-307.361
-325.633
-330.201
-331.506
-325.633
-323.675
-330.201
-339.337
-353.041
-366.745
-372.618
-370.66
-369.355
-361.524
-358.262
-366.092
-368.703
-369.355
-363.482
-351.736
-337.379
-319.76
-303.446
-288.436
-268.859
-258.418
-249.935
-232.315
-216.001
-193.814
-172.279
-157.27
-140.303
-128.557
-115.505
-101.149
-84.8342
-65.9097
-46.3326
-27.408
-13.704
-2.61028
1.95771
5.87314
9.78857
14.3566
23.4926
30.0183
39.1543
50.248
61.3417
73.088
84.8342
93.3177
97.2331
103.759
107.674
110.285
110.937
109.632
113.547
110.937
112.242
114.2
109.632
113.547
122.683
131.167
141.608
150.091
152.049
152.702
148.786
140.955
137.693
129.862
130.514
134.43
137.04
138.998
142.913
145.523
147.481
154.007
158.575
162.49
171.626
176.847
182.067
185.33
185.983
190.551
197.076
206.865
217.959
227.747
234.273
241.451
246.019
243.409
236.231
228.4
219.264
212.086
206.865
200.992
193.161
185.33
176.847
167.711
158.575
147.481
134.43
119.421
107.022
95.928
80.2662
67.8674
52.8583
37.8491
29.3657
18.272
7.17828
-5.87314
-26.1028
-45.68
-65.2571
-87.4445
-108.327
-126.599
-141.608
-153.354
-159.88
-167.058
-178.152
-189.898
-202.95
-214.043
-227.095
-238.188
-246.019
-255.155
-262.334
-268.859
-277.995
-288.436
-300.183
-307.361
-306.056
-303.446
-293.004
-285.174
-279.3
-271.47
-270.817
-268.207
-262.986
-261.028
-251.24
-234.926
-220.569
-203.602
-191.856
-185.33
-173.584
-163.143
-152.049
-133.125
-122.031
-110.285
-95.928
-92.0125
-87.4445
-86.792
-87.4445
-80.9188
-73.7405
-61.3417
-43.0697
-26.7554
-14.3566
-1.30514
7.17828
11.0937
16.9668
20.2297
25.4503
34.5863
45.68
62.6468
75.6983
85.4868
95.2754
105.717
114.853
121.378
125.294
127.904
127.904
125.946
127.904
127.904
132.472
136.387
137.693
146.176
149.439
154.659
161.838
167.058
176.194
182.72
186.635
189.898
194.466
200.992
210.128
219.916
226.442
237.536
244.714
251.24
257.113
257.113
254.503
246.019
234.926
225.137
211.433
195.771
183.372
173.584
162.49
155.312
147.481
144.871
142.913
144.218
144.871
139.65
134.43
125.946
114.853
98.5382
84.8342
69.1725
58.7314
47.6377
34.5863
25.4503
10.4411
1.95771
-7.83085
-22.1874
-34.5863
-46.9851
-60.0365
-69.8251
-78.3085
-91.36
-102.454
-114.2
-122.031
-126.599
-133.125
-138.345
-146.829
-155.965
-161.185
-169.016
-179.457
-189.898
-200.339
-208.17
-216.001
-223.179
-228.4
-233.62
-234.273
-230.358
-224.484
-219.916
-210.78
-202.95
-198.382
-190.551
-188.593
-189.898
-191.203
-194.466
-197.076
-200.992
-204.907
-206.212
-205.56
-203.602
-200.339
-202.297
-199.034
-191.856
-184.678
-173.584
-166.406
-164.448
-157.27
-148.134
-140.303
-126.599
-116.158
-105.064
-84.8342
-65.9097
-52.8583
-35.8914
-24.7977
-11.0937
4.568
15.0091
30.0183
37.8491
41.7646
50.9005
54.816
58.7314
66.5623
75.6983
90.0548
110.937
125.946
145.523
161.185
173.584
186.635
194.466
199.687
204.907
207.518
212.086
216.001
216.654
223.832
231.01
238.188
251.24
256.46
263.639
273.427
274.732
274.732
271.47
261.681
254.503
243.409
231.01
227.095
217.306
204.255
194.466
180.11
170.974
165.1
154.659
151.397
148.786
144.871
144.871
138.345
127.251
120.726
108.979
97.2331
88.7497
78.3085
72.4354
69.8251
61.9943
54.816
46.3326
36.544
23.4926
7.83085
-7.83085
-24.1451
-43.7223
-60.0365
-73.7405
-86.1394
-95.928
-101.801
-105.064
-107.022
-107.674
-110.285
-112.895
-121.378
-129.209
-137.693
-152.049
-160.532
-166.406
-171.626
-177.499
-183.372
-187.94
-193.814
-201.644
-205.56
-212.086
-215.348
-211.433
-210.78
-210.128
-208.823
-212.086
-216.001
-216.001
-217.306
-216.654
-217.306
-219.916
-220.569
-224.484
-231.01
-232.968
-232.315
-231.01
-226.442
-217.306
-210.128
-202.95
-190.551
-178.152
-169.016
-155.965
-141.608
-131.819
-114.853
-97.8857
-87.4445
-74.3931
-63.2994
-54.816
-47.6377
-42.4171
-33.9337
-24.1451
-16.9668
-4.568
6.52571
16.3143
29.3657
43.0697
60.6891
78.3085
92.0125
108.327
120.073
127.251
137.693
144.871
150.744
161.838
171.626
182.72
194.466
208.17
221.222
232.315
242.756
253.198
257.766
263.639
270.164
270.817
274.08
279.953
280.606
281.911
284.521
282.563
282.563
278.648
273.427
267.554
259.071
249.282
238.841
229.052
221.874
215.348
210.128
208.17
205.56
200.992
194.466
187.288
180.762
172.279
161.185
152.049
142.913
129.862
118.115
105.064
91.36
77.0034
56.7737
43.0697
26.1028
9.136
-3.91543
-24.1451
-39.1543
-50.9005
-67.8674
-78.9611
-89.4022
-108.327
-123.336
-137.693
-157.922
-172.279
-187.288
-203.602
-214.696
-223.832
-236.231
-244.714
-251.892
-261.028
-267.554
-275.385
-277.995
-279.953
-283.216
-280.606
-283.868
-285.826
-282.563
-285.174
-287.784
-287.131
-289.089
-286.479
-286.479
-286.479
-288.436
-293.004
-293.004
-293.004
-288.436
-279.953
-273.427
-258.418
-246.672
-235.578
-217.959
-204.255
-193.161
-178.804
-168.363
-156.617
-136.387
-123.336
-108.979
-87.4445
-75.0457
-60.0365
-39.1543
-25.4503
-5.22057
18.9246
35.8914
56.7737
77.656
93.3177
109.632
122.683
137.04
148.134
157.922
169.016
178.152
189.246
198.382
209.475
215.348
222.527
233.62
238.841
250.587
261.681
268.859
276.038
287.131
292.352
298.878
310.624
318.455
324.328
334.116
339.337
338.032
336.727
330.854
325.633
314.539
307.361
298.878
283.216
269.512
249.935
228.4
206.865
185.983
169.016
154.659
147.481
140.303
126.599
117.463
98.5382
77.656
60.0365
41.7646
27.408
12.3989
3.26286
-7.17828
-20.2297
-34.5863
-50.248
-66.5623
-80.2662
-93.3177
-107.674
-118.115
-127.251
-138.345
-147.481
-157.27
-169.668
-179.457
-189.246
-197.729
-200.339
-204.255
-202.95
-200.992
-200.339
-199.687
-201.644
-205.56
-208.17
-208.823
-207.518
-199.687
-192.508
-184.678
-177.499
-170.321
-161.838
-153.354
-145.523
-136.387
-124.641
-114.2
-103.759
-97.2331
-95.928
-93.9702
-98.5382
-100.496
-99.1908
-97.2331
-95.2754
-88.7497
-82.8765
-81.5714
-76.3508
-77.0034
-77.656
-77.0034
-78.9611
-77.656
-77.656
-74.3931
-69.8251
-67.8674
-61.3417
-56.1211
-52.8583
-45.68
-37.1966
-31.3234
-24.7977
-19.5771
-15.6617
-9.78857
-3.91543
1.30514
7.17828
10.4411
15.6617
19.5771
22.1874
25.4503
27.408
31.3234
33.9337
39.8068
42.4171
43.0697
46.3326
48.9428
50.9005
57.4263
65.9097
70.4777
78.9611
81.5714
84.8342
90.7074
95.2754
99.8434
105.064
110.937
116.81
122.031
123.336
124.641
120.073
121.378
123.989
126.599
135.735
143.566
146.829
153.354
157.27
155.965
158.575
161.185
159.227
157.922
156.617
155.312
159.227
158.575
159.88
158.575
159.227
160.532
159.88
157.922
154.007
148.134
140.955
134.43
125.294
115.505
108.327
99.1908
90.7074
80.2662
71.1303
64.6045
54.816
46.9851
39.8068
30.6708
23.4926
12.3989
-0.652571
-11.7463
-24.1451
-37.1966
-48.2903
-63.2994
-80.2662
-93.9702
-108.979
-122.031
-136.387
-150.091
-159.88
-169.668
-180.11
-187.288
-197.729
-202.297
-204.907
-210.78
-215.348
-220.569
-225.137
-225.79
-225.79
-227.747
-221.874
-217.306
-211.433
-202.95
-202.95
-201.644
-195.119
-186.635
-174.889
-163.143
-154.007
-142.261
-133.777
-125.294
-114.2
-103.759
-90.7074
-79.6137
-71.7828
-63.952
-54.816
-47.6377
-35.2388
-30.6708
-28.7131
-24.7977
-24.7977
-22.1874
-18.9246
-20.8823
-15.6617
-9.136
-10.4411
-6.52571
-9.136
-9.136
-3.91543
-2.61028
-1.95771
1.30514
7.17828
15.6617
26.1028
30.0183
33.2811
41.7646
46.3326
54.816
56.7737
58.0788
64.6045
67.8674
73.7405
75.0457
75.6983
83.5291
87.4445
87.4445
88.0971
87.4445
95.928
108.327
114.853
125.294
131.167
134.43
142.261
145.523
146.829
154.659
161.838
164.448
171.626
176.847
188.593
205.56
217.959
226.442
229.705
228.4
227.747
225.137
223.832
220.569
217.306
212.086
200.992
189.246
180.11
169.016
160.532
148.786
138.345
129.209
121.378
112.242
97.2331
82.224
60.6891
45.0274
28.7131
8.48342
-1.30514
-13.0514
-24.1451
-31.3234
-43.7223
-53.5108
-56.7737
-69.8251
-80.2662
-91.36
-106.369
-116.81
-123.336
-131.167
-138.345
-147.481
-162.49
-174.236
-190.551
-202.95
-210.78
-220.569
-228.4
-238.188
-245.367
-249.282
-249.935
-251.24
-246.672
-247.977
-249.282
-247.977
-249.282
-244.062
-233.62
-224.484
-216.001
-208.823
-204.255
-190.551
-180.11
-172.279
-164.448
-160.532
-155.312
-152.702
-144.218
-135.082
-126.599
-114.2
-108.979
-107.022
-99.1908
-91.36
-81.5714
-66.5623
-58.7314
-46.3326
-34.5863
-22.1874
-5.87314
7.17828
19.5771
31.976
44.3748
52.8583
62.6468
71.7828
84.1817
93.9702
105.717
121.378
131.167
141.608
147.481
148.134
150.744
154.007
159.227
167.711
172.931
176.847
184.025
185.983
191.856
198.382
201.644
204.255
206.865
207.518
207.518
209.475
208.823
210.78
212.738
213.391
212.086
206.212
198.382
192.508
182.72
178.804
170.321
162.49
162.49
152.049
147.481
146.176
137.693
134.43
129.862
120.726
116.158
108.327
97.2331
91.36
82.224
71.1303
61.3417
52.8583
39.8068
24.7977
6.52571
-11.7463
-27.408
-42.4171
-51.5531
-60.6891
-67.8674
-74.3931
-82.8765
-92.0125
-103.106
-112.242
-122.683
-131.819
-141.608
-146.829
-148.786
-153.354
-156.617
-159.88
-167.058
-175.542
-184.678
-187.94
-191.856
-196.424
-197.076
-197.076
-198.382
-197.076
-199.034
-200.992
-198.382
-199.687
-202.297
-202.95
-200.339
-199.034
-192.508
-181.415
-172.931
-167.058
-157.27
-145.523
-144.871
-140.955
-135.082
-135.735
-131.819
-121.378
-108.979
-90.0548
-79.6137
-67.8674
-54.1634
-49.5954
-39.1543
-30.6708
-22.1874
-9.78857
-2.61028
1.95771
8.48342
13.704
18.9246
31.3234
38.5017
46.3326
55.4685
60.6891
72.4354
86.792
93.9702
110.937
120.726
127.251
138.998
142.913
146.176
152.702
157.922
162.49
167.711
176.194
185.983
194.466
197.729
199.034
196.424
195.119
194.466
187.288
185.33
179.457
166.406
161.185
156.617
152.049
150.091
142.913
138.998
137.04
135.082
130.514
125.294
123.336
118.768
113.547
106.369
96.5805
88.7497
82.224
73.7405
68.52
64.6045
52.2057
44.3748
35.2388
21.5348
13.704
2.61028
-10.4411
-19.5771
-30.0183
-43.7223
-52.8583
-65.9097
-73.7405
-75.6983
-82.224
-82.8765
-84.8342
-88.0971
-82.224
-84.8342
-89.4022
-87.4445
-92.6651
-93.3177
-97.8857
-103.759
-107.022
-114.2
-120.073
-124.641
-129.862
-131.167
-130.514
-135.082
-135.735
-125.946
-123.336
-120.073
-115.505
-114.853
-110.937
-107.674
-110.285
-110.937
-109.632
-111.59
-108.327
-110.285
-112.895
-103.759
-101.801
-93.3177
-81.5714
-73.088
-65.2571
-57.4263
-52.2057
-48.2903
-41.7646
-41.112
-34.5863
-28.0606
-25.4503
-21.5348
-23.4926
-24.1451
-25.4503
-28.0606
-27.408
-31.3234
-33.2811
-29.3657
-25.4503
-20.2297
-14.3566
-11.7463
-11.0937
-12.3989
-13.0514
-9.78857
-6.52571
1.95771
9.78857
14.3566
22.1874
28.0606
28.7131
32.6286
33.9337
40.4594
51.5531
61.3417
72.4354
84.1817
88.7497
93.3177
98.5382
100.496
104.411
105.717
110.285
122.031
131.819
140.303
148.786
151.397
150.744
146.829
146.176
149.439
152.049
153.354
151.397
150.744
146.176
143.566
138.998
127.904
122.683
118.115
116.158
116.81
116.81
114.853
107.674
103.759
98.5382
84.8342
73.7405
62.6468
48.2903
37.8491
24.1451
9.78857
-1.95771
-17.6194
-30.0183
-38.5017
-44.3748
-46.3326
-50.9005
-55.4685
-58.0788
-61.3417
-65.9097
-70.4777
-75.6983
-84.1817
-85.4868
-90.0548
-95.928
-97.2331
-105.717
-112.242
-113.547
-111.59
-108.327
-104.411
-99.8434
-93.3177
-90.7074
-89.4022
-93.3177
-102.454
-105.717
-109.632
-110.937
-105.064
-99.8434
-90.0548
-80.9188
-77.0034
-75.0457
-75.0457
-79.6137
-82.224
-83.5291
-82.224
-77.0034
-74.3931
-67.2148
-62.6468
-61.3417
-53.5108
-52.2057
-54.1634
-49.5954
-51.5531
-47.6377
-39.1543
-39.1543
-35.8914
-30.0183
-30.6708
-26.1028
-24.7977
-24.7977
-20.2297
-15.6617
-7.17828
-4.568
-3.91543
-0.652571
1.95771
3.91543
9.78857
12.3989
15.0091
22.84
26.7554
30.6708
39.8068
38.5017
36.544
37.8491
35.2388
39.8068
41.7646
46.3326
55.4685
55.4685
58.7314
61.3417
53.5108
52.8583
50.248
45.68
48.9428
48.9428
49.5954
52.2057
49.5954
50.9005
55.4685
54.1634
53.5108
56.1211
56.1211
60.6891
64.6045
64.6045
69.1725
67.8674
71.7828
77.0034
74.3931
75.0457
76.3508
71.7828
72.4354
73.7405
70.4777
73.7405
71.7828
69.8251
69.1725
65.9097
64.6045
61.3417
61.3417
62.6468
63.2994
67.8674
70.4777
68.52
67.2148
67.2148
61.3417
60.0365
56.7737
46.9851
43.0697
37.1966
33.2811
31.3234
23.4926
21.5348
19.5771
14.3566
6.52571
0.652571
-8.48342
-17.6194
-24.7977
-31.3234
-37.8491
-45.68
-48.9428
-58.7314
-65.2571
-71.1303
-77.0034
-86.792
-93.9702
-97.2331
-103.759
-107.674
-111.59
-118.115
-118.115
-114.853
-116.158
-109.632
-104.411
-103.759
-94.6228
-93.9702
-92.6651
-91.36
-89.4022
-84.1817
-82.8765
-81.5714
-81.5714
-82.224
-82.8765
-78.9611
-79.6137
-78.9611
-80.9188
-84.1817
-81.5714
-78.9611
-78.3085
-75.6983
-77.0034
-80.2662
-79.6137
-77.656
-75.0457
-71.7828
-66.5623
-60.0365
-55.4685
-50.9005
-46.9851
-46.9851
-41.7646
-37.8491
-35.2388
-31.3234
-30.6708
-28.0606
-16.3143
-5.87314
3.26286
16.9668
21.5348
28.0606
37.8491
45.68
58.0788
63.2994
68.52
69.8251
73.088
80.9188
86.1394
92.6651
96.5805
101.149
104.411
108.979
113.547
112.895
117.463
118.768
115.505
116.81
117.463
116.81
119.421
123.989
125.946
123.989
123.989
122.683
117.463
114.2
110.285
103.759
96.5805
94.6228
90.0548
87.4445
86.792
86.1394
85.4868
81.5714
84.1817
83.5291
76.3508
79.6137
76.3508
70.4777
69.1725
63.2994
58.0788
52.8583
48.2903
45.68
38.5017
30.0183
26.7554
20.2297
12.3989
13.0514
5.22057
0
-1.95771
-9.78857
-11.7463
-16.9668
-24.7977
-25.4503
-31.976
-37.1966
-39.1543
-47.6377
-52.8583
-56.1211
-66.5623
-73.088
-78.9611
-88.7497
-93.3177
-97.8857
-102.454
-105.064
-111.59
-116.81
-117.463
-123.989
-123.989
-127.251
-138.345
-138.998
-140.955
-144.871
-140.303
-138.345
-139.65
-140.303
-144.871
-147.481
-151.397
-154.659
-153.354
-159.227
-163.143
-156.617
-155.965
-151.397
-145.523
-141.608
-133.777
-126.599
-117.463
-108.979
-100.496
-92.6651
-84.1817
-73.088
-63.2994
-50.9005
-36.544
-18.9246
-3.91543
7.17828
22.84
32.6286
37.8491
50.248
56.1211
60.0365
67.8674
67.8674
74.3931
79.6137
82.224
92.6651
95.928
96.5805
103.106
107.022
108.327
114.2
116.81
118.768
123.336
127.251
132.472
138.998
142.261
149.439
154.007
158.575
165.1
163.143
163.143
161.185
159.88
161.838
156.617
152.702
152.702
149.439
145.523
144.218
137.693
127.904
120.726
114.853
107.022
101.149
91.36
82.224
77.0034
66.5623
63.2994
61.9943
59.384
58.0788
54.1634
52.8583
50.248
44.3748
39.1543
32.6286
24.7977
15.0091
9.78857
4.568
-3.26286
-9.78857
-18.272
-31.3234
-39.1543
-43.0697
-52.2057
-60.0365
-66.5623
-75.6983
-80.2662
-87.4445
-95.928
-104.411
-115.505
-127.904
-133.777
-139.65
-145.523
-147.481
-148.786
-149.439
-150.744
-150.744
-150.744
-154.007
-156.617
-155.965
-154.007
-149.439
-139.65
-135.082
-131.167
-125.946
-123.336
-120.073
-114.853
-112.242
-108.327
-101.149
-95.2754
-90.7074
-87.4445
-86.792
-84.8342
-86.1394
-83.5291
-80.2662
-78.9611
-73.088
-68.52
-65.9097
-63.2994
-58.0788
-54.816
-49.5954
-38.5017
-28.7131
-17.6194
-6.52571
5.87314
15.6617
24.1451
30.6708
35.2388
39.8068
46.9851
56.1211
67.8674
78.3085
88.7497
93.9702
99.8434
100.496
96.5805
95.928
93.9702
93.9702
94.6228
99.1908
99.1908
99.8434
99.1908
92.6651
90.0548
88.0971
82.8765
84.1817
85.4868
89.4022
93.3177
95.2754
98.5382
99.8434
96.5805
95.2754
93.9702
93.9702
99.8434
102.454
105.064
108.327
108.979
106.369
105.064
100.496
94.6228
90.7074
84.1817
82.224
76.3508
66.5623
58.0788
45.68
36.544
28.7131
18.9246
13.0514
7.17828
1.95771
-2.61028
-7.17828
-11.0937
-14.3566
-20.8823
-22.1874
-22.84
-23.4926
-20.8823
-20.8823
-22.1874
-22.84
-25.4503
-30.6708
-31.976
-33.9337
-36.544
-35.2388
-39.8068
-42.4171
-45.0274
-52.8583
-58.0788
-65.9097
-69.8251
-71.1303
-75.6983
-78.3085
-81.5714
-86.1394
-88.7497
-88.0971
-90.0548
-88.0971
-82.8765
-82.224
-77.0034
-71.7828
-68.52
-65.9097
-65.9097
-63.952
-61.9943
-57.4263
-52.2057
-45.0274
-39.8068
-36.544
-33.2811
-30.0183
-26.7554
-26.1028
-26.1028
-20.2297
-18.9246
-13.704
-11.7463
-13.704
-12.3989
-15.0091
-17.6194
-16.3143
-15.0091
-11.0937
-5.87314
-5.87314
-5.87314
-7.83085
-10.4411
-9.78857
-11.7463
-11.7463
-13.0514
-9.78857
-10.4411
-8.48342
-7.17828
-11.0937
-10.4411
-15.0091
-15.6617
-16.9668
-18.9246
-19.5771
-18.9246
-18.272
-15.0091
-11.0937
-9.78857
-3.91543
-1.30514
2.61028
10.4411
11.0937
15.6617
16.3143
15.0091
17.6194
19.5771
24.7977
28.7131
37.8491
44.3748
51.5531
58.0788
61.3417
62.6468
61.3417
61.3417
60.0365
60.6891
61.3417
62.6468
65.9097
65.9097
65.2571
64.6045
64.6045
65.9097
65.9097
65.9097
65.2571
66.5623
63.952
59.384
52.8583
43.0697
36.544
31.976
28.7131
30.6708
30.6708
32.6286
37.1966
35.2388
33.9337
28.7131
19.5771
15.6617
13.0514
13.704
13.704
13.704
12.3989
12.3989
13.0514
13.0514
11.7463
11.7463
13.704
16.9668
22.84
27.408
27.408
26.7554
23.4926
16.9668
13.704
9.136
7.17828
7.83085
2.61028
0.652571
-7.17828
-18.272
-27.408
-35.2388
-40.4594
-44.3748
-48.2903
-48.9428
-46.3326
-45.0274
-44.3748
-47.6377
-54.1634
-57.4263
-61.3417
-65.9097
-66.5623
-73.7405
-76.3508
-77.0034
-78.9611
-80.9188
-85.4868
-87.4445
-88.0971
-86.792
-83.5291
-82.8765
-79.6137
-76.3508
-75.6983
-73.088
-76.3508
-81.5714
-88.0971
-90.7074
-88.7497
-87.4445
-84.1817
-82.8765
-83.5291
-82.224
-83.5291
-82.8765
-75.6983
-71.1303
-59.384
-50.248
-45.0274
-42.4171
-42.4171
-39.1543
-37.8491
-35.8914
-33.9337
-32.6286
-28.0606
-23.4926
-15.6617
-9.136
-0.652571
3.91543
9.136
15.6617
18.272
23.4926
31.3234
38.5017
48.9428
54.1634
57.4263
62.6468
64.6045
72.4354
79.6137
84.1817
90.0548
91.36
93.9702
99.8434
105.064
110.937
116.81
120.073
124.641
130.514
133.125
134.43
139.65
143.566
145.523
146.829
146.176
146.829
150.744
153.354
157.922
157.922
158.575
155.312
152.702
153.354
149.439
144.871
138.345
129.862
118.768
110.285
101.149
90.0548
82.8765
71.7828
58.7314
45.68
30.6708
