SAMPLES: 6203
BITSPERSAMPLE:	16
CHANNELS:	1
SAMPLERATE:	16000
NORMALIZED:	FALSE
27.926
-22.3408
-78.1929
-37.8553
138.389
79.434
-250.093
-45.3022
255.058
-140.871
-139.01
94.9485
-76.9517
14.8939
35.9935
-204.17
22.9614
166.315
-202.929
-86.881
149.559
-89.3633
-83.1575
24.8231
-5.58521
39.0964
0.620578
-113.566
41.5788
74.4694
-136.527
-65.7813
68.2636
45.3022
-31.0289
-15.5145
88.7427
78.1929
-76.9517
-36.6141
106.739
9.30868
8.6881
-50.2668
4.96463
106.739
-29.1672
47.164
3.72347
-8.6881
107.36
37.8553
-10.5498
64.5402
31.6495
30.4083
135.907
-8.6881
-65.1607
12.4116
28.5466
38.4759
-1.24116
-61.4373
64.5402
128.46
18.6174
-97.4308
-88.7427
180.588
26.6849
-114.807
-21.7202
-4.34405
-3.72347
24.8231
-121.633
-276.778
209.135
32.8907
-328.286
83.7781
114.807
-155.765
28.5466
4.34405
-152.042
166.936
-97.4308
-235.199
171.9
19.2379
-193
-42.1993
32.2701
-26.0643
-39.0964
-72.6077
1.24116
88.7427
26.6849
-27.926
9.92925
53.3697
-6.20578
-59.5755
6.82636
52.7492
4.96463
17.3762
65.7813
37.8553
-29.1672
63.299
69.5048
8.6881
59.5755
30.4083
96.1896
73.8488
-8.6881
-24.8231
91.225
73.8488
-42.8199
-11.1704
30.4083
125.357
-20.4791
-34.1318
31.6495
52.7492
52.1286
-42.1993
-95.5691
62.0578
173.141
-160.109
-89.3633
90.6044
-39.717
-27.3054
-26.0643
-139.01
44.0611
97.4308
-189.276
-26.0643
62.6784
-159.489
-17.9968
110.463
-132.804
21.7202
59.5755
-139.63
40.9582
-19.2379
-199.826
-0.620578
104.257
-134.045
-6.82636
47.164
-46.5434
6.82636
-32.2701
-49.6463
37.8553
99.9131
-93.7073
-18.6174
105.498
-42.1993
-54.6109
17.3762
42.8199
65.1607
11.791
13.6527
87.5016
45.9228
-11.791
-25.4437
17.3762
58.9549
-6.82636
-28.5466
138.389
-11.791
-53.9903
133.424
-30.4083
41.5788
80.0546
-105.498
95.5691
191.759
-76.9517
-45.3022
91.8456
-49.6463
28.5466
1.24116
-143.354
75.7106
60.1961
-91.225
16.7556
63.299
-29.7878
-45.9228
0.620578
32.8907
9.92925
-7.44694
-48.4051
-73.2282
63.9196
-52.7492
-232.096
47.164
26.6849
-143.354
90.6044
21.0997
-133.424
13.0321
-43.4405
-69.5048
135.286
-21.7202
-131.563
80.0546
83.7781
-114.807
-139.01
-36.6141
-39.0964
22.3408
46.5434
-57.7138
-27.3054
88.1221
11.1704
-54.6109
5.58521
-3.72347
34.1318
71.9871
37.8553
-25.4437
34.7524
26.6849
-44.0611
49.0257
23.582
-29.7878
-38.4759
47.7845
50.8874
-19.8585
40.3376
3.72347
40.3376
165.074
1.24116
-24.2026
122.254
-43.4405
-14.2733
165.074
-35.373
-80.6752
129.701
14.8939
-8.6881
19.8585
-153.283
19.8585
170.659
-65.1607
-47.7845
141.492
3.72347
9.30868
37.8553
-119.772
41.5788
71.9871
-92.4662
0.620578
36.6141
-89.3633
-41.5788
11.791
-45.3022
-8.6881
-30.4083
-22.9614
65.1607
13.0321
-103.016
-25.4437
23.582
-20.4791
-6.82636
-26.0643
11.1704
8.06752
-38.4759
-20.4791
-72.6077
-85.0192
64.5402
-17.3762
-58.3344
101.775
0
-64.5402
22.3408
5.58521
-64.5402
6.20578
-12.4116
34.7524
58.9549
-100.534
-39.0964
36.6141
-40.9582
-67.643
0
29.7878
70.7459
-14.8939
-23.582
39.0964
-31.0289
19.8585
51.508
1.86174
70.1254
41.5788
-14.8939
58.3344
19.8585
-56.4726
-22.9614
46.5434
21.7202
-3.10289
24.8231
21.0997
10.5498
13.6527
-64.5402
-58.9549
6.82636
-35.373
-53.9903
-4.34405
-9.92925
-50.8874
-8.06752
-61.4373
-82.5369
-4.34405
-75.09
-114.807
35.9935
8.06752
-103.016
6.82636
3.72347
-32.2701
23.582
-6.20578
-47.164
72.6077
35.373
-34.7524
73.8488
28.5466
-21.0997
45.3022
92.4662
19.2379
76.9517
95.5691
15.5145
91.225
69.5048
6.82636
80.6752
110.463
72.6077
96.8102
96.1896
26.0643
87.5016
67.0225
-15.5145
53.9903
28.5466
29.7878
96.8102
91.225
102.395
88.7427
21.7202
6.82636
22.3408
-2.48231
-0.620578
10.5498
21.7202
50.8874
-45.3022
-65.7813
-36.6141
-75.09
-68.2636
-91.225
-119.772
-116.048
-92.4662
-170.038
-221.546
-178.727
-236.44
-257.54
-171.9
-173.762
-217.823
-229.614
-306.566
-312.151
-276.778
-322.08
-271.193
-216.582
-210.376
-192.379
-186.794
-171.9
-129.08
-60.1961
38.4759
251.955
420.132
407.099
317.116
297.878
329.527
353.73
420.752
540.524
676.43
653.469
526.25
402.135
281.743
193
130.942
225.891
402.755
399.652
322.701
230.855
85.6398
-101.775
-246.99
-238.302
-175.624
-73.2282
12.4116
101.775
153.903
16.7556
-169.418
-208.514
-142.112
-16.135
160.73
258.781
283.604
241.405
96.1896
47.7845
24.8231
-46.5434
-6.20578
72.6077
104.878
95.5691
2.48231
-209.755
-367.382
-462.331
-531.215
-468.537
-482.81
-583.344
-631.749
-738.488
-883.704
-948.244
-953.208
-937.073
-841.504
-765.173
-723.594
-708.701
-811.096
-870.051
-816.061
-772.62
-653.469
-422.614
-189.897
-24.8231
9.92925
137.148
486.533
741.591
657.813
533.077
724.836
1090.36
1248.6
1119.52
1153.03
1275.91
1093.46
756.485
626.784
722.353
722.353
614.993
710.562
884.324
650.987
149.559
-152.042
-201.067
-314.633
-533.077
-541.144
-374.829
-269.952
-296.636
-349.386
-361.177
-413.305
-466.675
-320.218
-21.0997
251.955
475.984
610.649
672.707
686.36
705.598
788.755
917.215
1062.43
1158.62
1140.62
1077.94
976.79
803.649
600.099
365.521
237.061
164.453
-32.8907
-305.945
-575.897
-858.26
-1061.81
-1076.08
-1022.71
-983.617
-1043.81
-1161.1
-1192.75
-1207.65
-1226.88
-1159.86
-993.546
-794.961
-633.611
-487.154
-322.08
-260.022
-282.363
-273.054
-223.408
-72.6077
62.0578
71.9871
46.5434
-64.5402
-245.749
-403.997
-582.103
-714.286
-854.536
-951.347
-874.395
-740.35
-662.778
-737.868
-668.983
-203.55
248.231
181.829
-191.759
-161.35
363.038
818.543
934.591
1122.63
1489.39
1479.46
985.478
593.894
679.533
875.016
946.382
1144.35
1491.87
1466.43
834.678
168.797
-99.9131
-160.109
-359.315
-510.115
-301.601
-1.24116
20.4791
-259.402
-583.964
-744.073
-788.135
-668.983
-300.981
171.28
557.279
716.768
695.048
623.061
612.511
732.282
995.408
1333.62
1540.28
1534.07
1401.89
1283.98
1107.73
789.376
473.501
359.935
363.659
245.749
-27.3054
-400.273
-822.887
-1208.27
-1324.31
-1133.8
-955.691
-1004.1
-1149.31
-1187.79
-1178.48
-1243.64
-1285.22
-1171.65
-912.25
-636.713
-387.241
-148.939
-122.875
-325.804
-488.395
-383.517
-102.395
60.1961
70.7459
34.1318
-40.3376
-233.958
-537.421
-831.575
-986.72
-969.343
-783.17
-562.865
-544.247
-645.402
-425.096
158.247
394.067
-88.1221
-510.115
-44.6816
791.237
1059.95
924.662
1167.31
1509.87
1058.09
100.534
-184.932
320.839
644.16
640.437
902.321
1267.22
847.089
-242.026
-860.122
-701.254
-558.521
-773.861
-752.141
-237.682
145.836
-156.386
-693.807
-840.263
-654.71
-381.035
3.72347
598.858
1182.82
1391.34
1166.69
932.729
1056.84
1416.16
1683.63
1779.82
1873.53
1936.2
1722.73
1346.66
1100.91
918.456
589.549
209.755
126.598
158.868
-181.209
-791.858
-1211.37
-1342.31
-1398.78
-1396.3
-1231.85
-1064.91
-1113.32
-1161.72
-1073.6
-1023.33
-1034.5
-891.771
-480.328
-132.183
-107.36
-199.826
-189.897
-206.653
-333.871
-377.312
-214.72
-84.3987
-255.058
-569.07
-798.684
-955.691
-1132.56
-1264.12
-1161.72
-879.98
-781.929
-711.183
-215.961
365.521
248.231
-553.556
-768.897
134.666
1089.74
1190.89
1027.68
1407.47
1614.12
792.479
-203.55
-76.3311
651.607
886.186
895.495
1288.32
1452.15
469.778
-885.565
-1182.2
-648.504
-450.54
-693.186
-585.826
-89.3633
-116.669
-750.9
-1181.58
-1032.64
-619.958
-288.569
206.032
925.903
1363.41
1210.13
763.932
629.887
1087.25
1768.65
2203.67
2353.23
2332.75
2126.72
1660.67
1210.75
1089.74
1053.12
824.749
578.379
469.778
207.273
-509.495
-1403.75
-1820.16
-1771.75
-1643.91
-1456.5
-1246.74
-1226.88
-1508.01
-1762.44
-1696.66
-1410.57
-1099.04
-660.916
-96.8102
212.858
136.527
-109.842
-170.038
-45.3022
8.6881
143.974
396.55
408.341
17.9968
-541.144
-845.848
-938.935
-1045.67
-968.102
-664.639
-417.029
-186.794
188.035
332.009
-281.743
-1102.77
-863.845
363.038
1133.8
1036.99
1069.88
1424.85
1056.84
-218.444
-829.093
-83.1575
789.376
1014.03
1191.51
1545.86
1072.36
-442.472
-1508.63
-1187.79
-460.469
-383.517
-515.08
-212.858
-17.3762
-564.726
-1370.86
-1563.86
-1105.25
-504.53
109.842
754.003
1255.43
1258.53
740.971
310.289
566.588
1427.95
2206.78
2496.59
2451.28
2235.94
1727.69
1135.04
937.073
1084.77
1084.77
787.514
548.591
352.489
-284.845
-1268.46
-1871.66
-1875.39
-1681.15
-1546.48
-1385.75
-1324.93
-1679.91
-2153.41
-2149.68
-1668.74
-1133.8
-652.848
-130.321
212.858
96.1896
-222.788
-189.897
143.974
420.132
642.919
932.109
1046.92
652.228
9.92925
-396.55
-488.395
-453.022
-312.151
-85.6398
166.315
495.222
619.337
95.5691
-930.868
-1363.41
-557.9
557.9
883.083
741.591
935.832
995.408
112.325
-977.411
-871.913
141.492
824.749
1028.3
1303.84
1311.28
305.325
-1056.22
-1376.44
-652.848
-122.875
-227.752
-280.501
-86.2604
-339.456
-1123.87
-1666.25
-1471.39
-840.884
-228.373
354.35
821.025
897.356
510.115
49.0257
57.7138
741.591
1828.22
2695.17
2818.05
2250.84
1576.89
1131.93
964.379
1072.36
1359.69
1586.2
1400.65
796.823
21.7202
-779.446
-1475.11
-1745.69
-1435.4
-922.179
-773.241
-1136.28
-1717.14
-2252.7
-2513.34
-2302.35
-1710.93
-1100.29
-730.421
-628.025
-717.389
-935.832
-1022.71
-749.659
-270.572
159.489
436.887
570.312
409.582
-58.3344
-507.013
-571.553
-217.202
237.682
450.54
552.935
907.906
1275.91
953.208
-145.215
-744.694
93.0868
1393.82
1622.81
1061.81
1036.37
1198.96
268.09
-1176.62
-1202.68
155.145
1037.61
913.491
850.192
940.176
16.135
-1555.79
-1867.32
-664.639
191.138
-184.312
-552.315
-245.128
-298.498
-1136.9
-1696.04
-1141.24
-148.939
377.932
642.919
923.421
922.8
437.508
-13.0321
197.965
1029.54
2035.5
2675.93
2588.43
1859.87
1038.23
611.89
695.048
1117.66
1514.21
1527.24
1026.44
245.128
-528.733
-1202.68
-1660.05
-1634.6
-1111.46
-594.514
-605.064
-1126.35
-1790.99
-2232.22
-2162.1
-1552.69
-751.52
-264.987
-265.608
-500.186
-688.842
-750.279
-610.029
-212.238
293.534
616.855
612.511
362.418
-44.0611
-457.987
-626.164
-407.099
-33.5112
172.521
42.8199
-135.286
114.186
541.765
382.897
-506.392
-935.832
-46.5434
1135.66
1207.65
630.508
694.427
922.179
107.36
-1051.26
-785.652
628.025
1344.79
969.964
667.742
629.266
-108.601
-1228.75
-1283.98
-240.784
267.469
-349.386
-868.189
-679.533
-718.009
-1427.95
-1861.74
-1251.09
-204.17
309.048
337.595
325.183
287.948
125.977
148.318
660.916
1485.04
2165.2
2445.7
2327.79
1858.63
1232.47
856.398
1099.04
1701.63
2018.74
1674.94
917.835
170.038
-487.154
-1026.44
-1320.59
-1253.57
-965.62
-764.553
-907.286
-1422.37
-2083.28
-2410.33
-2087.63
-1346.66
-695.668
-503.289
-690.704
-963.758
-1034.5
-806.131
-342.559
204.17
579.62
674.569
567.829
349.386
50.8874
-176.244
-106.119
297.878
686.98
740.35
441.231
145.215
378.553
927.144
982.996
231.476
-336.353
233.337
1232.47
1275.29
529.974
379.173
729.8
233.958
-951.347
-1079.19
121.633
945.141
534.939
9.30868
33.5112
-273.054
-1134.42
-1337.35
-462.951
89.3633
-528.733
-1244.26
-1090.98
-778.826
-1114.56
-1531.59
-1220.68
-489.016
-118.53
-97.4308
-53.3697
18.6174
-1.24116
117.91
598.238
1291.42
1853.67
2062.8
1930.62
1555.79
1231.23
1203.92
1507.38
1887.8
1954.2
1552.07
841.504
197.965
-207.894
-495.842
-753.382
-888.048
-881.842
-932.729
-1184.06
-1559.51
-1863.6
-1972.2
-1761.82
-1277.77
-849.572
-786.893
-996.028
-1092.84
-950.105
-680.154
-312.772
167.556
483.431
387.861
98.672
27.3054
150.801
108.601
-25.4437
15.5145
219.064
230.235
16.7556
-208.514
-129.08
523.148
1275.91
1254.19
186.794
-605.684
35.9935
1269.7
1530.97
1032.64
1117.04
1404.99
538.041
-974.308
-1072.36
353.73
1306.94
987.34
529.974
457.987
-150.801
-1309.42
-1594.89
-650.987
33.5112
-426.958
-1059.33
-1004.72
-924.041
-1414.92
-1810.85
-1365.27
-469.157
44.6816
56.4726
-60.1961
-75.7106
-11.1704
214.1
736.627
1473.87
2065.91
2168.3
1866.08
1535.93
1436.02
1547.1
1722.73
1888.42
1894.63
1488.15
758.347
160.109
-117.289
-369.865
-738.488
-1014.03
-1100.91
-1258.53
-1649.5
-2001.99
-2095.69
-2000.12
-1864.84
-1658.19
-1444.09
-1398.78
-1445.33
-1291.42
-915.974
-572.794
-274.296
80.0546
351.247
312.772
117.91
124.736
350.627
482.81
423.855
314.013
148.939
-122.254
-362.418
-392.206
-244.508
273.054
1160.48
1547.1
576.517
-980.514
-1174.75
335.112
1714.66
1704.11
1297.63
1432.29
1135.04
-331.389
-1371.48
-358.074
1524.76
2150.92
1509.25
962.517
592.032
-421.373
-1418.02
-1017.13
344.421
807.993
-101.775
-1007.82
-1130.07
-1211.37
-1706.59
-1800.92
-932.109
107.981
251.955
-335.112
-722.974
-591.411
-266.228
114.807
822.266
1701.63
2091.35
1769.89
1269.7
1139.38
1318.73
1561.38
1860.49
2161.47
2049.77
1311.9
402.135
-55.2315
-101.154
-231.476
-551.694
-848.951
-1126.35
-1553.31
-2006.33
-2163.96
-2033.64
-1916.97
-1944.27
-1969.72
-1919.45
-1884.08
-1799.68
-1499.94
-1042.57
-629.266
-322.701
-78.8135
21.0997
-84.3987
-163.833
84.3987
579.62
883.083
744.694
292.292
-158.247
-407.099
-313.392
117.91
424.476
474.122
713.045
1178.48
1015.27
-221.546
-1110.84
-171.28
1674.32
2206.16
1296.39
813.578
1092.84
526.871
-974.929
-1078.57
971.205
2757.85
2320.34
821.025
103.637
-226.511
-925.903
-958.173
473.501
1690.46
782.549
-1197.1
-1931.86
-1316.25
-933.35
-1118.28
-750.9
206.032
402.755
-505.771
-1232.47
-814.199
70.1254
489.016
685.119
1292.04
1954.82
1733.28
773.861
331.389
1068.64
2149.06
2546.23
2251.46
1677.42
897.977
-19.8585
-440.611
52.1286
745.315
528.733
-652.848
-1818.29
-2317.86
-2245.87
-1912.62
-1582.47
-1498.7
-1787.27
-2207.4
-2388.61
-2226.01
-1817.67
-1310.04
-818.543
-506.392
-426.958
-401.514
-373.588
-396.55
-257.54
274.296
875.016
953.208
430.681
-157.627
-361.797
-293.534
-193.62
-25.4437
212.858
213.479
-296.016
-801.167
-369.865
792.479
1216.95
169.418
-944.52
-421.993
1169.17
1751.89
962.517
566.588
1151.79
1195.85
85.0192
-322.701
1111.46
2544.99
2060.94
642.299
281.743
642.299
284.225
-286.707
258.781
1171.65
602.582
-1126.97
-1898.35
-1167.93
-504.53
-678.913
-691.945
-109.222
27.3054
-780.067
-1411.2
-829.713
361.797
974.308
917.835
915.353
1149.93
1179.72
987.34
1050.02
1638.95
2325.31
2475.49
2017.5
1385.13
898.597
541.144
407.72
611.27
895.495
654.71
-378.553
-1594.89
-2184.44
-2098.8
-1741.96
-1386.99
-1288.94
-1599.85
-2163.96
-2515.82
-2324.07
-1705.97
-1093.46
-803.649
-802.408
-908.527
-863.225
-549.832
-173.762
68.2636
268.09
469.157
432.543
89.9839
-169.418
-17.9968
246.37
135.907
-217.823
-417.649
-492.739
-742.832
-1004.1
-1005.96
-654.09
103.016
773.861
514.459
-927.765
-2059.7
-1186.55
1048.16
2262.63
1713.42
1037.61
925.282
262.505
-989.202
-747.797
1648.26
3607.42
2848.45
701.254
-265.608
-126.598
-232.717
-154.524
1051.88
2099.42
1053.12
-1287.08
-2244.63
-1184.06
-69.5048
-51.508
-125.977
284.845
116.048
-1002.23
-1606.06
-613.752
932.729
1460.84
1044.43
805.511
1002.23
981.755
685.739
821.646
1582.47
2257.66
2240.91
1694.8
1104.01
667.742
399.032
502.668
914.112
1035.12
418.27
-679.533
-1532.83
-1720.24
-1382.03
-950.726
-760.829
-938.315
-1449.05
-1966.61
-2113.69
-1776.72
-1133.8
-576.517
-449.919
-659.675
-845.848
-826.61
-480.328
69.5048
346.903
341.318
357.453
237.061
-73.2282
-179.347
6.20578
199.826
124.116
-332.63
-758.967
-856.398
-996.028
-1316.25
-1378.93
-1143.11
-1103.39
-1074.22
-518.183
264.366
127.219
-1237.43
-2024.95
-770.138
1263.5
1798.44
1010.92
760.209
1009.06
262.505
-983.617
-313.392
2253.94
3622.32
2204.91
219.064
-2.48231
628.025
535.559
526.25
1651.98
2313.52
745.935
-1510.49
-1705.97
-60.8167
899.839
448.058
102.395
295.395
-109.222
-1137.52
-1172.27
255.058
1411.2
1008.44
-36.6141
-188.656
394.067
649.125
562.244
799.926
1242.4
1139.38
528.733
166.315
350.006
570.312
389.723
136.527
161.971
157.006
-260.022
-825.99
-1024.57
-823.508
-602.582
-640.437
-774.482
-764.553
-734.144
-832.196
-912.871
-691.945
-230.235
22.9614
-202.929
-551.074
-459.849
-29.1672
199.826
60.1961
-84.3987
-23.582
-29.7878
-212.238
-278.64
-111.084
-116.048
-534.318
-891.771
-781.929
-471.64
-445.575
-729.8
-973.067
-1072.36
-1158.62
-1194.61
-959.414
-531.215
-331.389
-316.495
-106.119
194.241
24.2026
-581.482
-686.98
214.72
1275.91
1370.24
866.327
734.144
755.864
178.727
-409.582
356.212
2034.88
2598.98
1369.62
6.82636
-155.765
218.444
441.231
1010.3
1977.78
1925.65
155.145
-1583.1
-1336.11
253.196
1154.28
955.691
598.858
225.891
-629.887
-1384.51
-821.025
750.9
1550.2
728.559
-538.662
-878.739
-461.71
-91.225
130.321
453.022
566.588
47.7845
-615.614
-580.241
44.6816
381.656
175.003
-11.1704
100.534
165.694
19.2379
35.9935
390.964
646.022
453.643
157.627
233.337
516.942
576.517
425.717
359.315
354.971
187.415
-50.2668
-164.453
-212.238
-355.591
-575.897
-721.112
-793.099
-832.196
-843.987
-866.948
-981.755
-1154.9
-1191.51
-1048.78
-903.562
-862.604
-820.405
-684.498
-556.659
-538.662
-544.868
-451.16
-332.63
-292.913
-258.781
-106.119
74.4694
30.4083
-188.656
-292.913
-178.727
1.24116
137.148
232.717
136.527
-322.701
-813.578
-701.874
38.4759
614.993
498.324
92.4662
-80.6752
-145.836
-339.456
-255.058
487.775
1265.36
1140
382.897
60.1961
328.907
446.816
296.636
549.832
1197.1
1316.25
590.791
-91.8456
13.6527
492.119
716.147
767.655
861.983
700.012
65.1607
-428.199
-109.222
624.302
805.511
282.363
-208.514
-175.003
116.669
305.945
428.82
543.627
484.672
224.649
83.7781
339.456
786.893
988.581
829.093
572.794
425.096
371.106
348.765
397.17
523.148
567.209
405.238
106.119
-153.903
-302.222
-399.032
-454.884
-415.167
-339.456
-427.579
-747.176
-1064.91
-1081.05
-838.401
-640.437
-657.813
-804.27
-877.498
-855.157
-853.295
-868.189
-801.167
-668.363
-636.093
-700.633
-652.848
-429.44
-248.852
-310.91
-466.675
-469.778
-311.53
-140.871
-36.6141
37.2347
21.7202
-127.219
-285.466
-289.81
-151.421
-50.8874
-89.9839
-189.897
-248.231
-275.537
-287.948
-314.013
-388.482
-486.533
-536.18
-475.984
-385.379
-368.624
-389.103
-362.418
-263.746
-144.595
-16.7556
112.325
195.482
222.167
272.434
438.749
660.295
778.826
741.591
697.53
798.064
973.067
1081.05
1093.46
1070.5
1049.4
1004.1
967.482
989.823
1040.71
1041.33
966.861
839.643
668.363
514.459
446.816
470.398
485.913
420.752
330.768
283.604
264.987
217.202
162.592
171.28
237.061
286.087
268.09
187.415
76.9517
4.34405
17.3762
82.5369
116.048
52.1286
-73.2282
-185.553
-268.09
-341.318
-418.89
-481.569
-546.109
-644.781
-747.176
-816.681
-845.228
-845.848
-827.852
-798.684
-763.932
-727.938
-677.051
-601.34
-526.25
-475.363
-449.299
-434.405
-389.103
-316.495
-245.749
-219.685
-261.263
-324.562
-345.662
-305.945
-272.434
-310.91
-403.376
-475.363
-491.498
-492.739
-502.668
-476.604
-397.791
-330.768
-310.91
-303.463
-278.64
-255.058
-235.199
-155.145
-13.0321
75.09
27.3054
-68.2636
-65.7813
45.9228
169.418
243.887
290.431
307.186
265.608
235.82
325.183
487.775
561.623
489.636
394.688
392.206
444.955
452.402
414.546
384.759
359.935
312.151
257.54
273.675
370.485
435.025
384.138
312.772
371.106
529.974
652.848
686.98
721.112
796.823
839.022
811.717
826.61
941.417
1026.44
953.829
780.688
644.16
535.559
390.964
266.849
227.132
207.894
77.5723
-142.112
-294.775
-315.254
-294.775
-309.048
-318.357
-310.289
-332.63
-408.341
-472.881
-452.402
-389.723
-366.141
-395.929
-418.27
-412.685
-436.887
-493.98
-541.765
-531.836
-507.633
-551.694
-650.366
-732.903
-763.932
-783.17
-811.096
-814.199
-763.932
-705.598
-698.771
-713.045
-691.945
-633.611
-565.967
-508.254
-441.231
-355.591
-282.984
-250.714
-226.511
-150.801
-11.791
135.907
239.543
304.704
367.382
423.855
468.537
528.733
628.646
706.839
698.151
632.99
562.865
513.218
485.913
464.813
438.128
367.382
222.167
63.299
-23.582
-62.0578
-124.116
-202.309
-243.267
-243.887
-260.022
-302.842
-301.601
-229.614
-127.839
-49.0257
8.06752
76.9517
143.354
189.897
238.923
310.91
381.656
387.241
330.768
318.357
388.482
454.263
457.987
412.064
384.759
403.376
418.89
413.926
389.103
348.144
307.186
256.299
201.688
181.209
182.45
152.042
91.225
47.7845
47.7845
56.4726
35.9935
-10.5498
-58.3344
-100.534
-142.112
-180.588
-201.688
-208.514
-245.749
-320.839
-388.482
-392.206
-327.045
-288.569
-331.389
-403.997
-443.714
-449.299
-460.469
-457.366
-417.649
-379.794
-405.858
-466.054
-462.331
-354.971
-226.511
-171.9
-146.456
-99.9131
-37.8553
15.5145
60.8167
124.736
211.617
277.399
297.257
282.363
268.71
289.81
338.836
386.62
399.032
359.315
304.704
274.296
281.122
306.566
305.325
245.749
135.286
31.6495
-3.72347
24.2026
24.2026
-40.3376
-129.701
-189.897
-187.415
-152.042
-143.354
-185.553
-265.608
-340.077
-350.006
-292.913
-228.373
-225.891
-307.807
-378.553
-345.662
-218.444
-97.4308
-91.8456
-163.212
-212.858
-189.276
-93.0868
26.0643
88.7427
52.1286
-47.164
-105.498
-39.0964
103.016
197.344
178.727
93.0868
37.8553
52.7492
110.463
163.833
175.003
121.633
37.2347
-16.135
1.86174
63.299
99.9131
75.7106
11.791
-43.4405
-64.5402
-49.6463
2.48231
44.0611
29.7878
-24.2026
-55.2315
-19.2379
69.5048
163.212
200.447
162.592
105.498
112.945
215.961
327.665
348.144
276.157
185.553
155.145
190.518
233.337
229.614
165.694
96.8102
87.5016
127.839
181.829
207.894
200.447
184.312
191.138
234.579
292.292
334.492
359.935
366.141
366.762
381.656
424.476
477.845
490.877
443.093
350.006
258.161
209.135
200.447
188.035
117.91
-31.0289
-197.965
-304.083
-330.768
-338.215
-406.479
-550.453
-708.08
-806.752
-812.337
-766.414
-760.209
-827.231
-915.974
-949.485
-901.7
-828.472
-786.893
-772
-736.627
-665.26
-580.861
-499.566
-417.649
-335.733
-272.434
-227.132
-166.936
-84.3987
-8.06752
18.6174
7.44694
11.1704
43.4405
71.9871
52.1286
-10.5498
-56.4726
-62.6784
-50.8874
-46.5434
-61.4373
-84.3987
-107.981
-111.704
-63.299
19.2379
86.2604
101.154
88.1221
132.804
248.852
381.656
469.778
500.807
523.768
560.382
606.926
654.71
701.254
744.694
742.832
691.324
640.437
632.369
658.434
664.019
627.405
578.379
533.077
489.636
454.263
443.093
441.852
417.029
366.762
335.733
351.868
376.07
364.28
323.942
307.186
340.698
387.861
392.206
343.18
284.225
253.196
261.263
281.122
278.64
231.476
132.804
5.58521
-94.9485
-133.424
-146.456
-190.518
-281.122
-395.308
-492.119
-572.794
-641.057
-667.742
-674.569
-698.771
-757.106
-837.781
-889.909
-894.874
-857.639
-796.823
-736.006
-696.91
-690.704
-696.91
-682.016
-638.575
-575.276
-515.701
-479.707
-460.469
-461.09
-463.572
-457.987
-451.16
-442.472
-433.784
-425.717
-425.096
-439.369
-467.296
-488.395
-467.916
-408.961
-350.627
-333.871
-360.556
-375.45
-331.389
-242.026
-137.768
-61.4373
-26.6849
7.44694
75.09
201.067
365.521
502.048
586.447
622.44
633.611
670.225
740.971
836.54
912.25
925.903
891.771
831.575
781.929
767.655
790.617
824.128
808.614
727.938
626.164
553.556
532.456
536.18
537.421
512.598
459.849
406.479
379.173
387.241
399.032
393.447
386.62
385.379
397.791
421.993
435.025
419.511
364.9
320.839
328.286
352.489
341.318
264.987
161.35
88.7427
52.7492
41.5788
35.9935
0
-80.6752
-197.344
-296.016
-320.218
-286.707
-264.366
-297.257
-369.865
-438.128
-464.193
-444.955
-405.858
-371.726
-376.07
-420.752
-461.09
-456.746
-423.234
-420.132
-453.022
-468.537
-449.299
-431.923
-457.366
-519.424
-598.858
-675.81
-722.353
-717.389
-698.771
-732.282
-850.813
-992.925
-1063.67
-1033.88
-947.623
-881.842
-877.498
-919.077
-941.417
-880.601
-721.112
-528.733
-382.897
-304.083
-266.849
-214.72
-107.981
49.0257
207.273
324.562
400.273
444.334
479.707
512.598
548.591
588.308
628.025
672.707
702.495
701.254
665.881
613.752
580.861
600.099
667.122
724.215
711.183
639.816
570.312
559.762
607.546
683.877
745.935
757.106
714.906
651.607
614.993
626.784
668.363
688.221
654.09
590.17
525.009
469.778
426.337
399.652
388.482
366.141
315.254
237.682
163.212
113.566
96.8102
111.084
124.116
116.048
61.4373
-17.9968
-71.3665
-81.9163
-55.8521
-32.2701
-28.5466
-62.6784
-121.013
-163.833
-176.244
-164.453
-161.35
-190.518
-256.299
-345.042
-415.167
-447.437
-443.093
-440.611
-492.119
-593.894
-686.98
-729.18
-735.385
-745.935
-774.482
-801.787
-812.958
-802.408
-784.411
-766.414
-744.073
-713.665
-677.051
-630.508
-567.209
-502.048
-457.987
-425.717
-390.344
-336.974
-268.71
-204.791
-155.765
-130.321
-113.566
-91.225
-64.5402
-20.4791
32.2701
72.6077
83.1575
65.7813
48.4051
47.7845
81.9163
130.942
157.627
163.212
160.73
170.038
204.17
260.643
325.183
361.177
363.659
358.694
369.244
414.546
464.813
486.533
478.466
463.572
471.019
489.016
506.392
515.701
495.842
474.122
472.881
494.601
519.424
521.906
516.942
508.874
500.807
496.463
490.877
497.704
503.91
479.087
436.887
405.858
397.17
393.447
365.521
311.53
235.199
145.836
67.643
15.5145
-19.2379
-59.5755
-122.875
-197.965
-261.884
-314.013
-363.038
-402.755
-435.025
-465.434
-493.36
-507.633
-506.392
-513.839
-538.041
-541.765
-508.874
-459.849
-429.44
-431.302
-436.887
-425.717
-401.514
-371.106
-339.456
-312.772
-305.325
-317.116
-309.669
-273.054
-237.682
-214.1
-186.794
-155.765
-133.424
-118.53
-93.0868
-45.9228
4.34405
37.8553
57.0932
64.5402
61.4373
55.8521
68.8842
112.945
154.524
157.006
126.598
104.878
111.704
127.839
133.424
126.598
101.775
58.3344
20.4791
12.4116
22.9614
24.2026
8.6881
-16.7556
-27.3054
-19.8585
-10.5498
3.72347
19.2379
25.4437
19.8585
7.44694
11.791
25.4437
35.9935
50.8874
77.5723
98.0514
100.534
100.534
124.116
155.145
160.109
154.524
167.556
195.482
207.894
195.482
181.829
181.829
178.727
160.73
142.112
136.527
124.736
95.5691
78.1929
78.8135
88.7427
85.6398
69.5048
62.6784
57.0932
58.9549
73.8488
94.3279
106.739
99.9131
88.7427
89.3633
94.3279
85.0192
63.299
35.9935
6.82636
-29.1672
-67.0225
-94.3279
-115.428
-145.215
-183.071
-219.064
-242.026
-255.678
-263.746
-259.402
-248.231
-239.543
-242.646
-246.37
-224.649
-184.932
-135.907
-96.8102
-65.7813
-34.7524
-10.5498
18.6174
53.9903
86.2604
103.016
100.534
96.1896
98.0514
99.2925
93.0868
86.881
87.5016
85.6398
78.8135
81.9163
96.8102
98.672
83.7781
73.8488
76.9517
85.6398
74.4694
53.9903
45.3022
24.2026
-3.72347
-18.6174
-11.791
0.620578
-18.6174
-53.9903
-75.7106
-89.9839
-110.463
-133.424
-138.389
-139.63
-157.006
-186.174
-202.929
-193
-186.174
-195.482
-204.791
-206.032
-201.688
-197.344
-189.897
-170.659
-147.077
-146.456
-157.006
-130.942
-81.9163
-35.373
-0.620578
29.1672
71.9871
114.186
151.421
198.585
255.678
305.325
333.871
351.247
370.485
383.517
376.07
359.935
363.659
365.521
336.353
285.466
237.061
199.206
158.868
106.739
69.5048
42.8199
3.72347
-43.4405
-79.434
-101.775
-121.013
-138.389
-150.18
-147.698
-145.836
-160.73
-171.28
-162.592
-150.801
-141.492
-145.836
-160.73
-170.659
-182.45
-181.209
-155.145
-127.219
-111.084
-106.119
-101.775
-76.9517
-39.0964
-11.1704
3.72347
9.92925
0.620578
-21.7202
-39.717
-39.717
-22.9614
-9.92925
-16.135
-26.6849
-37.8553
-47.164
-41.5788
-21.0997
8.6881
39.717
55.2315
53.3697
47.7845
44.0611
49.6463
74.4694
93.7073
96.1896
90.6044
81.9163
80.0546
75.09
68.2636
67.0225
62.6784
42.8199
21.0997
15.5145
16.135
11.791
2.48231
-1.24116
7.44694
19.2379
24.8231
47.7845
75.09
77.5723
57.0932
40.9582
59.5755
89.3633
94.3279
77.5723
64.5402
47.164
21.0997
-4.96463
-17.3762
-24.2026
-40.3376
-70.7459
-96.1896
-108.601
-119.772
-122.875
-115.428
-107.36
-103.637
-109.842
-111.084
-90.6044
-62.0578
-39.0964
-21.7202
-1.24116
6.20578
3.10289
4.34405
12.4116
28.5466
37.2347
42.1993
45.3022
39.0964
35.373
47.164
62.0578
69.5048
61.4373
47.164
35.9935
24.2026
10.5498
-1.86174
-7.44694
-13.0321
-26.0643
-52.7492
-78.8135
-90.6044
-97.4308
-92.4662
-80.6752
-74.4694
-79.434
-84.3987
-68.2636
-40.9582
-20.4791
-6.82636
15.5145
45.3022
63.9196
62.0578
53.3697
52.1286
58.3344
58.9549
58.3344
61.4373
64.5402
60.1961
52.7492
48.4051
46.5434
47.7845
50.2668
50.8874
46.5434
36.6141
31.0289
32.8907
38.4759
38.4759
32.8907
31.0289
33.5112
29.7878
19.2379
13.0321
14.8939
14.2733
9.92925
5.58521
-1.24116
-14.8939
-30.4083
-42.1993
-56.4726
-74.4694
-86.2604
-93.7073
-107.36
-131.563
-157.627
-175.003
-176.244
-165.074
-160.73
-166.936
-170.038
-163.833
-158.247
-155.765
-137.148
-102.395
-67.643
-48.4051
-37.2347
-11.791
21.7202
46.5434
60.8167
82.5369
116.048
144.595
156.386
162.592
176.244
188.656
196.103
201.688
196.723
183.691
167.556
153.903
137.148
116.048
94.3279
73.8488
55.2315
35.9935
19.2379
-4.34405
-26.0643
-31.0289
-26.0643
-27.3054
-35.9935
-40.9582
-35.373
-17.9968
-4.96463
4.34405
22.9614
52.1286
76.9517
90.6044
104.257
129.08
153.903
174.383
193.62
210.376
222.788
228.993
222.788
208.514
195.482
184.932
162.592
123.495
84.3987
48.4051
14.2733
-19.2379
-48.4051
-78.1929
-114.807
-145.836
-170.659
-196.723
-217.202
-227.752
-228.993
-225.891
-224.649
-230.235
-243.887
-255.058
-258.161
-256.299
-253.196
-251.955
-258.161
-266.849
-273.675
-282.363
-289.81
-291.672
-285.466
-283.604
-287.328
-283.604
-279.26
-273.054
-259.402
-235.199
-204.791
-181.829
-158.868
-134.666
-103.016
-63.299
-19.8585
23.582
63.299
101.154
132.804
161.35
194.862
228.993
258.161
281.122
304.704
322.08
322.701
306.566
285.466
271.813
266.228
257.54
235.199
201.067
166.936
135.907
117.91
106.119
96.1896
84.3987
70.7459
64.5402
70.7459
96.8102
126.598
153.903
175.003
195.482
220.926
250.714
282.363
304.704
315.254
318.977
318.357
316.495
304.083
280.501
247.611
212.858
179.347
141.492
101.154
55.8521
13.0321
-25.4437
-65.1607
-99.2925
-134.666
-165.074
-191.759
-214.72
-224.649
-229.614
-232.717
-240.784
-248.852
-249.473
-244.508
-230.235
-212.858
-199.206
-196.103
-197.344
-195.482
-182.45
-166.936
-158.868
-166.315
-189.276
-211.617
-225.891
-230.235
-229.614
-240.164
-261.884
-290.431
-313.392
-320.218
-314.013
-298.498
-277.399
-254.437
-234.579
-214.72
-182.45
-140.251
-97.4308
-51.508
-8.06752
30.4083
61.4373
84.3987
100.534
118.53
136.527
150.18
156.386
153.283
136.527
114.186
97.4308
91.8456
92.4662
89.3633
80.6752
72.6077
65.1607
68.8842
86.2604
114.186
145.836
173.141
197.965
220.926
247.611
282.984
317.736
348.765
369.865
381.035
384.759
384.138
384.138
377.932
360.556
338.215
309.048
276.778
246.99
220.305
190.518
157.627
119.772
85.0192
58.3344
43.4405
27.926
3.10289
-26.6849
-50.2668
-63.9196
-73.2282
-76.9517
-78.8135
-86.2604
-100.534
-112.325
-122.254
-126.598
-130.321
-135.286
-146.456
-165.074
-180.588
-194.241
-210.376
-228.373
-253.817
-282.984
-303.463
-317.116
-331.389
-350.006
-362.418
-365.521
-364.9
-360.556
-351.247
-338.215
-325.183
-307.186
-286.087
-260.022
-222.167
-189.276
-172.521
-168.797
-161.35
-140.871
-119.151
-101.775
-94.3279
-98.0514
-101.775
-101.775
-99.9131
-93.0868
-83.1575
-71.3665
-59.5755
-50.2668
-31.6495
-4.34405
27.926
63.9196
96.8102
126.598
162.592
201.688
240.784
278.019
310.289
336.353
355.591
373.588
390.344
400.894
399.032
395.308
393.447
389.103
380.415
369.244
356.212
345.662
333.251
321.46
312.772
305.945
300.981
290.431
276.778
271.193
270.572
268.09
256.299
238.923
220.926
199.826
177.485
156.386
140.251
124.736
101.154
63.9196
21.7202
-16.135
-47.164
-71.9871
-94.9485
-119.151
-151.421
-191.138
-226.511
-252.575
-272.434
-289.19
-305.945
-323.942
-336.974
-344.421
-347.524
-345.042
-340.077
-334.492
-330.148
-324.562
-310.289
-293.534
-283.604
-282.363
-285.466
-285.466
-281.743
-276.778
-278.019
-289.19
-300.981
-313.392
-325.183
-327.045
-323.321
-322.701
-322.08
-317.736
-308.427
-293.534
-269.952
-243.267
-212.238
-173.762
-131.563
-89.3633
-49.6463
-9.30868
31.6495
71.9871
112.945
157.627
197.344
219.685
230.855
240.164
256.299
276.157
289.81
292.292
286.087
279.26
271.813
269.952
279.26
291.672
297.257
297.878
299.119
303.463
316.495
330.768
344.421
358.694
369.865
376.691
377.932
384.759
394.067
400.273
399.652
392.826
383.517
366.141
341.318
316.495
294.775
275.537
250.093
210.997
166.315
122.254
83.7781
49.6463
19.8585
-8.6881
-44.0611
-82.5369
-112.945
-130.942
-142.733
-158.868
-178.727
-194.862
-205.411
-212.858
-222.167
-232.717
-246.37
-264.366
-278.019
-290.431
-299.119
-309.048
-327.045
-350.006
-372.968
-387.861
-395.929
-398.411
-400.894
-407.099
-412.064
-408.341
-396.55
-381.656
-368.003
-354.35
-334.492
-304.083
-270.572
-242.026
-220.926
-204.17
-184.932
-158.868
-129.701
-103.016
-84.3987
-73.8488
-65.7813
-57.0932
-42.8199
-22.3408
-5.58521
4.96463
6.82636
8.6881
17.3762
31.0289
49.0257
67.643
86.2604
106.739
130.942
156.386
183.071
209.755
235.82
264.987
294.154
316.495
328.907
337.595
345.042
356.212
364.28
369.865
374.829
369.244
353.109
334.492
319.598
315.254
307.186
292.292
276.778
258.161
245.128
233.337
222.167
210.997
198.585
185.553
177.485
173.141
170.659
161.971
145.836
132.183
118.53
104.257
85.6398
61.4373
35.373
11.1704
-11.791
-34.1318
-57.0932
-83.1575
-112.945
-147.698
-179.968
-204.791
-227.752
-251.334
-272.434
-289.81
-297.257
-299.739
-308.427
-316.495
-317.116
-310.91
-299.739
-294.154
-291.672
-286.087
-279.881
-266.228
-242.026
-215.961
-195.482
-181.829
-171.9
-155.765
-133.424
-114.186
-97.4308
-89.9839
-95.5691
-106.739
-111.084
-106.739
-95.5691
-85.0192
-83.1575
-75.09
-56.4726
-33.5112
-6.82636
14.2733
32.2701
52.7492
71.3665
93.7073
120.392
140.871
148.939
145.836
133.424
125.977
125.977
119.772
104.257
80.0546
52.7492
33.5112
21.7202
15.5145
17.3762
18.6174
21.7202
34.7524
50.8874
62.0578
64.5402
60.1961
53.9903
57.0932
66.4019
80.6752
97.4308
106.119
107.36
112.945
125.977
153.283
192.379
231.476
266.849
297.878
298.498
257.54
193.62
113.566
31.0289
-38.4759
-81.2958
-81.9163
-49.0257
-16.7556
5.58521
16.7556
10.5498
-1.24116
-2.48231
10.5498
37.8553
65.1607
78.1929
81.2958
67.0225
25.4437
-16.7556
-42.8199
-35.9935
-4.96463
26.6849
60.1961
92.4662
99.2925
77.5723
35.9935
-26.6849
-94.9485
-162.592
-224.649
-264.366
-284.225
-291.051
-269.331
-234.579
-205.411
-176.865
-153.283
-139.01
-132.183
-139.63
-155.765
-167.556
-171.9
-158.868
-116.048
-60.8167
-3.72347
47.164
78.1929
86.881
76.3311
60.8167
51.508
50.8874
50.2668
55.8521
62.6784
53.3697
25.4437
-14.8939
-67.0225
-116.669
-145.836
-147.077
-109.222
-49.0257
0
28.5466
31.0289
7.44694
-13.0321
0
42.1993
98.672
147.698
187.415
227.132
230.235
181.829
120.392
65.1607
22.9614
1.86174
2.48231
31.0289
76.3311
99.9131
107.981
104.878
67.643
6.82636
-46.5434
-73.8488
-75.09
-67.643
-51.508
-16.135
12.4116
-2.48231
-44.6816
-79.434
-94.3279
-86.2604
-53.9903
1.86174
62.6784
93.7073
90.6044
70.7459
44.0611
3.10289
-38.4759
-49.6463
-29.1672
0.620578
31.6495
71.3665
102.395
93.7073
47.164
-8.6881
-45.9228
-65.7813
-71.3665
-50.2668
-12.4116
13.6527
24.2026
27.3054
24.2026
8.06752
-17.3762
-35.9935
-31.6495
-12.4116
-3.10289
4.96463
12.4116
1.86174
-25.4437
-58.9549
-85.6398
-98.672
-107.36
-91.8456
-42.8199
24.2026
76.9517
101.154
99.2925
72.6077
20.4791
-38.4759
-76.9517
-79.434
-50.8874
-11.1704
22.9614
42.8199
36.6141
8.06752
-25.4437
-34.7524
-24.8231
-2.48231
50.2668
106.119
121.013
90.6044
23.582
-55.8521
-118.53
-154.524
-153.283
-104.878
-34.7524
32.8907
89.3633
103.016
92.4662
65.7813
3.72347
-51.508
-60.8167
-60.8167
-53.9903
-8.06752
31.6495
66.4019
98.0514
85.0192
67.643
62.0578
41.5788
22.3408
23.582
24.2026
24.8231
29.1672
7.44694
-26.0643
-67.643
-120.392
-143.974
-152.662
-145.836
-110.463
-80.0546
-55.2315
-7.44694
6.82636
-2.48231
24.2026
24.8231
7.44694
27.926
31.0289
39.0964
83.1575
106.739
107.981
125.977
124.116
78.1929
44.6816
13.6527
-16.7556
-14.8939
-8.6881
3.10289
41.5788
43.4405
12.4116
-8.6881
-28.5466
-49.0257
-68.8842
-74.4694
-55.2315
-29.1672
-28.5466
-20.4791
-4.96463
-19.8585
-48.4051
-54.6109
-54.6109
-65.7813
-47.7845
-24.2026
-4.34405
57.7138
83.7781
95.5691
140.871
129.08
88.7427
77.5723
66.4019
41.5788
55.2315
63.9196
53.9903
70.1254
39.717
-10.5498
-37.2347
-66.4019
-96.8102
-99.2925
-77.5723
-40.9582
10.5498
-11.791
-27.3054
19.2379
-21.0997
-56.4726
-31.6495
-34.1318
-19.8585
12.4116
18.6174
17.3762
26.0643
-44.6816
-83.1575
-49.6463
-111.084
-152.042
-94.9485
-80.0546
-89.3633
-49.6463
-50.2668
-32.2701
-16.7556
-74.4694
-58.9549
-11.791
-69.5048
-85.0192
-47.7845
-43.4405
-13.6527
-17.3762
-39.0964
-26.6849
-44.0611
-66.4019
-40.9582
-34.7524
-68.8842
-8.6881
75.09
61.4373
75.09
75.7106
44.6816
62.0578
1.24116
-78.1929
-19.2379
47.7845
27.926
54.6109
90.6044
78.1929
88.7427
55.2315
70.7459
145.215
150.801
126.598
149.559
202.309
167.556
144.595
136.527
61.4373
96.1896
124.116
94.3279
175.003
188.035
114.807
141.492
175.003
76.3311
94.9485
150.18
82.5369
115.428
107.36
-2.48231
-12.4116
36.6141
-6.20578
-24.2026
28.5466
-29.1672
-17.9968
46.5434
-80.6752
-78.8135
28.5466
-85.6398
-146.456
-9.92925
-1.86174
-117.91
-93.7073
-103.637
-178.727
-140.251
-186.794
-240.164
-103.016
-105.498
-268.09
-165.074
-86.2604
-252.575
-217.202
-112.945
-166.936
-116.669
-107.36
-217.202
-97.4308
-47.164
-246.37
-200.447
-72.6077
-121.013
-134.045
-106.739
-155.145
-121.013
-139.01
-253.196
-109.842
-22.3408
-139.01
-76.9517
53.3697
-93.0868
-145.215
-18.6174
-88.7427
-149.559
-16.7556
-15.5145
5.58521
113.566
21.7202
13.6527
91.225
21.7202
-28.5466
103.637
202.929
178.106
185.553
166.315
225.27
250.093
79.434
80.0546
286.707
372.347
227.752
255.678
389.723
294.775
205.411
231.476
221.546
194.862
315.874
327.045
236.44
390.344
303.463
107.981
219.064
96.1896
29.7878
260.643
214.72
110.463
289.81
233.958
17.9968
39.717
-55.8521
-69.5048
38.4759
-9.92925
15.5145
87.5016
23.582
-69.5048
-90.6044
-194.241
-195.482
-153.903
-200.447
-91.225
35.9935
-86.881
-183.071
-158.868
-260.643
-348.765
-370.485
-372.968
-227.132
-58.3344
-186.174
-281.122
-111.704
-173.762
-426.958
-421.993
-294.154
-309.048
-302.842
-265.608
-271.193
-154.524
-210.997
-386
-303.463
-178.727
-331.389
-366.141
-91.8456
-140.871
-312.772
-169.418
-85.0192
-97.4308
-140.871
-131.563
75.09
8.06752
-118.53
-49.6463
-20.4791
40.3376
98.672
63.9196
151.421
346.903
246.37
113.566
219.685
214.1
176.865
211.617
304.083
307.807
319.598
487.775
320.839
292.292
399.652
255.058
341.939
426.337
297.257
361.797
482.189
323.321
243.887
333.251
283.604
231.476
242.646
293.534
271.813
233.337
284.225
155.765
86.2604
227.752
140.251
47.7845
109.222
89.9839
16.7556
82.5369
42.8199
-125.977
17.3762
36.6141
-140.251
-152.662
-63.299
-171.28
-275.537
-92.4662
-176.865
-307.186
-90.6044
-218.444
-264.987
-149.559
-382.897
-354.35
-175.624
-368.003
-530.595
-222.167
-253.817
-490.877
-268.71
-317.736
-377.932
-221.546
-348.144
-370.485
-210.376
-289.81
-409.582
-232.717
-223.408
-344.421
-206.653
-178.727
-178.106
-170.659
-235.82
-158.868
-73.8488
-170.038
-121.013
91.8456
-44.0611
39.717
171.9
-85.0192
33.5112
153.283
-27.3054
132.804
235.199
54.6109
261.263
412.685
6.82636
173.762
363.038
-6.20578
244.508
320.839
118.53
291.672
323.942
201.067
272.434
360.556
89.3633
251.955
464.813
106.119
139.63
299.119
245.128
208.514
180.588
238.923
354.971
225.891
3.10289
230.855
289.19
-13.0321
114.186
251.955
167.556
153.903
89.3633
38.4759
161.971
64.5402
-148.939
96.8102
124.736
-81.2958
111.704
106.739
-130.321
-71.3665
42.1993
-27.3054
-116.669
-91.8456
5.58521
14.2733
-135.286
-167.556
-134.666
-68.8842
-115.428
-250.714
-29.1672
57.0932
-256.919
-184.932
32.2701
-170.659
-318.357
-170.038
-206.032
-152.662
-84.3987
-374.829
-132.804
31.0289
-421.993
-387.241
-83.7781
-307.807
-331.389
-153.283
-255.678
-81.2958
-170.659
-435.646
-86.2604
24.2026
-414.546
-303.463
-20.4791
-196.103
-157.006
-41.5788
-185.553
-93.7073
52.1286
-226.511
-128.46
122.254
-180.588
-116.048
351.247
13.0321
-238.923
364.9
122.254
-224.649
312.772
123.495
-78.8135
341.939
193.62
16.135
316.495
186.794
32.8907
304.083
155.765
143.354
388.482
240.784
240.164
324.562
228.993
201.067
149.559
207.273
317.116
212.858
161.971
264.987
238.302
184.932
157.627
140.871
119.772
178.727
177.485
140.871
227.132
58.9549
62.0578
212.238
-15.5145
-124.116
137.768
80.0546
-163.212
77.5723
121.013
-178.727
-85.6398
39.717
-176.244
-104.878
6.20578
-275.537
-16.135
126.598
-370.485
-243.267
150.18
-243.887
-386
21.7202
-111.704
-333.251
-122.875
-216.582
-278.64
-65.1607
-317.116
-300.981
1.86174
-169.418
-294.775
-158.247
-124.116
-145.836
-176.244
-129.08
-141.492
-152.042
-89.9839
-88.7427
-255.678
-119.151
39.717
-240.164
-70.1254
25.4437
-101.154
-23.582
-11.1704
0
-1.24116
49.6463
29.7878
21.0997
107.981
-11.1704
-72.6077
123.495
219.064
-63.9196
4.34405
410.823
86.881
-89.9839
284.845
133.424
-6.82636
219.685
89.3633
117.91
386
124.736
-30.4083
325.804
219.064
-68.8842
171.9
261.263
147.698
163.212
149.559
158.868
192.379
55.8521
-26.0643
113.566
107.981
5.58521
31.6495
105.498
190.518
94.9485
-37.8553
75.09
70.7459
-146.456
-62.6784
67.643
-161.971
-6.20578
169.418
-157.627
-32.2701
91.8456
-264.987
-161.35
50.8874
-160.73
-80.6752
147.077
-144.595
-137.768
99.9131
-284.845
-317.116
42.1993
-197.965
-299.119
70.7459
-140.871
-288.569
153.903
-194.241
-439.369
203.55
-67.0225
-461.09
83.7781
13.0321
-297.878
26.0643
-15.5145
-233.337
62.6784
-27.926
-239.543
89.3633
30.4083
-169.418
84.3987
155.765
-141.492
9.30868
170.038
-141.492
-65.1607
114.186
-60.8167
-21.7202
177.485
-16.7556
-37.2347
196.723
-68.8842
-96.1896
283.604
-26.6849
-107.36
341.939
124.736
-59.5755
188.656
119.772
21.0997
181.209
45.9228
-35.373
227.752
177.485
-48.4051
80.6752
326.424
97.4308
-103.637
253.817
228.373
-145.215
125.357
192.379
-52.1286
166.936
85.0192
-83.1575
111.084
108.601
-98.0514
46.5434
71.3665
-79.434
150.18
37.8553
-188.035
25.4437
106.119
-45.3022
-31.0289
43.4405
105.498
73.8488
-98.0514
-35.9935
140.251
-68.8842
-124.116
126.598
57.7138
-21.7202
35.373
-73.2282
-127.219
63.299
-175.624
-269.952
98.672
-124.116
-211.617
39.0964
-125.977
-244.508
-32.2701
-178.106
-299.739
50.2668
-191.759
-353.73
70.1254
-81.2958
-314.013
-16.7556
-73.2282
-326.424
-23.582
-6.82636
-364.28
-53.3697
63.299
-248.852
5.58521
29.7878
-248.852
28.5466
52.1286
-250.093
24.2026
163.833
-145.215
-33.5112
206.032
22.9614
-29.1672
81.2958
8.6881
119.151
137.768
6.20578
109.222
155.765
123.495
139.01
89.9839
96.8102
228.993
106.739
75.7106
250.714
177.485
119.772
121.013
150.18
224.649
78.1929
65.7813
272.434
129.701
-7.44694
211.617
75.7106
-60.1961
180.588
65.1607
-71.3665
118.53
112.325
-31.6495
53.9903
4.96463
-45.3022
80.6752
-75.7106
-184.932
36.6141
21.7202
-183.071
-45.9228
35.373
-114.186
-58.9549
-106.739
-185.553
48.4051
-44.6816
-274.296
-21.0997
34.7524
-114.807
-72.6077
-101.775
-55.2315
30.4083
-150.18
-105.498
96.8102
-143.974
-101.154
104.257
-148.318
-97.4308
132.183
-132.804
-176.865
117.289
-62.0578
-139.01
79.434
-91.225
-29.1672
188.035
-161.35
-161.971
240.164
3.72347
-203.55
88.7427
119.772
-65.1607
58.3344
82.5369
-73.2282
75.09
100.534
-77.5723
26.0643
106.119
-48.4051
26.6849
100.534
9.92925
60.1961
102.395
29.7878
33.5112
57.0932
27.3054
48.4051
-17.3762
31.0289
140.251
-59.5755
39.0964
219.064
-142.112
-43.4405
201.688
-162.592
-24.8231
220.926
-94.9485
-34.1318
212.238
-88.1221
-73.8488
181.829
-186.794
-47.164
130.942
-181.829
-47.164
37.2347
-93.7073
-104.878
-31.0289
-47.7845
-129.701
-50.8874
-14.8939
-63.9196
-68.8842
-83.1575
-7.44694
-58.3344
-104.257
-64.5402
1.86174
47.164
-134.666
-64.5402
21.0997
-63.9196
-71.3665
-111.704
19.2379
34.7524
-81.9163
43.4405
104.257
-24.8231
-62.6784
94.9485
4.96463
-76.3311
36.6141
-3.72347
88.1221
49.0257
-114.807
123.495
219.685
-147.698
-138.389
243.887
49.0257
-206.653
179.347
153.283
-20.4791
135.907
29.1672
-8.6881
195.482
63.299
-198.585
227.752
206.653
-191.138
109.842
186.794
-57.0932
-4.96463
51.508
-60.8167
86.881
132.183
-70.1254
69.5048
219.685
-1.86174
-51.508
142.733
53.9903
-63.9196
70.7459
76.9517
3.72347
57.7138
1.24116
21.7202
106.739
-58.3344
-27.926
125.357
3.10289
-11.1704
53.3697
36.6141
4.34405
19.8585
9.30868
15.5145
1.24116
-123.495
65.1607
-42.8199
-143.974
74.4694
-101.154
-98.0514
70.1254
-125.357
-178.106
103.016
-106.119
-246.37
58.3344
-52.7492
-197.965
-25.4437
-85.6398
-167.556
-5.58521
-112.945
-217.823
-93.7073
-112.945
-185.553
-155.765
-55.8521
-107.36
-68.8842
-17.9968
-183.071
-45.9228
-37.8553
-274.916
-88.1221
39.0964
-173.141
-81.9163
57.7138
-64.5402
-116.669
-53.3697
-24.8231
-34.1318
-58.9549
-65.1607
89.3633
98.672
-46.5434
-29.7878
114.807
117.289
-49.6463
-23.582
125.357
55.2315
25.4437
104.257
109.222
140.251
140.871
111.704
166.936
127.839
68.2636
217.823
130.321
61.4373
354.971
235.199
-32.2701
256.299
235.199
-4.34405
250.093
179.968
-13.0321
384.138
271.193
-122.254
304.704
277.399
-135.907
142.733
255.678
-16.7556
79.434
153.903
23.582
102.395
62.0578
-80.6752
4.96463
85.6398
-24.8231
-161.35
-8.06752
171.9
-154.524
-196.723
76.3311
-78.8135
-267.469
-168.797
-123.495
-143.974
-112.325
-210.376
-139.01
-70.7459
-156.386
-287.328
-275.537
-56.4726
-226.511
-315.254
-17.9968
-125.357
-270.572
-44.6816
-194.862
-364.9
-32.8907
-129.701
-420.132
3.72347
106.739
-298.498
-120.392
52.1286
-166.936
-137.148
-31.6495
-173.141
-71.9871
117.289
-163.212
-109.842
209.755
4.96463
-169.418
54.6109
96.1896
-1.86174
-10.5498
30.4083
202.929
131.563
22.3408
99.9131
197.965
143.354
42.1993
87.5016
194.862
219.685
39.717
135.907
320.218
129.08
70.7459
165.074
181.209
171.9
76.3311
150.801
234.579
179.347
69.5048
91.8456
212.238
152.042
49.0257
32.2701
206.653
137.148
-34.7524
142.112
122.875
18.6174
125.357
62.6784
-42.8199
127.839
94.3279
-136.527
33.5112
149.559
-116.048
-109.222
35.9935
-52.7492
-86.881
-91.225
-56.4726
-83.1575
-106.119
-96.8102
-135.286
-119.151
-67.643
-86.2604
-214.72
-52.7492
31.6495
-215.341
-160.73
58.3344
-106.739
-179.347
-49.0257
-89.9839
-53.3697
-89.3633
-100.534
-52.1286
-126.598
-71.9871
-109.222
-179.347
12.4116
-63.299
-327.045
12.4116
89.9839
-408.961
-124.736
119.151
-306.566
-159.489
37.2347
-204.791
-106.739
53.3697
-179.347
-95.5691
121.633
-112.945
-107.981
121.013
26.0643
-114.186
80.6752
136.527
-71.9871
37.2347
140.251
39.717
136.527
125.357
53.9903
194.241
178.727
10.5498
95.5691
218.444
101.775
65.1607
181.829
245.128
157.006
101.154
188.035
177.485
164.453
132.804
98.0514
253.196
219.064
36.6141
143.354
258.781
63.299
16.135
111.704
99.2925
129.701
86.2604
-71.9871
57.7138
223.408
-67.643
-194.862
124.736
109.222
-173.141
-102.395
83.7781
-13.0321
-144.595
-1.24116
-16.135
-115.428
-57.7138
-31.0289
-143.354
-91.225
48.4051
-116.048
-171.9
-10.5498
3.10289
-147.077
-76.3311
-83.1575
-142.733
-42.8199
-140.251
-217.823
-146.456
-22.9614
-143.974
-260.022
-63.9196
-95.5691
-211.617
-149.559
-182.45
-130.942
-111.704
-173.141
-150.801
-66.4019
-26.0643
-140.251
-133.424
21.7202
-13.6527
-188.656
-17.3762
68.8842
-138.389
-29.7878
89.3633
-117.91
-21.7202
145.836
-55.8521
-6.82636
111.084
22.3408
75.7106
85.0192
29.1672
192.379
135.907
-46.5434
180.588
230.855
-60.8167
106.739
289.81
49.6463
60.8167
235.199
159.489
86.881
155.145
124.736
114.807
164.453
52.7492
62.6784
203.55
117.289
12.4116
60.1961
166.936
106.739
-68.8842
62.6784
193
-47.7845
-10.5498
193
-17.3762
11.1704
164.453
-66.4019
-18.6174
180.588
-86.2604
-101.154
232.717
-31.6495
-193
134.045
-4.96463
-201.067
6.20578
-14.8939
-130.321
-11.1704
-88.1221
-127.219
-15.5145
-79.434
-190.518
-122.254
4.34405
-80.0546
-277.399
-109.842
97.4308
-183.691
-272.434
-51.508
-29.1672
-141.492
-176.865
-124.116
14.2733
-31.6495
-223.408
-83.1575
84.3987
-121.013
-160.73
47.164
-43.4405
-80.0546
45.9228
-75.7106
-50.8874
130.321
-42.8199
-166.315
103.016
52.1286
-155.145
55.8521
98.0514
-36.6141
85.0192
107.981
-21.7202
11.791
124.736
130.942
-34.1318
52.7492
199.826
123.495
-4.96463
44.6816
232.096
71.3665
-13.6527
75.09
157.006
143.974
36.6141
2.48231
96.1896
279.26
8.6881
-134.045
205.411
141.492
-88.7427
18.6174
67.0225
21.0997
86.2604
-8.6881
-115.428
137.768
121.013
-188.656
-13.0321
103.016
14.2733
-40.3376
-81.2958
57.0932
49.6463
-55.2315
-138.389
26.6849
76.9517
-111.084
-39.0964
-69.5048
-68.8842
14.8939
-132.183
-173.141
-25.4437
24.8231
-167.556
-168.797
104.878
-28.5466
-213.479
-84.3987
78.1929
-44.6816
-214.72
-66.4019
-15.5145
-67.0225
-140.871
-141.492
10.5498
91.225
-131.563
-222.167
161.971
68.2636
-245.749
-3.10289
123.495
-76.3311
-37.2347
75.7106
-73.8488
-3.72347
55.8521
-170.659
43.4405
183.071
-147.077
-68.8842
238.923
26.6849
-178.106
125.357
156.386
-45.3022
57.7138
86.881
69.5048
119.772
22.3408
45.9228
161.971
76.3311
43.4405
153.283
102.395
46.5434
120.392
24.8231
103.637
224.649
-12.4116
26.0643
252.575
101.775
-49.0257
96.1896
107.36
30.4083
96.8102
43.4405
-11.1704
117.91
98.672
-35.373
-14.8939
109.222
73.8488
-86.881
18.6174
34.1318
-70.7459
11.1704
-38.4759
-104.257
3.10289
17.3762
-111.704
-101.154
-11.1704
-24.2026
-159.489
-204.791
34.1318
-31.6495
-264.366
-93.7073
-17.3762
-140.871
-116.048
-125.977
-172.521
6.82636
-58.3344
-340.698
-87.5016
166.936
-222.167
-343.8
68.2636
54.6109
-240.784
-163.833
-2.48231
-21.7202
-31.0289
-118.53
-124.116
81.9163
97.4308
-174.383
-201.688
168.797
112.325
-208.514
-90.6044
152.662
98.672
-106.739
-17.9968
148.939
92.4662
16.7556
17.9968
86.2604
134.045
110.463
-29.7878
82.5369
296.636
0
-18.6174
279.26
91.225
9.30868
255.678
102.395
3.10289
283.604
207.273
-14.8939
114.807
195.482
92.4662
114.186
37.8553
22.9614
220.926
126.598
-128.46
75.09
296.016
-21.0997
-135.907
114.807
182.45
-47.164
-151.421
75.7106
124.116
-68.2636
-120.392
5.58521
96.1896
-18.6174
-165.694
-39.717
98.672
-35.373
-179.347
-78.8135
42.1993
-62.0578
-217.202
-71.3665
22.3408
-152.662
-135.907
-78.8135
-108.601
-60.1961
-62.6784
-226.511
-96.1896
93.7073
-214.72
-267.469
24.2026
-39.717
-201.067
-120.392
-33.5112
-108.601
-72.6077
-52.1286
-188.035
-24.8231
53.9903
-166.315
-103.016
68.2636
-17.9968
-158.868
-97.4308
4.34405
-17.9968
-56.4726
-61.4373
-32.2701
85.0192
7.44694
-136.527
8.6881
125.977
28.5466
-110.463
47.7845
188.656
-41.5788
-98.0514
168.177
117.91
-36.6141
122.875
81.9163
88.7427
249.473
-7.44694
-95.5691
351.247
266.849
-234.579
128.46
486.533
-19.2379
-103.016
314.013
168.177
-43.4405
204.17
151.421
0.620578
260.022
138.389
-112.325
186.174
259.402
-96.1896
-11.791
294.154
9.92925
-89.9839
175.003
86.2604
-58.3344
53.9903
168.797
-57.0932
-23.582
189.276
-125.357
-94.9485
139.01
-83.1575
-172.521
71.9871
41.5788
-227.752
0
19.8585
-258.161
-52.1286
-49.0257
-230.855
-40.3376
-24.2026
-226.511
-161.971
1.86174
-189.276
-255.678
-21.0997
-78.8135
-193
-138.389
-98.0514
-145.215
-116.669
-141.492
-206.653
-51.508
-34.1318
-168.177
-184.932
-57.0932
13.6527
-152.662
-187.415
-67.0225
32.8907
-25.4437
-217.823
-58.9549
132.804
-95.5691
-171.28
45.3022
48.4051
13.0321
-8.06752
-97.4308
116.669
169.418
-142.112
-26.6849
278.64
89.3633
-103.016
93.0868
201.067
76.9517
32.8907
101.154
131.563
153.283
149.559
83.1575
132.804
273.675
127.219
16.7556
190.518
193
149.559
135.286
72.6077
137.768
207.894
124.116
29.7878
124.736
186.794
118.53
54.6109
52.7492
161.971
197.344
22.3408
-26.0643
189.897
141.492
-29.7878
9.30868
40.9582
72.6077
53.9903
-109.222
-73.8488
125.357
19.8585
-160.109
-60.1961
49.0257
-57.7138
-89.9839
-48.4051
-103.637
-20.4791
-49.0257
-216.582
-114.186
-71.9871
-138.389
-189.276
-159.489
-82.5369
-94.9485
-75.09
-233.337
-141.492
20.4791
-191.138
-294.775
-147.077
-6.82636
-139.63
-241.405
-134.045
-35.373
-36.6141
-175.003
-246.99
13.0321
53.9903
-191.759
-185.553
37.8553
63.9196
-147.077
-140.251
37.2347
83.1575
-65.1607
-76.9517
80.6752
103.016
-11.1704
-8.06752
62.6784
85.0192
93.0868
9.30868
38.4759
130.321
88.7427
38.4759
103.016
106.739
79.434
131.563
95.5691
119.772
166.936
112.945
83.7781
97.4308
129.701
107.981
84.3987
54.6109
62.6784
149.559
88.1221
-81.2958
64.5402
229.614
-58.9549
-49.6463
207.894
62.6784
-12.4116
110.463
40.3376
16.7556
76.3311
-55.8521
-64.5402
60.1961
11.1704
-101.775
-40.3376
28.5466
-57.0932
-37.2347
5.58521
-60.8167
-28.5466
41.5788
-22.9614
-93.0868
-29.7878
0
-27.3054
-85.0192
-97.4308
-18.6174
0
-56.4726
-166.315
-14.8939
99.2925
-88.7427
-113.566
-34.1318
32.8907
65.1607
-74.4694
-149.559
71.3665
127.219
-151.421
-146.456
29.7878
16.135
-49.0257
-89.9839
-65.7813
-1.24116
48.4051
-132.183
-147.698
160.73
46.5434
-264.987
-12.4116
252.575
-94.9485
-212.238
47.164
49.6463
-11.791
-98.0514
-158.247
71.9871
123.495
-139.01
-189.897
115.428
147.077
-134.045
-158.868
81.9163
225.27
-95.5691
-193.62
167.556
190.518
-90.6044
-51.508
116.048
110.463
68.8842
-55.8521
1.24116
203.55
103.637
-82.5369
68.2636
233.337
94.9485
-19.8585
114.186
201.067
117.289
58.9549
93.0868
122.254
96.1896
68.2636
36.6141
67.643
104.878
39.0964
-2.48231
26.0643
75.7106
53.3697
3.10289
17.9968
18.6174
47.7845
-6.82636
-36.6141
0
-19.2379
-47.7845
-79.434
-106.119
-135.907
-14.2733
-52.7492
-235.199
-86.881
62.6784
-147.077
-224.029
-4.96463
-41.5788
-146.456
-99.9131
-183.691
-127.219
41.5788
-170.038
-325.183
-16.7556
32.2701
-284.225
-189.276
19.8585
-64.5402
-158.247
-68.2636
-44.6816
-83.7781
-24.2026
-98.0514
-75.7106
72.6077
-23.582
-157.627
20.4791
140.251
-33.5112
-77.5723
80.6752
80.6752
44.6816
51.508
0.620578
107.981
190.518
26.6849
-12.4116
181.209
171.28
42.8199
98.0514
127.219
181.829
176.865
53.3697
134.045
231.476
143.974
52.1286
