SAMPLES: 8310
BITSPERSAMPLE:	16
CHANNELS:	1
SAMPLERATE:	16000
NORMALIZED:	FALSE
-73.3924
-29.7064
91.4492
96.109
16.3094
-48.3458
-94.3616
-23.8816
4.07735
-18.6393
22.1342
25.0466
-5.24231
-64.0727
-128.145
-60.5778
56.5005
16.8919
-74.5573
-110.089
-58.8304
42.521
20.3868
-101.934
-137.465
-67.5676
14.562
6.98975
-50.0932
-18.6393
10.4846
-83.877
-166.589
-106.594
26.794
117.078
33.2013
-134.553
-157.269
-43.6859
69.8975
38.4436
-89.7018
-83.877
38.4436
33.2013
-66.9851
-47.7633
53.0056
68.7325
-23.8816
-113.583
-50.0932
92.6142
128.728
43.1034
-78.6347
-116.496
-41.356
92.0317
139.795
30.8714
-40.1911
1.16496
32.0363
16.8919
15.1445
68.15
94.3616
4.65983
-62.3253
26.794
152.61
127.563
16.3094
-38.4436
-29.124
59.4129
119.991
87.9543
28.5415
2.32992
11.0671
16.3094
19.2218
43.1034
94.3616
66.4026
-23.2992
-29.124
50.0932
98.439
36.6962
-41.9385
-30.8714
44.8509
84.4595
30.2889
-9.31966
5.82479
9.90214
-15.7269
-46.5983
-3.49487
85.0419
89.1193
-11.6496
-108.924
-86.7894
29.124
99.6039
35.5312
-62.3253
-66.4026
-18.0568
34.3663
-2.9124
-100.769
-77.4697
34.9487
38.4436
-66.9851
-114.748
-37.8611
46.5983
-15.7269
-103.099
-86.2069
-9.90214
35.5312
-12.8145
-65.8201
-70.48
-40.7735
-3.49487
-5.24231
-50.6757
-69.8975
-20.9692
12.8145
-26.2116
-77.4697
-61.7428
-21.5517
-18.6393
-41.9385
-39.6086
-12.8145
-13.397
-13.397
-16.3094
-24.4641
-23.8816
2.32992
6.40727
-23.8816
-1.16496
22.1342
10.4846
-34.3663
-44.8509
20.3868
55.918
23.2992
-9.90214
-4.07735
4.65983
30.8714
36.1137
20.9692
5.24231
19.8043
66.4026
76.8872
50.0932
27.3765
55.3355
44.8509
2.9124
25.0466
100.186
131.058
59.9953
4.65983
25.0466
64.6552
68.15
37.2787
32.0363
54.1705
45.4334
32.0363
39.6086
23.2992
23.8816
30.8714
22.1342
27.959
32.0363
31.4539
27.3765
7.57223
-9.31966
0
33.7838
41.356
8.73719
-19.8043
-20.3868
15.7269
22.1342
-16.3094
-48.3458
-39.6086
-23.2992
-43.1034
-37.8611
-18.6393
-32.6188
-48.3458
-58.2479
-75.7223
-90.8667
-86.2069
-57.6654
-32.6188
-47.1808
-82.1295
-67.5676
-53.0056
-94.9441
-113.001
-92.0317
-45.4334
-18.6393
-39.6086
-86.2069
-115.913
-106.011
-80.3821
-33.7838
-10.4846
-25.6291
-50.6757
-45.4334
-54.1705
-77.4697
-53.0056
-46.5983
-22.7167
9.31966
8.73719
9.31966
-13.9795
-45.4334
-58.2479
-43.1034
0.582479
41.9385
37.2787
3.49487
-23.2992
-37.8611
1.16496
58.8304
79.7996
72.8099
38.4436
15.1445
40.1911
90.2842
129.893
133.388
109.506
92.0317
110.089
155.522
191.636
197.46
185.811
178.821
179.986
202.703
233.574
259.203
259.786
207.363
161.347
161.929
175.326
177.656
156.687
111.253
77.4697
78.0522
98.439
107.176
64.0727
-11.6496
-55.3355
-51.8406
-29.124
-9.31966
-29.7064
-74.5573
-111.836
-135.718
-126.398
-126.398
-137.465
-152.027
-164.842
-174.161
-197.46
-205.033
-200.373
-196.878
-192.801
-187.558
-203.868
-197.46
-200.373
-244.059
-265.028
-277.26
-259.786
-202.703
-173.579
-204.45
-266.193
-348.905
-364.049
-284.832
-206.78
-187.558
-209.692
-237.651
-269.105
-304.637
-332.596
-276.678
-161.929
-105.429
-169.501
-264.445
-281.92
-233.574
-161.347
-104.264
57.0829
311.044
460.741
323.276
19.8043
-81.5471
163.677
588.304
848.672
864.399
731.594
519.571
279.007
136.3
302.889
741.496
1117.78
1080.5
643.057
171.831
40.1911
262.698
539.376
612.768
476.468
306.384
180.568
47.1808
-114.748
-223.672
-187.558
-42.521
81.5471
82.1295
-44.8509
-220.76
-352.982
-394.338
-333.76
-181.733
23.8816
169.501
100.186
-178.239
-422.88
-392.591
-114.166
185.811
311.626
289.492
224.837
128.728
14.562
-29.7064
82.712
269.105
358.225
264.445
79.2171
-72.8099
-175.909
-237.651
-267.94
-227.167
-143.872
-139.212
-283.085
-502.097
-632.572
-605.196
-467.148
-329.101
-282.502
-335.508
-455.499
-573.742
-610.438
-542.288
-407.153
-282.502
-244.641
-300.559
-396.668
-480.545
-465.983
-343.08
-195.713
-110.671
-125.815
-187.558
-253.961
-309.879
-330.266
-245.224
-104.264
-33.7838
-87.9543
-234.739
-364.049
-417.637
-408.318
-335.508
-223.672
-142.707
-142.125
-213.187
-297.064
-237.069
73.9748
492.777
658.201
398.416
55.3355
90.8667
549.278
963.42
1053.7
989.632
923.812
773.532
507.922
443.849
831.198
1425.91
1672.3
1279.71
595.876
253.378
502.679
971.575
1130.59
864.981
517.241
338.42
251.631
136.3
40.7735
79.2171
171.249
176.491
78.0522
-62.9077
-191.636
-281.92
-319.199
-305.219
-257.456
-153.774
-13.9795
11.0671
-223.672
-549.278
-612.768
-318.034
57.6654
202.703
96.109
-80.9646
-192.801
-226.584
-172.414
0.582479
244.641
380.359
284.832
4.07735
-242.894
-279.007
-170.084
-81.5471
-90.8667
-146.202
-255.708
-454.916
-689.073
-803.821
-720.527
-555.685
-449.091
-463.653
-558.597
-697.227
-834.692
-856.244
-736.253
-555.685
-420.55
-424.045
-553.355
-684.995
-721.109
-620.923
-418.802
-230.079
-157.852
-210.275
-293.569
-322.111
-292.987
-223.089
-135.135
-42.521
23.2992
2.32992
-99.6039
-180.568
-203.285
-223.672
-246.389
-230.662
-177.656
-144.455
-219.012
-376.281
-489.865
-468.896
-325.023
-126.98
165.424
503.262
655.289
371.039
-154.357
-286.58
306.966
1181.27
1582.01
1406.69
1042.64
734.506
454.334
358.807
809.063
1699.09
2321.18
2018.87
1030.41
237.069
265.028
955.848
1568.62
1611.14
1169.04
667.521
342.498
125.815
43.1034
181.733
455.499
560.345
334.343
-39.0261
-305.219
-400.746
-389.096
-302.307
-177.656
-82.712
-44.2684
-94.3616
-311.044
-630.825
-773.532
-521.901
-62.3253
185.811
82.1295
-177.656
-362.302
-395.503
-255.708
49.5107
337.838
382.689
113.583
-251.048
-408.318
-283.085
-55.3355
39.6086
-80.3821
-341.333
-578.402
-710.624
-729.264
-661.696
-581.314
-591.799
-737.418
-895.27
-919.152
-841.1
-834.692
-919.734
-944.199
-831.78
-684.995
-661.114
-746.738
-839.352
-849.837
-743.826
-558.015
-375.116
-309.296
-377.446
-479.38
-505.009
-430.452
-269.105
-69.315
41.9385
-23.2992
-196.878
-257.456
-115.913
58.8304
76.8872
-50.6757
-148.532
-128.728
-51.2582
-39.0261
-111.836
-179.404
-191.636
-132.223
-29.7064
203.868
577.237
820.713
597.623
20.9692
-238.234
286.58
1216.8
1702
1516.78
1121.85
847.507
620.923
484.04
842.265
1736.95
2435.93
2209.34
1198.16
336.09
369.292
1124.77
1820.83
1886.65
1400.28
824.79
453.751
213.77
117.078
316.286
694.315
823.625
443.267
-141.542
-478.215
-462.488
-319.199
-221.342
-144.455
-114.166
-177.074
-325.606
-551.025
-773.532
-814.306
-556.267
-195.713
-58.8304
-223.089
-476.468
-610.438
-642.474
-534.716
-223.089
119.408
184.063
-123.486
-530.638
-709.459
-598.206
-366.962
-188.723
-184.646
-378.029
-694.315
-957.596
-1005.94
-853.332
-617.428
-499.185
-604.031
-825.955
-966.915
-937.209
-851.584
-763.63
-650.629
-547.53
-527.144
-629.66
-733.924
-725.769
-621.505
-487.535
-351.817
-252.213
-254.543
-323.858
-360.555
-308.714
-199.79
-106.594
-41.9385
-3.49487
-32.0363
-118.826
-156.687
-83.877
-1.74744
-23.8816
-122.321
-172.414
-123.486
-59.4129
-86.7894
-164.842
-178.239
-119.991
-33.2013
43.1034
220.76
560.345
791.589
593.546
92.6142
-66.4026
493.36
1286.7
1565.7
1310.58
1064.77
979.147
772.367
556.267
902.842
1834.81
2474.37
2096.34
1054.29
381.524
614.515
1368.83
1876.75
1760.83
1244.76
733.924
412.978
232.409
253.378
535.298
817.218
689.073
129.893
-345.993
-398.998
-209.692
-104.264
-149.697
-213.77
-279.59
-379.776
-487.535
-573.742
-626.747
-573.742
-400.163
-274.348
-326.771
-454.916
-478.215
-401.328
-359.972
-317.451
-140.377
33.7838
-63.4902
-399.581
-628.495
-531.221
-291.822
-212.022
-319.781
-479.963
-650.047
-812.558
-926.724
-922.064
-771.202
-625.582
-678.588
-947.693
-1192.33
-1177.77
-991.962
-892.358
-916.24
-910.415
-846.925
-861.486
-1007.11
-1090.4
-952.353
-696.062
-508.504
-478.215
-552.19
-620.34
-611.603
-503.262
-347.74
-182.898
-57.6654
-16.3094
-73.9748
-185.811
-206.198
-61.1603
154.939
245.224
159.017
27.3765
-15.1445
59.4129
156.687
195.13
196.878
216.682
265.61
281.337
322.693
576.072
960.508
1053.12
628.495
192.218
439.772
1255.24
1763.75
1559.88
1213.3
1192.33
1192.92
923.812
874.301
1524.35
2352.05
2381.76
1474.25
591.216
575.489
1252.91
1830.15
1798.11
1328.05
855.662
558.597
320.946
193.966
385.019
738.583
760.135
242.894
-369.874
-560.927
-369.292
-191.053
-187.558
-241.146
-329.101
-491.03
-666.356
-761.3
-750.233
-633.155
-419.385
-285.997
-415.308
-667.521
-734.506
-561.51
-387.931
-332.013
-238.234
-82.1295
-107.176
-394.338
-644.222
-567.917
-283.085
-132.223
-260.368
-492.195
-664.609
-803.821
-924.977
-948.276
-832.945
-705.965
-768.872
-1055.45
-1313.49
-1296.02
-1093.31
-988.467
-1061.86
-1123.6
-1078.75
-1020.5
-1042.05
-1097.39
-1064.77
-952.353
-833.527
-731.594
-662.279
-624.418
-624.418
-619.175
-547.53
-385.019
-186.393
-44.8509
-19.2218
-79.2171
-103.099
-5.82479
171.831
292.987
284.832
192.218
121.156
144.455
248.719
358.807
379.194
302.307
233.574
273.765
403.658
671.598
1050.21
1244.18
935.461
319.199
194.548
919.734
1826.07
2007.81
1526.68
1150.4
1117.19
1063.61
990.214
1402.61
2245.46
2653.77
2028.19
929.637
476.468
1000.12
1848.21
2184.88
1813.26
1181.85
717.032
492.195
418.802
544.618
858.574
1012.93
659.949
-2.9124
-420.55
-373.369
-156.687
-78.6347
-117.078
-186.976
-341.333
-584.809
-796.249
-873.719
-789.842
-585.391
-376.281
-354.147
-588.886
-830.615
-830.615
-645.969
-481.71
-358.225
-223.672
-212.605
-462.488
-784.599
-827.12
-573.742
-357.642
-392.591
-601.118
-825.955
-991.379
-1078.17
-1070.01
-1005.36
-977.982
-1060.11
-1269.8
-1484.74
-1523.77
-1356.59
-1202.82
-1266.31
-1438.14
-1492.89
-1399.11
-1297.76
-1252.91
-1190.59
-1093.9
-1021.09
-970.993
-883.621
-773.532
-692.568
-615.68
-499.767
-358.225
-244.641
-172.996
-118.243
-83.877
-37.2787
96.6915
289.492
395.503
333.76
208.527
205.615
334.925
488.7
582.479
597.623
574.907
559.18
594.129
653.541
857.409
1231.36
1469.59
1211.56
635.485
551.025
1274.46
2069.55
2064.31
1512.7
1282.62
1456.78
1466.68
1284.95
1549.98
2275.75
2603.68
1986.84
1030.99
772.95
1387.47
2131.87
2245.46
1699.67
1064.77
767.125
715.284
690.238
751.398
933.131
930.801
480.545
-130.475
-396.086
-258.621
-94.3616
-132.805
-272.018
-417.637
-607.526
-810.228
-912.162
-929.054
-875.466
-719.944
-569.664
-637.815
-914.492
-1091.57
-965.168
-686.743
-530.056
-514.911
-517.824
-577.819
-749.651
-862.651
-740.331
-481.128
-379.776
-571.412
-885.368
-1042.64
-973.905
-874.301
-888.281
-989.632
-1099.72
-1201.65
-1352.52
-1492.31
-1468.43
-1297.18
-1222.62
-1359.51
-1517.94
-1535.41
-1436.98
-1336.79
-1256.99
-1143.99
-1054.29
-1046.71
-1060.69
-988.467
-825.373
-661.696
-523.066
-405.988
-325.606
-291.24
-285.415
-224.837
-55.3355
147.95
280.755
316.869
288.91
263.281
306.966
432.782
562.675
629.66
613.35
553.355
545.2
621.505
743.826
857.992
1049.04
1325.72
1401.44
1041.47
537.046
630.825
1469.59
2205.85
2062.56
1433.48
1194.08
1352.52
1368.24
1295.43
1710.74
2469.13
2642.71
1796.95
759.553
648.882
1498.72
2359.62
2374.77
1642.59
885.368
595.876
642.474
715.867
848.089
1042.05
950.606
341.333
-385.601
-577.819
-248.136
10.4846
-109.506
-370.457
-552.19
-736.253
-933.131
-1014.68
-958.178
-845.76
-722.274
-676.258
-826.538
-1093.31
-1217.38
-1039.14
-692.568
-450.256
-425.792
-576.654
-821.878
-948.276
-769.455
-417.055
-219.595
-308.714
-563.84
-840.517
-987.884
-904.007
-640.727
-464.818
-625
-1033.32
-1351.35
-1386.88
-1237.19
-1057.78
-990.214
-1137.58
-1406.1
-1558.71
-1480.66
-1297.76
-1170.2
-1139.91
-1135.25
-1133.5
-1150.4
-1108.46
-946.528
-747.903
-632.572
-584.809
-535.881
-460.741
-354.73
-237.069
-128.728
-30.2889
75.1398
193.966
277.26
262.116
196.878
251.048
454.916
605.778
574.907
453.169
425.792
556.267
749.651
824.208
778.192
903.425
1255.82
1460.27
1111.37
564.422
719.362
1642.59
2271.09
1882.57
1231.94
1230.2
1547.65
1468.43
1267.47
1696.18
2468.55
2517.47
1552.31
637.232
788.094
1727.05
2403.31
2148.18
1286.7
635.485
574.324
758.388
815.471
853.332
917.987
686.743
4.07735
-578.984
-485.205
-22.7167
77.4697
-318.616
-701.887
-821.295
-881.291
-955.848
-948.858
-888.863
-867.311
-891.775
-961.09
-1101.47
-1213.89
-1128.26
-880.708
-661.114
-582.479
-625
-766.542
-973.905
-1014.68
-655.871
-164.259
-43.6859
-334.925
-719.362
-948.858
-930.219
-669.268
-332.013
-226.002
-495.69
-954.101
-1255.82
-1229.03
-987.302
-707.13
-610.438
-869.641
-1292.52
-1471.92
-1282.62
-997.787
-873.136
-916.822
-1018.17
-1093.31
-1113.12
-1033.9
-856.827
-682.665
-618.593
-635.485
-640.144
-561.51
-385.019
-205.615
-124.651
-101.351
-37.2787
69.315
151.445
207.945
280.172
368.709
439.772
460.158
456.081
456.664
460.741
516.659
658.201
808.481
811.393
800.326
1047.3
1368.83
1321.64
842.265
622.088
1200.49
2025.86
2121.39
1503.96
1161.46
1418.34
1615.8
1419.5
1443.97
2041.01
2503.49
2035.76
1014.68
651.212
1296.02
2116.15
2205.27
1536.58
810.811
544.035
644.222
738.001
761.3
798.579
684.995
200.955
-435.112
-640.144
-316.869
-25.0466
-206.78
-636.65
-888.281
-982.06
-1068.27
-1093.9
-989.632
-885.951
-916.24
-1046.13
-1221.46
-1347.27
-1301.26
-1057.2
-797.996
-704.217
-731.011
-804.404
-938.374
-1073.51
-944.781
-472.973
-58.8304
-142.707
-561.51
-848.089
-856.827
-694.897
-485.205
-292.987
-292.404
-556.267
-934.296
-1161.46
-1071.76
-772.95
-518.406
-560.927
-907.502
-1230.2
-1237.77
-1001.28
-793.336
-727.516
-750.233
-841.682
-972.158
-1006.52
-851.002
-584.809
-415.308
-451.421
-578.402
-621.505
-501.514
-273.765
-75.7223
4.65983
4.65983
2.9124
22.7167
73.9748
228.332
429.87
525.979
475.303
419.385
463.071
559.762
602.866
625.582
734.506
855.662
898.765
870.224
979.73
1236.02
1345.53
1121.27
818.966
996.039
1593.08
1912.86
1584.34
1170.2
1229.61
1462.02
1376.98
1260.48
1645.5
2147.6
2001.4
1241.85
771.785
1107.88
1732.29
1955.38
1598.9
1006.52
592.964
505.009
591.216
633.737
592.381
465.983
164.842
-313.374
-650.629
-555.685
-272.018
-272.018
-605.196
-904.59
-1035.65
-1146.9
-1188.84
-1067.1
-906.337
-920.317
-1130.01
-1343.78
-1437.56
-1336.21
-1051.37
-751.98
-650.629
-784.599
-973.905
-1050.21
-969.828
-700.722
-311.626
-124.068
-327.936
-671.598
-800.909
-690.238
-530.638
-375.116
-255.126
-330.266
-625
-921.482
-938.374
-706.547
-505.009
-499.767
-675.676
-901.095
-1037.98
-966.915
-759.553
-627.33
-658.784
-790.424
-926.142
-977.4
-846.342
-570.829
-376.864
-433.364
-635.485
-699.557
-553.938
-319.781
-117.661
6.40727
40.1911
-31.4539
-134.553
-106.011
117.078
395.503
500.932
375.116
208.527
196.878
330.266
470.643
540.541
597.041
666.356
693.733
630.242
622.67
927.889
1366.5
1451.54
1022.25
651.794
984.972
1726.47
1962.37
1533.67
1248.84
1463.77
1583.76
1294.27
1245.34
1837.72
2345.06
1999.07
1142.24
796.249
1235.44
1799.28
1897.72
1505.13
988.467
658.784
584.809
595.876
587.139
609.856
553.938
196.878
-375.116
-654.124
-436.859
-170.084
-290.075
-654.124
-872.554
-981.477
-1128.26
-1181.27
-1022.83
-842.847
-910.997
-1184.76
-1435.23
-1467.85
-1247.09
-923.812
-737.418
-826.538
-997.787
-1018.17
-934.879
-884.786
-782.852
-514.329
-315.121
-452.004
-751.398
-841.1
-684.413
-532.386
-524.231
-581.314
-640.144
-728.099
-825.955
-878.961
-883.621
-846.925
-764.212
-726.351
-852.167
-1031.57
-1047.88
-899.348
-788.677
-793.919
-805.568
-809.063
-870.806
-895.853
-738.583
-484.623
-387.931
-511.417
-601.701
-475.303
-214.935
-15.7269
48.3458
64.0727
90.8667
127.563
185.228
295.899
503.262
691.403
656.454
434.529
350.652
583.644
878.378
936.626
793.919
732.759
814.888
882.456
887.116
1005.36
1357.18
1608.81
1398.53
840.517
652.959
1251.16
2014.21
2048
1436.98
1125.93
1340.87
1435.23
1210.97
1321.06
1954.22
2253.03
1640.84
741.496
571.412
1152.73
1733.46
1760.25
1252.33
600.536
209.692
233.574
415.308
516.076
495.69
268.523
-264.445
-841.1
-931.966
-512.582
-204.45
-440.937
-916.822
-1181.27
-1252.91
-1266.31
-1142.82
-916.24
-866.146
-1096.81
-1374.07
-1466.68
-1332.71
-1050.79
-804.404
-792.754
-951.771
-1004.78
-897.018
-853.914
-910.997
-771.785
-421.715
-296.482
-563.257
-824.208
-777.027
-622.67
-576.654
-549.86
-478.215
-512.582
-709.459
-883.038
-887.698
-767.707
-607.526
-487.535
-577.237
-881.873
-1063.02
-878.961
-571.994
-483.458
-591.799
-704.217
-764.212
-771.202
-629.077
-369.874
-235.904
-344.828
-484.623
-412.978
-196.295
-39.6086
29.7064
82.712
101.934
90.8667
118.826
239.399
417.055
536.463
497.437
347.158
320.363
528.891
775.862
804.986
647.717
573.742
680.336
823.043
877.213
899.93
1061.28
1294.27
1318.73
1004.78
685.578
898.765
1587.84
1965.87
1568.03
1039.14
1063.61
1358.92
1340.87
1211.56
1520.27
1958.29
1802.77
1069.43
587.139
866.729
1475.42
1757.34
1456.78
818.966
326.188
283.085
500.349
600.536
519.571
360.555
51.8406
-467.731
-795.666
-565.587
-139.212
-167.754
-676.258
-1072.34
-1119.52
-1077.59
-1050.21
-940.121
-832.363
-954.683
-1223.79
-1354.85
-1269.8
-1065.35
-872.554
-806.733
-890.61
-978.565
-924.394
-820.13
-831.198
-862.069
-694.315
-479.963
-530.056
-778.774
-889.445
-776.445
-693.15
-724.604
-698.392
-620.34
-679.171
-856.827
-948.858
-884.203
-729.846
-598.206
-586.556
-742.078
-930.219
-916.24
-686.743
-481.71
-467.731
-552.19
-598.788
-596.459
-539.376
-377.446
-190.471
-125.815
-191.636
-242.311
-178.239
-59.9953
48.9282
127.563
188.723
203.285
205.033
248.719
313.374
408.9
492.777
524.231
493.36
496.855
623.835
734.506
719.362
645.969
658.201
755.475
835.857
863.234
853.914
943.616
1146.9
1254.66
1051.96
725.769
823.625
1383.39
1743.94
1432.32
964.003
1016.43
1312.33
1236.02
1007.69
1264.56
1737.53
1654.24
959.925
460.741
697.81
1265.14
1522.6
1217.38
630.825
191.053
135.135
333.76
443.267
398.998
249.301
-81.5471
-569.664
-818.966
-537.046
-137.465
-202.12
-685.578
-1058.95
-1111.37
-1041.47
-933.131
-772.367
-711.207
-923.229
-1225.54
-1307.08
-1153.31
-901.678
-708.295
-698.975
-888.863
-1033.9
-855.079
-562.092
-544.618
-748.486
-774.697
-559.762
-470.061
-638.979
-741.496
-587.139
-463.653
-614.515
-807.316
-737.418
-516.659
-434.529
-573.742
-767.707
-770.62
-585.974
-464.818
-562.675
-700.14
-664.026
-530.638
-507.922
-576.072
-513.164
-365.797
-380.359
-503.844
-422.297
-133.388
0.582479
-168.336
-328.518
-206.78
30.2889
104.846
44.2684
51.8406
124.651
126.398
82.712
146.785
328.518
477.05
475.303
362.302
327.353
481.128
676.841
718.779
643.639
585.391
643.639
733.341
772.367
760.135
783.434
1018.17
1270.97
1191.75
717.032
438.024
892.94
1621.62
1699.09
1071.76
725.769
993.709
1176.03
898.765
821.878
1350.77
1721.81
1261.65
415.308
202.703
770.037
1372.9
1399.7
862.069
259.203
9.31966
171.249
369.292
364.049
284.25
116.496
-274.348
-743.243
-768.29
-312.791
-57.0829
-397.833
-932.549
-1089.24
-959.343
-863.234
-785.182
-687.325
-732.176
-977.982
-1155.64
-1086.32
-876.631
-673.346
-580.149
-652.959
-834.692
-883.038
-696.062
-531.221
-578.984
-654.706
-552.19
-453.169
-590.051
-775.862
-698.392
-469.478
-447.344
-631.407
-726.351
-648.299
-562.675
-558.015
-581.897
-577.819
-536.463
-497.437
-492.195
-509.669
-479.38
-366.962
-279.007
-308.131
-378.611
-319.781
-170.666
-98.439
-83.877
-48.9282
-47.7633
-102.516
-99.6039
42.521
184.063
139.212
6.40727
-4.07735
101.351
158.434
160.764
209.692
287.745
327.353
318.034
319.199
356.477
429.87
517.824
559.18
516.076
450.839
481.128
568.5
606.361
560.345
563.84
608.691
611.603
733.341
910.415
855.662
507.922
344.245
757.223
1251.16
1109.04
537.628
404.823
765.377
880.126
569.082
505.592
937.209
1173.7
796.831
246.389
185.228
592.964
953.518
938.956
568.5
168.336
13.397
139.212
270.27
264.445
247.554
167.171
-122.903
-484.623
-460.741
-84.4595
75.7223
-206.198
-545.2
-576.072
-485.788
-491.612
-491.03
-398.416
-415.89
-623.253
-747.903
-643.057
-460.158
-395.503
-457.246
-556.267
-611.603
-561.51
-458.993
-437.442
-509.087
-538.211
-503.844
-555.103
-707.712
-723.439
-539.376
-471.226
-653.541
-798.579
-731.594
-622.67
-624.418
-673.346
-664.609
-602.866
-590.051
-610.438
-585.974
-548.113
-513.164
-449.091
-375.116
-360.555
-365.214
-327.353
-272.018
-207.363
-125.815
-80.9646
-129.31
-188.141
-157.852
-34.3663
37.2787
-26.2116
-79.7996
-36.1137
8.15471
6.98975
83.877
232.992
311.044
262.698
222.507
322.111
492.195
573.742
514.329
495.107
581.897
661.696
662.861
612.185
615.098
679.753
739.748
662.279
642.474
869.059
1029.82
791.007
331.431
344.245
892.358
1240.1
858.574
323.858
409.483
739.166
655.871
368.709
561.51
1019.34
991.962
437.442
20.3868
230.662
742.078
1008.27
794.501
304.637
-34.3663
13.397
302.889
410.648
312.791
233.574
99.6039
-239.399
-479.963
-221.342
209.11
196.295
-250.466
-546.948
-464.818
-362.884
-416.473
-387.931
-245.806
-282.502
-524.814
-689.655
-630.825
-462.488
-355.895
-401.328
-556.267
-631.407
-534.716
-460.741
-583.062
-760.718
-712.372
-521.901
-541.705
-798.579
-902.26
-726.934
-637.815
-802.656
-916.822
-774.697
-600.536
-611.603
-723.439
-742.661
-612.185
-479.963
-447.344
-461.906
-457.246
-413.56
-357.06
-308.714
-251.631
-168.919
-145.037
-226.002
-292.987
-171.831
36.1137
48.9282
-128.728
-225.419
-112.418
8.73719
-5.82479
-41.9385
19.2218
88.5368
55.918
29.7064
132.805
316.286
407.153
394.338
383.854
417.637
500.932
576.072
639.562
661.696
654.706
655.871
627.33
599.371
601.118
683.83
712.372
693.15
785.182
864.399
687.908
311.626
294.734
766.542
1116.61
823.043
283.667
255.708
576.654
609.273
360.555
467.148
881.291
913.91
425.792
-20.9692
134.553
669.851
1002.45
786.347
233.574
-94.9441
26.794
366.962
474.138
322.693
182.316
67.5676
-162.512
-339.003
-91.4492
326.771
295.317
-208.527
-555.685
-401.328
-134.553
-109.506
-189.306
-216.1
-323.276
-531.803
-615.098
-489.282
-326.188
-307.549
-438.024
-587.139
-649.464
-634.32
-613.35
-629.66
-664.026
-664.026
-641.892
-749.068
-934.296
-924.394
-708.877
-608.691
-751.398
-869.059
-807.316
-691.403
-676.258
-705.965
-615.68
-477.05
-468.896
-584.809
-602.283
-446.179
-281.92
-234.157
-299.977
-358.807
-330.848
-240.564
-170.084
-137.465
-109.506
-105.429
-135.135
-175.909
-139.212
-19.8043
73.9748
39.6086
-49.5107
-16.3094
101.351
194.548
220.76
249.884
333.178
376.281
380.359
415.308
535.881
641.309
597.623
487.535
495.107
652.959
739.166
627.912
477.05
516.076
652.377
643.639
454.916
404.24
658.784
800.326
499.185
73.3924
165.424
690.82
912.745
499.185
36.1137
185.228
599.371
583.062
241.146
270.27
675.093
799.744
411.23
29.7064
192.218
668.103
882.456
585.391
157.852
64.0727
274.348
467.148
405.988
277.26
276.095
246.389
33.7838
-133.388
75.1398
390.843
327.353
-54.1705
-279.007
-147.95
0
-64.6552
-168.919
-181.151
-228.914
-387.931
-503.262
-469.478
-392.591
-379.776
-445.596
-549.278
-655.871
-698.392
-653.541
-608.108
-631.99
-696.645
-728.099
-768.872
-805.568
-772.367
-679.171
-647.717
-732.759
-809.063
-766.542
-637.815
-560.345
-545.2
-543.453
-557.432
-565.587
-496.855
-375.699
-344.828
-405.405
-441.519
-404.24
-348.905
-322.111
-294.152
-242.894
-206.198
-210.275
-224.837
-210.857
-172.414
-111.253
-30.2889
12.8145
4.65983
3.49487
46.0158
126.398
203.868
257.456
265.028
237.069
256.291
349.487
465.401
506.174
482.293
475.885
489.865
514.911
535.881
538.211
508.504
462.488
447.926
446.761
406.57
321.528
272.6
385.019
548.113
461.323
101.934
-99.0214
175.326
588.304
576.072
185.811
35.5312
333.178
573.742
396.668
235.322
500.349
820.713
732.176
396.668
296.482
531.803
830.615
926.724
756.64
507.339
405.405
543.453
726.351
701.887
544.618
461.323
432.782
322.693
260.368
393.173
474.138
261.533
-9.90214
-23.2992
99.0214
64.0727
-90.2842
-125.233
-116.496
-265.028
-448.509
-442.684
-329.101
-353.565
-510.834
-636.067
-690.238
-711.789
-711.789
-710.624
-764.212
-856.827
-898.765
-862.069
-870.806
-935.461
-894.105
-792.171
-848.089
-1010.6
-993.127
-785.764
-661.114
-736.253
-850.419
-832.945
-707.712
-605.196
-576.072
-566.752
-555.685
-567.917
-551.608
-457.246
-354.147
-309.296
-304.054
-307.549
-267.94
-160.764
-67.5676
-58.8304
-76.3048
-26.794
85.0419
153.774
162.512
193.966
284.832
371.039
380.941
371.622
426.957
518.989
566.752
549.86
529.473
523.649
506.757
502.679
518.406
511.999
443.849
339.585
272.018
269.105
299.394
279.007
182.316
40.7735
-24.4641
146.202
364.049
248.719
-158.434
-311.044
47.1808
453.751
417.637
85.0419
9.90214
277.842
408.9
252.213
288.327
698.392
985.555
819.548
463.071
384.436
699.557
1139.91
1308.25
1036.81
641.892
523.649
758.388
1015.84
987.884
835.857
753.728
643.057
440.354
409.483
644.222
733.341
426.375
64.0727
22.7167
141.542
98.439
-85.0419
-172.414
-188.141
-333.178
-511.417
-542.288
-488.117
-503.844
-602.866
-727.516
-838.77
-823.625
-726.351
-747.903
-896.435
-1000.12
-955.266
-870.806
-902.842
-1015.26
-994.292
-860.904
-891.193
-1046.13
-1044.38
-881.873
-799.744
-852.167
-909.832
-885.951
-785.182
-703.052
-685.578
-683.248
-644.804
-580.732
-533.551
-488.7
-447.344
-386.766
-305.219
-258.621
-228.914
-170.084
-73.9748
-11.0671
14.562
68.7325
144.455
203.868
232.409
269.105
336.09
398.416
424.045
402.493
380.941
431.034
528.891
570.829
506.757
421.715
408.318
438.024
428.122
380.359
343.08
298.229
217.265
139.795
133.388
159.599
129.893
45.4334
-38.4436
53.0056
261.533
267.94
-26.794
-258.621
-17.4744
441.519
583.062
294.734
97.8565
328.518
593.546
546.365
473.555
774.697
1137
1120.11
788.677
599.371
841.1
1286.7
1526.68
1290.19
870.224
719.944
934.879
1200.49
1154.47
940.704
820.713
758.97
577.819
431.034
559.762
690.238
458.411
30.8714
-118.243
21.5517
44.8509
-158.434
-316.286
-334.925
-422.297
-618.01
-736.253
-714.119
-661.114
-705.965
-834.11
-977.4
-1093.31
-1087.49
-964.003
-902.842
-1047.88
-1232.53
-1240.68
-1155.64
-1127.68
-1134.09
-1093.31
-1093.31
-1200.49
-1289.61
-1216.8
-1018.17
-881.291
-906.92
-1010.02
-1042.05
-936.044
-718.779
-530.638
-492.195
-549.86
-557.432
-461.906
-322.693
-177.074
-60.5778
-5.82479
-8.15471
-15.1445
51.2582
176.491
297.647
359.39
366.962
336.673
291.24
322.111
458.411
582.479
568.5
456.664
380.941
400.746
475.885
517.824
479.963
430.452
411.23
379.776
315.121
250.466
237.069
267.358
282.502
202.703
83.877
19.2218
59.9953
136.883
129.31
16.8919
-61.1603
145.62
414.725
329.683
-52.4231
-131.64
344.828
817.801
783.434
408.318
329.683
640.727
847.507
771.785
792.754
1111.95
1325.14
1165.54
838.187
785.182
1142.82
1582.01
1648.42
1227.28
806.151
806.733
1122.44
1296.02
1100.89
810.228
680.918
613.35
435.694
330.848
422.88
453.169
188.141
-200.955
-357.06
-277.842
-236.486
-381.524
-564.422
-691.403
-842.847
-987.302
-1045.55
-1022.25
-1028.66
-1120.69
-1268.06
-1409.02
-1456.78
-1400.28
-1321.64
-1315.82
-1406.69
-1502.8
-1487.07
-1420.08
-1368.83
-1321.64
-1283.2
-1266.89
-1286.7
-1260.48
-1136.42
-975.07
-894.688
-902.26
-849.837
-691.403
-527.144
-440.937
-390.261
-306.966
-183.481
-52.4231
39.0261
123.486
224.254
309.879
350.652
368.709
407.735
471.226
537.628
578.984
583.644
577.237
577.819
590.051
571.412
537.628
560.927
613.35
615.68
520.736
429.87
412.978
451.421
477.633
432.199
373.369
323.276
251.048
182.316
191.636
244.059
242.311
172.996
84.4595
33.2013
49.5107
122.903
166.589
140.377
33.2013
-11.6496
181.151
361.137
256.291
19.2218
75.7223
405.988
590.634
486.37
368.127
529.473
750.233
708.295
532.968
670.433
1077.59
1254.66
1052.54
735.671
689.655
983.807
1339.12
1381.06
1047.3
718.197
681.5
864.399
965.168
873.719
736.253
602.283
394.921
159.017
143.29
309.879
294.152
-42.521
-409.483
-510.834
-469.478
-518.406
-655.871
-752.563
-851.584
-1051.37
-1234.27
-1286.7
-1232.53
-1198.16
-1267.47
-1399.11
-1540.66
-1580.27
-1476.58
-1323.97
-1294.85
-1422.41
-1491.73
-1396.78
-1269.8
-1220.88
-1152.14
-1028.08
-955.848
-962.255
-935.461
-762.465
-530.638
-397.833
-380.941
-362.884
-265.61
-133.97
6.40727
145.62
241.729
259.786
258.621
288.327
357.06
458.411
534.716
554.52
497.437
422.88
437.442
530.056
591.799
544.618
424.627
364.049
383.271
407.153
407.735
403.658
397.833
352.4
286.58
247.554
277.842
343.08
384.436
362.302
269.105
188.141
190.471
297.064
394.338
336.673
168.919
71.0624
120.573
202.12
204.45
143.29
111.836
114.748
75.7223
5.82479
-18.0568
145.62
415.89
432.199
78.0522
-184.646
92.6142
599.953
754.31
484.04
291.24
476.468
700.722
651.794
558.597
797.414
1160.88
1180.68
855.079
583.644
691.403
1084.58
1390.96
1249.42
778.774
471.226
562.092
818.383
844.595
626.165
395.503
241.729
62.3253
-125.233
-132.223
-40.1911
-163.677
-545.2
-838.187
-859.157
-809.063
-887.116
-1043.22
-1139.91
-1223.79
-1360.67
-1484.16
-1498.72
-1419.5
-1358.92
-1378.73
-1472.51
-1590.17
-1564.54
-1323.97
-1107.29
-1132.92
-1279.71
-1258.74
-1046.71
-846.342
-750.233
-664.026
-504.427
-401.328
-429.287
-410.065
-198.625
78.0522
210.275
179.986
104.846
134.553
288.91
457.246
511.999
461.323
404.24
395.503
435.112
472.39
482.293
492.777
479.963
408.9
325.606
304.054
349.487
396.668
362.302
279.59
258.621
261.533
256.873
262.116
299.977
341.915
306.384
245.224
230.662
290.075
371.622
370.457
308.714
260.951
234.157
239.399
287.162
315.704
290.657
198.625
99.0214
63.4902
100.769
174.744
186.976
105.429
1.74744
-76.8872
-99.6039
-15.1445
64.6552
135.718
256.873
242.311
4.07735
-160.182
129.893
626.747
791.007
526.561
269.105
410.648
744.991
840.517
719.362
788.094
1037.98
1124.77
923.229
650.629
657.036
968.08
1236.02
1058.36
550.443
230.079
326.188
552.19
492.777
150.28
-130.475
-192.801
-263.863
-481.128
-617.428
-568.5
-576.654
-827.12
-1118.94
-1195.83
-1124.18
-1103.8
-1195.25
-1289.03
-1321.64
-1370.57
-1421.83
-1381.64
-1261.65
-1164.96
-1135.25
-1164.38
-1199.32
-1137.58
-940.704
-726.351
-646.552
-698.392
-743.243
-635.485
-450.839
-318.034
-227.749
-139.212
-80.9646
-106.011
-114.166
13.397
221.925
352.982
320.363
228.332
227.167
334.343
457.246
517.241
528.891
510.834
464.236
424.045
435.694
488.7
551.025
580.732
524.231
421.715
361.719
394.921
481.71
520.736
468.313
374.534
329.683
337.255
343.663
340.75
352.4
348.905
284.832
191.636
162.512
217.265
266.193
234.157
147.367
63.4902
25.6291
33.2013
87.3719
129.893
73.9748
-43.6859
-119.991
-102.516
-31.4539
6.40727
-37.8611
-113.583
-153.192
-110.671
-39.0261
-39.0261
-99.6039
-112.418
65.8201
320.363
335.508
68.15
-79.7996
181.733
554.52
629.66
408.318
257.456
390.843
562.092
527.144
418.22
506.757
721.109
725.769
458.411
215.517
266.775
538.793
668.686
408.9
10.4846
-125.815
23.8816
163.677
76.8872
-136.3
-275.513
-306.966
-355.895
-464.236
-498.602
-445.596
-478.215
-684.413
-878.961
-861.486
-729.846
-686.16
-781.687
-874.301
-853.332
-813.723
-830.033
-841.682
-773.532
-666.938
-636.067
-697.81
-747.903
-705.965
-550.443
-348.905
-280.755
-394.338
-499.767
-410.065
-189.888
-28.5415
1.16496
-34.3663
-36.1137
17.4744
95.5266
203.868
343.663
428.705
414.143
375.116
380.359
439.189
539.958
639.562
649.464
569.664
484.04
465.983
534.716
612.768
608.108
513.164
415.308
369.292
351.817
339.585
330.266
304.054
226.584
111.253
28.5415
5.82479
11.6496
2.32992
-37.8611
-95.5266
-158.434
-199.208
-210.275
-185.228
-147.95
-140.377
-175.326
-231.827
-258.621
-217.265
-115.913
-68.7325
-111.836
-164.259
-164.259
-119.991
-106.011
-92.6142
-37.2787
-12.8145
-73.3924
-153.774
-128.728
5.24231
79.7996
5.82479
-105.429
-79.7996
106.594
223.672
96.6915
-72.2274
-18.6393
195.13
300.559
184.063
68.7325
161.929
352.4
365.214
200.373
182.316
433.364
654.124
559.762
269.105
142.125
343.663
631.99
645.969
363.467
122.903
142.707
281.337
311.626
192.218
71.6449
39.0261
1.74744
-122.321
-240.564
-226.584
-169.501
-251.631
-446.761
-553.355
-494.525
-431.617
-515.494
-645.387
-635.485
-526.561
-490.447
-587.139
-675.093
-609.856
-449.091
-351.817
-371.039
-422.297
-368.709
-209.692
-96.6915
-100.769
-111.253
-15.7269
101.934
134.553
107.176
146.202
284.832
361.719
307.549
260.951
352.4
498.02
521.319
435.112
367.544
386.184
455.499
467.731
400.746
325.023
277.842
245.224
206.198
160.764
115.331
70.48
18.0568
-68.15
-156.687
-195.713
-193.966
-210.857
-263.863
-306.384
-335.508
-367.544
-384.436
-369.292
-327.936
-299.977
-321.528
-351.235
-316.869
-220.76
-145.037
-146.785
-162.512
-126.98
-53.5881
15.7269
29.7064
1.74744
8.73719
39.0261
46.5983
40.7735
34.3663
26.2116
9.31966
-9.90214
-32.0363
-55.3355
-60.5778
-49.5107
-29.124
-32.6188
-93.7791
-147.95
-100.186
39.0261
167.171
156.687
7.57223
-81.5471
51.8406
293.569
393.173
302.307
204.45
266.775
399.581
396.668
315.121
366.379
558.015
655.289
506.757
267.358
208.527
393.756
613.933
601.701
330.848
68.7325
38.4436
182.316
280.172
195.13
20.9692
-107.176
-170.666
-206.78
-216.682
-175.909
-161.347
-267.358
-407.735
-453.169
-402.493
-342.498
-337.255
-357.06
-365.214
-376.281
-396.668
-384.436
-306.384
-188.723
-123.486
-159.017
-223.089
-221.342
-103.681
58.8304
133.97
78.6347
-12.2321
-2.32992
100.769
193.966
229.497
219.595
176.491
129.893
104.846
136.3
207.945
239.399
178.239
65.8201
25.0466
68.15
105.429
88.5368
34.9487
-4.65983
-22.7167
-68.15
-130.475
-152.027
-124.651
-100.769
-159.599
-265.61
-326.188
-306.384
-234.157
-215.517
-290.657
-358.807
-369.292
-345.41
-328.518
-330.848
-305.801
-267.358
-272.018
-304.637
-295.899
-226.002
-147.95
-119.408
-110.671
-77.4697
-44.8509
-31.4539
-4.65983
78.6347
172.996
182.898
125.815
105.429
178.821
267.94
277.26
211.44
163.094
161.347
154.357
146.785
140.96
147.367
163.094
96.6915
-32.6188
-81.5471
51.8406
285.997
297.647
-7.57223
-258.621
-105.429
255.708
348.322
122.903
-36.6962
117.661
322.693
250.466
82.1295
178.821
488.7
626.165
432.782
153.192
133.388
426.957
714.119
664.026
356.477
161.347
249.301
425.21
425.792
283.667
227.749
272.6
216.682
47.7633
-15.7269
104.846
191.636
66.9851
-137.465
-204.45
-150.28
-125.815
-163.094
-196.878
-204.45
-245.806
-323.858
-367.544
-343.08
-277.26
-228.914
-259.203
-349.487
-398.416
-343.08
-234.739
-195.13
-234.157
-245.224
-188.723
-175.326
-255.126
-264.445
-113.583
12.2321
-48.3458
-179.404
-195.713
-70.48
40.7735
18.6393
-53.0056
-51.2582
-6.98975
-1.16496
-26.2116
-41.9385
-12.2321
41.356
21.5517
-80.3821
-149.697
-108.341
-40.7735
-38.4436
-104.264
-184.646
-202.12
-166.007
-146.785
-153.192
-143.29
-130.475
-152.61
-185.228
-178.821
-111.253
-43.6859
-40.7735
-84.4595
-91.4492
-19.8043
58.8304
65.2377
36.6962
60.5778
111.836
125.815
94.3616
71.6449
92.6142
111.836
93.7791
50.0932
19.2218
9.31966
-8.15471
-51.2582
-108.341
-136.883
-147.95
-175.326
-232.992
-279.59
-256.291
-224.837
-277.842
-386.184
-350.652
-104.846
57.0829
-107.176
-373.952
-305.801
79.2171
327.353
209.11
39.0261
157.852
399.581
419.385
281.337
377.446
722.856
923.229
754.893
431.034
368.709
670.433
1034.48
1058.95
714.119
400.746
403.658
619.758
719.944
581.897
418.802
358.225
287.745
138.048
54.1705
136.3
203.285
86.2069
-122.903
-233.574
-224.837
-214.352
-233.574
-229.497
-223.089
-296.482
-418.22
-468.313
-421.132
-337.838
-259.786
-258.038
-364.049
-479.963
-474.138
-333.76
-209.11
-218.43
-319.199
-373.369
-325.023
-262.698
-242.894
-238.234
-222.507
-207.945
-198.043
-196.878
-191.053
-150.28
-92.0317
-55.3355
-57.0829
-55.918
-16.8919
30.2889
53.0056
47.7633
45.4334
72.2274
114.166
129.893
95.5266
46.5983
40.7735
77.4697
115.331
94.9441
33.7838
-20.3868
-39.0261
-30.2889
-15.7269
0
-32.6188
-117.661
-185.811
-184.646
-122.903
-92.0317
-147.367
-226.002
-256.291
-235.904
-197.46
-182.316
-196.878
-199.79
-190.471
-182.898
-185.228
-181.151
-145.62
-107.176
-94.3616
-114.748
-136.883
-110.089
-79.7996
-95.5266
-118.243
-96.6915
-55.3355
-68.15
-117.661
-110.089
-46.0158
-16.3094
-61.7428
-140.377
-117.078
81.5471
246.389
144.455
-115.913
-177.074
96.109
428.122
442.102
182.316
70.48
262.116
443.267
393.173
331.431
461.323
651.794
661.696
473.555
318.034
407.735
679.171
839.352
715.867
445.014
314.539
408.318
550.443
538.793
414.725
346.575
315.704
197.46
51.8406
64.6552
175.909
161.347
-11.0671
-171.249
-199.208
-161.347
-176.491
-215.517
-224.254
-246.971
-308.714
-363.467
-372.787
-347.158
-302.307
-265.028
-281.92
-348.322
-382.106
-334.343
-248.136
-207.363
-217.265
-213.187
-189.306
-184.646
-182.898
-103.681
14.562
33.7838
-54.1705
-94.3616
-0.582479
126.98
175.909
118.243
53.0056
78.6347
134.553
141.542
121.738
110.671
92.0317
71.0624
35.5312
-21.5517
-45.4334
-17.4744
-4.65983
-75.7223
-179.986
-238.816
-229.497
-196.878
-205.615
-260.368
-312.209
-337.838
-365.797
-369.874
-315.121
-257.456
-272.6
-343.08
-366.962
-292.404
-189.888
-140.377
-138.048
-131.058
-103.681
-73.9748
-35.5312
17.4744
81.5471
126.398
129.31
109.506
98.439
115.331
153.192
196.295
215.517
192.218
135.718
65.2377
23.2992
33.2013
89.7018
104.264
24.4641
-78.6347
-128.145
-105.429
-76.8872
-123.486
-185.811
-87.3719
100.186
53.5881
-243.476
-379.776
-119.408
249.884
309.879
41.356
-132.223
22.7167
207.363
170.666
116.496
276.678
493.36
481.71
236.486
34.3663
146.785
503.262
718.779
553.938
206.78
45.4334
196.295
419.967
429.87
295.899
230.079
205.615
97.274
-9.90214
64.0727
226.584
234.739
65.8201
-80.9646
-74.5573
-2.32992
29.124
23.8816
15.1445
-13.9795
-60.5778
-82.712
-96.109
-82.1295
-3.49487
68.15
36.6962
-88.5368
-158.434
-87.9543
24.4641
48.9282
9.31966
-11.6496
-29.124
-52.4231
-58.2479
21.5517
141.542
142.707
11.0671
-111.253
-94.9441
45.4334
160.764
137.465
20.9692
-54.1705
-57.6654
-58.8304
-56.5005
-15.7269
41.9385
12.2321
-144.455
-309.296
-312.209
-149.697
-27.3765
-93.7791
-278.425
-415.308
-404.24
-316.286
-269.105
-289.492
-356.477
-420.55
-457.829
-450.839
-385.019
-325.023
-333.76
-394.921
-422.297
-373.952
-307.549
-272.6
-248.719
-209.11
-183.481
-181.151
-165.424
-96.6915
-1.74744
40.1911
13.397
-14.562
15.1445
76.8872
123.486
131.64
109.506
80.3821
65.8201
73.3924
85.0419
75.1398
53.0056
9.90214
-43.6859
-70.48
-83.2945
-83.2945
-96.109
-133.388
-181.733
-224.837
-258.621
-272.6
-170.666
-24.4641
-54.753
-263.863
-385.019
-218.43
82.1295
207.363
96.6915
8.15471
120.573
264.445
293.569
330.266
487.535
658.784
697.81
600.536
505.592
573.159
795.666
980.312
941.286
733.341
588.304
644.804
772.95
768.872
666.938
613.35
578.402
449.091
316.869
339.003
439.189
414.725
238.816
82.712
66.4026
102.516
98.439
71.6449
49.5107
12.8145
-50.6757
-95.5266
-103.681
-77.4697
-24.4641
7.57223
-47.1808
-150.862
-177.074
-106.594
-36.6962
-51.8406
-103.099
-115.331
-116.496
-160.764
-206.198
-168.919
-109.506
-132.223
-210.275
-261.533
-266.193
-261.533
-274.348
-291.822
-293.569
-306.966
-359.39
-407.153
-401.328
-376.864
-365.797
-386.184
-430.452
-452.004
-427.54
-404.24
-426.957
-456.664
-458.993
-431.034
-418.802
-452.586
-487.535
-465.983
-404.823
-388.514
-417.637
-422.88
-385.601
-349.487
-341.333
-339.585
-303.472
-237.069
-204.45
-214.352
-220.76
-178.821
-101.351
-51.8406
-60.5778
-78.6347
-51.2582
8.15471
43.6859
38.4436
39.6086
65.8201
85.0419
63.4902
23.2992
27.3765
80.9646
94.9441
29.7064
-44.8509
-46.0158
18.0568
48.3458
-14.562
-114.748
-125.233
-53.5881
-18.0568
-46.5983
-83.2945
-65.8201
-18.0568
-18.6393
-53.5881
8.15471
199.79
298.229
160.764
18.0568
147.367
436.859
581.314
474.72
354.147
468.313
667.521
670.433
561.51
629.077
847.507
959.925
860.904
676.258
647.134
851.584
1060.69
1019.92
799.161
662.861
718.779
821.295
802.656
703.052
672.181
674.511
565.005
402.493
373.952
469.478
481.128
336.673
168.919
110.089
131.058
125.815
60.5778
-25.6291
-94.3616
-140.377
-184.646
-264.445
-333.178
-314.539
-269.105
-322.111
-456.664
-524.814
-479.963
-428.122
-457.829
-523.066
-537.628
-520.736
-551.025
-606.361
-577.819
-486.37
-459.576
-543.453
-659.366
-666.356
-544.618
-444.432
-481.128
-587.721
-616.845
-551.025
-514.329
-543.453
-545.783
-485.205
-434.529
-481.71
-588.886
-599.371
-476.468
-359.39
-354.73
-440.354
-510.252
-486.952
-393.756
-312.791
-291.24
-302.307
-317.451
-339.003
-325.606
-234.739
-118.243
-68.15
-107.759
-161.347
-133.388
-55.918
6.40727
37.2787
44.2684
53.0056
52.4231
47.1808
68.7325
107.759
146.202
172.996
152.027
85.0419
47.7633
78.0522
145.62
173.579
135.135
93.7791
82.1295
62.3253
46.0158
73.3924
123.486
140.96
107.176
54.1705
42.521
95.5266
161.347
196.878
207.363
195.13
186.976
208.527
258.038
332.596
388.514
438.024
498.602
514.911
471.808
458.993
553.938
704.8
779.939
731.594
671.598
713.537
791.589
802.074
788.677
835.857
901.095
895.27
809.063
710.624
698.975
782.269
857.992
816.053
647.717
500.349
492.195
555.103
551.025
468.896
385.601
310.461
209.11
119.408
110.671
138.048
93.7791
-24.4641
-143.872
-203.285
-220.177
-246.971
-285.997
-344.245
-415.89
-473.555
-519.571
-577.819
-623.253
-606.943
-585.391
-633.155
-730.429
-789.842
-761.3
-712.372
-722.274
-760.718
-764.795
-753.145
-765.96
-774.115
-746.156
-689.073
-666.356
-712.372
-761.3
-739.166
-650.047
-569.082
-552.19
-580.732
-595.294
-557.432
-507.339
-468.896
-426.375
-371.039
-334.925
-342.498
-366.379
-347.158
-263.863
-186.976
-169.501
-195.13
-211.44
-186.976
-144.455
-119.991
-111.836
-88.5368
-61.1603
-64.6552
-78.6347
-66.9851
-33.7838
-9.31966
-5.24231
0
10.4846
30.2889
36.6962
34.3663
51.2582
89.7018
132.805
146.785
132.805
131.64
173.579
229.497
253.378
249.884
258.621
292.404
325.023
343.663
357.06
378.611
402.493
412.395
413.56
416.473
433.947
454.916
463.653
460.158
454.334
450.839
445.014
446.761
454.916
454.334
454.916
452.586
430.452
404.823
404.823
436.277
487.535
520.154
490.447
422.88
400.163
446.179
518.406
565.005
559.762
530.056
509.087
486.37
478.215
527.726
611.021
636.65
567.335
461.323
406.57
446.761
517.241
529.473
451.421
334.343
251.048
214.352
200.955
181.733
147.95
78.0522
-37.8611
-153.774
-216.1
-219.012
-225.419
-287.162
-390.843
-484.04
-541.123
-568.5
-580.149
-602.283
-644.804
-694.315
-734.506
-768.872
-791.007
-778.192
-744.991
-726.934
-742.078
-778.774
-796.831
-776.445
-728.099
-687.325
-666.938
-668.686
-694.315
-707.13
-677.423
-619.175
-573.159
-545.2
-538.211
-560.345
-573.742
-538.211
-458.411
-371.039
-336.673
-357.642
-366.962
-321.528
-249.301
-179.404
-124.651
-97.274
-73.3924
-34.9487
6.40727
48.9282
102.516
145.62
171.249
189.888
199.208
201.538
216.682
240.564
261.533
269.105
255.126
224.837
206.198
213.187
219.595
211.44
188.141
156.104
131.058
120.573
114.748
116.496
123.486
113.001
99.0214
97.8565
106.594
124.068
143.872
160.182
173.579
188.723
196.295
206.198
232.409
262.698
287.162
304.637
306.384
304.054
319.199
342.498
357.06
362.884
359.39
353.565
355.312
359.972
357.06
352.4
347.74
336.09
327.936
330.266
337.255
340.75
335.508
322.693
327.936
361.137
394.338
390.261
348.322
327.936
372.204
435.694
454.334
433.364
407.153
397.251
390.843
382.106
392.008
421.715
418.802
359.972
285.415
247.554
256.291
276.678
245.224
155.522
58.8304
-6.40727
-34.3663
-58.2479
-97.8565
-143.872
-204.45
-286.58
-370.457
-417.637
-430.452
-446.179
-486.37
-544.035
-599.953
-633.737
-641.309
-635.485
-625.582
-630.825
-652.377
-673.928
-676.258
-654.124
-609.856
-562.675
-536.463
-540.541
-542.87
-521.901
-488.7
-452.004
-428.705
-418.802
-414.725
-412.395
-401.911
-365.214
-320.946
-291.24
-277.26
-279.59
-293.569
-287.162
-244.641
-194.548
-157.852
-154.939
-170.666
-167.171
-142.125
-112.418
-79.7996
-54.1705
-61.7428
-73.9748
-79.7996
-79.7996
-56.5005
-16.8919
6.98975
-1.74744
-34.3663
-55.3355
-43.1034
-10.4846
14.562
12.2321
-5.82479
-26.794
-36.6962
-20.9692
8.73719
34.9487
50.0932
51.8406
54.753
75.1398
118.826
170.084
209.692
232.409
249.301
268.523
298.812
336.09
377.446
425.792
454.334
467.731
492.777
524.231
558.597
583.644
593.546
597.041
601.118
601.701
594.711
586.556
581.897
561.51
538.793
511.417
477.05
459.576
444.432
411.813
368.709
322.693
291.24
269.688
236.486
193.966
154.357
122.903
90.8667
58.8304
28.5415
16.3094
33.2013
43.1034
19.2218
-32.6188
-58.2479
-30.2889
14.562
28.5415
9.31966
-4.65983
-0.582479
5.82479
6.98975
36.6962
92.0317
126.98
120.573
81.5471
55.3355
86.2069
139.795
156.687
126.98
75.7223
41.356
32.0363
27.959
19.8043
5.24231
-26.2116
-85.6244
-160.182
-204.45
-210.857
-221.342
-269.105
-342.498
-410.648
-453.169
-471.226
-495.69
-520.736
-548.113
-588.886
-631.99
-678.006
-697.81
-682.083
-665.774
-679.753
-712.372
-733.341
-727.516
-707.13
-696.645
-687.325
-661.696
-638.979
-631.99
-625.582
-599.371
-540.541
-475.885
-443.267
-440.937
-433.364
-392.008
-336.09
-284.832
-246.389
-203.868
-147.95
-108.924
-93.7791
-59.9953
11.6496
88.5368
133.388
138.048
140.377
183.481
244.059
297.064
331.431
346.575
364.049
382.689
396.668
415.89
444.432
475.303
489.282
480.545
472.973
487.535
511.417
522.484
514.911
504.427
502.679
498.02
485.788
476.468
474.138
473.555
464.236
439.772
415.308
411.813
415.89
408.9
388.514
360.555
339.585
321.528
298.812
278.425
265.61
257.456
240.564
206.78
172.996
156.687
164.259
178.239
161.929
119.991
90.8667
83.2945
85.6244
78.6347
63.4902
61.1603
64.0727
57.0829
49.5107
49.5107
54.753
57.0829
46.5983
36.6962
49.5107
75.7223
94.3616
88.5368
66.4026
64.6552
96.6915
129.893
136.883
124.651
106.594
92.0317
80.3821
79.2171
99.0214
107.176
90.2842
54.753
4.65983
-25.0466
-26.2116
-31.4539
-67.5676
-131.64
-203.285
-260.951
-293.569
-323.276
-358.807
-403.075
-458.411
-519.571
-566.752
-592.964
-609.856
-628.495
-653.541
-689.073
-725.186
-746.156
-743.243
-726.934
-715.284
-710.042
-701.887
-690.82
-673.928
-643.057
-604.031
-562.675
-525.396
-500.932
-476.468
-442.684
-397.251
-340.168
-283.085
-240.564
-209.692
-179.404
-136.883
-87.9543
-35.5312
14.562
47.1808
73.9748
104.846
135.135
164.259
193.383
223.089
252.796
283.085
308.714
333.178
348.322
352.4
358.225
368.127
380.359
392.591
399.581
401.911
397.833
393.173
392.008
398.416
407.153
413.56
416.473
408.9
395.503
388.514
389.096
385.019
385.019
384.436
378.611
369.874
358.225
350.07
340.168
331.431
331.431
328.518
324.441
317.451
302.307
295.317
288.91
276.095
259.203
240.564
227.167
219.595
211.44
196.295
175.909
163.677
149.697
128.728
115.913
102.516
87.3719
68.7325
41.9385
10.4846
-15.7269
-31.4539
-39.6086
-45.4334
-54.1705
-73.3924
-98.439
-121.156
-144.455
-154.939
-150.862
-151.445
-168.919
-194.548
-226.002
-244.641
-245.806
-242.894
-230.079
-223.672
-230.662
-263.281
-297.064
-299.394
-263.281
-207.363
-183.481
-202.703
-228.332
-235.322
-225.419
-206.198
-182.316
-156.687
-139.212
-152.61
-194.548
-224.254
-195.713
-126.398
-79.2171
-86.7894
-138.63
-179.986
-176.491
-147.95
-119.408
-115.913
-134.553
-168.919
-210.857
-231.244
-217.265
-183.481
-163.677
-179.404
-219.012
-241.146
-241.729
-223.672
-209.11
-212.022
-219.595
-234.157
-253.378
-265.028
-249.884
-211.44
-181.733
-181.151
-193.383
-196.295
-169.501
-128.728
-104.264
-85.6244
-68.15
-53.0056
-32.6188
-5.82479
26.794
70.48
118.826
152.61
172.414
199.79
236.486
280.755
323.858
350.652
372.787
403.658
432.782
449.091
464.236
487.535
510.252
528.891
531.803
515.494
510.834
517.241
514.329
501.514
477.633
452.586
431.034
406.57
375.699
343.08
313.374
285.415
251.631
215.517
173.579
125.233
85.0419
48.9282
16.3094
-8.15471
-39.6086
-74.5573
-109.506
-140.96
-157.269
-166.007
-177.074
-198.043
-221.925
-235.904
-244.059
-248.136
-248.136
-252.213
-253.961
-248.719
-242.894
-228.914
-212.022
-197.46
-190.471
-194.548
-189.306
-175.326
-150.862
-126.398
-114.748
-111.836
-109.506
-99.6039
-78.0522
-51.2582
-37.2787
-39.6086
-43.1034
-43.1034
-31.4539
-16.8919
-15.1445
-29.7064
-50.6757
-64.6552
-63.4902
-46.5983
-26.2116
-20.9692
-38.4436
-70.48
-97.274
-88.5368
-55.3355
-27.3765
-23.2992
-46.5983
-79.2171
-107.176
-99.6039
-54.1705
-6.40727
11.6496
-6.98975
-44.8509
-68.15
-57.0829
-17.4744
25.6291
37.2787
11.6496
-22.7167
-37.2787
-23.2992
8.15471
27.959
10.4846
-31.4539
-69.8975
-79.2171
-59.9953
-45.4334
-53.5881
-78.6347
-107.759
-119.991
-108.924
-80.9646
-59.9953
-65.2377
-85.6244
-104.264
-100.769
-69.8975
-27.3765
8.15471
18.0568
11.0671
12.8145
35.5312
75.1398
117.078
143.872
154.357
157.852
166.007
187.558
224.254
264.445
288.91
288.91
272.6
256.873
260.951
280.172
291.24
275.513
234.157
191.053
168.336
171.831
179.404
171.831
137.465
81.5471
27.959
0.582479
-4.65983
-1.74744
-11.6496
-50.0932
-101.934
-142.707
-157.269
-151.445
-145.037
-157.269
-189.306
-225.419
-249.301
-242.311
-214.352
-188.141
-178.239
-186.393
-192.218
-181.151
-145.62
-103.681
-72.2274
-58.8304
-51.2582
-41.356
-21.5517
7.57223
36.6962
62.9077
79.7996
83.877
89.1193
107.176
137.465
170.666
186.976
182.898
174.161
167.754
168.919
174.744
182.316
175.326
149.697
113.583
79.7996
57.6654
44.2684
36.1137
19.2218
-13.397
-44.8509
-73.3924
-94.9441
-110.671
-125.233
-135.718
-147.95
-168.919
-194.548
-219.012
-233.574
-238.816
-237.651
-227.749
-222.507
-223.089
-220.177
-224.254
-230.079
-220.177
-179.404
-121.738
-72.2274
-64.6552
-91.4492
-88.5368
-48.3458
0.582479
42.521
65.8201
76.8872
86.7894
89.1193
87.9543
110.089
160.764
206.78
220.177
205.033
173.579
166.007
192.218
212.605
219.595
209.11
181.733
149.115
126.98
116.496
115.331
118.243
94.3616
44.2684
2.32992
-21.5517
-20.9692
-16.3094
-32.0363
-50.0932
-60.5778
-65.2377
-72.8099
-76.8872
-65.8201
-55.3355
-53.5881
-59.4129
-72.2274
-66.4026
-43.1034
-24.4641
-12.2321
-4.07735
-5.82479
-3.49487
4.07735
8.15471
16.3094
34.3663
41.9385
38.4436
36.1137
34.9487
40.7735
41.356
26.2116
11.6496
2.9124
2.32992
-4.65983
-22.7167
-26.794
-22.1342
-19.2218
-25.0466
-37.2787
-36.6962
-23.2992
-11.0671
-11.0671
-20.3868
-15.1445
-2.9124
4.65983
9.90214
14.562
23.2992
34.9487
35.5312
30.2889
30.8714
43.6859
63.4902
76.3048
78.0522
72.2274
66.9851
64.0727
61.1603
57.0829
51.8406
43.1034
30.8714
9.90214
-8.15471
-18.0568
-20.9692
-29.7064
-47.1808
-66.9851
-86.2069
-104.264
-122.903
-135.718
-146.202
-159.599
-179.404
-204.45
-224.254
-231.827
-230.079
-231.827
-237.651
-248.136
-255.126
-258.038
-258.621
-246.971
-229.497
-216.1
-210.857
-205.033
-193.966
-172.996
-147.95
-129.893
-108.341
-90.8667
-69.315
-47.1808
-11.6496
29.7064
58.8304
72.8099
78.0522
102.516
147.367
193.966
212.605
216.682
223.089
251.048
273.183
293.569
321.528
343.08
354.147
347.158
338.42
347.158
376.281
389.096
379.194
350.652
325.023
313.374
304.054
286.58
259.786
231.244
198.043
157.852
125.233
102.516
86.7894
65.8201
33.7838
-4.07735
-34.9487
-52.4231
-63.4902
-75.1398
-92.0317
-106.594
-113.583
-119.991
-123.486
-125.815
-113.583
-97.274
-94.3616
-100.186
-103.681
-89.1193
-57.6654
-38.4436
-35.5312
-37.8611
-37.2787
-29.124
-23.2992
-19.8043
-10.4846
2.32992
8.15471
-1.74744
-14.562
-11.0671
1.16496
3.49487
-9.31966
-29.124
-43.1034
-47.1808
-55.3355
-67.5676
-76.8872
-85.6244
-96.6915
-109.506
-125.233
-130.475
-135.718
-149.115
-159.017
-161.929
-164.259
-171.831
-179.404
-184.063
-178.821
-172.414
-168.919
-166.007
-162.512
-153.774
-142.707
-130.475
-122.903
-113.583
-100.769
-92.6142
-87.3719
-80.3821
-65.2377
-53.5881
-47.7633
-44.2684
-41.9385
-34.3663
-32.0363
-33.2013
-38.4436
-39.6086
-34.3663
-28.5415
-26.794
-32.6188
-34.9487
-29.7064
-24.4641
-21.5517
-25.6291
-33.2013
-34.9487
-37.8611
-40.1911
-40.1911
-39.6086
-35.5312
-37.8611
-41.9385
-39.6086
-34.9487
-31.4539
-29.7064
-30.8714
-22.1342
-7.57223
1.74744
5.82479
2.32992
5.82479
20.3868
34.3663
46.5983
55.3355
65.2377
83.877
96.6915
108.341
131.058
159.017
191.636
216.1
226.584
233.574
247.554
281.337
318.616
341.915
354.147
366.379
384.436
395.503
400.746
414.143
437.442
458.411
461.323
443.267
421.715
424.627
443.849
449.091
429.287
392.008
357.642
336.673
315.121
285.415
255.708
223.672
185.228
139.795
92.0317
51.8406
20.3868
-4.07735
-38.4436
-86.7894
-136.3
-178.239
-206.198
-230.079
-260.368
-290.657
-323.276
-357.642
-385.019
-402.493
-410.648
-415.89
-427.54
-444.432
-461.906
-467.148
-458.993
-446.761
-439.189
-445.014
-447.926
-449.091
-445.014
-425.21
-407.735
-390.843
-385.019
-382.106
-364.049
-339.003
-314.539
-294.734
-278.425
-253.378
-222.507
-200.955
-189.306
-171.249
-140.96
-112.418
-100.186
-92.0317
-73.3924
-46.5983
-27.959
-22.7167
-14.562
8.15471
40.7735
62.9077
65.8201
62.9077
73.3924
103.099
129.893
135.135
119.408
105.429
101.934
108.341
113.583
107.759
92.0317
71.0624
55.3355
47.1808
48.3458
52.4231
41.356
18.6393
0
-0.582479
16.3094
23.8816
16.8919
2.9124
-5.82479
-1.74744
6.40727
18.0568
28.5415
32.6188
42.521
50.0932
53.5881
66.9851
91.4492
112.418
122.903
136.3
158.434
185.811
205.033
219.595
246.971
285.415
311.044
318.616
329.101
352.982
384.436
404.823
408.318
401.328
405.405
423.462
428.122
422.88
421.132
423.462
421.715
404.823
380.359
368.709
375.699
371.039
352.982
326.188
297.647
272.018
239.981
205.033
177.074
155.522
126.98
81.5471
28.5415
-13.397
-43.1034
-63.4902
-93.1966
-134.553
-176.491
-214.352
-243.476
-263.281
-274.348
-286.58
-303.472
-330.266
-361.719
-383.854
-387.931
-380.359
-379.776
-395.503
-410.065
-414.725
-412.395
-408.9
-402.493
-393.756
-386.184
-383.271
-380.359
-371.622
-361.137
-340.75
-316.286
-292.987
-276.095
-270.27
-266.193
-252.796
-228.332
-197.46
-175.326
-164.842
-166.589
-170.666
-160.764
-137.465
-102.516
-85.6244
-87.3719
-100.769
-114.166
-113.001
-100.186
-80.3821
-59.4129
-51.8406
-67.5676
-87.9543
-96.6915
-88.5368
-72.2274
-59.9953
-51.2582
-52.4231
-58.8304
-63.4902
-60.5778
-48.3458
-29.7064
-13.397
-4.65983
-8.73719
-15.1445
-6.40727
14.562
44.2684
66.9851
72.8099
73.9748
78.6347
92.0317
119.991
153.774
183.481
198.625
197.46
205.033
224.254
256.873
291.822
312.791
325.606
333.178
341.333
358.807
378.029
396.668
411.813
421.715
424.045
418.22
410.648
407.153
408.9
415.89
417.055
404.823
385.019
357.642
336.673
320.946
309.879
294.734
274.348
247.554
214.935
186.393
161.347
140.96
117.661
90.8667
57.6654
25.0466
-2.32992
-24.4641
-42.521
-67.5676
-95.5266
-126.398
-152.61
-171.831
-182.898
-188.141
-195.713
-206.78
-226.584
-241.146
-248.719
-238.234
-220.76
-216.1
-217.265
-226.584
-226.584
-226.002
-215.517
-198.043
-179.404
-163.094
-166.589
-177.074
-186.976
-177.074
-150.28
-124.068
-113.001
-125.815
-141.542
-144.455
-138.63
-126.398
-115.331
-115.913
-124.068
-139.212
-153.192
-154.357
-148.532
-138.048
-138.63
-145.62
-158.434
-168.919
-168.336
-161.347
-147.367
-132.805
-127.563
-139.795
-156.104
-159.599
-144.455
-115.913
-92.6142
-97.8565
-122.321
-140.377
-144.455
-121.156
-93.1966
-80.3821
-81.5471
-94.3616
-100.186
-93.1966
-67.5676
-40.1911
-19.8043
-1.16496
1.74744
-1.16496
6.98975
34.3663
72.2274
113.583
125.815
113.583
105.429
105.429
124.068
149.115
169.501
175.326
171.831
156.687
137.465
142.707
164.842
188.141
195.13
178.239
147.95
133.388
143.872
163.677
179.986
181.151
165.424
142.707
126.98
128.145
142.125
156.687
157.269
143.872
131.058
125.815
129.893
143.872
150.28
149.115
140.377
131.64
126.98
125.233
129.893
130.475
127.563
121.156
106.594
92.0317
86.7894
87.9543
90.8667
91.4492
83.877
68.15
54.753
47.1808
42.521
40.7735
35.5312
20.3868
-0.582479
-20.9692
-33.7838
-36.6962
-39.6086
-53.0056
-64.6552
-69.8975
-80.9646
-90.2842
-100.769
-104.264
-93.7791
-78.0522
-72.8099
-83.877
-92.6142
-94.9441
-86.2069
-73.9748
-75.7223
-75.7223
-79.7996
-97.274
-108.924
-110.089
-99.0214
-76.8872
-69.315
-90.2842
-115.913
-123.486
-107.759
-85.6244
-78.0522
-86.7894
-108.924
-119.408
-124.068
-124.651
-111.253
-108.341
-113.001
-126.398
-149.697
-154.357
-140.377
-124.068
-110.671
-111.253
-119.991
-126.398
-120.573
-109.506
-93.7791
-73.9748
-66.9851
-71.0624
-75.7223
-71.0624
-53.0056
-29.7064
-11.0671
-5.24231
-4.07735
2.32992
12.2321
24.4641
36.6962
45.4334
53.0056
59.9953
57.0829
55.3355
54.753
54.753
54.753
53.5881
54.1705
52.4231
50.6757
41.356
38.4436
43.6859
49.5107
54.1705
48.9282
42.521
40.7735
51.8406
53.5881
47.1808
45.4334
41.9385
44.8509
47.1808
50.6757
49.5107
56.5005
58.2479
50.0932
51.2582
58.2479
72.2274
80.9646
80.3821
72.2274
75.1398
82.712
89.1193
90.2842
84.4595
80.9646
79.7996
82.712
80.9646
85.6244
91.4492
90.2842
83.877
76.8872
79.2171
86.2069
95.5266
96.109
88.5368
82.712
78.6347
75.7223
72.8099
66.4026
64.6552
65.2377
55.918
36.1137
18.6393
6.40727
6.40727
7.57223
0
-17.4744
-36.6962
-53.0056
-64.6552
-71.6449
-75.1398
-78.0522
-87.9543
-99.6039
-114.166
-119.991
-118.243
-119.408
-125.233
-136.3
-142.125
-143.872
-143.29
-142.125
-141.542
-143.29
-143.872
-143.29
-138.048
-122.321
-106.594
-94.9441
-91.4492
-90.2842
-82.1295
-64.6552
-44.2684
-29.124
-15.7269
-9.31966
-6.98975
-9.90214
-6.40727
8.15471
29.7064
44.2684
40.7735
33.7838
32.0363
46.0158
66.9851
76.3048
74.5573
68.15
63.4902
64.6552
71.0624
76.8872
80.9646
80.9646
68.15
50.6757
40.7735
45.4334
56.5005
60.5778
48.3458
28.5415
19.2218
22.7167
31.4539
37.8611
35.5312
26.2116
18.0568
9.90214
7.57223
11.6496
15.1445
15.1445
9.31966
1.74744
-4.07735
-4.65983
-2.32992
-1.74744
-7.57223
-16.8919
-23.8816
-24.4641
-20.3868
-16.3094
-14.562
-22.1342
-29.124
-23.8816
-13.397
-4.07735
0.582479
-4.65983
-9.31966
-9.90214
-8.73719
-4.07735
-0.582479
3.49487
5.82479
0.582479
-8.73719
-13.397
-7.57223
2.9124
8.73719
4.07735
-2.9124
-0.582479
9.90214
19.2218
20.3868
15.7269
11.6496
12.2321
12.2321
10.4846
9.31966
8.15471
6.40727
1.16496
-1.16496
2.9124
8.15471
12.8145
11.6496
11.0671
16.8919
26.2116
36.1137
43.6859
46.0158
50.6757
55.3355
59.4129
65.2377
59.4129
51.2582
44.2684
33.2013
26.794
18.0568
9.90214
5.24231
-0.582479
-6.40727
-15.7269
-25.0466
-32.6188
-39.6086
-43.6859
-47.1808
-54.1705
-59.4129
-64.6552
-72.2274
-79.2171
-85.6244
-92.0317
-97.8565
-105.429
-114.748
-124.068
-131.64
-136.3
-135.718
-130.475
-122.903
-114.166
-110.671
-107.176
-102.516
-89.7018
-71.0624
-61.7428
-54.753
-49.5107
-43.6859
-36.1137
-24.4641
-8.15471
6.98975
24.4641
33.2013
40.7735
51.2582
65.2377
79.2171
87.3719
97.274
106.594
117.661
126.98
133.388
133.97
138.048
146.202
147.95
156.104
159.017
155.522
147.367
138.63
137.465
133.388
129.893
122.321
111.253
105.429
96.6915
90.8667
86.7894
78.6347
70.48
61.7428
50.0932
39.0261
30.8714
20.3868
3.49487
-11.6496
-27.3765
-41.9385
-52.4231
-63.4902
-71.6449
-82.712
-93.1966
-104.264
-104.264
-101.934
-97.274
-98.439
-108.341
-112.418
-112.418
-105.429
-102.516
-100.769
-94.9441
-83.2945
-73.3924
-70.48
-67.5676
-65.2377
-57.6654
-48.9282
-41.356
-37.2787
-26.2116
-15.1445
-6.98975
5.24231
16.8919
32.0363
45.4334
53.5881
55.918
58.2479
66.4026
75.1398
80.3821
79.2171
78.0522
79.2171
79.2171
77.4697
74.5573
68.7325
65.2377
58.2479
45.4334
34.3663
22.1342
14.562
8.15471
-1.16496
-9.90214
-20.3868
-30.2889
-43.1034
-51.8406
-62.9077
-72.8099
-88.5368
-101.934
-113.001
-121.738
-124.651
-135.135
-145.62
-154.939
-158.434
-160.182
-167.171
-175.326
-180.568
-175.326
-168.336
-161.347
-156.687
-157.269
-151.445
-144.455
-136.883
-126.98
-115.331
-103.099
-91.4492
-79.7996
-65.2377
-51.8406
-31.4539
-14.562
-0.582479
19.2218
37.2787
55.918
72.8099
90.8667
110.089
130.475
154.357
168.919
182.316
193.966
203.285
211.44
220.177
232.409
245.806
253.378
255.708
251.048
245.224
246.971
245.224
239.399
232.992
226.002
216.1
204.45
189.888
177.656
167.171
159.599
147.95
128.728
111.253
89.7018
75.7223
68.15
61.7428
57.6654
48.3458
34.3663
17.4744
0.582479
-8.15471
-13.9795
-17.4744
-20.9692
-31.4539
-41.9385
-55.918
-65.2377
-65.8201
-61.7428
-55.3355
-57.0829
-61.7428
-69.315
-75.7223
-80.3821
-82.1295
-80.3821
-80.9646
-82.1295
-88.5368
-97.8565
-99.0214
-95.5266
-89.1193
-82.712
-86.2069
-91.4492
-96.6915
-97.274
-91.4492
-86.7894
-78.0522
-74.5573
-78.0522
-82.1295
-87.9543
-88.5368
-85.0419
-83.2945
-81.5471
-83.2945
-88.5368
-92.0317
-95.5266
-96.109
-92.6142
-85.6244
-83.2945
-90.8667
-104.264
-118.243
-125.233
-128.145
-124.068
-120.573
-121.156
-122.903
-126.398
-129.893
-127.563
-122.903
-117.661
-113.583
-114.166
-111.253
-107.759
-103.681
-99.6039
-92.6142
-85.0419
-78.6347
-74.5573
-75.7223
-72.8099
-63.4902
-44.2684
-23.8816
-9.90214
-2.32992
0.582479
1.16496
6.98975
18.0568
32.6188
50.0932
61.7428
66.9851
69.315
72.8099
79.7996
89.7018
97.274
105.429
113.583
113.001
114.166
114.748
121.156
132.223
139.795
142.707
142.125
138.63
140.96
145.62
148.532
157.269
164.842
171.831
174.161
172.414
172.414
174.744
179.986
181.733
179.404
172.414
167.171
161.929
156.687
151.445
149.115
146.202
139.795
132.223
124.651
118.826
112.418
107.176
101.934
99.0214
101.351
101.934
97.8565
89.7018
82.1295
80.3821
75.7223
65.8201
51.8406
37.2787
28.5415
20.9692
10.4846
1.74744
-8.15471
-16.8919
-30.8714
-50.0932
-64.0727
-73.3924
-77.4697
-83.877
-90.2842
-93.1966
-95.5266
-99.6039
-104.846
-112.418
-122.903
-127.563
-135.135
-142.125
-147.95
-149.115
-151.445
-154.939
-156.687
-161.347
-158.434
-160.764
-166.007
-170.666
-175.326
-171.831
-163.094
-159.599
-157.269
-154.939
-147.95
-142.707
-139.795
-136.3
-132.805
-127.563
-118.826
-110.671
-101.934
-94.3616
-87.3719
-80.9646
-76.3048
-69.315
-66.4026
-69.315
-75.7223
-83.877
-85.0419
-85.0419
-82.712
-86.7894
-92.6142
-90.8667
-90.2842
-84.4595
-75.7223
-71.6449
-62.3253
-54.753
-50.0932
-43.6859
-36.6962
-29.7064
-27.3765
-23.8816
-22.1342
-19.2218
-16.8919
-13.9795
-5.24231
1.74744
12.8145
25.6291
36.1137
46.0158
58.8304
74.5573
86.7894
94.3616
99.0214
105.429
108.924
117.078
124.651
129.893
134.553
140.377
151.445
160.764
168.336
177.074
189.306
196.295
200.373
205.615
205.033
207.945
208.527
213.77
217.847
218.43
217.265
214.935
213.77
216.1
223.089
224.837
221.342
217.847
213.187
207.363
200.373
193.383
186.976
177.074
167.754
151.445
133.97
115.331
97.274
84.4595
69.315
57.6654
39.6086
18.6393
-0.582479
-20.9692
-31.4539
-43.6859
-56.5005
-69.315
-88.5368
-102.516
-117.078
-124.651
-129.31
-133.97
-139.212
-146.785
-154.357
-166.007
-172.414
-175.909
-175.326
-175.326
-177.656
-182.898
-192.801
-195.713
-193.383
-185.228
-174.744
-167.171
-161.929
-164.842
-170.666
-170.666
-166.589
-159.017
-151.445
-145.037
-140.96
-138.048
-133.97
-127.563
-117.661
-107.176
-96.109
-90.8667
-87.9543
-85.0419
-83.2945
-78.0522
-71.0624
-60.5778
-48.9282
-39.0261
-36.6962
-34.9487
-32.6188
-30.2889
-25.0466
-22.7167
-22.1342
-26.794
-30.8714
-36.1137
-38.4436
-38.4436
-38.4436
-32.0363
-28.5415
-24.4641
-23.2992
-23.8816
-20.3868
-16.8919
-10.4846
-7.57223
-5.24231
-1.74744
2.9124
9.31966
13.9795
19.8043
22.7167
27.959
33.7838
39.6086
44.2684
47.7633
54.1705
58.8304
61.7428
66.4026
74.5573
83.2945
90.8667
96.109
101.351
107.176
112.418
118.826
127.563
133.97
139.212
143.872
145.037
147.95
149.697
152.61
155.522
157.269
157.852
157.852
157.269
155.522
154.939
153.774
152.61
150.862
146.785
140.96
133.388
129.31
126.398
122.321
117.661
113.583
106.594
96.6915
89.1193
82.1295
75.7223
68.15
57.6654
47.7633
33.7838
23.2992
15.7269
6.98975
0.582479
-6.40727
-13.9795
-18.6393
-26.794
-33.2013
-37.2787
-44.2684
-48.9282
-55.918
-65.8201
-73.9748
-82.712
-87.9543
-90.8667
-94.3616
-95.5266
-100.186
-106.594
-110.671
-117.078
-121.156
-122.903
-125.233
-126.398
-126.398
-130.475
-129.893
-129.893
-132.223
-129.31
-128.145
-126.98
-125.233
-125.233
-125.233
-124.651
-122.903
-121.156
-118.826
-119.991
-117.661
-114.748
-114.748
-108.924
-106.594
-101.934
-98.439
-95.5266
-92.0317
-89.7018
-89.1193
-87.9543
-80.3821
-73.9748
-63.4902
-53.5881
-47.1808
-41.356
-36.6962
-29.7064
-22.1342
-12.8145
-3.49487
4.65983
11.0671
13.9795
16.8919
20.3868
25.6291
34.3663
41.356
47.1808
53.0056
57.0829
58.2479
61.1603
64.6552
66.9851
67.5676
66.9851
68.15
70.48
73.3924
75.7223
79.2171
83.877
88.5368
90.2842
89.1193
88.5368
87.9543
91.4492
96.6915
99.6039
100.186
97.274
96.109
94.9441
93.1966
92.6142
89.7018
86.7894
82.1295
77.4697
72.8099
66.9851
62.9077
57.6654
53.5881
53.0056
51.8406
47.7633
42.521
38.4436
37.2787
36.1137
33.7838
30.8714
29.7064
27.3765
29.124
29.124
28.5415
27.959
24.4641
23.2992
21.5517
17.4744
10.4846
5.24231
-0.582479
-4.07735
-7.57223
-12.2321
-13.397
-12.8145
-13.9795
-15.7269
-18.0568
-22.7167
-29.7064
-36.1137
-39.6086
-39.6086
-39.0261
-39.0261
-39.6086
-40.7735
-40.1911
-40.1911
-41.356
-39.0261
-37.8611
-37.8611
-39.0261
-41.9385
-45.4334
-47.1808
-47.7633
-48.9282
-50.6757
-53.5881
-56.5005
-55.3355
-57.0829
-61.1603
-62.3253
-63.4902
-64.6552
-64.6552
-65.2377
-61.1603
-55.918
-52.4231
-50.0932
-48.3458
-44.8509
-39.0261
-38.4436
-39.0261
-40.1911
-40.7735
-39.6086
-39.6086
-41.356
-41.356
-39.0261
-34.3663
-27.3765
-24.4641
-22.7167
-18.6393
-15.7269
-8.73719
0
7.57223
15.1445
20.3868
22.1342
25.6291
29.124
31.4539
32.0363
32.0363
33.2013
38.4436
44.8509
48.3458
52.4231
57.0829
62.3253
69.8975
76.3048
77.4697
78.6347
76.3048
73.9748
68.7325
63.4902
59.9953
54.753
52.4231
53.0056
50.6757
51.2582
51.2582
47.7633
47.1808
43.6859
42.521
42.521
38.4436
37.8611
39.6086
35.5312
29.7064
23.2992
16.3094
14.562
13.397
12.2321
12.2321
10.4846
9.90214
9.31966
6.98975
4.07735
2.32992
-1.16496
-1.74744
-4.65983
-9.90214
-15.7269
-21.5517
-25.6291
-28.5415
-31.4539
-30.8714
-29.124
-29.124
-29.124
-29.7064
-33.2013
-33.7838
-35.5312
-34.3663
-30.2889
-26.2116
-23.8816
-24.4641
-28.5415
-32.0363
-37.2787
-43.1034
-44.8509
-47.7633
-47.7633
-44.2684
-45.4334
-47.7633
-50.0932
-53.5881
-55.3355
-55.918
-59.9953
-60.5778
-62.3253
-63.4902
-61.1603
-60.5778
-62.3253
-61.7428
-61.7428
-60.5778
-59.4129
-59.9953
-59.4129
-60.5778
-59.9953
-59.9953
-58.8304
-59.4129
-56.5005
-50.6757
-43.6859
-37.2787
-33.2013
-30.2889
-24.4641
-20.9692
-15.7269
-11.0671
-4.65983
2.9124
8.15471
13.9795
17.4744
20.3868
28.5415
33.2013
36.6962
36.1137
33.7838
36.1137
42.521
50.0932
58.2479
62.9077
68.15
74.5573
77.4697
80.3821
83.877
87.3719
93.1966
100.186
105.429
109.506
113.583
117.078
120.573
125.233
125.233
122.903
119.408
114.166
113.001
114.166
114.748
114.748
113.001
110.089
105.429
100.186
92.6142
85.0419
79.2171
73.3924
69.8975
65.8201
61.7428
58.8304
55.918
50.6757
46.0158
41.356
33.2013
24.4641
15.7269
6.40727
0.582479
-4.07735
-12.8145
-20.9692
-29.124
-38.4436
-46.5983
-54.753
-64.6552
-73.9748
-79.2171
-82.712
-83.877
-86.2069
-89.1193
-92.6142
-96.6915
-99.6039
-105.429
-108.341
-111.836
-115.913
-118.243
-119.408
-119.408
-118.826
-119.991
-118.243
-115.331
-111.253
-106.011
-103.681
-101.351
-97.274
-94.9441
-91.4492
-89.7018
-86.7894
-83.2945
-78.0522
-72.2274
-66.9851
-64.6552
-64.6552
-62.3253
-58.2479
-51.2582
-46.0158
-40.1911
-35.5312
-30.8714
-30.2889
-27.3765
-22.7167
-19.8043
-17.4744
-15.7269
-8.15471
-2.32992
0.582479
2.9124
4.65983
10.4846
15.7269
19.2218
20.3868
20.9692
19.8043
17.4744
16.3094
13.397
12.2321
14.562
16.3094
20.9692
23.8816
23.2992
22.1342
21.5517
23.8816
30.2889
37.8611
43.6859
45.4334
44.8509
44.2684
43.6859
44.8509
47.1808
50.0932
52.4231
57.0829
59.4129
60.5778
62.9077
64.0727
69.315
73.9748
76.8872
80.3821
78.0522
76.8872
77.4697
77.4697
80.9646
79.2171
77.4697
76.3048
77.4697
80.9646
82.1295
82.712
80.3821
79.7996
82.1295
85.6244
87.3719
85.0419
82.1295
76.8872
70.48
63.4902
55.918
51.2582
47.7633
42.521
40.1911
37.8611
32.6188
27.959
26.2116
21.5517
16.3094
12.8145
9.90214
4.65983
0
-5.82479
-13.397
-22.7167
-29.7064
-36.1137
-41.9385
-43.6859
-47.7633
-51.2582
-55.3355
-61.1603
-65.8201
-71.6449
-74.5573
-77.4697
-83.2945
-86.7894
-89.7018
-94.3616
-97.8565
-99.0214
-100.769
-103.099
-105.429
-106.011
-103.681
-101.351
-100.769
-101.351
-101.351
-97.274
-97.274
-96.109
-93.7791
-95.5266
-97.274
-95.5266
-90.2842
-84.4595
-79.7996
-76.3048
-72.2274
-66.4026
-62.3253
-58.8304
-51.8406
-47.7633
-43.6859
-41.356
-39.6086
-40.1911
-40.7735
-40.7735
-39.6086
-34.9487
-27.3765
-20.3868
-15.7269
-9.90214
-5.24231
-3.49487
-1.74744
-0.582479
-1.74744
0
2.32992
6.40727
13.397
16.3094
19.8043
23.8816
29.124
39.0261
47.1808
53.0056
59.4129
66.4026
70.48
76.3048
80.3821
79.7996
80.3821
80.9646
82.712
87.3719
90.2842
92.0317
90.8667
93.1966
96.6915
97.8565
100.769
100.186
100.186
103.099
102.516
101.934
101.351
99.6039
102.516
103.099
101.934
104.846
104.264
100.769
99.0214
97.274
93.7791
87.9543
80.3821
75.1398
68.7325
64.6552
60.5778
53.0056
46.5983
40.1911
35.5312
32.6188
27.3765
25.6291
25.0466
21.5517
19.2218
15.7269
14.562
14.562
11.6496
5.82479
2.32992
0
-1.16496
-5.24231
-8.73719
-13.9795
-19.8043
-25.6291
-33.7838
-40.1911
-44.2684
-48.9282
-53.0056
-55.3355
-58.2479
-59.4129
-61.7428
-65.2377
-68.15
-72.8099
-76.3048
-76.8872
-78.6347
-80.3821
-76.8872
-79.7996
-82.1295
-83.2945
-86.2069
-87.3719
-89.1193
-90.2842
-88.5368
-90.8667
-87.9543
-85.0419
-84.4595
-83.877
-84.4595
-80.9646
-82.1295
-81.5471
-78.6347
-79.7996
-76.8872
-71.6449
-69.315
-64.6552
-61.7428
-60.5778
-58.8304
-58.8304
-55.3355
-51.2582
-47.1808
-41.9385
-36.1137
-33.2013
-32.6188
-32.0363
-31.4539
-29.7064
-27.959
-23.8816
-18.0568
-11.6496
-3.49487
2.9124
2.9124
6.98975
7.57223
7.57223
9.31966
6.40727
6.98975
9.90214
11.0671
13.9795
18.0568
20.3868
23.2992
22.7167
23.8816
26.2116
26.794
26.2116
26.2116
28.5415
32.0363
38.4436
43.6859
47.1808
49.5107
51.2582
52.4231
51.8406
51.2582
53.0056
54.753
59.9953
65.2377
65.8201
66.4026
64.0727
63.4902
65.2377
65.2377
65.8201
69.315
70.48
73.9748
75.1398
75.1398
75.1398
75.7223
76.8872
78.0522
79.2171
80.9646
83.2945
83.877
85.6244
88.5368
90.8667
93.7791
96.109
97.8565
99.6039
99.6039
97.8565
95.5266
91.4492
89.1193
86.2069
82.712
77.4697
71.6449
65.8201
59.9953
53.5881
46.0158
37.8611
31.4539
22.7167
13.9795
2.9124
-6.40727
-12.8145
-20.3868
-26.794
-33.2013
-41.356
-46.5983
-54.753
-63.4902
-71.6449
-79.7996
-86.2069
-89.7018
-95.5266
-100.186
-107.176
-115.331
-120.573
-127.563
-132.223
-136.883
-138.048
-139.212
-142.707
-145.037
-146.202
-149.115
-149.115
-146.785
-143.872
-140.377
-135.718
-132.223
-129.893
-126.398
-122.321
-115.913
-110.089
-103.681
-95.5266
-87.9543
-80.9646
-77.4697
-75.1398
-70.48
-62.9077
-54.1705
-46.5983
-40.7735
-34.9487
-27.959
-23.2992
-15.1445
-10.4846
-8.15471
-4.07735
-1.16496
0.582479
1.16496
1.16496
1.74744
4.07735
6.98975
11.6496
18.0568
22.1342
25.6291
26.794
26.2116
31.4539
37.2787
42.521
48.9282
51.8406
55.3355
57.0829
56.5005
58.2479
58.2479
59.4129
65.8201
68.15
71.6449
76.3048
79.7996
82.712
85.0419
87.9543
90.8667
95.5266
101.351
105.429
106.594
103.099
101.351
101.934
103.099
108.341
113.001
114.748
115.913
114.166
113.583
111.253
107.759
105.429
100.186
94.9441
89.7018
82.1295
73.9748
66.4026
58.2479
51.8406
46.5983
43.6859
41.356
38.4436
34.9487
29.7064
25.0466
23.2992
23.2992
22.1342
18.6393
13.9795
5.24231
-0.582479
-5.82479
-12.8145
-18.0568
-22.1342
-26.2116
-29.7064
-38.4436
-45.4334
-53.5881
-62.9077
-66.9851
-69.8975
-72.8099
-77.4697
-80.3821
-85.6244
-88.5368
-89.1193
-86.7894
-84.4595
-83.877
-82.712
-83.2945
-85.0419
-86.7894
-86.2069
-86.7894
-83.877
-81.5471
-79.7996
-79.2171
-79.7996
-77.4697
-73.9748
-69.315
-66.4026
-65.8201
-65.8201
-62.9077
-61.1603
-58.8304
-58.8304
-57.6654
-57.6654
-53.5881
-46.0158
-40.1911
-39.6086
-41.356
-38.4436
-35.5312
-29.124
-23.8816
-20.9692
-18.0568
-15.7269
-13.397
-8.73719
-4.07735
1.16496
8.73719
13.397
18.6393
20.3868
22.7167
26.794
30.2889
34.3663
39.0261
43.1034
44.8509
44.8509
44.2684
44.8509
43.1034
44.2684
44.8509
44.8509
46.0158
45.4334
46.5983
49.5107
49.5107
51.2582
52.4231
