SAMPLES: 9016
BITSPERSAMPLE:	16
CHANNELS:	1
SAMPLERATE:	16000
NORMALIZED:	FALSE
5.00188
21.258
3.75141
10.629
-8.75328
-36.8888
-6.87758
12.5047
7.50281
5.62711
15.6309
-0.625234
17.5066
-30.6365
-40.015
23.7589
5.00188
-6.87758
-6.25234
6.25234
-1.25047
15.6309
-13.1299
-16.2561
13.1299
1.25047
-0.625234
-25.6346
9.37852
13.7552
21.8832
-3.75141
-23.7589
11.2542
2.50094
0.625234
-9.37852
38.7645
48.7683
43.1412
22.5084
-0.625234
-8.12805
-36.8888
-41.2655
-24.3841
21.8832
20.0075
-3.12617
17.5066
30.0113
1.8757
6.25234
16.2561
15.0056
3.12617
-20.0075
-12.5047
-7.50281
23.1337
3.12617
-5.00188
11.2542
-13.7552
-12.5047
-48.7683
9.37852
45.0169
17.5066
48.7683
-16.2561
-11.2542
-23.7589
-71.2767
-31.887
23.1337
36.8888
14.3804
29.386
-28.1356
-65.0244
39.3898
76.9038
15.6309
-45.6421
-109.416
-111.917
-119.42
-88.1581
-31.2617
102.538
131.299
36.2636
-20.6327
-111.917
-63.7739
1.25047
33.7627
118.795
107.54
40.6402
30.6365
-72.5272
-89.4085
-60.6477
-81.9057
-33.7627
-20.0075
24.3841
56.2711
113.793
120.045
71.902
25.0094
-39.3898
-50.0188
-28.1356
-13.7552
-6.25234
50.644
80.6552
95.0356
49.3935
8.75328
-16.8813
-28.7608
15.6309
-18.1318
-8.12805
30.6365
-8.75328
-39.3898
-53.1449
-20.6327
26.8851
10.0038
25.0094
-3.12617
-6.87758
11.2542
118.795
203.201
85.0319
43.7664
-48.7683
-166.312
-204.452
-201.325
-95.6609
90.0338
94.4104
-13.7552
-101.288
-166.312
-123.796
-69.401
56.2711
144.429
176.316
138.802
30.0113
-46.8926
-119.42
-107.54
-113.167
-118.795
-83.1562
-57.5216
8.75328
47.5178
100.663
81.2805
50.644
16.8813
-53.7702
-56.8963
-43.1412
-24.3841
-3.12617
26.2598
36.8888
60.6477
81.9057
43.1412
37.5141
43.1412
1.8757
3.12617
8.75328
-23.7589
15.6309
-7.50281
-46.8926
-38.1393
-38.7645
43.1412
54.3954
84.4067
110.041
93.7852
103.789
42.5159
12.5047
31.887
-9.37852
-8.12805
27.5103
-8.12805
-14.3804
-12.5047
-12.5047
-26.2598
-30.6365
-25.6346
-41.2655
-27.5103
-37.5141
11.2542
31.887
25.6346
49.3935
44.3916
58.772
8.12805
6.87758
28.7608
-31.887
-25.6346
-35.6384
-48.7683
-8.75328
-66.2749
-71.2767
-46.2674
-30.6365
10.629
-10.629
-0.625234
-8.75328
26.8851
7.50281
-55.6459
3.12617
-15.0056
-33.1374
-46.2674
-84.4067
-69.401
-65.6496
-56.8963
7.50281
45.0169
71.902
40.6402
10.0038
-4.37664
-56.2711
-68.7758
-97.5366
-78.1543
-51.8945
-32.5122
18.757
43.7664
70.6515
108.166
42.5159
-1.8757
-18.1318
-82.5309
-33.1374
-38.7645
-50.0188
-20.6327
-8.12805
-17.5066
-49.3935
-42.5159
-27.5103
47.5178
43.7664
51.2692
88.7833
41.2655
-22.5084
-51.8945
-80.03
-69.401
-3.12617
0.625234
12.5047
26.2598
3.75141
0.625234
25.6346
47.5178
65.0244
76.2786
77.5291
47.5178
26.2598
14.3804
26.8851
43.1412
40.6402
63.1487
75.0281
79.4048
56.8963
69.401
88.1581
66.9001
78.1543
58.772
18.757
11.2542
-6.87758
-0.625234
23.7589
6.87758
39.3898
74.4029
83.1562
48.7683
11.8795
5.00188
0
-20.0075
-53.7702
-25.6346
11.2542
17.5066
18.1318
-6.25234
-4.37664
-3.12617
-28.7608
-4.37664
5.00188
0.625234
-14.3804
-8.12805
-20.0075
-35.0131
-63.7739
-85.0319
-38.1393
-40.015
-33.7627
-43.1412
-31.887
-18.1318
-29.386
-35.0131
-40.015
-30.0113
-71.902
-85.6571
-100.663
-91.9095
-75.6534
-88.1581
-74.4029
-64.3991
-55.6459
-58.1468
-59.3973
-53.7702
-35.6384
-24.3841
-43.1412
-23.7589
-26.8851
-49.3935
-52.5197
-85.6571
-75.6534
-70.6515
-61.273
-43.7664
-28.1356
-18.757
-23.7589
-34.3879
-44.3916
-47.5178
-49.3935
-49.3935
-28.7608
-21.258
-16.2561
-20.6327
-34.3879
-18.1318
-31.887
-13.7552
-10.0038
12.5047
43.7664
48.7683
74.4029
89.4085
126.297
139.427
147.555
178.192
198.199
241.966
265.099
275.103
310.116
307.615
305.114
300.738
286.357
278.855
259.472
231.337
221.958
208.828
193.197
157.559
129.424
92.5347
35.6384
10.0038
-28.7608
-31.2617
-33.7627
-44.3916
-35.0131
-13.1299
-25.0094
-43.7664
-39.3898
-61.273
-76.9038
-60.6477
-74.4029
-63.1487
-53.7702
-103.789
-108.791
-136.926
-158.81
-174.44
-196.949
-186.32
-186.945
-179.442
-188.196
-215.706
-230.712
-246.968
-269.476
-281.356
-273.853
-268.226
-266.35
-261.348
-278.855
-323.246
-331.374
-346.38
-363.886
-347.63
-333.25
-305.74
-294.485
-327.623
-356.384
-374.515
-367.013
-376.391
-390.146
-398.274
-412.03
-402.651
-404.527
-367.013
-240.715
-93.1599
48.1431
166.312
315.118
481.431
626.485
803.426
932.85
1051.02
1132.3
1157.93
1096.66
999.125
872.202
693.385
507.065
311.992
162.561
46.2674
-19.3823
-47.5178
-28.7608
14.3804
91.9095
173.19
227.585
265.099
292.61
295.736
253.845
176.941
88.1581
6.25234
-80.03
-129.424
-148.806
-95.6609
11.2542
131.924
270.727
395.148
532.075
623.359
680.88
697.762
666.5
610.854
505.815
344.504
188.821
28.7608
-140.678
-279.48
-434.538
-554.583
-631.487
-679.005
-725.897
-717.769
-686.507
-655.871
-613.98
-632.112
-614.605
-617.732
-627.11
-614.605
-640.24
-624.609
-597.099
-603.351
-584.594
-561.461
-538.327
-496.436
-455.171
-408.903
-390.146
-374.515
-372.015
-375.766
-398.274
-448.293
-499.562
-541.453
-595.848
-692.76
-775.916
-848.443
-889.709
-931.599
-943.479
-884.707
-789.671
-603.976
-360.135
-61.273
243.216
592.722
963.486
1282.98
1581.84
1828.81
1988.25
2055.15
2042.64
1847.57
1582.47
1264.22
885.957
525.197
221.958
-48.7683
-239.465
-268.851
-270.101
-183.194
-33.1374
161.936
373.89
562.086
699.637
755.283
794.673
739.652
596.474
442.041
273.227
95.6609
-13.7552
-70.6515
-85.6571
19.3823
176.316
367.013
614.605
855.321
1051.02
1228.59
1369.26
1361.14
1297.99
1187.32
947.23
663.999
353.257
-15.0056
-377.016
-708.391
-1041.02
-1302.99
-1454.92
-1560.59
-1611.85
-1501.19
-1354.26
-1202.95
-964.737
-750.907
-557.709
-389.521
-306.99
-258.222
-246.342
-291.984
-401.401
-495.186
-574.59
-728.398
-804.052
-831.562
-864.699
-848.443
-834.688
-797.174
-747.78
-742.153
-740.278
-734.65
-724.022
-769.664
-840.315
-873.453
-962.236
-1066.65
-1152.93
-1229.84
-1264.22
-1250.47
-1187.95
-975.991
-642.116
-280.73
53.1449
503.939
1031.01
1466.17
1910.72
2255.22
2511.57
2654.75
2628.49
2354.01
1975.74
1521.2
952.232
418.282
-100.038
-545.204
-827.81
-869.076
-841.566
-700.888
-417.657
-82.5309
278.229
582.093
811.554
998.499
1144.8
1136.05
1004.75
835.313
638.364
411.404
206.953
66.9001
9.37852
108.166
305.114
542.078
851.569
1152.93
1421.16
1668.75
1809.43
1836.31
1788.8
1668.75
1399.27
1031.01
614.605
163.811
-280.73
-732.15
-1157.93
-1460.55
-1643.74
-1770.66
-1791.92
-1688.13
-1501.19
-1265.47
-960.985
-674.003
-423.284
-183.819
-31.2617
32.5122
35.0131
-61.273
-196.949
-345.755
-556.459
-764.662
-918.469
-1004.13
-1054.77
-1057.27
-1044.14
-997.874
-940.353
-931.599
-943.479
-964.112
-970.364
-1042.89
-1115.42
-1199.2
-1301.74
-1409.9
-1511.19
-1618.11
-1654.37
-1594.97
-1438.66
-1075.4
-637.739
-178.192
321.996
955.358
1491.81
1967.61
2400.9
2689.13
2852.32
2848.57
2609.73
2173.31
1700.64
1102.29
462.048
-115.668
-615.231
-1012.88
-1157.93
-1154.18
-1029.76
-732.775
-374.515
21.8832
395.773
699.012
909.091
1093.54
1150.43
1047.89
898.462
742.153
570.214
402.651
283.231
233.838
322.621
494.56
716.519
994.748
1327.37
1624.98
1878.2
2097.04
2157.06
2088.28
1920.72
1614.98
1177.32
667.75
90.659
-476.429
-997.249
-1499.31
-1889.46
-2083.91
-2158.31
-2107.67
-1886.96
-1554.96
-1172.31
-749.656
-345.755
-41.2655
243.216
425.785
462.674
386.395
194.448
-68.7758
-331.999
-574.59
-828.436
-1019.13
-1115.42
-1146.68
-1139.18
-1099.16
-1057.27
-989.121
-947.23
-959.11
-987.87
-1082.91
-1216.08
-1383.02
-1558.71
-1738.78
-1883.83
-1978.87
-1949.48
-1846.32
-1602.48
-1127.92
-568.338
-16.8813
554.583
1221.08
1810.05
2347.76
2734.15
2979.24
3112.42
3078.65
2773.54
2276.48
1726.9
1024.13
342.003
-303.864
-891.584
-1363.01
-1569.34
-1588.1
-1454.92
-1146.05
-750.907
-273.853
195.073
544.579
785.294
1038.51
1160.44
1094.79
959.11
820.308
662.749
483.931
351.382
281.356
370.139
575.841
820.933
1156.68
1529.95
1848.82
2142.68
2390.27
2448.42
2312.12
2073.9
1726.9
1208.58
600.225
-64.3991
-698.387
-1262.97
-1806.3
-2233.34
-2446.54
-2482.18
-2390.27
-2119.54
-1695.64
-1191.07
-657.747
-137.552
281.981
608.353
812.805
830.937
715.268
470.802
117.544
-246.968
-580.218
-921.596
-1221.71
-1396.15
-1451.17
-1454.92
-1375.52
-1254.22
-1108.54
-964.112
-894.711
-867.825
-890.959
-947.855
-1113.54
-1321.75
-1544.95
-1756.28
-1916.97
-1940.1
-1906.97
-1739.4
-1267.98
-715.893
-123.796
497.687
1246.09
1948.23
2594.72
3074.28
3343.75
3508.19
3467.55
3118.04
2517.19
1888.21
1114.17
365.137
-344.504
-1009.75
-1509.94
-1750.66
-1788.17
-1696.26
-1408.03
-1033.51
-519.57
16.8813
422.033
719.645
1027.26
1228.59
1199.2
1069.78
902.839
731.524
521.446
305.74
136.301
150.682
278.229
449.544
734.025
1077.28
1413.03
1729.4
2036.39
2212.7
2198.95
2032.01
1779.42
1339.25
736.526
80.6552
-574.59
-1169.19
-1706.89
-2180.82
-2484.06
-2539.7
-2447.79
-2208.33
-1783.79
-1241.72
-670.877
-81.9057
458.297
852.195
1101.04
1181.07
1086.03
866.575
499.562
53.1449
-374.515
-772.79
-1141.68
-1430.54
-1581.84
-1637.49
-1611.85
-1516.19
-1350.51
-1146.68
-983.494
-887.208
-817.807
-817.807
-917.844
-1081.03
-1302.36
-1525.57
-1728.15
-1810.68
-1813.81
-1653.12
-1264.22
-775.916
-242.591
405.777
1159.18
1840.69
2492.18
2989.87
3321.87
3495.69
3469.43
3114.29
2542.83
1906.97
1102.91
293.86
-477.054
-1161.69
-1653.75
-1866.32
-1907.59
-1781.29
-1453.67
-1003.5
-445.167
116.294
558.96
896.586
1233.59
1413.03
1389.27
1271.1
1101.66
901.588
682.131
452.67
271.977
240.715
295.111
425.159
655.871
948.481
1219.21
1496.19
1749.41
1875.7
1848.19
1684.38
1421.16
992.247
433.913
-171.314
-762.786
-1321.75
-1838.81
-2245.84
-2459.05
-2489.06
-2357.13
-2048.27
-1598.1
-1038.51
-457.672
107.54
625.86
1019.13
1269.85
1338
1222.96
987.87
598.975
133.8
-335.751
-792.797
-1197.32
-1512.44
-1691.26
-1781.29
-1797.55
-1721.27
-1546.2
-1347.38
-1161.06
-1003.5
-868.451
-807.178
-859.072
-987.87
-1148.56
-1330.5
-1544.95
-1655
-1683.13
-1575.59
-1214.83
-735.901
-267.6
334.5
1109.17
1811.3
2457.8
2980.49
3327.5
3557.58
3603.85
3296.86
2729.15
2083.91
1301.11
488.308
-285.732
-1011
-1583.72
-1850.69
-1928.85
-1871.33
-1594.35
-1173.57
-622.734
-1.8757
508.941
899.087
1319.24
1610.6
1648.12
1561.84
1419.28
1240.47
1011
740.278
519.57
435.163
444.542
488.308
627.735
843.441
1059.15
1277.35
1486.18
1622.48
1606.85
1449.29
1211.08
849.694
310.116
-288.233
-897.211
-1476.8
-2002
-2435.29
-2701.01
-2776.67
-2671
-2448.42
-2009.5
-1416.78
-832.187
-220.083
383.269
860.948
1199.2
1361.14
1334.88
1139.8
806.552
341.378
-175.066
-636.489
-1102.29
-1508.07
-1755.66
-1900.09
-1949.48
-1898.84
-1751.91
-1561.84
-1369.89
-1169.81
-1013.51
-917.219
-899.087
-982.243
-1115.42
-1264.22
-1438.66
-1582.47
-1599.97
-1542.45
-1317.99
-849.068
-328.248
183.194
872.827
1663.12
2337.13
2932.35
3360.64
3632.61
3769.54
3665.75
3168.06
2533.45
1846.94
1001.63
177.567
-568.338
-1217.96
-1646.87
-1780.67
-1760.66
-1548.08
-1157.31
-639.615
-22.5084
590.221
1037.26
1434.29
1828.19
1979.49
1920.72
1785.67
1601.23
1358.01
1083.53
787.17
583.969
558.96
578.967
637.739
819.057
1049.14
1240.47
1437.41
1589.35
1590.6
1466.17
1237.96
899.087
414.53
-190.697
-831.562
-1409.28
-1950.11
-2440.92
-2774.17
-2904.21
-2866.07
-2702.26
-2352.76
-1850.07
-1250.47
-647.743
-76.2786
457.672
865.324
1094.79
1136.05
1023.51
757.159
334.5
-159.435
-646.492
-1121.05
-1546.2
-1873.83
-2048.89
-2107.04
-2092.66
-1968.86
-1783.79
-1575.59
-1370.51
-1186.07
-1044.77
-989.746
-992.872
-1076.03
-1213.58
-1381.77
-1571.84
-1699.39
-1650.62
-1546.83
-1317.99
-770.914
-104.414
487.683
1163.56
1980.12
2667.88
3252.47
3648.87
3832.69
3922.72
3790.17
3254.97
2560.34
1825.06
942.854
99.4123
-620.858
-1232.34
-1668.75
-1778.79
-1672.5
-1386.14
-956.609
-434.538
223.834
874.703
1329.25
1657.5
1994.5
2149.56
2048.89
1814.43
1566.21
1338.63
1037.89
701.513
498.312
508.316
568.338
642.741
849.694
1103.54
1316.74
1494.31
1607.48
1604.98
1473.68
1200.45
822.809
338.877
-313.242
-1001
-1565.59
-2065.77
-2540.33
-2833.56
-2894.84
-2784.79
-2525.32
-2157.06
-1626.23
-969.113
-367.638
134.425
623.984
998.499
1158.56
1137.93
950.356
608.353
153.808
-378.267
-921.596
-1394.9
-1813.18
-2126.42
-2243.97
-2253.97
-2195.82
-2025.76
-1795.67
-1568.09
-1347.38
-1184.19
-1059.77
-984.119
-1029.76
-1147.31
-1274.85
-1469.93
-1689.38
-1822.56
-1825.06
-1716.89
-1521.82
-1029.76
-320.12
345.129
952.857
1751.28
2537.83
3146.18
3595.1
3829.56
3939.6
3897.71
3490.06
2737.9
2013.88
1191.7
305.114
-455.171
-1074.15
-1564.96
-1755.66
-1638.74
-1351.76
-915.343
-413.28
220.083
919.095
1446.79
1762.54
2081.41
2312.12
2242.72
1971.36
1688.76
1428.66
1139.18
799.675
520.82
493.31
593.973
669.626
819.057
1104.16
1381.77
1561.21
1694.39
1728.15
1591.85
1318.62
953.483
456.421
-158.81
-858.447
-1478.05
-1963.24
-2434.04
-2829.81
-2947.98
-2825.43
-2617.23
-2257.1
-1723.77
-1086.03
-452.67
61.8982
463.299
809.679
987.245
913.468
697.762
368.888
-93.7852
-633.988
-1151.06
-1601.23
-1968.86
-2238.34
-2349.63
-2291.48
-2158.31
-1985.74
-1725.02
-1441.17
-1239.21
-1104.16
-999.75
-952.232
-1011
-1156.68
-1316.12
-1459.3
-1643.12
-1826.94
-1910.09
-1806.93
-1577.47
-1293.61
-719.645
70.6515
752.782
1386.77
2182.07
2930.47
3460.67
3828.31
4003.38
4036.51
3916.47
3428.79
2634.74
1891.33
1084.78
210.079
-488.933
-1032.89
-1453.67
-1554.96
-1340.5
-983.494
-517.694
15.0056
628.986
1262.35
1746.28
1960.11
2122.05
2238.96
2067.03
1698.14
1354.26
1064.15
742.153
407.653
187.57
210.079
361.386
498.312
692.135
1021.01
1299.24
1451.79
1579.34
1563.71
1393.65
1111.04
726.522
265.099
-314.493
-985.37
-1554.33
-1945.1
-2327.12
-2629.11
-2653.5
-2468.43
-2214.58
-1856.95
-1406.15
-872.827
-340.128
30.0113
296.361
539.577
606.477
417.657
156.309
-161.936
-584.594
-1025.38
-1423.03
-1755.66
-1983.87
-2112.67
-2112.04
-1976.99
-1812.55
-1656.87
-1433.66
-1177.32
-1040.39
-1012.25
-987.87
-999.125
-1117.29
-1287.36
-1446.79
-1569.96
-1683.13
-1803.18
-1832.56
-1695.64
-1425.53
-1137.3
-672.127
109.416
873.453
1422.41
2045.77
2773.54
3313.74
3648.24
3817.06
3858.95
3785.79
3461.92
2774.79
2064.52
1401.78
623.359
-67.5253
-562.086
-950.982
-1173.57
-1052.89
-725.272
-325.747
90.0338
558.334
1090.41
1552.46
1723.15
1736.9
1809.43
1738.15
1398.65
1002.25
739.652
523.946
291.359
81.2805
71.902
276.979
467.05
645.867
955.983
1284.86
1448.67
1517.44
1539.33
1414.28
1138.55
819.057
440.79
-26.8851
-572.715
-1104.79
-1454.92
-1708.14
-1978.24
-2107.04
-1959.48
-1733.78
-1539.33
-1248.59
-887.833
-542.704
-297.612
-190.071
-124.422
-92.5347
-228.211
-484.557
-730.899
-1002.25
-1329.25
-1598.72
-1762.54
-1901.34
-1964.49
-1924.47
-1793.17
-1605.6
-1463.67
-1316.12
-1114.17
-972.865
-983.494
-1040.39
-1091.66
-1164.81
-1270.48
-1429.29
-1552.46
-1582.47
-1629.36
-1676.88
-1564.96
-1393.65
-1179.19
-847.193
-423.909
193.823
880.33
1364.26
1802.55
2428.41
2936.73
3196.2
3368.14
3435.04
3386.27
3258.72
2831.06
2199.57
1701.89
1170.44
580.843
165.687
-115.043
-366.387
-360.76
-131.924
109.416
375.766
678.379
1006
1342.38
1485.56
1388.65
1386.77
1383.64
1122.92
760.285
540.828
413.905
258.222
118.169
76.2786
238.214
469.551
612.105
794.673
1086.03
1254.22
1282.98
1318.62
1266.1
1037.26
754.033
496.436
158.184
-255.721
-676.504
-996.624
-1179.19
-1376.77
-1589.97
-1602.48
-1446.17
-1374.27
-1334.25
-1168.56
-979.742
-895.961
-895.961
-922.221
-930.349
-987.245
-1179.19
-1359.26
-1450.54
-1583.09
-1716.27
-1713.14
-1670.63
-1638.74
-1528.07
-1356.13
-1187.32
-1072.28
-994.748
-885.332
-792.172
-842.816
-944.729
-992.872
-1046.02
-1139.18
-1245.47
-1284.23
-1228.59
-1164.81
-1117.29
-1022.88
-885.332
-737.777
-565.837
-358.259
-194.448
127.548
670.877
1071.65
1316.12
1723.77
2222.08
2610.35
2892.96
3020.51
3134.93
3314.37
3238.71
2786.04
2384.64
2027.64
1525.57
1048.52
635.863
236.339
1.8757
-36.8888
-11.8795
54.3954
111.292
261.973
540.828
686.507
570.839
527.073
626.485
532.075
233.838
-0.625234
-55.6459
-42.5159
-120.045
-233.838
-111.292
187.57
411.404
582.093
860.948
1154.81
1307.99
1415.53
1475.55
1393.65
1167.94
935.976
749.031
434.538
-53.1449
-437.039
-643.366
-922.846
-1289.86
-1537.45
-1607.48
-1628.74
-1716.89
-1823.18
-1745.65
-1595.6
-1607.48
-1635.61
-1539.95
-1474.93
-1478.05
-1446.17
-1412.4
-1364.89
-1294.24
-1216.71
-1067.9
-886.582
-784.044
-670.251
-460.173
-314.493
-313.242
-307.615
-220.708
-220.083
-352.632
-477.054
-531.449
-595.223
-733.4
-875.328
-908.466
-865.324
-897.837
-948.481
-899.712
-866.575
-892.21
-870.326
-781.543
-691.509
-613.355
-298.237
276.979
669.001
918.469
1467.43
2200.2
2736.65
3059.9
3312.49
3636.36
3940.85
3790.17
3258.72
2874.2
2466.55
1780.04
1104.16
555.833
-21.258
-462.674
-631.487
-706.515
-757.159
-768.413
-628.986
-316.369
-128.798
-205.077
-161.936
72.5272
93.1599
-156.309
-287.608
-168.813
-92.5347
-178.192
-208.828
68.7758
470.802
675.253
857.822
1253.6
1616.23
1758.78
1861.95
1938.85
1845.69
1583.72
1284.86
971.614
484.557
-178.817
-699.012
-1057.9
-1542.45
-2098.91
-2460.3
-2590.97
-2674.13
-2818.56
-2873.58
-2644.12
-2357.13
-2221.46
-2022.63
-1657.5
-1343.63
-1166.69
-964.737
-691.509
-464.549
-345.755
-234.463
-43.7664
133.175
185.069
235.713
379.517
400.15
298.862
271.352
224.459
36.2636
-186.945
-361.386
-485.182
-630.862
-892.835
-1129.17
-1153.56
-1141.68
-1267.35
-1306.74
-1204.2
-1146.05
-1102.91
-972.24
-820.308
-616.481
-375.766
-160.06
395.148
1114.79
1465.55
1845.07
2601.6
3236.84
3591.35
3902.71
4091.53
4206.58
4239.09
3783.29
3098.04
2570.96
1801.3
874.078
183.194
-486.432
-1206.08
-1591.22
-1703.76
-1762.54
-1734.4
-1612.48
-1338.63
-896.586
-638.99
-590.847
-251.969
96.2861
59.3973
-13.7552
115.043
271.352
315.743
275.103
353.883
683.381
966.612
1057.27
1259.22
1583.72
1708.14
1697.51
1697.51
1586.22
1279.85
878.454
492.685
30.0113
-627.11
-1348.63
-1829.44
-2190.2
-2706.64
-3146.18
-3266.22
-3206.83
-3146.18
-3032.39
-2714.14
-2224.58
-1820.68
-1521.82
-1061.65
-526.447
-184.444
55.6459
346.38
616.481
761.536
819.057
890.959
948.481
904.714
803.426
759.035
678.379
436.414
152.557
-19.3823
-167.563
-462.674
-781.543
-945.98
-1041.64
-1204.2
-1319.87
-1300.49
-1216.08
-1090.41
-913.468
-701.513
-461.423
-253.22
-137.552
0.625234
189.446
242.591
268.226
426.41
594.598
934.1
1394.9
1639.36
1910.09
2442.79
2880.46
3098.66
3252.47
3270.6
3231.84
3121.17
2556.58
1736.28
1060.4
307.615
-572.09
-1301.74
-1895.09
-2382.14
-2522.2
-2362.14
-2113.92
-1777.54
-1311.74
-703.389
-50.644
345.755
563.336
925.347
1209.83
1122.3
913.468
810.304
669.001
424.534
142.553
-27.5103
30.0113
120.045
100.038
233.212
549.581
717.769
761.536
851.569
827.81
587.095
286.983
-34.3879
-448.293
-997.874
-1573.72
-1936.35
-2147.06
-2444.67
-2659.75
-2554.71
-2302.11
-2039.51
-1668.13
-1157.31
-576.466
-65.6496
328.248
733.4
1104.16
1247.97
1236.71
1242.34
1186.7
970.989
684.007
447.668
249.469
3.75141
-236.339
-383.269
-500.188
-659.622
-795.923
-826.56
-834.063
-880.33
-867.825
-757.159
-624.609
-526.447
-427.66
-252.595
-26.2598
131.299
223.834
379.517
543.954
541.453
495.811
494.56
388.271
220.708
106.29
-38.7645
-155.058
-217.582
-183.194
183.819
575.841
647.743
853.445
1342.38
1582.47
1591.22
1623.73
1617.48
1601.23
1377.39
765.912
258.847
-69.401
-623.984
-1149.81
-1337.38
-1466.17
-1518.07
-1226.08
-773.415
-333.25
118.795
578.967
1059.77
1384.27
1312.37
1134.18
1083.53
772.79
91.2842
-478.304
-789.046
-1111.04
-1484.31
-1731.9
-1646.87
-1280.48
-964.112
-653.37
-78.1543
520.82
836.564
1059.77
1281.11
1270.48
1029.76
750.907
431.412
3.12617
-493.31
-870.952
-996.624
-1061.65
-1182.94
-1071.03
-666.5
-296.361
-14.3804
335.126
710.892
958.484
1003.5
917.219
848.443
674.628
245.092
-181.318
-468.926
-792.172
-1122.3
-1273.6
-1237.96
-1113.54
-950.356
-697.136
-316.369
30.6365
278.855
570.839
854.07
959.735
935.976
933.475
935.976
854.07
701.513
556.459
502.689
480.18
380.143
311.367
313.868
231.337
105.039
36.2636
-86.9076
-290.734
-536.451
-849.694
-1145.43
-1429.29
-1773.79
-2000.13
-2071.4
-1945.73
-1571.84
-1230.46
-921.596
-346.38
328.873
805.302
1249.84
1667.5
1979.49
2264.6
2242.72
1861.32
1553.71
1266.73
734.025
239.465
-80.03
-427.66
-625.234
-552.707
-480.18
-462.048
-370.139
-259.472
-184.444
-270.727
-579.592
-827.81
-993.498
-1358.63
-1796.92
-1983.24
-1981.37
-1939.48
-1798.8
-1452.42
-852.82
-136.926
498.937
1147.93
1893.84
2467.8
2760.41
2960.49
3026.13
2814.81
2479.05
2124.55
1656.25
1104.79
583.344
201.951
-34.3879
-294.485
-542.078
-578.967
-507.065
-558.96
-650.244
-655.871
-698.387
-824.684
-990.371
-1128.55
-1217.96
-1304.24
-1365.51
-1275.48
-994.748
-692.76
-353.883
146.305
677.129
1116.67
1516.82
1851.94
2038.26
2069.53
1987
1828.19
1586.22
1221.71
825.309
529.574
250.094
-78.1543
-330.749
-481.431
-615.856
-727.148
-832.187
-967.863
-1102.91
-1283.61
-1547.46
-1785.04
-1990.12
-2262.72
-2493.44
-2585.97
-2642.87
-2655.37
-2539.08
-2333.38
-2006.38
-1627.49
-1126.05
-363.261
254.47
633.988
1174.19
1790.05
2110.79
2270.85
2383.39
2366.51
2345.88
2076.4
1461.17
952.232
502.689
-126.297
-657.121
-1014.13
-1379.27
-1583.72
-1498.69
-1345.5
-1218.58
-1057.9
-851.569
-561.461
-411.404
-489.559
-438.915
-265.099
-293.86
-378.892
-215.081
76.9038
358.885
663.374
1042.89
1579.97
2144.55
2485.93
2756.66
3095.54
3226.21
3088.66
2902.96
2612.23
2120.8
1603.1
1124.17
604.602
68.7758
-413.905
-750.907
-899.087
-1051.02
-1218.58
-1165.44
-1026.63
-1033.51
-1004.75
-850.944
-735.276
-660.248
-577.717
-440.79
-206.327
-3.12617
114.418
343.254
665.249
868.451
1002.25
1150.43
1242.34
1254.22
1207.95
1066.02
850.944
570.214
246.342
-42.5159
-326.998
-653.995
-906.59
-1029.14
-1126.05
-1237.34
-1312.37
-1335.5
-1380.52
-1469.93
-1589.97
-1732.52
-1885.08
-2037.64
-2185.82
-2283.98
-2307.12
-2327.75
-2313.99
-2165.19
-1950.11
-1742.53
-1513.69
-1288.61
-1058.52
-845.317
-655.246
-540.203
-383.894
-20.0075
193.197
230.712
455.796
787.17
979.742
1183.57
1383.64
1482.43
1685.01
1711.89
1447.42
1259.85
1091.66
725.272
447.668
295.736
52.5197
-31.2617
131.299
286.983
408.903
609.604
850.319
1124.8
1269.85
1192.95
1184.19
1284.86
1161.06
922.221
837.814
812.18
783.419
776.541
813.43
993.498
1247.97
1371.76
1507.44
1755.03
1852.57
1777.54
1726.27
1629.99
1379.89
1109.79
857.196
551.457
231.337
-28.1356
-186.945
-235.713
-314.493
-430.161
-372.64
-238.214
-257.597
-313.868
-256.346
-249.469
-378.892
-556.459
-713.393
-830.311
-977.241
-1186.7
-1282.98
-1206.7
-1154.81
-1135.43
-965.362
-710.892
-536.451
-354.508
-168.813
-94.4104
-110.041
-192.572
-345.129
-558.96
-859.072
-1223.58
-1471.8
-1662.5
-1930.72
-2115.17
-2163.94
-2170.81
-2155.18
-2112.67
-2032.64
-1897.59
-1784.42
-1730.02
-1619.36
-1458.05
-1399.27
-1363.64
-1237.34
-1126.05
-1066.02
-986.62
-910.967
-872.202
-820.308
-790.296
-744.029
-630.862
-510.191
-412.03
-26.8851
571.464
899.712
1247.34
1891.33
2485.31
2847.32
3190.57
3413.78
3537.58
3643.24
3348.13
2832.31
2479.68
2026.38
1408.03
1056.65
834.688
579.592
596.474
849.694
1084.78
1318.62
1581.22
1846.32
2035.14
1902.59
1565.59
1328.62
1024.13
452.67
-67.5253
-378.267
-583.969
-695.886
-695.886
-500.188
-40.6402
474.553
860.323
1351.13
1885.71
2151.43
2247.09
2272.73
2075.78
1688.76
1250.47
746.53
171.939
-438.915
-944.104
-1254.22
-1519.94
-1788.17
-1893.21
-1817.56
-1698.76
-1638.11
-1614.98
-1487.43
-1334.25
-1389.27
-1507.44
-1522.45
-1596.22
-1739.4
-1841.32
-1915.72
-1952.61
-1943.85
-1896.34
-1745.03
-1546.83
-1403.65
-1224.83
-987.87
-838.439
-795.923
-746.53
-721.521
-802.801
-932.225
-1054.15
-1155.43
-1279.85
-1422.41
-1513.07
-1539.95
-1548.71
-1569.96
-1527.45
-1421.16
-1316.12
-1208.58
-1041.02
-814.055
-585.845
-363.261
-82.5309
220.708
470.802
689.008
859.072
962.861
989.746
940.978
824.059
650.244
448.293
276.354
178.817
156.934
184.444
470.176
1086.66
1586.22
2027.01
2689.13
3363.14
3823.93
4169.06
4312.87
4296.61
4267.23
3848.94
3155.56
2577.84
1946.98
1209.83
717.769
372.015
55.0206
25.0094
230.086
430.787
628.986
864.074
1081.03
1237.96
1094.79
733.4
475.803
180.068
-340.753
-805.302
-1076.03
-1243.59
-1279.23
-1209.2
-1009.13
-595.848
-135.676
213.205
622.108
1011
1149.18
1125.42
1052.27
782.794
339.502
-99.4123
-552.082
-1049.14
-1517.44
-1866.95
-2045.77
-2099.54
-2190.82
-2183.94
-1969.49
-1831.94
-1808.18
-1726.9
-1684.38
-1748.16
-1832.56
-2007.63
-2177.69
-2250.84
-2377.77
-2472.8
-2343.38
-2156.43
-1985.74
-1634.36
-1211.7
-865.95
-523.321
-185.695
65.6496
198.199
214.455
174.44
102.538
-72.5272
-306.99
-471.427
-604.602
-747.155
-798.424
-745.905
-647.743
-501.438
-318.244
-120.045
119.42
352.632
533.95
694.635
850.319
960.36
1029.76
1117.29
1182.94
1226.71
1283.61
1349.26
1408.65
1448.04
1466.17
1448.67
1394.27
1291.11
1127.3
940.978
749.656
566.462
387.02
273.853
216.331
354.508
752.782
1025.38
1241.09
1688.76
2170.19
2431.54
2652.24
2771.04
2756.66
2801.05
2546.58
2010.75
1616.23
1234.21
699.012
362.011
141.928
-130.049
-165.687
-34.3879
-2.50094
10.0038
54.3954
7.50281
-120.67
-478.304
-1003.5
-1401.78
-1785.04
-2332.75
-2751.66
-2876.7
-2867.95
-2694.76
-2357.76
-1880.71
-1184.82
-442.041
128.798
697.136
1252.34
1513.07
1544.33
1493.69
1236.09
838.439
457.672
13.7552
-468.926
-888.458
-1217.33
-1420.53
-1533.07
-1678.13
-1771.91
-1722.52
-1711.27
-1826.31
-1902.59
-1925.72
-1992
-2063.9
-2113.92
-2086.41
-1962.61
-1811.3
-1594.97
-1210.45
-773.415
-387.02
56.2711
518.319
873.453
1149.81
1394.9
1535.58
1548.08
1499.94
1419.91
1291.73
1117.29
892.21
715.268
603.351
443.916
279.48
197.574
140.678
53.1449
-13.7552
-40.015
-48.1431
-66.2749
-68.1506
-20.6327
81.9057
185.069
303.239
488.308
687.758
829.061
938.477
1041.02
1073.53
1027.89
907.215
750.281
562.086
325.747
102.538
-56.8963
-189.446
-334.5
-412.03
-430.787
-430.161
-384.519
-337.001
-213.83
205.077
508.316
567.713
845.317
1186.7
1293.61
1404.28
1569.34
1571.84
1685.63
1674.38
1342.38
1095.41
876.579
438.289
93.1599
-107.54
-438.289
-629.611
-594.598
-614.605
-669.626
-632.112
-588.346
-534.575
-603.976
-825.935
-912.217
-906.59
-1074.78
-1206.08
-1112.29
-975.991
-805.302
-579.592
-340.753
-9.37852
358.885
538.327
681.506
867.2
862.824
717.769
567.713
330.124
13.7552
-226.335
-455.796
-700.888
-869.701
-961.611
-978.492
-937.226
-971.614
-1001
-897.211
-858.447
-949.731
-990.997
-962.236
-952.232
-927.223
-887.833
-785.294
-578.342
-382.643
-212.58
61.273
358.885
562.086
762.161
944.729
1016.63
1009.13
977.241
872.202
684.632
458.922
243.841
78.7795
-105.039
-292.61
-363.261
-378.267
-430.787
-449.544
-402.026
-325.747
-233.838
-175.691
-142.553
-49.3935
25.6346
61.8982
128.798
190.697
206.327
240.09
315.118
332.625
342.003
360.135
350.757
312.617
252.595
175.691
92.5347
2.50094
-121.295
-219.457
-250.094
-316.369
-429.536
-490.184
-544.579
-654.62
-730.274
-780.293
-832.812
-754.658
-645.867
-305.74
297.612
714.018
1083.53
1723.77
2299.61
2619.73
2941.73
3048.64
3009.25
2924.22
2447.79
1761.29
1193.57
481.431
-298.862
-736.526
-1077.9
-1391.77
-1338.63
-1086.03
-891.584
-630.236
-358.259
-166.312
-55.0206
-191.322
-450.794
-558.96
-752.782
-1102.29
-1266.1
-1225.46
-1114.17
-902.213
-593.973
-179.442
351.382
762.786
1019.13
1297.36
1456.17
1322.37
1079.15
815.306
431.412
28.7608
-296.361
-617.106
-917.219
-1126.67
-1262.97
-1307.99
-1325.5
-1443.04
-1486.81
-1407.4
-1458.05
-1546.83
-1489.93
-1392.4
-1291.73
-1118.54
-896.586
-582.719
-228.211
18.1318
276.354
575.216
733.4
779.042
795.298
739.652
587.72
415.156
244.467
61.8982
-87.5328
-200.7
-255.721
-247.593
-241.966
-220.708
-118.169
-20.6327
10.0038
65.0244
100.663
86.2824
95.0356
93.1599
110.666
183.819
245.092
306.365
454.545
614.605
743.404
879.08
996.624
1066.65
1082.28
1046.02
981.618
900.338
751.532
581.468
422.033
265.725
116.919
-10.629
-128.173
-243.216
-338.877
-446.417
-552.082
-625.234
-698.387
-812.805
-895.336
-890.334
-917.844
-840.315
-611.479
-268.226
342.628
990.371
1429.91
1935.73
2540.33
2828.56
2942.98
2956.73
2681.63
2362.14
1945.73
1184.19
425.785
-153.182
-817.807
-1317.99
-1523.07
-1705.01
-1698.76
-1418.03
-1233.59
-1133.55
-967.863
-934.1
-1062.9
-1293.61
-1647.49
-1906.97
-1983.87
-2081.41
-2070.15
-1757.53
-1303.61
-804.677
-243.216
276.979
745.279
1119.79
1241.72
1197.32
1089.16
791.547
326.998
-81.2805
-429.536
-706.515
-819.682
-854.07
-857.196
-756.534
-623.359
-552.082
-533.325
-636.489
-815.931
-909.091
-1033.51
-1237.34
-1282.36
-1149.18
-932.85
-568.338
-81.9057
474.553
1096.66
1598.72
1950.11
2261.47
2410.9
2315.87
2106.41
1837.56
1506.82
1200.45
937.226
720.27
603.351
560.21
550.832
588.971
582.093
483.931
387.02
259.472
15.0056
-247.593
-476.429
-707.14
-832.812
-840.315
-791.547
-616.481
-344.504
-101.913
163.186
463.299
625.234
685.882
725.897
697.136
603.976
508.941
383.269
280.105
239.465
150.682
85.0319
56.8963
-28.7608
-145.054
-273.227
-493.935
-724.647
-926.597
-1171.06
-1386.77
-1522.45
-1576.22
-1534.33
-1369.26
-1207.33
-1086.03
-892.835
-697.136
-625.234
-617.732
-584.594
-482.056
-116.294
206.327
282.606
509.566
902.839
1123.55
1304.24
1460.55
1388.65
1379.27
1265.47
718.394
151.307
-260.723
-847.818
-1313.62
-1522.45
-1778.17
-1763.79
-1387.4
-1127.3
-913.468
-512.692
-238.214
-146.305
-158.81
-366.387
-520.195
-520.82
-642.741
-733.4
-517.069
-166.312
255.721
765.287
1209.83
1655
2074.53
2222.71
2230.84
2232.09
2023.88
1661.25
1358.01
1047.89
764.662
684.007
642.116
573.965
642.116
713.393
702.764
679.63
531.449
277.604
80.6552
-145.054
-424.534
-557.709
-542.704
-473.928
-296.361
9.37852
338.877
670.877
902.213
973.49
1009.75
954.733
692.135
360.135
59.3973
-267.6
-542.704
-702.138
-822.183
-855.946
-754.658
-642.741
-558.96
-528.948
-600.85
-720.27
-873.453
-1082.91
-1290.48
-1431.16
-1526.82
-1530.57
-1404.9
-1195.45
-907.215
-615.231
-391.397
-190.697
-31.887
-31.2617
-141.928
-276.979
-443.916
-612.105
-724.022
-770.289
-765.287
-675.253
-535.201
-373.89
-243.216
-188.196
-174.44
-224.459
-365.762
-565.837
-772.79
-977.867
-1118.54
-1156.68
-1124.8
-991.622
-796.549
-603.351
-370.764
-130.049
-31.2617
-19.3823
-1.25047
-76.2786
-186.945
-165.062
85.6571
604.602
1109.79
1486.18
1988.87
2524.7
2806.05
2890.46
2879.2
2710.39
2483.43
2086.41
1451.79
902.213
507.065
93.1599
-147.555
-122.546
-35.6384
203.201
570.839
785.92
904.089
1041.02
1016.63
767.163
415.781
94.4104
-90.0338
-170.064
-247.593
-160.685
176.316
558.96
876.579
1119.17
1270.48
1312.99
1190.45
895.336
588.971
331.374
14.3804
-268.226
-382.018
-386.395
-313.242
-165.687
-50.0188
-14.3804
-48.7683
-228.211
-552.082
-948.481
-1378.02
-1778.79
-2089.53
-2290.23
-2335.88
-2162.69
-1825.68
-1441.17
-1029.76
-597.724
-283.231
-165.062
-201.325
-356.384
-595.848
-862.824
-1164.19
-1408.65
-1454.92
-1382.39
-1248.59
-1019.13
-729.649
-456.421
-233.838
-133.175
-169.439
-250.719
-358.885
-504.564
-622.108
-653.995
-603.351
-455.796
-225.084
40.6402
347.005
634.613
802.176
874.078
881.581
807.803
674.628
501.438
320.745
221.958
227.585
280.105
383.269
523.946
643.991
739.652
799.05
745.279
612.105
443.916
226.96
23.1337
-105.039
-147.555
-131.924
-36.2636
138.802
357.009
595.848
830.311
1007.25
1096.66
1099.79
1010.38
839.69
582.093
280.105
6.25234
-243.841
-456.421
-543.954
-489.559
-147.555
463.924
918.469
1191.7
1525.57
1775.04
1807.55
1738.15
1510.57
1227.34
1071.03
761.536
259.472
-105.039
-348.256
-635.863
-807.803
-845.317
-828.436
-646.492
-432.662
-393.272
-398.274
-385.77
-526.447
-819.682
-1154.18
-1425.53
-1526.2
-1524.32
-1499.94
-1313.62
-961.611
-590.221
-262.598
-20.6327
144.429
292.61
316.994
200.075
133.8
139.427
93.1599
53.7702
97.5366
152.557
246.968
355.133
328.873
222.583
97.5366
-160.685
-488.308
-770.289
-1062.9
-1319.87
-1433.66
-1481.18
-1412.4
-1138.55
-805.927
-467.675
-106.29
183.194
408.278
572.09
592.097
578.342
596.474
567.088
567.088
627.735
676.504
734.025
801.551
859.697
904.714
919.72
839.065
699.012
580.218
445.167
303.864
208.828
131.924
89.4085
131.924
158.81
146.305
180.693
165.062
85.6571
28.1356
-52.5197
-142.553
-162.561
-151.932
-132.55
-18.757
128.173
226.96
318.244
400.15
413.28
371.389
289.484
125.672
-13.7552
-101.288
-231.337
-331.999
-399.525
-448.918
-425.785
-372.64
-355.758
-313.242
-300.113
-385.144
-470.176
-585.219
-736.526
-849.694
-948.481
-1027.26
-1039.76
-1010.38
-1013.51
-1053.52
-1122.92
-1231.09
-1378.64
-1504.31
-1574.34
-1478.05
-943.479
-331.999
10.629
368.888
783.419
1029.14
1220.46
1320.5
1273.6
1415.53
1501.19
1224.83
920.97
724.022
441.416
198.199
45.6421
-78.7795
-6.25234
206.953
310.742
378.892
459.547
430.787
270.727
21.8832
-226.96
-292.61
-200.7
-125.047
53.7702
387.645
750.281
1065.4
1251.09
1289.23
1314.87
1286.73
1099.79
921.596
882.831
884.707
872.827
898.462
953.483
1032.89
1099.79
1062.9
929.098
750.907
508.941
218.207
-78.7795
-376.391
-602.726
-744.029
-849.068
-855.321
-765.287
-682.131
-558.96
-482.681
-503.939
-468.926
-417.657
-441.416
-453.295
-426.41
-379.517
-250.719
-148.181
-71.902
40.6402
85.0319
53.7702
-0.625234
-126.923
-290.734
-412.655
-550.832
-726.522
-849.068
-923.471
-989.121
-990.997
-986.62
-1012.88
-1018.51
-1041.64
-1092.28
-1097.29
-1052.89
-1025.38
-985.995
-920.97
-820.933
-680.255
-544.579
-431.412
-295.736
-175.691
-109.416
-33.7627
39.3898
73.7777
70.6515
55.6459
2.50094
-68.1506
-113.793
-183.819
-251.969
-270.101
-260.723
-222.583
-126.923
-50.0188
-5.00188
39.3898
72.5272
80.03
50.0188
38.7645
8.75328
-50.644
-58.1468
-18.1318
-23.1337
-28.7608
0
-7.50281
-4.37664
33.7627
173.19
717.144
1417.41
1797.55
2030.76
2167.06
2080.16
1969.49
1821.93
1510.57
1419.28
1422.41
1126.67
794.048
561.461
236.339
-40.6402
-173.19
-365.137
-413.905
-228.211
-65.6496
79.4048
263.849
337.627
289.484
190.697
41.8907
-5.62711
100.663
233.212
412.03
652.12
856.571
1003.5
1075.4
975.366
804.677
639.615
406.402
236.964
218.207
216.331
227.585
304.489
333.875
260.098
143.179
-47.5178
-323.246
-640.865
-999.125
-1341.13
-1561.21
-1658.12
-1670
-1610.6
-1476.8
-1274.85
-1069.78
-848.443
-730.899
-695.261
-655.871
-670.251
-673.378
-597.099
-513.317
-422.658
-230.712
-75.6534
43.7664
171.314
236.339
223.834
178.192
73.7777
-59.3973
-176.316
-321.371
-476.429
-620.858
-732.775
-798.424
-809.053
-799.05
-770.914
-715.893
-663.374
-583.969
-470.176
-364.512
-243.841
-104.414
13.7552
129.424
275.728
403.901
480.805
521.446
558.334
587.095
547.705
462.048
352.007
221.958
98.787
-3.12617
-126.297
-215.081
-243.841
-288.858
-278.855
-223.209
-176.316
-132.55
-84.4067
-61.273
-66.2749
-84.4067
-132.55
-190.697
-236.964
-210.079
-105.039
37.5141
200.075
370.764
522.071
612.73
605.227
495.811
282.606
-3.12617
-298.862
-522.696
-452.67
11.2542
505.815
827.185
1051.02
1032.26
892.835
897.837
900.963
834.688
944.729
1016.63
883.456
753.408
558.334
211.329
-15.6309
-75.6534
-131.924
13.7552
349.506
670.877
964.737
1171.69
1136.68
914.093
641.491
358.885
132.55
16.8813
58.1468
220.708
404.527
583.969
728.398
736.526
602.101
414.53
171.939
-56.8963
-123.171
-102.538
-106.29
-76.9038
-29.386
-68.1506
-100.038
-101.913
-166.938
-231.962
-290.109
-387.02
-448.293
-460.173
-474.553
-452.045
-471.427
-577.091
-691.509
-832.812
-935.351
-941.603
-918.469
-842.816
-699.637
-587.72
-509.566
-455.171
-512.692
-643.991
-757.159
-882.206
-970.989
-968.488
-942.854
-884.707
-785.294
-700.888
-631.487
-575.216
-597.099
-686.507
-754.033
-806.552
-824.059
-772.165
-722.146
-680.255
-587.72
-465.8
-335.126
-181.318
-58.772
0.625234
68.1506
134.425
127.548
101.913
66.2749
-30.0113
-131.924
-221.333
-357.634
-455.796
-475.178
-507.065
-460.173
-318.244
-200.075
-53.7702
110.041
215.081
320.745
457.046
535.826
605.227
702.138
765.912
832.187
927.223
1007.88
1067.28
1143.55
1185.44
1179.19
1161.69
1126.67
1043.52
880.955
697.762
487.058
254.47
37.5141
-150.056
-277.604
-191.947
203.826
679.005
1039.76
1247.97
1207.33
1002.88
937.226
975.366
1038.51
1285.48
1536.83
1536.2
1449.29
1315.49
996.624
750.281
642.741
476.429
419.532
575.216
716.519
805.302
863.449
670.877
245.717
-213.205
-612.105
-890.959
-942.854
-842.191
-772.79
-721.521
-658.997
-662.749
-757.159
-885.957
-1071.65
-1254.85
-1271.1
-1100.41
-800.3
-443.916
-161.936
-38.7645
-25.6346
-86.9076
-173.19
-265.099
-354.508
-426.41
-498.312
-572.715
-632.112
-666.5
-757.159
-905.965
-1082.91
-1300.49
-1453.04
-1438.04
-1334.25
-1166.69
-948.481
-832.187
-828.436
-864.074
-954.108
-1076.03
-1126.67
-1133.55
-1082.28
-885.957
-590.847
-279.48
-5.62711
160.685
192.572
168.813
138.802
127.548
155.683
238.84
370.764
517.694
669.626
777.166
802.801
746.53
642.116
520.195
416.406
349.506
318.244
297.612
288.858
305.114
298.862
275.103
256.971
246.968
227.585
240.715
295.736
371.389
485.182
593.973
639.615
638.364
625.234
596.474
573.965
572.715
582.719
588.971
623.984
667.75
687.758
687.133
658.372
588.346
515.193
457.672
402.651
350.757
278.855
176.941
57.5216
-65.0244
-169.439
-266.35
-355.758
-398.274
-413.905
-409.529
-380.143
-379.517
-388.271
-403.276
-427.66
-331.374
-156.934
-8.12805
148.181
196.324
111.917
145.054
233.838
309.491
515.818
623.359
505.189
385.144
199.45
-78.1543
-153.182
-116.294
-119.42
-41.2655
40.015
-36.8888
-104.414
-132.55
-301.363
-482.681
-603.351
-782.168
-865.324
-722.146
-532.075
-340.753
-127.548
-55.6459
-110.666
-138.177
-164.437
-162.561
-36.2636
128.173
275.728
436.414
572.09
653.995
707.14
724.647
672.752
579.592
488.308
422.658
387.645
367.013
326.998
221.333
80.03
-60.6477
-163.811
-203.201
-185.695
-143.179
-119.42
-129.424
-169.439
-226.96
-276.354
-293.235
-311.992
-339.502
-338.877
-316.369
-270.727
-203.201
-166.312
-170.689
-189.446
-236.339
-284.482
-297.612
-288.858
-273.853
-258.847
-281.356
-359.51
-444.542
-533.95
-635.863
-704.639
-748.406
-788.421
-779.042
-733.4
-684.632
-605.852
-541.453
-523.946
-503.314
-480.18
-472.677
-463.924
-467.05
-488.933
-485.807
-445.792
-392.022
-325.747
-265.099
-207.578
-131.924
-35.6384
71.902
174.44
249.469
290.109
289.484
259.472
206.953
147.555
97.5366
59.3973
55.6459
78.1543
112.542
154.433
200.7
241.341
279.48
337.001
413.28
508.316
610.854
687.758
735.276
770.914
799.05
812.18
819.057
819.682
821.558
852.82
907.84
958.484
1006
1033.51
1036.01
1031.01
1013.51
983.494
945.98
898.462
856.571
831.562
825.935
837.189
844.692
834.688
810.929
774.665
723.396
661.498
589.596
512.067
443.291
406.402
388.896
387.02
396.399
387.645
353.883
301.988
219.457
107.54
-20.6327
-163.186
-308.866
-440.165
-547.705
-632.737
-690.884
-732.775
-774.665
-820.308
-877.204
-940.978
-1012.25
-1091.03
-1160.44
-1206.7
-1224.83
-1213.58
-1177.94
-1134.18
-1079.15
-1009.13
-932.225
-850.944
-794.673
-779.042
-805.302
-874.078
-947.855
-1017.26
-1078.53
-1121.05
-1149.18
-1166.69
-1162.31
-1142.3
-1129.17
-1117.29
-1102.29
-1097.29
-1077.28
-1026.63
-955.983
-864.699
-762.786
-671.502
-585.219
-480.805
-371.389
-252.595
-119.42
-0.625234
103.789
216.331
320.745
417.031
513.943
585.845
635.238
681.506
707.765
715.893
713.393
691.509
655.246
627.11
605.852
602.101
630.862
679.005
738.402
801.551
854.696
897.211
939.727
978.492
1014.13
1059.15
1105.41
1154.81
1221.08
1292.36
1350.51
1394.27
1403.65
1379.27
1341.13
1287.36
1221.71
1155.43
1079.78
999.125
927.223
852.195
767.788
670.877
550.832
419.532
293.86
173.815
78.7795
13.1299
-36.2636
-61.273
-69.401
-66.2749
-63.7739
-62.5234
-68.7758
-90.0338
-118.169
-150.056
-168.813
-173.19
-168.813
-161.31
-161.31
-177.567
-210.079
-251.344
-306.365
-368.888
-444.542
-540.203
-638.364
-736.526
-834.063
-914.093
-973.49
-1012.25
-1016.63
-996.624
-966.612
-925.347
-883.456
-840.315
-794.673
-757.159
-731.524
-724.022
-728.398
-737.777
-750.281
-758.409
-760.285
-764.037
-757.784
-735.276
-702.764
-655.246
-596.474
-525.197
-438.289
-348.256
-257.597
-165.062
-88.7833
-23.7589
33.1374
67.5253
95.0356
110.666
104.414
98.1618
90.659
80.03
81.9057
79.4048
79.4048
90.0338
93.7852
94.4104
91.2842
74.4029
60.0225
60.6477
71.902
105.665
151.932
203.201
266.975
328.873
386.395
440.165
467.675
471.427
460.798
439.54
422.658
415.156
410.154
403.276
389.521
373.89
362.636
358.885
368.888
371.389
364.512
355.133
335.751
323.246
320.12
317.619
328.873
338.877
335.751
333.25
327.623
315.743
295.736
261.973
225.71
191.947
172.565
173.19
182.568
190.697
183.819
152.557
104.414
58.1468
9.37852
-36.2636
-78.1543
-120.045
-153.808
-173.815
-189.446
-193.197
-190.071
-188.196
-175.691
-166.312
-153.808
-133.175
-96.2861
-36.8888
27.5103
92.5347
136.926
147.555
140.053
134.425
131.299
135.051
130.049
101.288
71.2767
43.1412
21.258
11.8795
-1.25047
-16.8813
-40.6402
-67.5253
-90.0338
-109.416
-125.047
-135.051
-131.299
-116.294
-87.5328
-58.772
-37.5141
-20.0075
-10.0038
-2.50094
2.50094
-3.12617
-19.3823
-30.6365
-25.0094
-15.6309
-8.12805
-2.50094
0.625234
8.12805
2.50094
-24.3841
-72.5272
-129.424
-188.821
-247.593
-298.237
-341.378
-371.389
-389.521
-395.773
-388.896
-376.391
-368.263
-359.51
-344.504
-330.749
-308.866
-265.099
-216.331
-175.066
-152.557
-150.056
-176.316
-196.949
-198.825
-133.8
38.1393
205.077
270.101
141.928
-121.921
-385.77
-504.564
-443.916
-249.469
-31.887
25.6346
-134.425
-457.046
-746.53
-820.308
-628.986
-281.981
33.1374
165.062
85.0319
-101.288
-239.465
-243.841
-121.921
67.5253
230.086
291.984
280.105
263.224
271.977
288.233
273.227
245.092
260.098
330.749
418.907
502.063
544.579
509.566
395.148
241.341
150.056
166.938
249.469
336.376
383.269
361.386
281.981
194.448
138.177
125.047
141.928
184.444
271.352
398.9
513.317
588.971
633.363
637.739
601.476
542.704
524.572
574.59
630.862
638.99
619.607
570.839
502.689
427.66
354.508
338.252
345.755
316.369
273.853
236.339
174.44
100.038
35.0131
-8.12805
-30.6365
-80.03
-145.68
-170.064
-183.194
-189.446
-202.576
-228.836
-265.725
-309.491
-328.873
-313.242
-258.222
-221.333
-213.205
-233.212
-303.239
-383.269
-443.916
-460.173
-455.171
-475.178
-511.442
-563.961
-623.984
-667.75
-684.632
-678.379
-695.886
-729.649
-735.276
-724.647
-678.379
-600.85
-527.698
-499.562
-518.945
-580.218
-596.474
-522.071
-465.174
-427.035
-372.015
-292.61
-199.45
-131.299
-95.0356
-34.3879
19.3823
-6.25234
-74.4029
-95.0356
-41.8907
25.0094
36.8888
1.25047
-49.3935
-102.538
-146.93
-167.563
-122.546
-55.0206
-6.87758
31.2617
58.1468
91.9095
131.299
142.553
148.806
173.19
203.826
248.218
327.623
430.787
520.195
565.212
564.587
552.082
527.698
531.449
562.086
597.099
624.609
618.982
586.47
540.828
500.188
465.174
450.169
435.163
401.401
369.514
350.131
348.256
338.252
313.242
275.103
213.205
153.182
108.166
78.1543
81.2805
100.038
110.041
111.292
113.793
118.169
96.2861
45.0169
3.12617
5.00188
35.6384
82.5309
133.175
160.06
159.435
116.294
50.644
-3.75141
-31.887
-34.3879
-43.7664
-53.7702
-48.7683
-60.0225
-94.4104
-125.047
-150.056
-143.179
-111.292
-81.9057
-46.2674
-21.8832
-9.37852
5.00188
-3.12617
-46.8926
-119.42
-198.825
-245.092
-261.348
-260.723
-228.211
-181.943
-146.93
-123.796
-122.546
-118.795
-133.8
-181.943
-215.081
-233.212
-256.971
-275.728
-289.484
-291.984
-293.235
-327.623
-377.642
-405.152
-403.276
-385.144
-363.261
-326.372
-273.853
-243.216
-221.333
-206.953
-215.706
-206.327
-184.444
-166.312
-143.179
-151.932
-163.186
-145.054
-131.924
-138.802
-141.303
-140.678
-139.427
-122.546
-102.538
-81.2805
-84.4067
-108.791
-111.917
-91.9095
-69.401
-63.7739
-81.9057
-106.29
-120.67
-100.663
-66.9001
-61.8982
-65.0244
-50.0188
-6.25234
46.2674
100.038
165.062
232.587
266.975
270.727
290.109
332.625
380.143
396.399
383.269
371.389
354.508
325.747
290.734
248.843
214.455
189.446
161.31
136.926
137.552
151.307
165.687
175.066
174.44
184.444
200.7
236.964
281.356
322.621
365.137
374.515
368.263
362.636
355.133
368.263
388.271
379.517
361.386
357.009
355.133
370.764
383.894
357.634
310.116
261.973
215.706
181.318
156.934
135.051
107.54
73.7777
22.5084
-32.5122
-49.3935
-33.1374
-28.7608
-40.015
-55.6459
-60.0225
-29.386
12.5047
45.0169
65.6496
61.8982
44.3916
35.0131
28.1356
18.1318
-8.12805
-61.8982
-115.668
-160.06
-202.576
-223.834
-231.337
-247.593
-286.983
-350.131
-410.779
-438.289
-435.788
-425.785
-430.787
-462.674
-513.943
-560.21
-585.219
-595.223
-598.975
-608.353
-625.86
-638.99
-632.112
-612.105
-584.594
-560.835
-546.455
-537.702
-529.574
-509.566
-466.425
-407.028
-362.636
-348.881
-353.257
-347.63
-320.12
-279.48
-245.717
-226.96
-220.708
-215.706
-186.32
-133.175
-85.0319
-63.1487
-68.7758
-82.5309
-73.7777
-36.8888
12.5047
69.401
118.795
153.808
175.691
190.071
218.832
276.979
362.636
448.918
517.694
565.837
602.726
642.741
684.007
722.771
759.035
790.296
810.929
827.81
840.315
835.938
812.805
772.165
719.645
674.003
641.491
607.728
563.961
520.82
483.931
452.67
424.534
389.521
358.259
328.873
304.489
289.484
288.233
298.237
304.489
295.111
265.099
218.832
166.312
113.167
74.4029
48.7683
24.3841
-5.00188
-45.0169
-100.038
-153.182
-188.821
-215.081
-230.712
-248.843
-282.606
-320.12
-352.632
-388.271
-427.035
-457.046
-482.056
-505.815
-524.572
-540.203
-555.208
-565.212
-568.338
-572.09
-572.09
-565.837
-556.459
-530.199
-495.186
-470.176
-457.672
-453.295
-448.918
-428.911
-396.399
-359.51
-323.246
-298.862
-286.357
-270.101
-249.469
-235.088
-225.71
-225.084
-222.583
-210.079
-183.194
-148.806
-114.418
-96.2861
-93.1599
-93.1599
-81.9057
-50.644
-10.629
26.2598
56.2711
71.902
75.6534
77.5291
89.4085
116.294
143.179
160.685
165.687
166.312
178.817
213.205
253.22
282.606
294.485
285.732
270.101
268.226
284.482
318.87
357.634
386.395
402.026
408.278
408.278
404.527
397.024
388.271
383.894
380.768
382.643
384.519
379.517
363.261
334.5
304.489
277.604
255.721
241.341
229.461
215.706
197.574
170.064
135.051
96.2861
53.1449
6.25234
-35.6384
-67.5253
-84.4067
-86.9076
-81.2805
-83.1562
-105.039
-146.93
-201.325
-248.218
-271.977
-273.853
-261.348
-247.593
-241.966
-247.593
-259.472
-265.725
-264.474
-256.346
-241.966
-223.834
-203.826
-181.318
-160.06
-143.804
-135.051
-135.051
-144.429
-161.31
-178.192
-184.444
-177.567
-160.685
-149.431
-151.932
-171.939
-205.077
-233.212
-251.344
-251.344
-237.589
-213.83
-181.943
-147.555
-112.542
-76.9038
-41.2655
-5.00188
31.887
60.0225
79.4048
92.5347
105.665
122.546
138.802
149.431
152.557
151.307
157.559
180.693
221.333
268.851
310.116
340.128
355.758
356.384
350.757
349.506
356.384
370.764
378.267
370.139
345.129
311.367
282.606
255.096
231.962
203.826
177.567
160.685
152.557
148.806
135.676
109.416
77.5291
47.5178
30.0113
21.258
16.2561
10.629
-1.8757
-25.6346
-58.1468
-96.9113
-138.802
-178.817
-215.081
-251.969
-285.107
-314.493
-337.627
-354.508
-369.514
-388.896
-408.278
-421.408
-420.783
-412.03
-397.024
-383.269
-374.515
-363.886
-350.757
-338.877
-330.749
-330.124
-332.625
-327.623
-318.244
-310.742
-305.74
-307.615
-306.365
-301.363
-293.86
-275.103
-250.719
-210.704
-161.31
-109.416
-54.3954
-4.37664
43.1412
85.6571
116.919
138.802
153.182
168.813
190.071
212.58
225.084
227.585
223.834
226.335
246.342
276.354
312.617
345.129
363.886
378.892
392.647
404.527
414.53
414.53
409.529
404.527
404.527
410.779
422.033
429.536
431.412
427.66
418.282
413.28
405.152
403.276
400.775
388.896
375.766
356.384
336.376
318.244
298.237
278.229
253.845
231.962
213.83
196.324
171.314
134.425
85.0319
35.0131
-8.12805
-48.1431
-83.7814
-116.919
-150.056
-181.318
-207.578
-230.086
-251.344
-268.226
-280.73
-291.984
-301.988
-315.743
-328.873
-340.753
-348.881
-355.758
-356.384
-352.007
-341.378
-330.124
-319.495
-314.493
-312.617
-310.116
-308.241
-306.99
-308.241
-316.369
-326.998
-337.001
-343.879
-339.502
-328.873
-315.743
-300.738
-289.484
-275.728
-256.346
-240.09
-228.836
-225.084
-226.96
-233.838
-241.966
-247.593
-256.971
-265.725
-275.728
-278.855
-277.604
-269.476
-259.472
-250.094
-240.715
-230.712
-215.081
-192.572
-164.437
-135.051
-104.414
-69.401
-29.386
17.5066
73.7777
131.299
180.068
219.457
248.843
270.101
287.608
304.489
321.996
342.003
364.512
380.768
393.272
405.152
413.28
424.534
441.416
462.674
483.306
506.44
529.574
547.705
553.332
547.705
542.078
533.325
520.82
510.191
493.31
467.05
436.414
403.276
376.391
355.758
339.502
323.246
303.864
285.732
269.476
256.346
250.719
243.841
230.712
214.455
185.695
149.431
113.793
78.1543
47.5178
25.6346
6.87758
-8.75328
-28.7608
-55.0206
-80.6552
-109.416
-139.427
-163.186
-183.819
-201.325
-218.832
-240.715
-270.101
-303.239
-334.5
-358.885
-380.768
-399.525
-415.781
-437.664
-453.295
-463.924
-469.551
-466.425
-460.798
-453.295
-444.542
-437.039
-424.534
-402.651
-378.892
-353.257
-325.747
-301.988
-282.606
-268.226
-257.597
-243.216
-228.211
-205.702
-180.693
-162.561
-146.93
-138.177
-130.674
-120.67
-115.043
-103.164
-84.4067
-63.1487
-43.1412
-30.0113
-27.5103
-28.1356
-26.2598
-21.8832
-20.0075
-18.757
-16.8813
-11.8795
-6.87758
-2.50094
1.8757
3.12617
8.12805
14.3804
21.258
31.2617
41.2655
55.6459
69.401
82.5309
95.0356
98.787
101.288
105.039
104.414
105.039
108.166
109.416
111.917
114.418
111.917
106.29
100.663
93.7852
90.659
90.659
93.1599
100.038
105.665
115.043
125.672
136.926
155.683
173.815
192.572
213.205
225.084
237.589
246.968
251.344
255.721
257.597
263.224
268.851
271.977
270.101
263.849
253.22
240.09
225.084
206.953
191.947
179.442
163.186
146.93
126.297
110.041
96.2861
83.7814
75.0281
68.7758
70.6515
76.9038
86.2824
96.9113
107.54
117.544
128.173
134.425
140.053
146.305
153.182
157.559
161.936
161.936
155.683
146.93
131.924
111.917
88.1581
61.8982
36.8888
13.1299
-9.37852
-33.1374
-60.0225
-88.7833
-116.919
-148.806
-179.442
-202.576
-219.457
-228.836
-231.962
-235.088
-235.713
-231.962
-228.836
-228.836
-231.337
-233.838
-236.339
-238.214
-243.216
-248.843
-255.096
-268.226
-289.484
-316.994
-346.38
-373.265
-393.898
-410.154
-423.909
-437.664
-452.67
-467.05
-480.18
-485.182
-480.18
-467.05
-446.417
-421.408
-397.649
-375.766
-359.51
-344.504
-331.999
-320.12
-305.114
-286.983
-256.346
-216.956
-176.316
-136.301
-103.789
-78.7795
-59.3973
-40.6402
-18.1318
10.0038
39.3898
70.6515
101.913
127.548
147.555
162.561
176.316
193.197
213.83
240.09
268.851
294.485
320.745
343.254
361.386
379.517
395.148
406.402
419.532
432.662
445.792
459.547
468.926
474.553
476.429
472.677
470.176
472.052
474.553
482.056
490.809
495.186
493.31
485.807
474.553
465.8
453.295
441.416
430.161
418.907
407.028
393.898
378.267
360.135
339.502
316.369
290.734
267.6
244.467
222.583
203.201
181.943
161.31
138.802
111.292
83.7814
61.273
41.2655
23.1337
13.1299
-3.12617
-24.3841
-45.0169
-72.5272
-96.9113
-123.171
-152.557
-179.442
-201.325
-225.71
-247.593
-268.851
-296.986
-323.871
-349.506
-376.391
-398.9
-417.657
-437.664
-456.421
-475.178
-492.685
-510.191
-528.323
-547.08
-560.21
-570.839
-577.091
-577.091
-575.841
-570.839
-565.837
-557.084
-547.08
-538.327
-529.574
-519.57
-508.941
-494.56
-480.805
-468.301
-458.922
-448.293
-432.662
-413.905
-385.144
-353.257
-318.244
-281.356
-244.467
-208.203
-170.064
-135.676
-98.787
-57.5216
-15.6309
25.0094
63.7739
96.2861
124.422
148.181
170.689
195.698
224.459
263.224
301.363
342.628
378.892
403.901
420.158
428.286
430.787
431.412
433.913
439.54
444.542
453.92
465.8
476.429
485.182
484.557
476.429
463.299
447.668
438.289
435.788
440.79
448.293
452.67
449.544
435.163
417.031
391.397
360.135
330.749
304.489
284.482
268.851
250.094
228.836
196.949
163.811
131.924
103.164
79.4048
57.5216
40.6402
23.1337
5.62711
-8.12805
-23.7589
-38.1393
-53.7702
-68.1506
-79.4048
-89.4085
-97.5366
-108.791
-120.67
-131.299
-145.68
-158.81
-168.813
-173.19
-173.815
-173.815
-170.689
-170.064
-170.064
-170.689
-175.691
-179.442
-183.194
-186.945
-182.568
-173.19
-157.559
-136.301
-120.045
-108.791
-99.4123
-94.4104
-92.5347
-91.2842
-91.2842
-88.7833
-82.5309
-75.6534
-65.0244
-59.3973
-61.273
-73.1524
-91.2842
-109.416
-121.295
-125.672
-128.798
-131.299
-133.8
-139.427
-148.181
-156.934
-166.312
-175.691
-183.194
-187.57
-183.819
-172.565
-155.058
-137.552
-123.171
-111.292
-101.288
-92.5347
-85.0319
-76.2786
-70.0263
-64.3991
-57.5216
-51.8945
-45.6421
-40.015
-37.5141
-38.7645
-41.8907
-45.6421
-46.2674
-50.0188
-53.7702
-55.6459
-59.3973
-62.5234
-63.1487
-65.0244
-61.8982
-58.772
-57.5216
-51.8945
-46.8926
-38.7645
-28.1356
-16.2561
-3.12617
11.2542
25.0094
40.015
55.0206
65.0244
71.902
76.2786
78.1543
81.2805
87.5328
96.2861
105.039
108.791
107.54
101.913
91.9095
85.6571
83.1562
85.6571
91.2842
101.288
110.041
117.544
121.921
122.546
121.921
121.921
125.672
133.8
147.555
166.938
185.069
199.45
211.954
220.708
226.96
231.962
236.964
245.717
258.847
276.354
294.485
305.74
310.116
308.866
303.239
294.485
285.107
277.604
272.602
265.725
256.346
245.717
231.337
212.58
190.697
167.563
147.555
129.424
113.167
98.787
86.9076
73.1524
61.273
48.1431
34.3879
23.1337
13.7552
9.37852
5.62711
1.25047
-4.37664
-15.6309
-34.3879
-63.1487
-98.1618
-133.8
-167.563
-196.324
-221.958
-243.216
-261.348
-284.482
-308.866
-337.001
-364.512
-388.271
-410.779
-428.911
-442.666
-450.169
-449.544
-446.417
-444.542
-444.542
-445.167
-445.792
-445.792
-444.542
-438.915
-430.787
-418.282
-407.028
-398.274
-393.272
-390.146
-384.519
-375.766
-363.886
-348.256
-328.248
-303.239
-276.979
-254.47
-236.339
-224.459
-215.081
-206.327
-191.322
-172.565
-145.054
-113.167
-76.9038
-35.6384
6.87758
46.8926
81.9057
115.043
146.305
180.068
215.081
251.969
285.732
318.244
352.007
379.517
400.775
415.156
422.033
426.41
424.534
417.031
410.779
402.026
395.148
389.521
387.645
390.146
390.146
390.146
393.898
401.401
412.03
423.909
433.913
440.79
443.291
441.416
432.662
418.907
397.024
373.265
350.757
328.873
306.99
284.482
261.348
238.214
214.455
190.071
164.437
139.427
115.668
93.1599
73.1524
53.7702
35.6384
16.8813
-0.625234
-19.3823
-38.1393
-55.0206
-73.1524
-88.7833
-106.29
-123.171
-137.552
-151.932
-168.813
-184.444
-198.199
-208.828
-216.956
-228.211
-237.589
-241.966
-245.092
-247.593
-252.595
-260.098
-267.6
-276.979
-284.482
-291.984
-298.237
-300.738
-300.738
-300.113
-300.738
-302.613
-303.864
-305.114
-304.489
-299.487
-292.61
-283.856
-274.478
-265.099
-255.096
-247.593
-243.841
-243.216
-239.465
-233.212
-225.084
-213.83
-201.951
-186.945
-171.939
-155.058
-136.301
-117.544
-99.4123
-80.6552
-62.5234
-41.8907
-20.6327
-4.37664
10.629
23.1337
33.1374
45.6421
56.2711
66.2749
80.03
96.9113
118.169
139.427
158.184
176.316
192.572
206.327
215.706
218.207
218.207
216.331
210.079
204.452
198.825
195.073
189.446
183.819
180.068
176.941
175.066
176.316
177.567
179.442
183.194
185.069
181.318
170.064
157.559
142.553
125.672
108.166
90.0338
73.1524
58.772
48.7683
44.3916
42.5159
41.8907
43.7664
45.6421
46.8926
49.3935
50.0188
47.5178
44.3916
39.3898
35.0131
28.7608
20.6327
6.87758
-10.0038
-26.8851
-42.5159
-55.6459
-63.7739
-70.0263
-71.902
-70.0263
-70.6515
-71.902
-73.1524
-77.5291
-78.7795
-80.03
-77.5291
-73.1524
-68.7758
-65.6496
-60.6477
-56.8963
-54.3954
-50.644
-47.5178
-42.5159
-31.2617
-15.0056
1.8757
23.1337
44.3916
62.5234
77.5291
85.6571
91.2842
93.1599
95.6609
98.787
101.913
106.915
110.666
111.292
109.416
105.665
101.913
99.4123
100.038
105.039
113.793
121.295
126.923
129.424
124.422
115.043
102.538
86.9076
71.2767
55.6459
40.015
25.6346
13.1299
-1.25047
-17.5066
-34.3879
-50.644
-66.2749
-80.6552
-92.5347
-100.663
-108.166
-114.418
-120.045
-131.299
-144.429
-159.435
-176.316
-192.572
-208.828
-222.583
-232.587
-239.465
-245.717
-251.344
-254.47
-255.721
-254.47
-251.969
-248.218
-240.715
-234.463
-230.086
-223.834
-221.333
-220.083
-219.457
-220.083
-221.958
-222.583
-221.333
-218.207
-211.954
-205.702
-196.949
-188.821
-176.941
-161.31
-145.054
-127.548
-110.041
-90.659
-71.2767
-52.5197
-36.8888
-21.8832
-9.37852
0.625234
9.37852
20.0075
32.5122
43.7664
56.8963
71.2767
86.9076
105.039
124.422
147.555
171.314
198.825
225.71
253.22
278.855
302.613
321.371
335.751
345.755
348.881
348.256
344.504
341.378
337.001
335.751
332.625
330.124
330.124
328.248
325.747
325.122
325.747
326.998
333.25
338.252
341.378
345.129
347.63
347.63
342.628
333.25
319.495
304.489
285.732
262.598
241.341
218.207
195.698
171.314
147.555
124.422
103.789
83.7814
64.3991
43.7664
21.8832
-1.25047
-25.0094
-48.1431
-72.5272
-96.9113
-124.422
-150.056
-175.691
-200.7
-221.333
-243.216
-266.975
-292.61
-315.743
-335.126
-350.131
-362.011
-372.64
-380.768
-387.645
-393.272
-398.9
-403.276
-409.529
-415.781
-421.408
-425.785
-427.035
-427.035
-422.033
-417.031
-414.53
-411.404
-407.653
-399.525
-387.02
-371.389
-352.007
-330.124
-308.866
-286.357
-262.598
-238.214
-214.455
-190.697
-166.938
-146.305
-124.422
-103.789
-85.0319
-65.6496
-49.3935
-35.6384
-23.7589
-11.8795
1.8757
18.1318
34.3879
51.2692
68.7758
89.4085
109.416
130.674
151.307
170.689
191.322
210.079
226.96
241.341
255.721
272.602
286.983
295.736
303.239
312.617
321.996
330.749
336.376
339.502
343.254
345.129
346.38
345.129
345.755
349.506
353.257
351.382
343.879
335.126
325.747
318.244
305.74
288.858
273.227
258.222
245.092
230.086
214.455
199.45
186.945
175.691
163.186
148.806
135.051
120.67
106.915
90.0338
73.1524
58.1468
41.8907
27.5103
8.75328
-11.2542
-28.7608
-44.3916
-59.3973
-72.5272
-83.1562
-93.1599
-102.538
-115.043
-128.798
-143.179
-161.31
-176.316
-188.821
-202.576
-215.706
-230.712
-242.591
-251.344
-256.346
-256.971
-255.096
-250.719
-242.591
-231.337
-221.333
-210.704
-199.45
-185.695
-174.44
-164.437
-154.433
-143.804
-133.175
-122.546
-112.542
-100.663
-88.7833
-75.6534
-65.0244
-58.772
-54.3954
-55.6459
-58.1468
-61.8982
-68.1506
-73.1524
-76.2786
-79.4048
-81.9057
-83.1562
-83.7814
-83.1562
-80.6552
-76.2786
-68.1506
-58.1468
-48.7683
-37.5141
-28.7608
-21.8832
-16.2561
-11.2542
-6.25234
-3.75141
-1.25047
-0.625234
3.12617
5.62711
8.12805
8.12805
9.37852
10.0038
9.37852
7.50281
2.50094
-0.625234
-5.62711
-10.629
-13.7552
-16.8813
-19.3823
-21.258
-21.258
-20.6327
-16.2561
-8.12805
-0.625234
9.37852
16.8813
26.2598
37.5141
46.8926
55.0206
61.8982
69.401
76.2786
81.9057
88.1581
93.7852
97.5366
101.913
104.414
105.665
107.54
107.54
108.791
109.416
111.292
113.167
113.167
115.668
116.294
118.795
121.921
125.672
128.798
134.425
136.301
136.301
135.051
131.924
127.548
125.672
125.672
126.923
131.299
134.425
138.802
143.804
145.68
148.806
148.806
146.93
143.804
140.053
133.175
123.796
115.668
106.29
97.5366
90.659
85.0319
79.4048
74.4029
69.401
62.5234
56.2711
50.644
43.7664
33.7627
21.8832
9.37852
-4.37664
-20.6327
-36.2636
-51.8945
-66.2749
-78.7795
-92.5347
-105.039
-118.795
-131.924
-143.804
-156.309
-168.813
-180.693
-188.196
-197.574
-207.578
-216.956
-223.209
-230.086
-234.463
-237.589
-242.591
-245.717
-249.469
-250.719
-253.845
-256.346
-256.346
-255.096
-252.595
-250.094
-245.092
-240.09
-234.463
-230.086
-224.459
-218.832
-213.205
-206.953
-198.825
-189.446
-178.817
-166.312
-153.182
-138.177
-121.295
-105.039
-88.7833
-71.2767
-53.7702
-36.8888
-18.1318
0
17.5066
33.1374
47.5178
61.273
71.902
81.2805
88.7833
96.9113
105.039
112.542
120.67
128.798
138.177
149.431
161.31
171.939
183.194
193.197
204.452
216.956
228.211
239.465
245.092
251.344
255.096
256.346
256.346
255.721
254.47
253.845
253.845
251.969
251.969
250.094
246.342
243.216
238.214
232.587
224.459
215.706
208.828
201.951
195.073
186.32
174.44
163.186
151.932
140.053
128.798
115.043
101.288
87.5328
75.0281
64.3991
52.5197
41.2655
28.7608
15.6309
1.8757
-13.1299
-27.5103
-41.8907
-58.1468
-74.4029
-90.0338
-106.915
-121.921
-136.301
-148.181
-157.559
-165.687
-175.066
-183.194
-189.446
-194.448
-198.199
-201.325
-203.201
-204.452
-205.702
-206.953
-208.828
-208.203
-206.953
-210.079
-212.58
-214.455
-215.706
-213.83
-210.704
-206.953
-204.452
-201.325
-195.698
-193.197
-190.071
-185.069
-178.817
-170.689
-161.31
-151.307
-137.552
-123.796
-108.791
-92.5347
-78.1543
-64.3991
-51.8945
-43.7664
-35.6384
-26.2598
-19.3823
-12.5047
-4.37664
4.37664
15.6309
27.5103
40.6402
52.5197
63.7739
75.0281
85.0319
95.0356
104.414
112.542
121.295
129.424
136.301
141.303
142.553
143.804
145.054
142.553
141.303
140.678
138.802
139.427
139.427
138.177
137.552
132.55
126.923
119.42
108.166
99.4123
90.659
80.03
72.5272
67.5253
63.1487
58.772
51.8945
45.0169
37.5141
31.2617
21.8832
10.629
2.50094
-7.50281
-13.7552
-18.1318
-22.5084
-22.5084
-21.8832
-20.6327
-17.5066
-15.6309
-13.1299
-10.629
-8.75328
-6.87758
-7.50281
-8.12805
-7.50281
-6.25234
-3.75141
-2.50094
0.625234
3.12617
5.62711
9.37852
13.1299
16.2561
18.757
21.8832
24.3841
27.5103
30.6365
32.5122
33.1374
34.3879
36.2636
39.3898
41.2655
42.5159
42.5159
43.7664
41.2655
38.7645
34.3879
30.0113
26.2598
24.3841
24.3841
23.1337
22.5084
23.7589
21.8832
18.757
15.6309
10.0038
5.00188
-1.25047
-5.00188
-6.25234
-7.50281
-6.87758
-9.37852
-15.0056
-21.258
-28.7608
-36.2636
-45.0169
-50.644
-58.1468
-61.8982
-65.6496
-68.1506
-69.401
-70.6515
-70.0263
-71.2767
-71.902
-73.1524
-78.1543
-81.9057
-87.5328
-93.1599
-95.6609
-96.2861
-95.6609
-94.4104
-91.9095
-90.0338
-90.0338
-92.5347
-96.2861
-100.038
-103.789
-103.789
-103.789
-101.288
-96.9113
-95.0356
-92.5347
-93.7852
-93.7852
-93.1599
-95.6609
-92.5347
-88.1581
-82.5309
-75.6534
-70.0263
-63.1487
-56.8963
-49.3935
-43.1412
-37.5141
-30.0113
-25.6346
-17.5066
-11.8795
-3.12617
5.62711
13.7552
24.3841
31.887
38.7645
45.6421
52.5197
59.3973
67.5253
75.0281
82.5309
91.9095
102.538
114.418
125.672
135.051
142.553
150.682
156.934
164.437
171.314
179.442
185.695
188.821
194.448
199.45
203.826
205.702
204.452
202.576
201.325
202.576
200.7
200.075
197.574
194.448
193.197
190.071
186.945
179.442
169.439
159.435
150.056
143.179
134.425
123.171
110.666
99.4123
88.1581
78.1543
66.9001
52.5197
39.3898
25.0094
12.5047
0.625234
-10.629
-21.258
-33.1374
-48.1431
-59.3973
-72.5272
-85.0319
-98.1618
-113.167
-126.297
-138.802
-151.307
-164.437
-176.941
-190.071
-201.325
-211.329
-220.708
-229.461
-238.84
-247.593
-253.845
-258.847
-261.973
-262.598
-264.474
-265.725
-268.226
-268.226
-267.6
-266.35
-262.598
-259.472
-253.22
-245.717
-236.964
-228.211
-219.457
-210.704
-204.452
-193.823
-182.568
-167.563
-152.557
-139.427
-127.548
-115.668
-100.038
-85.0319
-68.7758
-54.3954
-40.015
-25.0094
-10.0038
2.50094
15.0056
30.0113
46.8926
65.0244
83.1562
100.038
115.668
127.548
137.552
148.181
160.06
173.815
188.196
201.325
211.329
217.582
223.834
228.211
233.212
237.589
245.092
253.22
260.098
264.474
263.849
260.723
255.096
250.094
245.717
240.715
237.589
235.088
229.461
222.583
215.081
209.454
203.826
200.7
193.823
185.695
175.066
161.31
145.054
128.173
113.167
100.038
88.1581
76.2786
65.0244
51.2692
36.8888
20.0075
3.75141
-8.75328
-20.0075
-31.2617
-40.6402
-52.5197
-65.6496
-80.03
-96.2861
-111.292
-124.422
-132.55
-139.427
-145.68
-150.682
-156.934
-162.561
-170.064
-177.567
-183.194
-185.695
-188.196
-191.322
-195.073
-197.574
-200.7
-203.826
-204.452
-203.826
-200.7
-195.698
-190.697
-185.695
-180.693
-173.19
-164.437
-156.934
-150.056
-145.68
-141.303
-138.177
-134.425
-128.173
-119.42
-108.791
-95.0356
-80.6552
-67.5253
-53.7702
-41.2655
-30.0113
-20.6327
-12.5047
-4.37664
5.00188
11.8795
16.8813
24.3841
31.887
43.1412
55.0206
65.6496
76.2786
85.6571
93.7852
99.4123
105.665
110.666
116.919
123.171
127.548
129.424
130.049
130.674
128.173
125.672
126.297
126.923
129.424
131.924
133.175
132.55
131.299
128.798
125.672
119.42
111.917
104.414
98.1618
90.659
81.9057
73.7777
65.6496
56.8963
50.0188
43.1412
38.1393
35.0131
31.887
25.0094
16.8813
6.87758
-3.12617
-13.7552
-21.258
-28.1356
-31.887
-40.015
-49.3935
-58.1468
-67.5253
-76.2786
-80.6552
-81.9057
-81.2805
-77.5291
-75.0281
-75.6534
-75.6534
-76.9038
-78.7795
-82.5309
-85.0319
-85.6571
-86.2824
-83.7814
-80.6552
-74.4029
-68.1506
-63.1487
-58.772
-54.3954
-50.0188
-45.6421
-41.8907
-37.5141
-33.7627
-29.386
-25.6346
-18.1318
-8.75328
1.8757
15.6309
24.3841
32.5122
41.2655
48.1431
51.8945
56.8963
62.5234
66.9001
70.6515
72.5272
76.9038
81.2805
83.1562
84.4067
85.6571
85.6571
85.6571
86.2824
85.6571
83.7814
85.0319
84.4067
82.5309
80.6552
78.7795
76.9038
71.902
65.6496
59.3973
54.3954
46.8926
41.8907
37.5141
32.5122
30.0113
26.8851
22.5084
14.3804
8.12805
-2.50094
-11.8795
-16.2561
-21.258
-25.6346
-30.0113
-37.5141
-44.3916
-52.5197
-60.6477
-68.1506
-75.0281
-81.2805
-86.9076
-92.5347
-98.1618
-102.538
-105.039
-107.54
-109.416
-110.666
-111.292
-111.292
-112.542
-113.167
-113.793
-113.167
-113.167
-114.418
-112.542
-110.041
-108.166
-105.665
-104.414
-101.288
-98.787
-95.6609
-93.1599
-91.9095
-93.1599
-93.1599
-89.4085
-83.7814
-75.0281
-65.0244
-53.1449
-43.1412
-33.1374
-25.0094
-18.757
-11.8795
-2.50094
6.25234
17.5066
27.5103
36.2636
45.0169
52.5197
60.6477
68.7758
77.5291
88.1581
96.2861
103.789
111.292
119.42
128.173
135.051
141.928
145.68
148.181
148.181
149.431
152.557
156.934
161.31
165.062
171.314
175.066
175.691
173.815
168.188
164.437
163.811
162.561
161.936
160.685
160.06
158.81
154.433
147.555
140.053
131.299
119.42
108.166
95.6609
85.0319
75.0281
65.6496
55.0206
47.5178
38.1393
26.8851
13.7552
-2.50094
-19.3823
-34.3879
-48.1431
-62.5234
-76.2786
-89.4085
-98.787
-109.416
-120.67
-130.674
-141.928
-155.058
-166.312
-173.815
-178.817
-183.819
-188.196
-192.572
-192.572
-193.823
-198.199
-204.452
-210.704
-211.329
-212.58
-215.081
-218.832
-221.958
-221.333
-217.582
-213.205
-206.953
-199.45
-191.322
-184.444
-177.567
-167.563
-157.559
-146.93
-133.8
-121.295
-106.915
-90.659
-75.6534
-63.1487
-50.644
-34.3879
-18.1318
-0.625234
16.8813
33.1374
48.1431
60.6477
73.1524
83.1562
95.0356
105.039
114.418
123.171
132.55
146.305
158.184
167.563
173.815
178.192
178.817
181.318
181.943
180.068
179.442
175.066
171.939
169.439
171.314
172.565
173.815
171.314
170.064
167.563
162.561
156.309
146.93
137.552
129.424
123.171
116.919
110.666
105.665
98.1618
91.2842
83.1562
75.0281
67.5253
58.772
50.0188
40.015
33.1374
28.7608
21.8832
13.1299
0
-14.3804
-25.0094
-35.6384
-43.1412
-45.0169
-46.8926
-46.2674
-44.3916
-43.1412
-43.7664
-43.1412
-46.2674
-50.0188
-53.7702
-59.3973
-63.1487
-69.401
-75.0281
-78.7795
-81.9057
-83.1562
-85.0319
-86.9076
-87.5328
-85.6571
-83.1562
-80.6552
-79.4048
-80.6552
-80.6552
-80.03
-79.4048
-76.2786
-77.5291
-80.03
-82.5309
-84.4067
-83.1562
-81.2805
-77.5291
-72.5272
-67.5253
-62.5234
-58.1468
-56.2711
-54.3954
-55.0206
-54.3954
-53.7702
-49.3935
-45.6421
-40.015
-37.5141
-35.0131
-31.2617
-28.1356
-23.1337
-19.3823
-18.757
-16.2561
-15.6309
-13.7552
-9.37852
-9.37852
-10.0038
-8.75328
-6.25234
-1.8757
4.37664
7.50281
8.75328
10.0038
12.5047
17.5066
21.8832
21.8832
21.8832
19.3823
18.1318
19.3823
18.1318
15.6309
13.7552
12.5047
15.0056
18.757
20.6327
23.1337
24.3841
26.8851
30.6365
34.3879
35.0131
35.6384
36.2636
37.5141
41.2655
45.0169
49.3935
48.7683
46.8926
45.6421
44.3916
46.8926
51.2692
55.0206
58.1468
59.3973
60.6477
65.6496
68.1506
70.6515
72.5272
71.902
71.902
70.0263
67.5253
63.1487
57.5216
53.1449
51.8945
54.3954
56.2711
55.6459
50.644
45.0169
42.5159
42.5159
45.6421
45.6421
45.0169
41.8907
38.7645
40.015
39.3898
38.7645
38.1393
32.5122
25.0094
16.8813
10.0038
5.00188
3.75141
4.37664
5.62711
6.25234
6.25234
5.62711
3.75141
-2.50094
-8.75328
-15.0056
-18.757
-23.1337
-26.8851
-33.1374
-39.3898
-46.2674
-51.2692
-56.2711
-62.5234
-68.1506
-72.5272
-74.4029
-76.2786
-78.1543
-81.9057
-87.5328
-91.9095
-94.4104
-96.9113
-100.038
-103.164
-107.54
-111.292
-113.793
-120.045
-125.047
-128.798
-129.424
-128.798
-128.798
-127.548
-126.923
-126.297
-126.297
-123.796
-120.67
-118.795
-113.793
-112.542
-108.791
-105.039
-100.038
-93.7852
-91.2842
-86.2824
-83.7814
-76.9038
-69.401
-61.273
-50.0188
-41.8907
-32.5122
-22.5084
-14.3804
-6.25234
2.50094
10.0038
17.5066
28.1356
37.5141
45.6421
53.1449
58.1468
63.7739
71.902
79.4048
88.1581
95.0356
104.414
115.668
128.173
136.926
141.928
146.93
150.056
154.433
158.184
161.31
165.687
168.813
175.066
178.817
181.943
180.693
177.567
176.316
176.316
178.192
180.068
180.068
180.693
179.442
175.691
170.064
161.936
153.808
142.553
134.425
128.173
122.546
117.544
107.54
98.787
88.1581
78.7795
69.401
59.3973
48.7683
37.5141
30.0113
23.1337
15.0056
5.00188
-6.87758
-18.757
-31.2617
-41.8907
-51.8945
-61.8982
-71.2767
-83.7814
-95.6609
-103.789
-111.917
-119.42
-128.798
-136.301
-142.553
-149.431
-153.808
-160.685
-169.439
-178.817
-185.695
-190.697
-195.073
-196.324
-196.324
-194.448
-190.071
-187.57
-188.196
-190.071
-188.821
-186.32
-180.693
-173.815
-166.312
-157.559
-151.307
-145.054
-138.177
-134.425
-130.674
-126.297
-121.921
-115.043
-105.039
-93.7852
-83.7814
-71.902
-60.6477
-47.5178
-36.2636
-26.2598
-16.2561
-8.75328
0
6.87758
16.2561
26.2598
36.2636
46.8926
56.2711
66.9001
76.2786
85.0319
91.9095
100.663
109.416
116.294
122.546
126.297
130.049
133.8
139.427
141.303
141.303
141.303
138.802
134.425
131.299
130.049
128.173
126.923
125.672
125.047
125.672
123.796
121.921
116.294
111.292
106.915
103.164
96.9113
90.0338
83.1562
78.1543
71.902
66.9001
63.1487
58.1468
51.8945
42.5159
31.2617
21.8832
13.7552
7.50281
1.8757
-4.37664
-7.50281
-14.3804
-21.258
-25.0094
-29.386
-31.887
-32.5122
-34.3879
-35.6384
-38.1393
-41.2655
-40.015
-41.2655
-41.8907
-41.8907
-44.3916
-47.5178
-50.0188
-49.3935
-46.2674
-45.0169
-44.3916
-41.2655
-40.6402
-39.3898
-39.3898
-39.3898
-36.2636
-34.3879
-30.0113
-25.6346
-25.0094
-20.6327
-15.0056
-12.5047
-10.629
-8.12805
-5.00188
-0.625234
0.625234
1.8757
3.12617
0.625234
-0.625234
-2.50094
-4.37664
-5.00188
-5.00188
-5.62711
-5.62711
-6.25234
-5.62711
-5.00188
-5.00188
-4.37664
-3.12617
-5.62711
-7.50281
-11.2542
-10.629
-8.12805
-8.75328
-8.75328
-10.0038
-11.2542
-14.3804
-18.757
-23.7589
-27.5103
-28.7608
-29.386
-29.386
-29.386
-32.5122
-37.5141
-43.1412
-48.7683
-51.8945
-53.7702
-56.8963
-56.8963
-55.6459
-53.7702
-53.1449
-51.8945
-52.5197
-50.644
-51.2692
-49.3935
-47.5178
-47.5178
-46.2674
-45.6421
-45.0169
-43.1412
-40.015
-35.0131
-30.0113
-25.0094
-20.6327
-18.1318
-15.0056
-10.0038
-4.37664
1.8757
5.00188
8.12805
11.2542
13.7552
17.5066
20.6327
26.2598
31.887
40.015
46.8926
51.2692
56.2711
59.3973
61.273
66.9001
68.1506
70.0263
73.1524
75.0281
80.03
84.4067
84.4067
88.1581
90.659
93.7852
101.288
103.164
103.789
104.414
102.538
101.913
103.164
103.164
104.414
103.164
101.288
99.4123
96.2861
95.6609
95.0356
93.7852
91.2842
88.1581
84.4067
80.6552
76.2786
72.5272
67.5253
60.6477
54.3954
48.1431
41.2655
36.8888
31.887
28.1356
23.1337
16.8813
9.37852
1.8757
-7.50281
-15.6309
-25.6346
-36.2636
-42.5159
-48.7683
-55.6459
-60.0225
-66.2749
-72.5272
-77.5291
-86.2824
-92.5347
-96.2861
-102.538
-103.164
-107.54
-112.542
-116.919
-125.047
-133.175
-141.303
-149.431
-154.433
-158.184
-158.81
-158.184
-157.559
-158.184
-159.435
-161.31
-162.561
-160.685
-157.559
-152.557
-149.431
-144.429
-139.427
-134.425
-126.923
-118.795
-110.666
-102.538
-98.1618
-91.9095
-88.1581
-83.7814
-77.5291
-66.2749
-55.0206
-45.0169
-33.1374
-24.3841
-16.8813
-8.12805
-1.8757
6.25234
14.3804
23.7589
35.6384
46.2674
56.2711
68.1506
77.5291
84.4067
93.1599
96.9113
101.288
105.665
110.666
116.919
120.67
125.047
129.424
132.55
137.552
139.427
140.678
143.179
145.054
145.054
144.429
143.179
142.553
143.179
141.928
141.928
139.427
137.552
135.676
133.175
131.299
131.299
128.798
128.173
128.798
127.548
125.672
120.67
115.043
110.666
103.164
95.6609
89.4085
82.5309
78.1543
71.902
64.3991
55.0206
47.5178
40.015
33.7627
29.386
23.7589
21.8832
18.1318
14.3804
10.629
4.37664
-3.12617
-11.8795
-23.1337
-33.1374
-46.8926
-59.3973
-69.401
-78.1543
-86.2824
-93.1599
-100.663
-108.166
-115.668
-120.67
-125.672
-131.924
-136.301
-138.802
-142.553
-145.054
-145.68
-148.181
-149.431
-149.431
-151.307
-151.932
-152.557
-153.808
-153.808
-152.557
-150.682
-150.056
-150.682
-148.181
-143.804
-142.553
-140.053
-135.051
-129.424
-123.171
-115.043
-105.665
-97.5366
-86.9076
-76.2786
-67.5253
-58.1468
-47.5178
-38.7645
-30.0113
-23.1337
-16.8813
-10.629
-3.12617
4.37664
12.5047
21.258
30.6365
38.7645
47.5178
55.0206
63.7739
70.0263
73.7777
77.5291
80.6552
83.7814
86.2824
88.1581
90.0338
90.659
92.5347
98.787
103.789
105.665
108.791
108.791
110.041
109.416
108.166
107.54
104.414
100.038
96.9113
93.7852
91.9095
91.9095
89.4085
86.9076
82.5309
76.9038
73.1524
67.5253
64.3991
61.273
55.6459
50.644
47.5178
41.2655
36.8888
31.2617
23.7589
18.1318
16.2561
14.3804
15.6309
16.8813
17.5066
18.757
16.8813
14.3804
13.1299
7.50281
2.50094
-4.37664
-8.75328
-11.8795
-13.7552
-13.7552
-14.3804
-14.3804
-13.7552
-13.7552
-15.0056
-15.6309
-18.1318
-21.8832
-25.0094
-27.5103
-27.5103
-28.1356
-30.0113
-31.2617
-32.5122
-33.7627
-32.5122
-30.6365
-28.7608
-26.8851
-25.0094
-23.1337
-21.8832
-21.8832
-21.8832
-24.3841
-26.8851
-27.5103
-28.1356
-31.2617
-31.887
-31.887
-31.887
-29.386
-27.5103
-25.6346
-23.7589
-24.3841
-25.6346
-26.8851
-29.386
-31.2617
-31.2617
-29.386
-25.6346
-23.1337
-20.0075
-17.5066
-18.757
-19.3823
-22.5084
-25.0094
-26.8851
-26.2598
-25.6346
-23.7589
-20.6327
-16.8813
-16.2561
-18.1318
-19.3823
-20.0075
-20.0075
-20.0075
-19.3823
-18.1318
-20.0075
-18.757
-19.3823
-18.757
-16.2561
-17.5066
-19.3823
-20.6327
-20.6327
-20.6327
-20.6327
-19.3823
-18.757
-19.3823
-18.1318
-19.3823
-19.3823
-20.0075
-18.1318
-15.6309
-11.2542
-5.62711
0
2.50094
5.00188
8.75328
11.8795
14.3804
16.2561
21.258
27.5103
33.1374
38.7645
44.3916
48.7683
51.8945
53.7702
58.1468
63.7739
66.9001
71.902
74.4029
79.4048
83.1562
85.6571
89.4085
89.4085
91.2842
91.9095
91.2842
94.4104
93.7852
93.1599
91.2842
88.1581
86.2824
82.5309
77.5291
71.902
69.401
65.0244
63.7739
61.273
56.2711
50.644
44.3916
40.6402
36.8888
32.5122
28.7608
21.258
15.6309
9.37852
1.25047
-3.75141
-8.12805
-11.2542
-15.0056
-18.757
-23.1337
-26.8851
-33.1374
-36.8888
-39.3898
-43.1412
-47.5178
-51.2692
-55.6459
-58.772
-63.1487
-68.1506
-72.5272
-75.6534
-78.1543
-81.9057
-85.6571
-87.5328
-91.9095
-95.6609
-97.5366
-98.787
-98.787
-98.1618
-98.1618
-99.4123
-100.038
-101.913
-105.039
-106.915
-107.54
-107.54
-106.915
-106.29
-103.789
-101.913
-100.038
-96.2861
-93.1599
-89.4085
-86.2824
-81.2805
-76.9038
-72.5272
-68.7758
-63.1487
-58.772
-55.0206
-50.0188
-46.8926
-41.8907
-38.1393
-35.0131
-30.0113
-23.7589
-16.8813
-8.12805
0.625234
11.8795
20.6327
30.6365
40.6402
48.7683
55.0206
60.0225
65.6496
71.2767
77.5291
81.9057
86.2824
91.9095
96.9113
101.913
104.414
108.166
111.917
111.917
112.542
111.917
111.292
110.666
106.29
103.789
101.288
99.4123
95.6609
89.4085
83.1562
76.9038
70.0263
64.3991
59.3973
53.1449
46.8926
40.6402
35.0131
33.1374
31.2617
28.7608
28.7608
28.7608
26.2598
23.1337
16.2561
10.0038
4.37664
0.625234
-1.25047
-3.12617
-1.8757
0
1.8757
5.00188
8.12805
12.5047
16.2561
19.3823
23.1337
26.8851
31.2617
33.7627
34.3879
33.1374
31.2617
28.7608
27.5103
26.2598
25.6346
25.6346
28.1356
28.7608
26.8851
23.1337
19.3823
15.6309
11.8795
7.50281
3.12617
-2.50094
-9.37852
-16.2561
-24.3841
-33.1374
-41.8907
-49.3935
-54.3954
-57.5216
-60.6477
-63.7739
-66.2749
-70.6515
-73.7777
-75.0281
-77.5291
-76.9038
-77.5291
-78.7795
-78.7795
-79.4048
-80.03
-80.03
-80.6552
-81.9057
-80.6552
-81.2805
-81.2805
-81.2805
-83.1562
-85.0319
-86.2824
-90.0338
-90.659
-90.0338
-87.5328
-85.0319
-81.2805
-80.6552
-81.9057
-82.5309
-83.1562
-80.03
-75.0281
-69.401
-63.1487
-58.772
-51.2692
-42.5159
-36.8888
-31.2617
-24.3841
-16.8813
-7.50281
1.25047
9.37852
16.2561
23.1337
30.0113
35.0131
39.3898
43.1412
45.0169
49.3935
50.644
51.8945
51.2692
50.644
52.5197
53.7702
56.8963
60.6477
63.1487
65.0244
66.9001
68.1506
68.7758
69.401
70.0263
70.6515
71.2767
76.2786
81.2805
86.2824
88.7833
91.2842
91.2842
93.7852
96.2861
99.4123
101.288
103.164
105.665
105.039
103.164
98.1618
93.7852
91.2842
88.1581
84.4067
80.03
77.5291
78.1543
78.7795
78.7795
78.7795
78.1543
76.9038
75.0281
71.902
69.401
64.3991
59.3973
54.3954
47.5178
43.7664
39.3898
35.0131
30.0113
22.5084
16.8813
13.7552
8.75328
1.25047
-5.62711
-11.2542
-16.2561
-21.258
-26.8851
-33.1374
-41.2655
-48.1431
-55.0206
-62.5234
-72.5272
-80.6552
-86.2824
-92.5347
-98.1618
-103.789
-106.29
-109.416
-110.666
-113.167
-116.919
-121.921
-126.297
-131.299
-134.425
-136.926
-140.053
-141.928
-144.429
-146.93
-148.806
-149.431
-149.431
-148.181
-147.555
-145.68
-140.678
-136.926
-133.175
-131.924
-130.049
-125.672
-121.921
-116.919
-110.666
-106.29
-100.038
-93.1599
-87.5328
-81.2805
-75.0281
-68.7758
-58.772
-50.644
-40.6402
-30.0113
-20.0075
-9.37852
-1.8757
6.87758
16.8813
27.5103
37.5141
49.3935
58.772
66.9001
74.4029
81.9057
89.4085
95.6609
102.538
108.166
113.793
121.295
128.798
136.301
143.179
148.181
151.307
155.058
158.81
161.31
163.186
164.437
165.687
167.563
168.188
166.938
163.811
160.685
159.435
156.309
153.808
153.182
153.182
148.181
143.804
138.802
133.175
126.923
120.67
116.919
113.167
109.416
105.039
100.663
92.5347
83.1562
71.2767
60.0225
52.5197
45.6421
36.8888
28.1356
19.3823
11.2542
3.12617
