SAMPLES: 7682
BITSPERSAMPLE:	16
CHANNELS:	1
SAMPLERATE:	16000
NORMALIZED:	FALSE
11.0963
9.98668
5.91804
11.4662
7.76742
7.02767
4.8084
3.32889
1.10963
4.8084
7.39754
2.21926
7.02767
4.06865
3.69877
2.58914
2.21926
-0.739754
-2.95902
3.69877
-2.95902
-6.65779
-3.32889
-7.76742
-7.39754
-7.39754
-8.1373
-9.24693
-7.76742
-12.2059
-14.7951
-7.76742
-7.39754
-12.5758
-11.8361
-12.2059
-15.9047
-15.5348
-17.7541
-11.0963
-4.8084
-7.76742
-13.3156
-8.87705
-7.39754
-10.3566
-8.87705
-5.91804
3.69877
4.8084
-3.69877
-5.17828
0.739754
0
2.58914
1.47951
5.17828
12.2059
6.65779
7.39754
7.39754
10.3566
11.4662
10.3566
11.8361
9.61681
11.4662
13.3156
14.0553
17.3842
18.4939
17.0144
14.7951
13.3156
9.61681
10.3566
14.0553
11.8361
14.0553
14.4252
11.0963
7.39754
8.87705
6.28791
5.54816
10.3566
6.28791
5.91804
4.06865
-1.84939
-1.84939
-1.47951
-1.47951
-3.69877
-5.17828
-9.61681
-7.76742
-7.76742
-9.24693
-6.28791
-6.28791
-6.28791
-8.1373
-7.76742
-6.28791
-2.21926
-3.32889
-2.95902
-1.10963
-2.21926
0.369877
-0.369877
-2.21926
1.10963
-1.84939
-6.65779
-9.61681
-10.7264
-11.4662
-11.8361
-9.98668
-9.98668
-7.39754
-6.65779
-10.3566
-9.61681
-7.76742
-8.87705
-7.76742
-6.65779
-6.65779
-6.28791
-5.54816
-8.87705
-10.7264
-8.1373
-8.1373
-7.39754
-7.76742
-6.65779
-6.65779
-7.39754
-6.65779
-10.3566
-9.61681
-6.65779
-9.61681
-7.76742
-4.06865
-5.54816
0
2.95902
2.58914
7.39754
9.24693
7.02767
7.02767
8.50718
11.0963
13.6855
11.0963
9.24693
8.50718
8.50718
8.1373
9.61681
11.4662
13.3156
15.165
13.6855
14.0553
12.9457
9.98668
7.39754
4.8084
8.87705
8.87705
9.61681
11.0963
12.2059
16.6445
17.3842
22.9324
27.7408
29.5902
29.9601
27.001
22.9324
16.6445
6.65779
-5.17828
-15.165
-22.9324
-29.5902
-35.5082
-35.5082
-34.3986
-29.5902
-24.042
-17.3842
-4.06865
5.91804
13.3156
16.6445
16.6445
14.7951
9.61681
4.06865
-2.21926
-8.1373
-16.2746
-20.3432
-21.4529
-22.1926
-18.4939
-17.0144
-15.5348
-14.4252
-16.6445
-21.4529
-27.001
-33.6588
-42.5359
-50.6732
-57.331
-59.1804
-59.1804
-55.8515
-52.5226
-51.7828
-45.125
-38.4672
-32.5492
-21.4529
-15.5348
-9.98668
-1.84939
7.02767
19.9734
40.6865
64.3586
88.0308
109.114
124.649
141.663
157.198
161.266
155.718
140.923
119.84
94.3187
61.0297
28.4805
0.739754
-27.001
-50.6732
-70.2767
-79.5236
-77.6742
-73.6056
-69.167
-59.5502
-49.5635
-39.9467
-32.9191
-25.5215
-11.8361
0.369877
14.4252
32.1793
55.1117
73.9754
87.291
96.9078
99.497
97.2777
81.0031
59.5502
36.9877
8.1373
-27.3709
-64.7285
-92.8392
-109.854
-120.95
-122.799
-113.922
-100.607
-86.5513
-76.1947
-71.7562
-69.9068
-79.8935
-99.497
-125.388
-152.02
-176.801
-198.624
-216.748
-227.474
-220.817
-204.542
-187.528
-179.76
-176.431
-176.801
-182.349
-206.391
-235.982
-254.476
-270.75
-285.915
-293.313
-275.189
-223.036
-147.951
-40.6865
123.169
326.602
522.636
662.45
778.592
867.732
905.09
873.65
797.455
707.575
561.843
356.931
122.059
-58.4406
-182.719
-272.969
-326.232
-320.684
-266.681
-202.323
-129.087
-49.5635
31.0697
65.8381
53.6322
19.2336
1.10963
-2.95902
-8.1373
6.28791
54.7418
144.622
253.736
385.412
527.075
640.997
693.52
676.875
623.243
544.089
431.277
286.285
124.279
-32.9191
-175.322
-270.75
-313.656
-319.944
-314.396
-318.834
-339.177
-360.26
-371.727
-390.59
-427.948
-474.552
-509.691
-517.828
-488.978
-413.523
-292.203
-150.17
-16.2746
126.128
298.491
454.209
533.733
514.129
431.277
298.861
135.005
-35.5082
-175.322
-286.655
-395.769
-503.403
-578.488
-577.748
-534.842
-479.361
-435.715
-396.508
-363.219
-330.3
-286.655
-241.53
-201.213
-188.267
-174.582
-133.896
-60.29
19.9734
78.7838
115.402
120.95
106.155
74.3453
39.207
0
-63.249
-157.568
-250.037
-295.162
-301.82
-309.957
-339.177
-366.178
-388.741
-416.112
-450.51
-473.443
-494.526
-530.774
-441.264
-109.114
373.206
757.509
1010.5
1254.25
1478.03
1571.61
1536.1
1542.76
1527.59
1276.82
739.754
198.624
-136.115
-358.411
-574.789
-734.576
-740.124
-669.478
-545.569
-313.286
19.2336
271.12
300.34
180.13
62.8791
34.0287
26.6312
5.91804
-10.3566
15.9047
102.456
281.477
579.228
899.171
1094.1
1083.37
949.845
800.044
657.272
468.265
207.871
-106.895
-421.66
-662.82
-752.7
-674.656
-525.596
-415.742
-383.933
-358.411
-281.477
-172.363
-120.95
-178.281
-306.628
-427.208
-469.744
-403.166
-241.9
-44.7551
109.484
203.063
276.668
364.329
425.729
375.425
188.267
-94.3187
-387.631
-625.832
-767.125
-805.593
-781.181
-725.329
-623.613
-436.085
-179.021
45.4949
144.252
104.305
-23.3023
-186.048
-354.712
-499.704
-611.777
-703.506
-765.646
-737.535
-592.173
-367.288
-139.074
31.4396
134.265
174.212
167.924
132.786
48.084
-92.4693
-286.655
-480.47
-606.599
-650.614
-626.202
-582.926
-495.266
-332.15
-8.1373
437.935
861.074
1125.91
1245.38
1311.95
1336
1319.35
1271.64
1220.59
1033.81
668.368
207.871
-143.142
-331.04
-471.224
-593.653
-659.861
-609.188
-461.607
-203.802
140.553
464.936
636.559
639.148
599.571
592.543
608.078
575.899
496.745
406.495
334.739
337.698
420.92
551.117
615.106
554.446
401.687
250.037
141.663
32.5492
-110.963
-298.491
-489.717
-618.065
-620.284
-481.58
-277.408
-97.2777
22.9324
98.7572
171.623
223.406
217.858
120.21
-69.5369
-293.313
-426.099
-412.043
-328.821
-263.722
-231.543
-201.583
-167.554
-125.018
-97.2777
-98.3873
-181.98
-357.301
-555.186
-673.916
-667.258
-602.9
-509.321
-393.919
-226.365
-14.4252
202.323
363.589
407.605
311.067
88.4007
-164.965
-371.357
-519.677
-635.079
-729.398
-774.523
-744.563
-625.462
-438.674
-238.201
-109.854
-96.1681
-153.129
-203.432
-237.461
-300.34
-397.618
-493.046
-555.556
-572.94
-544.459
-462.347
-291.833
-11.8361
430.167
939.118
1342.65
1519.83
1556.44
1537.95
1432.53
1220.96
990.161
800.044
508.951
58.4406
-437.195
-725.699
-803.743
-808.182
-793.017
-683.533
-442.003
-148.691
202.693
581.447
861.444
909.158
781.92
664.299
628.051
615.846
551.117
484.539
462.347
486.019
557.775
674.656
778.222
731.617
499.704
196.405
-45.125
-222.296
-410.564
-626.572
-820.758
-937.269
-930.981
-757.139
-446.442
-103.566
157.938
298.121
375.795
436.085
447.551
339.177
95.7982
-215.638
-487.128
-632.86
-619.174
-508.581
-385.412
-297.011
-232.283
-157.198
-75.0851
-41.4262
-108.374
-252.256
-425.729
-566.282
-639.148
-618.435
-534.842
-445.332
-344.726
-215.638
-41.0564
129.827
230.064
205.652
59.9201
-132.786
-310.697
-424.989
-477.142
-490.087
-469.374
-393.549
-232.653
-20.3432
168.664
278.518
293.313
205.282
56.2213
-93.9488
-239.311
-390.59
-563.693
-710.164
-751.96
-685.752
-559.254
-437.935
-325.862
-184.939
36.6178
439.784
1002.74
1509.47
1727.33
1736.57
1713.27
1695.15
1576.42
1328.97
1053.41
660.601
69.167
-613.256
-1067.47
-1206.91
-1220.96
-1227.99
-1124.8
-795.976
-342.876
164.595
667.258
1054.52
1158.46
1000.89
820.758
749.741
719.041
592.913
424.249
335.848
361.74
448.291
544.459
615.476
544.459
261.133
-122.799
-416.112
-581.077
-729.768
-927.652
-1084.11
-1066.73
-850.718
-483.43
-29.9601
397.988
692.41
783.77
749.741
665.779
504.143
224.515
-182.349
-614.736
-946.516
-1078.56
-1007.55
-805.593
-558.145
-325.122
-120.58
44.3853
170.513
215.638
130.567
-66.9478
-283.326
-427.948
-498.964
-514.869
-488.608
-429.797
-353.972
-269.64
-172.363
-82.8525
-49.9334
-123.169
-277.038
-433.496
-525.965
-551.117
-540.021
-501.184
-412.413
-262.243
-81.0031
80.2634
187.158
219.707
184.199
81.373
-77.6742
-246.338
-407.235
-554.076
-700.917
-785.619
-761.207
-656.902
-541.5
-453.1
-339.547
-176.801
50.6732
447.551
1083
1706.24
1984.76
1967.38
1941.86
1980.69
1852.35
1483.21
1092.25
705.726
134.265
-605.859
-1117.03
-1200.99
-1118.88
-1073.01
-905.09
-446.812
115.772
600.681
1011.98
1358.19
1456.21
1209.87
888.075
743.823
712.014
570.351
358.781
292.573
383.193
475.292
477.142
456.428
367.288
79.1537
-352.123
-706.465
-878.458
-968.339
-1044.9
-1043.05
-844.43
-461.237
-12.9457
427.208
803.003
1014.2
979.435
738.275
409.454
44.0154
-384.672
-826.676
-1150.69
-1287.91
-1241.31
-1044.53
-752.33
-433.496
-137.224
89.1404
233.393
282.956
212.679
29.5902
-206.761
-393.919
-479.731
-470.484
-412.783
-345.095
-260.394
-167.554
-99.8668
-99.497
-177.541
-334.739
-557.775
-773.783
-902.87
-920.254
-842.95
-693.89
-498.594
-264.462
-4.06865
228.584
366.918
360.63
217.488
-2.21926
-248.927
-490.827
-699.808
-862.554
-976.106
-1017.16
-943.557
-749.001
-510.8
-317.355
-220.817
-208.981
-192.706
-111.333
29.9601
389.111
1052.3
1743.97
2093.14
2131.23
2169.7
2222.59
2019.53
1530.92
1079.3
692.41
59.5502
-857.005
-1521.3
-1619.32
-1448.81
-1254.99
-881.417
-193.446
534.473
1074.49
1523.89
1949.62
2096.83
1753.22
1202.84
871.801
766.386
593.653
350.274
275.189
378.014
441.633
375.425
316.245
262.613
32.5492
-420.181
-858.855
-1051.93
-1036.77
-958.352
-800.414
-482.69
-37.7275
423.509
840.731
1195.81
1374.46
1228.73
785.249
230.064
-275.928
-711.644
-1109.26
-1420.7
-1559.77
-1501.33
-1289.39
-973.147
-587.735
-189.377
114.292
284.436
350.644
351.753
294.052
170.883
32.5492
-80.2634
-159.047
-213.049
-266.681
-326.232
-434.236
-614.736
-834.813
-1040.83
-1208.76
-1331.93
-1366.33
-1266.09
-1036.03
-734.576
-402.426
-59.5502
258.544
489.717
562.953
496.375
346.945
133.156
-147.581
-459.387
-708.315
-844.8
-894.363
-884.376
-805.223
-610.297
-370.617
-215.269
-150.17
-120.95
-108.374
-207.131
-411.673
-633.6
-722.74
-643.586
-198.254
756.399
1863.81
2548.45
2640.92
2584.33
2549.56
2344.28
1816.84
1257.21
761.947
41.7961
-964.27
-1723.26
-1755.81
-1400.72
-1077.08
-712.383
-51.4129
723.48
1332.3
1805.74
2181.17
2212.98
1657.42
905.09
512.28
487.498
404.646
139.074
1.47951
116.511
304.039
403.536
471.224
441.264
115.772
-481.21
-979.435
-1095.58
-963.53
-826.306
-683.163
-376.905
105.415
645.066
1142.18
1492.82
1540.17
1209.87
624.723
34.0287
-463.826
-942.447
-1424.03
-1784.29
-1852.35
-1613.4
-1184.35
-702.397
-250.777
86.1814
287.764
441.264
605.859
722.74
656.902
397.618
70.6465
-170.883
-322.903
-468.265
-633.6
-806.332
-970.188
-1108.89
-1180.28
-1182.13
-1167.7
-1189.89
-1204.69
-1097.8
-833.703
-491.937
-184.199
68.0574
258.914
355.452
356.192
286.285
146.841
-88.7705
-421.66
-736.795
-876.609
-838.142
-741.604
-648.765
-515.979
-352.493
-246.338
-244.859
-287.395
-352.863
-538.541
-831.854
-1055.26
-1026.41
-784.14
-408.344
390.96
1644.84
2758.54
3169.85
3111.78
3087.73
3006.73
2487.79
1672.58
1036.4
478.991
-453.839
-1611.55
-2160.45
-1913
-1470.26
-1115.55
-510.061
434.236
1252.03
1719.56
2057.26
2351.31
2194.11
1445.48
688.341
449.771
512.65
374.316
112.443
115.772
373.576
524.486
440.154
316.985
156.088
-263.722
-898.062
-1327.12
-1316.02
-1058.96
-802.264
-491.197
14.0553
622.873
1145.14
1470.63
1585.66
1400.36
818.538
9.61681
-729.398
-1270.9
-1691.45
-2023.23
-2153.43
-1972.19
-1537.58
-1016.42
-511.91
-49.5635
338.068
567.022
615.476
567.392
477.511
363.219
237.461
117.621
-12.9457
-175.322
-392.07
-629.161
-820.018
-970.188
-1112.96
-1272.38
-1380.01
-1395.18
-1311.21
-1120.36
-805.593
-391.7
41.7961
429.058
730.877
896.582
865.513
667.998
349.904
-83.2224
-565.172
-979.065
-1201.73
-1207.28
-1073.38
-896.582
-659.121
-326.971
0.739754
170.883
166.815
85.4416
-58.4406
-285.915
-570.721
-771.564
-716.822
-487.498
9.24693
1115.92
2543.28
3386.97
3271.56
2850.64
2603.94
2249.59
1458.8
680.574
264.832
-283.696
-1394.07
-2408.27
-2373.5
-1646.32
-1035.66
-573.68
203.432
1178.06
1840.88
2186.34
2466.34
2493.71
1788.36
652.463
-7.02767
79.5236
255.215
73.2357
-77.6742
123.169
448.661
518.938
401.687
244.489
-148.691
-896.212
-1619.32
-1799.45
-1465.82
-1008.29
-586.255
-52.8924
634.339
1304.19
1787.62
1988.83
1802.04
1168.81
225.255
-681.314
-1317.5
-1729.92
-2059.85
-2282.51
-2214.08
-1789.47
-1122.21
-423.509
184.199
643.586
871.061
851.827
657.642
395.029
76.9345
-304.409
-697.958
-963.9
-1035.29
-1007.55
-997.189
-994.6
-940.598
-850.718
-738.275
-604.749
-426.468
-242.27
-123.169
-34.7685
114.292
277.038
325.862
241.9
112.443
-22.9324
-185.678
-362.85
-500.074
-587.365
-674.656
-758.618
-751.96
-615.476
-441.633
-301.45
-147.581
37.3576
183.089
236.352
239.68
182.349
19.6035
-243.749
-470.854
-523.006
-408.714
200.104
1411.82
2609.85
2977.51
2643.14
2353.9
2272.16
1977.73
1361.15
932.091
669.108
21.8228
-1099.64
-1804.26
-1620.8
-1154.39
-862.554
-497.485
239.311
1005.33
1484.32
1833.11
2146.77
1997.71
1150.69
236.721
-14.7951
230.433
262.243
-1.10963
-90.6199
145.362
361
321.423
172.733
-58.4406
-575.159
-1314.54
-1783.18
-1660.75
-1183.98
-729.398
-316.985
182.349
738.645
1202.84
1480.25
1538.69
1263.87
586.255
-281.846
-965.749
-1356.71
-1613.4
-1832.37
-1924.84
-1738.79
-1283.47
-716.082
-200.104
187.528
392.81
406.125
317.725
181.98
15.165
-193.446
-417.961
-606.229
-723.85
-774.523
-800.414
-823.717
-846.279
-809.291
-711.644
-547.418
-325.122
-77.6742
120.58
199.734
196.405
174.952
124.279
5.54816
-175.322
-350.274
-449.401
-499.704
-531.144
-527.075
-494.526
-477.881
-484.539
-470.854
-388.741
-251.886
-135.745
-42.9058
44.3853
133.156
120.58
-12.5758
-200.104
-312.916
-289.984
-173.842
454.209
1685.9
2809.96
2953.84
2345.02
1819.8
1613.03
1328.23
900.651
740.124
626.572
-38.4672
-1196.55
-1761.73
-1395.92
-829.265
-525.226
-150.17
585.516
1334.15
1807.59
2118.66
2340.58
2028.78
1033.44
71.7562
-144.622
116.881
112.813
-176.062
-292.943
-93.9488
122.799
211.94
283.696
244.489
-180.87
-882.527
-1278.67
-1072.27
-571.09
-174.212
73.6056
274.079
507.841
738.275
915.446
936.529
651.354
70.2767
-577.378
-1001.26
-1159.93
-1232.8
-1350.05
-1472.48
-1436.23
-1157.35
-680.944
-164.595
163.486
231.173
127.238
11.4662
-16.2746
31.0697
3.32889
-195.665
-492.676
-770.824
-957.982
-1086.33
-1219.49
-1381.49
-1452.51
-1349.68
-1047.12
-551.487
-16.6445
365.439
530.034
567.762
576.269
556.665
441.264
179.021
-154.239
-430.907
-591.064
-649.874
-676.136
-739.754
-850.348
-990.531
-1097.43
-1029
-787.838
-470.114
-149.8
126.868
406.125
638.778
728.288
598.831
353.972
159.047
40.6865
461.237
1651.87
2864.7
3049.27
2322.83
1651.13
1419.22
1139.59
592.173
393.179
549.268
225.255
-859.225
-1603.79
-1289.76
-568.871
-150.91
140.553
726.069
1409.6
1849.02
2114.96
2349.09
2143.07
1165.11
69.9068
-263.353
-12.9457
-12.9457
-381.343
-576.269
-410.564
-257.435
-302.56
-278.148
-141.293
-245.968
-703.137
-999.038
-724.589
-120.58
343.986
518.568
563.693
583.666
551.117
435.345
255.585
-37.3576
-537.432
-1130.71
-1472.11
-1429.58
-1212.09
-1057.48
-999.038
-917.665
-771.564
-602.9
-389.111
6.28791
453.469
672.437
665.409
622.133
611.407
517.088
233.393
-149.43
-509.691
-917.665
-1454.73
-1957.76
-2166.37
-2086.11
-1835.33
-1413.67
-807.442
-158.677
341.767
670.957
938.748
1143.66
1128.87
885.486
581.447
344.726
144.992
-120.58
-464.936
-849.608
-1218.01
-1579.01
-1847.54
-1902.28
-1762.09
-1561.62
-1287.17
-788.578
-94.3187
534.103
833.333
808.552
639.888
524.486
464.936
956.502
2280.29
3556.37
3537.88
2380.16
1339.7
923.213
626.942
123.539
-49.1937
131.306
-124.649
-1129.97
-1791.32
-1359.67
-544.459
-118.361
188.637
904.35
1776.15
2375.35
2702.32
2871.36
2529.96
1455.84
341.767
66.9478
391.33
355.822
-136.485
-430.167
-311.437
-213.789
-367.658
-518.568
-615.846
-936.529
-1427.73
-1423.66
-581.077
534.842
1166.59
1266.09
1222.07
1164.37
974.257
601.05
150.54
-369.137
-1016.05
-1588.99
-1746.19
-1488.39
-1188.42
-1080.04
-1041.94
-940.968
-828.895
-762.687
-637.298
-365.439
-35.5082
249.297
575.899
1008.29
1313.43
1188.42
639.518
0.369877
-530.404
-1006.81
-1496.52
-1921.14
-2139
-2124.2
-1911.53
-1553.48
-1075.23
-602.53
-311.437
-184.199
-18.4939
281.846
623.243
914.706
1128.87
1234.28
1176.58
915.076
448.291
-189.007
-954.283
-1708.09
-2278.81
-2551.78
-2479.66
-2144.18
-1636.71
-1033.07
-441.633
65.8381
428.318
638.778
686.122
645.806
683.163
881.047
1581.23
2886.15
3939.93
3701.36
2389.78
1144.03
495.635
62.5092
-375.795
-401.687
-55.8515
-136.485
-973.147
-1603.05
-1304.19
-599.571
-153.869
178.281
822.977
1691.82
2470.78
3013.76
3223.48
2789.61
1655.2
526.335
153.129
294.052
192.336
-230.433
-499.704
-460.867
-434.606
-558.515
-665.779
-798.565
-1160.67
-1551.63
-1336.74
-361
750.851
1364.11
1468.78
1378.16
1198.03
900.281
528.555
110.963
-423.14
-1061.92
-1542.76
-1570.87
-1251.66
-998.299
-964.64
-1000.89
-1024.93
-1036.77
-923.213
-563.693
-127.978
211.57
471.224
776.002
1118.14
1235.76
916.186
311.437
-229.324
-615.476
-894.363
-1131.45
-1337.11
-1462.12
-1456.95
-1360.04
-1219.86
-1015.68
-865.883
-835.183
-792.647
-545.199
-102.456
375.425
804.113
1090.03
1189.16
1091.14
812.62
323.273
-331.78
-996.449
-1514.65
-1844.21
-2038.39
-2062.81
-1921.88
-1660.75
-1374.09
-1091.51
-768.975
-419.811
-132.416
70.2767
332.52
736.056
1244.27
2177.84
3494.23
4247.3
3574.49
2007.69
762.687
197.884
-108.374
-275.189
137.594
784.14
642.107
-495.266
-1449.18
-1472.48
-1095.58
-876.609
-609.188
135.375
1204.69
2221.11
2952.73
3236.8
2824.75
1776.89
794.866
491.937
663.56
764.166
705.356
625.092
454.209
89.8802
-329.561
-677.245
-1104.82
-1718.45
-2140.48
-1790.95
-677.245
530.034
1247.97
1415.15
1222.81
869.211
506.362
251.886
99.497
-88.7705
-385.042
-625.462
-608.818
-407.235
-342.876
-615.476
-1166.59
-1714.38
-1946.29
-1765.42
-1237.98
-556.665
51.4129
464.936
697.219
734.206
558.515
206.022
-209.35
-501.553
-542.98
-372.466
-151.65
-27.001
-119.84
-488.238
-1028.63
-1517.24
-1800.56
-1861.96
-1769.49
-1491.71
-927.282
-206.761
417.961
796.346
930.981
845.909
602.16
307.368
30.3299
-174.212
-325.122
-492.307
-744.193
-1019.01
-1247.23
-1478.4
-1665.56
-1719.19
-1594.17
-1282.73
-818.908
-330.3
105.415
564.063
1002
1743.97
3015.61
4076.05
3838.59
2440.82
1150.32
616.955
574.049
589.954
830.744
1218.38
979.065
-307.738
-1680.72
-1988.83
-1536.1
-1088.55
-729.768
-41.4262
1000.89
2019.53
2666.44
2764.83
2283.62
1374.09
608.818
549.638
1091.51
1601.57
1746.19
1583.44
1117.4
390.96
-395.769
-1045.64
-1622.28
-2178.21
-2413.08
-1879.72
-654.313
530.404
1053.04
914.336
442.373
-86.5513
-446.072
-466.045
-181.61
135.375
268.161
225.255
147.951
41.0564
-303.299
-963.53
-1672.95
-2117.55
-2144.55
-1702.17
-943.557
-182.349
340.287
513.39
369.507
63.249
-297.381
-633.97
-775.632
-586.625
-140.183
319.574
567.392
457.168
-4.06865
-659.861
-1305.3
-1725.48
-1792.06
-1585.29
-1252.4
-845.169
-389.851
-13.6855
150.54
114.662
16.2746
-12.2059
103.566
335.109
549.638
603.27
466.785
187.898
-191.227
-611.407
-1064.51
-1520.57
-1858.26
-1894.88
-1613.77
-1138.11
-669.478
-352.123
-130.937
196.775
679.464
1548.31
2965.31
4120.8
3986.17
2689.75
1452.88
987.942
1030.11
1086.7
1186.94
1298.27
836.662
-483.06
-1781.33
-2023.6
-1483.95
-926.173
-513.02
107.634
1029
1935.2
2416.04
2289.54
1659.64
816.319
278.518
501.184
1324.9
2056.15
2236.28
1851.24
1073.38
187.898
-523.746
-1013.83
-1438.82
-1816.47
-1876.39
-1323.05
-295.162
565.172
708.685
203.063
-511.17
-1031.22
-1070.05
-602.53
72.8658
535.212
577.378
323.643
37.3576
-218.597
-617.695
-1203.21
-1716.23
-1854.93
-1531.29
-909.528
-305.888
17.3842
-35.1383
-359.151
-722.74
-909.898
-857.375
-669.478
-424.989
-159.047
119.47
357.301
410.564
166.445
-341.027
-905.459
-1291.24
-1344.13
-1086.33
-713.123
-506.362
-554.816
-697.958
-743.823
-643.216
-482.69
-280.737
-18.8637
293.313
592.173
782.29
752.7
470.854
49.9334
-370.617
-691.3
-838.142
-807.442
-791.537
-868.842
-967.229
-1053.41
-1078.93
-1006.44
-834.813
-515.609
39.5769
735.686
1751.37
3114.74
3991.34
3508.66
2103.86
1026.78
787.838
999.778
1246.12
1611.55
1917.81
1426.62
-135.375
-1673.32
-2069.09
-1556.81
-926.542
-406.495
241.53
1074.49
1772.08
1956.65
1574.57
865.513
153.499
-122.799
396.138
1467.3
2370.54
2622.06
2149.36
1178.43
150.17
-568.871
-940.228
-1144.4
-1202.1
-974.626
-390.22
279.257
546.309
193.076
-520.417
-1162.15
-1412.93
-1100.38
-349.904
401.317
747.892
591.434
141.293
-318.834
-682.793
-1005.7
-1262.76
-1280.14
-940.968
-376.535
122.429
293.313
39.5769
-469.374
-921.364
-1092.62
-942.447
-572.2
-195.295
6.65779
18.124
-97.2777
-288.134
-542.98
-835.553
-1082.26
-1136.63
-920.254
-585.146
-341.767
-355.822
-663.56
-1050.08
-1242.42
-1138.11
-803.003
-340.287
72.4959
283.696
309.217
237.461
100.607
-119.84
-375.425
-531.144
-530.034
-466.045
-436.455
-500.074
-673.177
-926.173
-1152.91
-1163.26
-891.034
-531.144
-277.038
-44.3853
333.629
802.634
1503.18
2504.81
3162.82
2774.82
1655.57
871.801
892.514
1310.84
1620.06
1836.81
1888.96
1195.81
-353.233
-1672.95
-1755.44
-952.804
-144.992
407.235
926.912
1463.23
1698.85
1419.22
772.673
116.511
-237.461
-29.2203
810.031
1859
2518.86
2483.36
1817.21
778.961
-138.704
-567.022
-539.651
-371.357
-221.556
19.9734
359.521
556.295
276.298
-439.044
-1147.73
-1486.91
-1384.82
-905.829
-221.926
314.765
375.795
-52.8924
-662.45
-1080.78
-1167.7
-1073.75
-882.897
-592.173
-229.324
95.0584
164.225
-122.059
-585.885
-911.747
-948.735
-716.082
-338.068
7.76742
136.855
-34.3986
-406.865
-771.194
-967.599
-994.97
-928.022
-803.373
-636.559
-446.072
-317.725
-392.07
-704.246
-1041.2
-1138.48
-915.076
-521.897
-139.444
133.896
229.324
152.389
-17.3842
-140.923
-192.706
-231.913
-261.133
-266.681
-276.298
-395.399
-657.642
-933.94
-1070.79
-999.778
-798.195
-538.911
-314.396
-225.995
-222.296
-114.292
427.208
1620.8
2849.53
3004.88
2008.06
1046.75
996.819
1496.52
1871.95
2094.98
2273.27
1867.51
365.809
-1482.1
-2234.43
-1648.91
-726.069
-114.292
381.343
975.366
1374.83
1161.41
490.827
-101.346
-342.136
-186.788
516.349
1728.44
2816.25
3039.65
2270.68
1057.85
113.552
-248.927
-177.541
27.001
206.022
320.314
362.85
312.546
76.9345
-443.113
-1121.47
-1585.29
-1539.06
-952.434
-106.155
514.129
516.349
-71.7562
-844.06
-1306.41
-1233.54
-827.785
-451.99
-210.46
-41.0564
42.5359
35.1383
-143.882
-541.87
-938.378
-1036.03
-761.947
-250.037
246.708
403.906
109.114
-452.36
-973.147
-1175.1
-975.366
-595.132
-323.273
-258.174
-363.219
-561.104
-774.523
-986.093
-1207.65
-1341.54
-1232.43
-858.115
-385.412
-42.166
62.8791
2.95902
-63.249
-26.6312
127.978
324.752
409.084
258.174
-76.5646
-418.331
-643.216
-820.388
-1014.94
-1117.4
-1026.78
-843.69
-767.865
-808.921
-814.47
-703.506
-458.648
370.987
2002.89
3334.44
3061.47
1640.41
808.552
1177.69
1901.91
2373.13
2873.58
3264.17
2456.72
208.611
-1824.6
-2103.49
-1215.79
-537.801
-273.709
130.937
697.588
830.744
277.038
-474.922
-799.305
-607.338
-25.8914
999.778
2310.99
3194.63
2992.31
1830.52
532.993
-53.2623
203.802
730.877
1022.71
1040.09
875.499
526.705
-8.50718
-591.804
-1037.51
-1225.77
-1184.35
-934.31
-454.579
67.6875
203.063
-301.08
-1139.59
-1731.03
-1728.07
-1217.64
-563.323
-81.7429
89.8802
-66.208
-414.262
-713.123
-822.977
-771.934
-591.434
-256.695
171.623
483.799
456.059
67.3177
-500.814
-972.777
-1149.21
-964.27
-516.349
-143.512
-145.732
-508.211
-983.873
-1340.07
-1464.71
-1356.71
-1112.22
-875.129
-742.344
-696.479
-665.039
-595.872
-478.251
-307.368
-26.6312
337.328
622.873
725.699
579.598
229.694
-143.512
-395.029
-517.458
-567.022
-602.53
-689.081
-913.227
-1224.66
-1417
-1353.01
-1058.96
-534.842
659.491
2283.25
2988.61
2081.67
759.728
554.816
1311.95
2058.74
2673.47
3586.7
4074.94
2826.6
286.285
-1416.63
-1262.76
-417.961
-29.9601
102.086
481.21
763.796
319.204
-667.998
-1363.37
-1365.59
-896.212
-82.8525
1063.03
2183.39
2610.22
2079.45
1032.7
283.326
360.26
1060.81
1738.79
1962.94
1726.96
1229.1
606.599
-104.305
-723.48
-991.641
-840.731
-521.527
-281.107
-152.759
-187.898
-567.392
-1276.08
-1897.47
-1971.82
-1476.55
-833.703
-423.14
-299.97
-352.863
-554.076
-862.924
-1092.25
-1012.35
-616.585
-124.649
232.283
367.658
332.15
126.128
-210.46
-488.238
-496.745
-266.312
-0.739754
93.2091
-88.7705
-464.566
-864.033
-1207.65
-1466.56
-1514.65
-1301.23
-1006.81
-888.815
-1024.19
-1261.65
-1396.29
-1291.24
-974.257
-530.034
-47.3443
283.696
353.603
281.846
208.241
200.473
268.161
356.562
363.589
259.284
72.8658
-242.27
-677.615
-1122.95
-1389.26
-1352.27
-1143.29
-906.569
-128.347
1307.15
2149.73
1381.12
34.3986
-77.3043
971.298
1911.9
2471.15
3356.27
4167.04
3374.39
981.654
-836.292
-629.901
487.868
1000.52
976.106
1074.86
1077.08
373.576
-830.744
-1579.01
-1437.71
-879.938
-276.298
500.814
1354.86
1681.83
1174.36
265.572
-245.598
101.346
1082.26
2038.39
2427.5
2165.63
1503.55
768.975
177.911
-140.553
-96.1681
261.873
556.295
451.25
98.3873
-219.707
-558.145
-1108.52
-1659.27
-1773.19
-1392.96
-966.119
-868.102
-1031.22
-1245.75
-1449.18
-1600.83
-1469.15
-941.337
-301.08
58.0707
63.6189
-73.6056
-193.446
-255.585
-225.995
-44.0154
256.695
459.757
384.302
116.141
-165.335
-399.097
-615.106
-801.894
-893.253
-888.445
-882.897
-1032.33
-1316.02
-1555.7
-1646.32
-1617.1
-1476.55
-1170.66
-757.878
-450.88
-383.933
-454.949
-478.991
-348.424
-109.484
168.664
465.675
703.137
664.669
330.3
4.43853
-140.553
-179.76
-268.901
-419.811
-556.665
-689.451
-863.293
-646.175
428.318
1551.63
1407.75
186.048
-448.291
158.307
1080.04
1621.17
2227.4
3118.06
3193.52
1750.63
62.5092
-180.13
725.699
1392.22
1466.56
1506.51
1594.17
1227.99
325.122
-510.061
-735.686
-538.541
-258.174
143.142
724.959
1112.96
876.979
153.129
-440.894
-307.368
503.033
1345.61
1688.49
1539.8
1162.15
761.577
419.811
223.776
285.175
564.433
776.742
646.545
300.34
17.0144
-204.912
-578.488
-1030.85
-1221.7
-1056.74
-859.595
-1006.07
-1385.93
-1674.8
-1784.66
-1796.49
-1665.19
-1268.31
-757.878
-476.772
-548.158
-700.547
-655.422
-426.838
-194.555
-42.5359
139.444
391.33
513.759
353.603
28.4805
-214.899
-296.272
-348.794
-450.141
-533.363
-558.515
-696.109
-1037.14
-1354.86
-1389.63
-1221.33
-1102.6
-1063.03
-993.86
-863.663
-777.482
-785.619
-763.796
-604.379
-331.04
-68.7972
106.895
228.214
280.367
210.46
55.1117
-5.54816
101.716
211.2
167.554
-46.2347
-243.749
-385.042
-277.408
569.611
1685.53
1788.73
582.187
-422.77
-121.32
769.345
1283.1
1641.88
2375.72
2669.77
1509.84
-298.861
-839.251
132.046
1169.18
1487.65
1503.18
1538.32
1284.95
567.762
-177.911
-374.686
-43.2756
359.891
679.095
1057.85
1301.6
984.613
112.813
-648.025
-597.352
224.515
1117.77
1429.21
1160.3
677.245
227.105
-86.9211
-176.062
12.9457
391.33
715.343
716.452
431.277
130.197
-90.25
-345.465
-604.749
-672.437
-544.459
-481.21
-701.657
-1135.52
-1551.63
-1752.11
-1684.05
-1444.37
-1150.69
-883.267
-695.369
-707.205
-886.226
-1017.9
-929.132
-640.627
-295.532
31.8094
390.59
646.915
523.746
82.8525
-288.134
-302.19
-78.7838
83.5922
25.8914
-163.856
-423.879
-796.346
-1142.55
-1205.43
-1054.15
-962.051
-970.188
-952.804
-876.979
-824.456
-851.827
-888.075
-790.058
-527.445
-212.679
52.8924
184.569
146.841
-48.084
-234.872
-202.323
66.5779
272.969
198.994
-39.207
-218.967
-336.218
-187.528
776.372
1995.49
2031
624.723
-456.428
-48.8238
960.201
1425.14
1699.96
2419.37
2604.31
1233.17
-630.641
-1000.15
58.0707
966.119
1100.75
1061.55
1130.71
854.046
96.1681
-544.459
-437.565
196.405
722.74
1034.92
1361.52
1506.14
1003.48
-7.39754
-720.151
-470.114
509.691
1356.71
1509.47
1108.15
511.54
-32.5492
-342.876
-278.148
125.758
589.214
783.77
582.557
217.118
-38.0974
-201.583
-412.413
-554.076
-479.731
-322.903
-354.342
-677.245
-1118.88
-1439.93
-1531.29
-1434.01
-1209.5
-979.435
-860.334
-845.539
-905.09
-996.449
-1001.26
-795.606
-440.524
-103.935
124.279
266.312
311.437
171.623
-98.0175
-233.762
-88.0308
143.142
172.733
-67.3177
-419.441
-750.851
-1033.07
-1187.31
-1134.41
-979.805
-933.57
-1028.63
-1121.47
-1095.58
-1010.13
-924.323
-806.702
-619.914
-367.658
-101.346
103.566
159.417
24.7818
-167.184
-198.624
-17.0144
181.61
207.501
66.5779
-120.58
-327.341
-442.373
269.271
1694.41
2322.46
1225.77
-233.393
-328.821
607.338
1311.21
1641.15
2364.62
2934.61
2004.36
-52.5226
-1047.49
-172.363
1055.26
1425.51
1307.15
1223.18
916.186
171.253
-565.172
-618.065
16.6445
690.931
1024.19
1235.39
1397.03
1126.28
270.01
-594.023
-650.614
241.53
1305.67
1686.27
1289.39
591.434
-22.9324
-410.194
-386.522
117.991
790.058
1091.14
745.672
109.114
-257.065
-279.627
-308.478
-405.755
-322.163
-105.415
-150.54
-614.366
-1181.76
-1467.67
-1478.4
-1397.4
-1232.8
-969.818
-827.415
-1022.71
-1385.19
-1564.95
-1402.2
-998.299
-562.583
-228.214
-11.0963
93.2091
40.3166
-103.566
-149.43
-16.6445
229.324
422.77
404.276
152.759
-193.076
-596.612
-1017.9
-1219.86
-1097.43
-870.321
-797.085
-969.448
-1263.5
-1449.18
-1417
-1245.38
-997.559
-724.589
-523.746
-430.167
-315.135
-78.0441
135.745
139.074
19.6035
39.5769
258.914
428.318
327.341
93.9488
-45.8648
-171.993
-236.352
489.348
1831.26
2213.72
892.514
-536.692
-446.442
626.202
1331.93
1597.5
2245.89
2760.76
1836.81
-83.2224
-857.745
153.129
1378.53
1693.3
1517.98
1352.27
974.626
201.213
-471.593
-425.729
229.324
822.977
1011.61
1096.32
1189.89
934.68
207.501
-455.319
-378.014
478.251
1400.72
1615.25
1096.32
374.316
-135.005
-346.945
-228.584
224.885
767.495
964.27
575.159
-58.8105
-345.835
-176.431
-18.124
-75.8248
-127.608
-108.004
-273.339
-721.63
-1162.15
-1305.3
-1215.42
-1137.37
-1097.06
-948.735
-822.237
-1005.7
-1375.94
-1601.57
-1512.43
-1158.09
-753.81
-509.691
-406.865
-373.206
-399.467
-389.851
-238.201
27.7408
303.669
477.881
380.974
82.4826
-180.13
-383.193
-620.284
-789.688
-750.851
-617.325
-625.092
-911.747
-1308.63
-1513.91
-1488.39
-1389.26
-1246.12
-992.011
-731.247
-628.051
-636.559
-601.79
-431.277
-223.776
-108.004
-6.28791
197.514
402.057
421.66
255.955
68.4273
-11.8361
7.39754
535.582
1695.89
2391.26
1534.62
-80.6332
-609.188
162.376
1006.44
1358.19
1904.5
2654.24
2334.66
565.912
-888.815
-476.772
900.281
1676.28
1671.48
1465.45
1145.14
529.294
-152.02
-345.095
93.5789
679.464
958.352
1067.47
1200.25
1053.04
367.658
-397.618
-457.168
353.603
1385.93
1829.04
1465.82
696.479
13.3156
-303.299
-207.871
183.459
649.504
899.541
679.095
110.223
-314.026
-319.944
-157.568
-108.004
-93.2091
-56.9611
-170.144
-543.719
-964.64
-1212.09
-1292.35
-1267.2
-1103.34
-851.827
-713.123
-808.552
-1062.66
-1292.72
-1363
-1230.95
-968.339
-732.357
-652.833
-661.34
-601.42
-472.333
-348.424
-231.543
-61.7695
125.018
199.364
103.196
-57.7008
-153.129
-246.338
-396.138
-500.444
-476.772
-446.072
-585.885
-904.35
-1208.02
-1336.37
-1298.64
-1212.46
-1139.59
-1034.18
-871.061
-709.424
-661.34
-654.683
-551.857
-407.975
-331.41
-241.16
-6.28791
272.23
374.316
275.928
166.445
220.817
270.01
584.406
1466.19
2092.03
1413.3
47.7142
-358.411
353.603
1119.62
1444.37
1893.03
2452.66
2066.5
493.046
-697.219
-272.23
890.664
1463.23
1401.83
1281.62
1134.41
677.985
4.06865
-260.394
143.882
714.233
983.503
1101.49
1174.36
901.021
264.092
-216.748
-60.29
600.311
1266.46
1482.84
1139.96
493.416
-55.1117
-200.843
15.9047
341.397
571.46
612.147
385.412
-28.4805
-309.957
-305.519
-167.924
-82.4826
-63.9888
-96.1681
-233.023
-505.622
-871.431
-1145.88
-1164
-973.147
-763.427
-683.163
-790.797
-1055.26
-1321.94
-1432.9
-1337.48
-1091.51
-869.211
-804.853
-857.375
-876.979
-758.248
-567.762
-422.4
-328.081
-188.637
-24.042
27.3709
-32.1793
-71.3863
-70.6465
-144.252
-257.435
-279.257
-226.735
-252.256
-463.826
-781.92
-993.86
-1003.11
-953.543
-1003.11
-1058.22
-952.434
-740.124
-643.586
-714.603
-746.782
-622.503
-471.963
-325.492
-109.114
130.197
240.42
184.569
95.0584
148.321
268.531
386.892
947.625
1784.66
1867.88
844.43
-63.249
77.3043
790.797
1307.89
1630.42
2116.07
2272.9
1399.62
27.001
-389.111
396.138
1245.75
1478.4
1396.29
1238.72
835.922
197.514
-255.955
-148.691
350.644
742.713
888.815
938.378
787.469
289.614
-269.64
-361.37
143.882
869.211
1326.75
1253.51
741.974
162.006
-109.484
12.5758
314.026
527.445
554.816
417.961
140.553
-146.101
-250.777
-177.911
-94.6886
-89.1404
-145.732
-238.571
-429.058
-729.768
-996.449
-1085.59
-951.324
-705.356
-575.529
-696.849
-1013.46
-1302.71
-1381.86
-1264.24
-1083.74
-898.802
-744.933
-741.974
-902.5
-999.038
-851.457
-591.064
-425.729
-332.52
-210.83
-88.4007
-72.8658
-160.157
-201.213
-170.513
-155.348
-143.882
-64.3586
-52.5226
-247.448
-549.638
-750.851
-772.673
-744.933
-792.647
-889.185
-928.392
-842.58
-739.015
-754.919
-791.167
-673.177
-477.881
-341.767
-264.832
-182.349
-43.6455
113.182
200.843
223.036
284.805
353.972
696.479
1406.64
1785.77
1224.29
367.658
223.776
706.465
1212.09
1540.17
1914.11
2134.93
1650.39
563.693
-56.9611
358.041
1125.54
1491.34
1486.17
1330.45
982.024
454.209
8.87705
-2.95902
356.931
681.314
728.658
674.286
579.598
253.736
-219.707
-425.729
-113.922
493.046
979.065
1043.05
687.972
174.582
-147.951
-71.7562
268.901
558.515
608.078
466.415
204.172
-79.5236
-215.269
-152.02
-48.8238
-18.124
-45.4949
-148.321
-359.151
-649.134
-898.432
-962.051
-844.8
-723.48
-719.041
-852.567
-1074.12
-1266.09
-1343.02
-1306.78
-1183.24
-976.476
-800.414
-788.578
-949.475
-1081.89
-976.476
-706.835
-481.58
-353.972
-250.407
-202.693
-268.161
-377.275
-357.301
-175.692
10.3566
81.0031
63.9888
-27.001
-221.187
-428.688
-527.445
-538.541
-555.556
-605.119
-672.437
-749.371
-774.153
-724.22
-667.258
-680.574
-693.15
-584.036
-389.111
-258.174
-244.119
-224.885
-77.3043
159.417
333.999
390.59
356.192
268.901
311.437
781.551
1381.49
1409.6
851.827
463.456
634.339
1019.38
1285.69
1516.13
1808.33
1800.93
1189.53
450.88
366.918
902.87
1364.48
1417
1280.88
1133.3
882.897
538.541
326.602
414.262
628.791
695.739
616.215
510.431
339.547
68.0574
-125.758
-78.0441
206.022
551.487
690.561
498.225
139.444
-96.9078
-68.0574
135.005
327.711
422.03
411.303
279.997
29.9601
-217.488
-301.82
-216.748
-81.0031
-14.0553
-80.2634
-275.559
-523.746
-743.453
-862.924
-838.881
-747.892
-732.727
-848.868
-1027.15
-1187.31
-1257.95
-1216.16
-1104.45
-987.572
-940.968
-1013.83
-1124.43
-1110.74
-925.433
-690.931
-564.433
-551.857
-554.446
-537.801
-538.171
-537.801
-459.757
-293.313
-115.032
-10.7264
-3.69877
-111.703
-314.396
-491.937
-557.405
-524.856
-446.072
-376.905
-391.33
-520.787
-685.752
-740.494
-648.395
-513.759
-425.729
-365.069
-274.449
-175.692
-130.937
-89.8802
63.6189
275.928
395.399
393.179
358.411
339.547
347.315
422.4
679.095
1076.71
1261.65
1050.08
746.042
707.205
877.349
1100.38
1387.78
1695.89
1781.7
1449.55
904.35
629.161
814.47
1166.22
1383.71
1422.18
1329.71
1103.34
784.51
530.404
504.143
652.833
720.891
618.435
482.32
371.727
214.159
18.8637
-71.0164
18.8637
187.158
251.147
146.841
-21.4529
-137.964
-186.788
-172.363
-73.2357
97.6476
199.734
61.3996
-281.477
-553.706
-537.062
-351.013
-232.283
-210.46
-225.625
-325.122
-541.13
-754.919
-808.552
-695.369
-587.735
-631.011
-755.289
-842.21
-912.117
-982.024
-1016.79
-1012.72
-991.641
-981.284
-987.202
-969.818
-898.432
-800.784
-714.603
-661.71
-658.381
-674.286
-646.915
-543.719
-393.919
-265.202
-162.376
-78.414
-78.0441
-178.281
-276.668
-318.834
-352.493
-382.823
-328.821
-206.022
-180.87
-353.603
-590.324
-655.422
-518.198
-364.699
-293.682
-244.489
-171.993
-124.649
-146.471
-135.375
17.3842
219.337
306.258
281.846
287.395
360.26
392.44
321.053
245.968
277.038
422.77
616.955
761.207
801.524
776.742
737.535
728.658
818.908
1021.6
1259.43
1414.78
1395.92
1245.38
1122.58
1104.82
1138.48
1194.33
1276.82
1311.21
1218.01
1038.25
857.375
727.179
658.751
611.037
568.131
535.952
480.47
348.794
169.404
15.9047
-80.2634
-105.045
-56.2213
22.5625
33.6588
-74.3453
-239.68
-361
-406.865
-389.111
-324.382
-257.065
-253.736
-349.534
-472.333
-507.472
-436.455
-347.315
-298.121
-263.722
-245.598
-292.943
-405.385
-520.787
-591.064
-582.557
-532.253
-525.965
-577.378
-689.081
-890.294
-1078.93
-1099.64
-945.776
-738.275
-615.476
-670.587
-850.348
-999.778
-1026.04
-912.487
-689.821
-450.88
-294.792
-259.654
-347.315
-482.32
-535.582
-468.265
-348.424
-229.324
-129.827
-93.2091
-189.747
-402.426
-579.228
-572.94
-389.851
-184.569
-106.525
-132.786
-183.459
-244.489
-282.956
-220.447
-46.6045
151.28
274.449
278.518
206.022
130.937
90.25
95.7982
182.349
308.478
358.781
304.039
213.049
146.841
174.952
344.726
582.926
749.741
794.866
795.236
853.307
966.119
1052.3
1128.87
1274.23
1422.55
1437.34
1330.45
1230.21
1178.43
1125.91
1071.9
1061.55
1092.99
1068.95
896.212
640.997
475.292
446.072
459.387
420.92
309.587
165.335
30.6998
-69.5369
-113.182
-108.744
-106.895
-157.198
-260.763
-365.439
-426.468
-463.456
-501.553
-521.897
-512.65
-478.621
-439.784
-428.688
-450.51
-461.237
-401.317
-268.901
-162.006
-160.527
-229.694
-299.231
-337.698
-359.891
-382.453
-401.317
-432.017
-514.869
-635.819
-729.028
-766.016
-759.358
-751.96
-765.646
-782.29
-778.222
-764.536
-755.659
-730.507
-687.602
-630.271
-545.199
-460.497
-415.742
-423.14
-469.374
-503.773
-443.113
-291.463
-172.733
-183.829
-296.642
-386.152
-364.329
-251.516
-137.224
-76.9345
-54.3719
-29.2203
-14.7951
-24.4119
-15.5348
39.207
113.552
178.651
226.365
245.968
198.624
82.8525
-20.3432
-24.7818
69.167
175.692
214.899
166.075
65.0984
-19.9734
-18.4939
80.2634
251.886
484.539
690.931
754.549
714.603
721.261
830.374
989.422
1145.14
1303.45
1457.32
1476.55
1262.02
993.12
933.57
1057.48
1164.74
1164
1056.74
855.526
626.202
451.99
376.905
375.055
354.712
262.983
170.144
111.333
15.165
-121.69
-225.995
-264.092
-252.256
-212.31
-207.871
-307.368
-470.854
-582.187
-579.598
-482.32
-383.563
-365.439
-400.577
-429.797
-430.537
-382.453
-282.586
-203.432
-198.254
-227.105
-257.435
-285.545
-320.684
-384.672
-451.99
-467.155
-443.853
-450.141
-514.869
-606.229
-700.178
-774.523
-780.441
-719.781
-647.285
-606.599
-627.682
-695.369
-739.754
-713.123
-637.668
-543.35
-462.716
-435.715
-434.976
-409.824
-377.275
-362.48
-348.424
-319.574
-267.421
-183.459
-118.361
-123.539
-150.17
-131.306
-67.3177
17.3842
89.1404
135.745
167.184
187.528
189.007
190.857
225.625
262.243
248.188
207.131
198.254
224.885
234.872
183.829
108.004
85.4416
138.334
193.446
176.801
125.758
133.896
231.913
386.522
588.845
781.551
855.156
808.552
776.372
872.54
1077.45
1245.01
1280.14
1252.4
1216.53
1101.12
908.418
791.167
803.743
854.416
851.457
746.782
562.583
387.261
258.544
187.898
195.665
216.008
143.142
4.8084
-112.443
-197.145
-239.68
-251.516
-305.519
-395.769
-430.537
-421.29
-439.044
-501.184
-590.694
-655.053
-633.97
-556.665
-465.306
-365.439
-325.862
-386.152
-443.483
-404.276
-295.162
-192.706
-157.198
-188.267
-242.639
-286.655
-308.478
-324.012
-373.206
-463.826
-527.075
-510.061
-469.744
-488.608
-562.953
-648.025
-709.055
-704.616
-621.024
-502.663
-442.743
-487.498
-569.241
-578.118
-508.951
-427.948
-383.563
-381.713
-403.536
-410.934
-379.494
-314.765
-252.996
-235.612
-245.598
-230.064
-159.417
-54.7418
39.9467
96.9078
122.059
159.787
236.352
318.834
354.342
324.752
278.148
294.422
366.548
404.276
353.233
236.721
128.347
90.6199
119.47
155.718
154.979
130.937
113.182
118.361
173.103
263.353
382.083
552.966
705.726
765.646
788.948
847.759
929.501
1019.75
1103.71
1173.62
1220.22
1178.8
1010.13
822.977
758.618
798.935
826.676
755.659
585.885
405.385
307.368
285.175
252.626
167.924
55.4816
-36.9877
-76.5646
-85.8115
-137.594
-237.831
-334.739
-404.646
-413.893
-355.082
-316.985
-378.014
-486.019
-548.898
-511.91
-395.769
-299.231
-289.984
-339.547
-391.7
-413.893
-372.466
-289.614
-232.653
-240.79
-300.34
-376.535
-432.017
-466.785
-515.239
-572.2
-597.722
-576.639
-535.952
-531.883
-595.132
-692.41
-746.782
-703.876
-589.214
-467.155
-389.851
-377.645
-403.906
-433.496
-449.031
-442.373
-396.138
-325.122
-272.23
-257.435
-284.436
-329.561
-350.274
-324.752
-267.421
-201.213
-146.101
-105.045
-72.8658
-36.6178
11.8361
73.9754
146.101
207.131
238.941
245.598
257.435
296.642
341.397
353.972
325.492
286.285
272.23
287.395
308.108
306.258
291.093
278.148
268.161
276.668
316.245
383.933
440.894
458.648
463.456
488.608
532.623
564.063
573.68
595.132
643.216
713.493
773.783
771.564
713.123
645.066
592.173
583.296
624.723
666.889
671.327
618.065
487.498
329.191
235.982
222.296
245.598
249.667
193.816
96.1681
-11.0963
-117.991
-198.624
-226.365
-216.378
-201.583
-198.254
-230.803
-298.861
-361.37
-396.138
-385.042
-322.903
-248.927
-221.187
-248.927
-311.437
-374.686
-386.892
-342.876
-290.354
-253.366
-254.845
-319.944
-423.879
-506.732
-515.239
-437.935
-336.958
-287.764
-301.45
-362.11
-439.784
-486.758
-463.826
-380.604
-285.545
-226.365
-222.666
-243.379
-267.791
-307.738
-367.288
-410.564
-399.097
-328.821
-250.407
-230.064
-289.244
-397.988
-491.937
-507.472
-428.318
-290.723
-165.705
-115.402
-147.211
-190.487
-173.842
-92.0994
15.9047
108.004
172.733
213.049
232.653
225.255
193.816
168.294
159.787
169.774
204.912
245.598
251.516
211.57
147.581
96.9078
119.1
215.269
322.903
388.741
394.289
359.521
331.41
342.876
390.22
455.319
520.787
550.007
524.116
479.731
451.62
434.606
421.66
405.385
397.618
440.894
497.115
483.43
407.605
328.821
293.313
332.889
388.001
379.124
336.958
288.504
209.72
126.868
67.3177
42.166
69.5369
95.0584
32.9191
-78.0441
-148.691
-159.787
-130.197
-97.6476
-100.976
-127.238
-143.142
-159.047
-163.486
-142.033
-140.183
-182.349
-237.831
-278.518
-277.408
-244.859
-252.626
-313.286
-363.959
-368.398
-340.287
-303.669
-275.189
-255.955
-245.598
-252.626
-272.23
-254.106
-181.24
-114.292
-99.497
-116.881
-126.498
-108.744
-96.1681
-138.704
-208.611
-245.598
-240.42
-224.885
-237.091
-286.285
-352.123
-406.125
-438.674
-440.154
-398.358
-334.739
-296.272
-295.902
-297.011
-264.832
-184.569
-88.7705
-10.7264
49.5635
95.4283
112.813
106.155
101.716
106.155
119.1
137.964
156.088
166.445
146.471
85.8115
6.65779
-31.8094
15.165
110.593
181.98
192.336
158.677
130.937
142.403
181.98
238.571
306.628
365.809
388.741
362.11
312.176
281.477
279.257
273.339
247.448
224.515
214.529
198.624
146.471
72.4959
34.3986
54.0021
113.922
169.404
175.322
129.457
77.6742
62.8791
88.4007
140.923
175.322
160.897
112.813
41.7961
-24.042
-48.084
-38.8371
-17.7541
19.2336
45.125
30.6998
-0.739754
-15.9047
-0.739754
38.0974
69.167
66.5779
59.9201
58.0707
36.248
-4.8084
-53.6322
-85.8115
-80.2634
-45.8648
-22.5625
-22.5625
-25.8914
-37.3576
-47.3443
-45.4949
-21.083
27.3709
79.1537
105.415
99.497
81.7429
71.3863
65.4683
57.331
43.6455
30.6998
19.6035
0
-40.6865
-101.346
-162.006
-206.391
-217.858
-207.871
-196.405
-220.817
-288.504
-362.48
-403.906
-383.193
-317.725
-247.818
-208.611
-209.72
-242.639
-285.175
-286.285
-228.954
-142.403
-71.0164
-48.8238
-72.4959
-110.223
-133.896
-144.622
-143.142
-129.457
-106.525
-76.1947
-54.7418
-65.0984
-99.1271
-129.457
-133.896
-89.1404
-7.02767
69.167
111.333
118.731
112.443
118.361
149.8
187.898
207.501
208.981
200.473
191.966
187.528
176.801
152.759
124.649
100.976
79.5236
64.3586
48.8238
27.3709
12.5758
11.8361
23.3023
46.6045
69.167
72.4959
65.4683
64.3586
72.1261
90.6199
115.772
131.676
137.964
142.773
143.142
145.732
159.047
168.294
168.294
166.445
156.828
140.183
130.567
118.361
105.045
94.3187
73.2357
49.5635
39.5769
35.5082
32.1793
34.7685
44.3853
56.2213
65.8381
66.5779
58.4406
56.5912
71.3863
102.086
140.183
163.856
154.239
117.621
80.6332
60.29
61.7695
72.4959
74.7152
53.2623
8.87705
-44.0154
-88.4007
-115.402
-131.306
-150.54
-179.39
-205.282
-221.926
-233.762
-240.05
-234.872
-220.077
-201.953
-192.706
-189.007
-179.39
-162.006
-142.403
-126.868
-120.95
-120.95
-128.347
-145.732
-163.116
-174.582
-179.021
-175.322
-163.116
-147.211
-140.183
-153.129
-171.253
-174.952
-152.389
-107.264
-59.5502
-25.8914
-10.3566
-11.0963
-18.4939
-16.6445
4.8084
34.0287
52.5226
52.8924
45.125
39.207
38.8371
43.6455
38.8371
25.5215
13.3156
1.47951
-9.24693
-21.083
-35.5082
-47.3443
-46.2347
-38.8371
-35.1383
-42.166
-56.9611
-69.167
-65.8381
-46.9744
-13.6855
24.042
43.6455
34.3986
14.7951
12.9457
43.6455
99.1271
154.239
186.048
194.555
178.651
145.362
130.197
147.951
182.349
208.241
206.391
186.048
170.513
161.636
152.759
153.499
162.006
176.801
194.925
205.282
214.159
223.036
221.556
213.789
213.789
222.296
233.023
234.502
218.967
194.925
173.842
157.568
140.553
118.361
85.8115
50.6732
22.5625
2.58914
-13.3156
-33.2889
-54.0021
-78.414
-102.456
-124.649
-139.074
-134.635
-117.991
-106.895
-107.634
-115.032
-121.69
-124.279
-126.868
-135.005
-143.142
-154.239
-171.623
-188.637
-199.734
-204.542
-215.638
-236.721
-254.845
-260.024
-255.585
-252.996
-258.544
-263.353
-255.585
-237.831
-217.858
-202.323
-189.747
-176.062
-158.677
-140.923
-123.539
-109.114
-97.6476
-88.0308
-75.4549
-56.2213
-35.5082
-16.2746
-2.58914
8.50718
17.3842
21.8228
18.4939
9.24693
1.84939
2.95902
13.6855
24.042
24.7818
17.0144
6.65779
2.21926
8.50718
19.2336
26.2613
32.1793
31.4396
25.8914
25.5215
34.0287
56.5912
86.5513
106.525
108.004
103.935
99.1271
105.785
122.429
136.855
147.951
154.239
150.91
142.403
136.485
141.663
161.266
184.199
194.555
194.555
192.336
199.364
214.899
224.515
230.433
237.091
240.79
243.379
244.119
237.831
231.913
217.488
190.487
160.527
135.375
122.059
121.32
120.58
109.854
84.7019
49.9334
17.7541
-4.06865
-14.4252
-11.0963
-2.21926
9.98668
17.7541
14.4252
3.32889
-13.3156
-24.042
-27.3709
-26.2613
-28.8504
-40.3166
-65.0984
-97.6476
-133.156
-168.294
-194.186
-212.31
-222.666
-225.995
-233.762
-251.886
-282.956
-322.903
-359.891
-377.275
-368.768
-345.835
-319.944
-306.258
-305.519
-311.067
-315.875
-312.176
-295.902
-266.681
-231.913
-199.734
-171.993
-152.759
-143.142
-139.074
-137.964
-131.306
-113.922
-89.8802
-65.0984
-48.084
-44.0154
-48.8238
-50.6732
-42.9058
-27.3709
-6.65779
15.9047
41.7961
64.3586
79.1537
85.0718
86.1814
89.1404
99.8668
120.95
148.691
178.651
191.596
189.377
177.911
170.513
173.472
180.5
186.788
193.446
206.761
219.707
221.926
214.529
202.693
198.254
204.912
217.118
226.365
232.283
234.132
230.064
225.255
225.995
239.68
264.092
282.586
285.915
279.627
270.01
262.243
253.736
238.571
219.707
201.583
179.021
153.499
126.868
102.086
78.414
53.2623
21.4529
-11.8361
-38.0974
-55.8515
-60.29
-46.2347
-21.4529
-2.21926
0.739754
-15.9047
-35.1383
-37.7275
-20.7131
1.47951
15.165
7.76742
-19.2336
-56.2213
-100.976
-142.773
-172.363
-191.227
-204.912
-220.817
-249.297
-288.874
-336.218
-379.864
-408.344
-412.043
-397.618
-375.795
-356.562
-351.013
-356.931
-364.699
-366.178
-355.082
-329.561
-297.011
-268.161
-248.557
-236.721
-231.543
-228.214
-225.625
-218.597
-201.583
-174.582
-142.773
-112.073
-88.7705
-76.1947
-70.6465
-65.4683
-50.3033
-26.6312
3.32889
32.5492
56.9611
71.3863
74.3453
67.6875
58.0707
58.8105
72.1261
94.6886
121.69
143.142
152.02
149.061
140.553
132.786
133.526
146.471
170.513
197.514
218.967
228.584
228.584
221.926
212.31
205.652
201.213
204.912
218.597
234.502
245.968
251.886
251.886
252.996
260.763
277.408
299.231
329.561
359.521
377.645
382.083
369.877
344.726
319.574
297.011
281.107
271.49
257.435
230.803
189.007
136.485
82.4826
38.4672
13.6855
7.76742
17.0144
33.6588
43.2756
42.9058
38.0974
35.5082
44.0154
60.29
76.5646
91.7295
102.086
96.1681
69.167
26.6312
-22.9324
-72.8658
-119.47
-162.746
-200.473
-235.982
-278.518
-328.081
-379.864
-423.509
-456.428
-479.361
-488.608
-486.019
-473.813
-462.347
-460.127
-464.566
-467.155
-466.045
-464.196
-456.428
-438.304
-413.153
-392.81
-388.001
-388.001
-383.933
-373.576
-358.781
-337.698
-308.108
-274.079
-241.16
-210.83
-180.5
-147.951
-117.251
-92.0994
-66.208
-35.1383
-3.69877
24.7818
46.2347
66.208
82.8525
95.4283
109.114
123.909
141.663
161.636
181.61
201.953
220.447
234.502
248.188
264.832
282.956
300.71
319.574
339.917
355.452
362.11
358.041
351.013
348.054
346.945
349.534
353.603
359.151
364.699
367.288
369.507
370.247
372.466
378.384
388.741
396.508
393.549
379.494
358.041
335.479
311.806
289.244
268.161
244.119
217.488
188.267
152.02
108.374
63.9888
21.083
-3.32889
-11.8361
-10.7264
-7.02767
-12.5758
-21.8228
-30.3299
-36.6178
-39.5769
-38.0974
-32.5492
-25.1516
-19.2336
-18.124
-25.1516
-46.6045
-83.5922
-129.827
-173.103
-207.501
-230.064
-248.927
-271.49
-301.08
-336.218
-368.398
-397.248
-421.66
-439.414
-448.291
-441.633
-431.277
-422.03
-416.852
-419.441
-425.359
-424.249
-413.153
-394.659
-377.645
-366.918
-359.891
-355.082
-344.356
-325.862
-302.19
-280.367
-261.133
-242.639
-220.447
-193.076
-164.595
-133.526
-106.895
-82.1127
-56.2213
-32.1793
-11.4662
11.4662
36.248
61.3996
83.5922
98.3873
109.114
115.402
123.539
138.704
154.979
174.212
191.596
206.022
224.515
240.79
253.366
267.051
281.477
292.943
302.56
309.217
309.957
310.327
312.916
319.204
325.122
328.081
328.081
325.492
322.163
320.684
324.012
334.739
342.136
341.397
335.848
325.862
313.656
304.779
296.642
289.614
279.997
263.353
238.941
206.022
169.034
132.786
102.086
80.6332
66.5779
54.3719
42.5359
25.8914
10.7264
-0.369877
-11.4662
-17.3842
-15.9047
-9.98668
-2.21926
3.32889
2.58914
-5.54816
-20.3432
-45.125
-72.4959
-97.2777
-118.731
-134.635
-147.211
-162.746
-189.747
-222.296
-252.256
-279.257
-299.97
-313.656
-322.533
-325.862
-325.122
-324.382
-326.602
-332.889
-346.945
-358.041
-360.63
-351.753
-337.698
-325.122
-320.684
-326.971
-332.52
-332.889
-328.081
-319.944
-307.738
-292.573
-272.599
-245.968
-218.228
-192.336
-171.623
-158.307
-142.033
-118.731
-92.4693
-65.0984
-41.0564
-20.7131
-4.8084
9.24693
19.2336
29.2203
39.5769
52.1527
66.208
80.2634
93.9488
106.155
117.991
132.416
148.691
166.445
186.048
202.323
214.529
221.926
225.625
231.173
241.53
252.996
264.462
272.23
277.038
280.367
278.887
272.969
268.901
267.791
272.969
282.586
291.833
299.601
299.601
293.682
285.175
274.819
265.202
260.024
258.174
254.476
241.16
220.817
196.405
168.664
136.855
106.155
84.332
75.0851
73.6056
73.9754
71.0164
58.4406
36.248
11.8361
-4.8084
-9.61681
-5.17828
2.95902
5.91804
1.10963
-12.9457
-34.3986
-58.8105
-80.6332
-94.6886
-108.004
-123.169
-139.814
-157.198
-174.212
-189.747
-200.473
-207.871
-213.419
-219.337
-224.885
-231.173
-240.05
-247.448
-248.557
-245.229
-243.379
-243.009
-243.379
-242.27
-240.79
-241.16
-242.639
-242.639
-238.201
-233.393
-233.393
-232.653
-230.433
-223.776
-210.46
-194.555
-177.541
-160.897
-146.841
-135.005
-123.169
-110.593
-93.9488
-76.1947
-58.8105
-42.166
-29.2203
-15.5348
-1.84939
8.87705
18.4939
27.001
34.7685
44.0154
58.0707
74.3453
89.1404
99.497
105.785
110.963
116.141
123.169
129.087
139.074
147.951
152.759
155.348
156.458
157.938
162.006
168.294
174.212
181.24
187.528
194.925
205.282
211.2
215.269
216.748
217.488
219.337
218.228
215.269
211.2
206.391
200.104
190.117
175.692
157.198
136.115
115.772
100.237
90.9898
85.4416
81.7429
76.5646
66.5779
53.6322
39.9467
31.0697
27.001
27.001
30.3299
32.5492
30.3299
22.5625
8.50718
-10.3566
-28.1107
-41.7961
-51.7828
-62.5092
-76.5646
-94.3187
-113.552
-127.978
-139.444
-147.951
-154.239
-155.348
-152.389
-145.362
-138.334
-134.635
-135.005
-136.115
-136.855
-134.265
-130.567
-126.868
-124.649
-125.388
-126.868
-130.937
-139.074
-147.951
-156.088
-162.006
-163.116
-156.828
-146.841
-137.594
-129.457
-123.169
-116.141
-107.264
-97.6476
-89.5103
-79.5236
-67.3177
-52.1527
-36.9877
-25.8914
-19.9734
-17.0144
-12.2059
-3.69877
7.02767
16.6445
25.1516
34.3986
43.6455
53.6322
61.7695
65.0984
69.5369
73.9754
79.5236
86.9211
93.9488
98.3873
98.7572
95.4283
90.6199
89.5103
88.0308
87.291
85.8115
83.9621
85.4416
91.7295
96.1681
99.1271
101.716
100.237
102.826
106.155
108.374
109.854
106.895
101.716
96.9078
92.4693
86.1814
79.8935
71.7562
63.6189
55.1117
47.3443
38.8371
32.5492
27.001
23.6721
23.6721
25.1516
28.8504
28.8504
25.8914
18.8637
11.8361
8.1373
4.8084
1.10963
-6.28791
-14.4252
-21.8228
-32.1793
-44.0154
-56.2213
-68.4273
-77.6742
-82.8525
-88.0308
-88.7705
-88.7705
-90.6199
-92.4693
-92.0994
-89.1404
-85.8115
-80.6332
-75.8248
-69.167
-62.5092
-55.1117
-49.9334
-49.9334
-51.4129
-53.2623
-56.5912
-59.1804
-60.29
-59.5502
-58.4406
-57.7008
-59.1804
-59.5502
-59.1804
-58.0707
-56.2213
-54.7418
-50.6732
-43.2756
-31.8094
-21.083
-11.0963
-5.17828
-1.10963
1.47951
3.69877
5.54816
9.24693
15.9047
22.5625
29.2203
35.1383
39.207
43.2756
46.2347
48.4539
53.2623
57.7008
62.1394
70.2767
79.1537
87.291
88.7705
85.0718
79.1537
73.6056
69.9068
66.9478
64.7285
61.7695
58.4406
55.4816
53.6322
52.8924
49.1937
43.2756
39.5769
40.3166
44.0154
50.3033
55.1117
56.5912
56.5912
51.4129
46.2347
42.5359
38.8371
32.9191
26.2613
21.8228
19.6035
15.9047
9.98668
1.47951
-8.1373
-15.5348
-21.8228
-26.6312
-29.9601
-32.1793
-32.9191
-32.1793
-28.8504
-26.2613
-29.2203
-34.0287
-38.8371
-40.6865
-39.5769
-42.9058
-49.9334
-58.4406
-65.8381
-69.5369
-71.7562
-76.1947
-82.8525
-90.6199
-95.7982
-96.5379
-92.4693
-85.8115
-79.1537
-73.2357
-68.4273
-61.3996
-53.6322
-48.4539
-44.3853
-42.9058
-42.9058
-42.5359
-39.9467
-36.248
-32.9191
-31.4396
-32.5492
-35.8781
-41.0564
-42.9058
-41.4262
-35.8781
-28.4805
-19.9734
-12.5758
-6.28791
0
4.06865
5.91804
6.65779
10.7264
14.0553
19.2336
27.7408
37.3576
45.125
46.9744
44.0154
41.0564
40.6865
43.6455
51.4129
61.0297
70.6465
76.9345
80.2634
83.5922
85.4416
87.6609
90.6199
96.1681
102.826
106.525
105.415
100.976
93.2091
82.8525
75.4549
71.3863
66.9478
63.6189
61.0297
58.8105
55.8515
51.4129
47.3443
43.2756
39.5769
38.8371
38.4672
39.9467
41.4262
41.7961
38.4672
32.1793
21.4529
10.7264
4.06865
-1.10963
-6.65779
-12.5758
-15.5348
-18.4939
-22.1926
-27.3709
-34.0287
-38.4672
-41.7961
-41.4262
-39.207
-35.5082
-33.6588
-33.2889
-32.9191
-35.5082
-39.9467
-47.3443
-54.0021
-59.9201
-66.208
-71.7562
-77.6742
-83.9621
-89.1404
-95.4283
-100.976
-104.305
-105.785
-105.785
-102.826
-97.2777
-91.7295
-85.0718
-79.1537
-75.8248
-73.2357
-72.1261
-72.8658
-72.8658
-72.1261
-70.2767
-66.9478
-62.8791
-58.0707
-55.8515
-53.2623
-47.3443
-40.6865
-36.248
-32.1793
-27.001
-21.083
-16.6445
-11.8361
-8.1373
-5.17828
-1.47951
4.06865
8.50718
11.4662
16.2746
21.8228
28.4805
35.1383
40.6865
46.2347
53.2623
62.5092
72.8658
83.5922
92.0994
98.3873
102.826
107.634
113.182
118.361
124.649
132.416
136.855
137.224
134.635
127.978
118.361
108.004
100.607
96.1681
94.6886
94.3187
88.0308
78.0441
67.3177
60.29
53.2623
46.6045
41.0564
37.7275
37.3576
36.6178
34.0287
24.7818
13.6855
0.369877
-11.0963
-19.2336
-25.1516
-28.8504
-34.3986
-36.6178
-38.0974
-39.5769
-42.5359
-47.7142
-53.2623
-59.1804
-60.29
-58.0707
-54.3719
-48.4539
-44.7551
-44.3853
-45.8648
-47.7142
-50.3033
-51.7828
-53.2623
-54.0021
-51.0431
-48.084
-47.7142
-49.9334
-54.3719
-59.1804
-64.3586
-67.6875
-68.7972
-66.9478
-62.5092
-57.331
-52.5226
-48.084
-45.125
-43.6455
-42.9058
-42.166
-38.8371
-35.1383
-32.1793
-30.3299
-30.3299
-32.1793
-33.2889
-33.6588
-34.0287
-33.2889
-32.5492
-29.5902
-23.3023
-15.9047
-7.02767
0.369877
2.95902
4.43853
6.65779
9.24693
14.0553
18.8637
22.1926
24.042
24.042
22.5625
23.3023
22.9324
24.042
25.8914
29.2203
34.0287
39.207
44.7551
48.4539
49.9334
51.0431
52.1527
54.7418
58.4406
62.1394
65.8381
67.3177
67.3177
63.249
58.0707
52.1527
46.9744
44.0154
39.9467
36.248
33.6588
30.6998
27.3709
22.1926
17.3842
15.165
14.4252
15.9047
16.2746
14.7951
15.9047
15.5348
11.0963
5.17828
-2.21926
-8.1373
-12.9457
-17.0144
-19.9734
-23.6721
-26.6312
-27.001
-28.1107
-28.4805
-29.2203
-31.4396
-32.9191
-34.3986
-32.9191
-27.7408
-21.4529
-17.0144
-15.5348
-16.2746
-17.7541
-18.8637
-20.7131
-19.6035
-17.3842
-15.5348
-14.0553
-16.2746
-21.083
-24.042
-25.5215
-25.8914
-25.8914
-27.001
-22.9324
-14.7951
-6.28791
0.369877
4.43853
4.8084
5.91804
5.17828
4.43853
4.8084
4.8084
7.02767
7.76742
5.91804
2.21926
-2.58914
-4.8084
-5.91804
-5.54816
-2.21926
2.95902
7.39754
9.98668
11.0963
9.61681
7.39754
6.65779
7.02767
7.76742
9.24693
11.0963
13.6855
15.165
14.0553
13.3156
11.8361
11.0963
9.24693
7.39754
7.39754
9.24693
13.3156
14.4252
13.3156
12.5758
14.0553
15.5348
16.6445
18.4939
21.083
23.3023
22.5625
19.9734
15.5348
12.9457
13.6855
12.2059
9.24693
3.32889
-0.739754
-2.58914
-5.91804
-9.24693
-12.2059
-12.2059
-11.0963
-10.7264
-10.7264
-11.8361
-11.4662
-10.3566
-9.61681
-10.7264
-11.8361
-13.3156
-15.5348
-17.7541
-22.1926
-28.8504
-33.6588
-35.8781
-36.6178
-36.6178
-34.3986
-31.8094
-32.5492
-33.2889
-34.0287
-32.9191
-29.9601
-27.3709
-24.4119
-22.5625
-20.3432
-18.124
-16.2746
-17.0144
-18.4939
-20.7131
-22.1926
-20.7131
-20.3432
-18.8637
-15.165
-13.6855
-11.0963
-11.0963
-12.2059
-8.1373
-2.95902
4.06865
10.7264
15.5348
20.3432
25.8914
28.1107
27.3709
26.6312
27.001
28.8504
32.1793
34.0287
36.9877
38.4672
41.4262
42.9058
42.9058
43.2756
42.9058
42.9058
44.7551
46.9744
49.9334
54.0021
56.2213
57.331
55.4816
54.0021
53.6322
53.6322
54.3719
57.331
56.5912
55.4816
52.8924
48.084
45.4949
42.5359
38.8371
35.1383
30.6998
27.3709
27.7408
28.1107
26.6312
25.8914
24.4119
22.1926
20.7131
17.3842
14.4252
10.7264
4.43853
-2.21926
-9.24693
-16.2746
-22.1926
-30.3299
-37.7275
-44.3853
-51.4129
-55.8515
-59.5502
-62.8791
-66.208
-69.5369
-73.9754
-78.7838
-82.8525
-86.1814
-88.7705
-89.1404
-88.7705
-90.25
-90.6199
-91.3597
-93.5789
-96.1681
-100.237
-100.976
-98.7572
-98.0175
-98.0175
-98.0175
-97.6476
-93.9488
-88.0308
-81.373
-73.6056
-65.8381
-58.8105
-51.7828
-44.3853
-38.4672
-32.5492
-26.6312
-24.7818
-23.3023
-21.8228
-21.083
-19.2336
-16.6445
-14.7951
-11.0963
-4.8084
3.32889
12.5758
22.9324
33.6588
43.6455
52.5226
59.9201
65.8381
72.1261
77.6742
82.4826
85.4416
88.0308
89.5103
90.9898
92.8392
94.6886
98.0175
100.237
103.196
105.045
106.155
106.895
106.525
109.114
109.854
110.593
110.223
107.634
106.895
104.305
102.086
98.7572
97.2777
95.0584
89.8802
84.7019
77.6742
71.7562
67.6875
63.9888
61.7695
59.9201
55.8515
50.3033
44.0154
37.7275
32.9191
29.9601
25.5215
21.4529
17.3842
10.7264
4.43853
-4.43853
-13.3156
-22.1926
-29.9601
-36.248
-45.125
-50.3033
-55.8515
-62.5092
-66.208
-71.3863
-75.8248
-81.0031
-86.9211
-93.2091
-99.1271
-103.196
-106.895
-110.593
-112.443
-113.922
-114.662
-116.881
-119.47
-120.95
-121.69
-121.69
-119.1
-116.511
-115.772
-116.141
-117.251
-117.621
-115.402
-110.223
-105.415
-98.3873
-91.7295
-85.4416
-78.0441
-71.3863
-66.208
-60.6599
-54.0021
-46.6045
-39.9467
-34.3986
-29.5902
-26.2613
-24.4119
-19.9734
-14.0553
-7.76742
-1.47951
8.1373
15.5348
22.5625
30.3299
36.248
42.5359
49.9334
58.8105
66.9478
72.4959
78.7838
83.9621
86.1814
90.6199
96.1681
98.3873
100.607
102.456
102.826
103.196
105.045
105.415
106.895
107.634
107.264
105.415
103.935
102.456
101.346
99.497
98.0175
97.6476
97.2777
95.4283
92.4693
89.1404
85.4416
82.4826
78.7838
73.6056
69.9068
64.7285
59.1804
52.8924
46.6045
39.9467
34.0287
27.3709
21.083
15.165
9.24693
5.54816
1.10963
-4.43853
-8.87705
-14.7951
-22.5625
-31.0697
-40.6865
-48.4539
-54.3719
-60.6599
-65.8381
-72.1261
-79.1537
-84.7019
-87.6609
-88.4007
-88.0308
-88.0308
-89.5103
-92.8392
-96.5379
-99.1271
-100.607
-102.086
-102.456
-102.086
-100.607
-96.5379
-92.8392
-90.6199
-88.7705
-87.291
-83.5922
-78.0441
-72.8658
-68.7972
-64.3586
-61.0297
-55.8515
-49.5635
-42.9058
-34.3986
-25.8914
-17.7541
-8.1373
-1.47951
4.06865
8.87705
11.0963
12.5758
12.5758
11.8361
13.6855
17.0144
21.083
25.1516
28.4805
31.8094
35.5082
38.0974
41.4262
44.7551
46.2347
48.8238
48.084
46.2347
45.8648
46.2347
49.9334
54.0021
56.5912
57.7008
57.7008
55.8515
54.0021
51.4129
49.5635
49.5635
48.8238
49.5635
50.6732
49.5635
49.9334
48.4539
47.3443
49.9334
51.0431
52.1527
49.5635
44.0154
39.5769
34.0287
30.3299
25.8914
21.8228
18.4939
16.2746
14.7951
12.9457
11.4662
9.98668
10.3566
11.4662
12.5758
15.165
15.5348
14.7951
14.4252
10.7264
5.91804
1.10963
-3.32889
-7.02767
-10.7264
-14.7951
-19.9734
-23.6721
-27.001
-30.3299
-34.3986
-37.3576
-38.8371
-41.0564
-43.2756
-48.4539
-55.4816
-61.3996
-67.3177
-71.0164
-73.2357
-75.0851
-76.1947
-77.6742
-78.414
-79.5236
-79.8935
-78.414
-74.3453
-69.167
-62.8791
-56.9611
-52.1527
-48.084
-44.0154
-39.9467
-35.1383
-31.4396
-27.7408
-24.4119
-20.3432
-15.165
-12.2059
-9.61681
-6.28791
-3.69877
-1.10963
2.21926
5.91804
7.02767
8.1373
9.61681
11.4662
14.7951
18.4939
23.6721
28.4805
33.2889
37.7275
41.7961
46.9744
51.0431
54.3719
58.0707
61.3996
65.4683
69.5369
73.2357
75.8248
76.5646
77.3043
78.0441
79.1537
78.7838
76.5646
72.8658
69.167
65.8381
62.5092
61.3996
58.8105
56.2213
54.0021
52.5226
48.8238
44.0154
39.207
32.5492
27.001
22.1926
17.7541
15.5348
13.3156
11.8361
10.3566
6.28791
1.10963
-4.43853
-9.61681
-14.0553
-17.7541
-21.4529
-24.042
-27.3709
-30.6998
-33.2889
-35.5082
-38.0974
-40.3166
-42.9058
-45.125
-46.2347
-49.1937
-52.5226
-55.4816
-58.8105
-62.1394
-65.0984
-68.0574
-69.9068
-71.3863
-74.3453
-75.0851
-75.8248
-76.1947
-74.7152
-74.3453
-73.2357
-72.1261
-71.0164
-68.4273
-65.4683
-63.249
-62.5092
-61.0297
-59.5502
-57.7008
-55.8515
-53.2623
-49.9334
-44.3853
-38.0974
-32.9191
-26.2613
-21.083
-17.3842
-13.3156
-10.3566
-5.54816
-0.739754
3.32889
10.3566
18.8637
26.2613
32.9191
37.3576
39.9467
42.9058
44.3853
48.084
53.6322
58.8105
61.7695
66.208
69.9068
72.4959
77.3043
81.0031
85.0718
86.5513
88.4007
89.1404
89.1404
90.25
89.8802
87.6609
85.0718
83.2224
80.2634
77.6742
75.0851
72.8658
70.6465
67.6875
65.8381
63.6189
60.29
55.8515
51.4129
48.4539
44.3853
39.207
33.2889
27.3709
20.3432
14.0553
9.24693
2.95902
-1.47951
-7.76742
-14.0553
-18.124
-22.1926
-25.1516
-29.2203
-31.4396
-35.1383
-38.8371
-42.9058
-46.9744
-49.9334
-55.4816
-58.4406
-61.7695
-65.0984
-66.9478
-68.4273
-69.9068
-70.2767
-68.7972
-67.6875
-67.3177
-66.9478
-66.5779
-66.208
-66.5779
-66.208
-65.4683
-65.0984
-64.3586
-64.3586
-63.9888
-62.5092
-61.3996
-59.5502
-58.0707
-56.9611
-55.4816
-54.7418
-53.6322
-52.5226
-50.6732
-46.9744
-42.9058
-39.9467
-37.7275
-35.1383
-32.9191
-29.9601
-27.3709
-23.3023
-18.124
-14.0553
-9.24693
-4.43853
0.739754
6.28791
11.8361
17.3842
22.5625
28.1107
32.9191
36.9877
41.4262
46.2347
51.7828
56.2213
60.29
62.5092
63.6189
64.7285
66.208
67.6875
69.167
71.0164
70.6465
69.5369
68.0574
67.6875
68.7972
69.9068
72.4959
72.1261
73.6056
75.4549
74.3453
72.8658
70.2767
68.7972
67.3177
65.4683
64.7285
63.9888
62.5092
60.6599
58.4406
57.331
57.331
56.5912
54.0021
50.6732
46.6045
41.7961
37.3576
32.9191
27.001
20.7131
12.9457
5.17828
-2.58914
-8.87705
-14.7951
-20.3432
-25.8914
-30.6998
-34.7685
-39.207
-43.6455
-50.3033
-56.2213
-59.1804
-62.5092
-65.4683
-69.167
-72.8658
-76.9345
-81.0031
-86.1814
-90.25
-93.2091
-94.6886
-93.5789
-93.2091
-92.0994
-90.9898
-90.25
-90.25
-89.5103
-86.1814
-83.5922
-81.7429
-79.1537
-77.3043
-73.9754
-71.0164
-69.9068
-68.7972
-66.9478
-64.7285
-61.7695
-59.1804
-56.9611
-54.3719
-51.0431
-46.9744
-42.5359
-37.7275
-32.5492
-28.4805
-24.042
-17.0144
-8.87705
0
7.02767
12.9457
18.124
23.6721
29.2203
34.7685
39.5769
45.125
49.9334
55.8515
61.7695
65.4683
71.3863
75.8248
79.5236
83.2224
86.5513
91.3597
95.7982
98.3873
100.976
102.826
103.196
102.826
102.456
101.346
100.237
98.0175
95.7982
93.9488
91.3597
89.1404
86.5513
82.1127
76.9345
73.6056
71.3863
68.4273
65.8381
63.249
59.9201
56.9611
52.5226
49.1937
44.7551
39.207
33.6588
27.7408
22.5625
16.6445
10.3566
2.95902
-3.69877
-8.87705
-14.0553
-17.7541
-23.3023
-27.7408
-31.4396
-34.3986
-38.0974
-41.4262
-44.7551
-48.8238
-53.6322
-59.5502
-62.8791
-65.4683
-70.2767
-74.7152
-80.2634
-84.332
-87.291
-88.4007
-89.1404
-90.6199
-92.4693
-92.8392
-90.6199
-89.5103
-87.291
-84.332
-82.1127
-79.8935
-78.414
-76.9345
-75.0851
-73.6056
-72.4959
-70.6465
-67.3177
-63.249
-58.4406
-55.8515
-53.6322
-52.1527
-49.5635
-45.4949
-41.0564
-36.248
-31.4396
-28.4805
-25.8914
-24.042
-21.4529
-19.2336
-16.6445
-13.3156
-9.61681
-4.43853
2.21926
7.39754
11.4662
16.2746
20.7131
26.2613
31.8094
35.5082
40.3166
44.0154
47.7142
52.1527
56.5912
60.6599
62.8791
65.4683
66.5779
68.4273
71.7562
73.6056
75.4549
75.8248
76.1947
77.3043
78.0441
77.3043
75.8248
74.3453
73.2357
72.1261
72.4959
72.1261
71.0164
68.7972
66.5779
64.7285
63.9888
62.1394
59.5502
56.5912
52.5226
49.5635
46.6045
43.2756
38.0974
32.1793
26.2613
21.083
16.6445
13.3156
9.61681
5.17828
0.369877
-3.32889
-7.39754
-12.2059
-16.2746
-21.4529
-24.7818
-27.3709
-30.3299
-32.9191
-35.8781
-40.3166
-44.0154
-47.7142
-50.6732
-54.0021
-57.7008
-60.29
-62.8791
-64.7285
-66.208
-67.6875
-68.4273
-69.5369
-69.9068
-69.167
-66.9478
-64.7285
-62.1394
-59.5502
-57.7008
-54.7418
-50.6732
-48.4539
-44.7551
-42.5359
-40.3166
-37.7275
-36.248
-34.3986
-32.9191
-31.4396
-29.9601
-28.1107
-26.6312
-25.1516
-23.6721
-22.5625
-19.9734
-17.7541
-15.165
-10.7264
-7.76742
-5.17828
-1.47951
2.58914
6.28791
9.98668
15.165
19.9734
24.7818
28.8504
33.2889
36.248
39.5769
41.4262
44.3853
47.7142
50.6732
54.0021
57.331
61.0297
63.6189
66.5779
68.0574
68.0574
67.6875
66.9478
65.0984
62.8791
60.6599
58.0707
55.4816
53.2623
50.3033
47.7142
45.125
43.2756
41.0564
37.7275
36.6178
35.8781
34.7685
33.6588
32.9191
32.5492
31.0697
27.7408
24.042
20.3432
13.6855
8.1373
2.58914
-4.8084
-10.3566
-15.165
-20.3432
-25.1516
-29.9601
-34.0287
-36.9877
-39.5769
-42.166
-43.2756
-44.0154
-45.4949
-45.8648
-48.084
-50.6732
-53.2623
-55.8515
-58.0707
-61.3996
-65.4683
-67.3177
-69.9068
-72.1261
-72.8658
-75.0851
-75.4549
-74.3453
-72.4959
-68.4273
-65.8381
-61.3996
-56.2213
-51.0431
-45.125
-41.4262
-37.7275
-33.6588
-30.6998
-29.2203
-26.6312
-24.4119
-21.083
-17.3842
-14.0553
-10.7264
-7.02767
-3.32889
-0.739754
2.95902
6.28791
9.61681
14.4252
18.124
22.9324
26.6312
28.8504
32.1793
34.7685
37.7275
40.3166
41.4262
42.166
44.0154
45.4949
48.4539
50.3033
51.4129
53.6322
56.5912
60.29
63.249
65.4683
68.7972
71.0164
73.2357
75.0851
76.1947
76.1947
76.5646
73.6056
71.0164
68.7972
66.5779
63.9888
61.0297
56.5912
52.1527
48.8238
43.6455
40.3166
35.8781
31.8094
29.5902
27.7408
25.5215
22.5625
19.2336
15.5348
11.8361
8.50718
4.43853
0.369877
-4.43853
-9.98668
-15.5348
-20.3432
-25.5215
-31.0697
-35.1383
-40.6865
-44.7551
-48.8238
-52.8924
-55.8515
-58.8105
-60.6599
-62.1394
-63.9888
-66.208
-67.3177
-69.167
-70.6465
-71.3863
-72.1261
-72.1261
-72.4959
-73.2357
-73.6056
-73.9754
-74.7152
