SAMPLES: 7477
BITSPERSAMPLE:	16
CHANNELS:	1
SAMPLERATE:	16000
NORMALIZED:	FALSE
-50.5507
-38.6323
23.4259
-81.3743
-38.6323
22.604
-68.6339
-16.4393
34.9334
-49.3178
-3.69883
32.0566
-105.622
-74.3876
22.193
-70.2778
-78.9084
47.2629
-13.5624
-83.8402
-12.7404
19.3161
-41.0981
-97.4026
23.8369
50.5507
-103.567
-59.5923
77.2645
-80.1414
-55.4825
77.2645
-98.6355
-6.16472
131.103
-83.0182
-155.762
123.294
54.2495
-190.695
50.1397
145.898
-87.95
44.797
181.654
-183.298
-95.7587
235.492
-92.4708
-170.968
157.406
3.69883
-117.952
104.389
-36.9883
-158.639
79.7304
24.6589
-121.24
2.05491
18.4942
-82.6073
13.1514
63.7021
-19.3161
4.10981
1.64393
-23.8369
-4.10981
-12.3294
-12.7404
46.4409
66.579
26.3028
44.386
51.3727
-13.5624
-11.9185
22.193
36.5773
2.46589
2.05491
62.8802
17.2612
-6.5757
30.0016
18.0832
-0.821963
-0.410981
58.3594
4.5208
-32.4675
99.8685
63.2911
-69.0449
41.5091
135.213
-45.208
-30.8236
119.596
34.9334
-32.8785
67.8119
65.346
-33.2895
19.7271
80.5524
26.7138
28.7687
49.7288
37.3993
-34.9334
-30.8236
79.3194
-18.9051
-59.5923
74.3876
39.0432
-99.4575
2.05491
14.3843
-105.211
1.64393
36.1664
-66.168
-6.98668
36.1664
-80.5524
-47.6738
30.0016
-18.4942
-78.4975
-0.821963
15.6173
-51.7837
-38.6323
-16.4393
-18.4942
-21.371
-19.3161
-47.2629
-6.5757
-17.2612
-57.9484
-22.604
-26.7138
-39.0432
-16.4393
-28.3577
-31.6456
12.7404
-31.2346
-55.4825
4.93178
3.28785
-41.0981
-11.9185
41.5091
-6.98668
-15.6173
6.5757
-32.0566
-7.80865
33.7005
2.46589
2.05491
33.7005
31.6456
-25.4808
0
48.9068
-5.34276
10.2745
53.8386
34.9334
11.9185
50.9617
7.39767
-27.9467
55.4825
13.1514
-25.4808
34.9334
43.975
2.46589
21.371
43.975
-19.3161
-6.5757
27.9467
-20.1381
-4.10981
52.1946
-0.410981
-18.0832
29.1797
-2.46589
-34.9334
-1.64393
-9.86355
-35.7554
16.0283
-27.9467
-47.2629
16.8502
-25.8918
-57.5374
-11.0965
-6.5757
-45.6189
-34.1115
2.46589
-20.9601
-20.1381
15.2063
-25.4808
-21.371
18.9051
-6.98668
-13.1514
20.5491
16.4393
-32.4675
3.28785
21.371
-33.7005
0
35.7554
-19.3161
0.821963
43.153
-46.4409
-6.5757
45.208
-6.16472
23.015
49.7288
-2.87687
-15.2063
57.9484
16.8502
-20.1381
60.0033
55.0715
-1.64393
39.8652
48.9068
-4.10981
16.0283
46.4409
22.604
23.4259
33.2895
14.3843
17.2612
33.2895
31.2346
9.04159
4.10981
5.34276
-10.6855
-4.93178
-2.05491
-3.28785
-5.75374
-18.9051
-16.4393
-25.0699
-43.564
-23.8369
-9.45257
-24.2479
2.05491
0.410981
-34.1115
-15.6173
-5.34276
-29.5907
-5.34276
6.5757
-26.3028
1.23294
13.5624
-22.604
-18.4942
5.34276
-16.8502
-27.9467
-2.46589
8.21963
-9.86355
-6.98668
-3.69883
-30.0016
-22.604
-27.5358
-38.2213
-10.6855
-3.28785
-16.0283
-9.04159
-11.9185
-40.2762
-20.1381
0.410981
-14.3843
16.0283
24.2479
-1.64393
-6.98668
4.93178
-14.3843
-21.371
9.86355
12.3294
4.10981
13.1514
8.21963
-14.3843
-7.80865
-7.80865
-2.05491
5.75374
2.46589
17.6722
18.4942
-3.28785
8.21963
-2.46589
-12.7404
4.5208
6.98668
12.3294
16.0283
35.3444
11.5075
9.45257
20.9601
3.28785
2.87687
22.604
29.1797
14.7953
22.604
23.4259
4.10981
1.64393
2.87687
2.46589
11.0965
15.2063
18.9051
11.0965
14.3843
15.2063
-4.10981
-3.28785
16.0283
3.28785
-3.69883
14.3843
2.46589
-10.2745
-5.75374
-7.39767
-2.05491
-4.93178
2.46589
13.1514
6.16472
0.410981
-3.69883
-5.34276
-10.6855
-0.410981
3.28785
2.05491
11.5075
6.98668
-11.9185
-2.05491
-4.5208
-16.0283
-2.05491
12.7404
21.371
4.93178
9.45257
4.5208
-16.0283
-20.1381
-9.04159
-2.87687
-11.0965
-4.93178
-2.87687
-16.0283
-22.604
-15.6173
-22.604
-11.5075
4.5208
-14.7953
-23.8369
-32.4675
-50.1397
-50.1397
-25.8918
-15.6173
-29.5907
-10.6855
-5.75374
-33.7005
-30.0016
-8.63061
-0.821963
4.93178
26.7138
35.3444
25.8918
25.4808
17.6722
15.2063
24.2479
30.8236
28.7687
31.2346
38.6323
15.2063
11.5075
22.604
4.5208
-4.93178
3.28785
5.75374
-0.821963
-1.64393
0.410981
-17.2612
-8.63061
16.8502
18.0832
27.1248
52.6056
43.975
40.2762
68.6339
43.153
27.5358
27.1248
15.2063
23.8369
41.0981
51.7837
42.3311
29.5907
16.4393
-8.63061
-21.782
-28.3577
-35.3444
0
25.8918
30.4126
38.2213
25.8918
6.5757
-8.63061
-11.5075
0.410981
14.3843
44.386
56.3045
59.1813
56.3045
4.10981
-41.5091
-71.9217
-86.3061
-77.6755
-48.0848
-39.4542
-43.564
-27.9467
-43.975
-69.4559
-90.4159
-83.0182
-60.8253
-36.9883
-10.2745
-17.6722
-16.8502
-67.401
-114.253
-122.472
-135.213
-98.2246
-83.0182
-80.5524
-55.4825
-55.8935
-91.6489
-130.281
-147.542
-151.652
-138.501
-135.213
-141.378
-123.705
-107.266
-142.2
-195.627
-216.587
-230.561
-216.176
-181.654
-150.419
-119.185
-123.705
-153.296
-166.447
-133.158
-95.3477
-52.6056
-20.5491
-20.5491
-24.2479
-108.499
-101.923
173.434
630.856
1095.68
1257.6
1137.19
895.118
630.856
428.654
356.321
567.976
891.008
1064.85
943.202
499.342
-99.8685
-672.777
-1009.37
-969.094
-601.266
-174.256
109.321
237.958
214.532
9.04159
-385.501
-713.875
-721.683
-377.281
148.775
643.186
1018
1129.38
921.831
525.645
253.165
186.175
150.83
200.148
391.665
590.58
545.372
198.504
-281.111
-710.176
-985.944
-1111.29
-1055.81
-812.099
-502.219
-315.223
-262.617
-309.058
-457.833
-576.607
-549.071
-339.471
-71.0998
96.1697
101.512
-49.3178
-260.151
-447.559
-595.923
-648.529
-583.594
-480.026
-348.923
-295.496
-398.652
-544.55
-657.57
-665.79
-588.525
-449.203
-279.056
-162.749
-131.514
-245.356
-438.106
-644.83
-868.815
-993.753
-901.282
-690.038
-603.321
-664.146
-735.657
-761.549
-722.916
-544.961
-5.75374
1053.35
2240.67
2882.62
2726.45
2197.93
1778.32
1523.1
1414.19
1565.84
2054.09
2430.13
2121.08
1094.44
-156.584
-1201.71
-1925.04
-2018.33
-1374.32
-430.709
200.559
355.91
289.331
45.6189
-498.52
-1116.23
-1126.91
-337.005
769.357
1688.72
2280.12
2532.06
2223.82
1476.66
751.274
360.431
304.948
436.051
746.342
1117.87
1203.35
721.683
-122.472
-950.189
-1569.13
-1884.76
-1838.32
-1353.77
-676.064
-200.148
-76.8535
-233.026
-560.99
-927.996
-1029.92
-701.545
-113.02
431.12
830.182
1013.07
809.633
279.056
-330.429
-722.094
-796.893
-688.805
-522.357
-360.842
-311.524
-526.056
-959.231
-1346.79
-1470.9
-1309.8
-917.311
-403.995
52.1946
267.549
152.885
-156.995
-451.258
-630.035
-683.873
-534.687
-240.835
-8.63061
33.2895
-137.268
-424.133
-747.575
-914.434
-861.417
-634.966
-320.566
-10.6855
277.412
385.09
222.341
-102.745
-296.318
-242.89
-48.4958
112.198
151.652
99.0465
-126.582
-535.509
-927.585
-1097.73
-1092.39
-1048.41
-955.943
-797.304
-534.687
-220.697
505.096
1746.67
2753.58
2848.1
2158.89
1789.82
1848.59
1897.09
1895.04
2285.06
3029.34
2938.52
1692.01
46.8519
-1014.71
-1590.5
-1842.02
-1413.78
-436.051
376.048
387.555
111.376
-59.1813
-425.366
-1175
-1542.41
-711.409
709.765
1777.49
2293.28
2573.15
2466.3
1696.53
680.585
85.8951
97.4026
253.987
469.341
878.678
1148.69
784.975
-178.777
-1065.26
-1614.75
-1931.2
-1964.08
-1493.51
-595.512
107.266
256.863
16.4393
-339.06
-759.905
-1061.57
-832.237
-143.843
520.713
735.657
562.634
235.081
-283.166
-928.407
-1437.2
-1468.03
-1181.16
-917.311
-747.575
-664.146
-723.327
-956.765
-1122.39
-1006.9
-641.542
-257.685
54.2495
364.13
546.194
397.008
-34.9334
-470.985
-782.509
-947.312
-942.791
-792.783
-653.46
-702.778
-867.582
-1010.6
-1040.19
-1045.54
-965.395
-607.842
-89.594
335.772
542.495
613.184
579.073
446.326
241.657
83.8402
71.0998
90.0049
-20.1381
-211.655
-392.076
-585.649
-879.5
-1153.62
-1322.95
-1336.1
-1028.28
-394.131
1002.38
2666.86
3554.17
3147.3
2117.79
1656.67
1506.66
1447.48
1570.77
2455.2
3488.41
3224.97
1588.85
-414.68
-1594.61
-2207.79
-2189.71
-1251.44
223.985
1288.43
1354.18
1094.03
750.041
35.7554
-1108.83
-1533.78
-453.313
1250.21
2408.76
2801.25
2877.69
2363.97
1111.29
-290.153
-1006.49
-852.786
-431.12
73.1547
679.763
1002.79
462.354
-746.753
-1749.96
-2202.04
-2287.52
-2052.44
-1208.7
60.4143
948.956
1004.85
471.807
-176.722
-775.933
-1195.54
-1013.07
-214.943
554.825
777.577
451.258
-151.241
-953.888
-1857.23
-2423.15
-2305.19
-1639.4
-947.312
-515.782
-307.825
-362.075
-718.396
-1103.9
-1099.79
-602.499
127.404
777.166
1210.34
1308.98
927.174
182.476
-547.016
-976.903
-1111.7
-1022.93
-779.221
-600.444
-669.9
-987.177
-1373.91
-1629.54
-1613.51
-1273.22
-643.186
110.965
613.184
806.757
841.279
787.44
553.592
266.727
158.639
281.111
422.489
296.318
-20.1381
-392.898
-729.903
-1111.7
-1421.17
-1530.08
-1404.32
-881.555
665.79
2809.47
3994.33
3450.6
2057.37
1428.57
1394.87
1386.24
1551.87
2663.16
4106.94
3903.5
1812.84
-652.228
-2037.65
-2662.34
-2703.44
-1741.33
-4.93178
1313.5
1448.3
1128.55
814.154
102.334
-1276.1
-1914.76
-664.557
1491.04
2969.75
3383.2
3340.87
2654.94
1011.84
-877.445
-1791.47
-1500.9
-855.252
-254.808
393.309
831.415
309.88
-1053.35
-2174.91
-2533.29
-2423.56
-2071.35
-1120.75
413.036
1553.92
1632.83
921.42
119.185
-412.214
-849.91
-977.725
-523.59
290.564
766.069
544.961
-52.1946
-877.034
-1819.41
-2661.1
-2938.52
-2461.37
-1461.04
-477.971
97.8136
279.878
16.8502
-496.466
-846.211
-642.775
-58.3594
602.088
1094.44
1256.78
1098.14
559.757
-228.917
-1044.3
-1522.28
-1603.65
-1362.4
-970.327
-652.228
-531.81
-684.284
-951.011
-1191.44
-1120.75
-687.161
-30.0016
630.856
1072.66
1230.89
1076.77
751.274
379.747
107.677
-7.80865
-43.564
-43.564
-46.0299
-123.294
-385.09
-817.853
-1250.21
-1560.91
-1554.74
-1220.61
53.0166
2293.28
4053.51
4046.93
2533.7
1475.01
1234.18
1135.54
1063.62
1787.77
3393.88
3922.82
2373.42
-196.449
-1908.6
-2643.84
-2925.78
-2385.34
-734.013
1123.62
1784.89
1533.37
1176.23
674.831
-594.279
-1780.78
-1201.3
927.585
2879.75
3548
3441.15
2843.58
1412.13
-650.995
-2093.13
-2016.27
-1182.8
-441.394
147.542
651.817
486.191
-722.916
-2066.41
-2576.44
-2283
-1740.51
-928.818
466.053
1839.96
2187.65
1435.97
415.502
-313.99
-848.266
-1084.58
-701.956
99.8685
572.086
278.234
-449.203
-1245.68
-2084.91
-2896.6
-3204.01
-2677.13
-1625.84
-700.312
-146.72
134.391
43.975
-409.337
-852.786
-754.973
-106.033
641.131
1101.02
1212.81
1004.85
405.639
-415.502
-1101.84
-1417.47
-1446.65
-1279.39
-981.835
-706.477
-621.815
-842.923
-1188.56
-1296.24
-1004.03
-410.159
241.657
775.522
1143.76
1237.47
1078.42
739.356
392.898
144.665
11.5075
61.6472
130.692
54.6605
-215.765
-615.239
-957.587
-1278.15
-1429.8
-1328.7
-664.557
1231.71
3477.72
4551.21
3672.12
2171.63
1611.46
1576.94
1497.21
1592.14
2700.56
3854.59
3273.06
910.324
-1426.11
-2519.32
-2951.26
-2904.41
-1980.11
-191.106
1156.09
1392.82
1193.9
1038.96
468.93
-796.071
-1231.71
170.557
2385.34
3636.77
3624.45
3141.95
2218.89
529.344
-1410.08
-2193
-1600.77
-768.946
-282.755
39.4542
190.695
-376.048
-1569.54
-2399.31
-2345.88
-1768.45
-1158.15
-242.89
1104.72
2027.37
1790.24
760.727
-76.8535
-528.522
-777.577
-646.474
-102.334
392.076
193.161
-604.965
-1489.81
-2245.19
-2934.82
-3425.53
-3252.51
-2368.07
-1342.27
-674.01
-316.045
-192.75
-308.647
-544.961
-506.74
56.3045
722.094
1149.52
1240.75
1107.59
595.101
-327.963
-1141.71
-1535.02
-1535.02
-1470.9
-1417.47
-1277.33
-1138.83
-1206.64
-1415.42
-1370.62
-968.272
-410.57
149.186
763.603
1265
1407.61
1175
842.923
710.587
618.938
423.722
226.04
147.542
55.8935
-262.206
-678.119
-1067.32
-1286.37
-1219.38
-788.262
734.424
2987.42
4362.57
3847.2
2357.8
1672.28
1664.06
1638.58
1684.61
2664.39
4122.97
3979.12
1751.19
-852.786
-2217.24
-2671.79
-2726.45
-1955.04
-283.988
1177.05
1517.75
1241.57
1022.11
514.138
-736.068
-1466.79
-299.194
2133.82
3991.45
4355.17
3841.03
2801.66
1048
-1034.85
-2223.82
-1887.64
-996.63
-378.514
-27.5358
94.9367
-412.214
-1683.79
-2821.8
-3068.8
-2500.82
-1622.55
-521.946
915.667
2041.34
2044.63
1043.48
-66.168
-692.093
-837.58
-483.725
177.133
622.226
436.873
-386.323
-1421.17
-2389.04
-3207.3
-3702.53
-3527.45
-2706.72
-1870.79
-1363.64
-1088.69
-981.835
-1040.19
-1135.95
-881.555
-134.391
736.068
1341.44
1606.94
1576.52
1013.07
-81.3743
-1070.2
-1483.64
-1442.54
-1202.53
-933.75
-775.933
-869.226
-1265
-1747.08
-1899.56
-1558.85
-910.324
-92.0598
807.168
1513.23
1719.96
1384.19
782.509
309.88
167.68
294.263
495.644
639.076
621.815
281.933
-235.492
-828.95
-1182.39
-1060.33
-349.745
1402.68
3463.34
4507.64
3746.1
2257.52
1505.01
1335.28
1301.17
1502.55
2691.11
3975.01
3651.57
1645.98
-543.317
-1736.81
-2378.76
-2534.93
-1668.58
55.4825
1412.54
1605.7
1242.81
903.748
175.9
-1134.31
-1623.79
-330.84
1831.74
3264.43
3597.32
3420.6
2602.33
888.131
-1103.49
-2012.99
-1605.7
-890.186
-357.965
132.336
453.723
-109.732
-1456.11
-2546.03
-2760.97
-2372.6
-1815.72
-809.222
674.421
1738.04
1615.98
681.818
-173.023
-622.637
-787.029
-576.196
50.1397
557.702
397.008
-370.705
-1211.16
-1957.5
-2736.31
-3366.35
-3374.16
-2630.28
-1760.23
-1246.92
-1058.28
-1033.21
-1144.99
-1285.96
-1102.25
-441.394
478.793
1248.15
1682.56
1746.67
1296.65
420.845
-480.437
-1019.23
-1171.71
-1118.28
-948.956
-760.316
-762.371
-1068.55
-1507.07
-1794.34
-1734.75
-1364.87
-759.905
18.0832
741.41
1111.7
1026.63
715.93
470.574
363.719
354.677
449.203
571.675
503.863
230.972
-115.897
-348.512
-347.69
-165.626
726.204
2379.58
3693.49
3558.28
2317.11
1522.69
1452.41
1462.68
1341.44
1752.42
2800.84
3015.37
1613.51
-318.1
-1357.88
-1672.69
-1855.17
-1534.19
-287.687
1128.14
1601.59
1255.96
914.434
618.938
-290.975
-1174.17
-652.639
1140.47
2683.71
3040.03
2794.26
2370.13
1408.02
-132.747
-1320.89
-1357.06
-843.334
-524.001
-325.497
-30.0016
-80.1414
-887.309
-1931.61
-2482.74
-2384.51
-1987.51
-1296.65
-148.775
978.547
1377.61
979.78
343.58
-102.334
-318.1
-218.231
260.973
799.359
988.41
627.98
-92.8818
-941.969
-1865.86
-2629.05
-2910.57
-2581.79
-1926.68
-1355.42
-1037.32
-1053.35
-1336.92
-1657.08
-1747.49
-1375.97
-616.061
251.932
992.931
1485.29
1586.39
1207.87
540.441
-153.296
-651.817
-804.291
-688.805
-523.179
-480.026
-615.65
-917.311
-1323.77
-1717.49
-1934.9
-1761.88
-1250.62
-594.69
19.7271
387.145
482.081
360.842
212.066
172.612
222.341
277.001
294.674
346.868
370.294
219.875
76.8535
52.1946
429.887
1644.34
3033.04
3439.91
2434.65
1181.57
810.455
1038.14
1250.21
1498.44
2385.75
3117.71
2336.43
343.991
-1229.66
-1629.54
-1549.4
-1283.08
-380.98
1039.78
1838.32
1517.75
848.677
465.642
-161.105
-1255.14
-1486.52
-98.2246
1885.17
2881.39
2765.08
2334.79
1606.12
337.827
-971.149
-1260.07
-631.678
-83.8402
83.0182
238.78
421.667
-13.5624
-1126.09
-2105.46
-2348.76
-2105.05
-1744.62
-1031.15
98.2246
953.066
864.705
168.502
-362.897
-473.862
-373.993
-98.2246
489.068
1163.08
1464.74
1133.08
402.351
-427.421
-1318.02
-2070.52
-2316.7
-1934.9
-1318.84
-955.943
-934.161
-1161.02
-1562.14
-2020.8
-2167.11
-1679.27
-773.878
107.677
784.975
1253.08
1374.32
1031.15
375.226
-203.436
-436.051
-410.981
-293.852
-164.804
-129.87
-373.582
-914.434
-1507.89
-1941.07
-2044.22
-1819.83
-1363.23
-748.808
-199.326
90.4159
83.0182
-38.2213
-119.596
-134.802
-69.8668
-25.0699
53.8386
196.038
477.149
854.019
1069.78
1569.13
2580.96
3347.85
2851.39
1448.71
717.574
974.437
1357.06
1360.35
1714.2
2594.53
2546.03
827.717
-1239.11
-1929.97
-1596.25
-1329.94
-888.131
340.293
1650.5
1757.36
923.475
422.489
309.469
-372.349
-1238.7
-768.124
1114.58
2650.83
2795.91
2274.37
1770.51
935.805
-438.517
-1331.58
-897.994
80.1414
474.684
296.729
206.724
90.4159
-667.023
-1751.19
-2194.64
-1850.24
-1472.55
-1210.34
-524.823
399.063
620.993
-80.5524
-795.66
-826.073
-498.52
-284.399
96.9916
891.008
1514.88
1359.53
665.379
108.91
-243.301
-731.958
-1244.04
-1286.78
-796.482
-450.847
-664.968
-1117.05
-1491.04
-1865.86
-2237.38
-2165.46
-1455.7
-545.783
57.5374
348.101
580.306
677.708
420.023
-51.3727
-267.138
-46.0299
325.497
470.574
373.171
230.561
-57.9484
-697.846
-1467.61
-1856.4
-1777.08
-1515.7
-1228.83
-866.349
-558.113
-528.111
-757.439
-930.051
-809.222
-553.181
-362.897
-282.344
-184.531
54.6605
383.035
728.67
1578.99
3058.11
4046.11
3487.18
2021.21
1218.97
1242.4
1199.24
957.176
1479.94
2640.56
2719.05
1037.32
-954.71
-1726.94
-1732.29
-1768.86
-1373.91
13.9734
1505.84
1769.69
1133.49
779.221
627.98
-259.329
-1329.11
-979.369
753.74
2225.05
2568.63
2452.33
2288.34
1506.25
20.5491
-1064.03
-861.828
-57.5374
366.184
489.479
708.121
754.151
36.9883
-1133.08
-1904.49
-2040.93
-1999.01
-1842.02
-1068.14
49.3178
518.659
21.371
-684.284
-973.615
-983.89
-934.161
-614.828
164.804
922.242
1106.36
783.331
390.021
50.5507
-399.885
-823.196
-902.104
-584.827
-277.823
-300.016
-526.878
-822.785
-1276.92
-1856.4
-2114.5
-1814.89
-1250.21
-748.397
-366.595
-33.7005
133.158
9.04159
-292.208
-488.657
-410.981
-144.254
195.216
485.369
576.196
356.732
-173.434
-814.154
-1332.81
-1590.5
-1530.49
-1211.57
-819.908
-520.302
-383.857
-452.08
-666.612
-901.693
-944.024
-777.166
-544.139
-267.96
100.279
520.302
887.72
1593.37
2716.59
3381.14
2841.94
1731.46
1328.29
1648.86
1828.87
1711.74
2062.3
2803.72
2661.1
1175.82
-434.818
-1056.22
-1105.54
-1182.8
-879.911
235.081
1358.7
1452.82
838.402
474.273
235.081
-573.319
-1399.8
-1036.5
414.269
1662.01
2093.95
2167.11
2156.01
1584.33
369.061
-587.292
-604.554
-60.8253
402.762
743.876
1098.14
1150.75
511.672
-546.605
-1341.85
-1656.67
-1819.83
-1793.93
-1247.33
-387.145
50.5507
-235.903
-751.685
-1088.28
-1324.59
-1583.92
-1550.63
-959.231
-148.775
341.937
386.734
289.331
161.105
-159.05
-611.129
-812.921
-603.732
-280.289
-127.815
-97.4026
-130.692
-398.241
-967.45
-1548.58
-1756.53
-1588.03
-1304.87
-1000.74
-613.595
-225.629
-96.1697
-299.605
-590.169
-685.517
-574.963
-385.912
-133.158
182.887
397.008
293.441
-81.7853
-528.522
-921.009
-1194.31
-1239.52
-1005.26
-681.818
-457.422
-344.402
-297.14
-279.467
-289.331
-303.715
-304.126
-272.481
-133.98
150.008
520.713
876.623
1388.3
2123.95
2594.94
2299.44
1514.06
1052.52
1081.7
1190.2
1274.04
1747.49
2550.14
2743.3
1902.84
782.92
234.259
98.2246
-27.5358
96.9916
760.316
1518.99
1662.42
1286.37
939.915
582.361
-149.597
-948.545
-1093.21
-503.041
213.299
630.035
865.116
1015.95
817.031
186.586
-437.284
-606.198
-377.281
-53.4276
260.562
594.279
867.171
856.485
542.906
127.815
-236.725
-586.06
-866.76
-844.978
-561.401
-293.852
-270.426
-480.026
-787.851
-1142.12
-1491.86
-1724.07
-1699.41
-1428.98
-1111.7
-893.885
-745.109
-586.06
-461.532
-516.193
-683.462
-757.439
-677.297
-527.7
-420.434
-354.266
-330.018
-397.83
-545.783
-717.574
-796.071
-741
-633.733
-534.276
-462.765
-401.529
-379.747
-425.366
-438.106
-324.264
-158.639
-77.2645
-97.8136
-151.241
-266.316
-484.136
-709.765
-797.304
-741.821
-665.379
-643.186
-664.557
-671.955
-649.762
-578.662
-416.324
-177.955
89.594
312.757
448.381
550.715
635.377
685.928
704.011
801.414
1144.17
1633.65
1934.9
1799.28
1380.08
990.465
741.821
594.279
634.144
1037.32
1585.16
1758.59
1428.57
1032.8
892.241
851.964
739.356
730.725
1024.99
1404.73
1550.63
1505.42
1488.16
1361.58
837.991
108.088
-316.045
-264.261
-48.0848
72.3327
161.927
279.056
227.273
-156.995
-608.663
-755.384
-674.831
-648.94
-687.161
-539.619
-155.351
171.379
251.11
168.502
73.1547
-78.4975
-321.387
-455.367
-323.442
-95.3477
-50.1397
-162.749
-248.233
-283.166
-417.968
-692.093
-965.395
-1114.58
-1171.3
-1202.94
-1147.05
-969.505
-779.632
-729.903
-820.73
-917.722
-953.888
-954.71
-964.984
-966.217
-903.748
-795.66
-682.64
-568.387
-439.75
-325.497
-270.837
-298.373
-357.965
-359.198
-301.66
-219.875
-117.13
35.7554
202.614
268.371
177.955
-42.3311
-272.481
-424.544
-520.302
-563.045
-536.742
-442.627
-390.021
-454.134
-553.181
-578.662
-517.015
-442.627
-356.732
-199.326
0.410981
161.516
272.481
370.705
479.615
534.276
519.892
544.55
750.863
1119.1
1378.02
1331.17
1112.53
990.876
1008.14
1003.62
952.655
1037.73
1276.1
1417.06
1293.36
1078
1018.82
1078
1069.78
990.465
1006.49
1155.68
1252.67
1201.71
1098.55
985.944
770.179
405.228
71.5108
-63.7021
-62.4692
-69.4559
-117.541
-120.829
-90.0049
-138.912
-294.674
-494.822
-627.98
-680.174
-720.039
-738.945
-660.447
-457.011
-263.028
-210.833
-263.028
-327.141
-390.432
-464.82
-482.492
-397.83
-274.125
-193.572
-154.529
-104.8
-56.3045
-80.1414
-189.873
-337.416
-485.369
-613.184
-708.532
-740.589
-687.983
-604.554
-585.238
-676.475
-818.675
-941.969
-1060.74
-1179.52
-1228.42
-1123.62
-893.885
-664.968
-494.411
-357.143
-255.219
-252.754
-325.086
-320.566
-165.626
39.8652
173.023
233.848
269.604
264.261
193.983
83.0182
-18.9051
-83.4292
-140.556
-184.531
-177.955
-136.446
-116.308
-152.474
-200.97
-187.819
-140.556
-153.707
-223.985
-252.754
-190.284
-85.0732
23.8369
131.925
222.752
266.316
262.206
255.219
309.058
482.492
774.7
1071.43
1214.04
1167.6
1050.06
963.751
893.063
830.182
854.43
999.918
1129.38
1082.11
918.954
829.361
845.389
831.004
724.149
631.678
625.103
638.254
612.773
608.253
639.898
563.045
285.221
-52.1946
-236.725
-241.246
-192.75
-166.447
-150.83
-153.707
-222.341
-355.088
-472.218
-520.713
-529.344
-552.359
-588.114
-576.196
-486.602
-373.582
-309.88
-298.783
-306.181
-334.128
-376.048
-380.98
-315.634
-215.765
-137.679
-81.7853
-27.9467
14.3843
17.6722
-43.975
-156.173
-266.727
-332.484
-356.321
-377.692
-426.599
-505.096
-607.842
-717.574
-797.715
-810.455
-767.302
-726.204
-714.286
-690.449
-622.226
-532.632
-454.545
-369.061
-225.218
-23.8369
139.323
193.161
175.078
144.665
97.4026
23.015
-8.63061
51.3727
146.72
188.64
157.817
103.978
44.797
-30.0016
-100.69
-119.596
-85.0732
-55.4825
-70.6888
-108.91
-124.527
-113.431
-117.13
-129.459
-104.8
-55.0715
-14.7953
30.4126
102.334
172.612
189.462
154.118
136.857
197.271
307.414
443.449
639.076
852.375
925.53
789.084
596.334
520.302
539.619
542.906
562.634
712.231
900.049
901.693
720.861
587.703
597.567
590.991
450.436
321.798
366.184
495.644
528.111
479.615
475.095
451.258
237.547
-108.91
-336.594
-347.69
-295.496
-277.001
-202.614
-44.386
35.7554
-79.7304
-290.975
-443.86
-531.81
-618.938
-661.269
-552.359
-300.838
-51.7837
78.4975
82.6073
9.04159
-105.622
-229.739
-306.592
-283.577
-170.146
-44.797
14.7953
9.45257
-9.04159
-36.9883
-139.734
-336.594
-543.317
-662.913
-691.682
-676.064
-628.802
-537.564
-452.08
-465.642
-581.128
-699.49
-742.643
-722.505
-677.708
-579.484
-405.639
-220.697
-111.787
-82.1963
-77.6755
-95.3477
-152.063
-204.258
-175.9
-58.3594
63.2911
109.732
107.266
102.745
90.4159
43.153
-17.2612
-35.7554
-9.45257
24.6589
32.8785
36.9883
57.5374
62.8802
16.4393
-57.9484
-83.8402
-27.1248
68.2229
154.118
239.602
327.552
376.459
361.253
333.306
346.457
386.323
401.529
395.775
414.269
459.888
498.109
540.441
639.487
745.931
739.767
592.635
443.038
418.79
475.506
525.234
573.319
664.557
715.93
619.76
441.805
339.06
356.321
383.857
356.321
323.031
324.675
325.086
290.975
252.343
236.314
169.324
4.5208
-189.051
-310.291
-330.018
-317.278
-306.592
-272.07
-212.477
-186.586
-226.451
-292.208
-346.046
-423.311
-537.153
-621.404
-590.169
-454.956
-308.647
-200.559
-150.008
-166.447
-254.808
-377.692
-460.299
-478.793
-465.231
-444.682
-402.762
-326.319
-244.123
-192.339
-182.065
-225.629
-316.045
-425.366
-501.808
-519.892
-493.178
-421.667
-336.183
-282.344
-283.988
-311.524
-321.387
-357.965
-453.313
-539.208
-518.659
-389.61
-240.013
-108.91
20.5491
126.582
160.694
124.938
95.7587
111.376
123.705
109.732
129.459
223.985
332.895
387.145
369.883
306.181
203.436
54.6605
-82.6073
-127.815
-67.401
36.5773
115.486
177.133
258.507
322.209
325.497
295.496
302.482
360.02
420.434
467.697
517.426
572.086
581.95
499.753
357.965
224.807
140.145
102.334
142.611
311.935
558.113
699.49
593.046
334.539
117.952
0.410981
-78.4975
-114.253
7.39767
281.933
485.369
450.436
283.988
204.669
226.451
219.464
180.832
227.684
371.527
459.066
423.311
354.677
287.687
130.281
-152.063
-406.872
-464.82
-361.253
-255.63
-216.587
-193.983
-170.146
-221.93
-351.389
-447.559
-443.449
-409.748
-438.106
-478.382
-424.544
-272.481
-143.433
-131.103
-191.928
-255.219
-311.935
-371.116
-395.364
-319.333
-181.243
-82.1963
-48.9068
-25.0699
4.10981
-46.4409
-205.08
-371.938
-439.339
-423.311
-408.516
-392.076
-325.908
-273.714
-339.06
-491.123
-585.238
-549.482
-472.218
-439.339
-401.529
-281.933
-116.719
-2.46589
58.7703
123.294
192.75
214.943
174.256
152.063
201.792
261.795
256.452
191.106
131.514
103.978
76.4425
25.8918
-36.5773
-73.9767
-77.2645
-61.6472
-32.0566
30.4126
132.747
227.684
271.659
283.166
323.031
417.968
504.685
528.933
522.768
525.645
518.248
453.723
359.609
318.1
321.387
283.166
178.777
74.3876
6.5757
-71.9217
-143.022
-94.5257
69.4559
172.612
80.5524
-79.3194
-107.266
-30.0016
20.5491
82.6073
309.058
626.747
742.232
567.154
364.13
344.402
389.61
317.689
195.627
197.682
294.263
316.045
251.932
207.957
121.24
-148.775
-522.768
-719.628
-623.87
-429.065
-317.689
-253.987
-163.571
-109.321
-179.599
-313.168
-371.938
-364.13
-380.569
-399.474
-312.757
-96.1697
118.363
218.231
212.066
151.652
51.7837
-78.4975
-163.16
-142.2
-57.5374
-1.64393
2.87687
11.9185
48.9068
56.3045
-49.7288
-255.219
-449.614
-548.249
-546.194
-474.684
-357.554
-233.848
-184.12
-244.123
-351.389
-406.872
-388.788
-355.91
-320.155
-222.752
-50.5507
126.582
235.903
269.193
257.274
200.148
83.4292
-45.208
-99.0465
-65.757
-20.9601
-16.8502
-23.015
-13.5624
-14.3843
-48.0848
-90.0049
-106.444
-105.211
-78.4975
-9.04159
101.923
230.972
327.963
363.719
351.8
330.84
318.922
318.1
320.976
320.566
312.346
291.797
248.233
152.885
-6.98668
-200.97
-375.637
-505.096
-600.033
-655.926
-663.324
-614.417
-466.053
-164.393
191.517
373.993
280.7
96.5806
67.401
186.175
299.605
420.434
673.188
941.147
927.174
612.773
355.088
361.664
413.036
275.769
98.6355
141.789
302.482
297.962
156.995
102.745
81.3743
-149.597
-520.713
-655.926
-426.599
-144.254
-64.9351
-53.4276
75.6206
210.833
167.269
22.604
-17.2612
50.9617
64.9351
25.4808
118.363
387.145
625.514
655.926
535.92
390.843
238.369
62.4692
-75.2096
-98.6355
-45.208
-20.1381
-46.4409
-63.2911
-74.7986
-172.201
-383.035
-611.54
-734.835
-719.628
-607.02
-443.86
-279.056
-195.627
-253.165
-393.72
-480.026
-457.422
-386.734
-304.948
-183.298
-21.371
107.266
139.734
87.539
1.23294
-89.183
-168.913
-202.203
-152.474
-62.4692
-31.2346
-82.1963
-160.283
-221.108
-259.329
-271.248
-231.794
-146.309
-66.579
-15.6173
49.3178
143.433
203.847
197.271
166.858
144.254
122.883
119.185
133.158
115.075
22.604
-96.1697
-185.353
-251.11
-329.607
-434.818
-511.261
-540.441
-583.183
-651.406
-673.599
-602.499
-478.382
-365.773
-234.67
77.2645
579.073
941.969
870.459
541.674
397.008
545.783
701.134
747.575
930.873
1298.7
1378.84
870.048
224.807
6.16472
96.5806
41.5091
-118.774
18.9051
380.569
456.189
153.707
-87.1281
-111.787
-286.043
-710.587
-892.241
-482.903
140.967
436.051
443.038
508.795
602.088
455.778
166.036
104.389
334.128
542.906
580.306
648.94
864.705
994.986
817.442
454.956
151.652
-56.3045
-242.068
-346.457
-290.153
-158.639
-144.254
-315.223
-524.412
-653.871
-758.672
-890.597
-964.984
-853.197
-575.785
-287.276
-102.334
-29.5907
-42.3311
-140.967
-295.085
-384.268
-321.387
-164.393
-19.7271
83.0182
140.967
117.952
-26.7138
-248.644
-415.091
-457.422
-415.091
-337.827
-227.684
-109.732
-85.8951
-206.313
-361.253
-407.694
-322.62
-183.709
-36.1664
124.527
259.74
271.659
123.294
-58.3594
-159.461
-207.135
-263.439
-320.155
-304.948
-226.862
-203.436
-312.757
-496.466
-622.637
-668.667
-691.271
-686.339
-622.226
-531.81
-503.041
-551.126
-586.06
-521.946
-373.993
-186.586
250.699
1039.37
1713.38
1677.22
1053.35
639.076
764.425
945.257
866.76
963.751
1531.73
1867.5
1230.89
131.514
-423.311
-399.474
-468.93
-653.049
-379.336
278.234
527.289
140.556
-182.065
-127.404
-287.276
-872.925
-1064.03
-293.441
770.179
1241.57
1231.3
1314.73
1389.94
980.602
355.088
261.384
729.903
1088.28
1073.89
1068.14
1232.12
1144.58
535.509
-184.12
-530.166
-625.925
-750.041
-754.151
-456.6
-179.188
-339.882
-813.332
-1121.57
-1085.81
-977.725
-925.941
-689.627
-212.066
171.79
251.11
202.614
181.654
70.6888
-224.807
-520.302
-497.699
-218.231
-83.0182
-216.176
-394.131
-531.81
-784.153
-1121.16
-1278.15
-1135.54
-861.828
-663.324
-471.807
-182.887
12.3294
-78.0865
-288.509
-311.935
-141.789
-4.5208
47.2629
151.241
306.181
242.89
-126.171
-479.204
-603.321
-622.637
-683.462
-660.858
-445.915
-233.437
-276.59
-524.412
-625.103
-521.946
-493.178
-535.92
-423.722
-170.557
-47.2629
-200.148
-436.873
-483.314
-313.99
-133.98
273.303
1311.44
2435.89
2583.02
1670.23
851.143
906.625
1267.88
1188.97
1086.63
1680.09
2249.3
1536.66
-67.401
-1028.69
-980.191
-923.886
-1183.22
-880.733
214.943
928.407
518.659
-78.0865
-8.21963
53.0166
-527.289
-833.47
141.789
1643.1
2221.35
1839.96
1560.5
1544.06
1006.49
58.3594
-210.012
431.12
979.78
885.254
686.339
743.876
519.892
-357.554
-1193.49
-1275.69
-944.846
-818.675
-725.793
-269.604
164.804
-45.208
-687.572
-987.588
-738.534
-496.466
-473.862
-268.782
213.71
479.204
273.714
-50.1397
-230.972
-418.379
-760.727
-1012.25
-881.966
-592.635
-580.717
-804.702
-914.434
-932.517
-1110.06
-1353.77
-1331.58
-958.82
-510.028
-210.833
39.4542
339.882
498.931
363.719
153.296
101.923
135.624
90.4159
-13.1514
-66.579
-84.2512
-209.19
-476.327
-721.272
-850.321
-891.83
-852.786
-711.409
-513.316
-337.827
-221.519
-169.735
-131.514
-113.431
-84.2512
49.7288
237.547
313.579
194.805
-24.2479
-270.015
-489.89
-580.306
-462.765
-138.501
180.832
534.687
1246.51
2002.3
1974.35
1082.11
449.203
752.918
1329.52
1410.49
1334.46
1774.21
2115.73
1266.23
-348.101
-1193.08
-944.024
-630.035
-554.003
-46.4409
878.267
1175.41
468.108
-170.146
-59.5923
32.4675
-447.97
-528.111
573.319
1877.77
2121.08
1541.18
1173.35
1035.67
430.709
-372.349
-350.978
434.407
871.281
644.008
436.051
488.246
166.858
-707.299
-1281.85
-1032.8
-532.221
-378.925
-231.794
247.411
502.63
26.3028
-715.519
-967.861
-752.918
-598.8
-548.249
-242.89
161.105
85.8951
-494.411
-971.56
-1097.73
-1207.05
-1401.86
-1342.68
-914.023
-546.194
-612.362
-898.816
-1020.06
-993.342
-1023.34
-932.106
-482.081
86.3061
388.377
403.995
401.94
417.557
269.193
-43.564
-251.521
-188.64
-64.9351
-100.279
-253.576
-420.023
-614.417
-871.692
-1049.24
-997.041
-771.412
-549.482
-392.487
-180.01
101.923
307.825
349.334
355.91
445.915
559.346
634.555
648.118
619.349
514.96
282.344
-48.9068
-330.84
-493.589
-666.201
-870.459
-916.489
-684.695
-290.975
2.05491
212.888
791.55
1660.78
2038.47
1578.58
1068.14
1269.93
1779.14
1832.16
1555.56
1669
1980.11
1480.36
136.857
-823.196
-815.798
-570.031
-627.569
-483.314
168.091
584.827
162.338
-430.298
-391.254
-147.542
-343.991
-461.532
316.867
1449.53
1817.77
1421.58
1103.9
1077.59
753.329
140.556
27.5358
558.524
936.627
766.48
501.397
393.72
32.8785
-704.833
-1170.06
-936.216
-481.259
-368.65
-397.419
-199.326
-74.7986
-443.86
-992.109
-1154.45
-945.257
-754.151
-657.981
-449.203
-263.439
-350.978
-588.936
-798.948
-968.272
-1132.25
-1171.3
-962.518
-634.966
-480.437
-548.249
-598.389
-614.006
-750.452
-875.801
-722.094
-369.061
-35.3444
189.051
267.549
212.066
-2.87687
-330.84
-537.153
-546.605
-564.277
-632.911
-606.198
-494.822
-495.644
-628.391
-737.301
-696.203
-517.015
-312.757
-55.8935
286.454
564.688
634.144
597.978
602.499
666.612
697.846
649.762
632.911
641.131
524.412
253.576
-18.0832
-242.068
-468.108
-704.011
-843.334
-787.851
-616.472
-498.52
-424.955
-235.081
25.0699
234.259
583.594
1413.78
2386.16
2677.13
2119.43
1602.42
1714.2
1890.1
1587.62
1278.15
1553.51
1845.31
1242.81
12.3294
-734.835
-790.728
-859.773
-1027.45
-693.326
47.2629
312.346
-48.4958
-217.82
89.594
142.2
-277.412
-245.767
740.589
1742.56
1850.24
1503.37
1403.91
1281.85
654.693
2.46589
29.1797
434.407
437.695
120.829
13.9734
-66.99
-680.996
-1582.28
-1909.42
-1572.83
-1262.53
-1233.77
-1054.99
-678.53
-640.309
-1083.76
-1435.56
-1322.95
-1044.71
-871.281
-607.02
-108.499
280.289
224.807
-121.24
-412.625
-605.787
-798.537
-861.828
-665.379
-422.9
-380.569
-478.382
-572.086
-699.901
-930.873
-1106.36
-1001.15
-640.309
-284.399
-79.3194
46.8519
104.389
-2.05491
-202.203
-311.524
-293.852
-229.328
-142.2
-7.39767
131.514
163.16
48.9068
-76.0316
-96.9916
-51.3727
53.4276
227.684
401.118
513.727
542.495
525.234
483.725
414.269
348.101
352.211
420.023
410.57
299.605
170.557
56.3045
-85.8951
-216.587
-261.384
-265.494
-273.303
-306.181
-330.429
-261.795
-114.664
46.8519
226.451
424.544
819.086
1493.92
2021.21
1928.32
1462.27
1294.59
1458.16
1479.12
1230.07
1229.25
1598.72
1590.91
725.793
-328.785
-697.435
-646.063
-660.447
-541.263
-11.5075
481.67
358.787
-64.1131
-101.512
133.158
4.5208
-249.466
167.269
1127.32
1683.79
1554.33
1271.17
1110.47
711.409
5.75374
-397.008
-230.15
9.45257
-126.993
-346.457
-458.655
-803.88
-1532.55
-2150.67
-2183.13
-1879.83
-1640.23
-1416.24
-977.725
-584.416
-588.936
-832.237
-897.172
-692.504
-431.12
-196.038
87.95
375.637
388.788
69.8668
-358.787
-708.943
-961.697
-1087.05
-1038.14
-852.786
-650.995
-601.677
-721.683
-901.693
-1026.63
-1040.19
-853.197
-465.231
-60.0033
241.246
407.283
426.188
323.442
170.146
24.6589
-59.5923
-20.5491
131.103
292.208
367.006
293.03
117.952
-14.7953
-51.7837
-24.2479
81.3743
286.454
483.725
596.745
622.226
595.923
553.181
495.644
461.532
529.755
671.133
702.367
568.387
354.677
175.489
25.0699
-130.281
-228.917
-196.449
-107.266
-112.609
-163.571
-165.215
-121.24
-122.472
-101.923
37.3993
245.767
399.474
607.02
1175.82
1828.46
1982.99
1528.85
1092.39
1045.13
1105.95
951.422
738.945
914.845
1158.97
889.775
113.431
-539.619
-803.469
-878.678
-745.52
-331.251
174.667
353.855
211.655
117.541
149.186
-37.8103
-400.296
-397.008
141.789
686.75
812.51
670.722
448.792
99.4575
-468.519
-920.187
-986.355
-818.264
-721.272
-677.297
-549.893
-564.688
-858.129
-1247.74
-1360.35
-1168.42
-894.296
-627.158
-302.482
-7.80865
23.015
-186.586
-433.996
-589.758
-663.324
-567.565
-325.908
-117.952
-106.855
-258.507
-428.654
-602.088
-774.7
-900.871
-818.675
-540.852
-248.644
-64.9351
7.39767
-48.9068
-222.752
-323.442
-253.165
-64.9351
157.406
338.238
393.72
328.785
172.201
-24.6589
-133.98
-121.651
-36.9883
125.76
344.813
464.409
428.243
305.359
179.188
146.309
226.451
368.65
525.234
654.693
688.805
625.103
504.274
338.649
168.913
84.6622
89.594
121.24
168.913
203.436
154.529
13.9734
-102.334
-101.101
-7.80865
59.1813
84.6622
152.885
237.958
207.546
55.0715
-68.2229
-136.035
-174.256
-162.338
-99.8685
-54.2495
-67.401
-60.8253
212.477
773.056
1201.3
1186.91
947.312
861.828
946.49
1030.74
992.109
972.793
1055.81
1028.28
693.326
159.461
-329.196
-697.435
-798.126
-604.554
-346.868
-270.837
-367.006
-452.491
-473.451
-531.81
-709.765
-789.084
-572.086
-231.383
-16.0283
82.1963
139.734
122.883
-7.39767
-189.873
-314.812
-337.827
-302.071
-244.534
-144.665
-114.253
-267.96
-524.412
-722.505
-817.031
-846.622
-790.317
-644.008
-433.585
-226.04
-109.321
-144.254
-278.645
-397.008
-387.966
-216.176
0.821963
157.406
240.013
268.782
182.887
0.821963
-176.722
-293.441
-312.346
-230.561
-63.7021
85.4841
121.651
17.2612
-125.76
-177.955
-168.502
-126.582
-13.9734
175.489
350.978
425.777
411.803
350.978
270.837
212.888
230.15
332.073
430.709
454.134
422.9
358.787
240.835
62.4692
-95.3477
-150.83
-106.033
-29.1797
43.153
91.2379
75.6206
-8.63061
-120.829
-172.612
-137.268
-53.8386
56.3045
196.038
321.798
371.527
350.978
274.125
184.12
109.321
57.9484
20.5491
-34.5224
-135.213
-291.797
-483.314
-691.271
-865.938
-921.42
-807.168
-579.484
-350.567
-167.68
8.21963
234.259
536.331
863.472
1084.58
1129.38
1055.81
976.081
939.504
872.103
703.189
489.068
316.867
150.83
-90.8269
-366.184
-556.88
-607.431
-561.812
-485.369
-405.228
-337.416
-290.975
-266.316
-240.835
-191.106
-131.514
-51.7837
73.1547
218.231
320.566
350.567
327.963
272.481
194.394
69.4559
-94.1147
-228.506
-270.015
-229.328
-201.792
-281.111
-438.517
-549.482
-552.77
-501.808
-452.08
-383.035
-263.028
-107.677
43.975
157.817
214.532
215.765
191.517
195.627
253.576
325.086
358.376
355.91
328.785
263.439
159.872
53.0166
-26.7138
-89.594
-150.008
-194.394
-210.012
-210.422
-223.985
-242.068
-226.862
-169.735
-81.7853
20.1381
130.281
234.259
316.045
373.582
405.228
396.597
346.457
273.303
216.176
189.873
151.241
60.0033
-74.3876
-205.491
-307.414
-381.802
-437.284
-467.286
-452.902
-397.83
-330.429
-266.727
-209.19
-171.79
-157.817
-138.501
-77.6755
18.9051
107.266
156.584
156.173
118.774
54.2495
-34.5224
-124.938
-196.449
-249.466
-263.439
-234.67
-197.271
-185.353
-207.135
-235.081
-237.136
-195.216
-114.664
-10.2745
85.4841
140.967
159.461
174.667
195.216
170.557
92.0598
1.64393
-45.208
-23.015
14.3843
35.3444
58.7703
94.1147
118.774
138.912
196.86
310.702
443.449
542.084
617.705
684.695
711.409
667.434
569.209
480.848
429.065
373.993
277.412
154.529
26.7138
-101.512
-194.805
-234.67
-251.11
-278.234
-313.168
-307.003
-246.589
-164.393
-94.5257
-27.5358
49.3178
116.719
173.434
226.862
280.7
329.607
346.868
318.511
273.303
238.369
201.792
141.378
63.2911
-16.4393
-96.9916
-184.942
-261.795
-293.852
-290.975
-295.496
-315.634
-305.359
-237.136
-154.94
-112.198
-80.5524
-14.3843
69.0449
125.76
149.597
163.571
158.639
105.622
25.8918
-39.8652
-97.8136
-188.64
-293.441
-356.321
-384.679
-445.504
-562.634
-676.064
-728.67
-717.985
-671.955
-607.02
-536.742
-477.971
-427.832
-339.471
-203.025
-73.1547
12.3294
79.3194
176.311
285.221
351.8
364.13
353.444
330.84
284.81
208.368
122.472
43.975
-33.2895
-103.567
-151.241
-176.722
-209.601
-261.795
-299.194
-290.564
-246.589
-201.381
-170.968
-134.391
-82.6073
-48.9068
-51.3727
-70.2778
-73.1547
-59.5923
-32.4675
31.6456
149.597
275.769
334.539
309.058
251.932
221.93
234.259
278.645
361.253
465.231
541.263
542.084
478.793
394.131
304.126
233.026
211.244
252.343
316.867
344.813
332.484
313.99
304.126
275.358
216.587
163.16
138.501
142.611
171.379
210.422
232.615
211.244
152.063
81.7853
23.4259
-28.7687
-70.2778
-87.1281
-90.8269
-98.2246
-118.363
-124.116
-99.4575
-69.4559
-57.9484
-60.4143
-51.3727
-16.8502
38.2213
104.8
163.982
197.682
200.97
186.997
179.599
182.065
183.298
173.023
157.817
152.474
152.063
129.87
57.9484
-61.6472
-193.572
-299.605
-364.13
-388.788
-396.597
-421.667
-481.259
-566.332
-644.008
-697.024
-726.204
-717.985
-662.913
-567.154
-461.943
-385.09
-339.471
-313.99
-297.14
-268.782
-215.765
-146.309
-79.7304
-29.5907
11.9185
37.8103
36.9883
10.2745
-35.7554
-85.8951
-125.76
-147.131
-139.323
-124.116
-128.226
-141.378
-140.145
-121.24
-97.4026
-70.6888
-21.782
46.0299
96.9916
122.883
147.953
191.928
232.205
233.437
202.614
159.461
113.842
74.3876
49.3178
35.3444
16.0283
-17.6722
-53.8386
-71.9217
-76.0316
-88.772
-107.677
-106.033
-61.6472
29.5907
153.707
272.07
346.457
362.075
341.526
330.429
350.978
406.872
480.437
548.66
596.334
605.376
572.908
512.083
443.038
390.021
364.13
354.677
339.471
302.071
245.356
180.832
114.664
41.0981
-37.8103
-114.253
-167.269
-177.544
-146.72
-98.2246
-67.8119
-59.5923
-59.5923
-51.3727
-29.5907
2.46589
43.975
87.539
123.294
149.186
170.968
181.654
167.68
130.692
84.2512
43.564
8.63061
-31.2346
-71.5108
-105.211
-138.09
-176.311
-222.341
-260.973
-279.056
-277.412
-258.507
-230.15
-199.326
-168.502
-143.433
-122.472
-106.855
-105.622
-127.404
-165.626
-198.504
-210.833
-213.299
-226.451
-259.74
-308.236
-360.842
-407.283
-429.476
-411.803
-370.294
-329.607
-290.564
-246.589
-199.326
-163.982
-145.487
-130.692
-113.02
-85.0732
-43.153
8.63061
53.0166
74.7986
73.5657
65.757
62.4692
61.6472
60.8253
68.6339
80.5524
84.6622
80.5524
71.0998
60.8253
47.2629
30.0016
19.3161
19.7271
26.7138
33.2895
44.386
57.9484
59.1813
44.386
30.8236
35.7554
52.6056
68.2229
81.7853
91.6489
85.8951
55.0715
11.0965
-33.2895
-67.8119
-88.772
-92.8818
-82.6073
-62.0582
-33.2895
5.34276
35.7554
36.9883
18.9051
16.0283
54.2495
118.363
185.353
249.055
308.236
348.512
351.389
324.675
283.577
239.602
207.135
200.97
222.341
242.479
232.615
193.983
160.694
150.83
146.72
121.24
80.5524
57.9484
66.168
91.6489
111.787
114.664
96.5806
58.7703
13.1514
-21.371
-33.2895
-38.6323
-51.3727
-69.0449
-82.1963
-90.8269
-109.732
-133.569
-143.843
-134.802
-126.171
-120.418
-98.6355
-50.1397
0.821963
24.6589
22.604
5.75374
-11.9185
-23.8369
-20.5491
-7.80865
-6.5757
-18.0832
-27.9467
-22.193
-24.6589
-61.2362
-117.541
-161.105
-166.858
-140.556
-92.4708
-40.6872
-4.5208
11.0965
6.16472
-5.34276
-25.8918
-57.9484
-83.8402
-83.0182
-55.8935
-25.8918
-7.80865
2.46589
3.69883
-14.7953
-53.4276
-98.6355
-120.829
-105.211
-71.5108
-50.1397
-46.8519
-53.8386
-61.2362
-67.401
-78.4975
-84.6622
-80.5524
-64.5241
-31.6456
16.8502
64.5241
83.8402
75.2096
62.0582
57.5374
46.8519
20.5491
-8.63061
-27.5358
-39.4542
-67.8119
-119.185
-183.298
-252.343
-312.757
-354.266
-371.116
-369.061
-357.554
-334.95
-302.893
-275.769
-261.795
-243.301
-206.724
-149.186
-83.8402
-25.4808
37.3993
124.116
229.328
313.99
334.128
288.92
223.163
174.256
159.461
175.489
201.381
215.354
201.381
168.091
136.857
106.855
80.9633
84.6622
140.556
226.04
287.276
304.948
299.605
296.318
283.166
245.767
180.01
105.622
43.153
9.45257
14.7953
41.9201
50.5507
20.1381
-25.0699
-58.7703
-66.579
-56.3045
-36.5773
-6.98668
28.3577
60.8253
76.4425
75.6206
73.1547
83.8402
106.855
131.103
157.406
192.339
230.561
258.918
269.193
263.028
241.246
203.847
169.324
154.118
148.775
133.569
107.266
76.0316
48.9068
20.1381
-11.0965
-40.6872
-64.9351
-77.6755
-77.2645
-67.401
-53.0166
-43.975
-33.7005
-29.1797
-40.2762
-58.7703
-75.6206
-84.2512
-98.6355
-119.185
-133.569
-145.898
-173.434
-221.519
-263.85
-287.276
-302.482
-319.333
-328.785
-322.209
-310.702
-298.783
-274.947
-238.78
-203.436
-189.462
-189.873
-182.065
-167.68
-157.406
-156.584
-159.461
-160.694
-166.447
-177.544
-180.832
-173.434
-161.516
-152.474
-147.953
-147.953
-154.118
-168.913
-180.01
-177.133
-167.68
-149.186
-126.582
-103.567
-85.4841
-83.8402
-96.1697
-109.732
-108.499
-92.0598
-71.9217
-54.6605
-35.3444
-8.63061
20.5491
57.9484
110.143
173.845
228.917
252.343
253.576
250.288
245.767
237.958
228.917
221.93
205.902
175.489
139.323
109.321
86.3061
67.8119
69.4559
100.279
152.474
198.093
231.794
262.206
290.975
314.401
325.908
323.031
308.647
285.632
269.604
266.316
266.727
259.74
237.958
207.135
171.79
134.391
101.101
80.5524
69.0449
54.2495
33.7005
15.2063
8.63061
12.3294
16.0283
19.3161
36.1664
69.8668
110.965
151.652
189.873
224.396
249.877
264.261
270.837
274.536
269.193
248.233
217.409
182.476
145.898
103.156
57.1264
6.5757
-49.7288
-110.965
-169.324
-212.888
-244.123
-271.248
-295.907
-311.935
-317.689
-321.798
-327.552
-329.607
-322.209
-307.825
-289.331
-265.494
-241.657
-223.574
-215.354
-212.477
-211.655
-217.409
-226.862
-233.848
-233.437
-232.615
-236.314
-243.712
-249.466
-254.398
-258.507
-256.863
-246.589
-230.972
-211.655
-182.476
-141.789
-104.389
-88.361
-87.539
-83.4292
-72.3327
-64.5241
-63.7021
-62.8802
-60.8253
-65.757
-79.3194
-94.5257
-106.444
-120.418
-139.323
-151.652
-152.885
-153.296
-159.872
-162.338
-150.419
-131.514
-113.842
-92.8818
-58.3594
-16.4393
25.0699
68.2229
112.609
145.076
159.872
164.393
180.01
208.779
236.314
258.096
275.769
288.098
283.988
263.439
244.123
237.136
243.301
258.507
281.933
305.359
312.757
297.551
271.248
244.945
214.943
180.01
150.419
133.569
132.747
137.679
140.145
139.323
130.692
116.719
106.855
108.499
121.651
140.145
163.982
193.161
219.875
230.972
230.15
228.095
229.328
231.794
225.218
211.655
195.627
180.421
167.68
155.762
143.022
126.582
106.444
90.4159
81.7853
75.2096
62.8802
46.0299
30.4126
13.9734
-4.5208
-24.2479
-36.9883
-46.4409
-62.4692
-84.6622
-111.787
-140.556
-175.078
-212.888
-240.835
-258.918
-274.125
-292.208
-305.359
-309.469
-308.647
-308.647
-305.359
-290.564
-271.659
-255.219
-241.657
-225.218
-209.19
-199.326
-188.64
-170.146
-149.597
-138.09
-136.857
-134.802
-130.281
-132.747
-143.843
-154.529
-156.584
-158.228
-164.804
-169.324
-168.502
-166.447
-174.256
-182.887
-183.298
-180.832
-175.489
-171.379
-161.927
-150.83
-150.83
-155.351
-153.296
-142.611
-128.637
-113.842
-95.3477
-74.3876
-60.4143
-56.7154
-52.1946
-43.564
-35.3444
-31.2346
-23.4259
-4.10981
19.3161
36.1664
44.386
50.9617
53.8386
56.3045
61.2362
69.4559
86.7171
105.211
123.705
144.665
159.461
163.571
160.283
160.694
175.078
195.216
215.765
237.136
257.274
269.193
272.07
270.015
264.672
253.576
237.547
228.917
233.437
243.301
246.589
241.246
230.15
218.231
204.258
192.75
191.517
196.449
204.669
210.833
218.642
228.917
233.437
231.383
229.328
231.794
233.437
235.492
233.437
233.437
227.684
212.477
196.038
176.722
154.529
128.637
100.279
76.8535
55.0715
29.5907
4.10981
-18.4942
-41.5091
-61.2362
-77.2645
-87.539
-92.4708
-98.6355
-100.279
-96.9916
-95.7587
-98.6355
-106.033
-113.02
-117.541
-130.692
-147.542
-162.338
-175.078
-190.695
-210.012
-228.506
-243.301
-257.274
-272.892
-283.577
-288.509
-293.852
-301.66
-305.359
-300.838
-292.208
-286.454
-279.878
-272.892
-263.028
-253.576
-246.589
-234.67
-218.642
-205.08
-192.75
-184.942
-184.942
-191.106
-200.148
-206.313
-208.779
-215.765
-222.752
-225.629
-226.451
-227.273
-231.794
-235.903
-233.848
-228.506
-214.943
-190.695
-162.749
-136.446
-117.13
-99.4575
-76.4425
-52.1946
-31.2346
-9.86355
12.3294
37.3993
60.8253
78.0865
90.4159
97.4026
102.334
111.376
127.815
151.241
176.722
195.216
210.012
221.519
227.684
234.67
244.945
258.507
278.234
299.605
320.976
342.348
353.855
354.677
348.101
337.416
327.141
316.045
304.537
295.496
288.098
277.823
263.85
248.233
233.437
216.587
200.148
192.75
193.572
196.038
196.449
194.394
191.517
186.175
178.366
174.667
176.311
179.599
184.531
190.695
196.86
200.97
198.915
191.517
189.462
188.64
186.586
179.188
168.913
156.995
141.378
118.363
95.3477
69.8668
39.0432
6.16472
-24.6589
-52.1946
-80.1414
-110.965
-140.556
-168.091
-193.983
-216.998
-240.424
-262.206
-281.933
-298.373
-306.592
-308.647
-309.88
-311.524
-312.346
-310.291
-302.893
-294.263
-284.81
-271.248
-255.219
-241.657
-234.259
-231.794
-231.794
-235.492
-246.589
-262.206
-277.412
-294.263
-308.236
-319.744
-326.319
-332.484
-341.115
-345.635
-343.58
-334.539
-320.976
-306.592
-293.03
-276.18
-257.274
-238.78
-221.93
-207.546
-194.394
-184.12
-171.79
-155.351
-138.912
-127.404
-117.541
-103.156
-85.4841
-66.168
-46.8519
-23.8369
4.10981
34.9334
69.4559
106.444
140.556
174.667
206.313
235.903
264.672
288.92
307.414
323.442
335.772
342.348
338.649
327.963
320.976
316.456
309.469
301.66
295.085
287.687
281.933
277.412
274.125
269.604
262.206
256.041
253.987
255.63
257.685
255.219
249.055
245.356
241.657
236.725
227.684
220.697
212.888
200.97
190.695
183.298
175.078
165.215
158.228
159.872
163.982
167.269
168.502
170.557
173.023
173.845
170.146
160.694
150.419
140.556
129.459
117.541
100.69
79.3194
55.0715
31.6456
13.5624
-4.5208
-25.4808
-43.975
-57.1264
-69.0449
-85.0732
-103.978
-120.418
-135.213
-147.953
-157.406
-164.393
-171.79
-182.065
-192.75
-205.491
-217.82
-228.917
-240.835
-252.754
-260.151
-264.261
-268.371
-272.07
-274.947
-278.234
-281.522
-286.454
-286.454
-283.577
-282.344
-278.645
-274.947
-271.659
-271.248
-275.358
-278.645
-279.878
-280.289
-278.645
-276.18
-271.248
-262.617
-254.808
-246.178
-237.547
-228.506
-217.82
-205.08
-186.586
-164.804
-143.433
-120.007
-96.5806
-76.0316
-56.7154
-40.2762
-25.8918
-11.9185
-2.46589
5.75374
15.2063
24.2479
34.5224
43.153
50.9617
63.2911
71.9217
78.4975
87.539
97.8136
113.431
129.87
143.843
160.283
173.023
181.654
185.764
186.997
191.106
197.271
200.97
206.313
212.888
219.875
227.273
228.917
227.273
226.862
223.574
221.93
223.574
227.684
235.492
242.479
247
248.644
246.178
244.123
242.89
240.424
239.602
237.136
233.848
232.205
227.684
221.519
217.409
209.19
197.682
184.942
172.201
161.927
153.296
145.898
141.378
137.679
133.569
128.637
120.829
112.198
103.156
90.8269
77.6755
65.757
52.6056
40.2762
26.7138
11.5075
-3.28785
-22.604
-45.208
-66.99
-87.1281
-104.8
-119.185
-131.925
-143.843
-156.584
-167.68
-177.133
-189.051
-202.614
-213.71
-224.807
-232.205
-238.369
-245.356
-250.699
-256.041
-263.028
-267.96
-271.248
-272.481
-272.481
-272.481
-268.371
-261.795
-255.63
-248.644
-242.89
-236.725
-230.972
-226.862
-221.108
-214.532
-207.957
-201.381
-195.216
-187.408
-179.188
-172.201
-166.036
-158.639
-149.597
-138.912
-127.815
-117.541
-104.389
-87.539
-71.5108
-55.8935
-43.153
-32.8785
-21.371
-9.04159
4.5208
17.6722
28.7687
40.2762
51.7837
58.3594
62.4692
64.5241
64.1131
64.9351
65.346
66.99
67.8119
70.2778
76.0316
82.6073
87.95
90.8269
90.8269
94.5257
104.389
116.719
129.048
140.556
150.419
160.694
168.091
172.201
174.256
175.9
180.01
184.531
188.229
189.873
186.997
182.887
177.133
170.968
164.393
156.584
152.885
152.063
152.063
150.008
147.542
147.953
152.063
158.228
163.571
170.146
176.311
180.832
184.531
184.531
183.298
181.243
176.311
168.502
159.05
144.665
125.349
105.211
87.1281
70.6888
53.4276
34.9334
16.4393
-0.410981
-16.8502
-32.4675
-43.975
-53.0166
-58.7703
-61.6472
-65.346
-66.99
-66.99
-69.4559
-72.3327
-75.2096
-75.6206
-76.8535
-78.9084
-80.9633
-85.0732
-91.2379
-100.69
-110.965
-122.883
-134.391
-144.254
-154.529
-160.694
-163.982
-166.036
-165.215
-161.105
-154.529
-146.309
-137.268
-127.404
-117.13
-108.91
-100.279
-92.4708
-85.0732
-79.7304
-79.7304
-84.6622
-92.8818
-101.923
-111.376
-120.007
-127.815
-137.679
-151.652
-164.393
-175.9
-184.531
-191.106
-195.216
-193.983
-187.819
-181.243
-172.612
-161.927
-150.419
-136.857
-123.294
-108.91
-93.7038
-80.9633
-67.8119
-54.6605
-45.208
-39.0432
-35.7554
-35.3444
-33.7005
-32.8785
-34.1115
-33.7005
-31.2346
-23.8369
-16.0283
-9.45257
0.410981
8.21963
17.2612
30.0016
46.4409
64.9351
84.6622
101.923
122.472
140.145
153.707
165.215
173.023
180.01
186.175
191.517
197.682
203.847
205.902
207.546
208.779
207.957
209.19
208.368
206.724
205.902
203.847
203.847
206.313
208.368
209.19
209.19
209.601
213.71
216.998
218.642
220.286
219.464
216.998
210.422
202.203
191.517
177.544
161.105
144.665
130.281
117.13
102.334
84.6622
65.757
48.9068
34.5224
20.9601
7.39767
-4.93178
-13.1514
-20.1381
-25.4808
-30.8236
-37.8103
-43.975
-48.0848
-50.1397
-49.7288
-50.5507
-55.0715
-60.4143
-68.2229
-75.6206
-83.0182
-92.8818
-101.923
-112.609
-120.829
-129.459
-137.679
-148.364
-162.749
-175.9
-186.997
-193.572
-199.737
-207.957
-212.888
-216.176
-215.354
-215.765
-216.587
-216.587
-215.765
-212.888
-207.135
-200.148
-193.572
-187.819
-181.243
-173.434
-163.16
-150.83
-140.967
-133.158
-127.404
-120.418
-113.02
-107.677
-105.211
-103.156
-100.279
-96.1697
-93.7038
-92.0598
-92.0598
-93.2928
-94.5257
-92.8818
-88.361
-82.6073
-73.5657
-62.0582
-46.8519
-32.0566
-17.2612
-1.23294
15.6173
31.2346
43.153
54.2495
65.757
77.2645
85.4841
89.594
88.361
84.2512
80.5524
76.0316
74.3876
71.5108
67.8119
66.579
66.579
69.0449
74.3876
76.0316
80.1414
86.3061
93.7038
106.855
118.363
127.815
138.501
150.419
163.16
172.201
177.955
183.298
186.175
186.586
186.586
184.12
180.421
173.434
165.215
158.228
149.186
141.789
134.802
129.459
126.582
124.938
122.883
125.349
130.281
134.802
140.967
147.542
153.707
159.05
162.749
166.858
169.324
166.036
159.05
152.474
143.843
130.692
114.253
95.3477
74.3876
53.8386
32.4675
13.1514
-5.34276
-23.4259
-41.5091
-55.0715
-66.579
-75.6206
-82.1963
-90.0049
-94.5257
-99.4575
-106.033
-110.143
-114.253
-118.774
-126.582
-134.391
-140.967
-148.364
-154.529
-160.283
-168.091
-176.311
-183.298
-188.64
-191.106
-193.983
-198.504
-200.97
-201.381
-200.559
-199.326
-203.436
-205.902
-206.313
-207.135
-206.313
-204.669
-202.203
-200.148
-194.394
-186.175
-175.489
-166.036
-158.639
-149.597
-138.501
-126.171
-113.431
-101.512
-90.4159
-78.0865
-66.99
-56.3045
-47.2629
-36.1664
-27.9467
-21.371
-12.7404
-5.75374
0
4.5208
8.63061
13.5624
17.2612
19.7271
23.8369
29.1797
35.3444
41.5091
44.797
49.3178
54.2495
59.1813
63.2911
65.346
68.6339
69.8668
71.0998
70.6888
71.0998
69.8668
69.4559
70.2778
73.1547
78.4975
83.8402
88.772
94.1147
101.101
108.91
119.596
132.747
148.775
166.447
181.243
196.038
211.655
223.163
233.437
237.547
239.602
242.89
242.068
240.013
234.259
226.862
217.82
207.135
194.805
182.065
170.557
157.817
146.72
136.035
124.527
111.376
99.0465
88.772
80.5524
73.5657
64.5241
55.0715
47.2629
39.4542
30.8236
23.4259
13.9734
2.46589
-9.45257
-21.371
-31.2346
-40.2762
-47.6738
-58.3594
-69.0449
-79.3194
-87.95
-94.9367
-99.0465
-100.279
-101.101
-103.567
-106.033
-107.266
-108.91
-112.198
-115.897
-118.774
-120.829
-122.061
-124.527
-129.87
-136.446
-141.378
-148.775
-154.529
-159.461
-165.215
-170.968
-179.188
-184.12
-184.531
-182.065
-180.832
-177.133
-171.79
-166.447
-160.283
-154.529
-147.953
-140.967
-133.569
-126.582
-118.774
-109.321
-101.923
-97.8136
-95.3477
-90.0049
-85.4841
-82.6073
-79.3194
-76.0316
-72.3327
-67.8119
-64.9351
-63.2911
-62.0582
-64.1131
-65.757
-64.1131
-60.4143
-54.2495
-50.1397
-45.208
-39.8652
-32.4675
-25.8918
-21.782
-17.2612
-9.45257
-1.64393
8.21963
18.4942
27.1248
35.3444
42.7421
50.5507
60.8253
71.0998
80.1414
89.183
98.6355
108.088
118.363
128.226
136.035
143.022
150.83
159.05
168.502
178.777
188.64
195.216
201.381
206.724
211.244
214.943
216.998
217.409
217.409
215.765
213.299
209.601
203.847
196.86
189.462
182.887
175.489
168.913
164.393
159.872
157.406
156.173
152.885
149.597
144.665
138.501
132.747
128.226
122.883
115.897
108.499
100.279
91.6489
83.0182
71.9217
59.5923
46.0299
33.7005
23.015
13.5624
4.10981
-7.39767
-20.5491
-34.1115
-46.4409
-60.4143
-74.7986
-86.7171
-98.6355
-109.732
-120.418
-132.336
-142.611
-151.652
-160.283
-164.804
-167.68
-171.379
-175.9
-181.243
-185.764
-189.462
-192.339
-193.161
-192.75
-196.038
-200.559
-208.368
-216.176
-222.752
-230.972
-236.314
-240.013
-241.246
-241.246
-240.424
-241.246
-240.835
-241.657
-240.013
-236.725
-230.15
-221.519
-211.244
-201.381
-191.928
-182.887
-175.489
-169.735
-163.16
-154.529
-143.022
-131.103
-117.541
-103.156
-90.8269
-79.3194
-67.8119
-55.8935
-43.564
-30.8236
-17.2612
0.821963
18.4942
35.3444
50.9617
65.346
77.6755
90.8269
104.8
120.007
134.802
148.775
163.16
175.489
184.531
193.161
200.97
209.601
219.053
227.273
237.958
246.178
251.932
257.274
261.384
266.727
273.714
280.289
286.043
288.92
290.564
290.564
288.098
284.81
279.878
274.947
269.193
263.85
257.274
250.288
240.424
229.328
218.231
206.724
196.038
185.353
173.434
162.338
149.186
135.624
119.596
101.101
81.3743
62.8802
46.4409
31.2346
16.4393
2.05491
-10.2745
-23.4259
-35.3444
-46.8519
-58.7703
-68.2229
-75.2096
-82.1963
-88.772
-93.7038
-98.2246
-102.745
-109.321
-115.897
-121.651
-126.171
-132.336
-138.09
-146.309
-155.762
-165.215
-175.9
-186.997
-199.737
-212.888
-222.752
-233.437
-243.301
-250.288
-255.219
-258.507
-262.206
-265.083
-263.85
-260.973
-257.274
-253.576
-249.877
-244.945
-238.369
-232.205
-228.095
-222.752
-219.053
-212.477
-207.135
-201.792
-195.216
-188.229
-180.832
-172.201
-165.215
-156.584
-145.898
-132.336
-117.952
-101.923
-85.0732
-67.401
-50.1397
-36.1664
-22.604
-10.6855
2.05491
13.9734
25.4808
39.4542
51.7837
64.1131
75.6206
87.539
100.69
112.609
122.472
133.569
145.487
156.584
167.68
176.311
182.887
189.051
193.161
197.271
201.792
203.847
206.313
211.655
216.998
221.108
223.163
223.163
222.752
223.163
222.752
223.574
224.807
225.218
225.218
221.519
216.998
212.066
203.025
193.161
185.353
178.777
172.612
166.858
160.283
152.885
143.843
134.802
125.349
117.541
108.91
98.2246
89.594
83.0182
74.3876
65.757
54.6605
41.5091
32.0566
22.193
12.7404
8.21963
4.5208
-1.64393
-9.86355
-18.4942
-29.1797
-40.6872
-53.0166
-62.4692
-68.2229
-74.3876
-80.5524
-90.0049
-101.512
-115.075
-130.281
-143.843
-153.296
-158.639
-160.694
-162.338
-162.749
-163.16
-164.804
-168.502
-171.379
-171.79
-171.379
-169.735
-167.269
-165.626
-164.393
-164.804
-167.68
-168.913
-169.735
-168.913
-167.269
-164.393
-158.639
-153.296
-147.953
-144.254
-143.022
-140.556
-139.323
-135.213
-128.637
-120.418
-114.253
-106.444
-99.8685
-93.7038
-86.3061
-79.3194
-70.2778
-60.0033
-50.1397
-39.0432
-28.7687
-21.782
-16.8502
-12.7404
-10.6855
-7.80865
-4.93178
-1.64393
3.28785
9.04159
15.6173
21.782
29.1797
37.3993
43.975
53.4276
62.8802
72.7437
83.4292
90.8269
97.8136
104.389
108.91
113.842
115.897
115.897
114.253
110.554
105.622
103.156
99.0465
96.5806
94.9367
94.5257
97.4026
99.0465
101.512
103.567
106.855
110.143
113.02
118.363
123.705
129.048
132.336
136.446
139.323
140.967
140.967
140.556
137.679
132.747
125.349
116.719
108.499
100.279
91.6489
83.0182
76.4425
71.5108
66.579
62.0582
60.4143
59.5923
58.7703
57.5374
55.8935
54.2495
52.6056
50.1397
43.975
36.9883
28.3577
17.6722
9.04159
2.46589
-4.93178
-13.1514
-21.782
-28.3577
-33.7005
-37.3993
-42.7421
-49.3178
-55.0715
-62.4692
-68.2229
-70.6888
-73.5657
-74.7986
-76.4425
-79.3194
-80.9633
-84.2512
-85.8951
-87.1281
-90.8269
-93.2928
-96.9916
-101.512
-104.389
-109.321
-116.308
-122.883
-126.171
-129.048
-128.637
-127.815
-126.993
-126.582
-126.993
-124.938
-123.294
-122.061
-119.185
-116.719
-112.609
-109.321
-106.033
-104.389
-99.8685
-94.5257
-87.539
-82.6073
-76.0316
-67.401
-60.4143
-51.3727
-42.3311
-34.9334
-27.9467
-21.371
-16.0283
-11.5075
-8.21963
-4.10981
-1.23294
2.46589
5.75374
11.0965
14.7953
17.2612
19.7271
20.1381
21.371
23.4259
24.6589
25.4808
24.6589
22.604
21.371
19.3161
18.0832
19.3161
19.3161
20.9601
24.6589
28.3577
32.4675
35.3444
36.5773
40.6872
42.7421
43.975
46.4409
46.0299
47.6738
50.5507
50.1397
51.7837
53.8386
57.1264
61.6472
65.757
70.6888
76.8535
82.6073
87.95
94.9367
99.0465
101.923
103.978
106.855
110.143
111.376
113.431
115.897
115.897
118.363
118.774
117.541
117.541
116.719
114.664
111.376
108.91
106.033
102.334
97.8136
94.9367
91.6489
87.539
85.0732
83.0182
80.5524
78.0865
73.5657
69.8668
65.346
60.0033
53.8386
46.4409
38.6323
32.0566
23.8369
11.0965
-1.23294
-11.9185
-22.193
-31.2346
-41.0981
-50.9617
-60.4143
-67.401
-73.1547
-80.9633
-87.95
-94.9367
-99.8685
-102.334
-106.033
-110.554
-116.308
-119.596
-123.294
-124.938
-127.404
-131.514
-134.391
-137.268
-140.556
-142.611
-145.487
-148.775
-150.83
-152.063
-152.063
-149.186
-145.487
-141.789
-138.09
-133.98
-129.048
-125.349
-120.829
-116.719
-114.253
-109.732
-103.978
-99.0465
-94.5257
-90.4159
-86.7171
-82.6073
-78.4975
-73.9767
-70.2778
-67.8119
-63.7021
-57.5374
-49.3178
-43.564
-39.4542
-35.7554
-32.0566
-26.7138
-20.9601
-14.7953
-9.86355
-3.28785
4.5208
10.6855
19.7271
28.3577
38.2213
49.7288
60.0033
68.6339
76.4425
82.1963
87.95
95.7587
101.923
107.266
112.198
116.308
119.596
122.472
126.993
129.87
132.336
135.624
138.501
141.378
145.487
148.775
151.652
154.118
154.529
155.351
154.94
154.529
154.529
152.885
151.652
150.008
147.542
143.433
139.323
134.802
130.281
126.171
118.774
111.376
103.567
97.8136
91.6489
84.6622
77.2645
69.4559
63.2911
57.1264
49.3178
41.9201
34.1115
26.7138
19.7271
12.3294
5.34276
-1.64393
-7.39767
-11.0965
-14.3843
-18.4942
-23.4259
-28.7687
-33.7005
-38.2213
-42.7421
-51.3727
-57.5374
-64.5241
-73.9767
-79.7304
-87.539
-94.9367
-97.8136
-101.923
-106.444
-108.499
-110.965
-112.198
-112.609
-113.431
-112.609
-113.02
-115.075
-116.719
-119.596
-120.418
-122.061
-126.171
-130.281
-135.213
-139.323
-140.556
-141.789
-141.378
-140.145
-140.967
-140.556
-140.145
-138.912
-136.446
-135.624
-133.569
-129.87
-126.582
-122.883
-117.952
-113.842
-108.91
-104.389
-101.101
-96.9916
-90.8269
-84.6622
-77.2645
-71.5108
-65.757
-58.7703
-50.9617
-41.9201
-32.4675
-23.8369
-14.3843
-6.16472
1.23294
9.86355
19.7271
29.1797
39.4542
50.1397
61.6472
73.5657
83.8402
92.8818
101.512
108.499
116.719
123.705
130.692
137.268
143.022
149.186
154.94
158.639
163.571
168.091
169.735
173.023
175.9
177.544
179.599
178.777
178.366
177.955
175.078
173.845
173.023
169.735
165.215
160.283
153.296
146.72
140.145
132.336
126.582
121.651
115.897
108.91
101.923
94.1147
85.0732
75.6206
66.99
58.3594
50.5507
41.5091
31.2346
22.604
14.3843
6.16472
-1.23294
-10.6855
-18.9051
-25.8918
-31.6456
-39.0432
-44.797
-48.0848
-51.7837
-55.8935
-62.0582
-67.401
-70.6888
-73.9767
-77.2645
-82.1963
-86.3061
-88.772
-91.2379
-93.7038
-98.2246
-103.978
-110.554
-116.719
-122.472
-128.226
-132.747
-138.09
-142.611
-146.72
-151.241
-152.474
-153.296
-152.474
-151.652
-149.597
-148.364
-147.542
-144.665
-141.378
-137.679
-132.336
-128.637
-123.705
-120.829
-116.308
-110.965
-107.677
-103.978
-101.101
-96.5806
-91.2379
-85.8951
-81.7853
-79.7304
-76.4425
-71.5108
-66.99
-58.7703
-51.7837
-42.7421
-32.0566
-21.371
-11.0965
0
11.5075
21.371
31.6456
41.9201
50.5507
58.7703
67.401
76.0316
81.7853
84.2512
88.361
91.2379
93.2928
96.9916
99.4575
101.923
103.978
105.622
109.321
112.198
113.842
115.897
118.363
122.472
126.582
131.514
135.213
137.268
138.501
138.912
140.556
140.145
137.268
135.624
132.747
127.815
122.883
117.13
109.732
103.156
98.2246
92.4708
87.1281
82.1963
77.2645
73.5657
68.2229
62.8802
57.5374
51.3727
46.8519
41.9201
35.3444
29.5907
22.193
14.3843
9.45257
3.69883
-2.05491
-6.98668
-13.1514
-18.4942
-22.604
-27.1248
-30.4126
-34.5224
-40.2762
-45.208
-50.9617
-55.8935
-58.3594
-62.0582
-65.346
-66.579
-68.6339
-69.0449
-69.8668
-70.6888
-70.2778
-71.5108
-73.5657
-73.9767
-75.6206
-75.6206
-74.7986
-76.4425
-76.8535
-77.2645
-78.4975
-78.0865
-77.2645
-75.2096
-72.7437
-71.0998
-68.6339
-65.346
-64.1131
-62.0582
-61.6472
-63.2911
-62.4692
-61.2362
-60.4143
-57.9484
-57.9484
-55.4825
-51.3727
-47.6738
-43.153
-39.8652
-34.9334
-29.1797
-25.8918
-20.9601
-14.7953
-10.6855
-5.75374
-2.46589
-1.23294
0
0.410981
-0.410981
-1.23294
-1.23294
-0.821963
-0.410981
0
0
-0.410981
-0.410981
-0.410981
0
0.821963
2.87687
6.98668
10.6855
15.2063
17.6722
20.5491
24.6589
27.9467
31.2346
32.0566
32.0566
33.2895
33.2895
32.4675
32.0566
30.0016
27.5358
25.4808
23.4259
21.371
19.7271
18.0832
16.8502
16.4393
18.0832
20.9601
23.015
28.3577
32.0566
34.1115
38.6323
41.0981
43.975
47.2629
48.0848
48.4958
49.7288
49.3178
47.2629
43.975
39.8652
36.9883
33.2895
29.1797
25.8918
23.4259
21.371
20.5491
19.3161
20.5491
22.193
23.015
24.6589
25.0699
23.8369
25.4808
26.7138
25.8918
26.7138
24.2479
21.371
20.9601
18.0832
16.0283
13.9734
11.9185
10.2745
9.04159
8.21963
6.98668
2.87687
-0.821963
-2.05491
-4.93178
-5.75374
-4.5208
-4.10981
-2.46589
-1.23294
-1.23294
-1.23294
-1.64393
-1.64393
-0.821963
0
0.410981
-0.821963
-2.87687
-6.5757
-11.0965
-15.6173
-18.9051
-20.9601
-21.782
-22.604
-24.2479
-27.1248
-30.8236
-32.0566
-32.0566
-33.2895
-34.5224
-36.1664
-39.0432
-40.6872
-40.6872
-42.7421
-42.3311
-42.3311
-42.7421
-41.9201
-42.3311
-43.564
-46.0299
-49.7288
-51.7837
-54.2495
-55.8935
-57.5374
-59.1813
-60.4143
-61.6472
-62.4692
-64.9351
-66.99
-68.2229
-69.8668
-69.4559
-69.4559
-69.4559
-67.8119
-66.99
-65.757
-63.7021
-59.1813
-55.4825
-53.0166
-49.7288
-45.6189
-42.3311
-36.5773
-31.6456
-27.1248
-21.782
-16.4393
-12.3294
-8.21963
-2.46589
4.10981
10.2745
18.4942
25.0699
28.7687
33.2895
37.8103
43.153
47.6738
52.6056
57.1264
61.6472
65.757
69.0449
71.9217
76.0316
79.3194
83.4292
87.1281
90.8269
94.9367
95.3477
96.9916
98.2246
99.0465
99.8685
101.101
99.8685
98.2246
96.1697
94.9367
93.7038
93.7038
94.9367
94.9367
94.5257
94.5257
94.1147
92.8818
90.8269
89.594
86.7171
83.4292
78.0865
72.7437
67.8119
62.8802
59.5923
55.0715
50.1397
46.0299
41.9201
36.5773
32.4675
27.5358
22.193
17.2612
11.9185
6.5757
0
-6.98668
-13.5624
-19.3161
-24.2479
-28.7687
-33.7005
-39.0432
-43.153
-46.8519
-48.9068
-53.0166
-57.5374
-60.8253
-65.346
-70.6888
-74.7986
-79.7304
-83.0182
-87.539
-92.4708
-94.9367
-96.9916
-99.0465
-100.69
-103.978
-105.211
-107.266
-108.91
-110.965
-113.02
-114.253
-115.075
-116.308
-118.363
-118.363
-119.596
-119.596
-118.363
-117.541
-114.664
-111.787
-110.554
-106.855
-101.923
-97.8136
-92.4708
-86.7171
-80.9633
-74.7986
-70.2778
-66.579
-60.4143
-53.0166
-46.4409
-39.4542
-31.6456
-23.8369
-16.8502
-11.5075
-4.5208
2.46589
9.86355
16.4393
22.604
29.5907
36.5773
42.7421
46.8519
51.3727
55.0715
58.3594
62.0582
65.757
70.2778
73.9767
78.9084
