SAMPLES: 8561
BITSPERSAMPLE:	16
CHANNELS:	1
SAMPLERATE:	16000
NORMALIZED:	FALSE
369.874
314.539
300.559
320.363
368.709
373.369
339.585
350.07
366.379
333.178
296.482
265.028
230.079
215.517
231.827
257.456
235.322
161.347
121.156
112.418
82.712
46.0158
14.562
17.4744
24.4641
-8.15471
-48.9282
-86.7894
-118.243
-143.872
-155.522
-150.862
-179.404
-182.316
-197.46
-247.554
-217.265
-184.063
-251.048
-327.936
-309.296
-270.853
-229.497
-252.796
-341.333
-354.73
-323.858
-346.575
-364.049
-322.693
-306.966
-302.889
-332.596
-383.271
-347.158
-288.327
-314.539
-284.25
-235.904
-291.822
-306.384
-286.58
-241.146
-174.161
-209.692
-336.673
-318.616
-134.553
-86.2069
-133.97
-175.326
-203.868
-96.6915
5.24231
-76.3048
-161.347
-80.9646
17.4744
46.0158
-11.0671
-87.9543
-27.3765
116.496
110.089
12.2321
-41.356
20.9692
175.909
225.419
182.898
122.321
90.2842
102.516
152.61
159.017
174.161
169.501
106.594
154.357
203.868
153.192
99.6039
76.8872
119.991
206.198
221.342
164.259
185.811
286.58
303.472
226.002
144.455
142.125
239.981
339.003
317.451
254.543
258.038
258.038
240.564
239.399
203.868
190.471
238.816
278.425
309.879
308.714
227.749
174.744
175.909
153.774
147.367
133.97
135.718
165.424
164.259
89.1193
5.24231
-18.0568
-18.0568
22.1342
26.794
-5.24231
-19.2218
-53.0056
-68.7325
-90.2842
-97.8565
-108.341
-126.98
-125.815
-144.455
-119.408
-138.63
-208.527
-220.76
-222.507
-200.955
-174.161
-158.434
-164.259
-157.852
-143.29
-190.471
-211.44
-223.089
-212.605
-175.326
-189.306
-196.295
-172.414
-203.285
-253.961
-243.476
-230.662
-245.806
-249.884
-219.595
-171.249
-113.001
-152.027
-249.884
-168.336
-103.681
-182.316
-227.749
-186.976
-111.836
-56.5005
-60.5778
-133.388
-103.681
-68.7325
-134.553
-111.836
-20.3868
15.7269
4.65983
1.74744
5.24231
18.0568
39.6086
27.3765
4.65983
-8.73719
26.2116
129.31
139.212
73.9748
25.6291
56.5005
101.934
78.6347
27.3765
36.1137
125.233
128.145
106.011
57.0829
-4.07735
21.5517
76.8872
153.774
204.45
180.568
137.465
205.033
283.667
221.342
135.135
133.388
201.538
319.199
396.668
376.864
315.121
226.002
160.764
195.13
281.337
339.003
352.982
366.379
359.39
276.678
162.512
102.516
122.321
168.336
187.558
167.171
128.728
93.7791
39.6086
-22.7167
-68.7325
-89.1193
-86.7894
-65.8201
-38.4436
-46.5983
-118.826
-212.605
-234.739
-214.935
-192.801
-177.656
-182.898
-189.888
-223.089
-263.281
-265.028
-244.059
-197.46
-167.754
-201.538
-232.409
-228.332
-185.228
-148.532
-147.95
-188.141
-228.332
-185.811
-139.212
-123.486
-149.115
-167.171
-135.135
-135.135
-213.187
-258.621
-192.218
-119.991
-49.5107
-12.2321
-73.3924
-121.156
-136.3
-133.97
-72.2274
-19.8043
-39.0261
-68.7325
-21.5517
12.2321
-0.582479
-21.5517
-31.4539
23.2992
90.2842
107.759
117.078
127.563
94.9441
65.2377
65.2377
83.2945
96.6915
115.913
87.3719
55.918
30.8714
-14.562
-21.5517
11.0671
87.3719
69.315
23.2992
17.4744
-23.2992
-58.8304
-76.3048
-59.9953
-60.5778
-78.0522
-84.4595
-64.6552
-9.90214
56.5005
137.465
187.558
182.316
102.516
19.8043
56.5005
237.651
429.87
488.117
445.596
378.029
284.832
179.404
180.568
306.966
454.334
541.705
564.422
507.339
371.622
186.393
62.3253
106.011
214.352
232.992
160.764
100.186
48.9282
-36.6962
-138.63
-216.682
-221.342
-160.764
-91.4492
-64.6552
-114.748
-252.796
-383.854
-401.328
-328.518
-224.837
-172.414
-185.228
-209.11
-248.136
-312.791
-354.147
-312.209
-211.44
-92.0317
-33.7838
-69.8975
-165.424
-236.486
-170.084
-78.6347
-93.7791
-185.811
-232.409
-164.842
-91.4492
-111.836
-201.538
-256.291
-233.574
-199.208
-192.801
-188.141
-153.774
-136.883
-149.115
-131.64
-90.8667
-122.903
-153.192
-37.8611
66.9851
19.2218
-100.769
-126.398
-51.8406
56.5005
79.2171
-1.74744
50.6757
125.815
72.8099
-1.74744
24.4641
97.8565
99.6039
85.6244
114.748
184.646
163.677
40.7735
-32.0363
-27.3765
54.1705
107.176
89.1193
75.7223
85.6244
29.7064
-125.815
-202.12
-223.089
-195.713
-124.651
-134.553
-149.115
-59.4129
113.001
275.513
372.204
305.801
87.9543
-75.1398
2.9124
363.467
746.156
885.951
838.187
726.934
535.298
292.404
180.568
353.565
765.96
1095.06
1083.99
827.703
521.901
284.832
214.352
305.219
415.89
383.854
225.419
122.903
79.2171
-78.6347
-352.4
-504.427
-421.132
-213.187
-66.4026
-97.8565
-248.719
-464.818
-680.918
-712.372
-527.726
-301.724
-189.306
-220.177
-315.121
-458.411
-593.546
-576.072
-387.349
-142.125
2.32992
9.90214
-47.7633
-146.202
-242.311
-243.476
-184.063
-139.795
-124.651
-93.7791
-66.9851
-159.017
-361.137
-522.484
-505.592
-401.911
-338.42
-332.013
-350.07
-387.931
-470.061
-525.396
-502.679
-460.158
-417.637
-325.023
-212.605
-150.862
-188.141
-225.419
-188.723
-137.465
-116.496
-87.9543
16.8919
110.671
124.068
122.321
118.826
87.3719
30.2889
23.8816
88.5368
119.408
70.48
20.9692
97.274
170.666
105.429
-23.2992
-83.2945
7.57223
24.4641
-108.341
-223.089
-258.621
-220.177
-255.708
-292.987
-238.234
-99.0214
210.857
609.856
817.801
512.582
-11.6496
-124.068
425.792
1198.74
1546.48
1477.17
1323.97
1133.5
717.032
338.42
506.757
1190
1824.91
1889.56
1446.88
820.713
325.023
237.069
560.927
920.899
880.708
496.272
186.393
75.7223
-139.212
-537.046
-714.702
-468.896
-142.125
-90.2842
-265.028
-479.38
-738.583
-999.534
-994.874
-676.841
-304.637
-104.846
-99.0214
-237.069
-564.422
-877.213
-799.744
-315.704
171.831
277.842
106.594
-35.5312
-54.1705
-18.0568
44.8509
104.264
37.2787
-122.903
-198.625
-112.418
-111.253
-326.188
-542.87
-633.155
-707.712
-888.281
-1010.6
-918.569
-732.759
-747.903
-968.08
-1097.97
-1046.71
-885.368
-685.578
-525.979
-532.968
-685.578
-746.738
-580.149
-350.652
-264.445
-247.554
-194.548
-138.048
-137.465
-165.424
-104.846
-8.15471
-32.0363
-168.336
-224.837
-78.0522
80.3821
65.8201
-114.166
-319.199
-412.395
-376.281
-285.415
-234.739
-260.368
-347.158
-393.756
-373.952
-267.94
-146.785
2.32992
382.689
908.667
1131.17
683.248
50.0932
114.748
1001.28
1858.11
2039.26
1876.16
1784.13
1628.03
1143.99
797.414
1184.18
2076.54
2652.03
2479.03
1854.03
1166.12
736.836
754.893
1152.73
1438.72
1201.07
702.47
410.648
285.415
-8.73719
-357.642
-375.699
-113.001
4.65983
-123.486
-269.105
-405.988
-659.949
-892.94
-787.512
-420.55
-131.058
-52.4231
-110.671
-287.745
-612.768
-746.156
-389.678
157.269
375.699
175.326
-25.0466
-11.0671
31.4539
18.6393
92.0317
225.419
98.439
-316.286
-627.912
-581.314
-436.859
-528.308
-771.785
-1004.78
-1260.48
-1550.56
-1693.85
-1607.64
-1482.99
-1495.22
-1567.45
-1579.1
-1590.17
-1654.24
-1631.52
-1426.49
-1224.95
-1181.27
-1174.28
-1031.57
-838.77
-792.754
-807.316
-672.763
-413.56
-220.76
-154.357
-163.677
-214.352
-308.714
-320.363
-135.718
80.3821
85.6244
-101.934
-271.435
-381.524
-471.808
-489.865
-392.008
-277.842
-313.374
-362.302
-241.729
30.2889
470.061
1027.49
1386.88
1032.15
235.904
116.496
1144.57
2396.32
2727.17
2336.32
2044.5
1910.53
1525.51
1199.32
1675.21
2711.44
3268.29
2885.6
2103.91
1517.94
1249.42
1310
1680.45
1947.23
1625.12
962.838
572.577
472.973
185.811
-212.605
-168.336
242.894
386.184
60.5778
-267.94
-417.055
-643.057
-895.853
-788.677
-310.461
43.6859
12.2321
-179.986
-377.446
-652.377
-775.862
-408.9
265.028
598.206
378.029
46.5983
-29.124
102.516
266.775
440.937
477.633
190.471
-305.219
-606.943
-537.628
-410.648
-488.117
-707.13
-998.952
-1395.62
-1798.11
-1939.66
-1752.1
-1564.54
-1612.3
-1780.06
-1911.7
-1955.96
-1934.41
-1830.73
-1687.44
-1605.31
-1560.46
-1462.02
-1310
-1226.12
-1228.45
-1189.42
-1003.03
-749.068
-553.938
-443.849
-453.169
-581.314
-673.346
-555.103
-284.832
-124.651
-204.45
-364.049
-470.643
-577.819
-680.336
-659.949
-537.628
-507.339
-640.144
-652.959
-402.493
44.8509
588.886
1021.67
997.204
355.312
-177.656
307.549
1645.5
2605.43
2576.89
2212.84
2024.11
1718.9
1165.54
1168.45
2202.94
3401.1
3589.82
2797.06
1916.94
1471.34
1432.9
1729.38
2244.87
2423.11
1907.62
1142.82
686.16
485.205
260.368
209.11
511.999
729.846
447.926
-32.0363
-238.816
-322.693
-553.355
-666.938
-333.76
145.62
233.574
-29.7064
-284.25
-470.061
-638.397
-517.824
43.6859
623.835
657.036
245.224
-41.9385
-26.2116
104.846
280.172
538.793
601.701
217.265
-360.555
-645.387
-548.695
-385.601
-391.426
-553.355
-846.925
-1294.27
-1665.31
-1703.75
-1501.63
-1406.69
-1536
-1695.6
-1759.09
-1784.72
-1813.26
-1766.08
-1660.65
-1589
-1575.02
-1520.85
-1392.12
-1293.69
-1237.77
-1137
-960.508
-803.821
-714.702
-665.774
-616.263
-597.041
-612.768
-561.51
-443.267
-379.194
-465.401
-609.856
-664.609
-646.552
-599.371
-604.031
-700.14
-849.254
-863.234
-609.273
-259.786
134.553
576.654
864.981
574.324
-149.115
-365.214
523.066
1839.47
2400.4
2150.51
1808.01
1580.27
1160.88
869.641
1456.78
2691.05
3428.47
3067.92
2208.76
1625.7
1469.01
1627.45
2063.14
2478.45
2338.07
1646.67
1005.36
761.3
648.882
531.803
639.562
876.631
792.171
335.508
14.562
-26.2116
-142.707
-373.369
-304.637
106.594
297.647
21.5517
-350.652
-470.643
-445.596
-361.137
-48.9282
382.106
492.195
146.785
-167.171
-65.2377
232.992
423.462
523.649
524.814
225.419
-305.801
-620.923
-499.767
-238.816
-202.12
-412.395
-728.681
-1131.76
-1532.5
-1678.7
-1491.15
-1238.93
-1205.15
-1366.5
-1577.94
-1768.99
-1899.46
-1851.7
-1635.6
-1456.78
-1426.49
-1452.12
-1439.89
-1446.3
-1458.53
-1361.84
-1130.01
-920.899
-841.682
-804.404
-748.486
-711.207
-720.527
-703.635
-603.448
-501.514
-496.272
-574.907
-679.171
-809.646
-891.193
-862.651
-779.357
-738.001
-712.372
-623.253
-475.303
-128.728
419.967
788.677
475.303
-171.831
-101.934
933.714
1898.88
1946.06
1656.57
1753.84
1866.26
1408.43
979.147
1560.46
2767.36
3310.81
2809.88
2088.77
1762.58
1727.05
1865.1
2230.89
2511.65
2200.02
1470.18
970.993
862.069
815.471
801.491
962.255
1011.77
602.283
76.8872
8.15471
193.383
113.583
-133.97
-57.6654
228.332
173.579
-186.393
-355.312
-234.157
-198.043
-258.621
-86.7894
220.177
215.517
-107.176
-273.183
-108.341
125.233
226.002
262.698
226.584
-9.90214
-375.116
-606.361
-587.139
-464.236
-412.395
-537.628
-866.146
-1293.1
-1570.36
-1569.2
-1455.03
-1418.92
-1424.16
-1397.95
-1458.53
-1644.34
-1773.65
-1675.21
-1464.35
-1321.64
-1244.76
-1204.57
-1227.87
-1284.95
-1236.02
-1032.15
-797.414
-657.619
-618.01
-626.165
-643.639
-631.99
-566.752
-471.226
-401.328
-406.57
-511.417
-688.49
-850.419
-910.415
-850.419
-825.373
-923.812
-1040.31
-959.925
-744.991
-608.108
-347.74
179.404
594.129
236.486
-492.195
-373.369
815.471
1862.19
1813.84
1385.72
1445.71
1619.87
1259.32
978.565
1704.92
2928.7
3302.66
2605.43
1891.89
1790.54
2002.56
2215.75
2513.4
2691.64
2311.28
1544.15
1046.71
1016.43
1085.74
1102.63
1146.32
1025.16
532.968
47.1808
27.959
238.234
168.336
-65.2377
16.3094
242.894
93.1966
-312.791
-390.261
-111.836
-9.31966
-129.31
-92.0317
118.826
129.31
-103.681
-157.852
96.6915
340.75
341.333
233.574
111.836
-113.583
-367.544
-431.617
-303.472
-257.456
-426.375
-721.109
-1050.79
-1358.34
-1493.48
-1368.83
-1191.17
-1226.12
-1464.93
-1665.31
-1721.23
-1693.27
-1621.04
-1518.52
-1433.48
-1444.55
-1517.94
-1538.33
-1450.96
-1299.51
-1148.07
-1004.19
-878.961
-789.259
-733.924
-701.305
-673.346
-605.778
-498.602
-418.22
-407.153
-456.664
-551.608
-647.134
-712.372
-779.357
-893.523
-1000.7
-1032.74
-1000.12
-951.188
-892.94
-844.595
-802.656
-569.082
-89.7018
241.729
-14.562
-463.071
-183.481
848.089
1545.9
1312.33
986.719
1318.15
1743.94
1509.79
1202.82
1764.91
2795.32
3100.54
2535.53
2085.86
2187.79
2408.55
2460.97
2571.06
2672.41
2349.14
1710.74
1344.94
1424.16
1545.32
1507.46
1389.79
1113.12
598.206
230.662
375.699
658.784
539.958
200.373
150.28
239.981
19.2218
-313.956
-253.378
34.3663
-0.582479
-272.6
-249.884
27.959
70.48
-149.115
-174.161
40.1911
146.202
136.883
212.605
224.837
-123.486
-553.938
-558.015
-234.157
-145.62
-471.226
-823.625
-1028.08
-1251.16
-1496.39
-1523.18
-1330.38
-1244.76
-1419.5
-1666.47
-1785.88
-1809.76
-1790.54
-1693.27
-1547.06
-1476.58
-1526.1
-1591.33
-1555.8
-1413.68
-1233.11
-1049.04
-902.26
-852.167
-887.116
-877.213
-785.182
-666.938
-558.597
-483.458
-458.411
-559.18
-724.021
-824.208
-812.558
-824.79
-922.647
-990.214
-1016.43
-1046.71
-1106.13
-1033.9
-887.116
-732.759
-422.88
16.8919
132.805
-386.766
-765.96
-135.135
1086.32
1570.36
1138.75
943.616
1381.64
1554.64
1111.37
1156.8
2211.67
3166.94
2924.04
2101.58
1884.9
2243.71
2508.15
2611.84
2823.28
2777.84
2148.18
1451.54
1361.25
1685.11
1852.87
1758.5
1507.46
1043.8
498.02
415.89
791.589
952.936
613.35
291.24
315.704
239.981
-100.186
-188.723
193.966
393.756
35.5312
-280.172
-106.594
140.377
35.5312
-67.5676
184.063
428.122
289.492
72.2274
117.661
206.198
32.0363
-236.486
-287.745
-259.786
-378.611
-585.974
-760.135
-937.791
-1140.49
-1262.23
-1300.09
-1380.48
-1509.79
-1547.65
-1520.85
-1589
-1763.16
-1858.69
-1778.89
-1633.85
-1519.11
-1469.01
-1498.72
-1567.45
-1555.22
-1381.64
-1113.12
-905.172
-841.1
-875.466
-926.724
-916.822
-811.976
-655.289
-535.881
-546.948
-704.217
-898.183
-1011.18
-1022.83
-1012.93
-1056.62
-1106.13
-1142.82
-1197.58
-1262.81
-1223.21
-1070.01
-902.842
-614.515
-156.687
114.166
-266.193
-797.414
-446.179
733.924
1471.92
1145.15
786.929
1151.56
1520.27
1194.66
1023.42
1916.94
3028.31
3010.83
2166.24
1843.55
2244.87
2577.47
2643.87
2837.84
2935.11
2412.05
1627.45
1409.6
1759.09
1974.6
1833.64
1576.19
1204.57
722.274
551.025
846.925
1039.14
727.516
358.807
346.575
309.296
-44.2684
-214.935
141.542
433.364
126.98
-267.358
-149.115
121.738
9.90214
-168.336
76.8872
435.694
415.89
177.074
142.707
199.79
53.0056
-134.553
-92.6142
-0.582479
-173.579
-479.963
-675.093
-812.558
-1011.18
-1158.55
-1163.79
-1196.99
-1351.93
-1509.2
-1588.42
-1657.74
-1729.96
-1703.75
-1605.89
-1584.34
-1650.16
-1669.38
-1623.95
-1595.41
-1515.61
-1316.4
-1138.75
-1153.89
-1248.84
-1192.33
-1018.76
-905.755
-897.6
-881.291
-815.471
-810.228
-895.853
-966.333
-992.544
-1020.5
-1061.28
-1075.26
-1076.42
-1141.08
-1261.65
-1319.32
-1232.53
-1040.89
-948.276
-884.203
-542.288
-8.73719
129.31
-438.024
-784.599
-3.49487
1283.2
1642.01
1000.7
768.29
1381.64
1755.59
1407.27
1424.16
2420.2
3262.47
2868.13
2018.87
1961.79
2526.79
2845.41
2829.68
2910.65
2850.65
2278.66
1640.26
1593.08
1963.54
2124.88
1907.62
1486.49
973.322
565.587
606.943
927.889
946.528
555.103
224.254
155.522
-1.74744
-254.543
-152.61
258.038
322.693
-156.687
-479.963
-244.641
25.6291
-57.6654
-118.826
186.393
433.364
191.053
-171.831
-156.104
117.078
203.285
9.31966
-207.363
-311.044
-378.611
-493.36
-669.851
-836.44
-905.755
-937.209
-1088.07
-1342.61
-1467.26
-1390.96
-1359.51
-1527.84
-1706.08
-1721.81
-1688.02
-1706.08
-1683.95
-1598.32
-1587.26
-1682.2
-1686.28
-1511.53
-1333.88
-1280.87
-1272.72
-1234.86
-1193.5
-1162.63
-1100.89
-1008.85
-961.673
-993.127
-1063.02
-1149.81
-1185.93
-1082.83
-919.152
-891.775
-1063.61
-1222.62
-1227.87
-1120.69
-983.225
-817.801
-731.594
-767.125
-562.092
1.74744
385.601
-6.98975
-535.881
-23.8816
1260.48
1823.16
1243.59
904.007
1542.4
2083.53
1714.24
1513.86
2474.37
3558.95
3348.67
2345.64
2068.97
2637.47
3071.99
3087.14
3157.62
3182.67
2648.53
1850.54
1601.23
1996.16
2358.46
2254.19
1784.72
1162.63
665.191
633.737
945.363
1026.91
644.804
230.079
96.109
-44.2684
-283.667
-226.584
166.007
242.311
-308.131
-776.445
-574.907
-132.223
-61.1603
-177.656
-65.8201
42.521
-209.11
-516.659
-362.302
54.753
126.98
-266.775
-665.191
-749.068
-683.248
-695.48
-828.285
-961.09
-1058.95
-1184.76
-1383.39
-1557.55
-1560.46
-1459.69
-1476
-1657.15
-1799.86
-1819.66
-1803.94
-1815
-1771.9
-1668.8
-1657.74
-1749.18
-1796.37
-1694.43
-1523.18
-1424.16
-1409.02
-1391.54
-1320.48
-1236.02
-1205.73
-1225.54
-1197.58
-1087.49
-1012.35
-1089.24
-1174.86
-1068.27
-862.069
-835.275
-1027.49
-1139.91
-1028.08
-851.584
-751.98
-666.356
-519.571
-488.7
-512.582
-171.831
501.514
835.857
347.74
-142.707
438.024
1622.79
2043.34
1526.1
1326.89
1921.02
2305.45
1968.2
1925.09
2810.46
3606.13
3258.97
2424.86
2331.66
2887.35
3236.84
3198.39
3146.55
2967.73
2398.65
1847.62
1877.33
2302.54
2464.47
2133.04
1545.32
963.42
652.377
782.269
1084.58
1016.43
513.164
83.2945
-11.6496
-61.7428
-195.713
-139.795
79.2171
-18.6393
-536.463
-838.187
-535.881
-121.156
-124.651
-345.41
-398.416
-361.719
-455.499
-539.376
-407.153
-241.146
-326.771
-648.299
-929.637
-991.379
-894.688
-806.151
-876.048
-1097.39
-1318.15
-1473.67
-1587.84
-1646.67
-1566.29
-1442.8
-1519.11
-1795.78
-2018.87
-2013.63
-1880.24
-1755.59
-1666.47
-1703.17
-1923.35
-2098.09
-1992.66
-1689.19
-1465.52
-1414.26
-1425.91
-1483.57
-1579.1
-1543.57
-1284.37
-1032.74
-1054.87
-1205.15
-1168.45
-993.709
-913.91
-929.054
-882.456
-808.481
-871.971
-955.266
-795.666
-503.262
-385.019
-479.38
-511.999
-358.807
-184.646
149.697
754.893
1184.18
828.285
102.516
291.24
1531.34
2464.47
2207.01
1672.3
1936.74
2466.8
2301.96
1972.27
2520.97
3486.14
3561.86
2735.32
2276.91
2650.86
3066.75
3048.7
2979.96
2997.44
2686.39
2060.81
1743.94
1996.74
2293.8
2147.6
1654.82
1117.19
753.728
743.243
991.379
1024.58
618.01
106.594
-72.8099
-49.5107
-138.048
-190.471
-32.0363
33.2013
-347.74
-809.063
-772.367
-417.637
-323.858
-556.85
-658.201
-537.628
-542.288
-781.104
-939.539
-798.579
-601.118
-657.619
-952.936
-1205.15
-1196.99
-1018.17
-955.848
-1121.27
-1314.07
-1360.67
-1383.39
-1512.12
-1578.52
-1453.87
-1378.73
-1575.02
-1851.12
-1870.92
-1685.11
-1604.73
-1669.38
-1726.47
-1762
-1851.12
-1904.12
-1777.14
-1538.33
-1400.86
-1477.75
-1657.74
-1774.81
-1693.85
-1422.41
-1178.94
-1157.39
-1286.11
-1348.44
-1282.04
-1139.91
-975.07
-801.491
-694.315
-739.166
-838.187
-779.939
-521.901
-276.095
-179.986
-168.336
-92.6142
39.0261
143.872
441.519
1031.57
1436.98
1086.32
431.617
663.444
1861.6
2659.6
2241.38
1650.16
1994.99
2590.28
2371.27
1943.73
2471.46
3448.28
3441.87
2503.49
2048
2508.74
2950.84
2893.17
2825.61
2907.74
2601.35
1900.63
1569.2
1916.94
2341.57
2242.54
1699.67
1104.96
760.135
815.471
1083.99
1080.5
661.114
251.048
148.532
80.9646
-135.718
-172.996
76.3048
74.5573
-482.875
-974.487
-782.269
-349.487
-407.153
-795.084
-872.554
-688.49
-820.13
-1233.11
-1317.57
-924.394
-648.882
-919.734
-1440.47
-1630.94
-1382.22
-1097.39
-1113.7
-1366.5
-1548.23
-1585.51
-1635.6
-1720.64
-1640.26
-1398.53
-1370.57
-1697.34
-1963.54
-1827.24
-1567.45
-1553.47
-1667.64
-1630.36
-1529.01
-1614.63
-1783.55
-1746.85
-1496.39
-1319.32
-1374.65
-1523.18
-1561.04
-1422.41
-1247.09
-1177.19
-1208.64
-1181.85
-1031.57
-915.075
-919.734
-889.445
-690.238
-517.241
-574.324
-669.268
-502.679
-157.269
26.794
11.6496
51.2582
225.419
362.884
430.452
747.321
1350.77
1668.22
1240.68
703.052
1081.66
2136.53
2590.87
2053.24
1657.74
2102.75
2546.02
2207.6
1851.7
2415.54
3207.71
3021.32
2165.07
1930.34
2472.62
2828.52
2645.62
2483.69
2525.05
2275.16
1733.46
1554.05
1940.82
2257.11
1986.25
1364.17
915.075
841.1
987.884
1121.27
1021.67
701.305
366.379
143.872
-5.24231
-81.5471
8.15471
99.6039
-148.532
-693.733
-1011.77
-863.816
-657.036
-766.542
-1021.67
-1105.55
-1096.81
-1229.61
-1408.43
-1406.69
-1229.61
-1142.24
-1316.99
-1625.7
-1753.26
-1547.65
-1275.63
-1317.57
-1652.49
-1814.42
-1620.46
-1427.66
-1494.06
-1589.59
-1496.39
-1448.04
-1605.31
-1695.01
-1480.66
-1231.36
-1310
-1555.8
-1606.48
-1466.68
-1383.39
-1404.36
-1409.02
-1365.91
-1322.23
-1291.36
-1290.77
-1314.07
-1272.13
-1124.77
-977.4
-955.848
-998.952
-963.42
-851.584
-742.078
-616.845
-460.741
-396.086
-442.684
-421.132
-196.295
66.9851
161.929
159.017
243.476
420.55
551.608
606.943
724.604
1103.22
1582.01
1708.41
1257.57
847.507
1275.63
2211.67
2554.17
2041.01
1717.73
2107.41
2392.24
2026.44
1823.16
2483.69
3163.44
2815.12
1971.11
1847.04
2388.16
2646.2
2478.45
2479.61
2576.3
2176.72
1499.88
1411.35
1997.9
2345.64
1964.7
1268.64
835.275
783.434
944.781
1106.13
1003.61
595.294
127.563
-142.707
-256.291
-279.007
-178.821
-136.883
-488.117
-1128.26
-1426.49
-1165.54
-905.172
-1102.05
-1460.27
-1578.52
-1594.25
-1749.18
-1849.37
-1657.15
-1432.32
-1533.08
-1863.35
-2039.84
-1888.98
-1579.1
-1387.47
-1457.36
-1656.57
-1737.53
-1636.77
-1524.35
-1476.58
-1368.24
-1223.79
-1272.72
-1494.06
-1556.97
-1343.2
-1139.91
-1155.06
-1212.72
-1166.71
-1151.56
-1250.58
-1284.95
-1122.44
-948.858
-961.673
-1121.85
-1219.13
-1148.65
-980.895
-833.527
-802.074
-863.234
-907.502
-828.285
-651.794
-470.061
-299.394
-197.46
-223.672
-262.116
-119.408
191.053
390.261
349.487
289.492
409.483
646.552
806.733
883.621
958.76
998.952
1155.64
1544.15
1859.86
1607.06
1072.93
1229.03
2112.65
2597.86
2090.52
1591.92
1961.21
2427.19
2102.75
1682.78
2171.48
2938.02
2772.6
1964.7
1790.54
2331.66
2615.33
2416.71
2311.86
2384.67
2084.11
1516.19
1431.73
1905.87
2148.77
1737.53
1085.16
705.965
698.392
867.311
945.946
661.114
98.439
-323.276
-387.349
-368.127
-495.69
-605.778
-684.995
-1034.48
-1628.61
-1880.24
-1535.41
-1205.15
-1447.46
-1931.5
-2086.44
-1992.08
-1976.35
-1947.23
-1736.95
-1628.61
-1852.28
-2075.37
-1974.6
-1719.48
-1622.2
-1595.99
-1472.51
-1435.23
-1608.22
-1711.91
-1476.58
-1153.31
-1069.43
-1211.56
-1325.14
-1292.52
-1180.1
-1030.99
-928.472
-940.121
-1066.52
-1179.52
-1181.85
-1075.26
-910.415
-819.548
-905.755
-1111.37
-1183.01
-1014.68
-794.501
-718.197
-770.62
-788.677
-706.547
-603.448
-513.747
-373.952
-212.022
-140.377
-156.104
-76.3048
161.347
361.719
382.106
351.817
516.659
789.842
909.832
856.827
863.816
1049.63
1220.88
1239.52
1176.61
1311.16
1743.94
2048
1759.67
1167.87
1199.32
2039.84
2657.27
2236.72
1549.98
1764.33
2437.67
2399.23
1851.7
1985.09
2727.17
2850.07
2135.95
1761.42
2246.04
2652.61
2396.9
2097.51
2218.08
2205.85
1701.42
1293.69
1489.98
1823.74
1622.79
995.457
474.72
311.044
357.642
400.746
237.069
-188.141
-651.794
-924.394
-1058.36
-1199.32
-1264.56
-1224.95
-1386.3
-1935
-2418.45
-2331.08
-1938.49
-1872.09
-2173.81
-2368.36
-2332.25
-2336.32
-2387
-2196.53
-1860.44
-1806.27
-2024.7
-2112.65
-1922.18
-1678.7
-1542.99
-1459.11
-1375.23
-1379.89
-1443.97
-1386.88
-1171.95
-965.75
-925.559
-1012.35
-1092.15
-1018.17
-863.234
-787.512
-801.491
-823.043
-829.45
-892.94
-940.121
-842.265
-654.124
-580.732
-710.042
-834.692
-755.475
-543.453
-394.338
-343.663
-320.946
-273.765
-188.723
-71.0624
75.7223
227.749
343.663
400.163
464.236
597.623
791.589
930.801
944.199
945.946
1068.27
1254.66
1339.12
1352.52
1404.94
1513.86
1552.31
1478.91
1433.48
1547.06
1865.1
2112.07
1939.07
1387.47
1127.68
1679.29
2439.42
2412.05
1690.35
1428.24
1901.79
2154.01
1775.98
1634.44
2205.85
2569.9
2003.15
1293.69
1448.04
2034.02
2088.77
1665.89
1454.45
1403.19
1050.79
638.979
694.315
1018.17
890.61
230.662
-366.962
-506.174
-378.029
-315.121
-499.185
-962.838
-1453.87
-1671.71
-1603.56
-1565.12
-1682.78
-1799.86
-1920.43
-2197.11
-2496.51
-2390.49
-1935
-1734.62
-2022.95
-2307.78
-2192.45
-1940.24
-1828.98
-1692.1
-1460.86
-1424.74
-1640.26
-1714.24
-1414.84
-1076.42
-1016.43
-1077
-1072.34
-1089.24
-1151.56
-1038.56
-744.408
-596.459
-755.475
-979.147
-997.787
-864.981
-718.197
-587.139
-499.185
-581.314
-803.821
-881.291
-660.531
-329.101
-181.151
-263.863
-401.911
-436.859
-323.858
-97.274
144.455
260.368
206.78
101.934
116.496
298.812
569.082
779.939
821.878
732.176
676.258
779.939
1007.11
1205.73
1278.54
1244.18
1174.28
1135.25
1181.85
1335.62
1488.82
1519.11
1447.46
1374.65
1350.19
1351.93
1375.82
1513.28
1795.2
1920.43
1586.67
1077
1106.71
1751.51
2170.9
1777.14
1161.46
1217.38
1656.57
1601.23
1156.22
1197.58
1693.27
1672.88
970.41
571.412
920.899
1248.25
996.622
643.639
615.68
486.952
19.8043
-248.136
18.0568
248.719
-129.31
-782.269
-1102.63
-1050.21
-947.693
-943.034
-1069.43
-1394.45
-1777.73
-1893.64
-1720.64
-1587.84
-1622.2
-1693.85
-1805.1
-2029.94
-2135.37
-1818.5
-1364.17
-1322.23
-1645.5
-1779.47
-1557.55
-1348.44
-1289.03
-1126.51
-914.492
-1019.34
-1360.09
-1380.48
-950.023
-618.01
-750.233
-1043.8
-1081.66
-926.142
-838.77
-775.862
-620.923
-513.164
-598.206
-756.64
-737.418
-499.185
-247.554
-181.151
-263.863
-318.616
-270.27
-153.774
-20.3868
128.728
261.533
275.513
164.842
136.3
331.431
583.062
652.377
578.984
560.927
629.66
707.13
786.347
906.92
1001.86
966.333
878.961
921.482
1102.05
1251.16
1269.22
1230.78
1238.93
1284.37
1315.24
1347.27
1401.44
1409.6
1328.63
1231.94
1220.29
1279.12
1304.17
1232.53
1088.07
1000.7
1097.97
1251.16
1143.99
717.614
474.72
782.269
1171.95
936.044
293.569
177.656
631.99
700.14
110.089
-179.986
318.034
710.042
257.456
-371.039
-287.745
139.795
107.176
-228.332
-258.621
-148.532
-435.112
-857.992
-778.192
-352.982
-319.199
-795.666
-1175.44
-1132.92
-916.822
-810.811
-852.749
-1024
-1225.54
-1266.89
-1125.93
-1019.34
-1051.96
-1054.87
-1006.52
-1106.71
-1309.41
-1260.48
-916.822
-728.681
-922.647
-1140.49
-1087.49
-950.606
-935.461
-883.038
-690.82
-619.175
-831.198
-1028.08
-901.678
-590.051
-428.705
-474.72
-561.51
-615.68
-612.768
-496.855
-287.745
-148.532
-173.579
-267.94
-272.6
-124.651
86.7894
210.275
196.295
158.434
196.878
291.24
362.302
419.385
528.891
614.515
577.819
501.514
545.2
696.645
791.007
793.919
800.326
827.703
826.538
838.187
942.451
1098.56
1153.89
1086.91
1029.24
1056.62
1150.4
1221.46
1216.22
1160.3
1106.71
1081.08
1053.12
1000.7
955.266
914.492
832.363
703.635
602.866
577.819
569.082
452.586
248.136
83.2945
85.6244
245.224
304.054
-23.8816
-571.412
-701.305
-241.146
138.63
-172.414
-750.815
-789.259
-422.297
-401.328
-723.439
-644.222
-168.919
-113.583
-672.763
-983.807
-549.278
-41.9385
-91.4492
-387.931
-417.637
-338.42
-433.947
-462.488
-175.909
86.2069
-78.0522
-463.653
-604.613
-402.493
-124.068
-2.9124
-128.145
-428.705
-612.768
-489.282
-264.445
-265.028
-435.694
-488.117
-457.246
-582.479
-740.331
-597.623
-308.714
-347.74
-703.635
-857.409
-627.33
-409.483
-443.267
-512.582
-474.138
-505.009
-633.737
-602.866
-370.457
-223.672
-305.219
-402.493
-374.534
-339.003
-338.42
-213.77
40.1911
150.28
0
-148.532
-40.1911
241.146
439.772
474.72
439.189
393.173
359.39
424.045
619.758
808.481
810.811
638.979
524.231
623.253
828.868
922.064
866.729
813.723
830.615
845.76
836.44
864.399
935.461
938.956
839.352
768.872
801.491
857.409
822.46
704.8
620.34
600.536
592.964
534.133
433.364
332.013
222.507
125.233
50.0932
-32.0363
-142.125
-266.775
-362.884
-443.267
-525.396
-632.572
-770.62
-916.822
-1011.18
-899.348
-693.733
-747.321
-1177.19
-1477.17
-1163.21
-611.021
-534.716
-935.461
-1061.86
-709.459
-483.458
-666.938
-707.712
-248.719
133.97
-61.7428
-426.375
-291.822
184.646
407.735
332.013
309.879
375.699
290.657
189.888
363.467
686.743
727.516
407.735
126.398
156.104
385.601
532.968
471.808
247.554
25.0466
-23.2992
86.7894
170.084
124.068
32.6188
-59.4129
-204.45
-330.848
-258.038
-44.8509
-15.7269
-246.971
-437.442
-398.998
-302.307
-311.626
-313.374
-201.538
-155.522
-300.559
-459.576
-401.328
-176.491
-4.65983
22.7167
-73.9748
-181.151
-168.919
-2.32992
207.945
322.693
306.966
228.914
187.558
245.806
424.045
615.68
662.861
553.938
452.004
488.117
600.536
696.645
734.506
690.238
577.237
471.808
480.545
580.149
619.758
511.999
361.719
273.183
247.554
242.894
234.739
206.198
109.506
-25.6291
-110.671
-113.001
-101.934
-147.367
-230.079
-310.461
-391.426
-464.236
-488.117
-467.148
-476.468
-586.556
-738.583
-794.501
-756.058
-765.377
-834.692
-887.698
-904.59
-908.667
-942.451
-986.719
-974.487
-934.296
-934.879
-876.048
-710.624
-625
-783.434
-946.528
-715.284
-222.507
-46.5983
-344.245
-497.437
-111.253
294.734
219.012
42.521
332.596
810.228
855.662
548.695
520.154
900.513
1178.36
1130.59
1065.94
1128.84
1086.91
955.266
991.379
1210.97
1284.37
1038.56
741.496
680.918
793.919
833.527
719.362
525.979
347.74
244.641
224.837
184.063
75.7223
-2.32992
-44.2684
-150.28
-324.441
-389.678
-272.6
-171.249
-279.59
-453.751
-452.004
-323.276
-276.095
-311.626
-265.61
-163.094
-168.919
-270.853
-265.028
-90.2842
61.7428
51.2582
-43.1034
-54.1705
25.0466
101.351
160.182
198.043
196.295
151.445
115.913
149.697
240.564
278.425
208.527
101.351
43.1034
47.1808
68.7325
67.5676
11.6496
-90.8667
-172.414
-210.857
-234.157
-259.203
-284.25
-305.219
-368.127
-485.788
-558.597
-507.339
-425.792
-447.344
-574.907
-676.258
-679.171
-619.758
-558.597
-532.968
-573.159
-679.753
-757.223
-697.81
-558.597
-505.592
-567.917
-626.165
-648.882
-669.268
-650.629
-547.53
-468.896
-554.52
-707.712
-718.197
-559.762
-417.637
-412.978
-457.246
-481.71
-433.364
-213.77
91.4492
195.13
-19.2218
-145.037
206.198
708.295
765.377
493.942
556.267
988.467
1151.56
885.951
839.935
1304.17
1668.8
1456.78
1082.83
1132.34
1447.46
1564.54
1487.65
1456.78
1385.14
1123.02
940.704
1106.71
1340.87
1202.24
782.852
509.669
527.726
636.65
656.454
544.618
300.559
47.1808
-22.7167
97.274
140.96
-11.6496
-160.764
-202.12
-272.018
-421.715
-431.034
-247.554
-192.218
-425.21
-648.882
-584.809
-416.473
-417.637
-507.922
-479.963
-440.937
-578.402
-736.253
-626.747
-352.982
-294.152
-507.922
-670.433
-586.556
-435.112
-404.24
-429.87
-394.338
-366.962
-445.014
-537.046
-495.69
-340.168
-262.116
-361.137
-505.009
-551.025
-497.437
-408.9
-352.982
-371.039
-470.643
-593.546
-636.65
-549.278
-415.308
-393.173
-539.376
-712.954
-751.398
-637.815
-494.525
-471.808
-567.917
-684.413
-729.264
-654.124
-510.834
-385.019
-365.797
-468.313
-558.015
-490.447
-283.085
-117.078
-129.893
-221.342
-209.692
-81.5471
39.0261
89.7018
139.795
222.507
230.079
178.821
242.311
458.411
620.34
570.829
442.684
471.226
655.289
775.28
833.527
965.168
1057.2
881.873
625
776.445
1280.87
1507.46
1139.33
747.321
941.286
1358.34
1333.88
1021.09
1036.23
1339.12
1376.98
1033.9
830.033
1045.55
1270.97
1175.44
957.596
876.631
832.363
717.614
651.212
698.975
718.197
533.551
237.069
75.1398
111.253
180.568
124.651
-107.759
-412.978
-583.644
-556.85
-488.117
-559.762
-721.109
-829.45
-911.58
-1028.66
-1102.05
-991.962
-840.517
-931.966
-1194.66
-1282.62
-1117.78
-976.235
-995.457
-1032.15
-975.652
-945.363
-1019.92
-1037.4
-876.048
-686.16
-676.258
-783.434
-840.517
-777.027
-633.155
-532.968
-527.726
-551.608
-559.762
-545.783
-492.777
-414.143
-350.07
-332.596
-376.864
-429.287
-390.261
-289.492
-238.234
-258.621
-295.899
-305.801
-291.24
-282.502
-267.358
-219.595
-174.161
-175.326
-186.393
-149.115
-79.2171
-23.2992
8.73719
58.8304
144.455
227.167
259.203
291.24
390.261
506.757
574.907
600.536
638.397
721.692
802.074
836.44
871.389
932.549
954.101
943.034
951.188
979.73
1005.36
1000.7
957.013
888.863
849.837
856.827
856.827
814.888
736.836
673.928
653.541
615.098
530.638
490.447
589.469
726.351
651.794
330.848
139.212
365.797
714.702
664.609
248.136
57.6654
313.374
531.803
345.993
93.1966
200.373
432.199
319.781
-25.6291
-118.243
76.8872
166.007
5.24231
-163.677
-211.44
-287.745
-433.947
-463.653
-344.245
-330.848
-573.159
-859.157
-898.765
-717.614
-588.886
-679.753
-897.018
-1038.56
-999.534
-859.157
-788.677
-837.022
-891.775
-885.951
-894.105
-957.013
-930.219
-745.573
-613.933
-717.032
-882.456
-848.089
-658.784
-557.432
-604.031
-629.66
-575.489
-558.597
-614.515
-600.536
-444.432
-301.142
-336.09
-474.138
-486.37
-309.879
-124.068
-96.109
-159.599
-159.017
-79.7996
-6.98975
45.4334
139.795
234.739
228.914
155.522
175.909
321.528
439.189
425.792
376.281
410.648
482.293
501.514
495.107
539.376
595.294
605.196
592.964
600.536
633.155
656.454
677.423
713.537
727.516
699.557
690.238
736.253
788.677
765.96
690.82
678.006
738.001
789.259
784.599
743.243
698.392
676.258
682.083
673.346
659.366
631.99
574.324
524.814
489.282
449.674
405.988
346.575
263.281
190.471
133.97
58.8304
-41.9385
-126.98
-196.878
-288.91
-405.988
-516.076
-562.675
-516.659
-484.623
-619.175
-884.786
-1013.51
-846.925
-612.768
-659.366
-944.781
-1043.22
-804.986
-626.747
-755.475
-878.961
-691.403
-411.813
-407.153
-588.886
-579.567
-341.915
-188.723
-231.244
-259.203
-205.033
-214.935
-283.667
-251.048
-90.2842
-20.3868
-163.677
-342.498
-336.09
-177.074
-65.2377
-93.7791
-205.615
-299.394
-292.404
-203.868
-146.202
-170.084
-213.187
-214.352
-194.548
-205.615
-191.636
-83.877
13.397
-11.6496
-78.0522
-22.7167
144.455
259.786
274.93
256.873
260.368
305.801
389.678
498.602
550.443
499.767
459.576
531.803
623.253
611.021
560.345
602.283
684.995
659.949
539.376
498.02
595.876
651.794
574.907
477.05
444.432
434.529
390.261
364.049
400.163
403.658
291.24
150.862
159.017
279.007
314.539
205.033
78.0522
62.3253
117.078
145.62
111.836
61.1603
33.7838
16.8919
12.8145
13.9795
13.9795
15.7269
-18.6393
-101.351
-165.424
-152.61
-109.506
-128.728
-219.595
-319.199
-373.952
-376.281
-360.555
-359.39
-389.096
-470.643
-566.17
-593.546
-545.783
-516.659
-566.17
-645.387
-676.841
-659.366
-640.727
-652.959
-678.006
-682.665
-672.763
-657.036
-658.784
-671.598
-665.191
-631.407
-558.597
-467.148
-426.375
-479.38
-544.035
-450.256
-210.275
-78.0522
-196.878
-323.276
-172.414
108.341
154.939
-13.9795
-6.40727
259.203
438.024
322.693
154.357
243.476
485.205
590.634
527.144
449.674
425.792
432.782
482.875
577.237
625.582
549.278
431.617
405.405
500.932
617.428
645.969
571.994
466.566
444.432
534.133
608.108
560.345
475.303
479.38
527.726
496.855
426.957
443.849
538.211
563.257
458.993
364.049
382.106
452.004
490.447
481.128
424.045
339.585
297.064
337.838
402.493
392.591
305.219
214.935
167.171
136.883
131.058
173.579
180.568
73.9748
-72.8099
-132.805
-91.4492
-41.356
-74.5573
-189.888
-323.858
-417.055
-438.607
-408.318
-387.349
-447.926
-581.897
-703.635
-738.583
-693.733
-653.541
-684.995
-769.455
-849.837
-883.038
-861.486
-816.636
-777.027
-773.532
-807.898
-839.352
-828.868
-761.883
-672.763
-611.603
-609.856
-629.66
-617.428
-551.025
-467.148
-412.395
-379.776
-355.312
-345.993
-351.235
-323.858
-228.914
-138.63
-138.048
-192.218
-202.703
-143.29
-62.3253
-17.4744
-20.3868
-29.124
-25.0466
-12.8145
12.2321
62.3253
119.991
145.037
138.048
115.913
112.418
151.445
217.847
316.869
408.318
397.251
258.621
183.481
373.952
666.938
716.449
496.272
392.008
611.021
830.033
759.553
623.835
753.728
978.565
961.673
753.145
686.16
848.089
991.962
973.905
886.533
815.471
743.243
703.052
758.97
845.76
814.306
647.717
500.349
473.555
515.494
538.211
497.437
391.426
253.378
181.733
206.198
205.615
111.253
23.2992
25.0466
17.4744
-83.2945
-182.316
-156.687
-69.315
-87.9543
-220.76
-319.199
-299.977
-230.079
-209.692
-268.523
-361.137
-425.792
-424.627
-373.369
-344.828
-379.776
-450.839
-523.066
-562.675
-551.025
-506.757
-489.282
-541.123
-619.175
-653.541
-629.077
-597.041
-597.623
-616.845
-633.737
-651.212
-680.918
-697.81
-672.181
-634.902
-640.727
-694.897
-732.759
-698.975
-638.979
-617.428
-636.65
-650.629
-630.242
-596.459
-555.685
-499.767
-458.411
-460.158
-478.215
-447.926
-339.585
-222.507
-185.811
-223.672
-231.827
-145.037
-16.8919
54.753
54.1705
56.5005
96.6915
161.929
213.187
248.136
305.219
373.369
401.911
385.601
370.457
409.483
497.437
549.278
525.979
476.468
460.158
486.952
515.494
517.241
504.427
494.525
489.865
478.798
455.499
427.54
426.957
462.488
513.164
546.948
523.066
439.772
366.379
425.792
603.448
695.48
580.149
403.075
423.462
630.242
721.109
583.644
468.896
560.927
690.238
645.387
491.03
433.364
510.252
566.17
519.571
429.87
345.41
265.028
230.079
261.533
273.765
181.733
25.6291
-75.1398
-75.7223
-40.7735
-61.7428
-155.522
-271.435
-346.575
-332.596
-285.415
-302.307
-392.591
-463.071
-465.983
-458.411
-483.458
-505.009
-471.226
-439.189
-486.952
-570.247
-575.489
-492.777
-418.22
-417.637
-457.829
-479.963
-467.148
-436.277
-402.493
-366.962
-351.235
-368.127
-390.843
-394.338
-359.972
-306.966
-280.755
-309.296
-355.895
-356.477
-312.209
-276.678
-274.348
-290.657
-304.054
-308.714
-312.209
-312.791
-298.229
-280.172
-282.502
-306.966
-320.946
-301.142
-258.621
-231.244
-224.837
-217.847
-201.538
-178.239
-147.367
-103.681
-61.7428
-37.8611
-29.124
-21.5517
9.90214
65.8201
129.893
179.986
207.363
221.925
235.322
262.116
303.472
348.905
383.271
391.426
378.611
366.379
375.699
411.813
446.179
451.421
422.88
376.281
344.828
339.585
346.575
348.905
322.693
263.281
192.801
163.677
180.568
192.801
161.929
109.506
75.1398
55.918
37.8611
25.6291
27.959
53.0056
85.0419
76.8872
4.07735
-68.15
-26.2116
122.321
204.45
115.331
-9.90214
34.3663
191.053
232.409
143.872
128.145
246.389
319.781
249.884
160.764
192.801
290.075
316.869
264.445
206.78
178.239
168.336
183.481
204.45
181.151
101.934
29.7064
13.9795
32.0363
47.1808
36.6962
-12.8145
-87.9543
-129.893
-100.769
-47.1808
-54.753
-125.815
-151.445
-118.243
-113.001
-149.115
-150.28
-80.9646
-35.5312
-85.0419
-157.852
-144.455
-65.8201
-8.15471
-13.397
-66.4026
-136.3
-162.512
-115.331
-48.9282
-52.4231
-129.893
-190.471
-180.568
-161.347
-182.316
-195.13
-169.501
-164.842
-220.76
-301.142
-313.374
-241.146
-195.713
-231.244
-287.745
-309.296
-302.307
-277.26
-231.244
-188.723
-187.558
-237.069
-280.172
-255.708
-177.074
-117.078
-128.728
-185.811
-213.187
-175.909
-101.934
-52.4231
-51.2582
-75.1398
-86.2069
-82.1295
-59.9953
-19.2218
19.8043
19.2218
-25.6291
-52.4231
-23.2992
25.6291
45.4334
22.1342
-22.7167
-58.8304
-69.315
-46.5983
-14.562
-8.15471
-35.5312
-86.7894
-124.651
-110.671
-72.2274
-59.9953
-94.9441
-160.764
-209.11
-210.275
-187.558
-177.656
-185.228
-199.79
-206.198
-203.868
-187.558
-155.522
-122.903
-94.9441
-79.2171
-73.3924
-20.9692
85.6244
156.104
129.31
79.7996
141.542
305.801
410.648
374.534
340.168
438.607
562.675
571.994
531.221
601.701
762.465
822.46
735.089
667.521
732.759
863.816
919.734
878.378
811.976
770.037
768.872
790.424
797.414
772.95
719.944
648.882
574.324
536.463
555.103
564.422
484.04
336.673
241.729
251.048
263.863
174.744
46.5983
-6.40727
-14.562
-63.4902
-150.28
-203.285
-199.79
-211.44
-292.987
-383.271
-402.493
-362.302
-340.168
-394.338
-484.623
-527.726
-503.262
-467.731
-489.282
-541.123
-565.005
-565.587
-586.556
-626.747
-627.912
-587.721
-581.897
-636.067
-695.48
-698.975
-661.696
-638.397
-645.969
-649.464
-652.377
-662.279
-659.949
-627.912
-583.644
-569.082
-584.809
-583.644
-550.443
-507.339
-480.545
-476.468
-478.215
-463.071
-422.297
-372.787
-340.168
-335.508
-336.09
-317.451
-279.007
-245.224
-216.1
-171.831
-132.805
-121.156
-126.98
-107.176
-47.1808
11.6496
36.1137
37.2787
37.8611
56.5005
80.9646
97.8565
115.913
132.805
138.048
135.135
137.465
152.61
176.491
193.966
209.692
224.254
238.816
257.456
276.095
294.152
330.848
378.029
412.395
429.287
455.499
509.087
561.51
586.556
597.623
621.505
668.686
735.671
784.017
771.202
716.449
714.702
798.579
880.126
861.486
771.785
756.058
838.187
867.311
785.182
722.856
773.532
849.254
823.043
722.274
661.114
672.181
694.315
685.578
644.804
568.5
481.128
424.627
415.308
407.153
346.575
256.291
175.909
108.341
66.9851
51.2582
23.8816
-57.6654
-170.666
-230.662
-222.507
-240.564
-329.101
-419.967
-449.674
-457.246
-509.087
-585.974
-620.923
-618.01
-639.562
-710.042
-780.522
-792.754
-771.785
-778.774
-824.208
-868.476
-871.971
-856.244
-870.224
-901.095
-891.193
-849.254
-838.77
-883.621
-915.075
-875.466
-813.141
-803.821
-830.033
-830.033
-786.929
-744.991
-733.341
-715.284
-680.336
-645.387
-613.35
-580.732
-545.2
-505.592
-465.983
-423.462
-368.127
-309.296
-263.281
-239.399
-220.76
-166.589
-74.5573
-0.582479
23.8816
33.2013
76.3048
157.852
226.584
261.533
291.24
325.606
355.895
385.601
425.792
472.973
496.855
496.272
506.174
537.046
566.17
571.994
573.742
577.237
576.072
564.422
548.695
542.288
544.035
546.365
537.628
516.659
478.215
443.267
438.607
442.684
426.957
390.843
356.477
347.74
359.39
367.544
353.565
314.539
284.832
283.667
301.142
312.209
294.734
263.281
261.533
313.956
369.292
347.74
265.61
246.971
349.487
447.344
405.988
298.229
312.209
453.751
521.319
426.375
342.498
408.318
513.164
509.669
426.375
383.271
406.57
426.957
418.802
397.833
352.982
272.6
212.022
213.187
220.177
169.501
73.3924
-18.6393
-84.4595
-122.903
-145.037
-189.888
-287.162
-387.349
-438.607
-454.334
-503.262
-584.226
-625.582
-634.32
-679.171
-770.62
-820.13
-791.007
-760.135
-787.512
-840.517
-860.904
-851.584
-834.11
-798.579
-754.31
-756.058
-802.074
-815.471
-742.078
-640.144
-598.788
-617.428
-630.825
-592.381
-530.056
-479.963
-433.364
-397.833
-367.544
-342.498
-323.276
-281.337
-209.692
-136.3
-97.8565
-100.769
-111.836
-91.4492
-26.2116
51.8406
97.274
93.7791
57.6654
46.5983
104.264
199.208
246.389
216.682
153.192
123.486
164.842
232.992
270.853
258.621
219.012
179.986
173.579
211.44
251.048
252.796
206.78
154.357
136.883
166.589
213.187
233.574
221.925
199.79
188.141
186.393
205.615
230.079
252.213
258.038
217.847
186.393
213.77
270.853
311.044
292.987
245.806
225.419
245.224
276.095
294.734
295.899
280.755
265.028
269.105
297.647
309.879
287.745
275.513
275.513
273.183
253.378
229.497
244.059
285.997
325.023
329.683
285.415
227.167
230.662
315.704
397.251
382.106
284.25
245.224
311.626
385.019
389.678
357.06
351.235
350.07
321.528
298.229
298.812
301.142
300.559
295.899
278.425
220.76
143.29
118.826
154.939
155.522
83.2945
-11.6496
-78.0522
-106.594
-114.166
-109.506
-125.233
-196.878
-288.327
-325.606
-306.966
-297.064
-336.673
-394.921
-428.122
-450.256
-474.138
-477.05
-467.148
-467.148
-491.03
-525.979
-553.355
-568.5
-557.432
-529.473
-517.824
-545.783
-588.304
-607.526
-592.381
-567.917
-549.86
-544.618
-576.072
-625
-635.485
-594.711
-535.881
-513.164
-531.803
-547.53
-537.046
-509.087
-474.138
-442.684
-425.792
-412.395
-404.24
-393.173
-358.807
-298.812
-237.069
-203.868
-200.955
-191.053
-154.939
-99.6039
-49.5107
-15.7269
17.4744
44.2684
56.5005
85.6244
140.377
199.79
235.322
237.651
235.904
255.708
297.064
343.08
379.194
404.24
418.802
430.452
445.014
468.896
499.767
523.066
523.649
505.592
495.69
508.504
532.386
551.608
553.355
538.211
523.066
505.009
486.37
476.468
473.555
465.983
446.179
418.22
403.075
404.24
405.405
383.271
345.993
319.781
306.384
291.822
267.358
253.378
251.048
252.796
252.213
238.234
227.749
228.332
234.739
252.796
265.028
249.884
221.342
220.177
265.61
313.956
312.791
274.348
261.533
291.822
317.451
299.977
267.358
266.775
283.085
279.59
255.126
220.177
189.306
161.929
127.563
100.186
71.0624
13.397
-61.1603
-120.573
-143.872
-153.774
-204.45
-309.879
-413.56
-456.664
-447.926
-461.906
-545.2
-649.464
-698.975
-697.81
-705.382
-750.815
-797.414
-810.228
-819.548
-845.177
-856.244
-837.605
-815.471
-819.548
-828.285
-799.744
-745.573
-721.109
-740.331
-736.836
-662.861
-576.072
-555.103
-579.567
-563.257
-475.303
-386.184
-366.379
-381.524
-358.225
-293.569
-235.904
-206.198
-186.976
-159.017
-132.805
-118.243
-94.9441
-51.8406
-15.7269
-7.57223
-15.7269
1.16496
50.0932
87.9543
88.5368
69.8975
82.712
142.707
187.558
183.481
169.501
190.471
244.059
281.92
285.997
299.977
346.575
392.008
405.405
412.395
445.014
490.447
517.241
523.649
532.968
558.597
585.391
592.964
594.129
608.691
623.253
622.088
604.613
595.876
612.185
625
605.196
564.422
536.463
535.881
535.881
507.339
468.313
438.607
417.055
392.008
353.565
315.121
290.075
265.61
228.914
186.393
145.62
121.738
110.089
92.6142
66.4026
36.1137
12.8145
-3.49487
-21.5517
-37.2787
-43.1034
-40.7735
-31.4539
-40.1911
-66.4026
-71.6449
-48.3458
-23.2992
-26.2116
-51.8406
-49.5107
-11.0671
12.8145
-1.74744
-20.9692
-4.07735
32.0363
36.1137
16.3094
8.73719
14.562
16.3094
5.82479
-9.31966
-19.2218
-47.7633
-101.351
-140.377
-151.445
-150.28
-166.589
-224.837
-301.142
-350.07
-360.555
-362.884
-404.24
-470.061
-509.669
-523.649
-548.695
-595.294
-628.495
-622.088
-620.34
-661.114
-700.14
-691.985
-659.366
-647.134
-659.366
-655.289
-620.923
-585.974
-571.994
-564.422
-535.881
-490.447
-463.653
-443.267
-412.395
-368.709
-305.801
-251.631
-231.827
-212.605
-169.501
-120.573
-72.8099
-46.5983
-34.9487
-5.24231
30.2889
47.1808
62.3253
96.109
135.718
163.677
176.491
188.141
212.022
244.641
263.863
265.028
283.085
304.637
309.296
319.199
337.838
364.632
394.921
403.658
396.086
408.318
435.694
453.169
455.499
454.334
457.246
464.236
468.313
468.896
471.226
470.061
460.741
439.772
425.21
422.88
412.978
398.416
381.524
351.235
318.616
298.229
277.26
251.048
227.167
203.285
174.744
148.532
122.321
97.274
91.4492
78.6347
44.2684
22.1342
16.8919
6.98975
-4.65983
-16.3094
-26.794
-21.5517
-20.9692
-29.7064
-23.2992
-2.9124
4.07735
1.74744
7.57223
16.8919
29.124
39.6086
61.1603
87.3719
92.6142
76.3048
80.9646
115.913
137.465
118.826
87.3719
90.8667
115.331
111.836
80.3821
57.0829
63.4902
72.8099
60.5778
23.2992
-18.0568
-34.9487
-36.1137
-52.4231
-99.0214
-159.017
-196.878
-206.198
-226.584
-269.688
-305.219
-321.528
-342.498
-375.116
-403.075
-413.56
-415.89
-434.529
-461.323
-470.061
-458.993
-448.509
-456.081
-461.906
-450.256
-437.442
-421.132
-410.065
-398.998
-373.369
-351.235
-339.003
-319.781
-294.734
-272.6
-258.621
-256.291
-248.136
-225.419
-199.208
-188.141
-191.636
-184.063
-167.171
-153.774
-152.61
-149.697
-132.223
-109.506
-96.109
-92.6142
-94.9441
-88.5368
-64.6552
-37.2787
-18.6393
-12.8145
-10.4846
4.07735
23.8816
47.1808
73.3924
91.4492
106.594
125.815
149.697
177.074
209.11
238.234
256.291
270.853
288.91
312.791
341.915
369.292
385.601
394.921
404.24
416.473
436.859
454.334
458.411
452.586
446.179
443.849
442.102
442.102
438.024
424.627
410.648
386.766
356.477
341.915
329.101
310.461
280.755
242.894
208.527
181.151
154.357
127.563
108.341
87.9543
54.753
21.5517
1.16496
-10.4846
-18.0568
-26.2116
-38.4436
-58.8304
-79.7996
-84.4595
-71.0624
-49.5107
-37.8611
-40.7735
-34.9487
-15.7269
5.82479
23.8816
41.9385
66.9851
93.1966
104.264
99.0214
111.253
149.115
176.491
169.501
146.202
142.125
154.939
159.017
139.795
121.738
120.573
108.341
71.0624
32.0363
9.90214
-1.74744
-22.1342
-65.2377
-120.573
-164.259
-193.383
-216.1
-243.476
-287.162
-330.266
-364.049
-396.668
-428.122
-456.664
-470.061
-485.205
-516.076
-545.783
-560.345
-555.685
-553.355
-567.335
-575.489
-572.577
-570.247
-563.84
-545.783
-527.144
-510.252
-491.03
-477.05
-461.323
-440.354
-417.055
-383.854
-348.322
-327.353
-309.296
-279.59
-239.981
-199.208
-159.017
-125.815
-110.089
-93.7791
-54.1705
-4.65983
41.356
72.8099
90.2842
117.661
157.269
193.966
225.419
259.203
286.58
308.131
329.101
349.487
381.524
418.802
446.179
453.751
453.751
459.576
472.973
486.37
494.525
493.942
488.7
482.293
475.303
471.808
469.478
458.993
433.364
409.483
389.096
369.874
354.73
340.168
319.199
294.734
276.678
254.543
230.079
207.363
189.888
174.161
153.192
119.991
95.5266
96.109
92.0317
75.1398
46.0158
23.8816
10.4846
-6.40727
-13.9795
-13.9795
-12.2321
-23.2992
-40.7735
-48.9282
-55.918
-63.4902
-71.6449
-68.7325
-68.7325
-79.7996
-90.8667
-87.9543
-79.2171
-73.3924
-72.2274
-73.3924
-71.6449
-78.0522
-86.7894
-80.9646
-65.8201
-69.315
-92.6142
-102.516
-79.7996
-48.3458
-45.4334
-71.6449
-88.5368
-81.5471
-78.6347
-89.1193
-104.264
-101.351
-98.439
-112.418
-140.96
-161.929
-156.687
-140.96
-136.883
-164.259
-197.46
-219.012
-219.595
-216.682
-224.837
-240.564
-242.894
-250.466
-274.93
-284.832
-279.007
-259.786
-262.698
-280.755
-283.667
-270.27
-257.456
-259.786
-255.708
-236.486
-216.682
-209.692
-205.033
-186.393
-151.445
-125.233
-110.089
-99.0214
-78.6347
-39.0261
-15.7269
-6.40727
7.57223
32.6188
59.4129
74.5573
83.877
97.8565
117.078
133.97
146.785
159.599
175.326
185.811
189.306
182.898
185.228
199.208
215.517
217.847
203.868
196.878
202.703
207.945
206.78
206.198
203.285
196.295
186.393
172.414
171.249
184.063
187.558
175.326
160.764
149.115
147.95
154.357
150.28
138.63
128.728
117.661
104.264
104.264
104.264
107.759
101.351
76.8872
57.0829
55.3355
60.5778
53.0056
36.1137
18.6393
10.4846
3.49487
0
-4.65983
-6.98975
-9.90214
-22.7167
-34.3663
-39.6086
-40.7735
-43.1034
-44.8509
-52.4231
-64.0727
-75.1398
-84.4595
-93.7791
-103.099
-111.253
-120.573
-121.156
-118.826
-124.651
-126.398
-125.815
-129.893
-131.058
-136.3
-147.367
-146.202
-139.212
-137.465
-130.475
-110.671
-87.9543
-78.0522
-82.712
-79.2171
-57.0829
-36.1137
-33.2013
-40.1911
-32.6188
-11.6496
9.90214
20.3868
43.6859
73.9748
89.1193
90.8667
86.2069
90.2842
107.759
125.233
126.398
121.738
126.398
135.135
143.872
147.367
142.125
135.135
136.3
126.398
104.846
96.6915
97.274
96.109
84.4595
60.5778
36.6962
34.3663
37.8611
25.6291
7.57223
-5.24231
-19.8043
-36.1137
-47.7633
-53.5881
-53.5881
-57.6654
-80.9646
-109.506
-116.496
-108.924
-113.583
-125.233
-131.64
-137.465
-136.883
-139.212
-150.28
-151.445
-145.037
-150.28
-163.094
-168.919
-161.929
-146.785
-134.553
-136.3
-141.542
-126.398
-101.934
-89.1193
-76.8872
-62.3253
-51.2582
-36.6962
-29.7064
-26.2116
-2.9124
31.4539
45.4334
44.8509
50.6757
61.7428
80.9646
99.6039
104.846
107.759
110.089
101.934
92.0317
92.6142
100.186
104.264
96.109
79.2171
64.0727
63.4902
62.9077
50.0932
39.6086
29.124
18.6393
6.98975
-7.57223
-16.8919
-18.6393
-22.7167
-33.7838
-51.2582
-57.6654
-48.9282
-39.6086
-36.1137
-41.356
-46.5983
-40.7735
-27.3765
-19.2218
-11.6496
-1.74744
2.9124
6.98975
13.397
21.5517
39.0261
61.1603
73.3924
80.3821
85.0419
92.0317
108.924
122.321
129.31
139.212
156.104
163.677
162.512
164.259
176.491
189.306
192.218
181.151
173.579
184.646
192.218
185.811
170.666
159.599
154.939
143.872
125.815
106.011
92.0317
82.1295
68.7325
47.7633
26.794
8.15471
-5.24231
-22.1342
-47.1808
-71.6449
-94.3616
-110.671
-132.223
-153.192
-159.599
-160.764
-172.414
-199.79
-216.682
-211.44
-199.208
-200.955
-217.265
-223.672
-213.77
-209.11
-207.363
-200.955
-188.723
-173.579
-161.347
-154.939
-142.125
-121.156
-104.846
-95.5266
-87.3719
-72.8099
-50.0932
-31.4539
-23.2992
-23.2992
-14.562
6.98975
23.2992
24.4641
25.0466
35.5312
49.5107
53.0056
50.6757
47.7633
50.0932
54.753
47.7633
44.8509
50.0932
55.3355
53.0056
47.7633
41.9385
35.5312
33.7838
30.2889
22.1342
20.9692
19.8043
13.9795
9.31966
4.07735
0
-1.16496
-9.90214
-20.3868
-26.2116
-22.1342
-19.2218
-19.2218
-19.2218
-20.9692
-16.8919
-13.397
-13.9795
-13.397
-8.73719
-5.82479
-5.82479
-6.40727
-6.98975
-9.90214
-10.4846
-11.0671
-11.6496
-7.57223
-0.582479
2.32992
0.582479
2.9124
11.6496
20.9692
27.959
32.0363
39.6086
53.0056
59.4129
58.8304
55.918
58.2479
59.9953
64.6552
68.15
66.9851
66.4026
63.4902
62.3253
61.7428
57.0829
50.6757
43.1034
40.7735
40.7735
36.1137
28.5415
26.2116
23.2992
25.6291
29.124
21.5517
5.24231
-9.31966
-13.9795
-9.31966
-6.98975
-15.7269
-29.7064
-34.9487
-33.2013
-37.2787
-41.9385
-38.4436
-28.5415
-25.6291
-33.2013
-44.2684
-46.0158
-33.7838
-26.794
-29.7064
-34.9487
-39.0261
-37.2787
-30.2889
-25.0466
-23.8816
-20.9692
-21.5517
-20.3868
-12.2321
1.74744
18.6393
23.8816
27.3765
30.2889
32.0363
45.4334
52.4231
53.0056
59.4129
61.1603
63.4902
66.4026
62.9077
58.8304
58.2479
54.753
48.9282
43.6859
39.0261
28.5415
13.397
-0.582479
-7.57223
-14.562
-27.3765
-42.521
-58.8304
-61.7428
-62.9077
-73.9748
-77.4697
-79.7996
-79.2171
-73.3924
-69.315
-68.15
-65.8201
-65.8201
-65.8201
-62.9077
-53.0056
-38.4436
-26.2116
-19.2218
-13.397
-11.6496
-4.07735
6.98975
9.31966
10.4846
11.0671
6.98975
9.31966
10.4846
10.4846
12.2321
4.65983
-6.98975
-12.2321
-15.1445
-19.8043
-27.959
-47.1808
-65.8201
-72.2274
-73.9748
-74.5573
-80.3821
-91.4492
-100.186
-108.924
-106.594
-97.8565
-93.1966
-87.3719
-89.7018
-90.2842
-85.6244
-73.9748
-63.4902
-57.0829
-52.4231
-45.4334
-35.5312
-22.7167
-12.8145
-1.74744
12.2321
29.124
46.0158
55.918
61.1603
69.8975
79.7996
87.9543
93.1966
99.6039
102.516
100.769
103.099
107.759
117.661
122.321
122.321
118.243
114.748
115.913
116.496
118.243
117.078
107.759
96.109
94.3616
101.351
109.506
109.506
105.429
102.516
99.0214
94.3616
94.3616
103.099
111.836
117.078
111.836
103.099
106.011
120.573
135.718
139.795
140.377
137.465
135.135
138.63
146.785
156.104
160.182
153.774
141.542
140.96
149.697
157.269
150.862
139.795
125.815
114.166
103.681
91.4492
76.3048
58.8304
39.6086
16.3094
-4.07735
-18.0568
-29.7064
-45.4334
-71.6449
-99.6039
-128.145
-146.202
-160.182
-178.239
-199.208
-226.002
-249.884
-266.775
-276.095
-277.842
-281.337
-287.745
-295.899
-304.054
-306.384
-302.889
-297.647
-297.064
-298.812
-298.229
-292.987
-281.92
-267.94
-253.961
-245.806
-239.399
-231.827
-223.089
-209.692
-193.966
-184.646
-180.568
-175.909
-170.084
-158.434
-142.707
-133.97
-129.893
-127.563
-118.826
-105.429
-99.6039
-94.9441
-89.1193
-86.7894
-86.2069
-83.2945
-73.9748
-62.3253
-51.2582
-46.0158
-41.9385
-30.8714
-13.9795
-0.582479
6.40727
13.397
25.6291
39.0261
51.8406
64.0727
76.8872
93.7791
107.176
119.991
139.212
161.929
186.393
199.79
212.022
230.662
248.719
267.358
278.425
285.997
296.482
306.384
315.704
323.858
330.848
342.498
353.565
359.972
362.884
364.632
368.127
366.379
362.884
354.147
352.4
350.652
340.168
323.858
304.054
291.822
284.25
270.27
252.213
236.486
228.914
221.925
206.198
190.471
179.404
167.171
149.115
129.893
113.583
104.264
94.9441
75.1398
48.3458
26.794
15.1445
6.98975
-7.57223
-27.959
-46.5983
-59.9953
-75.7223
-96.109
-111.836
-122.321
-132.805
-148.532
-170.084
-188.141
-205.033
-220.76
-242.311
-262.698
-279.007
-293.569
-306.384
-321.528
-334.925
-344.828
-352.982
-364.049
-377.446
-390.261
-395.503
-399.581
-404.24
-410.648
-419.385
-417.637
-410.648
-404.24
-391.426
-379.194
-371.622
-366.962
-366.379
-353.565
-336.09
-313.374
-294.734
-280.172
-262.698
-244.059
-216.682
-191.636
-167.171
-147.367
-132.805
-116.496
-103.681
-87.9543
-68.7325
-51.8406
-38.4436
-22.1342
-6.40727
11.0671
30.8714
41.9385
50.6757
55.918
61.7428
69.8975
75.1398
82.1295
91.4492
99.0214
107.176
112.418
123.486
138.63
156.104
176.491
192.801
207.363
218.43
234.157
246.971
263.281
281.92
300.559
316.286
328.518
340.75
354.73
372.204
386.766
396.086
399.581
401.328
405.405
409.483
414.143
413.56
409.483
403.075
393.173
383.854
375.116
361.137
347.158
330.266
309.879
288.91
272.018
253.961
234.157
212.022
189.888
173.579
154.939
132.805
108.924
87.3719
64.0727
43.1034
23.2992
6.98975
-5.24231
-18.6393
-31.4539
-47.7633
-61.7428
-75.1398
-89.7018
-102.516
-113.001
-117.661
-122.321
-128.728
-140.96
-149.115
-154.939
-161.929
-167.754
-179.986
-189.888
-197.46
-209.11
-214.935
-218.43
-224.254
-232.409
-246.971
-260.951
-266.193
-269.688
-276.678
-285.997
-297.064
-306.966
-315.121
-319.199
-323.276
-325.023
-328.518
-332.596
-335.508
-336.09
-332.013
-326.771
-321.528
-316.869
-309.879
-298.229
-288.327
-280.172
-272.018
-265.61
-255.708
-242.894
-228.914
-212.605
-194.548
-178.239
-162.512
-147.95
-135.135
-117.661
-102.516
-82.712
-64.0727
-44.8509
-23.2992
-6.98975
6.40727
16.3094
33.2013
54.753
76.3048
94.9441
111.836
127.563
140.96
152.61
166.589
179.986
188.723
195.713
202.703
209.692
217.265
223.672
228.332
235.322
241.146
249.301
255.126
255.708
255.126
252.796
252.796
252.213
253.378
258.038
258.621
260.368
261.533
262.116
259.203
251.048
242.894
235.904
227.749
220.76
216.1
210.275
205.033
198.625
192.801
184.063
174.744
158.434
147.95
140.377
133.388
129.893
119.991
110.089
101.351
93.7791
87.9543
75.7223
66.9851
55.918
38.4436
27.3765
16.8919
5.82479
0
-6.40727
-11.6496
-15.1445
-22.1342
-25.6291
-28.5415
-30.8714
-32.6188
-33.7838
-35.5312
-40.7735
-44.8509
-48.9282
-54.753
-57.0829
-56.5005
-59.9953
-64.0727
-68.15
-72.2274
-75.7223
-78.6347
-80.3821
-82.712
-85.6244
-88.5368
-91.4492
-94.9441
-100.769
-104.264
-110.089
-113.583
-117.078
-125.815
-135.135
-143.872
-149.697
-154.357
-160.182
-166.589
-175.909
-181.733
-186.976
-193.383
-196.295
-202.703
-202.703
-200.373
-196.295
-196.878
-202.12
-207.363
-212.605
-213.77
-209.692
-204.45
-198.043
-189.888
-183.481
-179.404
-174.161
-168.336
-159.599
-147.95
-138.63
-133.97
-129.893
-128.728
-127.563
-124.651
-122.903
-119.408
-116.496
-115.913
-117.078
-114.748
-108.924
-101.351
-91.4492
-78.0522
-65.8201
-53.5881
-43.6859
-34.9487
-25.0466
-16.8919
-6.40727
6.40727
16.3094
25.6291
33.7838
38.4436
50.0932
62.3253
73.9748
89.1193
104.264
118.826
135.135
151.445
170.666
189.888
206.198
222.507
238.816
253.961
267.358
279.007
290.657
299.394
308.714
318.616
330.266
342.498
352.4
359.972
366.379
372.787
376.281
379.194
383.854
387.349
387.931
384.436
382.106
378.611
369.874
355.895
335.508
312.209
290.657
272.018
252.796
237.069
220.76
200.955
184.063
172.414
159.599
145.037
124.651
101.351
79.7996
54.1705
30.8714
11.0671
-9.90214
-29.124
-48.9282
-67.5676
-84.4595
-98.439
-112.418
-126.398
-140.377
-156.687
-171.249
-181.151
-192.801
-203.868
-217.847
-231.244
-241.146
-252.796
-263.863
-272.018
-284.832
-293.569
-301.142
-306.384
-308.714
-311.044
-311.626
-316.286
-320.946
-323.276
-326.771
-325.606
-325.023
-327.353
-327.936
-328.518
-328.518
-323.276
-322.111
-323.858
-325.606
-328.518
-325.023
-322.693
-315.121
-303.472
-297.647
-292.987
-287.162
-280.755
-272.6
-263.863
-254.543
-247.554
-240.564
-231.827
-220.76
-207.945
-193.383
-177.656
-162.512
-146.785
-126.398
-106.594
-89.7018
-69.315
-52.4231
-33.2013
-13.397
5.24231
27.3765
47.7633
68.15
87.9543
106.594
125.233
143.29
164.842
186.393
206.198
227.167
246.971
262.698
284.832
303.472
320.363
339.585
353.565
367.544
380.359
388.514
397.251
404.24
406.57
411.23
414.143
412.978
416.473
418.22
418.22
419.967
416.473
409.483
403.075
392.008
378.611
366.379
355.312
343.663
330.266
316.869
306.966
294.152
281.337
266.193
249.301
234.157
215.517
196.295
180.568
162.512
145.037
129.893
113.001
99.0214
87.3719
72.8099
56.5005
37.8611
15.7269
-3.49487
-21.5517
-38.4436
-54.753
-74.5573
-92.6142
-105.429
-115.331
-122.903
-131.64
-145.037
-157.852
-174.744
-192.218
-204.45
-218.43
-230.662
-239.399
-250.466
-258.038
-260.368
-268.523
-272.018
-274.93
-281.337
-287.162
-291.822
-296.482
-297.064
-297.064
-298.229
-298.229
-300.559
-304.054
-304.637
-304.637
-305.801
-308.714
-310.461
-309.296
-308.714
-309.296
-306.966
-302.307
-297.647
-291.822
-287.162
-281.337
-275.513
-273.765
-267.358
-261.533
-254.543
-246.389
-238.234
-226.584
-212.605
-199.208
-184.063
-170.084
-159.599
-146.202
-132.805
-118.826
-102.516
-85.6244
-67.5676
-46.0158
-22.7167
0.582479
20.9692
37.8611
55.918
74.5573
91.4492
108.341
125.233
140.377
157.269
173.579
189.888
204.45
216.1
228.914
245.224
259.203
274.93
287.745
294.152
299.394
305.801
309.296
313.956
318.616
319.781
320.946
322.111
322.693
320.946
318.616
316.869
314.539
312.209
307.549
301.142
295.899
292.404
288.327
281.337
273.183
263.863
255.126
246.389
237.651
228.914
217.847
209.692
202.703
192.801
182.316
168.919
153.774
140.96
126.98
115.331
102.516
91.4492
83.877
74.5573
62.3253
50.0932
35.5312
22.7167
12.8145
2.32992
-9.31966
-22.7167
-37.8611
-50.0932
-58.8304
-67.5676
-75.7223
-87.9543
-99.0214
-110.671
-119.408
-129.893
-141.542
-152.027
-162.512
-170.084
-178.239
-185.228
-191.053
-198.043
-205.033
-209.692
-213.77
-216.682
-221.925
-224.837
-227.167
-230.662
-233.574
-234.157
-232.409
-230.662
-229.497
-226.584
-223.089
-221.342
-218.43
-216.682
-213.187
-207.363
-202.703
-199.208
-197.46
-193.966
-190.471
-186.393
-179.404
-170.666
-164.259
-161.347
-158.434
-154.939
-150.862
-149.115
-144.455
-137.465
-129.31
-122.321
-114.166
-104.846
-99.0214
-96.109
-93.1966
-91.4492
-86.7894
-82.1295
-73.9748
-64.0727
-56.5005
-51.2582
-44.8509
-37.8611
-28.5415
-20.9692
-16.3094
-11.0671
-5.82479
0.582479
11.0671
19.8043
28.5415
37.2787
43.6859
53.0056
64.6552
74.5573
81.5471
90.8667
99.6039
108.341
118.243
129.31
143.29
154.357
166.007
177.074
186.976
198.043
207.363
217.265
227.749
236.486
246.971
255.126
263.281
271.435
275.513
279.59
285.997
291.24
297.647
300.559
302.307
306.384
305.801
304.054
301.142
297.647
293.569
286.58
280.172
275.513
266.775
256.873
246.389
235.322
223.672
207.945
192.218
177.656
160.764
143.872
125.815
107.759
88.5368
70.48
53.0056
36.1137
18.0568
-1.16496
-20.9692
-39.6086
-55.3355
-71.6449
-90.8667
-108.924
-124.068
-138.048
-152.61
-163.677
-174.744
-184.063
-196.295
-207.945
-216.1
-224.254
-231.827
-239.981
-245.224
-251.631
-255.126
-259.203
-260.368
-258.038
-259.203
-260.368
-262.698
-262.116
-259.786
-256.291
-251.631
-249.301
-248.719
-245.224
-239.981
-235.322
-228.332
-224.837
-220.177
-213.77
-205.615
-198.043
-192.801
-188.141
-183.481
-178.821
-170.666
-163.094
-154.939
-149.697
-145.037
-139.795
-133.97
-129.31
-123.486
-114.748
-108.341
-101.351
-96.109
-88.5368
-80.3821
-72.2274
-65.2377
-58.2479
-46.0158
-35.5312
-26.794
-17.4744
-10.4846
0
10.4846
21.5517
35.5312
49.5107
63.4902
76.8872
87.9543
100.186
113.001
126.98
138.63
149.697
161.929
170.084
179.404
189.888
200.373
208.527
216.1
224.837
232.992
239.399
245.224
251.631
255.126
257.456
260.368
262.116
262.698
266.193
265.028
262.116
260.951
255.708
253.961
249.884
247.554
245.224
238.816
235.904
230.662
225.419
221.342
214.935
209.11
202.12
192.801
182.898
174.161
162.512
150.862
139.795
131.058
120.573
110.089
99.0214
85.0419
75.1398
61.7428
46.5983
33.7838
19.2218
4.07735
-9.90214
-24.4641
-39.0261
-54.753
-72.2274
-86.2069
-97.274
-111.253
-121.156
-134.553
-145.037
-154.939
-167.754
-176.491
-185.228
-195.13
-202.12
-210.857
-219.595
-226.002
-235.904
-239.981
-242.311
-245.806
-245.806
-247.554
-248.136
-247.554
-247.554
-245.224
-244.641
-242.894
-242.311
-239.399
-237.069
-232.409
-230.079
-226.584
-225.419
-223.672
-220.76
-217.265
-210.857
-206.78
-200.955
-195.13
-187.558
-181.151
-173.579
-163.677
-156.104
-147.367
-139.212
-129.893
-118.826
-107.759
-97.274
-81.5471
-67.5676
-57.6654
-46.0158
-33.2013
-20.9692
-7.57223
5.82479
18.6393
33.2013
46.0158
58.2479
72.2274
86.2069
99.0214
111.836
124.651
136.883
149.697
161.929
174.744
187.558
198.625
207.363
216.682
225.419
233.574
242.311
248.136
255.126
259.203
263.281
267.358
269.688
274.348
277.26
280.172
279.59
277.842
272.018
265.61
258.621
251.631
245.806
238.234
229.497
217.847
207.363
198.625
188.723
179.404
168.336
157.269
145.62
135.718
128.145
118.243
107.759
94.3616
78.0522
62.9077
48.3458
33.7838
20.3868
6.40727
-8.73719
-19.8043
-31.4539
-40.1911
-46.5983
-56.5005
-66.4026
-74.5573
-86.2069
-96.109
-107.759
-118.243
-126.398
-135.718
-143.872
-149.115
-154.939
-161.347
-167.754
-175.909
-182.898
-188.141
-195.13
-200.955
-207.363
-214.352
-219.012
-225.419
-230.662
-235.322
-238.816
-240.564
-240.564
-239.399
-233.574
-228.332
-221.342
-213.187
-206.198
-199.208
-192.801
-188.141
-181.733
-177.074
-169.501
-158.434
-149.115
-137.465
-125.233
-115.913
-107.176
-98.439
-90.8667
-82.712
-72.8099
-62.3253
-50.0932
-36.6962
-25.0466
-11.0671
1.74744
15.1445
29.124
39.0261
48.9282
59.4129
68.15
79.7996
90.8667
101.934
114.166
124.651
135.135
145.037
153.192
159.017
161.347
160.182
161.347
164.259
164.259
166.007
167.171
167.754
169.501
168.919
170.084
169.501
170.084
171.831
170.666
168.919
163.677
157.269
147.367
136.3
125.233
117.078
108.924
102.516
98.439
90.2842
86.2069
79.7996
72.8099
64.6552
54.1705
46.0158
38.4436
29.7064
20.9692
11.0671
5.24231
-1.16496
-8.15471
-13.9795
-19.8043
-22.7167
-30.2889
-35.5312
-37.2787
-37.8611
-37.2787
-34.9487
-34.9487
-33.2013
-33.2013
-34.9487
-38.4436
-41.356
-43.1034
-42.521
-44.8509
-43.6859
-41.9385
-43.1034
-43.1034
-44.8509
-45.4334
-48.3458
-52.4231
-50.6757
-50.0932
-53.0056
-53.5881
-52.4231
-51.2582
-50.6757
-51.8406
-53.0056
-53.0056
-50.6757
-49.5107
-48.3458
-46.5983
-41.9385
-39.0261
-36.1137
-32.6188
-32.0363
-32.6188
-33.2013
-36.1137
-37.8611
-35.5312
-34.3663
-33.7838
-30.8714
-28.5415
-25.6291
-27.3765
-30.2889
-32.6188
-34.9487
-33.2013
-30.8714
-27.3765
-25.6291
-22.7167
-19.8043
-18.6393
-16.8919
-14.562
-11.0671
-4.65983
2.32992
7.57223
11.0671
13.397
17.4744
18.6393
18.0568
17.4744
19.2218
20.3868
18.6393
20.3868
19.8043
23.2992
26.794
24.4641
26.794
22.7167
19.8043
20.9692
18.6393
17.4744
16.8919
13.397
13.397
16.8919
13.397
13.9795
9.90214
7.57223
8.73719
9.31966
11.0671
11.6496
13.397
14.562
16.8919
15.7269
13.9795
11.6496
5.82479
2.9124
2.32992
1.74744
4.65983
3.49487
1.74744
2.32992
2.9124
4.07735
5.82479
6.98975
5.82479
9.31966
11.6496
13.397
13.397
9.31966
5.82479
4.07735
2.9124
1.74744
1.16496
0
2.32992
3.49487
5.82479
10.4846
8.73719
7.57223
5.82479
4.07735
7.57223
9.90214
11.6496
10.4846
7.57223
5.82479
4.65983
3.49487
2.32992
2.32992
4.07735
7.57223
9.31966
9.31966
7.57223
3.49487
0.582479
0.582479
0
1.16496
-0.582479
-2.32992
-2.9124
-3.49487
-1.16496
-2.9124
-5.24231
-7.57223
-11.0671
-9.90214
-8.15471
-9.31966
-8.73719
-9.31966
-10.4846
-9.90214
-11.0671
-13.397
-16.8919
-20.9692
-21.5517
-20.3868
-20.9692
-22.1342
-24.4641
-25.6291
-26.794
-28.5415
-29.124
-30.2889
-30.8714
-31.4539
-27.959
-26.2116
-26.2116
-26.2116
-25.6291
-27.3765
-24.4641
-20.9692
-20.3868
-18.0568
-16.8919
-17.4744
-18.0568
-20.9692
-23.2992
-25.0466
-25.6291
-23.2992
-22.1342
-18.0568
-14.562
-13.9795
-11.0671
-7.57223
-4.65983
0
3.49487
8.15471
12.2321
13.9795
14.562
14.562
16.8919
20.3868
24.4641
26.2116
29.124
31.4539
33.7838
36.6962
39.6086
43.6859
47.1808
49.5107
53.0056
55.918
54.753
54.753
53.5881
56.5005
61.1603
65.2377
68.7325
68.15
65.2377
64.0727
61.7428
62.9077
62.9077
60.5778
60.5778
59.4129
58.8304
54.753
51.2582
47.7633
44.8509
43.6859
41.356
37.8611
33.7838
28.5415
22.1342
17.4744
16.3094
13.397
8.15471
2.9124
-4.07735
-12.2321
-15.7269
-20.9692
-24.4641
-30.8714
-36.1137
-39.6086
-45.4334
-47.1808
-53.0056
-54.753
-55.918
-56.5005
-55.918
-59.4129
-63.4902
-64.6552
-68.7325
-72.2274
-74.5573
-78.6347
-80.9646
-84.4595
-83.2945
-79.7996
-79.2171
-78.0522
-76.3048
-76.3048
-71.0624
-65.2377
-59.9953
-56.5005
-56.5005
-55.3355
-55.918
-54.1705
-51.8406
-50.6757
-46.0158
-43.1034
-40.1911
-37.2787
-36.6962
-35.5312
-35.5312
-33.2013
-28.5415
-22.1342
-20.3868
-18.6393
-17.4744
-17.4744
-13.397
-12.8145
-9.31966
-5.24231
-1.16496
1.74744
2.9124
3.49487
5.82479
6.98975
8.73719
15.7269
20.3868
25.0466
26.2116
25.0466
25.6291
27.959
31.4539
35.5312
37.8611
39.6086
41.356
43.6859
48.3458
53.0056
56.5005
60.5778
66.4026
70.48
73.3924
74.5573
73.9748
73.3924
73.3924
75.1398
77.4697
79.7996
81.5471
85.6244
88.5368
92.6142
97.8565
100.769
103.099
104.264
106.011
103.681
98.439
92.0317
82.712
74.5573
72.8099
71.6449
71.0624
72.2274
67.5676
63.4902
58.2479
49.5107
45.4334
38.4436
29.124
23.2992
14.562
8.15471
-1.16496
-12.2321
-19.2218
-24.4641
-27.959
-30.2889
-34.3663
-39.6086
-45.4334
-50.6757
-58.2479
-66.4026
-75.1398
-83.877
-90.2842
-96.6915
-102.516
-104.846
-107.759
-107.176
-106.011
-106.594
-102.516
-104.264
-106.594
-108.924
-112.418
-110.671
-107.759
-104.264
-103.099
-103.099
-100.186
-98.439
-95.5266
-91.4492
-88.5368
-88.5368
-86.7894
-80.9646
-73.9748
-66.9851
-62.3253
-59.9953
-56.5005
-52.4231
-46.0158
-40.7735
-39.6086
-36.1137
-29.124
-23.2992
-16.3094
-11.0671
-6.40727
-1.74744
1.16496
4.65983
7.57223
8.15471
11.6496
18.0568
23.8816
29.124
32.6188
36.1137
40.1911
43.6859
47.1808
51.2582
52.4231
54.1705
55.918
58.8304
64.6552
69.315
71.0624
72.2274
72.8099
73.9748
75.7223
75.7223
75.7223
78.0522
79.7996
83.877
86.2069
87.9543
89.1193
89.1193
89.1193
87.9543
86.2069
83.2945
83.2945
82.712
81.5471
80.3821
77.4697
74.5573
68.15
62.9077
61.1603
56.5005
51.2582
49.5107
46.0158
44.2684
42.521
43.1034
42.521
39.0261
37.2787
35.5312
29.7064
22.7167
16.3094
9.31966
3.49487
-1.74744
-4.07735
-8.15471
-13.397
-14.562
-18.0568
-19.2218
-19.2218
-21.5517
-24.4641
-26.794
-29.124
-32.6188
-40.1911
-46.5983
-51.8406
-54.1705
-57.0829
-58.2479
-59.4129
-61.1603
-62.9077
-63.4902
-61.7428
-58.8304
-57.0829
-55.3355
-57.0829
-60.5778
-65.2377
-70.48
-72.2274
-73.9748
-73.9748
-73.9748
-72.2274
-71.6449
-71.0624
-70.48
-67.5676
-66.9851
-66.9851
-64.0727
-62.3253
-65.2377
-66.9851
-68.7325
-69.8975
-64.0727
-58.2479
-53.5881
-50.6757
-46.5983
-42.521
-39.0261
-34.9487
-33.2013
-30.2889
-26.2116
-22.1342
-19.2218
-18.6393
-16.8919
-17.4744
-16.3094
-12.2321
-9.31966
-8.73719
-9.31966
-5.82479
0.582479
7.57223
15.1445
21.5517
27.959
33.7838
36.6962
36.1137
36.1137
34.9487
33.2013
35.5312
40.1911
46.0158
50.6757
50.0932
51.8406
53.5881
53.0056
53.0056
53.0056
56.5005
59.4129
61.7428
65.2377
70.48
73.9748
73.3924
71.0624
69.315
67.5676
66.9851
65.8201
65.8201
66.4026
67.5676
68.7325
67.5676
65.2377
62.9077
57.6654
51.8406
50.0932
53.5881
57.0829
59.9953
64.6552
70.48
73.9748
71.6449
68.15
59.9953
53.0056
46.0158
37.8611
33.2013
26.2116
20.9692
17.4744
15.1445
12.2321
9.90214
5.82479
4.65983
4.65983
6.40727
9.31966
9.31966
6.98975
5.82479
4.07735
-0.582479
-6.40727
-13.397
-20.3868
-28.5415
-37.8611
-43.6859
-49.5107
-55.3355
-59.9953
-62.9077
-66.9851
-70.48
-74.5573
-76.8872
-76.8872
-80.9646
-81.5471
-83.2945
-83.877
-83.877
-85.6244
-87.9543
-90.2842
-90.8667
-91.4492
-90.2842
-90.8667
-92.6142
-93.1966
-94.9441
-95.5266
-96.109
-97.8565
-99.0214
-99.6039
-100.769
-99.0214
-97.274
-95.5266
-94.3616
-90.8667
-85.6244
-78.6347
-72.2274
-64.6552
-59.9953
-55.3355
-47.7633
-39.6086
-32.0363
-25.0466
-19.2218
-12.2321
-8.73719
-5.82479
-0.582479
1.74744
4.07735
8.15471
12.8145
16.3094
20.3868
22.1342
25.6291
30.2889
35.5312
43.6859
50.6757
58.2479
65.2377
71.6449
78.0522
83.2945
88.5368
92.6142
94.9441
97.8565
101.351
101.934
101.351
100.186
99.6039
100.186
99.0214
98.439
95.5266
94.3616
92.6142
91.4492
90.8667
90.2842
90.2842
89.1193
88.5368
88.5368
87.9543
88.5368
89.1193
89.1193
91.4492
92.6142
93.7791
92.0317
89.1193
85.0419
81.5471
76.3048
69.8975
64.0727
56.5005
50.6757
43.6859
37.8611
32.6188
26.2116
20.9692
16.8919
13.397
9.90214
9.31966
6.98975
4.07735
3.49487
1.16496
-0.582479
-4.07735
-7.57223
-11.0671
-15.7269
-18.0568
-23.2992
-29.124
-35.5312
-40.1911
-44.8509
-50.0932
-53.5881
-58.2479
-64.6552
-69.8975
-73.3924
-77.4697
-80.9646
-83.877
-87.9543
-90.8667
-96.109
-98.439
-101.351
-106.594
-107.759
-110.671
-111.253
-112.418
-111.836
-111.836
-111.836
-110.089
-108.924
-107.176
-104.846
-103.099
-100.186
-97.8565
-96.109
-94.9441
-92.6142
-92.0317
-89.7018
-87.9543
-87.3719
-85.0419
-84.4595
-81.5471
-78.0522
-76.3048
-71.6449
-66.4026
-60.5778
-55.918
-52.4231
-47.7633
-45.4334
-41.356
-36.6962
-33.7838
-30.2889
-25.0466
-20.3868
-12.8145
-5.82479
-2.32992
2.9124
5.82479
8.73719
15.1445
18.6393
22.1342
28.5415
34.9487
41.9385
47.1808
51.8406
57.6654
61.1603
64.6552
69.315
74.5573
79.7996
83.877
90.8667
97.274
102.516
107.176
110.089
115.913
118.826
121.738
125.233
126.98
129.893
131.64
134.553
139.795
140.96
143.872
145.037
146.785
150.862
150.862
150.28
149.697
146.785
144.455
138.63
130.475
122.903
117.078
111.836
107.759
103.681
97.8565
91.4492
86.2069
80.3821
73.9748
65.2377
59.9953
54.753
49.5107
44.8509
36.1137
27.3765
19.8043
8.73719
0
-8.15471
-15.1445
-20.3868
-27.3765
-32.6188
-39.6086
-47.1808
-54.753
-62.9077
-67.5676
-75.7223
-83.2945
-89.7018
-97.274
-101.934
-108.924
-117.078
-122.903
-129.893
-131.64
-135.135
-140.96
-145.037
-152.61
-152.027
-154.357
-158.434
-158.434
-160.182
-159.599
-159.599
-164.259
-163.677
-164.842
-165.424
-161.929
-161.347
-159.599
-157.269
-155.522
-149.115
-143.872
-138.048
-132.805
-128.145
-122.903
-119.408
-114.166
-109.506
-103.681
-95.5266
-90.8667
-82.712
-73.9748
-67.5676
-58.8304
-50.6757
-44.2684
-37.2787
-31.4539
-22.7167
-12.2321
-1.74744
7.57223
15.7269
23.2992
33.2013
41.356
48.9282
55.3355
61.1603
68.7325
75.7223
86.7894
99.0214
106.011
114.166
121.156
127.563
134.553
139.795
141.542
145.037
149.115
153.774
160.182
163.677
168.336
170.084
172.414
173.579
175.326
174.744
174.161
172.996
170.666
169.501
169.501
167.754
166.589
160.764
153.774
146.785
139.212
131.64
123.486
113.583
106.594
102.516
98.439
94.3616
90.8667
84.4595
80.3821
76.3048
69.315
62.9077
54.753
46.0158
39.0261
30.8714
23.2992
15.7269
5.82479
-2.32992
-11.0671
-19.2218
-24.4641
-32.6188
-36.6962
-43.1034
-47.7633
-51.2582
-53.5881
-56.5005
-59.4129
-62.3253
-65.8201
-68.7325
-73.3924
-79.2171
-86.2069
-92.0317
-94.3616
-97.8565
-101.351
-106.594
-110.671
-115.331
-119.991
-123.486
-126.98
-125.815
-124.068
-120.573
-115.913
-113.583
-113.583
-114.166
-118.243
-122.903
-127.563
-131.64
-134.553
-139.795
-142.707
-145.037
-144.455
-139.795
-136.3
-129.31
-122.321
-115.913
-108.924
-106.594
-107.176
-107.759
-106.594
-103.681
-101.351
-96.6915
-93.7791
-87.9543
-80.3821
-72.8099
-63.4902
-57.6654
-48.3458
-38.4436
-30.8714
-25.6291
-21.5517
-18.0568
-14.562
-12.2321
-8.15471
-2.32992
4.65983
12.8145
19.2218
26.794
37.8611
46.0158
55.918
61.7428
66.9851
72.8099
74.5573
79.2171
82.712
84.4595
87.9543
90.8667
97.274
103.681
107.176
110.671
111.836
112.418
113.583
113.583
114.748
117.078
119.991
123.486
127.563
133.388
137.465
141.542
145.037
147.95
153.774
153.774
152.61
149.115
142.707
138.048
133.388
128.728
125.815
123.486
122.321
122.903
121.156
121.156
122.321
122.321
126.98
125.815
125.233
121.156
110.671
103.681
94.3616
84.4595
76.8872
66.4026
57.6654
48.3458
39.0261
31.4539
23.2992
16.8919
11.6496
4.65983
0
-4.65983
-11.6496
-18.6393
-23.8816
-29.7064
-38.4436
-44.8509
-51.2582
-59.4129
-66.9851
-75.7223
-85.0419
-96.109
-109.506
-120.573
-132.223
-142.125
-147.95
-154.939
-161.347
-163.677
-167.171
-169.501
-169.501
-169.501
-167.171
-166.589
-166.007
-166.007
-170.666
