SAMPLES: 8801
BITSPERSAMPLE:	16
CHANNELS:	1
SAMPLERATE:	16000
NORMALIZED:	FALSE
80.3047
137.959
203.336
225.986
177.082
71.5536
-45.8149
-119.428
-157.521
-192.011
-204.88
-195.099
-170.39
-159.065
-204.88
-299.084
-398.435
-473.592
-510.656
-507.567
-481.314
-431.895
-365.49
-314.527
-296.51
-314.527
-354.165
-388.14
-385.051
-333.574
-251.21
-166.787
-109.132
-80.8195
-77.2161
-90.0855
-118.913
-159.58
-182.23
-187.378
-180.171
-162.154
-143.622
-121.487
-93.1741
-61.7729
-51.9922
-72.0684
-100.896
-119.428
-102.955
-64.8615
-39.1228
-30.8864
-22.1353
-8.23638
0.514774
-5.66251
-19.5614
-16.9875
8.23638
59.7138
118.913
162.154
193.04
209.513
211.057
195.614
166.787
129.723
108.103
119.942
148.255
177.082
182.23
157.521
125.09
102.955
88.5411
83.9082
92.1445
103.47
125.605
151.344
151.858
125.09
113.25
149.284
224.441
312.468
379.903
419.026
441.161
460.723
455.575
386.081
337.177
336.662
338.207
319.675
257.902
141.048
11.325
-62.8024
-101.925
-111.191
-83.3934
-37.0637
5.66251
18.5319
-7.72161
-60.2286
-102.44
-115.309
-80.3047
-28.8273
-3.08864
17.5023
10.8103
-31.4012
-67.9502
-105.014
-150.829
-168.331
-148.255
-120.457
-91.115
-73.6127
-89.0559
-116.854
-140.019
-171.42
-191.496
-184.804
-165.757
-135.386
-110.162
-102.955
-108.617
-117.883
-118.398
-116.339
-120.457
-130.753
-145.681
-151.858
-150.314
-164.728
-193.04
-224.441
-231.134
-210.028
-187.378
-171.935
-163.698
-146.711
-123.546
-90.6002
-64.8615
-51.4774
-30.8864
0
32.4308
51.9922
56.1104
40.6671
27.283
6.69206
-27.7978
-68.9797
-114.28
-140.019
-137.445
-116.339
-97.2923
-82.8786
-81.3343
-91.115
-86.482
-77.7309
-77.7309
-81.3343
-85.4525
-96.2627
-105.529
-132.812
-180.686
-236.796
-311.953
-372.182
-406.157
-410.79
-369.093
-245.032
-63.3172
236.796
767.013
1287.96
1533.51
1492.33
1287.96
979.1
719.654
595.594
448.883
369.608
416.452
403.583
162.154
-201.791
-546.69
-804.592
-780.397
-520.951
-192.525
166.787
551.323
849.892
934.83
795.326
472.048
107.588
-124.061
-158.036
-43.241
145.681
299.084
352.62
295.995
127.149
-110.162
-378.874
-583.754
-624.936
-489.035
-275.404
-81.8491
45.8149
51.9922
-49.9331
-217.235
-401.524
-563.678
-622.362
-549.264
-409.245
-250.695
-115.824
-53.0217
-93.1741
-214.661
-394.317
-586.328
-703.696
-695.974
-596.623
-449.912
-282.611
-151.344
-78.7604
-67.4354
-104.499
-165.242
-206.424
-172.449
-71.5536
78.7604
229.074
306.805
304.231
247.606
145.681
32.9455
-45.3001
-94.7184
-109.647
-71.0388
-11.8398
37.5785
80.3047
122.516
150.314
176.053
227.015
273.345
307.835
340.266
346.443
331
301.143
265.623
240.914
232.163
222.897
193.04
151.858
109.132
73.0979
59.199
60.7433
71.5536
94.7184
122.516
128.694
118.398
99.3514
83.3934
90.0855
102.44
90.0855
45.8149
4.11819
-34.4899
-75.157
-117.883
-153.403
-152.373
-127.149
-97.8071
-92.1445
-98.8366
-112.736
-120.972
-112.221
-95.2332
-20.591
93.6889
203.336
285.185
327.396
319.675
270.256
215.176
143.622
92.6593
87.5116
91.6298
56.1104
-12.3546
-105.014
-211.572
-294.451
-360.857
-404.098
-402.039
-338.207
-238.855
-125.605
-30.3717
16.4728
27.283
18.5319
1.54432
-18.5319
-15.958
7.72161
28.8273
45.8149
45.8149
32.9455
6.17729
-35.5194
-90.6002
-145.166
-179.141
-170.39
-120.457
-68.4649
-28.8273
4.11819
13.8989
-3.60342
-15.4432
-24.7092
-43.241
-32.4308
15.4432
58.6842
78.2457
83.9082
56.1104
5.66251
-25.7387
-54.0513
-68.4649
-31.916
41.1819
112.736
156.491
172.964
145.681
87.5116
33.9751
-21.1057
-53.5365
-51.9922
-44.2706
-34.4899
-39.6376
-63.3172
-84.4229
-88.0264
-64.8615
-14.9284
71.0388
148.255
192.525
197.673
142.078
65.3763
-1.02955
-66.9206
-141.048
-187.378
-196.129
-192.011
-173.479
-177.082
-210.028
-255.328
-312.983
-346.958
-358.797
-341.81
-302.687
-251.724
-221.868
-261.505
-371.152
-538.968
-634.716
-572.943
-142.078
674.869
1452.18
1801.19
1679.71
1392.46
990.94
548.234
165.242
-40.1524
108.617
403.068
468.959
131.782
-339.236
-738.701
-1043.96
-1153.61
-1027.49
-668.691
-72.5831
616.699
1139.71
1321.94
1124.27
663.029
124.575
-251.724
-396.376
-304.231
-20.591
289.303
515.804
546.175
367.549
22.1353
-387.11
-686.194
-785.03
-676.928
-422.629
-100.896
214.661
378.874
310.924
77.7309
-207.969
-447.853
-585.298
-605.374
-518.892
-314.012
-40.6671
173.479
235.252
122.001
-122.001
-389.169
-591.475
-674.354
-634.716
-490.065
-244.518
16.4728
206.424
273.86
216.72
94.7184
-44.7853
-158.55
-205.395
-155.462
-38.0933
98.3218
201.791
217.235
152.888
51.4774
-82.3638
-224.441
-312.468
-324.822
-256.872
-114.795
41.1819
158.55
230.104
266.653
259.961
210.028
130.238
39.1228
-32.9455
-64.3468
-62.8024
-36.0342
12.8694
38.6081
21.1057
-37.0637
-122.001
-187.893
-194.07
-147.74
-61.7729
37.0637
111.706
176.053
237.311
252.239
204.88
147.225
92.6593
27.283
-24.7092
-59.7138
-68.4649
-45.3001
-18.0171
-26.7682
-35.0046
-6.17729
27.7978
84.4229
144.137
168.331
204.88
337.177
538.968
700.093
779.368
769.072
693.915
588.387
441.676
270.256
159.065
124.575
106.558
70.524
27.283
-23.1648
-88.0264
-153.403
-209.513
-227.015
-206.939
-154.432
-59.7138
55.0808
151.858
185.833
171.42
124.575
54.0513
-11.8398
-59.199
-83.3934
-83.3934
-64.3468
-55.0808
-66.9206
-98.8366
-156.491
-217.749
-267.168
-306.291
-322.763
-299.084
-243.488
-189.952
-161.124
-158.55
-176.567
-207.454
-240.914
-273.86
-294.451
-308.35
-332.029
-356.224
-350.046
-304.231
-256.872
-223.927
-198.188
-170.905
-146.711
-138.474
-106.043
-31.916
72.5831
148.77
159.58
115.824
27.283
-77.7309
-181.715
-247.092
-264.079
-253.784
-214.661
-157.006
-99.8662
-59.199
-53.5365
-66.4058
-62.2877
-15.958
63.3172
122.516
164.213
169.875
128.179
54.0513
-10.8103
-32.9455
-54.0513
-69.4945
-90.6002
-114.28
-136.415
-182.745
-256.357
-318.645
-327.396
-317.616
-306.291
-290.847
-294.451
-302.172
-276.948
-199.732
-63.3172
89.5707
413.364
1089.78
1809.95
2041.59
1709.05
1283.33
987.337
676.928
276.434
-9.26593
120.972
467.93
536.395
162.669
-284.67
-546.69
-713.477
-738.186
-488.521
-16.9875
532.791
1061.46
1443.43
1522.7
1231.34
677.957
102.955
-255.328
-380.418
-334.603
-129.723
149.284
350.561
339.236
125.605
-219.809
-583.754
-808.195
-811.799
-626.48
-346.443
-29.3421
286.729
482.343
414.908
92.6593
-284.155
-571.399
-753.629
-827.242
-795.326
-645.527
-421.085
-222.382
-146.711
-224.441
-432.41
-694.945
-867.909
-886.441
-779.368
-583.239
-332.029
-66.4058
126.12
178.627
82.8786
-83.9082
-249.151
-408.216
-513.744
-505.508
-384.536
-205.91
-35.0046
67.9502
80.3047
34.4899
-60.2286
-190.466
-276.434
-275.919
-172.964
21.1057
237.311
395.861
453.516
419.026
305.776
159.065
32.9455
-41.6967
-31.4012
39.1228
130.238
211.572
254.298
227.53
130.753
16.9875
-68.4649
-115.824
-107.588
-39.6376
81.3343
228.56
351.076
405.127
355.709
246.062
134.871
76.1866
95.748
159.065
224.441
248.121
227.015
166.272
55.0808
-98.8366
-235.766
-280.037
-203.851
-53.0217
118.913
261.505
317.101
275.404
195.614
177.082
228.56
308.864
410.79
617.214
959.539
1199.42
1094.41
722.228
363.43
110.676
-137.959
-375.785
-438.587
-251.724
-18.5319
7.20684
-176.053
-377.844
-486.461
-509.112
-433.44
-208.483
124.575
460.723
728.405
857.099
785.545
511.685
118.398
-238.34
-451.972
-513.23
-462.267
-327.911
-170.905
-84.4229
-92.6593
-190.981
-347.472
-490.065
-528.673
-436.014
-266.653
-71.0388
110.676
237.826
284.67
202.821
-8.75116
-253.784
-457.634
-603.83
-681.046
-649.13
-500.875
-288.788
-79.2752
31.916
3.08864
-128.179
-280.037
-378.359
-396.891
-331
-233.193
-121.487
6.69206
57.6547
-28.3126
-195.614
-360.857
-475.136
-507.052
-451.972
-337.177
-153.917
59.199
211.057
286.214
277.463
194.07
74.1275
-47.874
-126.12
-136.93
-72.5831
42.2115
140.019
178.627
135.386
28.3126
-105.529
-221.868
-259.961
-221.868
-122.001
22.1353
162.669
273.86
337.692
339.236
285.185
216.205
159.065
94.7184
35.0046
6.17729
-2.57387
-4.63297
6.69206
19.0466
27.283
58.1695
97.8071
147.225
298.054
573.973
876.66
1106.25
1223.1
1226.19
1136.62
972.408
738.701
500.36
334.088
249.151
179.141
104.499
28.8273
-77.2161
-197.673
-283.126
-312.983
-282.096
-177.082
-14.4137
182.23
371.667
465.87
410.79
260.99
103.984
-25.7387
-120.972
-178.112
-188.922
-154.947
-106.043
-97.2923
-149.284
-252.239
-389.684
-517.348
-604.859
-634.716
-585.813
-453.001
-282.096
-153.403
-90.0855
-79.79
-118.398
-183.774
-222.382
-237.311
-260.99
-289.818
-303.202
-287.759
-272.83
-287.759
-322.249
-338.207
-339.751
-376.815
-432.41
-442.191
-383.507
-302.687
-224.956
-137.445
-48.9035
3.08864
-17.5023
-73.6127
-119.428
-111.191
-46.3297
30.3717
101.41
139.504
143.107
105.529
3.08864
-128.179
-257.387
-336.662
-335.118
-295.995
-252.239
-202.821
-126.634
-53.0217
-14.9284
-6.17729
-19.0466
-35.0046
-19.0466
54.0513
168.331
267.682
305.776
274.375
184.804
58.1695
-70.0093
-125.09
-111.191
-91.115
-96.7775
-141.048
-211.572
-305.261
-409.245
-521.981
-633.172
-731.494
-562.648
355.709
1809.95
2825.08
2829.71
2311.85
1851.13
1370.84
646.041
-71.0388
-143.622
442.191
871.512
552.867
-151.344
-704.211
-1147.95
-1542.78
-1609.18
-1175.23
-386.595
528.673
1394.01
2017.4
2154.84
1689.49
832.904
81.3343
-302.687
-384.021
-220.838
120.457
478.225
656.337
538.454
97.2923
-537.939
-1102.13
-1406.36
-1390.92
-1110.88
-670.236
-122.516
406.671
657.881
521.466
163.183
-201.277
-483.888
-653.763
-699.578
-622.877
-419.541
-170.905
-33.4603
-99.3514
-364.975
-727.376
-1056.32
-1249.36
-1265.31
-1116.54
-812.313
-407.186
-10.8103
247.092
302.172
200.247
-6.69206
-265.109
-481.314
-536.909
-407.186
-153.403
98.8366
224.441
211.572
103.984
-59.199
-212.602
-291.362
-299.084
-234.222
-72.0684
138.474
300.113
364.975
324.822
203.851
85.9673
29.3421
5.66251
13.8989
74.6422
164.728
242.459
281.067
255.843
157.521
14.4137
-131.782
-216.72
-163.698
-0.514774
155.462
252.239
293.421
297.539
278.493
201.791
101.925
73.6127
116.854
133.326
106.043
77.2161
27.283
-44.2706
-134.871
-267.168
-348.502
-229.589
227.53
1075.36
1954.6
2272.21
1883.56
1304.95
863.276
444.765
55.0808
-119.428
115.309
520.437
583.754
134.871
-465.87
-859.673
-1102.65
-1171.11
-894.162
-340.78
280.037
824.153
1182.95
1238.03
885.926
198.188
-545.66
-963.657
-946.669
-676.413
-274.889
138.474
410.275
418.511
176.567
-220.838
-628.024
-856.069
-850.921
-656.852
-345.413
-17.5023
242.459
346.958
200.247
-151.858
-536.395
-781.942
-846.288
-746.422
-514.259
-252.754
-30.8864
110.676
110.676
-72.5831
-363.945
-625.965
-739.73
-644.497
-433.44
-240.399
-66.4058
101.41
181.2
155.462
74.6422
-45.8149
-190.981
-261.505
-213.116
-80.3047
108.103
264.594
333.574
311.953
221.353
58.6842
-124.061
-260.476
-339.751
-352.105
-290.847
-157.006
-22.1353
60.7433
103.984
138.474
168.846
151.344
100.381
72.0684
60.7433
70.0093
123.546
185.833
212.087
157.521
32.9455
-97.2923
-179.656
-213.116
-229.074
-216.205
-175.538
-141.048
-108.617
-87.5116
-67.9502
-64.3468
-120.972
-225.471
-343.869
-419.026
-419.541
-6.69206
1076.91
2250.08
2655.2
2166.17
1456.3
942.036
515.804
63.3172
-160.609
232.678
892.618
1004.84
366.004
-466.385
-1081.54
-1510.35
-1662.72
-1367.24
-697.519
107.588
839.082
1388.35
1620.51
1337.38
575.003
-228.045
-581.695
-461.238
-91.115
358.283
719.654
867.394
691.342
207.969
-432.41
-1011.53
-1325.03
-1297.23
-964.172
-480.284
-6.17729
374.241
529.702
344.899
-63.832
-446.824
-650.16
-656.852
-511.171
-293.421
-54.0513
166.272
268.197
194.585
-51.4774
-428.807
-799.959
-993.514
-927.108
-673.839
-359.312
-80.8195
102.955
196.644
148.77
-59.7138
-302.687
-452.486
-458.664
-323.793
-75.157
155.462
286.729
334.603
269.742
102.44
-84.9377
-233.707
-322.249
-324.822
-246.062
-135.9
-25.2239
58.1695
71.5536
37.0637
-14.9284
-53.0217
-34.4899
47.874
144.651
205.395
250.695
254.813
184.804
80.3047
-31.4012
-147.225
-260.99
-344.899
-360.857
-325.852
-292.392
-279.008
-210.028
-94.7184
-55.5956
-103.984
-160.095
-167.302
-171.935
-216.72
-262.02
-268.197
-247.092
78.7604
1082.57
2283.54
2626.89
1895.4
983.218
532.791
374.755
134.356
-41.1819
323.278
989.91
1084.63
297.539
-664.573
-1249.87
-1490.27
-1340.99
-691.342
206.424
925.564
1322.45
1471.74
1385.26
930.197
127.664
-567.796
-664.058
-288.788
157.521
474.622
585.813
462.267
121.487
-326.367
-746.937
-957.48
-856.584
-532.791
-134.871
161.639
291.877
338.721
294.451
44.2706
-318.645
-518.892
-468.959
-283.126
-108.617
-42.2115
-63.3172
-122.001
-206.939
-316.586
-458.149
-642.438
-823.124
-856.584
-629.569
-295.48
-85.9673
-34.4899
-41.1819
-35.0046
-55.0808
-120.972
-199.218
-190.981
-86.482
11.325
80.3047
137.959
138.989
30.3717
-79.79
-85.4525
-47.3592
-42.2115
-100.896
-210.543
-283.64
-294.451
-295.48
-292.906
-206.424
-29.8569
127.149
226.501
248.121
201.277
137.445
88.0264
69.4945
66.9206
57.6547
21.6205
-36.549
-113.25
-200.762
-288.788
-353.135
-377.329
-392.258
-447.853
-513.23
-471.018
-328.941
-199.218
-130.753
-115.309
-152.888
-222.897
-295.48
-333.059
-264.594
-20.591
577.576
1521.67
2257.8
2174.92
1394.52
634.202
267.168
150.829
75.157
169.361
608.978
1056.32
940.492
167.816
-693.915
-1195.31
-1250.39
-827.242
-60.7433
733.038
1291.05
1506.23
1385.26
998.147
388.14
-270.256
-607.948
-386.595
161.124
633.687
827.757
707.299
354.165
-109.132
-535.365
-763.925
-676.413
-338.207
53.0217
348.502
465.356
393.287
190.981
-78.2457
-351.591
-494.698
-407.701
-175.538
19.5614
40.1524
-168.331
-526.099
-838.052
-950.788
-863.276
-661.485
-452.486
-282.611
-140.019
-80.3047
-171.42
-346.958
-456.605
-441.676
-338.207
-203.336
-85.4525
-25.2239
-81.8491
-263.564
-485.432
-589.931
-541.542
-426.748
-290.333
-139.504
-1.02955
80.8195
70.524
-58.1695
-251.724
-389.169
-379.903
-239.37
-45.8149
112.736
193.555
218.779
215.176
184.289
140.019
125.09
129.723
151.344
192.525
205.395
126.12
-48.9035
-243.488
-389.684
-442.706
-449.912
-474.107
-494.698
-490.065
-480.799
-419.026
-280.552
-123.546
-6.69206
40.1524
29.3421
19.0466
94.7184
394.832
1202
2289.71
2803.46
2264.49
1265.83
594.564
304.231
124.061
-4.11819
251.724
883.352
1216.41
694.43
-341.295
-1148.98
-1484.09
-1269.43
-521.981
414.393
1127.36
1494.39
1548.44
1273.04
655.822
-193.04
-846.288
-861.732
-315.556
309.379
707.814
788.634
519.922
-33.4603
-615.67
-943.066
-880.778
-462.267
64.8615
475.136
645.012
536.909
212.602
-195.614
-594.564
-863.276
-833.419
-516.833
-129.723
79.79
-6.69206
-345.413
-694.43
-869.968
-858.128
-705.755
-471.533
-252.754
-153.403
-110.162
-98.3218
-234.737
-507.052
-718.11
-706.27
-479.769
-150.314
48.9035
2.57387
-118.398
-239.885
-396.376
-510.656
-496.757
-370.123
-146.196
167.816
391.228
388.654
208.998
-86.482
-387.11
-533.306
-480.799
-306.291
-70.524
131.782
195.099
165.242
112.221
32.9455
-14.9284
24.7092
145.681
358.283
585.813
680.016
528.158
186.348
-189.952
-461.238
-526.099
-467.93
-353.135
-237.311
-139.504
-140.019
-291.877
-454.545
-569.855
-569.855
-418.511
-150.829
70.524
255.328
476.681
830.33
1563.88
2357.66
2495.62
1804.8
1022.34
647.071
562.133
524.04
457.634
554.926
737.671
565.222
-236.796
-1148.46
-1592.2
-1506.23
-916.813
27.283
899.825
1363.64
1449.09
1234.94
804.077
264.594
-232.678
-417.482
-95.2332
463.297
819.52
834.963
523.01
-66.9206
-731.494
-1129.93
-1086.69
-650.674
-42.7262
424.174
579.636
417.482
4.63297
-454.031
-735.097
-776.279
-619.273
-295.995
76.1866
287.244
220.323
-148.77
-689.282
-1098.01
-1178.32
-972.408
-634.202
-363.43
-296.51
-311.953
-304.746
-377.329
-521.466
-603.83
-561.618
-374.755
-107.588
33.9751
10.2955
-68.4649
-217.749
-402.039
-459.693
-341.295
-169.875
21.6205
195.099
269.742
277.978
225.471
60.2286
-134.871
-236.281
-262.535
-197.673
-76.7013
-54.0513
-135.386
-157.006
-89.0559
8.23638
137.959
221.868
266.653
343.869
396.891
346.443
241.429
122.001
-46.3297
-195.099
-276.948
-340.266
-401.524
-445.28
-483.888
-502.419
-497.786
-518.892
-563.678
-562.648
-490.58
-390.199
-259.961
-84.4229
125.09
630.083
1610.73
2546.59
2617.63
1816.12
1010.5
724.287
796.355
793.782
716.051
891.589
1078.45
629.054
-550.293
-1620.51
-1915.47
-1493.36
-642.953
309.894
1055.8
1425.41
1413.05
1121.18
659.94
164.213
-132.812
22.1353
618.244
1177.8
1308.04
1012.05
423.144
-315.042
-969.319
-1194.79
-877.69
-250.695
316.586
579.121
538.454
213.116
-310.924
-747.967
-844.229
-600.741
-209.513
170.39
415.423
412.849
114.795
-430.351
-955.421
-1140.22
-946.669
-582.209
-258.417
-137.445
-305.261
-612.581
-812.828
-874.086
-837.023
-679.502
-427.262
-149.799
22.6501
-90.6002
-454.545
-732.523
-751.57
-593.534
-312.468
8.75116
195.099
149.284
-56.6251
-338.207
-571.399
-659.426
-631.628
-482.343
-233.707
-51.9922
-85.4525
-263.05
-447.853
-548.749
-459.178
-171.935
182.745
473.077
598.167
524.555
362.401
233.707
140.019
82.8786
77.2161
62.2877
-1.54432
-92.1445
-228.56
-404.098
-537.424
-578.606
-521.466
-391.743
-288.788
-262.02
-235.766
-195.614
-162.669
-64.3468
177.082
761.866
1771.34
2681.46
2728.3
1957.69
1173.68
872.027
966.231
1103.68
1188.1
1366.73
1471.74
968.29
-258.417
-1388.35
-1744.05
-1366.73
-561.104
268.197
819.52
1063.01
1065.58
801.503
375.27
57.1399
28.8273
360.857
935.344
1344.59
1345.62
977.556
329.455
-405.642
-902.914
-912.18
-539.483
-50.9626
285.7
316.586
112.736
-270.771
-707.814
-943.581
-817.976
-469.989
-134.871
96.7775
130.753
-45.3001
-356.224
-727.376
-967.775
-877.175
-521.981
-211.057
-153.403
-288.273
-499.331
-764.954
-1060.43
-1276.12
-1227.74
-884.897
-482.858
-282.611
-315.042
-438.073
-604.859
-781.942
-821.065
-579.636
-118.913
324.822
520.951
368.063
13.8989
-312.468
-473.077
-445.794
-297.025
-132.297
-49.4183
-63.3172
-189.437
-409.76
-577.062
-582.724
-394.832
-92.6593
211.572
425.203
441.676
278.493
50.9626
-50.9626
46.3297
230.619
379.903
421.6
359.312
136.415
-208.998
-557.5
-770.102
-722.743
-507.052
-310.409
-218.264
-240.914
-341.81
-423.659
-358.283
-114.28
315.556
1089.78
2031.81
2537.32
2206.32
1462.47
1019.77
1066.61
1321.42
1372.39
1332.24
1404.3
1253.47
434.984
-759.806
-1475.34
-1364.67
-642.953
177.597
642.953
702.667
544.116
294.451
42.7262
-1.02955
276.948
761.351
1264.28
1531.97
1428.5
1094.41
617.214
68.9797
-343.354
-359.312
-4.11819
364.46
449.912
194.07
-216.205
-616.184
-935.344
-1020.8
-773.705
-376.815
-142.078
-161.124
-307.835
-479.769
-600.741
-669.721
-651.704
-372.182
73.6127
315.556
143.107
-296.51
-782.971
-1126.84
-1213.84
-1127.87
-964.172
-784.001
-720.169
-843.2
-1022.86
-1111.91
-1082.57
-886.956
-558.015
-226.501
49.9331
194.07
119.942
-95.748
-258.931
-297.025
-228.045
-108.103
-67.4354
-172.449
-382.477
-644.497
-852.981
-879.234
-698.034
-438.073
-208.998
-50.9626
29.3421
57.1399
60.2286
97.8071
226.501
441.161
639.864
710.388
611.552
396.891
192.011
67.4354
-23.6796
-127.664
-215.69
-272.83
-308.864
-371.667
-484.917
-583.239
-565.222
-424.689
-202.821
153.917
587.357
1136.11
1832.08
2293.83
2070.94
1409.97
1074.33
1315.76
1762.59
1858.33
1508.29
1138.68
911.15
453.516
-397.92
-1032.64
-934.315
-279.008
412.334
683.62
485.947
172.449
-8.75116
-95.748
-43.241
242.973
671.78
1036.24
1164.42
973.438
641.408
373.726
171.42
50.4479
128.179
384.021
535.88
418.511
104.499
-259.961
-553.897
-760.836
-833.934
-666.118
-351.591
-212.602
-389.169
-682.59
-889.015
-932.256
-825.698
-663.544
-472.048
-220.838
-7.20684
-19.0466
-260.99
-553.897
-770.102
-844.744
-811.284
-786.575
-801.503
-824.153
-934.315
-1152.06
-1287.96
-1193.25
-948.214
-697.004
-528.158
-425.203
-264.079
-32.9455
102.955
94.2036
80.8195
109.647
138.474
137.445
31.4012
-171.935
-360.342
-481.828
-537.424
-525.584
-480.799
-470.503
-450.942
-334.603
-170.39
-15.958
110.162
179.656
221.353
318.13
455.06
506.538
466.385
405.642
323.793
239.37
194.585
155.462
74.6422
-65.8911
-279.008
-518.377
-614.64
-539.483
-460.208
-347.472
-76.1866
311.953
858.643
1578.81
2057.55
1830.02
1205.6
922.475
1253.47
1869.66
2078.14
1691.03
1236.49
958.509
467.93
-383.507
-968.29
-819.52
-130.753
537.424
660.97
278.493
-143.622
-362.401
-398.95
-205.91
228.56
699.578
986.822
1009.47
773.191
495.727
349.532
284.67
319.675
482.858
677.443
721.713
550.808
194.585
-206.424
-432.41
-493.668
-480.799
-409.245
-355.709
-477.196
-783.486
-1052.71
-1091.32
-908.576
-673.839
-586.328
-587.872
-445.794
-225.986
-195.614
-372.182
-458.664
-331
-160.095
-167.816
-451.457
-757.747
-849.892
-858.643
-972.408
-1071.24
-985.277
-816.946
-732.523
-785.545
-875.116
-786.575
-454.545
-100.381
104.499
197.158
198.703
110.162
9.26593
-53.0217
-76.7013
-52.5069
-62.2877
-173.479
-321.219
-446.309
-567.281
-652.219
-621.332
-459.693
-222.897
-28.8273
33.9751
8.75116
26.7682
129.723
252.239
378.874
466.9
429.836
283.126
143.107
79.2752
70.0093
40.1524
-86.482
-254.813
-346.443
-399.979
-504.993
-521.466
-316.071
155.977
954.391
1774.94
1990.12
1432.1
833.934
873.057
1508.29
2113.15
2116.75
1756.92
1474.31
1103.16
245.032
-709.359
-931.741
-304.231
555.441
899.825
520.437
-102.44
-432.41
-453.516
-329.97
-44.2706
344.899
658.911
800.988
737.671
541.027
427.777
467.93
575.517
715.536
877.69
913.209
692.886
322.249
-13.3841
-133.326
-51.9922
-6.69206
-113.765
-286.214
-520.437
-857.614
-1158.76
-1197.36
-937.918
-602.286
-468.444
-602.8
-771.131
-807.166
-759.292
-704.211
-633.172
-506.023
-336.662
-201.791
-254.813
-516.833
-812.313
-930.197
-823.124
-637.805
-583.239
-727.89
-925.049
-1049.62
-1074.85
-1003.81
-832.904
-599.197
-395.346
-269.742
-221.868
-202.306
-185.833
-166.787
-109.647
19.5614
167.302
193.555
51.9922
-170.39
-327.396
-337.692
-267.682
-215.69
-218.779
-232.678
-233.193
-217.749
-166.787
-70.524
79.2752
285.185
418.511
356.738
201.791
113.765
155.977
293.421
404.612
359.312
169.361
-7.72161
-150.314
-261.505
-249.665
-71.5536
438.073
1328.63
2016.37
1746.11
805.621
355.709
905.487
1874.81
2296.92
1938.12
1506.23
1375.99
1014.62
53.0217
-712.962
-475.651
428.807
1081.03
884.897
99.8662
-570.37
-735.097
-517.348
-142.078
295.995
558.53
469.474
174.508
-102.955
-161.124
67.4354
427.777
741.275
957.48
1050.14
910.12
565.737
237.826
135.386
300.113
490.065
435.499
171.935
-160.609
-571.399
-1039.84
-1303.41
-1161.84
-769.072
-499.331
-628.539
-1023.37
-1241.12
-1080.51
-790.693
-609.492
-554.926
-573.973
-563.163
-482.343
-452.486
-562.648
-656.337
-610.007
-501.39
-436.528
-514.259
-727.89
-903.943
-915.268
-826.727
-730.464
-640.894
-642.953
-737.156
-761.351
-651.704
-483.888
-345.413
-264.079
-217.749
-153.917
-62.2877
-25.2239
-37.0637
-22.1353
11.8398
36.549
10.8103
-88.5411
-224.441
-318.13
-327.396
-293.421
-238.34
-143.107
-15.4432
60.7433
-3.60342
-128.179
-145.681
-4.11819
179.656
255.843
249.665
234.737
227.015
176.053
72.0684
82.8786
273.345
649.13
1240.09
1790.9
1794.5
1140.74
561.618
770.102
1604.55
2223.31
2059.61
1531.97
1267.89
1148.46
667.662
1.02955
-117.368
432.925
1038.3
1044.99
406.671
-281.581
-490.58
-255.328
97.2923
360.857
425.718
263.05
9.78071
-153.403
-128.694
101.925
399.465
576.547
609.492
606.404
618.244
561.104
443.735
396.891
522.496
687.223
592.505
247.606
-116.339
-390.713
-632.142
-869.968
-987.337
-925.564
-839.596
-963.142
-1265.83
-1423.35
-1301.35
-1068.67
-882.837
-812.828
-856.069
-904.458
-867.909
-777.309
-682.59
-581.18
-513.744
-514.774
-542.572
-635.231
-738.186
-729.95
-682.59
-684.135
-702.667
-681.046
-683.105
-739.73
-782.457
-768.043
-621.332
-406.671
-290.847
-294.966
-326.881
-334.088
-260.99
-43.241
185.319
245.032
168.331
68.4649
15.958
31.916
58.6842
49.9331
53.5365
89.0559
62.8024
-42.7262
-82.8786
-71.5536
-102.44
-125.09
-72.5831
57.6547
162.154
145.166
31.4012
-31.916
46.3297
124.061
192.011
346.958
606.404
1088.23
1701.84
1972.1
1506.74
817.461
799.959
1527.85
2275.82
2213.53
1481.52
965.716
897.766
690.312
114.28
-142.078
282.096
897.251
1025.94
429.836
-358.283
-629.054
-308.864
189.437
543.601
615.67
358.797
-44.7853
-301.143
-359.312
-190.981
176.567
462.782
486.976
372.696
302.172
291.362
317.616
394.317
537.939
716.051
723.772
444.765
114.795
-35.0046
-111.706
-267.168
-433.44
-534.85
-630.083
-821.065
-1129.93
-1344.07
-1240.61
-970.349
-822.094
-838.052
-965.716
-1150.01
-1218.98
-1085.14
-863.791
-665.088
-551.323
-595.079
-736.127
-824.153
-811.799
-683.105
-463.297
-316.071
-371.667
-521.981
-635.746
-695.46
-677.957
-584.783
-461.238
-355.709
-330.485
-417.996
-540.513
-580.665
-504.479
-345.928
-145.681
-16.9875
-28.3126
-93.1741
-125.09
-70.0093
39.6376
132.297
153.403
134.871
144.137
132.297
73.6127
-30.8864
-172.964
-226.501
-112.221
29.8569
17.5023
-99.8662
-166.272
-155.977
-125.605
-133.841
-37.0637
336.662
868.424
1391.95
1748.69
1701.84
1238.03
924.534
1284.88
2048.29
2474.52
2157.42
1524.25
1195.82
1075.36
659.426
68.9797
-36.0342
413.364
816.432
682.076
92.1445
-405.127
-387.625
-7.20684
342.839
495.213
423.144
194.07
35.5194
38.6081
60.7433
99.8662
216.205
324.822
318.13
236.796
177.082
163.698
244.518
409.76
572.429
612.581
423.144
117.368
-12.8694
95.748
186.863
83.9082
-118.398
-299.084
-483.373
-727.376
-980.13
-1067.13
-949.243
-859.673
-965.201
-1158.76
-1264.28
-1268.92
-1224.65
-1172.14
-1113.97
-985.277
-841.141
-822.094
-904.458
-906.517
-748.481
-516.833
-362.916
-405.642
-546.175
-584.269
-475.136
-345.413
-324.308
-395.861
-490.065
-520.951
-470.503
-436.014
-453.516
-456.605
-405.127
-336.147
-296.51
-278.493
-273.345
-245.547
-169.875
-88.0264
-30.3717
-6.69206
-11.8398
-8.75116
67.9502
205.395
280.037
239.885
112.221
-19.5614
-98.8366
-112.736
-77.7309
-16.9875
65.3763
105.014
6.17729
-174.508
-218.779
97.8071
864.82
1671.99
1798.11
1090.81
484.402
849.377
1847.52
2418.41
2069.39
1513.44
1507.77
1705.45
1258.62
360.857
121.487
780.397
1390.92
1078.45
33.9751
-768.558
-698.034
-43.7558
498.816
613.096
328.941
-144.651
-441.161
-329.97
29.8569
355.194
494.183
441.161
337.177
321.734
354.679
302.172
255.328
404.612
702.667
883.867
675.384
189.437
-115.824
-48.9035
133.841
153.403
46.3297
-95.2332
-306.291
-599.197
-883.867
-966.231
-832.904
-692.886
-731.494
-954.906
-1211.78
-1352.31
-1289.51
-1112.94
-988.366
-970.864
-1016.16
-1053.23
-1066.61
-1063.01
-994.543
-790.693
-561.104
-488.521
-582.724
-713.477
-753.629
-645.527
-462.782
-361.886
-367.549
-433.954
-508.082
-518.892
-435.499
-328.941
-286.214
-310.924
-401.009
-487.491
-448.368
-298.569
-183.26
-139.504
-98.3218
-85.4525
-128.179
-222.382
-284.155
-178.112
84.4229
285.7
246.062
87.5116
-50.4479
-99.3514
-52.5069
34.4899
89.5707
119.942
137.445
90.0855
90.0855
255.843
693.915
1307.01
1640.07
1285.39
677.957
742.304
1543.29
2280.45
2258.31
1738.39
1488.73
1645.73
1532.48
860.187
449.912
867.909
1563.88
1635.95
852.981
-161.124
-575.517
-232.163
289.303
485.947
304.231
-95.748
-424.174
-407.186
-185.319
-5.14774
107.073
171.42
185.319
218.264
302.172
304.231
241.429
301.143
504.993
691.342
637.29
303.717
0.514774
6.17729
151.858
124.575
-46.8444
-188.922
-295.48
-443.735
-635.746
-760.321
-722.228
-660.455
-754.659
-953.361
-1102.13
-1178.83
-1176.26
-1104.71
-1067.64
-1090.81
-1144.86
-1212.29
-1237
-1158.24
-1004.84
-849.377
-736.642
-741.275
-837.023
-839.596
-684.135
-502.934
-373.726
-308.864
-324.308
-400.494
-474.107
-489.035
-427.262
-304.746
-212.602
-201.791
-280.552
-429.836
-534.335
-476.681
-287.244
-150.314
-169.875
-271.286
-327.911
-283.126
-171.42
-58.1695
5.66251
27.7978
41.1819
42.2115
18.0171
2.57387
15.4432
74.1275
168.846
203.851
125.605
64.8615
155.977
390.199
834.449
1386.29
1606.61
1256.05
849.892
1042.42
1719.35
2179.55
1932.98
1420.26
1386.8
1716.77
1610.21
972.923
629.054
968.29
1459.9
1404.3
728.92
48.3888
-49.4183
299.598
566.251
493.154
159.065
-238.34
-447.853
-345.928
-154.947
-51.4774
-2.0591
22.6501
38.0933
96.2627
196.129
256.872
287.244
370.637
495.727
566.251
473.592
252.754
137.445
215.69
279.008
124.575
-129.208
-275.919
-325.337
-386.081
-489.55
-549.779
-537.939
-580.665
-788.634
-1055.29
-1164.42
-1108.31
-1049.62
-1073.82
-1163.9
-1233.91
-1251.93
-1278.18
-1340.99
-1330.69
-1144.34
-915.268
-863.791
-994.543
-1085.66
-928.138
-598.682
-393.287
-450.942
-575.517
-560.074
-432.925
-319.16
-302.172
-369.608
-399.979
-321.734
-234.222
-268.712
-413.364
-511.171
-457.119
-280.552
-140.533
-172.964
-306.805
-390.199
-320.189
-123.031
63.3172
105.529
16.4728
0
105.014
158.036
41.6967
-105.529
-57.6547
173.994
335.633
269.742
142.078
215.69
656.852
1267.89
1573.15
1303.41
915.783
1074.33
1727.07
2196.03
1991.15
1538.66
1493.36
1787.3
1723.98
1118.09
703.181
962.113
1496.96
1539.17
935.344
258.931
95.748
432.41
735.097
630.083
196.644
-206.939
-322.249
-185.319
-109.132
-199.732
-258.417
-193.04
-125.09
-149.799
-128.694
9.26593
203.851
360.342
417.482
401.524
289.818
127.664
73.6127
217.749
362.916
246.577
-32.9455
-218.264
-269.227
-340.266
-491.094
-590.961
-528.673
-401.524
-426.233
-666.118
-975.497
-1143.31
-1060.95
-861.217
-810.254
-1007.41
-1255.02
-1364.15
-1373.42
-1365.7
-1304.95
-1117.57
-910.12
-899.825
-1089.26
-1180.38
-961.083
-598.682
-363.945
-339.751
-417.482
-482.858
-499.331
-469.989
-403.068
-300.628
-202.821
-169.875
-220.323
-324.822
-414.393
-412.849
-309.894
-196.129
-173.994
-239.37
-332.544
-394.317
-382.992
-286.214
-152.888
-81.8491
-84.9377
-102.44
-79.79
-42.2115
-25.2239
4.11819
89.5707
200.762
290.847
311.438
356.224
645.012
1116.03
1379.59
1191.19
973.438
1243.18
1868.11
2200.14
1860.39
1374.96
1406.88
1813.55
1857.3
1359.52
989.91
1160.82
1520.64
1458.35
915.268
405.642
356.738
654.278
843.715
673.839
240.914
-154.432
-259.961
-94.2036
27.283
-55.0808
-171.42
-153.917
-80.3047
-105.014
-174.508
-167.302
-11.8398
209.513
323.278
266.653
80.3047
-89.0559
-98.8366
67.4354
205.395
105.014
-120.972
-251.21
-261.505
-304.746
-440.132
-556.471
-559.559
-496.242
-505.508
-622.877
-800.474
-969.319
-1025.94
-920.416
-773.191
-780.397
-967.26
-1175.23
-1239.06
-1179.86
-1129.41
-1134.56
-1132.5
-1074.33
-1004.32
-967.26
-947.184
-910.12
-799.444
-596.108
-401.524
-328.941
-381.962
-430.866
-366.519
-239.37
-162.154
-177.597
-213.631
-212.602
-186.348
-175.538
-182.745
-182.23
-175.538
-154.432
-149.799
-171.935
-205.91
-233.707
-258.417
-258.931
-227.015
-186.348
-146.196
-145.681
-138.989
-82.3638
57.6547
182.23
205.395
238.34
383.507
722.228
1082.05
1199.42
1011.53
902.399
1205.09
1667.87
1855.76
1577.27
1261.2
1343.56
1681.77
1721.92
1297.75
980.13
1122.72
1463.5
1475.86
1050.65
586.328
505.508
790.693
974.467
798.414
388.654
68.9797
37.5785
180.171
198.188
-42.2115
-278.493
-260.99
-72.0684
15.958
-77.2161
-206.424
-184.804
33.9751
227.015
239.37
99.8662
-62.8024
-111.706
-43.7558
49.9331
20.0762
-103.47
-193.555
-227.015
-275.404
-384.536
-481.314
-498.301
-430.866
-385.566
-451.457
-580.665
-705.24
-791.208
-834.449
-840.626
-838.052
-885.411
-980.644
-1082.05
-1159.79
-1192.73
-1177.8
-1122.72
-1056.83
-1028
-1053.74
-1072.79
-1025.43
-911.665
-780.397
-678.472
-629.054
-626.995
-617.729
-534.85
-395.346
-284.67
-259.446
-290.847
-292.392
-225.986
-145.681
-110.162
-124.575
-151.858
-149.284
-118.398
-75.157
-76.7013
-146.196
-212.602
-188.407
-89.5707
-48.9035
-123.546
-239.885
-249.665
-130.238
23.1648
102.955
101.925
139.504
254.298
486.976
755.173
945.125
978.071
951.302
1108.82
1403.27
1608.15
1514.98
1285.91
1265.31
1490.27
1659.12
1487.18
1162.87
1059.92
1246.78
1418.72
1301.86
970.864
745.393
793.267
952.332
963.657
733.553
463.811
344.384
394.317
419.026
266.138
58.1695
-27.283
77.7309
188.922
138.989
-21.1057
-129.723
-67.9502
68.4649
123.546
45.3001
-81.8491
-158.036
-162.154
-164.728
-227.015
-312.468
-356.224
-337.692
-327.396
-396.891
-506.538
-560.589
-533.306
-468.959
-429.836
-436.014
-471.018
-537.424
-598.682
-620.817
-630.083
-664.058
-762.895
-882.837
-963.657
-1009.47
-1062.49
-1128.9
-1149.49
-1109.85
-1057.35
-1062.49
-1112.43
-1120.66
-1039.84
-891.074
-760.836
-697.004
-680.016
-672.295
-635.746
-561.104
-474.622
-406.157
-360.342
-335.633
-308.35
-272.83
-221.868
-157.521
-89.0559
-34.4899
-1.54432
6.69206
-11.8398
-31.4012
-35.5194
-9.26593
21.6205
13.8989
-12.3546
-33.4603
-20.0762
16.4728
43.7558
75.6718
123.031
183.26
253.269
343.869
470.503
605.889
718.11
813.343
902.914
972.408
997.117
985.792
1000.72
1087.72
1213.84
1285.91
1274.07
1239.06
1234.43
1255.53
1264.28
1245.75
1200.97
1147.95
1122.72
1118.09
1077.42
973.952
839.082
721.713
634.202
527.129
373.211
236.281
200.247
233.193
222.382
130.238
23.1648
-10.2955
19.0466
32.9455
-8.23638
-83.3934
-140.533
-162.669
-171.935
-206.939
-282.611
-358.797
-376.815
-354.165
-366.519
-430.351
-487.491
-495.213
-468.444
-440.132
-418.511
-387.11
-358.283
-356.224
-375.785
-393.802
-414.908
-463.811
-541.542
-618.244
-676.413
-744.363
-838.052
-928.138
-993.514
-1044.48
-1094.41
-1137.14
-1157.21
-1152.06
-1122.21
-1081.03
-1035.73
-980.13
-914.239
-848.348
-798.414
-768.043
-738.186
-681.561
-596.623
-524.555
-503.964
-507.052
-469.989
-363.43
-248.121
-181.715
-157.521
-131.267
-70.0093
4.63297
43.241
44.2706
39.1228
48.9035
68.4649
69.4945
54.0513
45.3001
55.5956
82.3638
118.913
166.787
233.193
329.455
449.398
572.943
686.194
772.161
825.183
862.246
901.369
960.054
1038.81
1108.82
1154.12
1183.98
1210.23
1239.58
1255.53
1257.59
1268.92
1298.77
1318.34
1298.26
1254.5
1221.04
1194.79
1139.19
1031.61
892.618
760.836
643.982
527.643
407.701
307.32
244.003
194.585
137.959
86.482
54.0513
41.1819
27.283
-10.8103
-54.566
-70.0093
-54.0513
-48.9035
-85.9673
-154.947
-225.986
-280.552
-325.852
-376.3
-428.292
-465.356
-490.58
-516.318
-541.542
-541.542
-520.437
-514.259
-538.454
-572.943
-591.475
-588.387
-598.682
-641.408
-700.093
-761.351
-819.52
-880.264
-945.64
-1000.72
-1039.33
-1071.76
-1102.13
-1128.9
-1143.83
-1139.19
-1116.54
-1076.91
-1025.43
-971.379
-924.019
-892.618
-870.998
-835.478
-763.925
-661.999
-567.281
-495.727
-438.587
-364.46
-264.594
-174.508
-112.736
-61.7729
8.23638
98.3218
171.935
199.732
194.585
188.922
198.703
211.057
212.087
200.762
185.833
178.112
180.171
189.437
197.673
200.247
225.986
317.101
482.858
663.544
779.883
806.136
795.326
823.638
897.766
968.29
996.088
1007.41
1054.77
1137.14
1202
1209.2
1166.99
1125.81
1120.66
1143.83
1158.76
1141.25
1109.85
1096.47
1096.98
1067.13
964.687
795.326
613.611
480.799
407.186
344.899
260.476
154.947
58.6842
4.11819
-9.78071
-9.78071
-20.0762
-49.9331
-78.2457
-90.6002
-85.9673
-80.3047
-95.748
-116.339
-128.694
-134.356
-155.977
-212.087
-281.581
-341.81
-371.152
-395.346
-443.22
-504.479
-545.146
-540.513
-525.069
-551.838
-620.817
-694.43
-727.376
-724.287
-721.198
-755.173
-824.153
-887.985
-915.783
-918.357
-930.197
-956.965
-981.159
-976.012
-947.699
-918.357
-908.576
-911.15
-900.34
-865.335
-812.313
-778.338
-781.427
-808.71
-815.917
-754.144
-650.674
-557.5
-503.964
-471.533
-403.583
-298.054
-186.348
-99.3514
-33.9751
39.6376
115.309
171.935
199.732
203.851
199.732
200.762
201.277
201.791
201.277
199.732
206.424
213.631
212.602
192.011
176.567
213.631
337.177
509.626
645.012
711.932
739.215
788.634
865.85
930.711
964.172
983.733
1033.15
1109.85
1168.02
1182.95
1153.61
1108.82
1084.11
1090.81
1103.68
1089.26
1043.45
998.662
978.585
964.172
906.517
774.735
618.244
499.846
439.617
390.713
306.805
202.306
111.191
70.0093
60.7433
55.0808
37.0637
2.57387
-26.2535
-48.9035
-60.2286
-69.4945
-81.3343
-91.6298
-106.043
-123.546
-154.432
-198.703
-253.784
-295.48
-314.012
-326.881
-356.224
-403.583
-441.161
-466.9
-490.065
-531.247
-596.108
-662.514
-711.932
-735.612
-756.718
-802.018
-868.424
-927.108
-942.551
-925.564
-914.239
-926.593
-939.463
-923.505
-883.352
-850.921
-852.466
-869.453
-872.542
-840.626
-788.119
-744.878
-726.346
-737.671
-747.452
-718.11
-648.1
-575.003
-536.909
-516.318
-472.048
-388.14
-299.598
-238.855
-192.525
-131.267
-46.8444
34.4899
102.955
162.154
218.264
265.623
294.451
304.746
304.231
300.628
284.155
260.476
241.944
236.281
236.281
238.34
279.008
378.874
514.259
627.51
691.856
729.95
778.338
851.951
918.872
973.952
1034.18
1114.49
1196.85
1244.72
1249.87
1217.44
1170.08
1125.3
1092.87
1072.27
1052.71
1028
1011.53
994.543
946.669
834.963
667.662
501.39
379.903
308.35
255.328
199.732
135.9
69.4945
13.8989
-18.0171
-30.8864
-32.4308
-34.4899
-45.8149
-61.2581
-91.115
-134.871
-181.715
-212.602
-221.868
-231.134
-256.357
-303.202
-354.679
-393.287
-420.056
-443.22
-470.503
-493.668
-500.875
-493.668
-484.917
-498.816
-542.057
-598.167
-654.793
-700.093
-738.701
-776.794
-814.372
-845.774
-859.158
-861.732
-868.424
-882.323
-891.589
-875.631
-842.685
-820.035
-817.461
-820.55
-804.592
-771.131
-739.215
-722.228
-719.654
-709.359
-675.898
-619.788
-555.441
-501.905
-461.752
-426.233
-380.933
-318.645
-249.665
-181.2
-114.28
-51.9922
4.63297
55.0808
98.8366
137.959
185.833
253.269
325.852
386.081
415.423
405.127
373.211
341.81
317.616
299.084
292.906
316.071
373.211
465.356
563.678
634.202
679.502
714.506
754.659
796.355
838.567
882.837
932.256
998.147
1070.22
1121.18
1140.22
1124.27
1080.51
1034.7
1004.84
984.763
963.657
946.669
933.285
900.34
834.963
723.772
575.003
427.262
308.35
215.176
133.326
63.3172
9.26593
-23.6796
-29.3421
-27.283
-36.549
-47.3592
-49.4183
-41.6967
-29.3421
-20.591
-27.283
-47.3592
-72.5831
-104.499
-147.74
-196.129
-245.032
-288.273
-315.042
-329.455
-351.076
-388.14
-424.174
-447.339
-449.398
-443.22
-454.031
-483.373
-516.833
-545.146
-566.251
-586.842
-615.67
-656.852
-697.004
-727.89
-754.144
-766.499
-762.38
-763.925
-784.001
-817.976
-857.614
-885.411
-885.411
-869.453
-852.466
-843.2
-845.774
-854.525
-850.407
-817.976
-764.954
-697.004
-629.054
-572.943
-527.643
-479.769
-423.659
-366.004
-302.687
-232.163
-167.302
-115.309
-77.7309
-53.5365
-23.1648
31.4012
100.381
162.669
206.424
236.796
260.99
285.7
304.231
308.864
304.746
302.172
320.704
381.448
485.432
603.83
694.43
746.422
773.705
796.87
829.301
867.394
904.973
945.125
1002.27
1072.79
1130.96
1163.9
1162.36
1134.56
1110.37
1109.85
1122.21
1121.18
1107.28
1094.41
1083.08
1058.89
983.733
841.656
669.721
509.112
386.595
299.598
236.281
185.319
141.048
107.073
70.524
23.1648
-19.5614
-29.3421
-8.23638
6.69206
-11.8398
-63.3172
-126.12
-164.728
-170.905
-169.875
-185.833
-231.648
-296.51
-351.076
-379.903
-396.891
-418.511
-446.824
-468.959
-485.947
-513.744
-563.678
-624.421
-670.751
-689.282
-697.519
-709.873
-732.009
-764.954
-796.355
-816.946
-823.124
-824.668
-835.993
-851.436
-861.217
-869.453
-881.808
-899.825
-911.665
-904.973
-886.441
-876.145
-881.293
-886.956
-863.791
-796.355
-709.873
-634.202
-584.783
-552.353
-506.538
-446.309
-388.14
-329.97
-267.168
-197.673
-132.812
-81.3343
-40.6671
2.0591
57.1399
114.795
160.095
190.981
215.176
232.163
247.606
272.83
302.687
327.396
341.295
338.721
334.603
361.371
440.647
551.323
645.012
695.46
714.506
728.92
759.292
791.208
808.195
816.432
843.715
897.251
950.788
982.704
980.644
950.273
930.197
943.066
978.585
1006.9
1020.8
1037.78
1049.62
1050.65
1019.25
930.711
810.769
694.43
602.286
529.702
465.356
399.465
321.219
249.665
197.673
144.651
86.482
37.5785
9.78071
-13.8989
-44.7853
-83.9082
-131.782
-166.272
-176.567
-178.112
-181.2
-195.099
-216.72
-237.826
-255.843
-272.83
-306.291
-349.017
-381.962
-402.553
-421.085
-457.119
-512.2
-577.576
-640.894
-689.282
-727.89
-761.866
-791.722
-817.976
-826.212
-811.284
-788.634
-778.338
-792.237
-817.976
-841.141
-860.702
-877.175
-885.926
-888.5
-885.926
-889.015
-900.855
-912.694
-907.547
-878.204
-833.419
-780.397
-724.287
-669.206
-607.948
-539.483
-471.533
-420.056
-374.241
-306.291
-216.72
-128.179
-66.4058
-35.0046
-1.02955
54.566
116.339
159.58
178.627
197.158
228.045
266.653
305.776
329.97
339.236
343.869
356.738
384.536
432.41
508.082
598.167
678.472
733.553
764.954
787.089
813.343
844.229
868.939
883.352
900.34
930.711
974.982
1015.65
1019.25
982.704
946.155
938.948
956.965
976.012
984.763
985.277
977.041
962.627
928.652
860.702
759.806
645.012
547.72
482.858
431.895
364.975
277.463
196.129
138.474
89.5707
35.0046
-17.5023
-56.6251
-89.0559
-116.854
-131.782
-142.592
-155.977
-170.905
-179.141
-180.686
-189.952
-209.513
-232.678
-248.636
-267.682
-307.32
-369.608
-420.056
-445.794
-475.136
-529.188
-603.315
-675.898
-728.92
-763.925
-789.663
-821.065
-848.862
-859.673
-848.348
-820.55
-800.474
-809.225
-831.36
-833.419
-816.432
-803.562
-800.988
-805.621
-812.313
-809.74
-795.326
-785.545
-784.001
-776.279
-757.747
-721.198
-672.295
-624.936
-585.298
-532.791
-466.9
-409.245
-361.371
-297.539
-208.483
-115.824
-41.6967
16.9875
77.7309
147.74
208.998
245.032
267.168
281.581
286.729
302.172
332.544
356.738
361.886
355.194
353.135
363.945
376.3
391.228
437.043
520.951
604.345
653.248
680.531
722.743
774.735
816.432
836.508
830.33
826.727
851.436
894.677
931.226
931.226
886.956
837.537
831.875
857.614
863.791
844.744
838.052
844.744
847.318
839.082
787.604
689.797
583.239
493.668
428.292
373.726
303.202
213.116
138.474
101.41
63.3172
-5.14774
-68.4649
-106.558
-129.723
-143.107
-148.77
-159.58
-171.935
-178.112
-179.141
-177.082
-176.053
-191.496
-215.69
-236.281
-268.197
-323.793
-384.021
-426.233
-457.634
-489.55
-518.377
-547.205
-582.209
-621.847
-659.94
-692.886
-717.595
-738.701
-753.629
-747.967
-735.612
-739.73
-752.6
-753.629
-743.848
-740.76
-749.511
-763.41
-769.072
-765.469
-753.114
-730.979
-701.122
-670.236
-649.645
-624.936
-589.931
-562.133
-546.69
-531.762
-506.023
-466.385
-411.819
-350.561
-288.273
-217.749
-143.107
-66.4058
20.0762
106.558
171.935
214.661
249.151
282.611
306.805
327.396
344.899
352.105
349.532
335.633
317.101
303.717
297.539
284.67
284.67
327.911
394.317
452.486
496.757
534.335
573.973
619.273
667.147
703.696
734.068
767.013
793.267
815.402
846.803
860.702
838.567
822.094
839.082
850.407
840.626
829.301
811.284
794.811
790.178
764.439
699.578
621.332
543.601
459.693
384.021
331.514
272.83
199.218
154.947
137.445
107.588
74.6422
54.566
32.4308
16.4728
10.2955
-6.17729
-25.7387
-35.0046
-42.7262
-64.8615
-92.1445
-125.09
-165.757
-199.218
-223.412
-261.505
-310.924
-344.899
-368.063
-398.95
-442.706
-495.213
-543.087
-574.488
-600.227
-636.261
-676.413
-710.388
-737.156
-753.114
-759.806
-774.735
-799.959
-821.065
-827.757
-822.609
-812.313
-805.107
-803.047
-787.604
-758.777
-732.009
-707.814
-687.738
-665.603
-629.054
-580.665
-539.998
-521.981
-511.171
-494.183
-466.9
-420.57
-369.093
-322.763
-265.109
-193.555
-113.765
-34.4899
35.5194
84.9377
122.001
163.183
202.821
233.707
257.902
279.522
298.569
313.497
317.616
303.202
287.244
274.889
255.843
240.914
262.535
326.367
392.258
429.836
451.457
483.888
536.395
594.564
639.864
674.354
715.536
759.806
801.503
847.833
879.749
868.424
843.2
851.436
879.234
879.234
849.892
827.757
822.094
814.887
787.604
727.89
644.497
553.897
472.048
419.026
388.654
340.78
270.256
222.897
213.631
201.277
155.462
110.676
96.2627
92.6593
73.6127
44.2706
16.4728
-2.57387
-16.9875
-35.0046
-53.0217
-81.8491
-132.297
-181.2
-207.454
-233.193
-286.214
-352.62
-392.773
-407.701
-429.836
-464.841
-499.331
-525.069
-558.015
-604.859
-649.645
-682.076
-705.24
-714.506
-704.211
-704.726
-726.861
-759.806
-773.191
-755.173
-743.334
-766.499
-798.929
-811.799
-803.562
-787.604
-773.191
-752.6
-725.831
-695.46
-659.426
-628.024
-610.522
-595.079
-564.192
-507.567
-443.22
-401.009
-373.726
-329.97
-256.357
-177.082
-121.487
-78.2457
-27.283
32.9455
92.6593
139.504
175.023
202.306
228.045
261.505
292.906
299.084
283.64
273.345
274.375
276.948
265.623
258.417
291.362
361.371
427.262
457.119
466.385
500.36
570.884
640.379
690.312
721.713
747.967
776.794
816.432
863.791
882.323
861.217
839.082
855.04
885.926
891.589
865.85
848.348
851.951
841.141
803.047
745.908
671.78
587.872
511.685
453.001
411.819
366.004
316.586
284.67
265.623
237.311
191.496
151.858
148.255
157.006
134.356
93.1741
65.3763
51.9922
37.0637
13.8989
-16.9875
-61.7729
-115.824
-155.977
-183.774
-232.678
-312.468
-382.992
-404.098
-399.465
-428.292
-495.213
-562.648
-606.919
-634.202
-663.544
-695.46
-723.257
-743.848
-762.895
-780.397
-803.047
-837.023
-866.879
-870.483
-852.981
-851.436
-884.382
-921.96
-927.108
-909.091
-896.736
-894.677
-886.956
-862.246
-828.786
-784.516
-726.346
-670.751
-628.539
-580.665
-520.951
-461.752
-417.996
-377.329
-312.983
-232.678
-162.669
-109.647
-58.1695
4.11819
66.4058
115.309
153.403
182.745
204.365
229.074
262.02
296.51
320.704
326.367
327.911
342.839
363.43
375.785
399.979
460.723
530.217
567.796
578.091
601.256
656.852
726.861
781.427
804.077
808.195
812.313
830.845
867.909
900.855
902.914
885.926
884.382
901.884
914.239
903.428
880.778
869.453
866.365
847.318
800.474
743.334
685.679
628.539
575.517
525.069
469.989
415.937
376.815
344.899
304.231
251.21
203.336
172.449
147.74
103.47
42.7262
0
-12.8694
-18.5319
-32.9455
-59.199
-102.955
-151.858
-195.614
-234.737
-280.552
-339.236
-395.861
-432.41
-454.031
-482.343
-515.289
-538.968
-559.045
-600.741
-667.147
-721.713
-752.6
-769.587
-787.604
-815.917
-846.803
-868.939
-879.749
-880.778
-881.293
-903.428
-941.007
-952.847
-925.564
-894.162
-885.926
-885.926
-859.673
-814.372
-775.25
-753.114
-739.73
-722.743
-692.886
-647.586
-589.931
-531.247
-481.314
-427.262
-353.65
-268.197
-190.981
-132.297
-81.8491
-19.0466
44.2706
91.115
117.883
146.711
184.289
222.382
255.843
277.463
285.7
291.877
305.776
329.455
356.738
378.359
388.14
392.258
418.511
483.888
553.382
599.712
622.362
648.615
705.24
773.705
813.858
805.107
789.663
814.372
869.968
909.606
897.251
859.158
851.951
900.34
952.847
938.433
872.542
816.432
814.372
852.466
851.436
771.646
667.662
617.729
615.155
600.741
532.276
417.996
328.426
310.409
324.822
292.906
205.395
129.723
104.499
118.398
120.457
55.5956
-32.4308
-66.4058
-49.9331
-42.7262
-84.4229
-162.154
-221.868
-230.619
-224.441
-265.109
-349.017
-422.115
-449.912
-443.735
-447.853
-496.242
-573.458
-625.965
-643.982
-665.088
-704.726
-767.013
-825.183
-845.774
-840.111
-844.229
-874.086
-914.239
-935.344
-929.682
-911.665
-912.694
-931.741
-929.167
-894.162
-846.803
-806.136
-775.25
-756.203
-729.95
-682.076
-639.349
-612.066
-591.475
-562.648
-513.744
-450.942
-390.713
-346.958
-301.143
-235.252
-161.124
-94.7184
-40.1524
1.54432
46.3297
102.955
155.977
188.407
208.998
234.222
270.771
308.35
327.396
329.97
335.633
356.738
380.933
397.92
406.157
411.819
426.748
467.93
528.158
579.121
610.007
626.995
646.041
682.59
726.346
752.085
760.321
770.102
788.634
810.769
822.609
813.858
792.752
789.663
810.254
824.153
813.343
790.178
775.25
777.309
777.824
747.967
680.016
612.581
569.855
535.365
484.402
409.245
326.367
270.771
253.269
240.914
188.407
103.47
38.0933
23.6796
39.6376
35.0046
-14.4137
-75.157
-96.2627
-80.8195
-70.524
-98.8366
-159.58
-213.631
-239.885
-249.665
-276.948
-328.941
-386.595
-426.233
-435.499
-435.499
-457.634
-510.656
-572.943
-615.67
-638.32
-658.396
-695.46
-746.422
-784.516
-799.444
-809.225
-833.934
-866.879
-896.222
-906.002
-891.589
-876.66
-870.483
-861.732
-837.537
-797.9
-754.144
-716.051
-689.797
-665.603
-628.024
-583.239
-542.572
-509.112
-480.799
-438.073
-372.182
-301.658
-253.269
-218.264
-173.994
-113.765
-46.8444
11.325
53.5365
92.6593
138.989
185.319
219.809
240.399
252.239
258.931
274.375
298.569
319.675
328.941
331.514
334.088
341.295
356.224
374.755
397.406
435.499
479.769
517.348
544.116
566.251
591.99
627.51
665.603
695.46
710.388
725.831
751.055
778.853
798.929
798.414
784.516
776.794
781.427
787.089
783.486
765.469
737.671
712.962
698.548
682.59
643.982
589.416
534.85
487.491
445.794
395.861
332.029
269.227
219.294
178.627
141.563
103.984
68.9797
29.8569
-6.17729
-32.4308
-62.2877
-89.0559
-106.043
-122.516
-137.959
-159.58
-190.981
-220.323
-238.855
-259.446
-298.569
-346.443
-385.566
-412.334
-436.014
-461.752
-502.419
-549.264
-586.328
-613.611
-639.349
-670.751
-712.962
-752.6
-772.676
-779.368
-791.722
-810.769
-822.094
-823.638
-815.402
-808.71
-810.769
-811.799
-797.9
-767.528
-733.038
-704.211
-683.62
-663.029
-620.303
-557.5
-502.934
-462.267
-424.689
-372.182
-301.143
-227.53
-168.846
-126.634
-83.3934
-30.8864
24.7092
73.6127
109.647
131.267
150.829
178.627
203.851
216.72
223.412
233.707
251.724
271.801
284.155
287.759
291.362
304.746
327.396
347.987
362.401
371.667
380.933
398.435
422.629
445.28
466.385
490.065
512.2
529.188
542.057
560.074
588.387
616.699
632.657
639.349
648.1
666.118
689.282
704.211
707.814
702.152
695.46
689.282
681.046
662.514
633.687
601.771
573.973
549.779
517.348
472.048
419.026
369.608
332.029
300.628
267.168
225.986
181.715
145.166
119.942
100.381
76.1866
40.6671
-2.0591
-40.1524
-71.0388
-101.925
-133.326
-166.272
-201.791
-243.488
-283.64
-316.586
-343.354
-368.063
-398.95
-434.984
-473.077
-504.479
-528.673
-547.205
-566.766
-605.889
-658.396
-702.152
-727.89
-741.789
-754.659
-773.705
-796.355
-813.343
-821.065
-821.065
-813.343
-797.9
-773.705
-741.275
-708.844
-681.046
-656.337
-624.421
-583.239
-541.027
-500.875
-466.9
-429.322
-385.051
-337.177
-290.333
-249.151
-210.543
-169.361
-124.575
-78.7604
-38.6081
-3.08864
31.4012
67.4354
102.44
135.386
165.757
196.129
230.104
262.535
280.552
291.362
303.202
320.704
346.958
374.755
399.979
420.57
441.161
461.752
478.225
491.609
499.331
505.508
517.863
534.85
553.897
572.943
591.475
602.8
603.83
594.564
583.754
582.209
588.387
596.623
602.8
602.8
602.8
603.315
602.286
593.02
570.37
540.513
512.715
489.55
471.533
451.972
425.718
395.346
362.401
327.911
291.877
254.813
215.69
175.023
136.93
101.925
66.9206
31.916
2.57387
-28.3126
-61.2581
-99.3514
-144.137
-189.952
-231.648
-268.197
-298.569
-320.704
-338.721
-357.253
-376.815
-398.435
-423.659
-451.972
-476.681
-500.875
-526.099
-546.69
-563.163
-572.943
-576.032
-582.724
-599.197
-620.817
-645.527
-661.485
-666.118
-661.485
-652.733
-645.527
-636.775
-626.995
-617.729
-606.919
-593.02
-575.517
-554.926
-529.702
-499.846
-462.267
-418.511
-370.123
-320.704
-274.375
-233.193
-195.099
-157.006
-117.883
-82.3638
-51.9922
-23.1648
8.75116
42.2115
78.2457
109.132
134.871
155.462
173.994
198.188
225.471
254.813
285.7
317.616
343.354
362.401
373.726
378.874
384.536
391.228
397.92
404.098
409.76
413.878
415.937
416.452
417.482
419.026
423.144
428.292
430.351
431.381
430.351
430.866
434.469
439.102
442.706
442.706
438.587
433.954
427.262
417.482
402.553
387.11
375.27
374.755
379.903
381.962
372.182
352.105
328.426
305.261
284.67
266.138
249.665
227.015
202.306
177.082
152.373
128.694
98.8366
65.3763
28.3126
-5.66251
-35.0046
-60.2286
-81.3343
-103.984
-135.386
-166.272
-193.555
-216.72
-237.826
-263.564
-290.333
-315.556
-338.207
-355.194
-368.578
-384.536
-403.068
-424.174
-443.22
-460.723
-480.284
-501.905
-516.318
-520.437
-518.377
-511.685
-507.567
-504.479
-502.934
-501.905
-494.698
-481.828
-464.326
-446.309
-431.381
-417.482
-402.553
-387.11
-368.063
-347.987
-327.396
-306.805
-286.729
-263.564
-233.707
-202.821
-172.449
-146.196
-123.031
-98.8366
-73.0979
-48.3888
-26.2535
-7.20684
13.3841
37.0637
65.3763
94.2036
120.972
146.711
169.875
194.07
220.838
246.577
269.742
286.214
299.084
311.438
320.189
324.822
327.396
327.396
325.852
322.763
321.219
323.278
326.881
330.485
332.544
336.147
339.236
342.839
346.443
350.561
354.679
360.342
367.034
371.152
371.667
364.46
351.591
336.662
321.734
307.835
297.025
290.847
285.185
273.345
260.476
246.062
231.648
218.264
207.969
196.644
181.2
161.124
136.93
115.309
99.3514
84.4229
68.4649
48.9035
30.8864
14.9284
-2.57387
-24.7092
-49.4183
-75.6718
-95.748
-110.162
-125.09
-148.255
-179.141
-207.969
-233.193
-254.298
-271.801
-291.362
-312.468
-332.029
-349.017
-359.827
-367.549
-374.241
-380.418
-384.536
-384.536
-380.418
-372.182
-363.945
-354.165
-344.899
-338.721
-334.603
-333.574
-329.97
-322.763
-310.924
-298.054
-290.333
-282.096
-271.801
-257.902
-241.429
-222.897
-206.424
-188.407
-166.787
-147.74
-131.267
-115.824
-105.014
-91.115
-75.157
-57.1399
-37.0637
-23.1648
-12.8694
-0.514774
15.4432
33.9751
55.5956
75.6718
91.115
103.47
116.339
125.605
134.356
145.166
155.977
164.728
172.449
177.597
182.23
189.437
200.762
212.087
218.779
222.382
224.441
229.074
238.34
248.121
255.843
258.417
256.357
257.387
260.99
266.138
271.286
274.375
277.463
282.096
284.155
281.067
272.315
259.961
247.092
237.826
232.678
225.986
217.749
209.513
203.336
199.732
195.099
185.833
172.964
159.58
147.225
138.989
131.267
122.001
110.676
94.7184
71.5536
43.241
13.8989
-11.325
-28.8273
-37.5785
-45.8149
-61.2581
-82.8786
-107.588
-130.238
-146.196
-158.55
-169.361
-177.597
-185.319
-196.129
-210.543
-230.619
-252.239
-266.653
-274.889
-275.404
-272.315
-273.86
-280.037
-285.185
-288.273
-286.214
-281.581
-276.434
-270.771
-263.564
-257.902
-254.813
-252.754
-250.695
-247.092
-241.429
-234.222
-224.441
-213.631
-203.336
-197.158
-195.614
-200.247
-206.424
-205.395
-195.099
-179.141
-160.095
-145.166
-131.782
-116.339
-101.925
-86.9968
-68.9797
-49.9331
-26.7682
-1.54432
22.1353
42.2115
55.5956
66.4058
77.7309
85.9673
95.748
106.558
120.457
137.959
155.977
169.361
180.171
193.04
207.454
225.986
242.459
256.872
267.682
276.434
287.759
297.025
305.776
317.101
325.337
333.059
337.177
332.544
324.308
315.556
308.35
304.231
299.084
290.333
279.008
265.109
252.239
238.855
222.382
201.791
185.833
168.846
156.491
149.799
138.989
127.664
115.824
101.925
89.5707
74.1275
59.199
46.8444
34.4899
24.7092
11.325
-6.17729
-24.7092
-45.3001
-64.8615
-87.5116
-113.765
-135.9
-153.403
-165.757
-172.964
-182.23
-194.07
-207.454
-219.294
-228.045
-238.855
-248.121
-254.298
-255.843
-257.902
-259.446
-264.594
-272.315
-276.948
-277.978
-276.948
-281.067
-282.611
-281.581
-277.463
-269.742
-264.079
-260.476
-256.872
-252.754
-245.032
-234.737
-223.927
-213.116
-202.821
-189.952
-177.082
-164.213
-148.255
-137.445
-130.753
-121.487
-110.676
-98.3218
-86.9968
-72.5831
-56.1104
-39.6376
-20.591
1.02955
20.591
39.1228
58.1695
74.6422
91.115
108.103
122.001
133.326
140.019
148.255
156.491
161.124
167.816
178.627
188.407
198.188
208.483
218.779
229.589
240.399
249.151
257.387
265.623
274.889
284.67
289.303
291.362
289.818
284.155
277.978
273.345
267.682
263.05
254.813
243.488
231.134
219.294
208.483
197.673
188.922
178.627
166.787
155.462
144.137
130.238
116.339
99.8662
82.8786
68.9797
51.4774
34.4899
18.0171
2.57387
-10.8103
-22.1353
-36.0342
-51.9922
-66.9206
-79.2752
-90.0855
-101.925
-109.132
-118.913
-129.723
-139.504
-151.344
-162.669
-172.449
-181.2
-190.981
-200.762
-211.057
-218.264
-223.927
-228.045
-229.589
-230.104
-229.074
-226.501
-223.927
-219.294
-214.661
-210.543
-203.336
-198.703
-194.585
-189.437
-184.804
-182.745
-178.627
-175.023
-168.331
-161.124
-153.917
-145.166
-135.386
-125.605
-113.765
-103.984
-96.2627
-85.9673
-77.2161
-67.4354
-54.566
-46.3297
-39.6376
-31.916
-26.7682
-19.0466
-12.8694
-8.23638
-1.54432
3.60342
9.26593
15.958
22.1353
27.7978
36.0342
44.2706
55.0808
67.4354
77.2161
88.5411
96.7775
105.014
113.25
119.942
130.753
140.019
150.829
161.639
169.361
174.508
182.23
186.348
193.04
202.821
207.454
215.176
222.897
227.53
231.134
230.619
227.53
224.956
221.868
215.69
210.028
202.306
192.011
183.774
175.023
164.728
152.888
141.048
130.753
120.972
113.765
105.014
94.2036
85.9673
77.7309
67.4354
57.1399
45.8149
31.916
20.591
10.8103
-1.02955
-12.3546
-25.2239
-37.5785
-46.8444
-57.1399
-67.9502
-77.2161
-86.482
-94.7184
-103.47
-112.221
-122.001
-130.238
-136.415
-143.107
-151.344
-161.124
-171.935
-180.171
-187.893
-194.585
-202.821
-212.602
-219.294
-225.986
-226.501
-230.104
-233.193
-233.707
-231.648
-225.986
-218.264
-214.146
-208.483
-200.762
-192.525
-181.2
-170.39
-162.669
-152.373
-142.592
-128.694
-114.795
-101.925
-87.5116
-72.5831
-57.6547
-43.241
-30.8864
-19.5614
-7.20684
5.14774
17.5023
28.3126
36.0342
43.241
50.4479
57.6547
65.8911
69.4945
72.5831
79.2752
84.4229
90.6002
96.2627
99.3514
103.984
106.558
110.676
116.854
120.457
125.605
133.326
136.93
142.078
147.74
150.314
158.036
162.669
165.242
169.875
169.361
171.42
175.538
176.053
176.053
174.508
173.994
174.508
173.479
169.875
162.154
150.829
143.107
134.871
125.09
117.368
103.47
88.0264
75.6718
59.7138
45.3001
32.4308
19.0466
7.20684
-2.57387
-13.8989
-23.6796
-32.4308
-42.2115
-50.4479
-58.6842
-65.3763
-71.5536
-78.2457
-80.3047
-82.3638
-82.3638
-82.8786
-85.9673
-87.5116
-88.0264
-88.5411
-84.9377
-82.3638
-82.3638
-80.3047
-78.2457
-80.3047
-78.7604
-78.2457
-77.2161
-74.6422
-74.1275
-72.5831
-71.5536
-74.6422
-76.1866
-78.7604
-80.8195
-80.3047
-81.8491
-85.4525
-88.5411
-93.1741
-93.6889
-89.5707
-89.0559
-86.482
-83.9082
-84.4229
-80.3047
-75.157
-71.0388
-66.4058
-61.7729
-58.6842
-55.5956
-50.4479
-47.3592
-41.6967
-38.6081
-35.0046
-29.8569
-26.2535
-20.0762
-13.8989
-7.72161
-2.0591
1.02955
5.66251
7.20684
9.26593
13.8989
18.0171
23.6796
27.283
26.2535
27.283
28.8273
29.3421
33.9751
36.549
36.549
38.0933
39.1228
40.1524
44.7853
46.8444
49.4183
53.5365
55.0808
58.6842
60.2286
60.7433
63.3172
65.8911
68.9797
73.6127
75.6718
77.2161
78.7604
77.2161
78.2457
79.79
79.2752
80.3047
78.7604
78.2457
78.2457
76.7013
75.157
72.0684
66.4058
62.2877
57.6547
54.0513
50.9626
46.8444
43.7558
38.6081
33.4603
30.3717
25.7387
20.591
16.9875
12.3546
8.23638
9.26593
6.69206
4.63297
4.11819
0.514774
0
-2.57387
-6.69206
-9.26593
-15.4432
-20.0762
-25.2239
-31.4012
-36.549
-42.7262
-48.9035
-53.0217
-56.1104
-59.7138
-61.2581
-63.832
-66.4058
-64.8615
-66.4058
-65.8911
-65.8911
-67.9502
-70.0093
-72.0684
-73.0979
-72.5831
-72.0684
-72.0684
-71.5536
-70.0093
-67.4354
-64.3468
-60.2286
-54.0513
-48.9035
-43.241
-35.5194
-30.3717
-24.7092
-19.0466
-15.958
-10.8103
-7.72161
-6.69206
-4.11819
-2.0591
-1.54432
-1.54432
0
2.0591
5.66251
8.75116
12.3546
16.9875
18.5319
21.6205
22.6501
22.6501
20.591
20.0762
20.0762
20.591
21.1057
18.0171
15.958
12.8694
10.8103
9.78071
8.75116
10.2955
12.3546
16.9875
23.1648
28.3126
31.4012
33.4603
33.9751
33.4603
31.916
30.8864
31.4012
32.9455
35.5194
38.0933
39.1228
36.0342
32.4308
29.8569
27.7978
27.283
26.7682
26.7682
25.7387
25.7387
23.6796
19.5614
12.8694
6.17729
1.02955
-2.0591
-5.14774
-8.23638
-10.2955
-11.8398
-11.325
-11.8398
-15.4432
-18.5319
-19.5614
-17.5023
-14.4137
-10.8103
-7.72161
-7.72161
-7.72161
-8.23638
-10.2955
-13.3841
-17.5023
-21.1057
-21.6205
-21.6205
-21.1057
-20.0762
-20.0762
-18.0171
-15.958
-13.8989
-10.8103
-9.26593
-6.17729
-2.57387
0.514774
0.514774
-0.514774
-3.60342
-6.17729
-6.69206
-8.23638
-7.72161
-7.20684
-6.17729
-6.69206
-7.72161
-6.17729
-5.14774
-5.66251
-3.60342
-2.57387
-1.02955
2.0591
5.14774
10.8103
12.8694
15.4432
16.9875
18.5319
18.5319
20.0762
20.591
19.5614
20.0762
19.0466
17.5023
15.4432
13.8989
12.8694
12.3546
13.8989
14.9284
15.4432
16.9875
17.5023
16.9875
15.4432
11.325
7.20684
5.14774
3.60342
2.57387
1.54432
0.514774
1.54432
3.08864
3.08864
4.11819
5.66251
6.17729
7.20684
8.23638
6.17729
3.08864
0
-3.60342
-6.17729
-9.78071
-13.8989
-18.0171
-21.6205
-23.1648
-24.1944
-24.7092
-26.2535
-29.3421
-30.8864
-32.9455
-33.4603
-34.4899
-37.0637
-37.5785
-38.6081
-41.6967
-41.6967
-41.6967
-42.7262
-44.2706
-45.3001
-44.2706
-41.6967
-38.6081
-36.0342
-31.916
-29.8569
-26.7682
-25.2239
-24.1944
-21.6205
-20.0762
-19.5614
-17.5023
-16.9875
-15.4432
-13.3841
-10.8103
-7.72161
-4.11819
-1.02955
3.08864
6.69206
9.78071
12.8694
15.958
19.0466
22.1353
23.6796
27.283
31.916
33.9751
38.0933
41.6967
45.8149
47.874
48.9035
53.0217
57.6547
61.2581
64.8615
66.4058
68.9797
70.524
68.9797
68.4649
68.4649
65.8911
66.4058
66.9206
65.8911
64.8615
62.2877
60.2286
57.6547
54.566
51.9922
53.0217
53.0217
51.9922
47.874
42.7262
38.6081
32.4308
27.7978
23.6796
19.0466
13.8989
8.75116
4.11819
0.514774
-4.11819
-8.75116
-10.8103
-14.4137
-16.9875
-19.5614
-24.1944
-26.2535
-28.8273
-31.4012
-31.916
-33.4603
-36.0342
-37.5785
-39.6376
-44.2706
-48.9035
-51.9922
-55.5956
-58.1695
-59.199
-62.2877
-63.832
-65.8911
-70.0093
-72.5831
-77.7309
-82.3638
-84.9377
-88.5411
-89.5707
-89.0559
-88.0264
-85.4525
-83.3934
-80.8195
-77.7309
-73.6127
-68.9797
-63.3172
-59.199
-54.0513
-48.3888
-40.6671
-33.9751
-28.3126
-24.7092
-22.1353
-20.0762
-18.5319
-16.9875
-13.8989
-9.78071
-4.63297
-0.514774
5.14774
6.17729
6.17729
7.20684
6.69206
7.20684
7.20684
8.75116
12.8694
15.958
18.5319
20.0762
20.0762
19.0466
21.1057
20.591
19.0466
19.5614
16.9875
17.5023
19.0466
20.0762
22.6501
24.7092
27.7978
31.916
37.0637
42.2115
49.4183
58.6842
66.9206
75.6718
82.8786
89.0559
94.2036
100.381
103.984
107.073
111.706
113.765
118.913
122.516
123.031
122.516
122.516
120.972
120.457
118.398
114.28
111.191
105.529
99.3514
92.6593
84.9377
76.7013
69.4945
62.2877
53.5365
44.7853
35.5194
27.7978
20.591
13.3841
7.72161
2.57387
-2.0591
-4.11819
-8.23638
-13.8989
-20.591
-28.3126
-38.0933
-48.3888
-58.6842
-69.4945
-81.8491
-93.6889
-105.014
-114.795
-122.516
-130.753
-137.445
-142.592
-148.255
-151.344
-154.947
-157.521
-159.065
-163.698
-168.331
-170.39
-175.023
-175.538
-175.023
-172.964
-167.302
-162.669
-156.491
-147.225
-137.959
-127.149
-115.309
-102.955
-91.6298
-78.7604
-67.9502
-58.1695
-49.4183
-42.2115
-32.9455
-24.1944
-12.8694
-2.57387
6.69206
18.5319
26.7682
34.4899
44.2706
52.5069
59.7138
68.4649
75.6718
83.3934
90.0855
94.2036
100.381
105.529
107.073
108.617
110.162
111.191
114.28
115.824
117.883
119.942
122.516
125.605
128.694
131.267
133.326
132.812
133.326
134.356
132.297
128.179
124.575
118.913
112.221
107.588
101.41
98.8366
97.2923
93.1741
89.0559
85.4525
79.2752
72.5831
65.3763
56.1104
47.3592
35.0046
25.7387
16.9875
5.14774
-4.63297
-13.8989
-21.1057
-26.2535
-35.0046
-43.241
-46.8444
-54.566
-62.2877
-65.3763
-71.0388
-77.2161
-82.3638
-86.9968
-90.0855
-93.1741
-95.748
-95.2332
-95.748
-94.7184
-92.6593
-92.1445
-89.5707
-86.9968
-88.5411
-86.482
-84.4229
-82.3638
-79.2752
-77.7309
-76.7013
-72.0684
-70.0093
-65.8911
-59.7138
-54.0513
-48.3888
-42.7262
-35.0046
-28.8273
-25.2239
-21.1057
-17.5023
-14.4137
-12.3546
-9.78071
-6.69206
-2.0591
2.57387
6.69206
11.8398
13.8989
14.9284
16.9875
18.5319
19.5614
18.5319
17.5023
17.5023
16.9875
14.9284
14.4137
11.8398
9.26593
8.23638
5.14774
4.63297
2.0591
-2.57387
-5.66251
-10.2955
-14.9284
-18.0171
-21.6205
-22.1353
-19.5614
-19.5614
-18.0171
-13.8989
-13.3841
-10.8103
-8.75116
-7.20684
-4.63297
-2.57387
0.514774
6.17729
8.75116
12.3546
17.5023
23.6796
30.3717
35.0046
40.1524
45.8149
49.9331
54.0513
58.6842
62.2877
65.8911
68.4649
74.6422
78.2457
81.3343
83.9082
82.3638
81.8491
79.79
76.1866
72.5831
67.4354
63.3172
59.7138
56.1104
53.0217
48.3888
42.2115
38.0933
32.9455
28.3126
23.1648
18.0171
14.4137
11.325
6.17729
-0.514774
-5.66251
-12.3546
-18.0171
-21.1057
-25.7387
-29.3421
-31.916
-36.549
-38.6081
-43.241
-46.3297
-50.4479
-53.0217
-53.5365
-55.0808
-54.0513
-54.566
-55.5956
-55.0808
-56.6251
-57.1399
-59.7138
-60.2286
-59.7138
-58.6842
-57.1399
-55.5956
-54.0513
-51.9922
-50.4479
-49.4183
-47.3592
-44.2706
-41.1819
-36.0342
-28.8273
-22.1353
-15.958
-8.75116
-3.60342
0.514774
5.14774
7.20684
9.26593
12.3546
15.958
19.5614
22.6501
24.1944
23.6796
23.6796
21.6205
21.1057
22.6501
23.1648
24.1944
26.7682
26.7682
25.7387
24.7092
21.6205
19.0466
17.5023
14.9284
12.8694
12.8694
11.8398
9.26593
7.20684
6.17729
2.0591
0.514774
-0.514774
-2.0591
0
3.08864
3.08864
4.11819
4.11819
3.08864
2.0591
2.0591
2.0591
3.60342
3.08864
3.60342
5.66251
4.63297
4.11819
3.60342
3.08864
2.57387
3.08864
3.60342
3.60342
5.14774
7.72161
8.23638
7.20684
6.17729
2.57387
-1.02955
-4.11819
-3.60342
-2.0591
-1.02955
0
1.54432
1.02955
0.514774
1.54432
1.54432
1.02955
2.57387
3.08864
4.11819
5.66251
6.17729
9.78071
11.8398
12.3546
11.8398
11.8398
11.325
11.8398
12.8694
12.3546
13.3841
13.3841
11.8398
13.3841
12.8694
14.4137
14.4137
13.3841
10.2955
7.72161
3.08864
-1.02955
-2.0591
-3.60342
-5.14774
-5.66251
-7.20684
-7.72161
-8.75116
-10.2955
-12.3546
-13.8989
-15.4432
-18.5319
-19.5614
-20.591
-22.1353
-23.6796
-25.2239
-27.7978
-28.8273
-29.3421
-30.8864
-30.3717
-30.3717
-31.4012
-29.3421
-27.7978
-25.7387
-23.1648
-23.1648
-22.1353
-22.1353
-23.1648
-23.1648
-22.6501
-21.1057
-19.5614
-20.0762
-18.0171
-15.4432
-13.3841
-8.75116
-5.14774
-2.0591
2.0591
5.66251
8.23638
11.8398
15.4432
19.5614
23.6796
26.7682
30.8864
33.9751
36.549
40.6671
42.2115
43.7558
45.8149
46.3297
48.9035
48.3888
46.8444
44.7853
41.6967
38.0933
37.5785
37.0637
36.0342
35.5194
33.4603
29.8569
27.283
23.1648
20.591
16.9875
13.3841
10.2955
6.17729
0.514774
-2.57387
-6.69206
-10.8103
-12.3546
-14.4137
-14.9284
-15.958
-18.0171
-19.0466
-19.5614
-22.1353
-23.6796
-24.7092
-27.7978
-28.8273
-30.3717
-33.9751
-35.0046
-37.5785
-38.6081
-37.0637
-34.4899
-30.8864
-25.2239
-22.1353
-19.0466
-15.4432
-13.8989
-12.3546
-10.8103
-11.325
-10.8103
-11.325
-12.8694
-11.8398
-12.3546
-11.8398
-9.78071
-7.20684
-4.11819
1.02955
4.11819
6.69206
9.26593
10.2955
8.75116
8.75116
6.69206
5.66251
5.14774
5.14774
4.11819
4.11819
5.14774
4.63297
7.20684
9.78071
11.325
12.8694
11.8398
10.8103
9.26593
7.20684
6.69206
5.66251
3.60342
3.08864
2.0591
2.0591
2.57387
3.60342
4.63297
5.14774
6.17729
5.66251
5.14774
3.08864
1.02955
0
-1.54432
-1.02955
-0.514774
0
0
3.08864
4.63297
6.69206
9.26593
9.78071
11.325
12.3546
13.8989
15.4432
16.9875
16.4728
15.4432
13.8989
11.8398
11.325
9.26593
7.72161
5.66251
3.60342
1.02955
0
-1.02955
-1.54432
-1.54432
-2.57387
-2.0591
-4.11819
-5.14774
-5.14774
-5.14774
-5.14774
-5.66251
-8.75116
-12.3546
-15.958
-19.5614
-20.0762
-21.1057
-21.1057
-19.5614
-20.591
-20.591
-19.5614
-19.5614
-18.0171
-15.958
-15.958
-18.0171
-18.5319
-20.0762
-19.5614
-19.0466
-16.9875
-13.8989
-10.8103
-9.78071
-6.69206
-3.60342
-0.514774
2.57387
3.60342
3.08864
0.514774
-1.54432
-3.08864
-3.08864
-2.0591
0
1.54432
4.11819
7.72161
10.8103
13.3841
15.4432
14.4137
15.4432
15.958
16.4728
18.0171
17.5023
16.9875
17.5023
16.9875
17.5023
19.0466
20.0762
20.591
22.6501
23.6796
24.1944
22.6501
19.0466
15.958
13.3841
12.3546
11.325
9.26593
7.72161
7.20684
9.26593
13.3841
15.958
16.4728
15.958
13.8989
10.2955
8.75116
5.66251
5.14774
5.66251
4.11819
4.11819
3.08864
3.60342
6.17729
6.69206
7.72161
9.78071
10.8103
10.8103
10.2955
9.26593
7.72161
4.63297
0.514774
-2.57387
-4.63297
-6.69206
-9.26593
-13.3841
-13.8989
-15.4432
-16.9875
-19.5614
-24.1944
-28.3126
-28.8273
-30.3717
-31.4012
-31.4012
-32.9455
-31.916
-30.3717
-28.3126
-27.7978
-28.3126
-29.3421
-31.4012
-33.4603
-33.4603
-34.4899
-35.0046
-33.9751
-31.916
-30.8864
-28.3126
-27.283
-25.2239
-22.6501
-21.6205
-18.0171
-15.4432
-12.3546
-8.75116
-5.66251
-4.63297
-3.60342
-6.17729
-7.20684
-7.20684
-8.75116
-8.75116
-8.23638
-8.75116
-5.14774
-3.60342
-2.0591
0
0
1.02955
2.0591
4.11819
6.69206
9.26593
11.8398
14.9284
18.5319
20.591
22.1353
22.1353
21.6205
21.6205
20.591
19.0466
19.0466
18.5319
19.5614
22.1353
23.1648
24.7092
27.283
28.8273
29.8569
29.8569
30.8864
33.4603
36.549
38.0933
40.1524
40.1524
38.6081
36.0342
34.4899
32.4308
30.8864
29.8569
30.8864
32.4308
34.4899
35.0046
35.0046
35.5194
36.549
37.0637
37.0637
38.0933
38.0933
38.6081
40.1524
39.1228
35.5194
33.9751
31.916
29.3421
27.283
23.1648
21.1057
19.5614
17.5023
13.8989
10.2955
7.20684
3.60342
1.54432
-2.57387
-5.66251
-9.26593
-14.4137
-17.5023
-22.6501
-27.283
-29.3421
-31.916
-35.0046
-40.1524
-44.7853
-49.4183
-51.9922
-55.5956
-59.199
-60.7433
-63.832
-67.4354
-69.4945
-73.0979
-76.7013
-79.2752
-82.3638
-82.3638
-82.3638
-83.9082
-83.9082
-84.4229
-83.9082
-83.9082
-83.3934
-83.3934
-81.8491
-78.7604
-76.1866
-73.0979
-70.0093
-66.9206
-62.2877
-57.6547
-54.0513
-51.4774
-46.8444
-41.1819
-36.549
-31.4012
-28.3126
-22.1353
-13.8989
-8.23638
-1.02955
5.14774
11.325
19.5614
25.7387
32.9455
38.6081
44.2706
51.9922
58.1695
63.3172
66.9206
70.524
73.6127
78.2457
82.8786
86.482
90.0855
93.1741
95.748
97.8071
98.8366
99.8662
99.8662
99.3514
100.381
99.3514
98.3218
96.7775
93.6889
92.6593
90.0855
86.9968
84.4229
81.3343
78.2457
74.6422
69.4945
64.8615
61.2581
56.6251
53.0217
47.874
42.2115
37.0637
31.4012
25.2239
19.5614
12.3546
6.17729
1.54432
-4.11819
-6.69206
-12.8694
-19.0466
-23.6796
-30.3717
-35.5194
-37.5785
-42.7262
-45.8149
-48.9035
-53.5365
-55.5956
-59.199
-62.8024
-64.8615
-67.4354
-69.4945
-71.5536
-74.6422
-74.1275
-74.1275
-74.6422
-73.6127
-73.0979
-73.6127
-72.0684
-70.524
-68.4649
-65.8911
-64.3468
-61.7729
-58.1695
-55.0808
-51.9922
-48.9035
-45.8149
-42.2115
-40.1524
-38.6081
-36.0342
-33.9751
-31.4012
-28.3126
-25.2239
-22.6501
-19.0466
-15.958
-12.8694
-9.78071
-7.20684
-4.63297
-2.0591
1.02955
2.57387
3.60342
3.60342
5.14774
6.17729
6.17729
6.69206
6.17729
5.14774
4.11819
5.14774
5.14774
5.66251
6.69206
7.20684
8.23638
9.26593
9.26593
10.2955
12.3546
13.3841
13.3841
12.3546
11.8398
11.325
10.2955
9.78071
9.78071
9.78071
11.325
12.8694
12.3546
12.8694
13.3841
16.4728
19.5614
23.6796
27.7978
30.8864
35.0046
37.0637
38.6081
38.6081
39.1228
41.1819
44.2706
46.8444
49.4183
49.4183
49.9331
51.4774
53.0217
54.0513
54.0513
55.0808
55.0808
52.5069
50.9626
48.9035
46.3297
46.3297
46.3297
45.3001
42.2115
38.0933
35.0046
31.916
29.3421
25.7387
22.1353
19.0466
16.4728
10.8103
5.66251
1.02955
-3.60342
-5.14774
-7.72161
-12.3546
-16.4728
-22.6501
-26.7682
-29.8569
-33.9751
-37.5785
-41.1819
-43.7558
-45.3001
-47.3592
-49.9331
-51.4774
-53.5365
-52.5069
-49.9331
-47.3592
-45.3001
-43.7558
-44.7853
-45.3001
-44.7853
-45.8149
-46.3297
-45.3001
-45.3001
-44.2706
-42.7262
-42.7262
-40.1524
-37.0637
-33.9751
-29.8569
-26.7682
-24.7092
-22.1353
-21.1057
-20.0762
-16.9875
-14.9284
-12.3546
-8.23638
-5.66251
-3.08864
-1.54432
-1.54432
-1.02955
-0.514774
0.514774
3.08864
2.0591
1.02955
2.0591
1.54432
2.57387
4.63297
5.66251
8.23638
11.325
12.3546
12.8694
11.325
10.2955
9.26593
8.75116
8.23638
7.20684
6.17729
5.14774
5.14774
4.63297
6.17729
7.72161
9.78071
11.8398
12.8694
13.8989
14.9284
15.4432
15.958
16.4728
18.5319
20.0762
21.6205
23.1648
23.6796
25.7387
27.283
28.3126
29.8569
29.3421
29.3421
30.3717
29.8569
29.3421
27.7978
27.283
25.7387
26.2535
26.7682
25.7387
26.2535
26.7682
25.2239
23.6796
22.1353
18.5319
15.958
14.9284
13.8989
12.8694
10.8103
9.26593
7.20684
4.11819
1.02955
-1.54432
-3.08864
-3.60342
-4.11819
-5.66251
-6.69206
-7.72161
-9.78071
-11.325
-13.8989
-15.4432
-14.4137
-12.3546
-11.8398
-12.3546
-12.8694
-13.8989
-14.4137
-14.9284
-14.9284
-13.8989
-14.4137
-15.4432
-15.4432
-14.9284
-14.4137
-14.4137
-15.4432
-16.9875
-16.9875
-16.4728
-16.4728
-18.5319
-21.6205
-22.6501
-23.1648
-22.6501
-22.1353
-22.6501
-20.591
-20.0762
-18.5319
-17.5023
-15.958
-14.9284
-15.4432
-15.958
-15.4432
-15.4432
-15.4432
-14.9284
-14.4137
-10.8103
-7.72161
-4.63297
-2.0591
-1.02955
0
2.0591
3.08864
3.08864
4.63297
5.14774
5.66251
6.17729
7.20684
8.75116
10.2955
10.2955
10.2955
11.325
12.3546
13.8989
13.3841
12.3546
12.3546
10.8103
9.78071
10.2955
10.2955
11.8398
12.3546
13.8989
14.9284
14.4137
15.4432
14.9284
13.8989
12.3546
11.325
10.8103
10.8103
10.8103
11.325
11.8398
12.3546
11.8398
11.325
10.8103
9.26593
6.17729
3.60342
1.02955
-1.02955
-4.11819
-6.17729
-7.72161
-9.26593
-10.8103
-10.8103
-10.8103
-12.8694
-13.3841
-14.9284
-16.4728
-18.0171
-18.0171
-18.0171
-17.5023
-18.0171
-18.0171
-16.9875
-14.4137
-10.8103
-8.23638
-4.63297
-2.0591
-0.514774
2.0591
2.57387
2.57387
3.08864
3.08864
3.60342
4.11819
4.11819
4.11819
5.14774
7.20684
8.23638
9.78071
11.8398
11.325
10.8103
10.8103
9.78071
8.75116
9.26593
9.26593
9.78071
10.2955
9.26593
8.23638
6.69206
5.66251
6.17729
5.66251
5.14774
4.63297
3.60342
3.60342
3.60342
3.08864
4.63297
5.66251
7.20684
8.75116
8.23638
9.26593
9.78071
8.75116
8.23638
6.69206
4.63297
2.0591
-1.02955
-3.60342
-6.17729
-6.69206
-7.20684
-8.23638
-9.78071
-9.78071
-11.325
-13.3841
-14.9284
-16.9875
-18.0171
-16.4728
-16.9875
-17.5023
-18.0171
-18.5319
-17.5023
-16.4728
-14.9284
-12.3546
-10.2955
-8.75116
-6.69206
-6.69206
-5.14774
-4.11819
-1.02955
2.57387
5.14774
8.23638
10.2955
12.8694
13.8989
14.9284
14.4137
14.4137
12.8694
10.2955
8.23638
5.66251
2.0591
-1.02955
-4.63297
-6.69206
-7.72161
-9.26593
-11.325
-13.3841
-15.4432
-15.4432
-15.958
-14.4137
-13.3841
-13.3841
-11.8398
-10.2955
-8.75116
-6.69206
-3.60342
-1.02955
1.54432
2.0591
3.08864
4.11819
4.63297
6.17729
6.17729
6.17729
4.11819
4.63297
6.17729
5.66251
6.69206
6.69206
6.69206
6.69206
5.66251
6.17729
5.66251
5.14774
6.17729
5.66251
5.66251
4.63297
4.63297
5.14774
6.17729
7.20684
7.72161
6.69206
8.23638
9.26593
10.2955
11.325
11.8398
12.3546
12.3546
14.4137
14.4137
14.4137
13.3841
11.325
10.2955
10.8103
9.78071
7.20684
6.17729
3.60342
3.08864
2.57387
1.54432
1.54432
2.0591
3.08864
2.57387
1.54432
1.54432
1.54432
1.54432
2.57387
2.57387
3.60342
3.08864
3.08864
3.60342
1.54432
2.57387
1.02955
0
-0.514774
-0.514774
0
1.54432
1.02955
-1.02955
-3.60342
-7.72161
-8.75116
-10.8103
-11.325
-9.78071
-10.2955
-11.325
-11.8398
-11.8398
-11.8398
-12.8694
-14.4137
-16.4728
-15.958
-14.9284
-13.8989
-13.3841
-14.4137
-14.4137
-13.8989
-13.8989
-13.3841
-15.4432
-15.4432
-15.958
-15.958
-14.9284
-14.9284
-14.9284
-14.9284
-13.3841
-12.3546
-11.8398
-9.78071
-7.72161
-6.69206
-5.14774
-3.08864
-2.57387
-2.57387
-3.08864
-3.08864
-2.57387
-1.54432
-1.02955
0
-0.514774
-1.02955
-1.54432
-2.0591
-1.54432
-2.0591
-0.514774
-0.514774
-2.0591
-1.02955
1.02955
3.08864
5.14774
6.69206
6.69206
7.20684
9.78071
11.325
13.3841
14.4137
14.4137
15.4432
14.4137
13.8989
14.9284
14.9284
15.4432
15.4432
16.4728
17.5023
18.0171
18.0171
16.9875
15.958
15.4432
16.4728
18.5319
19.5614
20.0762
21.6205
21.6205
23.1648
23.6796
24.7092
23.6796
23.1648
22.6501
22.1353
21.6205
19.0466
16.4728
13.8989
10.8103
9.78071
8.75116
6.69206
5.14774
4.11819
4.11819
2.57387
1.54432
0.514774
-1.02955
-2.0591
-2.57387
-2.57387
-2.0591
-2.57387
-3.08864
-4.11819
-6.17729
-7.20684
-9.26593
-11.325
-13.3841
-15.958
-18.0171
-21.1057
-22.1353
-23.1648
-24.1944
-24.7092
-25.7387
-25.2239
-24.7092
-24.1944
-24.7092
-24.7092
-25.7387
-25.7387
-23.6796
-22.1353
-21.1057
-19.5614
-19.0466
-18.5319
-18.5319
-19.5614
-21.1057
-21.6205
-21.6205
-21.6205
-21.1057
-19.5614
-19.0466
-18.5319
-18.0171
-16.9875
-15.4432
-13.3841
-12.3546
-10.2955
-8.23638
-6.17729
-4.11819
-2.57387
-0.514774
0
0
-1.02955
-1.54432
-1.02955
-0.514774
0.514774
2.0591
4.11819
5.66251
7.72161
8.75116
9.26593
9.78071
9.78071
10.2955
11.325
12.8694
13.8989
14.9284
16.4728
15.958
17.5023
18.0171
16.4728
17.5023
15.4432
15.4432
16.4728
16.9875
18.5319
18.5319
18.5319
19.0466
18.5319
19.5614
21.1057
21.1057
20.0762
19.0466
17.5023
16.4728
16.4728
14.4137
13.3841
11.8398
10.8103
9.78071
8.23638
7.72161
8.23638
8.23638
8.23638
9.26593
9.26593
8.23638
7.72161
7.20684
6.69206
7.20684
6.69206
5.14774
4.63297
4.63297
4.63297
5.66251
4.63297
4.11819
1.54432
-1.02955
-3.60342
-5.66251
-5.14774
-4.63297
-3.60342
-3.60342
-5.14774
-4.63297
-4.63297
-4.63297
-5.14774
-5.14774
-6.69206
-7.20684
-8.75116
-10.2955
-10.8103
-11.8398
-11.325
-12.8694
-14.4137
-14.9284
-15.958
-16.4728
-15.4432
-14.9284
-13.8989
-13.8989
-13.8989
-14.4137
-13.3841
-13.3841
-12.3546
-13.8989
