SAMPLES: 8234
BITSPERSAMPLE:	16
CHANNELS:	1
SAMPLERATE:	16000
NORMALIZED:	FALSE
150.862
72.8099
-1.16496
-105.429
-76.8872
-18.6393
3.49487
55.3355
-43.6859
-86.7894
-34.9487
5.82479
50.6757
55.918
-15.1445
-62.9077
-72.2274
-58.2479
29.124
94.3616
78.6347
41.356
10.4846
-57.6654
-78.6347
-72.8099
-91.4492
-1.74744
142.707
143.872
127.563
42.521
-73.9748
-68.15
-111.836
-80.3821
68.15
133.97
119.991
76.8872
-39.0261
-129.31
-77.4697
-54.1705
-87.9543
-4.65983
38.4436
46.0158
101.351
93.7791
-8.73719
-60.5778
-93.7791
-193.966
-97.8565
56.5005
179.986
267.358
106.594
-155.522
-239.399
-145.62
-2.9124
140.96
145.037
135.135
146.785
71.0624
-38.4436
-175.909
-184.063
-36.1137
60.5778
94.9441
141.542
87.3719
-34.9487
-99.6039
-243.476
-371.039
-120.573
124.651
200.955
336.673
121.738
-167.171
-153.774
-119.991
-79.7996
76.3048
183.481
120.573
131.058
104.846
-61.1603
-62.3253
-115.913
-177.074
-113.001
23.2992
216.1
242.894
161.347
-34.3663
-211.44
-294.734
-193.383
-0.582479
170.084
343.08
273.765
65.2377
-143.29
-309.879
-377.446
-207.945
48.9282
195.713
270.853
193.966
114.166
-20.3868
-234.739
-353.565
-287.162
-12.8145
261.533
379.194
252.796
93.7791
-65.2377
-239.981
-252.796
-202.12
-41.9385
248.136
374.534
227.749
2.32992
-249.301
-312.209
-92.0317
7.57223
60.5778
176.491
179.404
109.506
-65.2377
-266.775
-266.775
-36.6962
56.5005
55.3355
107.176
122.321
141.542
53.0056
-114.166
-280.172
-283.085
-186.393
34.3663
355.895
399.581
175.326
-146.202
-348.322
-306.384
-95.5266
46.0158
93.7791
182.898
193.966
153.774
59.9953
-90.8667
-177.656
-142.707
-61.1603
16.8919
142.707
234.157
247.554
108.924
-166.007
-343.08
-242.311
46.0158
327.353
339.003
39.0261
-150.862
-174.161
-139.212
-22.7167
54.1705
57.0829
61.7428
107.759
106.011
28.5415
-74.5573
-133.97
-93.1966
33.7838
128.728
76.3048
11.6496
22.7167
-61.1603
-207.945
-254.543
-132.805
155.522
315.121
190.471
-54.1705
-220.76
-215.517
-71.6449
14.562
54.753
58.8304
55.3355
151.445
98.439
-85.6244
-227.749
-218.43
-50.6757
119.991
169.501
92.6142
73.3924
30.8714
-112.418
-227.167
-252.213
-55.918
224.837
365.797
280.755
32.0363
-156.687
-178.821
-89.1193
-30.8714
53.5881
182.898
234.739
194.548
1.74744
-214.352
-177.656
-12.2321
67.5676
71.0624
86.7894
153.192
175.909
72.8099
-110.089
-178.821
-113.583
-22.7167
89.7018
140.377
151.445
118.243
-11.0671
-155.522
-189.306
-83.877
57.0829
191.636
203.868
34.3663
-114.748
-125.815
-59.4129
37.2787
43.1034
-5.24231
5.24231
22.1342
63.4902
16.8919
-58.2479
-63.4902
-87.9543
-57.0829
-46.5983
-6.98975
8.73719
-55.918
-142.125
-219.012
-180.568
-126.398
-50.6757
-4.65983
-82.712
-169.501
-155.522
-159.599
-142.125
-75.7223
-118.243
-122.903
-153.192
-186.976
-154.357
-146.785
-110.089
-161.929
-200.955
-94.9441
51.8406
40.1911
-65.2377
-113.001
-160.764
-72.2274
18.0568
-47.7633
-37.2787
71.6449
10.4846
-38.4436
-22.1342
-74.5573
22.1342
68.7325
1.16496
-16.8919
-16.3094
52.4231
171.249
163.677
40.1911
22.7167
22.1342
68.7325
138.048
66.9851
19.8043
36.1137
110.671
192.218
220.177
202.703
132.805
80.9646
93.1966
202.703
243.476
263.281
316.286
283.667
246.389
118.243
55.3355
216.682
396.668
429.87
381.524
337.838
331.431
380.941
368.709
309.879
309.879
396.668
492.195
514.329
432.782
279.59
146.785
97.274
147.95
218.43
242.311
200.955
133.388
78.6347
-55.918
-181.733
-213.187
-204.45
-150.28
-90.8667
-98.439
-203.868
-314.539
-373.952
-329.101
-332.013
-385.601
-344.828
-303.472
-231.827
-301.142
-454.334
-489.865
-477.05
-416.473
-329.101
-309.296
-446.179
-434.529
-317.451
-322.693
-327.936
-472.39
-583.062
-371.622
-132.805
-163.094
-355.895
-438.024
-364.632
-292.987
-413.56
-576.654
-407.735
-208.527
-197.46
-293.569
-552.19
-598.788
-330.266
-170.666
-179.986
-217.847
-252.213
-188.141
-69.8975
-154.939
-267.358
-169.501
-39.0261
110.089
124.068
-16.8919
-78.0522
-32.0363
-4.07735
25.0466
189.306
251.048
193.383
114.166
28.5415
59.4129
215.517
490.447
811.976
1007.11
824.79
445.596
306.966
576.654
942.451
1159.13
1220.88
1113.12
922.064
655.289
511.417
525.396
648.299
792.754
871.971
845.76
664.026
491.03
354.147
316.869
280.755
185.228
156.104
244.059
398.416
349.487
103.099
-149.115
-227.167
-124.068
51.8406
193.966
181.151
89.1193
-22.1342
-132.223
-146.202
-29.7064
121.156
153.192
62.9077
-50.6757
-99.0214
-159.017
-226.584
-259.786
-302.889
-317.451
-371.039
-373.952
-318.616
-350.652
-497.437
-672.181
-712.954
-664.609
-592.381
-524.231
-567.917
-731.594
-859.739
-821.295
-776.445
-741.496
-688.49
-634.902
-589.469
-652.959
-771.785
-782.269
-633.737
-438.024
-397.251
-543.453
-536.463
-404.24
-300.559
-265.028
-383.271
-480.545
-356.477
-150.28
-73.9748
-75.7223
-156.104
-226.002
-195.713
-178.821
-205.615
-85.0419
124.651
175.326
96.109
-131.058
-283.085
-189.888
-23.8816
69.8975
51.8406
-20.3868
-68.7325
5.82479
47.7633
23.2992
196.878
546.365
919.734
1051.37
837.605
538.793
477.05
726.351
1025.75
1292.52
1433.48
1420.67
1184.18
767.707
475.885
538.211
916.822
1304.17
1469.01
1260.48
879.543
551.025
427.54
521.319
587.721
516.076
405.988
370.457
363.467
284.832
50.0932
-185.228
-228.332
-106.011
78.6347
209.11
168.336
-54.753
-292.987
-440.354
-433.364
-283.667
-114.166
51.8406
85.6244
-101.351
-392.591
-463.071
-210.857
48.9282
150.28
110.089
72.8099
26.794
-133.97
-302.889
-395.503
-429.287
-506.757
-559.762
-537.046
-549.278
-700.722
-967.498
-1123.6
-1111.95
-989.632
-837.022
-714.119
-685.578
-809.646
-951.771
-998.952
-916.822
-752.563
-620.34
-583.062
-620.923
-643.057
-594.711
-493.36
-458.993
-510.834
-534.133
-418.22
-259.203
-196.295
-206.78
-243.476
-251.048
-315.704
-384.436
-292.404
-72.8099
33.7838
-81.5471
-276.678
-341.915
-253.378
-175.326
-209.11
-255.708
-130.475
6.98975
26.2116
-57.0829
-153.774
-141.542
-47.7633
218.43
673.928
1163.21
1355.43
1084.58
655.871
412.978
672.181
1274.46
1882.57
2223.9
2085.86
1549.98
912.745
674.511
937.791
1481.83
1919.27
1958.29
1594.25
1039.14
611.603
442.684
528.308
646.552
673.928
597.041
479.38
365.214
136.883
-133.388
-364.632
-381.524
-192.801
68.15
255.126
147.367
-168.919
-533.551
-672.763
-513.747
-194.548
87.3719
168.919
30.8714
-288.327
-534.133
-557.432
-333.178
-2.9124
233.574
318.616
189.888
-59.9953
-347.74
-509.669
-521.901
-477.633
-421.715
-437.442
-528.308
-799.161
-1196.99
-1542.4
-1601.23
-1363.58
-1073.51
-916.822
-965.75
-1139.33
-1339.7
-1379.89
-1204.57
-925.559
-707.712
-639.562
-686.743
-789.259
-846.342
-842.847
-762.465
-597.623
-411.23
-281.92
-246.971
-256.291
-313.956
-339.585
-290.075
-188.141
-83.877
-32.0363
-29.124
-121.738
-248.719
-344.828
-329.683
-220.177
-138.048
-125.233
-193.966
-312.791
-387.349
-347.74
-230.662
-42.521
157.852
351.235
644.804
1022.83
1208.64
990.214
610.438
536.463
1027.49
1802.77
2340.4
2450.49
2214.59
1704.33
1115.45
880.126
1289.61
2153.42
2765.03
2633.39
1876.75
1003.03
558.597
666.356
1120.11
1479.5
1394.45
863.816
244.641
-118.826
-210.275
-174.161
-89.1193
53.5881
97.274
-42.521
-281.337
-498.02
-631.407
-687.325
-631.99
-426.957
-143.29
18.6393
-34.3663
-270.27
-556.267
-678.006
-518.406
-93.7791
287.745
333.178
110.671
-122.903
-227.749
-252.796
-238.816
-216.1
-212.022
-328.518
-577.819
-804.986
-920.317
-1013.51
-1153.89
-1326.89
-1462.02
-1495.22
-1474.84
-1434.06
-1432.9
-1515.61
-1587.84
-1494.64
-1221.46
-952.353
-860.904
-916.822
-962.255
-915.075
-790.424
-650.047
-527.726
-417.637
-366.962
-359.972
-322.693
-259.786
-258.038
-308.714
-302.889
-242.311
-214.935
-216.682
-185.811
-165.424
-227.749
-440.354
-644.804
-602.866
-414.725
-287.745
-291.24
-386.766
-539.958
-585.391
-419.967
-42.521
464.236
941.869
1243.01
1051.37
513.164
212.605
756.64
1852.28
2586.21
2647.37
2293.22
1926.26
1489.4
1167.29
1407.27
2294.97
3143.64
3174.51
2381.17
1393.29
898.183
984.972
1477.75
1890.73
1826.07
1223.21
451.421
25.0466
-72.8099
-33.7838
60.5778
259.786
342.498
83.2945
-379.194
-694.315
-676.841
-541.123
-370.457
-195.13
-49.5107
-37.8611
-209.692
-399.581
-516.076
-466.566
-215.517
157.269
433.364
401.911
122.321
-110.671
-153.192
-69.315
36.6962
72.2274
13.9795
-250.466
-680.918
-1021.67
-1090.4
-970.41
-944.199
-1094.48
-1368.83
-1672.3
-1893.06
-1935
-1794.62
-1638.51
-1583.76
-1618.13
-1667.64
-1736.37
-1783.55
-1693.27
-1445.13
-1169.62
-1056.03
-1079.33
-1071.18
-1000.12
-906.337
-768.29
-552.19
-351.817
-281.337
-357.06
-446.761
-431.617
-347.74
-254.543
-168.919
-115.331
-235.322
-484.623
-673.928
-698.975
-575.489
-460.741
-417.055
-447.344
-499.767
-506.174
-337.255
180.568
913.91
1396.2
1139.91
446.179
197.46
917.404
2088.19
2815.7
2893.17
2606.59
2090.52
1360.67
1016.43
1706.66
3147.13
4049.39
3584.58
2303.7
1275.05
1094.48
1589
2329.92
2771.44
2476.7
1510.37
469.478
18.0568
170.666
533.551
801.491
847.507
539.958
-68.15
-549.278
-570.247
-294.152
-144.455
-175.909
-151.445
-27.3765
-12.8145
-178.821
-377.446
-493.942
-467.731
-234.739
177.656
482.875
392.008
23.8816
-257.456
-265.61
-119.408
42.521
129.31
4.65983
-425.21
-977.982
-1245.34
-1135.83
-951.188
-1008.85
-1323.97
-1690.35
-1984.51
-2132.46
-2078.29
-1898.3
-1812.09
-1928.01
-2077.7
-2098.67
-2015.96
-1912.28
-1781.22
-1615.8
-1509.79
-1520.27
-1521.44
-1401.44
-1216.22
-1069.43
-952.353
-794.501
-644.804
-581.897
-631.99
-682.083
-622.67
-495.107
-372.787
-308.714
-350.652
-506.174
-673.346
-728.681
-620.34
-442.102
-354.73
-446.761
-649.464
-731.594
-532.968
14.562
815.471
1459.11
1402.03
582.479
-145.62
170.666
1495.22
2759.79
3188.49
2928.12
2376.51
1612.3
924.394
1122.44
2527.96
4130.94
4431.5
3205.96
1649
987.884
1363
2221.58
2972.97
3136.65
2458.06
1244.18
309.296
170.666
651.212
1234.86
1499.88
1234.27
504.427
-252.213
-519.571
-266.193
59.4129
181.733
163.677
79.7996
-145.62
-432.199
-492.777
-291.24
-75.1398
11.6496
111.253
268.523
277.26
30.8714
-189.306
-117.078
142.125
329.101
287.745
59.4129
-336.09
-801.491
-1067.68
-986.719
-750.815
-717.614
-996.622
-1460.27
-1930.92
-2239.63
-2211.67
-1842.96
-1502.8
-1568.03
-1967.03
-2327.59
-2404.47
-2217.5
-1890.14
-1544.73
-1378.73
-1499.88
-1773.07
-1911.7
-1784.72
-1476
-1142.24
-930.801
-891.775
-1014.1
-1162.63
-1163.79
-973.322
-724.604
-572.577
-516.076
-534.716
-695.48
-940.704
-1047.88
-890.028
-618.593
-499.767
-596.459
-812.558
-980.312
-928.472
-618.01
-31.4539
682.083
1177.77
1029.82
284.25
-214.352
339.003
1722.97
2791.82
2963.07
2645.62
2215.75
1619.87
1132.92
1583.18
3112.19
4447.23
4235.21
2795.9
1577.35
1431.73
2035.18
2772.02
3317.22
3288.09
2406.8
1092.15
341.915
614.515
1382.22
1897.13
1815.59
1167.29
245.224
-368.127
-268.523
287.162
642.474
576.654
313.956
-13.397
-368.709
-532.968
-232.409
234.739
347.74
136.3
12.2321
89.7018
37.8611
-174.161
-185.228
95.5266
358.225
311.044
53.0056
-244.059
-623.253
-998.952
-1097.39
-864.399
-642.474
-775.28
-1233.11
-1779.47
-2207.6
-2359.04
-2141.78
-1667.05
-1399.7
-1661.23
-2184.3
-2533.78
-2529.71
-2248.37
-1813.26
-1423
-1365.33
-1670.55
-2004.89
-1997.32
-1666.47
-1301.26
-1077.59
-1001.28
-1039.14
-1148.65
-1210.97
-1093.31
-860.322
-733.341
-752.563
-803.239
-821.878
-874.301
-979.147
-1028.08
-970.993
-877.796
-836.44
-836.44
-887.116
-996.622
-1004.78
-765.377
-248.719
482.875
1109.04
1125.35
414.725
-200.373
283.085
1714.82
2872.2
3036.46
2703.87
2357.29
1790.54
1183.01
1552.31
3229.26
4761.18
4525.86
2868.13
1540.66
1469.59
2172.65
2975.89
3608.46
3631.76
2599.6
1039.14
212.605
664.026
1618.71
2135.95
1917.52
1111.37
149.697
-401.328
-228.332
351.235
736.253
698.392
347.74
-182.316
-660.531
-690.82
-193.383
289.492
276.678
-42.521
-192.218
-140.96
-208.527
-327.936
-166.589
180.568
294.152
65.2377
-217.265
-434.529
-708.295
-942.451
-889.445
-668.103
-683.83
-1032.74
-1448.63
-1762
-1986.84
-2039.84
-1814.42
-1501.63
-1498.72
-1897.13
-2327
-2434.18
-2223.32
-1879.66
-1574.44
-1437.56
-1544.15
-1790.54
-1898.3
-1692.68
-1297.18
-1007.11
-956.431
-1049.63
-1128.84
-1115.45
-1025.75
-883.038
-736.253
-672.763
-736.253
-865.564
-941.869
-936.626
-950.606
-1029.24
-1068.85
-987.302
-845.177
-805.568
-940.121
-1134.09
-1167.87
-958.76
-562.675
101.934
887.116
1180.68
535.881
-378.611
-255.126
1146.32
2624.07
3060.93
2753.38
2415.54
1978.1
1330.96
1332.13
2762.7
4614.4
4964.47
3500.7
1869.18
1485.9
2126.05
2953.75
3618.94
3834.46
3090.05
1529.01
379.194
582.479
1595.99
2250.7
2036.35
1233.11
291.24
-343.663
-315.704
244.059
757.223
737.418
233.574
-409.483
-830.615
-725.769
-163.094
334.925
271.435
-198.043
-483.458
-417.637
-306.966
-263.863
-93.1966
157.852
103.681
-278.425
-554.52
-556.85
-566.752
-746.738
-830.615
-717.032
-731.011
-1094.48
-1550.56
-1749.77
-1741.61
-1704.92
-1635.6
-1557.55
-1642.01
-1988.58
-2343.9
-2350.89
-2029.36
-1662.98
-1498.72
-1574.44
-1762
-1890.73
-1824.32
-1527.26
-1119.52
-855.662
-886.533
-1133.5
-1289.03
-1137
-808.481
-562.092
-547.53
-681.5
-799.744
-837.605
-791.589
-715.867
-729.264
-881.873
-1058.36
-1072.93
-909.832
-749.068
-741.496
-899.93
-1104.96
-1184.76
-991.379
-549.278
87.9543
773.532
1098.56
689.655
-138.63
-244.641
932.549
2471.46
3053.94
2671.83
2298.46
2139.45
1750.93
1498.14
2435.93
4236.95
5000
3813.49
2080.62
1568.03
2225.65
3013.16
3555.45
3869.41
3401.68
1921.02
528.308
525.979
1653.08
2487.77
2308.36
1455.62
475.303
-279.59
-413.56
154.939
849.254
899.348
238.234
-569.664
-1044.97
-954.683
-384.436
224.837
263.281
-330.266
-899.93
-934.296
-651.794
-436.859
-235.322
1.74744
-22.1342
-489.282
-983.225
-1015.84
-732.759
-605.778
-733.341
-899.348
-1049.04
-1280.87
-1589.59
-1728.8
-1632.69
-1489.4
-1441.05
-1528.42
-1721.23
-1988
-2149.35
-2056.15
-1777.73
-1544.73
-1526.1
-1657.74
-1789.38
-1788.79
-1614.63
-1337.95
-1109.04
-1044.97
-1139.33
-1252.91
-1229.61
-1049.04
-809.063
-671.016
-693.15
-816.636
-948.276
-1006.52
-950.023
-797.996
-671.598
-690.82
-840.517
-954.101
-947.111
-870.806
-811.976
-751.398
-649.464
-619.175
-665.774
-651.794
-478.215
-170.666
337.255
984.972
1314.07
913.91
277.842
534.716
1735.79
2670.67
2598.44
2303.7
2488.35
2550.09
2004.31
1831.9
3000.35
4398.3
4257.92
2810.46
1881.41
2226.23
2926.96
3218.78
3358.57
3360.9
2606.01
1308.25
712.954
1403.19
2373.02
2463.3
1709.58
807.898
204.45
64.0727
391.426
834.692
887.116
434.529
-175.326
-601.701
-670.433
-343.663
101.934
123.486
-433.364
-977.982
-936.044
-530.056
-343.08
-432.199
-482.293
-541.123
-829.45
-1146.32
-1085.16
-753.145
-689.073
-1036.81
-1392.12
-1488.82
-1474.84
-1498.72
-1483.57
-1418.34
-1504.54
-1774.81
-1985.09
-1956.55
-1779.47
-1676.96
-1691.52
-1758.5
-1875.58
-1973.44
-1934.41
-1740.45
-1488.82
-1338.54
-1388.63
-1572.11
-1708.99
-1672.88
-1425.33
-1075.26
-871.971
-961.09
-1256.99
-1467.85
-1396.78
-1158.55
-979.73
-947.693
-1021.09
-1099.72
-1126.51
-1050.21
-892.94
-760.135
-746.738
-796.831
-719.944
-510.252
-319.199
-245.224
-228.914
-140.96
7.57223
198.043
693.15
1485.32
1901.79
1365.91
532.386
710.042
2005.48
3070.25
3010.25
2642.71
2744.06
2710.27
2061.39
1854.03
3051.61
4499.07
4324.32
2772.6
1848.21
2261.18
2910.65
3086.56
3200.14
3290.42
2644.45
1381.06
808.481
1544.15
2439.42
2328.17
1501.05
781.687
438.024
352.4
508.504
814.888
878.961
476.468
-113.583
-513.747
-555.103
-266.193
75.7223
28.5415
-486.952
-958.76
-949.441
-683.248
-665.774
-866.729
-916.24
-887.698
-1061.28
-1315.24
-1319.9
-1155.06
-1187.67
-1452.7
-1630.36
-1574.44
-1488.82
-1494.64
-1536
-1640.84
-1834.23
-1944.32
-1819.08
-1568.03
-1443.97
-1561.63
-1758.5
-1896.55
-1932.08
-1752.68
-1453.29
-1316.99
-1437.56
-1651.33
-1753.26
-1681.62
-1508.04
-1319.32
-1171.37
-1174.28
-1342.61
-1499.88
-1539.49
-1432.32
-1236.02
-1097.39
-1090.98
-1170.78
-1209.23
-1152.73
-1067.68
-980.312
-858.574
-688.49
-605.778
-616.845
-545.783
-348.322
-148.532
-72.8099
13.9795
206.198
442.102
572.577
683.83
1117.19
1731.13
1990.91
1537.74
983.807
1335.62
2446.41
3120.92
2806.97
2392.82
2585.62
2741.73
2262.93
2041.59
2979.96
4108.22
3810
2401.56
1709.58
2274
2950.84
3021.32
2997.44
2986.95
2319.43
1181.85
866.146
1815
2696.3
2376.51
1347.27
591.799
349.487
433.364
779.357
1167.29
1046.71
285.415
-493.36
-737.418
-475.885
-51.2582
182.898
-87.9543
-845.76
-1478.91
-1436.39
-972.158
-774.115
-978.565
-1216.8
-1407.85
-1678.12
-1847.62
-1612.3
-1250.58
-1307.67
-1731.71
-1966.45
-1829.57
-1700.84
-1728.8
-1704.92
-1590.17
-1639.1
-1861.02
-1907.62
-1657.74
-1450.37
-1561.63
-1760.83
-1758.5
-1616.38
-1554.05
-1581.43
-1557.55
-1461.44
-1418.34
-1494.64
-1558.71
-1505.13
-1414.84
-1377.56
-1369.99
-1339.7
-1297.76
-1316.99
-1347.86
-1247.67
-1054.29
-933.131
-959.925
-993.709
-890.61
-687.908
-514.911
-411.813
-321.528
-246.389
-162.512
-25.0466
180.568
389.096
543.453
643.057
683.248
708.295
811.393
1074.67
1377.56
1691.52
2024.11
2123.72
1725.89
1206.31
1449.21
2475.54
3183.83
2818.03
2130.71
2109.16
2375.35
2187.79
2023.53
2684.65
3525.75
3244.99
2018.29
1432.32
2054.4
2781.92
2837.84
2638.05
2510.48
2013.63
1179.52
955.266
1700.26
2365.45
1997.32
1041.47
452.586
418.802
555.685
665.774
707.712
543.453
66.9851
-509.087
-814.306
-724.021
-449.091
-354.73
-708.295
-1349.02
-1728.8
-1642.59
-1413.09
-1366.5
-1468.43
-1570.95
-1764.91
-2015.96
-2014.79
-1682.2
-1431.15
-1566.29
-1844.13
-1903.54
-1796.37
-1752.1
-1690.94
-1503.38
-1386.88
-1581.43
-1859.86
-1824.32
-1519.11
-1281.45
-1310.58
-1473.67
-1573.28
-1584.34
-1552.89
-1460.86
-1318.15
-1240.1
-1322.81
-1524.93
-1609.97
-1427.66
-1165.54
-1107.88
-1261.65
-1343.2
-1206.9
-1053.12
-1036.23
-972.74
-753.145
-580.732
-643.057
-740.331
-549.86
-168.919
44.8509
19.2218
68.7325
318.034
513.747
520.736
541.123
759.553
1022.83
1093.9
1049.04
1170.2
1435.23
1561.04
1440.47
1332.13
1624.53
2198.86
2441.75
1997.32
1432.32
1595.99
2335.74
2690.47
2327
2068.38
2386.42
2535.53
1993.83
1650.75
2310.11
3137.81
2929.29
2037.51
1733.46
2135.95
2363.12
2195.36
2194.78
2332.83
1955.38
1191.17
955.848
1439.89
1742.78
1329.22
682.083
342.498
221.925
94.9441
34.9487
24.4641
-187.558
-679.171
-1157.39
-1378.15
-1370.57
-1268.64
-1254.66
-1522.02
-2000.23
-2299.04
-2215.17
-2019.45
-1964.7
-1970.53
-1986.84
-2147.02
-2398.65
-2324.09
-1840.05
-1492.31
-1658.9
-1993.83
-1989.17
-1734.04
-1576.19
-1515.61
-1360.09
-1209.23
-1351.35
-1664.73
-1686.86
-1339.7
-1039.14
-1043.8
-1199.32
-1302.42
-1340.28
-1358.34
-1275.05
-1060.69
-895.853
-979.73
-1202.24
-1260.48
-1083.99
-849.837
-746.738
-747.321
-710.624
-657.619
-619.175
-512.582
-274.93
-44.8509
-6.98975
-68.7325
22.1342
298.812
537.046
627.912
679.753
765.96
837.022
888.281
1029.82
1286.11
1446.88
1364.17
1181.85
1171.37
1367.08
1590.75
1683.36
1612.88
1455.62
1293.1
1404.36
1872.67
2242.54
1990.33
1364.17
1247.67
1838.3
2331.66
2137.12
1837.14
2038.09
2181.97
1688.02
1271.55
1847.62
2827.94
2861.14
1898.88
1268.64
1579.1
2056.15
2089.93
1975.77
1909.37
1492.31
738.001
411.23
854.497
1287.86
906.337
11.6496
-604.031
-689.073
-525.979
-426.375
-562.675
-991.379
-1575.02
-1978.1
-1993.24
-1738.7
-1546.48
-1704.33
-2207.01
-2707.95
-2780.75
-2397.48
-1990.91
-1909.37
-2096.34
-2293.8
-2380.01
-2303.7
-1967.03
-1501.63
-1289.61
-1487.65
-1771.32
-1791.12
-1543.57
-1263.4
-1093.9
-1027.49
-1081.08
-1224.37
-1307.08
-1179.52
-940.121
-832.363
-920.899
-1058.95
-1097.97
-1061.86
-994.874
-866.729
-735.089
-722.856
-843.43
-959.925
-869.059
-580.149
-326.771
-266.775
-319.781
-325.606
-256.873
-107.176
177.074
514.911
659.366
513.164
335.508
427.54
767.707
1077
1226.7
1244.18
1150.98
1029.82
1065.35
1333.88
1606.48
1620.46
1405.52
1263.4
1298.93
1374.65
1431.15
1515.03
1578.52
1464.35
1234.86
1157.97
1505.13
2011.3
2063.14
1512.12
994.292
1225.54
1919.27
2193.62
1838.3
1599.49
1793.45
1799.86
1348.44
1215.05
1856.36
2410.88
1984.51
1089.24
892.358
1329.22
1501.63
1252.91
1120.69
1108.46
643.057
-105.429
-300.559
179.986
431.617
-78.0522
-810.228
-1138.16
-1143.99
-1152.14
-1213.89
-1294.85
-1477.17
-1845.29
-2188.96
-2250.12
-2027.03
-1786.46
-1855.78
-2223.9
-2518.06
-2416.12
-2051.49
-1771.9
-1717.15
-1770.15
-1823.16
-1876.75
-1805.1
-1474.84
-1046.71
-917.987
-1169.62
-1434.06
-1393.29
-1106.13
-838.77
-719.944
-763.63
-945.946
-1164.96
-1191.17
-917.987
-581.897
-484.623
-682.665
-929.637
-955.848
-746.738
-482.293
-329.683
-318.616
-405.405
-513.164
-482.875
-244.641
57.6654
187.558
76.3048
-49.5107
16.8919
221.925
419.385
545.783
612.768
614.515
584.809
629.66
813.141
1047.88
1142.24
1075.26
1001.28
1030.41
1164.38
1350.77
1458.53
1402.61
1219.71
1068.85
1128.26
1320.48
1459.11
1425.91
1287.86
1174.86
1135.83
1176.03
1256.99
1474.25
1764.91
1778.31
1298.93
772.367
937.209
1686.86
2068.38
1575.02
970.993
1001.86
1229.61
1037.4
811.976
1162.05
1616.96
1272.13
387.931
102.516
584.809
958.178
796.831
517.241
327.936
-89.1193
-626.165
-669.268
-153.774
129.893
-333.76
-1077.59
-1451.54
-1400.86
-1200.49
-1043.22
-1073.51
-1337.37
-1694.43
-1884.32
-1809.76
-1581.43
-1368.83
-1350.77
-1597.16
-1900.05
-1880.24
-1503.38
-1198.74
-1229.61
-1351.93
-1304.17
-1213.89
-1216.22
-1141.66
-873.136
-676.258
-817.801
-1090.98
-1095.64
-834.692
-630.825
-615.098
-668.686
-703.635
-717.032
-705.965
-632.572
-482.293
-348.322
-361.137
-489.282
-544.618
-435.694
-242.311
-107.759
-67.5676
-66.9851
-104.846
-156.104
-92.6142
161.347
424.045
432.782
235.322
133.388
272.6
491.612
631.99
681.5
651.794
537.628
442.102
547.53
827.703
1047.88
1025.75
842.847
729.846
821.295
1070.6
1316.4
1409.6
1265.14
994.874
859.739
1016.43
1302.42
1421.83
1263.98
988.467
830.615
821.295
875.466
911.58
1064.19
1276.21
1140.49
527.726
43.6859
375.116
1138.75
1296.02
598.788
34.3663
215.517
491.612
302.307
176.491
623.835
967.498
469.478
-298.812
-264.445
387.931
644.804
308.131
40.7735
29.7064
-226.002
-638.397
-564.422
-25.6291
163.677
-371.622
-1008.85
-1116.03
-831.198
-588.304
-569.082
-743.826
-991.962
-1213.89
-1270.39
-1121.85
-897.018
-761.3
-880.708
-1213.89
-1415.42
-1208.06
-832.363
-731.594
-913.327
-1029.82
-987.302
-988.467
-1024
-872.554
-598.206
-556.85
-814.888
-1004.78
-891.193
-655.289
-506.174
-441.519
-441.519
-532.968
-658.784
-659.366
-445.014
-156.104
-36.6962
-179.404
-415.308
-464.236
-244.059
65.8201
219.595
149.697
6.98975
-71.0624
-55.918
92.6142
366.379
566.17
490.447
245.224
134.553
298.812
578.984
749.651
774.115
718.197
626.165
578.984
664.609
903.425
1170.78
1247.09
1071.18
864.981
885.368
1117.19
1323.97
1344.36
1230.2
1088.07
941.869
844.595
886.533
994.292
941.286
681.5
458.411
409.483
383.271
234.739
80.9646
152.61
362.884
320.946
-126.398
-555.103
-424.045
113.583
320.363
-85.0419
-477.633
-334.343
-71.6449
-220.177
-421.132
-121.156
318.616
172.996
-376.864
-495.69
-79.7996
185.228
71.6449
9.90214
83.2945
-111.836
-519.571
-539.376
-68.15
235.322
-63.4902
-573.742
-742.661
-578.402
-392.591
-311.044
-340.75
-502.097
-732.759
-884.203
-852.749
-661.696
-476.468
-504.427
-779.939
-1041.47
-980.895
-665.191
-474.72
-541.123
-645.387
-636.65
-615.68
-624.418
-502.679
-241.146
-114.748
-292.987
-507.339
-453.751
-218.43
-65.2377
-59.9953
-99.6039
-151.445
-193.383
-159.017
-5.82479
178.821
222.507
101.351
-6.40727
43.6859
199.79
318.034
325.606
301.142
287.162
253.961
219.012
282.502
466.566
602.866
542.288
375.699
327.353
422.297
550.443
668.686
756.058
714.702
520.154
379.776
500.349
769.455
885.951
779.939
631.99
574.907
567.917
597.041
678.006
712.372
604.613
406.57
252.796
185.228
149.115
101.934
35.5312
-103.099
-290.075
-391.426
-390.843
-429.87
-573.742
-710.624
-694.315
-498.602
-366.962
-527.726
-894.105
-1018.76
-646.552
-188.141
-175.909
-474.72
-509.669
-290.075
-276.095
-408.318
-127.563
495.69
673.346
163.094
-283.085
-25.0466
529.473
764.795
725.769
678.588
518.406
171.249
46.5983
435.694
922.064
856.244
318.034
-99.6039
-102.516
118.826
265.028
230.079
53.0056
-185.228
-392.591
-462.488
-399.581
-259.786
-175.909
-328.518
-643.639
-786.929
-609.273
-375.699
-347.158
-454.916
-517.241
-540.541
-601.118
-547.53
-294.152
-122.903
-265.61
-485.788
-475.303
-305.801
-193.383
-142.125
-58.8304
-29.124
-171.831
-307.549
-160.764
154.357
302.889
220.76
103.099
95.5266
178.821
282.502
414.143
527.726
495.69
329.101
235.322
348.322
545.783
611.603
473.555
291.822
241.729
326.771
428.122
463.071
432.199
339.003
214.352
151.445
244.641
412.978
431.034
245.806
72.8099
73.3924
168.919
202.12
135.135
65.8201
1.74744
-107.759
-198.625
-209.11
-213.187
-316.286
-483.458
-588.304
-599.953
-617.428
-705.965
-767.125
-792.171
-869.641
-992.544
-1043.22
-868.476
-577.819
-509.087
-804.986
-1077.59
-848.672
-285.997
8.15471
-211.44
-404.823
-132.805
187.558
103.681
-2.32992
407.735
954.101
926.724
465.983
358.225
785.182
1123.02
1093.9
1064.77
1169.62
1062.44
721.109
664.609
1079.33
1422.41
1195.25
661.114
410.065
523.649
707.712
759.553
628.495
389.678
111.836
-110.089
-140.377
6.40727
138.048
12.8145
-390.261
-738.583
-714.702
-429.287
-282.502
-438.024
-647.717
-692.568
-648.882
-629.077
-558.015
-391.426
-302.889
-419.385
-538.211
-420.55
-179.986
-76.8872
-148.532
-184.063
-69.315
30.8714
13.397
8.15471
93.7791
163.677
113.583
20.9692
41.9385
158.434
189.888
97.274
19.2218
36.1137
65.2377
8.73719
-48.3458
-30.2889
-35.5312
-110.089
-158.434
-109.506
-72.2274
-137.465
-233.574
-264.445
-225.419
-210.857
-242.894
-265.61
-273.765
-297.064
-330.266
-328.518
-292.404
-267.94
-269.105
-319.199
-403.658
-477.05
-485.205
-428.122
-388.514
-418.802
-507.922
-616.263
-700.14
-702.47
-630.242
-564.422
-572.577
-626.747
-687.325
-732.176
-735.671
-626.165
-327.353
-55.918
-104.264
-462.488
-641.892
-209.11
481.128
707.13
388.514
243.476
556.267
834.692
809.063
958.76
1517.94
1833.64
1450.37
966.333
1202.24
1858.69
2107.41
1891.89
1718.31
1638.51
1400.28
1207.48
1426.49
1835.97
1752.1
1114.86
574.907
531.803
751.398
867.311
758.388
450.256
55.918
-268.523
-344.245
-215.517
-90.2842
-149.697
-460.741
-851.002
-1011.77
-827.12
-565.587
-541.123
-746.738
-901.678
-906.337
-878.378
-848.672
-720.527
-531.803
-541.123
-759.553
-902.842
-771.785
-517.241
-421.715
-501.514
-560.345
-556.85
-590.634
-599.371
-473.555
-296.482
-277.26
-453.751
-595.294
-484.623
-273.765
-226.584
-321.528
-399.581
-405.988
-399.581
-400.163
-343.663
-253.961
-292.404
-453.169
-526.561
-427.54
-290.657
-265.028
-339.585
-406.57
-414.725
-401.911
-360.555
-284.25
-226.002
-259.786
-344.245
-373.369
-313.374
-219.595
-161.347
-169.501
-224.254
-262.698
-251.048
-212.022
-210.275
-221.342
-188.141
-128.728
-137.465
-226.584
-263.281
-208.527
-144.455
-119.408
-59.4129
19.2218
-0.582479
-113.583
-133.388
120.573
537.046
741.496
534.716
217.847
291.24
838.77
1335.04
1318.73
1062.44
1117.78
1407.27
1463.77
1369.99
1603.56
2062.56
2107.99
1612.3
1285.53
1561.63
1944.32
1934.41
1712.49
1584.34
1411.35
1070.6
913.91
1175.44
1414.84
1106.13
455.499
98.439
205.033
392.591
344.828
71.6449
-277.26
-575.489
-722.274
-697.227
-623.835
-661.696
-863.234
-1148.07
-1361.25
-1368.83
-1195.83
-1088.07
-1222.04
-1450.96
-1530.17
-1458.53
-1382.81
-1339.7
-1244.18
-1114.28
-1123.02
-1283.2
-1344.36
-1130.01
-813.723
-679.171
-776.445
-893.523
-825.955
-648.882
-502.679
-386.184
-279.007
-271.435
-379.194
-427.54
-273.183
-20.3868
52.4231
-95.5266
-217.847
-192.801
-147.367
-160.182
-127.563
-48.9282
-89.1193
-308.714
-472.973
-359.972
-153.774
-117.078
-237.651
-371.622
-460.158
-470.061
-338.42
-129.893
-31.4539
-161.929
-355.895
-353.565
-141.542
90.2842
192.801
163.677
75.7223
50.0932
159.599
344.828
490.447
526.561
474.72
415.308
421.132
495.107
583.644
623.835
569.664
470.061
442.102
510.834
599.953
640.727
609.273
567.917
680.336
930.801
1054.29
881.291
677.423
873.136
1340.87
1476
1146.9
986.137
1310.58
1555.22
1315.24
1096.81
1397.95
1788.21
1614.05
1120.69
1042.05
1372.9
1488.82
1257.57
1085.16
1029.82
788.094
440.354
384.436
592.381
544.618
48.9282
-458.993
-595.294
-514.911
-527.726
-697.227
-975.652
-1269.22
-1455.62
-1496.97
-1486.49
-1514.45
-1582.6
-1699.67
-1893.64
-2060.81
-1976.35
-1679.29
-1526.1
-1673.46
-1836.56
-1753.84
-1534.83
-1371.16
-1240.68
-1071.18
-970.993
-1008.85
-1012.35
-808.481
-526.561
-382.689
-376.281
-387.931
-362.302
-292.404
-166.007
-21.5517
62.3253
53.0056
-6.98975
-36.6962
18.6393
135.135
225.419
206.78
85.6244
16.3094
68.7325
142.125
173.579
188.141
163.094
74.5573
8.73719
79.7996
255.126
320.363
214.352
113.583
141.542
228.332
285.997
350.652
394.921
336.673
248.136
281.92
448.509
577.237
543.453
456.664
457.829
532.968
606.361
657.619
688.49
665.191
601.118
571.994
608.691
673.346
711.789
678.588
555.685
414.725
421.132
586.556
695.48
601.701
430.452
374.534
436.277
484.04
479.963
537.628
698.975
748.486
526.561
245.806
294.152
701.887
994.292
789.842
368.709
307.549
581.897
643.057
401.911
357.642
623.253
671.016
244.059
-129.893
17.4744
315.704
253.378
-24.4641
-168.919
-279.007
-545.2
-709.459
-506.757
-271.435
-479.38
-997.204
-1284.95
-1163.79
-927.889
-822.46
-901.095
-1126.51
-1363.58
-1420.67
-1247.09
-1022.83
-924.394
-972.74
-1111.37
-1256.41
-1245.92
-965.168
-633.737
-595.876
-807.316
-918.569
-786.347
-581.897
-416.473
-280.755
-244.059
-373.952
-494.525
-349.487
-39.6086
107.176
4.07735
-104.846
-77.4697
-2.32992
68.15
179.986
315.121
343.08
239.981
179.404
287.162
453.751
541.123
552.19
519.571
457.829
414.143
449.674
545.2
608.691
556.85
422.88
337.255
347.158
385.601
375.699
329.683
295.899
278.425
243.476
207.363
214.935
248.136
267.358
260.368
238.816
248.136
316.869
379.194
382.689
371.622
410.065
496.855
565.005
574.907
576.654
605.196
607.526
584.809
583.644
606.361
612.768
563.257
484.623
410.065
327.353
258.038
240.564
215.517
115.331
-23.8816
-99.6039
-135.135
-227.749
-364.632
-388.514
-223.672
-144.455
-419.967
-811.976
-797.414
-357.06
-81.5471
-357.06
-745.573
-647.134
-307.549
-320.363
-557.432
-430.452
-21.5517
33.7838
-381.524
-611.021
-292.987
80.9646
72.2274
-99.6039
-119.991
-132.805
-280.755
-329.101
-80.3821
172.996
46.5983
-343.08
-563.257
-447.926
-207.945
-101.934
-224.254
-457.829
-613.933
-608.691
-506.757
-407.153
-353.565
-389.096
-534.716
-683.248
-622.088
-327.936
-96.109
-171.249
-369.292
-386.184
-221.342
-68.15
26.794
132.805
187.558
100.769
0.582479
104.846
387.349
582.479
531.221
390.843
365.797
449.091
564.422
668.686
730.429
723.439
640.727
544.035
544.035
655.871
749.651
697.81
548.695
441.519
434.529
465.983
458.993
421.132
373.369
293.569
202.703
180.568
221.925
234.157
158.434
55.918
26.794
68.7325
98.439
76.3048
45.4334
25.0466
-1.16496
-4.07735
47.1808
107.176
99.0214
27.959
-28.5415
-9.90214
61.7428
98.439
55.3355
-31.4539
-87.3719
-91.4492
-82.1295
-104.846
-178.239
-258.038
-306.966
-345.41
-397.251
-447.926
-497.437
-559.18
-621.505
-672.181
-701.305
-718.779
-737.418
-757.223
-784.017
-822.46
-857.409
-837.605
-676.841
-495.69
-540.541
-816.053
-927.889
-590.051
-140.96
-120.573
-439.772
-483.458
-146.202
47.1808
-100.769
-89.1193
299.977
541.705
301.142
18.6393
210.857
616.263
705.965
541.123
505.592
588.304
505.592
365.214
477.05
737.418
743.243
437.442
182.898
221.342
406.57
496.855
433.364
270.853
118.826
63.4902
111.836
195.13
256.291
255.126
145.037
-32.0363
-90.8667
97.274
342.498
347.158
138.63
22.7167
107.176
227.749
304.637
394.338
457.829
374.534
212.605
216.1
435.112
611.021
585.391
484.04
409.483
354.73
341.915
435.694
562.675
551.608
344.245
147.95
146.785
234.157
259.203
200.373
99.6039
-27.959
-126.98
-158.434
-131.058
-122.321
-195.13
-308.714
-408.318
-456.081
-465.401
-446.179
-465.401
-554.52
-648.299
-691.403
-675.093
-654.706
-659.366
-676.841
-697.81
-727.516
-736.253
-680.918
-599.953
-561.51
-576.654
-592.381
-569.664
-507.922
-433.364
-380.941
-372.204
-393.756
-411.23
-379.194
-297.064
-243.476
-274.348
-341.333
-365.797
-330.266
-273.765
-248.136
-277.26
-334.343
-368.709
-341.915
-283.667
-258.621
-280.172
-290.075
-265.028
-256.291
-274.93
-263.281
-148.532
40.1911
133.388
25.6291
-125.233
-25.6291
332.013
595.294
503.262
309.296
417.637
713.537
804.986
700.14
756.64
1013.51
1128.84
970.41
847.507
993.709
1177.77
1166.71
1076.42
1082.83
1069.43
924.394
813.141
888.863
1015.84
943.616
691.985
506.174
507.922
580.149
585.974
485.788
334.343
220.76
182.316
167.171
128.145
107.176
94.3616
9.90214
-148.532
-234.157
-142.125
-41.9385
-128.145
-306.384
-355.895
-277.26
-245.224
-305.219
-344.245
-308.131
-290.075
-360.555
-446.179
-424.627
-308.714
-249.301
-340.168
-494.525
-523.066
-401.328
-320.363
-382.106
-465.401
-466.566
-449.091
-496.272
-531.803
-461.323
-398.416
-478.798
-614.515
-622.67
-534.133
-518.989
-577.819
-591.799
-560.927
-590.634
-671.016
-671.598
-572.577
-506.757
-548.113
-604.613
-592.964
-548.113
-497.437
-426.957
-365.214
-360.555
-382.689
-353.565
-246.971
-126.98
-53.0056
-36.1137
-50.0932
-37.2787
49.5107
171.831
245.806
243.476
226.002
249.301
276.678
294.734
343.663
398.998
379.194
297.064
275.513
335.508
365.214
316.286
255.708
246.389
257.456
241.146
224.837
240.564
239.399
196.295
156.687
169.501
205.033
211.44
199.79
226.584
320.363
382.106
312.209
207.363
262.698
481.71
630.825
553.938
436.277
521.901
679.171
661.696
576.072
673.928
879.543
883.038
665.191
555.685
699.557
849.254
808.481
690.82
622.67
544.618
428.705
391.426
460.741
477.633
312.791
66.9851
-60.5778
-39.6086
9.90214
-19.8043
-155.522
-335.508
-454.916
-478.215
-462.488
-467.731
-501.514
-555.103
-647.717
-738.583
-735.671
-641.309
-573.742
-622.088
-708.295
-724.604
-690.238
-633.737
-552.773
-485.788
-496.272
-574.324
-593.546
-481.128
-341.915
-304.054
-343.08
-348.322
-315.704
-295.899
-262.116
-191.053
-117.661
-111.836
-183.481
-228.332
-170.084
-78.6347
-51.2582
-93.7791
-129.893
-119.408
-89.7018
-99.0214
-114.748
-88.5368
-92.0317
-157.852
-203.868
-171.831
-98.439
-81.5471
-141.542
-190.471
-175.909
-142.707
-115.331
-78.0522
-59.9953
-76.3048
-81.5471
-54.1705
8.73719
82.1295
126.98
149.697
160.182
173.579
216.682
292.404
365.797
399.581
399.581
387.931
393.756
432.782
474.138
472.973
440.354
407.735
392.008
387.931
362.884
327.936
305.801
269.105
209.692
156.687
122.321
96.109
64.0727
13.9795
-43.1034
-87.9543
-106.011
-103.681
-121.738
-164.259
-193.966
-180.568
-122.321
-72.8099
-93.7791
-175.326
-202.703
-82.712
84.4595
125.233
46.5983
19.2218
112.418
191.636
180.568
186.976
298.812
396.668
346.575
231.244
214.935
309.296
392.008
389.678
329.101
241.146
152.027
121.156
169.501
217.847
176.491
47.7633
-71.6449
-115.913
-87.3719
-47.7633
-58.2479
-130.475
-228.332
-276.678
-265.61
-232.992
-198.625
-182.898
-209.692
-266.193
-294.734
-240.564
-145.62
-106.594
-124.651
-133.97
-98.439
-53.0056
-27.959
12.8145
66.9851
110.671
119.408
101.351
99.0214
126.98
159.599
178.239
169.501
124.068
89.7018
79.7996
66.9851
41.356
26.2116
8.15471
-41.9385
-104.846
-144.455
-150.862
-157.269
-188.141
-231.244
-264.445
-299.977
-334.925
-337.255
-334.925
-351.235
-371.039
-385.601
-394.921
-387.931
-368.127
-334.343
-303.472
-303.472
-296.482
-260.368
-213.77
-175.909
-146.785
-115.331
-100.186
-93.7791
-62.3253
-4.65983
41.356
54.753
46.5983
53.5881
78.0522
95.5266
116.496
125.233
116.496
104.264
87.9543
68.7325
53.0056
46.0158
34.9487
-2.32992
-62.3253
-104.264
-133.388
-153.774
-170.084
-185.228
-216.1
-277.26
-323.276
-316.286
-271.435
-253.961
-280.755
-298.812
-274.93
-237.651
-213.187
-166.007
-66.4026
38.4436
57.0829
10.4846
23.8816
168.919
349.487
407.153
345.993
336.673
452.586
567.917
590.634
594.711
680.336
782.852
796.249
756.64
783.434
880.126
934.296
917.987
893.523
889.445
854.497
784.599
760.135
799.744
812.558
705.965
560.927
500.932
522.484
527.144
461.323
363.467
280.755
224.837
161.929
104.846
65.8201
34.3663
-29.124
-141.542
-241.146
-262.698
-225.419
-223.672
-299.394
-393.173
-433.947
-418.802
-403.658
-419.967
-447.926
-479.38
-535.881
-594.129
-596.459
-552.773
-538.793
-592.381
-663.444
-679.171
-637.815
-603.448
-599.371
-606.361
-605.196
-599.953
-591.216
-571.412
-532.386
-505.592
-512.582
-527.144
-516.659
-481.128
-449.674
-435.112
-430.452
-426.375
-399.581
-352.4
-313.374
-297.064
-298.229
-281.337
-233.574
-185.811
-161.347
-146.202
-133.388
-119.408
-100.769
-72.8099
-22.7167
20.9692
29.7064
15.1445
16.3094
51.2582
97.274
125.815
126.398
105.429
75.1398
57.6654
67.5676
92.0317
99.6039
72.8099
30.8714
4.65983
-0.582479
11.0671
25.6291
23.2992
4.07735
-20.9692
-38.4436
-34.3663
-15.1445
9.31966
32.0363
34.3663
21.5517
25.0466
61.1603
117.661
160.764
187.558
223.089
256.873
281.92
316.286
403.075
528.891
583.062
527.726
482.875
569.082
733.341
811.976
767.125
728.681
775.28
814.306
800.909
829.45
923.229
974.487
904.007
788.677
769.455
846.342
895.27
867.894
790.424
696.645
609.273
558.597
570.247
599.371
559.762
422.297
252.796
154.939
162.512
201.538
164.259
22.1342
-139.795
-222.507
-245.224
-270.853
-306.384
-344.828
-415.89
-532.386
-626.165
-625
-562.092
-553.355
-631.99
-712.954
-735.671
-713.537
-691.403
-678.588
-676.841
-704.217
-744.408
-748.486
-715.284
-687.908
-687.325
-701.887
-700.14
-688.49
-685.578
-675.676
-651.212
-609.273
-583.644
-608.108
-633.737
-591.799
-495.69
-439.772
-461.323
-490.447
-456.081
-393.173
-371.039
-379.194
-365.797
-333.76
-320.946
-325.023
-307.549
-260.951
-229.497
-222.507
-205.033
-175.326
-156.104
-142.707
-113.001
-58.2479
-6.98975
5.82479
-6.40727
10.4846
78.0522
141.542
156.104
147.367
165.424
213.187
234.739
229.497
259.203
316.869
340.168
312.791
306.966
359.39
406.57
386.184
349.487
361.719
393.756
394.338
369.292
361.719
361.719
343.08
319.199
319.199
327.936
309.879
287.162
279.007
279.007
270.27
255.708
240.564
244.059
259.203
261.533
245.224
255.708
338.42
418.22
379.194
266.193
280.755
454.334
577.819
509.669
404.823
463.071
599.371
615.68
552.19
595.294
715.284
735.089
639.562
589.469
648.299
701.305
679.171
650.047
655.289
608.108
502.097
444.432
474.72
497.437
419.967
270.27
151.445
112.418
107.176
83.2945
1.74744
-110.089
-204.45
-267.94
-328.518
-401.911
-449.674
-478.215
-549.278
-671.598
-754.31
-746.156
-714.702
-748.486
-832.363
-876.631
-874.884
-874.884
-871.971
-845.76
-819.548
-849.837
-909.25
-898.183
-812.558
-750.233
-770.037
-799.744
-779.939
-740.913
-716.449
-689.655
-615.098
-539.376
-539.958
-587.139
-570.247
-463.071
-350.652
-306.384
-318.616
-315.704
-270.27
-210.275
-153.774
-96.6915
-51.8406
-36.6962
-34.3663
-25.6291
13.397
80.9646
127.563
128.728
109.506
98.439
118.826
161.929
193.383
206.78
188.723
152.027
136.3
164.259
223.672
255.126
227.749
174.161
161.929
203.868
251.631
265.61
255.126
245.224
235.322
235.904
269.688
322.693
357.06
332.013
280.755
277.26
322.111
373.952
381.524
354.147
333.76
318.616
301.724
298.812
316.869
325.606
298.812
246.389
206.78
208.527
231.827
242.311
221.925
179.986
159.017
169.501
187.558
192.801
211.44
272.018
318.034
274.93
202.12
239.981
386.766
493.36
473.555
410.648
427.54
493.36
519.571
530.638
581.897
636.067
605.778
519.571
485.205
530.638
577.819
572.577
510.834
426.375
347.158
286.58
265.028
262.116
224.254
128.728
3.49487
-104.264
-144.455
-131.058
-135.718
-210.275
-351.235
-458.993
-478.215
-465.401
-484.04
-531.803
-570.829
-608.691
-659.949
-679.171
-637.815
-598.788
-615.68
-669.851
-693.15
-667.521
-644.222
-625
-605.778
-605.196
-638.979
-672.763
-665.774
-615.098
-560.345
-539.376
-554.52
-591.799
-600.536
-563.257
-492.195
-450.256
-467.148
-494.525
-505.592
-490.447
-460.158
-404.823
-333.76
-304.054
-328.518
-352.982
-313.956
-238.816
-196.295
-187.558
-176.491
-167.171
-160.764
-136.883
-79.7996
-21.5517
-15.1445
-29.7064
-16.8919
22.1342
54.1705
74.5573
93.1966
110.671
129.31
151.445
181.151
212.605
245.224
273.765
284.25
291.24
304.637
338.42
382.689
411.813
426.375
442.102
462.488
478.798
502.097
542.288
584.809
588.304
552.19
531.803
560.345
598.206
603.448
578.984
548.695
524.814
510.252
511.417
523.649
511.417
452.004
380.941
342.498
341.333
339.585
310.461
265.028
219.595
187.558
170.666
163.677
168.919
185.228
187.558
143.872
78.0522
66.9851
140.96
220.76
216.1
153.192
131.64
184.646
239.981
250.466
256.873
290.075
317.451
310.461
289.492
303.472
343.08
363.467
345.993
299.394
254.543
230.079
219.012
209.692
179.986
128.728
65.8201
-2.32992
-55.3355
-96.6915
-142.707
-209.11
-304.054
-393.756
-453.169
-493.36
-540.541
-601.701
-652.959
-696.645
-743.826
-791.589
-811.976
-811.976
-827.12
-857.992
-883.038
-876.631
-845.177
-819.548
-811.393
-806.733
-793.919
-773.532
-750.815
-719.362
-676.258
-641.892
-625.582
-611.603
-580.149
-533.551
-498.02
-477.633
-450.839
-411.813
-375.699
-353.565
-328.518
-287.745
-239.399
-204.45
-182.316
-159.599
-131.64
-96.109
-62.3253
-32.6188
-6.40727
13.397
31.4539
63.4902
103.099
133.97
160.182
182.898
202.703
228.914
257.456
290.657
334.925
378.029
406.57
422.297
439.772
477.05
532.968
583.644
612.768
623.253
636.067
668.686
705.965
731.594
736.253
725.769
722.274
724.604
733.341
740.331
729.264
698.975
661.696
636.067
626.165
608.691
571.412
522.484
468.896
419.385
376.864
340.75
309.296
271.435
219.595
159.599
111.836
76.3048
49.5107
14.562
-31.4539
-73.3924
-100.769
-117.661
-138.63
-164.842
-185.228
-198.625
-206.78
-198.043
-179.986
-179.404
-208.527
-230.079
-205.033
-147.367
-114.166
-118.826
-120.573
-94.3616
-58.2479
-32.6188
-5.82479
37.8611
79.7996
89.1193
74.5573
76.3048
118.826
166.007
175.909
155.522
127.563
107.176
94.3616
84.4595
74.5573
50.6757
-1.74744
-69.8975
-126.98
-152.61
-171.831
-213.77
-275.513
-339.003
-390.261
-432.782
-471.226
-496.855
-515.494
-558.015
-622.088
-668.686
-668.103
-643.639
-639.562
-665.191
-692.568
-690.238
-668.686
-648.882
-625
-596.459
-574.324
-567.917
-555.685
-514.329
-456.081
-410.065
-386.184
-362.302
-323.276
-276.095
-234.739
-192.801
-156.687
-126.98
-100.769
-66.9851
-7.57223
58.2479
99.0214
106.011
110.089
147.367
203.285
245.806
261.533
264.445
278.425
301.142
324.441
355.312
386.766
405.988
402.493
386.766
390.261
409.483
425.21
424.627
415.308
417.055
419.967
422.297
431.034
441.519
452.586
445.596
418.802
403.658
403.075
407.153
405.988
387.349
372.204
357.06
330.266
306.966
284.25
258.038
225.419
185.228
150.862
124.651
103.681
85.6244
67.5676
52.4231
40.7735
19.8043
0.582479
-13.9795
-22.7167
-24.4641
-31.4539
-41.9385
-54.753
-61.1603
-68.15
-82.1295
-95.5266
-106.594
-108.924
-107.176
-100.186
-86.2069
-65.8201
-39.0261
-12.2321
10.4846
35.5312
56.5005
73.3924
79.7996
87.9543
116.496
148.532
165.424
170.666
175.909
190.471
196.878
192.801
193.383
202.703
209.692
207.363
197.46
195.713
201.538
191.053
153.774
101.934
54.1705
5.82479
-47.1808
-100.186
-149.697
-189.888
-233.574
-287.162
-328.518
-347.74
-362.884
-399.581
-455.499
-496.272
-509.087
-510.834
-513.747
-521.319
-537.046
-556.267
-580.149
-591.216
-577.819
-558.597
-552.19
-546.948
-531.803
-496.855
-456.664
-426.957
-404.24
-392.591
-385.019
-374.534
-351.817
-325.023
-304.054
-292.404
-285.997
-269.105
-231.244
-185.811
-155.522
-139.212
-125.233
-100.769
-65.8201
-33.2013
-0.582479
36.1137
65.8201
85.6244
99.6039
115.913
141.542
166.007
190.471
219.595
248.719
270.27
285.415
302.889
327.353
357.06
382.106
394.338
398.416
405.405
422.88
440.937
457.829
472.39
479.963
480.545
480.545
488.7
498.602
502.097
493.942
477.633
471.226
471.808
463.653
446.761
431.034
416.473
398.416
383.271
368.709
355.895
341.915
319.781
289.492
262.698
242.311
223.089
195.13
163.677
135.135
111.253
91.4492
70.48
46.5983
27.3765
14.562
-0.582479
-18.6393
-36.6962
-62.9077
-87.9543
-108.924
-124.651
-132.805
-144.455
-167.171
-195.713
-214.352
-228.332
-245.806
-257.456
-253.378
-244.641
-246.389
-258.621
-267.358
-261.533
-244.641
-237.651
-226.584
-211.44
-212.022
-228.914
-239.399
-224.837
-203.868
-199.208
-205.615
-199.79
-180.568
-165.424
-157.852
-145.62
-127.563
-120.573
-129.31
-133.388
-128.728
-122.903
-120.573
-126.98
-134.553
-140.96
-153.774
-162.512
-163.094
-168.919
-182.898
-205.615
-231.244
-248.136
-250.466
-249.301
-265.028
-286.58
-298.812
-308.131
-317.451
-327.353
-329.683
-323.858
-320.363
-326.188
-321.528
-304.054
-287.745
-274.93
-256.291
-226.584
-196.878
-170.084
-139.212
-106.011
-64.6552
-27.3765
9.31966
56.5005
107.176
146.202
182.898
236.486
289.492
339.003
383.271
418.22
454.334
484.623
509.087
537.628
567.917
585.974
591.799
594.711
600.536
604.031
601.118
585.391
561.51
537.628
509.669
478.798
451.421
425.21
389.678
345.41
298.812
257.456
225.419
192.801
149.115
107.176
61.7428
23.2992
-4.65983
-29.7064
-49.5107
-72.8099
-95.5266
-121.738
-132.223
-126.398
-125.233
-126.98
-131.058
-136.3
-137.465
-132.223
-123.486
-110.089
-101.351
-106.011
-117.661
-117.661
-110.671
-102.516
-100.186
-110.671
-123.486
-139.795
-150.28
-153.774
-154.357
-156.104
-172.996
-197.46
-214.352
-226.584
-237.651
-252.796
-274.93
-292.987
-305.219
-308.714
-309.296
-297.647
-279.59
-263.863
-256.873
-259.786
-252.213
-221.342
-188.141
-154.357
-122.321
-102.516
-89.1193
-68.15
-37.2787
4.07735
43.1034
67.5676
82.712
95.5266
109.506
128.728
159.017
186.393
199.79
198.043
184.646
167.171
161.347
159.599
153.774
141.542
119.991
87.9543
60.5778
46.0158
34.9487
17.4744
-12.2321
-46.5983
-66.4026
-71.0624
-71.6449
-71.6449
-82.1295
-101.351
-111.836
-111.836
-105.429
-90.2842
-78.6347
-81.5471
-80.9646
-62.3253
-36.1137
-11.6496
10.4846
25.6291
45.4334
64.6552
78.0522
101.934
128.145
140.96
139.212
134.553
149.697
170.666
175.909
168.919
166.007
172.414
177.656
167.171
154.939
151.445
140.96
125.233
113.583
110.089
101.934
81.5471
47.7633
23.2992
18.6393
11.0671
-5.82479
-21.5517
-35.5312
-53.5881
-67.5676
-72.8099
-68.15
-65.8201
-83.877
-107.759
-113.001
-101.351
-87.3719
-80.9646
-84.4595
-90.8667
-82.712
-68.15
-53.0056
-34.3663
-19.2218
-10.4846
-2.9124
9.90214
33.2013
60.5778
74.5573
78.6347
79.2171
80.9646
90.8667
100.186
107.759
111.836
110.671
100.769
86.2069
79.2171
72.2274
59.9953
38.4436
21.5517
9.90214
-13.397
-43.1034
-75.1398
-101.351
-124.651
-151.445
-181.733
-208.527
-227.167
-246.971
-268.523
-280.172
-286.58
-297.647
-313.374
-329.101
-327.353
-317.451
-316.286
-311.044
-293.569
-269.688
-245.224
-226.584
-201.538
-157.852
-112.418
-80.9646
-43.6859
6.40727
56.5005
96.109
129.31
169.501
226.584
279.59
312.791
348.322
385.601
424.627
453.751
467.148
485.205
506.174
516.659
505.009
489.282
483.458
478.215
456.081
412.395
367.544
332.013
295.899
246.389
198.625
158.434
115.331
56.5005
-7.57223
-55.3355
-86.7894
-121.156
-171.831
-216.1
-245.224
-270.853
-297.064
-323.276
-334.925
-334.925
-340.168
-351.817
-349.487
-332.013
-311.626
-293.569
-279.59
-251.048
-221.342
-199.208
-174.744
-146.202
-110.671
-85.6244
-75.7223
-54.1705
-15.7269
24.4641
41.9385
36.6962
42.521
62.9077
76.3048
85.0419
92.0317
103.681
108.924
90.8667
72.8099
71.0624
77.4697
68.15
40.1911
18.6393
5.82479
-7.57223
-26.2116
-43.6859
-50.0932
-59.4129
-81.5471
-100.769
-105.429
-95.5266
-89.1193
-101.934
-111.836
-110.671
-100.186
-87.3719
-83.877
-68.15
-50.6757
-37.8611
-26.794
-18.0568
2.9124
27.959
41.356
53.0056
66.4026
85.6244
99.0214
100.769
104.264
108.924
114.748
115.331
107.176
95.5266
81.5471
61.7428
48.9282
47.1808
47.1808
39.0261
15.7269
-8.73719
-25.0466
-40.1911
-53.0056
-68.15
-79.7996
-96.109
-110.671
-115.331
-115.913
-113.583
-119.408
-136.3
-145.62
-141.542
-132.805
-113.583
-95.5266
-78.6347
-72.8099
-79.7996
-75.1398
-44.2684
5.24231
44.8509
53.5881
58.8304
74.5573
102.516
137.465
163.094
187.558
212.022
214.935
213.77
222.507
240.564
265.028
268.523
258.038
247.554
238.234
231.244
223.089
210.275
196.878
171.831
140.377
118.826
100.769
85.0419
63.4902
29.124
-9.31966
-34.9487
-51.8406
-62.3253
-70.48
-82.712
-98.439
-120.573
-141.542
-146.785
-138.63
-131.64
-136.883
-144.455
-143.872
-141.542
-135.135
-122.903
-111.253
-105.429
-97.8565
-101.351
-100.186
-86.7894
-76.3048
-67.5676
-61.7428
-61.1603
-55.918
-48.3458
-48.9282
-43.6859
-37.2787
-33.2013
-33.7838
-40.1911
-39.6086
-33.7838
-35.5312
-43.1034
-50.0932
-48.9282
-41.356
-43.1034
-50.6757
-54.753
-60.5778
-65.2377
-69.315
-69.8975
-60.5778
-51.8406
-54.753
-58.2479
-53.0056
-43.1034
-30.8714
-19.2218
-6.40727
2.32992
5.24231
16.3094
33.2013
55.918
77.4697
91.4492
104.264
118.243
133.388
145.62
155.522
155.522
148.532
145.62
142.125
140.96
140.377
136.3
120.573
96.6915
68.7325
45.4334
30.2889
8.73719
-25.6291
-66.9851
-103.681
-131.058
-147.95
-161.929
-182.898
-205.615
-230.662
-253.378
-272.018
-285.415
-294.152
-300.559
-306.384
-306.966
-304.637
-302.307
-292.987
-276.095
-258.621
-248.136
-238.234
-219.012
-190.471
-158.434
-121.156
-78.6347
-32.6188
6.98975
41.356
79.2171
128.145
186.976
238.234
279.007
313.956
352.982
393.173
433.364
475.303
512.582
538.793
555.685
569.082
583.062
598.788
601.701
591.799
577.237
563.257
552.19
540.541
524.231
506.757
475.885
431.617
382.689
337.255
299.977
263.863
224.837
175.909
124.651
82.1295
46.0158
16.3094
-18.6393
-58.8304
-98.439
-133.388
-160.182
-181.151
-193.966
-203.285
-218.43
-234.157
-251.048
-267.358
-276.678
-285.415
-291.24
-297.064
-309.879
-316.286
-315.121
-313.374
-318.034
-330.266
-337.838
-341.915
-343.663
-352.4
-364.049
-369.874
-371.039
-371.622
-373.369
-370.457
-362.884
-358.807
-361.719
-371.622
-374.534
-369.874
-369.292
-360.555
-352.982
-348.322
-337.838
-326.771
-310.461
-281.92
-251.048
-231.827
-217.265
-203.285
-188.723
-166.007
-139.212
-114.166
-87.3719
-60.5778
-37.8611
-18.6393
-1.16496
16.8919
33.7838
53.0056
65.8201
72.2274
80.9646
87.9543
88.5368
92.0317
92.6142
86.2069
88.5368
91.4492
90.2842
90.2842
87.9543
82.712
81.5471
78.6347
75.7223
77.4697
75.1398
74.5573
75.7223
82.1295
95.5266
108.341
126.398
145.037
163.094
182.898
197.46
212.605
235.322
261.533
285.415
309.879
327.936
351.235
378.611
398.998
418.22
438.024
466.566
494.525
508.504
512.582
514.329
524.231
549.86
570.829
580.149
573.742
557.432
548.113
542.288
527.726
504.427
478.798
450.839
417.637
380.359
345.41
318.034
291.822
258.038
213.187
163.677
121.738
80.9646
39.0261
0
-50.6757
-106.594
-160.182
-208.527
-248.136
-284.25
-325.606
-366.379
-397.833
-419.967
-442.684
-468.896
-494.525
-520.154
-540.541
-556.85
-572.577
-583.644
-592.964
-602.283
-608.691
-613.35
-611.021
-598.206
-581.897
-574.324
-567.335
-558.597
-542.288
-523.649
-502.097
-484.04
-471.226
-454.916
-433.364
-409.483
-384.436
-357.642
-332.596
-308.131
-284.832
-255.126
-223.672
-199.208
-179.404
-167.171
-150.862
-126.398
-102.516
-86.2069
-71.6449
-57.6654
-40.7735
-16.3094
11.0671
37.2787
56.5005
64.6552
65.2377
72.8099
92.0317
113.583
133.97
146.202
147.95
153.192
167.171
189.306
216.1
230.662
236.486
242.894
250.466
271.435
299.394
325.023
345.993
353.565
357.06
367.544
382.106
394.921
401.328
394.921
386.766
382.106
383.854
394.338
401.911
401.328
400.163
394.921
390.843
388.514
382.106
370.457
355.312
336.673
318.034
301.724
285.415
266.193
245.806
229.497
213.187
195.13
176.491
156.104
136.3
118.243
99.6039
83.2945
66.4026
46.5983
25.0466
4.65983
-11.6496
-29.7064
-46.0158
-65.8201
-89.1193
-115.913
-135.718
-138.63
-135.718
-133.97
-138.63
-154.939
-165.424
-159.599
-145.62
-129.893
-124.068
-131.058
-137.465
-142.125
-144.455
-138.048
-128.728
-126.98
-131.64
-142.707
-147.367
-136.883
-121.738
-114.166
-113.001
-115.331
-124.651
-134.553
-136.883
-138.63
-141.542
-154.357
-174.744
-191.053
-198.043
-202.703
-212.605
-223.089
-241.729
-260.368
-269.105
-271.435
-269.105
-264.445
-269.105
-273.765
-270.853
-265.61
-258.621
-257.456
-260.951
-266.193
-264.445
-255.708
-244.641
-234.739
-224.837
-212.022
-194.548
-174.744
-152.61
-131.058
-111.836
-93.1966
-75.1398
-55.3355
-34.3663
-10.4846
9.31966
25.6291
43.1034
64.6552
90.2842
119.991
138.048
150.862
166.007
181.733
205.033
229.497
247.554
262.116
265.61
265.61
269.688
274.348
277.842
277.842
273.765
265.61
259.786
252.213
245.224
242.894
235.904
226.002
216.1
206.78
199.79
190.471
181.733
172.414
164.259
157.269
144.455
129.893
115.331
100.769
93.1966
82.712
71.6449
61.1603
50.0932
42.521
39.0261
31.4539
20.9692
11.6496
6.40727
9.31966
11.6496
8.15471
4.65983
-1.74744
-6.98975
-9.31966
-8.15471
-1.74744
2.32992
-0.582479
-5.24231
-9.90214
-12.2321
-9.90214
-6.40727
-6.40727
-13.397
-26.794
-33.7838
-34.3663
-33.2013
-27.3765
-22.1342
-15.7269
-11.0671
-14.562
-13.9795
-9.31966
-4.07735
2.9124
5.24231
5.82479
11.0671
12.2321
11.6496
12.2321
16.8919
23.8816
22.1342
11.6496
-2.32992
-13.397
-18.6393
-24.4641
-25.0466
-23.8816
-31.4539
-44.8509
-57.6654
-66.4026
-69.8975
-74.5573
-84.4595
-98.439
-115.913
-139.212
-152.61
-155.522
-158.434
-166.007
-184.646
-205.033
-218.43
-224.837
-223.089
-220.177
-223.672
-231.827
-239.981
-239.399
-230.662
-217.847
-206.198
-196.878
-187.558
-179.986
-167.754
-151.445
-131.64
-113.583
-99.0214
-82.1295
-66.4026
-51.8406
-33.7838
-15.1445
4.07735
21.5517
35.5312
50.0932
65.2377
76.8872
83.2945
85.0419
88.5368
97.274
101.934
99.0214
96.6915
96.109
93.7791
89.7018
86.7894
81.5471
78.6347
72.2274
65.8201
63.4902
64.0727
67.5676
69.315
67.5676
66.9851
66.4026
71.0624
75.7223
76.3048
77.4697
72.8099
69.8975
71.0624
79.2171
91.4492
100.186
104.846
109.506
115.913
125.815
140.96
151.445
157.269
162.512
165.424
170.084
178.821
186.976
189.888
190.471
189.306
186.393
184.646
180.568
179.404
175.326
166.589
157.852
147.367
141.542
137.465
131.058
123.486
112.418
100.769
90.2842
78.6347
68.7325
59.9953
49.5107
39.6086
26.794
10.4846
-2.9124
-12.8145
-21.5517
-29.7064
-39.0261
-53.5881
-66.9851
-78.0522
-88.5368
-93.1966
-95.5266
-99.0214
-108.924
-117.078
-121.156
-125.815
-131.64
-133.97
-132.223
-139.212
-154.939
-162.512
-157.852
-150.862
-154.939
-161.929
-163.677
-163.677
-168.919
-175.326
-170.084
-161.929
-160.764
-167.754
-172.414
-174.744
-177.656
-179.404
-174.744
-168.919
-172.996
-189.306
-197.46
-196.295
-192.801
-187.558
-184.063
-176.491
-170.666
-173.579
-174.161
-161.929
-150.862
-147.367
-144.455
-133.97
-121.156
-113.583
-103.681
-91.4492
-80.9646
-65.2377
-47.7633
-32.6188
-19.8043
-7.57223
11.0671
36.1137
55.3355
69.8975
87.9543
105.429
117.661
125.815
134.553
144.455
152.027
156.104
166.007
179.404
188.141
189.306
190.471
196.878
204.45
209.11
210.275
210.857
211.44
209.692
206.78
204.45
206.198
205.615
198.043
193.383
192.218
187.558
182.898
180.568
178.821
178.239
175.326
171.831
171.831
168.919
160.764
156.104
153.192
150.28
145.62
136.883
131.058
127.563
121.156
114.748
113.583
111.253
109.506
101.934
87.9543
75.7223
64.0727
53.5881
46.5983
37.2787
26.794
15.7269
0
-15.1445
-30.2889
-43.6859
-49.5107
-51.8406
-57.6654
-66.4026
-80.3821
-93.1966
-102.516
-113.583
-121.156
-125.233
-133.388
-142.125
-150.28
-157.852
-165.424
-176.491
-185.811
-194.548
-202.703
-208.527
-211.44
-217.847
-227.749
-238.234
-246.971
-251.048
-254.543
-257.456
-262.116
-266.193
-266.193
-267.94
-266.775
-262.116
-263.863
-265.61
-260.368
-248.136
-234.157
-222.507
-219.012
-212.605
-203.285
-199.79
-188.141
-166.007
-145.62
-127.563
-115.331
-104.846
-87.9543
-68.15
-53.0056
-35.5312
-20.9692
-12.2321
-2.9124
13.9795
39.6086
63.4902
79.2171
90.2842
101.934
121.738
142.707
163.094
186.976
206.198
216.1
226.584
238.816
251.631
268.523
279.007
285.415
289.492
286.58
284.832
291.24
293.569
291.24
290.657
288.327
285.997
279.59
273.765
267.94
262.698
253.961
241.146
230.079
217.847
207.363
197.46
188.141
173.579
156.104
134.553
116.496
103.099
90.8667
77.4697
65.2377
56.5005
47.1808
34.3663
24.4641
18.0568
11.0671
5.82479
-0.582479
-9.31966
-18.0568
-30.8714
-41.356
-47.1808
-55.918
-66.4026
-79.2171
-91.4492
-100.769
-104.264
-107.176
-112.418
-113.001
-115.913
-118.243
-119.408
-121.156
-123.486
-123.486
-124.068
-122.903
-121.156
-122.903
-125.233
-128.145
-129.893
-130.475
-129.31
-125.815
-122.321
-121.156
-122.903
-122.321
-119.991
-118.243
-121.156
-127.563
-136.883
-143.29
-147.367
-149.697
-153.192
-160.764
-166.007
-172.414
-177.656
-183.481
-189.888
-194.548
-192.801
-189.888
-188.723
-185.811
-184.063
-181.151
-177.656
-171.249
-159.599
-143.872
-125.815
-107.176
-89.7018
-72.8099
-55.918
-37.8611
-19.8043
-2.32992
14.562
34.9487
57.6654
80.3821
99.6039
117.661
136.3
153.192
164.842
176.491
189.888
201.538
210.857
216.682
219.595
219.595
217.847
215.517
209.11
203.868
195.713
184.646
177.074
167.754
160.182
156.104
152.027
151.445
146.785
139.795
131.64
122.903
113.001
99.6039
89.7018
83.2945
79.7996
76.3048
72.8099
68.7325
59.4129
52.4231
45.4334
43.1034
45.4334
47.1808
48.9282
48.3458
43.6859
37.2787
29.7064
23.2992
19.8043
13.9795
3.49487
-8.15471
-20.3868
-29.124
-39.0261
-47.7633
-53.0056
-54.753
-56.5005
-59.9953
-61.1603
-65.2377
-65.2377
-65.2377
-65.2377
-57.6654
-51.2582
-46.5983
-44.8509
-46.0158
-48.3458
-55.3355
-55.3355
-54.1705
-50.0932
-42.521
-37.8611
-36.1137
-36.6962
-36.1137
-33.2013
-29.124
-26.2116
-25.0466
-20.9692
-22.1342
-19.8043
-18.0568
-19.8043
-23.8816
-28.5415
-27.3765
-26.794
-26.2116
-22.1342
-22.7167
-22.1342
-19.8043
-16.3094
-8.15471
-4.65983
-4.07735
-4.07735
-7.57223
-8.73719
-11.0671
-11.0671
-12.8145
-15.1445
-15.7269
-19.2218
-25.6291
-33.7838
-42.521
-50.0932
-54.1705
-57.0829
-62.3253
-71.0624
-82.1295
-89.7018
-94.9441
-99.0214
-100.769
-104.846
-108.341
-111.836
-113.001
-108.341
-107.176
-108.924
-108.341
-108.341
-103.099
-96.6915
-95.5266
-96.6915
-99.6039
-100.769
-95.5266
-87.3719
-76.8872
-65.8201
-58.8304
-47.7633
-37.8611
-28.5415
-15.7269
-4.07735
8.15471
21.5517
34.3663
50.0932
64.6552
74.5573
85.0419
94.3616
104.264
114.748
122.903
131.64
140.96
146.785
154.939
167.171
175.909
184.646
187.558
189.888
193.383
196.878
202.703
206.78
206.198
203.868
199.79
194.548
191.636
187.558
183.481
177.074
172.414
168.919
164.842
159.017
150.862
140.96
128.728
122.903
115.331
104.264
93.1966
80.3821
65.8201
53.5881
44.2684
32.6188
19.8043
3.49487
-11.0671
-21.5517
-29.124
-37.2787
-48.9282
-60.5778
-68.15
-73.9748
-77.4697
-82.712
-93.7791
-103.099
-111.836
-116.496
-115.913
-118.826
-122.903
-128.145
-137.465
-139.212
-136.883
-138.63
-138.63
-138.63
-139.795
-136.3
-131.058
-128.145
-127.563
-126.398
-128.728
-128.145
-126.398
-124.068
-121.738
-122.321
-122.321
-119.991
-115.913
-112.418
-111.253
-111.253
-110.671
-111.253
-110.089
-109.506
-108.924
-108.924
-110.671
-111.253
-112.418
-111.836
-110.089
-110.089
-105.429
-99.6039
-96.109
-92.0317
-89.1193
-87.3719
-86.2069
-86.7894
-85.0419
-85.6244
-82.1295
-77.4697
-69.315
-62.3253
-59.9953
-52.4231
-43.6859
-34.3663
-28.5415
-20.9692
-13.9795
-4.07735
6.40727
19.2218
33.7838
47.7633
59.4129
68.7325
77.4697
86.7894
96.6915
104.264
116.496
128.728
143.29
157.269
168.919
178.821
186.976
194.548
199.79
209.11
215.517
220.76
227.167
230.662
237.651
242.894
249.301
251.048
251.631
249.884
245.224
241.729
237.651
232.409
227.749
224.254
219.012
212.022
205.615
194.548
184.063
174.161
164.842
158.434
147.367
133.97
116.496
101.351
88.5368
67.5676
47.1808
28.5415
8.15471
-8.73719
-27.959
-49.5107
-67.5676
-84.4595
-102.516
-116.496
-129.31
-140.96
-154.939
-168.919
-181.151
-190.471
-199.208
-207.363
-212.605
-215.517
-218.43
-218.43
-219.595
-221.342
-225.419
-231.244
-230.079
-227.749
-218.43
-212.022
-207.363
-199.208
-191.636
-183.481
-175.909
-166.589
-157.269
-147.367
-138.048
-131.64
-122.903
-114.748
-108.341
-101.351
-92.6142
-79.7996
-69.315
-60.5778
-54.753
-47.7633
-38.4436
-31.4539
-23.2992
-15.1445
-4.07735
5.24231
12.8145
18.6393
25.0466
29.7064
34.3663
37.8611
40.1911
41.356
44.2684
43.6859
43.6859
44.8509
46.0158
46.5983
46.0158
43.6859
40.1911
37.2787
35.5312
33.7838
34.3663
32.0363
33.2013
32.6188
34.3663
37.8611
37.2787
36.1137
36.6962
40.7735
47.1808
54.1705
58.2479
61.7428
64.6552
67.5676
68.7325
71.0624
75.1398
76.3048
82.1295
86.2069
89.1193
90.8667
89.7018
91.4492
94.3616
98.439
101.351
104.846
106.011
108.341
108.924
106.594
107.176
108.924
110.089
112.418
115.331
111.253
108.341
100.186
87.3719
79.7996
74.5573
73.3924
73.3924
72.8099
68.15
64.0727
56.5005
51.2582
46.5983
41.9385
40.7735
38.4436
33.7838
29.124
20.9692
10.4846
-0.582479
-12.8145
-22.7167
-30.8714
-40.1911
-51.2582
-63.4902
-75.1398
-82.712
-87.9543
-90.2842
-93.7791
-99.0214
-105.429
-112.418
-119.408
-122.321
-124.651
-123.486
-124.068
-123.486
-121.156
-122.903
-125.815
-131.058
-132.805
-135.135
-133.388
-129.31
-127.563
-125.233
-121.738
-118.243
-112.418
-106.011
-96.6915
-87.9543
-83.2945
-80.3821
-78.0522
-73.9748
-67.5676
-59.4129
-50.0932
-40.7735
-31.4539
-23.8816
-16.8919
-11.6496
-7.57223
-1.16496
5.24231
12.8145
22.1342
29.124
36.1137
42.521
49.5107
56.5005
60.5778
64.0727
62.9077
61.1603
58.2479
57.6654
59.9953
62.9077
66.9851
70.48
73.3924
75.1398
74.5573
72.8099
72.2274
68.7325
64.6552
60.5778
56.5005
48.9282
44.2684
42.521
40.7735
41.356
39.0261
36.1137
32.0363
27.959
23.2992
18.6393
17.4744
16.3094
16.3094
15.1445
15.1445
15.1445
13.397
13.9795
14.562
15.7269
14.562
13.9795
13.9795
11.6496
9.90214
9.31966
8.73719
7.57223
7.57223
8.73719
9.31966
8.73719
6.98975
5.82479
9.90214
14.562
20.9692
23.8816
25.0466
27.959
27.959
27.959
28.5415
30.8714
34.9487
36.1137
34.9487
34.3663
30.2889
24.4641
23.2992
22.1342
22.7167
20.3868
18.6393
19.2218
18.0568
15.7269
13.9795
9.31966
5.82479
2.32992
-1.16496
-5.82479
-12.2321
-18.6393
-25.6291
-30.2889
-32.6188
-34.9487
-40.7735
-47.7633
-53.0056
-57.6654
-59.4129
-59.4129
-57.0829
-55.3355
-60.5778
-61.7428
-61.7428
-62.9077
-62.3253
-63.4902
-63.4902
-64.6552
-66.4026
-65.2377
-63.4902
-66.9851
-69.8975
-71.0624
-72.8099
-70.48
-68.15
-66.9851
-65.8201
-62.9077
-55.918
-48.3458
-43.1034
-36.1137
-29.124
-24.4641
-20.9692
-16.8919
-13.9795
-12.8145
-8.15471
-1.74744
2.32992
4.65983
6.98975
11.6496
17.4744
26.2116
35.5312
43.1034
48.3458
51.8406
57.6654
66.4026
71.6449
75.1398
79.7996
80.3821
82.1295
86.2069
85.0419
84.4595
82.1295
79.2171
76.8872
73.9748
72.2274
71.6449
66.4026
62.3253
60.5778
56.5005
52.4231
48.9282
44.8509
39.6086
34.3663
29.124
24.4641
17.4744
12.8145
7.57223
0.582479
-1.74744
-6.40727
-13.9795
-18.6393
-23.2992
-26.2116
-27.959
-34.9487
-40.1911
-46.5983
-48.9282
-46.0158
-44.8509
-46.5983
-47.7633
-47.7633
-46.0158
-41.356
-37.2787
-35.5312
-34.3663
-30.8714
-25.6291
-20.3868
-13.397
-6.98975
-0.582479
2.32992
6.40727
11.6496
14.562
16.3094
18.0568
18.0568
18.6393
19.2218
18.0568
18.0568
18.6393
19.2218
19.8043
18.0568
16.8919
17.4744
18.6393
19.2218
16.3094
14.562
12.8145
10.4846
8.73719
6.40727
2.32992
-2.32992
-5.82479
-12.2321
-16.3094
-19.2218
-23.2992
-26.2116
-31.4539
-35.5312
-39.0261
-46.0158
-51.2582
-55.918
-61.1603
-63.4902
-64.0727
-64.0727
-64.6552
-64.6552
-62.9077
-62.3253
-62.3253
-61.7428
-62.3253
-60.5778
-57.6654
-55.918
-52.4231
-51.8406
-48.9282
-45.4334
-41.9385
-33.2013
-27.959
-23.8816
-20.3868
-18.0568
-12.8145
-7.57223
-2.9124
1.16496
9.31966
15.7269
22.7167
27.959
31.4539
34.3663
39.0261
44.2684
48.3458
53.0056
57.6654
64.0727
71.6449
76.3048
82.1295
86.2069
92.0317
97.274
100.186
103.681
104.846
107.176
108.924
106.594
102.516
101.934
100.769
99.0214
96.109
92.6142
90.8667
90.2842
90.8667
90.2842
85.6244
79.7996
75.1398
69.8975
65.8201
60.5778
55.3355
50.0932
43.6859
37.8611
29.124
20.9692
12.8145
8.15471
3.49487
-3.49487
-9.90214
-17.4744
-23.8816
-26.794
-31.4539
-37.8611
-41.9385
-48.3458
-53.5881
-57.0829
-61.7428
-65.8201
-70.48
-72.2274
-76.3048
-80.9646
-83.2945
-83.2945
-84.4595
-83.877
-86.2069
-89.7018
-92.0317
-92.6142
-91.4492
-92.0317
-92.6142
-91.4492
-86.7894
-83.2945
-80.9646
-80.9646
-78.6347
-74.5573
-71.6449
-69.8975
-70.48
-70.48
-71.0624
-72.2274
-72.2274
-73.3924
-73.3924
-71.0624
-69.8975
-68.7325
-68.15
-66.4026
-63.4902
-62.3253
-61.7428
-62.3253
-63.4902
-62.9077
-62.3253
-61.1603
-61.1603
-61.1603
-58.8304
-58.2479
-58.2479
-56.5005
-56.5005
-52.4231
-48.9282
-42.521
-36.6962
-33.2013
-26.794
-22.7167
-18.6393
-11.6496
-4.65983
3.49487
11.0671
19.8043
29.7064
34.9487
43.6859
53.5881
62.3253
73.9748
83.877
92.6142
102.516
112.418
121.738
127.563
134.553
138.63
145.62
152.61
159.599
166.007
170.666
176.491
180.568
180.568
180.568
179.986
178.239
175.909
175.326
175.326
177.074
176.491
172.996
167.171
157.269
150.862
143.29
135.135
129.31
124.068
118.243
111.253
100.769
87.3719
75.7223
64.6552
53.0056
41.356
28.5415
16.3094
5.82479
-4.65983
-15.7269
-27.3765
-36.6962
-47.1808
-61.1603
-73.3924
-85.0419
-97.8565
-106.011
-114.748
-119.991
-124.068
-131.058
-133.388
-139.212
-145.037
-147.367
-150.862
-154.357
-158.434
-161.347
-161.929
-162.512
-161.929
-159.599
-158.434
-157.852
-154.357
-148.532
-142.707
-134.553
-129.893
-125.815
-119.991
-117.661
-114.166
-111.253
-109.506
-108.341
-102.516
-96.109
-92.0317
-86.2069
-80.9646
-76.8872
-70.48
-64.6552
-60.5778
-55.3355
-50.6757
-45.4334
-39.6086
-36.1137
-31.4539
-25.0466
-20.3868
-18.6393
-12.2321
-7.57223
-5.24231
0
0.582479
1.74744
8.15471
12.8145
20.3868
27.3765
32.6188
40.1911
44.8509
46.5983
50.0932
51.2582
57.0829
62.3253
66.9851
71.6449
73.9748
77.4697
80.9646
85.0419
87.3719
94.3616
100.186
103.681
106.011
106.011
107.759
108.341
110.089
111.836
113.583
114.166
117.661
115.331
110.671
108.341
106.011
107.759
106.594
106.594
107.176
107.176
106.594
106.594
103.681
101.934
99.6039
93.1966
86.7894
78.6347
70.48
61.7428
57.0829
50.6757
45.4334
44.8509
40.1911
34.9487
29.7064
23.8816
20.9692
17.4744
13.397
11.0671
2.9124
-3.49487
-8.15471
-15.1445
-22.1342
-26.2116
-27.3765
-27.959
-27.959
-29.124
-29.124
-30.8714
-30.8714
-31.4539
-33.7838
-35.5312
-38.4436
-43.1034
-48.3458
-54.753
-58.8304
-61.1603
-62.3253
-63.4902
-62.9077
-65.8201
-68.7325
-74.5573
-78.0522
-81.5471
-87.3719
-89.1193
-91.4492
-93.7791
-94.3616
-96.6915
-99.0214
-100.186
-103.681
-102.516
-99.6039
-99.6039
-96.6915
-96.109
-93.7791
-87.3719
-82.1295
-78.6347
-75.7223
-72.8099
-68.15
-64.0727
-63.4902
-63.4902
-64.0727
-62.9077
-58.2479
-54.1705
-50.6757
-46.0158
-43.6859
-39.6086
-36.1137
-34.3663
-33.2013
-32.6188
-32.6188
-31.4539
-26.794
-21.5517
-16.3094
-7.57223
-1.74744
0.582479
1.74744
1.74744
0.582479
1.74744
5.82479
10.4846
15.7269
23.2992
29.7064
33.7838
34.9487
35.5312
34.3663
33.7838
36.6962
42.521
46.5983
50.6757
55.3355
60.5778
62.9077
65.8201
68.15
66.4026
66.4026
66.9851
65.8201
64.6552
64.0727
65.2377
69.8975
75.7223
81.5471
83.2945
82.712
84.4595
82.1295
82.712
82.712
83.2945
90.2842
95.5266
100.186
104.264
102.516
100.186
99.6039
100.186
101.351
101.351
99.6039
98.439
97.8565
95.5266
89.1193
80.3821
73.3924
66.9851
60.5778
54.1705
46.5983
40.7735
37.2787
32.0363
26.2116
26.2116
24.4641
23.2992
24.4641
22.7167
17.4744
14.562
10.4846
4.07735
-4.07735
-11.0671
-19.2218
-27.3765
-34.3663
-42.521
-53.5881
-61.1603
-66.9851
-72.2274
-75.7223
-78.0522
-78.0522
-76.8872
-75.1398
-75.1398
-74.5573
-71.6449
-68.7325
-70.48
-74.5573
-76.3048
-78.0522
-79.7996
-86.2069
-90.8667
-92.6142
-92.6142
-97.8565
-105.429
-111.836
-117.078
-117.078
-115.913
-115.913
-114.166
-110.671
-105.429
-101.351
-101.934
-102.516
-103.681
-103.681
-99.6039
-97.8565
-96.109
-90.2842
-83.877
-76.8872
-72.2274
-71.0624
-68.15
-65.2377
-66.4026
-67.5676
-66.4026
-61.1603
-54.1705
-46.0158
-36.6962
-25.6291
-14.562
-3.49487
2.9124
3.49487
5.82479
9.90214
15.1445
19.8043
25.0466
30.2889
40.7735
48.3458
53.0056
58.2479
61.7428
66.9851
73.3924
81.5471
88.5368
95.5266
102.516
108.924
114.166
117.661
119.408
118.243
118.243
118.243
119.408
116.496
114.748
113.583
110.671
110.671
112.418
112.418
111.836
114.166
114.166
114.748
114.166
112.418
111.253
111.253
108.924
106.011
101.934
93.7791
85.6244
78.0522
71.0624
68.15
63.4902
59.9953
55.3355
52.4231
50.6757
46.5983
39.0261
32.6188
26.794
21.5517
15.7269
10.4846
1.74744
-8.73719
-18.0568
-25.6291
-30.2889
-34.3663
-39.0261
-46.0158
-47.7633
-51.2582
-57.0829
-61.1603
-64.6552
-64.6552
-63.4902
-64.0727
-66.4026
-71.6449
-78.0522
-81.5471
-83.877
-89.1193
-94.3616
-99.0214
-103.099
-104.264
-102.516
-99.0214
-99.0214
-99.0214
-97.274
-94.9441
-92.6142
-92.0317
-92.6142
-93.1966
-92.0317
-90.2842
-87.9543
-86.2069
-85.0419
-82.712
-78.0522
-74.5573
-67.5676
-63.4902
-61.7428
-57.6654
-54.1705
-50.6757
-48.3458
-47.1808
-44.2684
-39.0261
-33.2013
-27.959
-26.2116
-22.7167
-20.9692
-18.6393
-13.397
-11.0671
-10.4846
-6.40727
-1.74744
4.65983
11.6496
14.562
18.6393
22.7167
27.959
32.0363
32.6188
30.8714
29.124
29.7064
35.5312
43.6859
47.7633
51.8406
56.5005
60.5778
65.8201
66.4026
65.2377
65.8201
62.9077
59.9953
58.2479
56.5005
54.1705
55.3355
57.0829
58.2479
61.7428
62.9077
63.4902
67.5676
68.15
66.9851
65.2377
63.4902
61.1603
59.4129
58.2479
57.6654
57.6654
59.9953
61.1603
64.6552
68.15
65.8201
59.9953
53.0056
45.4334
39.6086
33.2013
26.794
21.5517
19.8043
23.2992
25.0466
27.3765
27.959
26.2116
26.2116
24.4641
21.5517
18.6393
15.1445
13.397
11.0671
6.98975
-0.582479
-6.98975
-9.90214
-15.1445
-19.8043
-22.7167
-24.4641
-20.9692
-18.0568
-18.0568
-17.4744
-20.3868
-24.4641
-29.124
-34.9487
-40.7735
-45.4334
-48.9282
-53.5881
-55.3355
-54.753
-52.4231
-47.1808
-43.1034
-40.7735
-40.1911
-44.8509
-48.9282
-55.918
-66.4026
-72.2274
-76.3048
-76.8872
-75.1398
-71.6449
-69.315
-62.3253
-54.753
-50.0932
-45.4334
-40.7735
-39.0261
-35.5312
-37.2787
-42.521
-47.7633
-48.3458
-50.0932
-48.9282
-46.5983
-43.1034
-36.1137
-29.7064
-26.794
-25.0466
-24.4641
-25.0466
-22.7167
-22.7167
-23.2992
-22.1342
-20.3868
-16.8919
-13.9795
-12.8145
-9.31966
-2.9124
2.9124
8.15471
14.562
18.6393
25.6291
30.8714
34.3663
36.6962
36.6962
36.6962
35.5312
32.6188
28.5415
25.6291
24.4641
23.8816
21.5517
20.9692
21.5517
23.8816
29.124
33.2013
38.4436
44.2684
48.9282
54.753
55.3355
54.753
54.1705
53.5881
50.0932
48.9282
46.0158
45.4334
44.2684
42.521
40.7735
38.4436
37.2787
32.6188
32.0363
30.8714
29.7064
30.2889
30.8714
30.8714
26.794
25.0466
22.1342
20.9692
20.3868
20.9692
20.9692
19.2218
18.0568
16.8919
14.562
12.8145
12.2321
12.2321
11.0671
8.73719
6.98975
4.07735
0.582479
-2.32992
-2.9124
-1.74744
-1.16496
0
-2.9124
-4.07735
-5.82479
-8.73719
-11.0671
-16.3094
-18.6393
-19.8043
-18.0568
-17.4744
-18.6393
-18.6393
-18.0568
-17.4744
-18.0568
-19.2218
-21.5517
-22.1342
