SAMPLES: 7833
BITSPERSAMPLE:	16
CHANNELS:	1
SAMPLERATE:	16000
NORMALIZED:	FALSE
2.21808
2.6617
1.33085
1.77447
1.33085
1.33085
1.77447
1.33085
0.443616
0.443616
0
-1.33085
-1.33085
-0.887233
-1.77447
0
0
-1.33085
-1.33085
-1.77447
-1.77447
-1.33085
-0.887233
0
0
0
-1.33085
-1.77447
-0.887233
-0.887233
0
0.887233
-0.443616
-1.33085
-0.887233
-2.6617
-3.10531
-2.21808
-2.21808
-1.77447
-1.77447
-2.6617
-3.54893
-1.77447
-1.77447
-2.21808
-1.33085
-1.77447
-3.10531
-3.10531
-3.10531
-2.21808
0
1.33085
1.33085
0.443616
0
-1.33085
-1.77447
-0.443616
-1.33085
0
0.887233
-1.77447
-2.6617
-2.6617
-3.10531
-3.10531
-1.77447
-2.21808
-3.10531
-2.6617
-2.21808
-3.10531
-1.77447
-0.887233
-1.33085
0.887233
1.33085
0.443616
1.33085
1.33085
0
0.443616
0.887233
0.443616
0
0.443616
-1.33085
-1.77447
-1.77447
-2.21808
-2.21808
-1.77447
-1.77447
-2.21808
-2.21808
-1.77447
-1.33085
0.443616
1.77447
1.77447
1.77447
1.77447
1.77447
1.77447
3.54893
3.54893
4.43616
5.76701
4.87978
3.54893
3.99255
4.43616
3.99255
4.87978
4.87978
3.99255
4.43616
4.43616
2.6617
3.54893
4.43616
3.99255
3.54893
3.99255
3.10531
3.10531
5.3234
5.3234
4.87978
6.21063
4.43616
3.99255
5.3234
4.87978
5.3234
6.65425
6.21063
4.43616
3.54893
1.77447
0
1.33085
1.77447
0
0
0
-2.21808
-2.6617
-3.10531
-4.87978
-4.43616
-3.54893
-4.87978
-3.10531
0.887233
0.443616
-3.54893
-7.09786
-8.42871
-5.3234
-2.6617
-2.6617
-3.10531
-2.6617
-5.3234
-10.2032
-11.534
-11.0904
-9.75956
-7.54148
-8.42871
-11.534
-11.9776
-10.6468
-11.0904
-8.42871
-7.09786
-9.31594
-7.54148
-3.99255
-3.54893
-2.6617
-2.21808
-3.10531
-1.33085
2.21808
2.6617
1.33085
3.99255
3.99255
2.6617
1.77447
0.887233
1.77447
4.43616
5.76701
3.99255
2.21808
0
-0.887233
-0.443616
0.443616
1.33085
3.10531
5.3234
5.76701
3.99255
2.21808
3.54893
8.87233
13.3085
12.8649
10.6468
8.87233
11.0904
13.3085
12.8649
11.9776
11.534
10.6468
7.98509
6.21063
6.21063
8.42871
9.75956
4.43616
-0.887233
-3.10531
-3.54893
-4.43616
-4.43616
-8.87233
-15.9702
-19.9627
-21.2936
-20.85
-20.4064
-21.2936
-26.1734
-27.5042
-24.3989
-22.6244
-17.7447
-10.6468
-7.09786
-7.98509
-6.21063
-3.99255
-0.443616
11.0904
18.1883
19.0755
19.9627
18.1883
15.5266
18.6319
19.5191
17.7447
19.5191
20.4064
15.083
11.0904
8.42871
6.65425
9.75956
13.7521
10.6468
8.42871
10.6468
12.8649
17.7447
23.0681
20.85
19.0755
22.6244
26.1734
27.9478
30.6095
36.3765
36.8202
21.7372
-18.6319
-65.2116
-64.768
-13.7521
27.9478
12.8649
-31.0531
-61.6627
-66.5425
-62.1063
-58.1137
-30.6095
17.7447
37.2638
7.98509
-31.9404
-43.0308
-23.0681
7.54148
21.7372
20.4064
16.4138
15.5266
16.4138
13.3085
3.99255
-1.77447
5.76701
16.4138
20.85
10.2032
-5.76701
-17.7447
-24.8425
-15.083
-9.75956
-8.87233
-3.99255
-3.54893
-20.85
-45.2489
-52.7903
-35.9329
-0.887233
9.75956
-13.3085
-30.6095
-25.7297
-20.4064
-27.0606
-28.3914
-17.7447
3.99255
16.8574
4.87978
-7.98509
-15.083
-26.1734
-30.6095
-17.301
0
0.443616
-13.7521
-26.617
-21.7372
-16.8574
-18.6319
-7.54148
0.443616
-8.87233
-32.384
-45.6925
-33.7148
-2.21808
29.7223
54.1212
75.8584
87.3924
100.701
121.551
153.491
192.086
234.229
267.501
285.689
289.238
277.704
263.508
234.673
191.199
153.048
134.416
115.784
70.9786
23.9553
-14.6393
-63.8808
-122.882
-177.447
-199.184
-196.078
-208.943
-243.545
-264.839
-270.162
-294.561
-326.058
-311.862
-245.32
-197.853
-212.936
-273.711
-316.742
-292.787
-265.283
-272.38
-306.095
-336.705
-359.329
-377.074
-385.059
-378.405
-362.435
-381.51
-420.105
-524.355
-555.851
-281.696
413.007
1189.78
1260.76
429.421
-396.593
-239.109
577.145
1236.36
1512.73
1617.87
1511.4
786.532
-365.983
-930.264
-261.29
862.39
1309.56
898.767
75.4148
-656.552
-962.204
-844.202
-600.213
-430.751
-314.968
-200.958
-155.709
-347.795
-716.44
-900.098
-690.711
-259.516
194.304
584.243
764.351
626.386
279.478
-4.43616
72.7531
584.686
1208.41
1459.94
1126.34
453.376
-57.2265
-74.9712
199.627
393.931
425.428
314.524
-7.09786
-475.557
-832.668
-943.128
-841.097
-688.049
-624.168
-637.033
-686.275
-786.532
-961.317
-1018.99
-798.066
-379.292
15.083
288.351
493.301
535.445
413.894
329.607
464.91
778.103
1038.95
987.49
733.298
614.852
513.264
220.477
-79.8509
-213.823
-232.011
-230.237
-332.712
-565.611
-781.652
-936.918
-1031.85
-952.001
-759.471
-656.109
-668.53
-713.779
-742.17
-689.38
-504.392
-238.222
-13.7521
63.4371
14.1957
-44.8053
-15.5266
70.9786
106.912
116.671
178.334
222.695
191.642
65.2116
-58.1137
-45.2489
98.0392
229.793
281.253
347.352
403.691
360.216
232.899
228.019
420.548
616.183
655.665
571.378
491.527
452.932
434.3
437.849
498.181
537.219
483.985
413.45
390.382
352.675
236.891
106.912
34.6021
17.7447
12.4213
5.76701
-14.6393
-83.8435
-189.424
-246.207
-184.101
-64.768
33.2712
111.791
149.499
124.656
95.3775
125.543
215.598
314.968
385.059
399.698
351.788
278.591
227.575
222.252
213.823
147.281
57.6701
-5.76701
-33.2712
-62.5499
-168.574
-293.23
-332.712
-287.907
-267.501
-327.832
-462.692
-561.175
-485.76
-409.902
-423.21
-428.977
-409.458
-422.766
-469.346
-493.745
-435.631
-281.253
-192.973
-218.703
-246.651
-240.44
-219.59
-186.762
-149.499
-149.942
-177.447
-199.184
-205.838
-185.432
-181.439
-254.636
-379.736
-491.527
-554.964
-570.934
-565.611
-603.762
-693.816
-815.81
-920.06
-911.188
-801.171
-707.124
-710.673
-742.17
-709.343
-600.657
-329.163
537.219
1783.34
2077.01
863.721
-361.104
-21.2936
1355.69
2243.37
2206.1
2146.22
2271.76
1503.42
-212.492
-1038.06
43.0308
1570.4
1959.45
1226.16
118.002
-802.058
-1186.67
-948.008
-448.496
-188.537
-235.56
-194.748
-55.8957
-327.389
-881.909
-947.121
-386.39
204.951
561.175
877.473
1119.69
1029.19
588.679
220.921
400.586
1093.51
1839.23
2102.74
1572.62
516.369
-188.093
-35.4893
445.391
662.319
625.055
408.127
-111.791
-842.871
-1353.03
-1330.85
-900.098
-508.384
-474.67
-761.689
-1136.55
-1369
-1296.25
-1018.54
-743.501
-377.961
77.1892
204.951
-193.417
-665.868
-693.372
-215.154
357.111
589.123
496.85
228.019
-184.988
-507.497
-462.248
-181.439
27.5042
38.151
-181.439
-535.889
-809.6
-884.571
-803.833
-704.019
-651.229
-602.875
-553.19
-649.454
-920.948
-1114.81
-1081.54
-849.525
-554.52
-395.262
-438.293
-660.988
-924.94
-995.031
-811.374
-588.235
-213.823
901.872
2293.5
2391.09
776.772
-740.839
-367.758
1311.33
2499.78
2637.74
2688.32
2717.15
1509.18
-734.629
-1743.41
-343.359
1774.47
2567.65
1732.77
197.409
-1148.97
-1763.38
-1421.79
-537.219
90.0541
142.844
53.6776
-64.3244
-581.137
-1232.81
-1198.21
-403.247
382.841
767.013
964.866
1085.09
890.338
346.021
1.77447
355.78
1242.13
2077.01
2331.2
1732.32
596.664
-169.461
-64.3244
503.505
938.692
1065.12
827.788
128.649
-798.509
-1310.44
-1121.02
-714.666
-538.107
-538.55
-636.589
-947.121
-1332.18
-1467.04
-1285.6
-946.677
-621.063
-309.201
-68.7605
-156.153
-528.791
-675.628
-347.795
113.566
444.947
628.161
554.52
180.995
-219.59
-308.757
-92.2722
119.776
103.363
-105.137
-361.991
-623.281
-860.616
-988.821
-1008.34
-927.602
-775.885
-744.388
-978.618
-1277.17
-1433.77
-1447.96
-1301.57
-1113.03
-921.391
-800.728
-869.488
-1140.98
-1200.43
-882.353
-395.262
859.285
2516.19
2771.72
939.136
-777.216
-271.05
1682.19
3041.43
2980.66
2813.86
2889.27
1678.64
-760.358
-1672.43
128.649
2230.5
2550.79
1348.15
-134.859
-1174.7
-1597.46
-1273.18
-483.542
10.2032
-94.4903
-125.543
15.9702
-462.692
-1286.93
-1251.89
-295.892
536.332
869.932
1075.77
1248.78
1059.36
427.203
99.3701
688.049
1748.29
2469.61
2476.27
1682.64
463.579
-129.536
268.832
876.142
1095.73
1000.35
649.454
-64.3244
-970.633
-1509.18
-1260.76
-692.929
-568.716
-739.508
-879.248
-1248.78
-1737.65
-1754.5
-1372.55
-991.039
-600.657
-279.478
-188.093
-360.66
-734.185
-823.352
-236.004
475.557
701.801
651.672
471.121
46.1361
-279.035
-191.199
55.452
167.243
55.452
-292.343
-658.327
-869.932
-1004.79
-1045.6
-991.926
-1023.87
-1086.42
-1060.24
-1178.69
-1436.43
-1509.18
-1421.79
-1285.6
-1091.74
-942.685
-975.512
-1074.44
-1187.56
-1151.63
-725.313
-201.402
708.455
2123.15
2686.98
1260.31
-503.948
-258.628
1572.18
3048.53
3149.23
2863.1
2881.73
2006.48
-279.035
-1602.34
-64.3244
2291.28
2845.36
1557.98
-173.454
-1372.55
-1723.01
-1217.28
-317.629
185.432
-119.776
-499.956
-352.675
-409.902
-995.475
-1059.8
-166.8
649.454
869.932
1024.31
1351.7
1386.74
814.036
323.84
807.382
1984.74
2754.86
2633.75
1833.47
706.237
40.8127
361.547
1056.25
1278.95
996.362
391.713
-434.744
-1069.12
-1208.41
-874.811
-624.612
-999.911
-1564.19
-1530.92
-1219.5
-1329.52
-1512.73
-1397.39
-1236.36
-1150.3
-982.61
-677.846
-403.691
-357.111
-459.143
-325.614
51.0159
275.486
379.292
443.173
270.606
-31.0531
3.54893
331.381
436.075
117.115
-377.518
-669.417
-695.59
-663.65
-731.967
-847.307
-1009.67
-1211.07
-1310.44
-1386.74
-1513.62
-1593.47
-1511.4
-1375.21
-1326.86
-1338.83
-1376.1
-1383.64
-1371.22
-1123.68
-647.68
240.884
1646.7
2519.74
1719.9
-82.9563
-531.896
1004.35
2851.57
3339.99
2907.91
2831.6
2400.85
505.723
-1455.51
-891.225
1590.36
3038.33
2239.38
302.546
-1268.3
-1931.51
-1610.33
-596.22
211.161
121.107
-416.556
-507.497
-498.181
-950.67
-1152.52
-372.194
643.687
909.857
837.548
1120.13
1490.11
1215.51
565.167
644.131
1657.35
2726.47
3037.44
2464.73
1313.1
366.871
436.075
1199.54
1715.46
1660.46
1225.71
426.315
-633.484
-1385.41
-1219.06
-392.6
-181.883
-956.88
-1597.02
-1602.34
-1583.71
-1752.73
-1747.4
-1466.15
-1077.1
-862.39
-901.872
-924.053
-841.984
-744.832
-492.858
-54.1212
255.523
352.675
336.705
86.5052
-251.974
-211.605
228.906
567.385
425.428
-142.401
-745.719
-1066.9
-1098.84
-924.496
-638.808
-554.964
-912.519
-1435.99
-1761.6
-1833.91
-1730.1
-1460.39
-1249.67
-1276.73
-1409.37
-1517.17
-1627.63
-1574.84
-1249.67
-346.464
1463.93
2845.8
2010.03
-374.856
-1309.11
331.381
2637.74
3491.26
3005.06
2812.53
2604.03
820.69
-1550.88
-1451.51
1197.76
3175.41
2702.07
782.983
-931.151
-1833.47
-1953.69
-1247.45
-125.543
391.713
47.0233
-279.478
-555.851
-1329.96
-1783.78
-837.104
716.884
1349.48
1085.53
905.421
1039.84
851.3
376.187
663.206
1883.15
2903.47
2976.22
2396.42
1468.81
542.099
436.075
1273.18
2135.57
2195.9
1640.49
995.919
88.7233
-1112.59
-1605.89
-744.388
280.809
211.161
-693.816
-1526.48
-1920.42
-2154.64
-2173.28
-1564.63
-513.264
34.6021
-314.968
-1030.52
-1551.33
-1463.93
-723.095
179.221
723.538
751.042
357.555
-262.177
-712.448
-601.987
68.7605
751.486
773.223
168.574
-491.527
-948.895
-1306.45
-1420.9
-1071.33
-541.656
-311.419
-658.327
-1375.65
-1977.2
-2147.55
-1880.05
-1380.53
-881.022
-614.409
-790.081
-1315.77
-1886.7
-2023.78
-1375.21
-137.521
1499.42
2741.11
2351.61
228.462
-1413.36
-586.461
1721.68
3255.26
3226.42
2852.01
2469.61
966.196
-1410.7
-2092.09
49.685
2494.9
2811.64
1258.98
-598.882
-1894.24
-2377.34
-1807.29
-552.302
341.585
346.021
3.54893
-354.006
-1064.68
-1648.92
-1034.96
491.083
1453.73
1394.29
1177.8
1176.91
932.038
367.314
390.826
1462.16
2699.85
3051.19
2404.4
1320.2
393.488
239.109
970.189
1823.71
2118.27
1991.84
1407.59
201.845
-1070.89
-1389.41
-500.399
527.46
495.963
-393.488
-1011.45
-1429.78
-2139.12
-2458.52
-1704.82
-437.406
273.711
-75.8584
-1078.43
-1750.51
-1642.27
-986.159
-24.3989
769.674
862.834
407.24
-203.62
-749.712
-809.156
-163.694
609.972
809.6
355.337
-385.946
-974.182
-1267.86
-1366.78
-1201.76
-678.289
-292.787
-527.016
-1199.54
-1908.44
-2244.7
-1974.54
-1387.19
-988.377
-888.12
-983.941
-1388.96
-1789.99
-1725.67
-747.494
1365.89
3070.27
2394.64
-156.597
-1420.46
35.9329
2327.66
3250.82
2811.64
2680.33
2677.67
1120.57
-1400.05
-1811.73
500.843
2607.13
2462.51
716.884
-965.309
-1843.23
-2041.97
-1648.03
-846.864
-260.846
-183.214
-151.273
-365.096
-1251.44
-1859.2
-1040.72
517.257
1275.4
1222.16
1215.51
1341.05
973.738
232.899
388.608
1730.99
2978
3084.91
2305.03
1207.97
265.283
177.003
983.497
1899.57
2181.26
1898.68
1244.34
74.0839
-1234.58
-1519.39
-446.278
553.19
381.066
-487.534
-1066.9
-1396.06
-1994.06
-2388.87
-1775.8
-482.211
255.079
-36.8202
-808.713
-1420.02
-1510.07
-990.595
-35.4893
855.292
1085.97
546.979
-267.057
-752.817
-639.695
-7.98509
663.206
762.133
271.493
-322.953
-797.179
-1152.07
-1251.44
-1051.81
-744.388
-601.544
-861.947
-1395.62
-1812.17
-1904
-1777.13
-1551.77
-1259.87
-1083.75
-1050.93
-1234.14
-1501.2
-1399.17
-116.671
2182.15
3350.19
1861.41
-770.118
-1307.78
671.192
2725.14
3198.47
2962.47
3010.82
2126.7
-422.766
-2434.12
-1382.75
1474.58
2928.76
1946.59
-140.183
-1820.16
-2536.15
-2224.29
-1230.15
-442.286
-353.562
-457.812
-384.172
-744.832
-1577.06
-1660.46
-468.015
896.992
1444.86
1556.21
1719.9
1558.87
725.313
87.3924
791.412
2443
3545.38
3303.61
2051.28
601.1
-97.152
354.893
1383.64
2130.25
2208.77
1543.78
314.08
-975.069
-1541.57
-867.27
249.312
435.631
-363.322
-980.836
-1132.11
-1447.08
-1894.24
-1857.42
-1084.64
-128.205
154.822
-342.028
-920.948
-1152.07
-996.806
-417.443
346.464
791.412
755.035
349.126
-301.659
-705.35
-459.587
204.951
638.364
386.833
-289.238
-754.148
-837.991
-928.933
-1078.43
-1000.8
-862.834
-904.09
-1155.62
-1523.82
-1809.95
-1853.43
-1687.96
-1440.87
-1233.7
-1175.14
-1267.86
-1485.67
-1612.1
-1184.9
463.135
2553.46
3010.38
1143.2
-938.249
-677.402
1443.08
3145.68
3349.3
3031.67
2754.86
1536.69
-636.146
-1734.98
-363.765
1857.87
2512.2
1188.89
-761.689
-1998.94
-2298.38
-2014.02
-1437.76
-905.865
-639.251
-571.378
-756.81
-1336.17
-1809.51
-1391.18
-216.928
795.848
1238.58
1418.24
1573.06
1473.69
963.978
707.124
1400.94
2687.43
3486.82
3156.77
2006.48
798.066
282.14
646.349
1416.91
2131.13
2342.29
1520.27
-141.957
-1471.92
-1533.58
-476
560.731
486.204
-429.421
-1211.52
-1659.13
-1911.54
-1713.25
-1075.77
-426.759
-143.288
-395.706
-889.451
-1093.07
-879.248
-411.232
184.988
589.123
528.791
280.809
59.001
-217.372
-371.307
-165.469
260.846
495.076
239.553
-433.857
-987.046
-1063.79
-890.782
-682.726
-546.979
-717.328
-1187.56
-1652.91
-1905.78
-1882.26
-1648.48
-1446.63
-1358.8
-1352.59
-1573.51
-1936.83
-1502.53
515.039
2664.8
2576.97
242.658
-1284.27
37.7074
2310.8
2967.79
2537.93
3059.18
3670.04
1907.11
-1433.32
-2531.27
-56.3393
2812.53
3062.73
1041.17
-1241.68
-2612.01
-2872.86
-2117.82
-1144.53
-931.151
-1329.52
-1522.93
-1586.82
-2026
-2305.47
-1612.55
-435.631
167.243
352.231
959.099
1723.89
1566.41
649.454
491.527
1719.9
3242.84
3809.78
3226.42
2017.12
951.113
708.455
1306.45
2096.09
2582.73
2516.64
1526.93
-223.583
-1455.06
-1051.81
251.087
770.118
-42.1436
-975.512
-1155.62
-1324.19
-1953.69
-2127.14
-1222.16
-152.16
127.318
-353.562
-959.542
-1150.3
-882.797
-287.907
481.767
1014.11
999.911
597.108
78.5201
-339.367
-244.433
401.473
889.451
695.59
84.2871
-426.315
-750.155
-1017.66
-1228.37
-1047.82
-502.174
-221.808
-553.633
-1278.95
-1941.27
-2110.28
-1686.19
-1058.47
-674.74
-680.507
-1034.51
-1469.26
-1762.93
-1769.14
-1285.6
-125.543
1699.05
2993.08
2354.72
114.453
-1237.25
-176.116
1924.85
3116.4
3233.96
3320.47
2838.26
623.725
-2133.35
-2446.99
149.499
2670.13
2779.7
789.194
-1621.86
-3163.43
-3280.54
-2096.53
-706.681
-277.704
-786.975
-1289.15
-1615.65
-2115.16
-2199.45
-1200.87
222.252
888.12
859.285
953.775
1200.87
981.279
439.624
669.861
1978.09
3317.81
3600.83
2722.03
1318.87
293.674
375.743
1375.65
2351.61
2530.83
1745.63
365.54
-985.716
-1542.01
-939.136
191.199
670.748
25.7297
-1005.23
-1736.76
-2058.82
-1916.42
-1228.82
-324.284
184.988
56.7829
-507.941
-1011
-1045.6
-569.603
233.342
935.143
1106.82
765.238
266.613
-138.852
-292.343
-17.301
474.67
712.891
467.128
-126.874
-723.982
-1091.74
-1161.39
-911.632
-417.443
-79.4073
-289.681
-938.249
-1550.44
-1664
-1223.94
-653.003
-446.722
-684.944
-1049.6
-1349.48
-1488.78
-1440.42
-1104.16
-487.978
375.299
1514.06
2155.98
1462.6
-149.055
-718.215
637.477
2499.78
3195.81
2682.99
2177.27
1621.42
250.2
-1250.11
-1105.94
752.373
2187.03
1755.83
-131.754
-2092.09
-3061.84
-2686.1
-1370.77
-304.321
-329.163
-1105.94
-1683.52
-1918.64
-2028.66
-1601.9
-479.549
575.814
778.103
456.925
377.518
601.1
700.027
771.005
1396.95
2403.07
2986.43
2738.44
1919.53
1005.68
544.317
946.234
1871.62
2450.98
2066.81
1013.66
-47.9106
-760.358
-858.398
-287.907
397.48
383.285
-402.36
-1315.32
-1783.34
-1666.22
-1258.1
-783.87
-334.93
-153.491
-370.863
-799.84
-1077.99
-941.354
-315.855
445.391
830.893
774.998
453.376
24.8425
-353.562
-393.931
59.4446
680.951
814.923
229.35
-565.611
-1050.48
-1111.26
-857.51
-424.984
-109.573
-200.071
-649.011
-1170.26
-1435.1
-1277.17
-806.938
-443.173
-515.039
-906.752
-1206.19
-1234.58
-1148.08
-1096.62
-919.617
-472.895
339.81
1510.07
2177.27
1382.31
-306.539
-718.215
872.593
2694.08
2990.86
2199.45
1814.39
1524.27
211.161
-1292.7
-917.399
1121.46
2331.65
1434.21
-586.017
-2143.55
-2590.72
-2037.97
-892.556
-53.6776
-250.643
-1121.02
-1715.91
-1895.13
-1898.68
-1376.54
-210.274
736.847
644.575
3.54893
-171.236
271.937
715.11
963.535
1452.4
2159.97
2497.56
2200.34
1569.51
985.272
808.713
1257.21
2009.14
2394.64
1951.47
916.511
-104.25
-678.289
-632.153
-53.234
542.986
441.842
-396.593
-1348.15
-1877.83
-1866.29
-1397.84
-679.177
-123.769
-82.5126
-571.821
-1107.27
-1234.58
-945.346
-378.848
321.622
840.653
780.765
246.651
-297.667
-461.805
-169.461
327.832
746.606
763.02
269.719
-410.345
-788.306
-698.696
-403.691
-149.499
-72.3095
-198.74
-534.114
-928.933
-1101.06
-989.264
-745.719
-641.913
-680.064
-765.682
-920.06
-1163.16
-1354.8
-1222.61
-912.519
-660.988
-503.505
80.7382
1333.51
2084.11
1163.16
-631.266
-939.579
733.741
2491.35
2787.69
2203.44
1956.79
1452.4
-134.859
-1565.97
-873.924
1347.71
2513.97
1487.89
-651.229
-2167.95
-2361.81
-1560.2
-505.279
-65.2116
-523.467
-1262.09
-1543.34
-1526.93
-1474.58
-1071.33
-256.41
314.968
217.372
3.99255
245.763
665.425
722.651
668.973
1146.75
2011.8
2450.54
2069.03
1335.73
884.127
952.001
1389.85
1857.42
1977.2
1623.19
960.873
167.687
-467.128
-594.002
-165.913
306.983
295.005
-268.388
-1033.63
-1535.8
-1625.85
-1305.12
-678.733
-110.904
-17.301
-411.232
-935.587
-1243.01
-1060.69
-405.909
339.81
730.193
566.942
67.8733
-332.712
-386.833
-139.296
297.667
692.042
708.455
352.231
-41.6999
-262.177
-336.705
-320.291
-197.409
-12.8649
56.3393
-147.724
-586.017
-1019.43
-1225.71
-1119.69
-841.097
-617.514
-631.71
-888.12
-1231.04
-1514.06
-1611.66
-1466.15
-1015.44
-350.901
610.86
1531.81
1454.17
131.31
-1067.34
-569.603
1121.91
2403.07
2587.17
2333.42
1969.66
824.683
-864.608
-1475.47
-149.055
1681.31
2144
955.106
-852.631
-2098.31
-2248.25
-1432.44
-423.21
-74.0839
-480.88
-1027.42
-1373.44
-1657.35
-1623.64
-942.241
-7.54148
397.037
234.229
141.514
361.104
536.776
479.106
641.913
1323.31
2117.82
2427.03
2092.09
1425.34
878.36
839.766
1321.09
1909.32
2162.19
1894.69
1133
80.2946
-673.853
-570.047
169.461
710.673
431.195
-429.864
-1152.96
-1484.34
-1509.63
-1239.91
-756.366
-403.691
-407.683
-712.448
-1139.21
-1315.77
-1052.7
-487.978
110.017
428.533
358.442
121.994
-65.2116
-160.589
-29.7223
387.277
818.916
973.294
740.396
196.966
-372.638
-547.866
-177.447
404.135
597.995
131.754
-548.31
-918.286
-926.271
-786.088
-629.492
-548.753
-664.094
-906.308
-1164.49
-1304.23
-1324.19
-1271.4
-1233.25
-1279.83
-1193.33
-722.651
409.902
1480.79
1278.95
-176.116
-1143.2
-280.809
1457.28
2496.23
2418.15
2118.71
1795.76
653.447
-910.744
-1160.5
498.625
2183.48
2082.78
411.232
-1310.89
-1949.25
-1578.39
-752.817
-150.83
-234.673
-885.015
-1428.89
-1514.51
-1382.31
-1085.97
-610.86
-279.478
-352.675
-414.781
7.09786
625.055
761.689
392.157
358.886
1100.17
1992.28
2285.96
1974.09
1479.46
1134.33
1172.03
1599.24
2111.61
2258.89
1791.77
869.932
41.2563
-169.905
244.876
696.478
513.264
-283.027
-1065.57
-1378.76
-1400.94
-1384.53
-1225.27
-955.55
-895.661
-1187.56
-1471.92
-1419.57
-1133.88
-837.991
-543.43
-105.137
296.336
330.938
92.2722
-35.9329
177.447
685.831
1216.4
1355.69
999.911
472.008
174.785
202.733
387.721
530.565
501.73
266.613
-208.5
-647.68
-776.772
-744.832
-777.216
-898.323
-1017.21
-1180.91
-1339.28
-1498.54
-1650.7
-1701.27
-1681.31
-1577.06
-1506.08
-1469.7
-1303.34
-431.195
1045.16
1712.36
717.771
-829.119
-853.518
779.878
2378.23
2739.77
2439
2269.1
1531.36
-117.558
-1239.91
-356.224
1578.39
2389.32
1394.29
-356.224
-1496.76
-1689.73
-1227.04
-581.581
-307.426
-542.986
-819.803
-823.796
-985.272
-1365.89
-1361.46
-696.921
96.2648
464.023
563.393
652.116
578.919
223.583
205.394
1105.49
2363.14
2972.67
2586.28
1719.9
1044.27
960.873
1474.58
2175.94
2516.19
2088.1
1176.47
392.157
-26.617
-146.393
-98.0392
-81.1818
-331.381
-721.32
-1085.09
-1409.81
-1624.52
-1758.94
-1771.8
-1592.58
-1310.89
-1138.32
-1098.39
-1120.57
-1147.19
-935.143
-470.677
30.6095
387.277
510.602
434.744
401.916
601.544
942.685
1187.56
1080.65
692.929
372.638
280.366
259.516
220.034
194.304
102.475
-130.423
-525.685
-930.264
-1118.36
-1053.59
-937.361
-1031.41
-1272.29
-1487.45
-1622.75
-1721.23
-1765.59
-1643.15
-1430.66
-1339.72
-1451.96
-1632.51
-1506.08
-908.083
59.8882
1184.9
1713.69
1048.27
-220.921
-503.505
647.236
2060.6
2612.9
2336.97
2018.45
1508.3
295.005
-929.82
-786.532
682.282
1860.53
1652.91
344.69
-1027.86
-1664.89
-1423.56
-600.657
141.957
187.65
-356.668
-871.263
-1108.15
-1140.54
-829.119
-151.717
426.759
515.039
360.66
433.413
793.63
1035.4
1085.53
1408.04
2095.64
2686.98
2708.72
2205.66
1550.88
1134.77
1246.56
1785.56
2278.41
2182.59
1336.62
204.951
-569.603
-685.831
-302.99
113.122
94.0467
-472.895
-1219.06
-1810.4
-2074.35
-1920.42
-1515.39
-1133
-928.933
-898.767
-1003.46
-1179.13
-1266.52
-1035.4
-322.953
574.927
1046.49
904.09
475.557
129.092
72.7531
352.675
811.374
1145.42
1079.76
601.1
19.0755
-370.42
-513.708
-431.195
-191.199
-52.7903
-260.846
-763.907
-1333.07
-1720.34
-1768.7
-1594.36
-1400.5
-1310.44
-1414.25
-1703.93
-2046.85
-2218.97
-2111.61
-1749.18
-1286.49
-1005.23
-965.309
-1031.41
-768.344
202.733
1258.1
1221.28
77.6329
-510.159
413.007
1846.33
2371.13
1996.27
1775.8
1619.2
705.35
-457.368
-303.877
1186.67
2231.83
1800.64
518.588
-475.113
-763.907
-546.535
-111.348
145.95
-28.8351
-347.352
-403.247
-456.038
-756.366
-821.577
-318.96
247.094
406.353
480.437
842.871
1169.82
989.708
706.237
1106.82
2031.76
2642.18
2565.88
2075.24
1530.03
1203.97
1298.47
1729.66
2032.65
1806.85
1172.92
469.79
-103.363
-380.179
-246.207
-21.2936
-218.703
-798.509
-1346.82
-1600.12
-1675.98
-1747.4
-1682.19
-1384.53
-1088.19
-1049.15
-1127.23
-1110.37
-960.429
-656.109
-181.439
350.901
703.576
662.763
281.696
-61.2191
13.3085
556.295
1164.05
1258.54
671.192
-74.5275
-421.879
-369.089
-177.003
-38.5946
-54.1212
-298.11
-779.434
-1307.78
-1569.07
-1499.42
-1396.5
-1454.62
-1621.86
-1790.88
-1912.43
-2043.3
-2191.46
-2239.38
-2065.92
-1768.25
-1596.13
-1585.48
-1564.63
-1203.09
-156.153
1094.4
1384.97
345.134
-635.259
-66.0988
1587.26
2712.71
2711.83
2514.42
2399.52
1526.48
93.1594
-224.026
1300.24
2926.54
2836.93
1308.22
-138.852
-666.312
-511.046
-10.6468
431.195
337.592
-236.891
-658.77
-760.358
-907.195
-990.595
-620.619
21.2936
324.284
249.312
325.171
642.356
727.087
610.86
998.137
1971.43
2691.42
2539.7
1856.53
1321.53
1221.28
1486.11
1874.72
2082.78
1848.11
1193.33
416.112
-152.604
-307.87
-134.416
-4.43616
-334.93
-1001.24
-1470.14
-1609.44
-1748.29
-1973.65
-1949.25
-1581.94
-1179.13
-1062.46
-1188
-1277.62
-1187.56
-905.865
-426.315
148.611
473.339
414.781
232.011
173.898
330.938
626.83
893
930.264
675.628
279.922
34.1585
70.9786
165.469
77.1892
-203.62
-526.129
-721.32
-810.931
-988.377
-1312.22
-1595.24
-1611.66
-1481.24
-1539.79
-1890.69
-2231.83
-2233.16
-1929.29
-1644.04
-1645.37
-1803.3
-1860.97
-1722.56
-1504.75
-1233.7
-793.63
-100.257
869.488
1601.46
1434.21
518.144
95.3775
1009.67
2510.42
3286.31
3033.01
2611.57
2301.04
1520.27
442.286
291.9
1500.31
2727.35
2590.28
1184.9
-335.818
-1096.18
-989.708
-286.576
413.894
454.263
-202.289
-919.617
-1288.26
-1308.67
-922.278
-149.942
547.866
667.643
432.082
422.323
702.245
837.991
845.089
1275.84
2122.26
2627.54
2306.81
1563.75
1024.31
920.06
1175.58
1618.31
1928.4
1675.54
787.863
-217.816
-719.989
-626.386
-302.546
-162.364
-412.563
-995.475
-1601.9
-1982.97
-2049.95
-1756.28
-1284.71
-968.415
-1011.89
-1281.16
-1474.14
-1391.18
-1035.4
-557.182
-30.1659
354.006
370.42
97.5956
-132.641
-83.8435
208.056
615.296
946.677
1028.75
746.606
160.146
-365.54
-531.896
-417.443
-241.771
-187.65
-402.804
-866.826
-1403.6
-1808.62
-1970.1
-1874.72
-1687.96
-1642.27
-1816.61
-2142.67
-2372.02
-2352.05
-2154.64
-1906.22
-1641.38
-1392.51
-1270.07
-1268.3
-1314.44
-1093.96
-382.397
790.524
2024.22
2452.75
1635.17
453.376
528.347
1968.33
3339.1
3567.56
3084.91
2748.2
2273.09
1181.79
225.801
648.567
2039.75
2764.62
2073.46
599.326
-600.657
-1040.28
-749.268
-75.4148
405.465
301.216
-178.334
-597.551
-886.345
-928.489
-432.97
420.548
920.06
783.87
532.783
597.995
765.238
756.366
879.248
1464.82
2144.44
2294.83
1848.55
1210.63
705.794
523.467
759.028
1271.85
1561.53
1216.84
376.187
-480.88
-900.985
-794.517
-435.188
-260.846
-540.325
-1098.39
-1591.25
-1839.23
-1855.65
-1659.57
-1320.2
-1055.81
-1051.81
-1245.67
-1338.83
-1181.35
-873.924
-540.325
-194.304
129.092
280.809
196.078
-13.7521
-126.874
25.2861
412.12
759.915
765.238
349.57
-259.516
-717.328
-837.104
-662.763
-395.262
-323.84
-668.53
-1290.92
-1812.17
-1983.41
-1893.8
-1781.12
-1768.7
-1746.52
-1711.47
-1828.14
-2018.45
-2074.79
-1876.5
-1499.42
-1104.16
-832.668
-739.065
-776.329
-823.352
-680.064
-229.793
453.376
1309.11
2246.92
2706.5
2085.88
828.232
461.361
1643.15
3174.96
3592.41
2950.49
2338.3
1923.96
1126.34
201.845
283.471
1490.55
2424.81
2066.81
791.412
-369.976
-832.224
-595.333
85.1743
705.35
790.524
373.969
-137.965
-556.739
-790.524
-499.956
323.396
976.843
925.827
502.617
302.103
346.464
346.464
484.429
1049.15
1671.55
1706.15
1156.95
654.334
517.257
576.701
719.546
971.52
1217.28
1138.76
590.453
-149.499
-637.033
-591.341
-181.883
43.4744
-324.727
-1019.43
-1465.71
-1545.56
-1514.95
-1439.98
-1170.26
-873.037
-904.09
-1284.71
-1558.87
-1338.39
-796.291
-349.57
-180.995
-211.605
-320.291
-363.765
-287.02
-177.003
-84.7307
32.384
127.318
28.8351
-328.72
-701.801
-822.465
-756.366
-696.921
-659.214
-661.876
-936.031
-1522.49
-2061.04
-2092.98
-1607.22
-1125.9
-1058.91
-1328.63
-1630.73
-1827.26
-1872.95
-1666.67
-1168.49
-601.544
-300.772
-393.931
-649.898
-718.659
-499.068
-112.679
236.891
506.166
725.313
1160.5
1978.97
2487.36
1850.32
513.264
251.974
1647.15
3166.09
3269.9
2356.93
1898.68
1839.23
1167.15
220.034
438.293
1865.85
2794.34
2168.4
672.522
-385.503
-523.024
34.6021
837.548
1251.89
868.157
64.768
-451.158
-618.401
-613.521
-245.32
475.557
854.849
424.541
-222.695
-249.312
247.094
521.693
477.775
667.643
1136.55
1341.94
1084.2
721.764
531.452
535.001
710.23
984.385
1134.77
954.219
461.361
-131.754
-576.701
-653.447
-307.426
86.9488
-61.2191
-809.6
-1510.51
-1719.01
-1514.95
-1152.52
-896.992
-904.09
-1116.58
-1342.83
-1444.41
-1366.34
-1158.73
-860.616
-495.963
-329.607
-526.129
-808.713
-900.985
-832.668
-671.635
-394.375
-108.242
-32.384
-320.735
-769.674
-950.67
-802.058
-572.709
-438.293
-503.061
-817.141
-1148.08
-1275.4
-1211.07
-1069.56
-965.753
-935.143
-970.189
-1038.95
-1119.69
-1096.18
-906.752
-643.244
-390.826
-273.268
-275.486
-319.847
-305.652
-201.845
-54.1212
140.183
276.373
265.283
129.98
400.586
1446.63
2446.54
2077.46
510.159
-261.29
836.217
2488.69
2886.61
2209.65
1862.3
1927.51
1347.26
271.05
195.635
1466.15
2623.55
2417.71
1188.89
79.8509
-290.125
44.8053
675.184
993.701
700.914
212.049
-21.2936
-199.184
-516.813
-570.934
-51.4595
500.843
490.196
161.033
115.34
318.073
290.569
154.822
425.428
1050.04
1418.69
1220.39
720.433
322.953
246.651
480.437
806.495
944.903
794.961
459.587
27.9478
-390.382
-562.506
-343.359
-35.4893
-89.6105
-484.873
-878.36
-1127.67
-1324.19
-1428
-1291.81
-1006.12
-893.887
-1076.21
-1351.26
-1524.27
-1553.54
-1433.32
-1180.46
-909.857
-773.667
-827.788
-989.708
-1147.19
-1149.41
-857.067
-431.639
-266.613
-487.091
-764.351
-796.291
-626.386
-486.204
-459.587
-450.271
-458.256
-553.19
-730.636
-860.616
-812.705
-613.521
-460.03
-528.347
-713.335
-789.637
-696.034
-504.835
-289.238
-153.935
-178.334
-295.448
-356.224
-265.726
-96.2648
-35.4893
-74.5275
11.0904
192.973
238.222
63.4371
-156.597
-30.6095
812.705
1980.3
2339.19
1414.25
257.297
282.584
1418.69
2395.08
2545.91
2436.34
2450.09
1963
788.75
88.2797
873.924
2403.07
3075.59
2300.15
907.195
21.7372
15.5266
555.851
1052.26
1093.96
750.599
363.322
22.6244
-355.78
-544.317
-266.613
168.574
205.838
-94.4903
-198.297
-34.1585
-59.8882
-391.713
-470.233
19.9627
599.326
719.102
401.916
16.8574
-198.297
-156.153
123.769
461.361
633.041
523.467
159.258
-317.629
-637.033
-555.851
-222.252
-118.889
-448.496
-869.932
-1057.58
-1115.25
-1270.96
-1468.81
-1514.95
-1400.94
-1314.88
-1368.56
-1546.89
-1747.85
-1765.59
-1555.32
-1309.11
-1154.73
-1061.57
-991.926
-942.685
-912.962
-806.495
-521.249
-223.583
-131.31
-176.116
-176.559
-145.506
-129.98
-88.7233
-6.21063
74.5275
78.0765
0.443616
-106.912
-175.672
-178.777
-121.107
-54.1212
-68.7605
-167.687
-294.561
-419.661
-494.632
-416.112
-200.071
-36.8202
-106.024
-344.246
-478.662
-360.66
-118.889
20.4064
-25.2861
-148.168
-169.461
-28.3914
135.747
179.221
275.929
835.33
1747.85
2133.35
1474.58
604.205
726.2
1772.25
2572.09
2583.62
2464.73
2624.43
2406.62
1400.05
566.942
983.497
2234.94
2948.27
2432.35
1218.17
224.47
-41.2563
357.555
886.789
930.264
393.488
-255.523
-674.297
-901.872
-977.73
-818.472
-566.498
-554.52
-808.713
-964.422
-848.638
-724.426
-731.967
-630.822
-240.884
222.252
432.526
302.546
-0.887233
-208.056
-70.0914
402.36
867.27
991.926
729.305
256.41
-229.35
-503.948
-397.924
-68.7605
15.9702
-418.774
-1123.68
-1668.88
-1903.56
-1939.93
-1868.96
-1719.01
-1664.45
-1814.39
-2064.59
-2270.43
-2301.93
-2081.89
-1609.44
-1068.67
-718.659
-679.62
-815.81
-887.676
-754.591
-313.637
313.193
770.118
806.051
513.708
237.778
219.146
442.286
741.283
917.842
822.021
472.451
78.5201
-157.04
-216.485
-179.221
-106.912
-67.4297
-151.273
-381.066
-637.033
-784.757
-747.937
-539.437
-268.832
-62.5499
-22.1808
-115.34
-197.853
-137.521
76.7456
355.78
556.739
581.137
471.564
401.916
505.723
727.531
905.421
905.865
817.141
940.023
1532.25
2278.86
2379.56
1564.63
723.095
890.338
1855.65
2548.58
2436.78
2041.52
1852.99
1609
986.603
372.194
453.82
1226.6
1862.75
1566.41
441.842
-634.371
-867.27
-337.592
102.032
-97.152
-576.701
-788.306
-821.577
-1039.39
-1369.44
-1408.48
-1071.78
-708.899
-586.904
-627.274
-663.65
-688.049
-702.245
-571.378
-174.785
380.179
759.915
649.898
91.8286
-399.698
-362.878
122.438
546.092
519.918
113.566
-394.819
-794.961
-996.806
-985.716
-889.451
-917.842
-1154.73
-1475.91
-1691.07
-1765.15
-1804.63
-1864.08
-1822.82
-1551.33
-1200.43
-1112.59
-1340.61
-1526.48
-1309.56
-723.095
-147.724
129.092
156.153
112.235
102.919
232.899
533.227
879.691
1072.22
973.294
677.846
438.737
425.428
538.55
562.506
398.367
121.107
-100.257
-212.936
-299.885
-379.736
-375.743
-288.794
-239.109
-301.659
-393.931
-356.224
-147.724
108.242
299.885
428.977
539.881
633.928
684.944
715.11
780.321
918.729
1074.44
1137.88
1071.33
949.783
870.819
809.156
722.207
635.259
564.28
436.518
195.635
21.7372
245.32
845.089
1191.11
737.734
-115.34
-404.578
156.597
889.451
1146.3
1095.73
1163.61
1160.5
642.8
-109.13
-221.365
562.949
1475.47
1621.86
915.181
11.9776
-440.067
-302.546
103.363
334.043
174.785
-206.725
-532.783
-726.2
-845.089
-886.345
-822.908
-725.756
-700.47
-757.253
-821.134
-876.586
-979.061
-1054.92
-891.669
-458.256
-58.1137
-4.87978
-331.381
-779.878
-975.512
-736.847
-261.29
77.6329
65.2116
-245.32
-630.379
-873.481
-865.939
-635.702
-364.209
-311.862
-544.761
-849.082
-1032.3
-1106.38
-1131.22
-1073.11
-873.481
-633.484
-582.468
-738.178
-856.623
-795.848
-632.597
-348.682
56.3393
389.052
489.309
352.675
201.845
277.704
557.626
773.223
844.202
831.337
709.343
562.062
465.797
442.286
505.279
630.379
691.598
625.055
517.7
434.744
425.872
456.481
476
548.31
684.056
746.606
650.785
511.49
458.256
538.994
693.372
767.013
670.304
480.437
348.682
358.442
454.707
457.812
303.434
120.22
-18.1883
-129.092
-212.936
-279.035
-350.457
-479.993
-609.085
-681.838
-720.877
-812.262
-971.963
-1046.49
-1046.05
-856.623
-310.088
463.579
802.058
243.545
-547.866
-579.363
342.915
1293.14
1609.88
1580.16
1562.42
1339.28
649.454
68.7605
239.109
1044.72
1687.96
1560.2
781.652
-149.942
-687.605
-634.815
-234.229
-14.1957
-243.545
-689.38
-1073.11
-1344.16
-1546
-1564.19
-1344.6
-1065.57
-986.603
-1126.79
-1251.89
-1222.16
-1087.3
-909.857
-621.063
-229.35
119.333
215.598
3.10531
-257.297
-232.011
150.386
605.093
823.796
729.749
466.684
201.402
31.4968
18.1883
136.634
269.719
255.079
45.6925
-275.486
-583.799
-789.194
-827.345
-694.26
-496.407
-377.518
-417.443
-505.279
-532.34
-490.196
-346.464
-80.7382
266.613
544.761
647.68
629.048
672.079
833.555
1004.79
1157.84
1291.81
1389.41
1355.69
1176.47
1017.21
1006.57
1093.51
1097.51
954.219
715.11
474.67
263.508
104.693
14.6393
-45.2489
-130.423
-314.08
-540.768
-712.448
-797.179
-808.713
-768.787
-692.929
-636.146
-610.416
-599.769
-565.167
-518.144
-449.827
-323.396
-168.574
-37.7074
11.0904
29.7223
30.6095
-25.2861
-61.2191
8.87233
159.258
228.462
76.302
-234.229
-456.038
-447.609
-251.974
-31.4968
-47.0233
-353.119
-714.222
-813.592
-569.16
-206.282
184.101
540.768
508.828
-105.137
-704.019
-546.979
247.982
888.12
864.165
609.972
610.86
555.851
66.5425
-382.841
-114.009
631.71
1073.55
813.149
167.243
-376.187
-598.882
-488.865
-172.567
57.2265
-65.2116
-393.931
-656.109
-826.457
-910.744
-822.465
-584.243
-416.556
-469.346
-592.671
-556.295
-412.563
-395.262
-458.256
-330.494
32.8276
378.405
528.347
481.767
338.923
304.764
499.068
832.224
1105.05
1182.24
1085.09
909.414
719.546
625.055
722.207
878.804
865.052
687.162
509.272
389.052
270.162
123.769
66.5425
145.506
237.778
259.072
186.319
-7.54148
-235.117
-279.922
-90.0541
126.431
153.048
23.0681
-98.4828
-188.537
-296.336
-311.419
-126.431
97.152
97.152
-134.859
-362.435
-442.286
-421.436
-392.6
-363.322
-326.502
-331.381
-418.774
-544.317
-639.695
-674.297
-604.205
-456.925
-318.517
-251.087
-280.366
-419.661
-573.152
-558.513
-354.893
-118.446
-104.25
-329.163
-523.911
-477.775
-305.652
-237.778
-278.591
-315.411
-231.568
-123.325
-127.762
-176.116
-192.53
-179.665
-143.288
-75.4148
-47.0233
-69.6478
-139.739
-259.516
-306.539
-236.891
-92.2722
27.9478
19.9627
-108.686
-233.786
-136.19
298.11
797.622
829.119
319.404
-67.8733
152.16
690.711
917.399
727.974
617.514
757.697
727.531
310.088
-4.43616
199.184
622.394
769.231
545.648
243.989
72.7531
34.6021
90.0541
173.01
172.567
81.6254
70.9786
166.356
172.567
41.2563
-26.1734
105.581
304.764
373.081
337.148
350.013
416.112
421.879
383.285
431.195
604.205
790.081
833.112
650.342
350.013
211.605
344.69
540.325
546.979
361.547
177.003
59.8882
-86.9488
-208.943
-163.251
-34.6021
-38.5946
-227.132
-424.984
-491.527
-509.272
-588.679
-630.379
-549.641
-483.542
-528.347
-644.575
-739.065
-765.238
-746.606
-707.568
-642.356
-555.408
-532.34
-586.904
-672.079
-717.771
-647.236
-483.542
-359.773
-385.059
-499.068
-588.679
-572.709
-496.407
-464.023
-462.692
-418.774
-354.006
-339.81
-365.54
-405.022
-417.443
-358.886
-225.801
-80.2946
-1.33085
-27.5042
-93.1594
-82.069
5.3234
114.897
235.117
331.381
331.381
253.749
184.988
164.582
196.078
253.305
281.253
298.11
302.546
213.823
83.3999
-5.76701
-45.2489
-9.75956
92.7158
155.709
127.318
46.1361
-43.0308
5.76701
223.139
445.391
523.467
458.256
365.096
369.532
506.61
652.56
832.224
1129.89
1298.47
1067.34
641.026
489.752
732.854
1056.25
1104.16
971.963
959.986
943.572
653.003
255.523
162.807
409.458
668.53
641.469
300.328
-109.13
-354.006
-345.577
-158.815
-45.2489
-173.898
-373.525
-425.428
-403.691
-462.692
-571.821
-584.243
-464.466
-320.291
-269.275
-309.644
-369.976
-443.616
-488.865
-416.999
-224.913
-27.9478
53.6776
-35.4893
-239.996
-354.006
-251.974
-42.1436
78.5201
42.5872
-107.799
-248.425
-278.591
-286.133
-349.126
-441.398
-517.257
-549.197
-540.768
-605.536
-763.02
-843.315
-833.555
-827.345
-805.164
-741.727
-692.042
-680.951
-720.877
-749.712
-636.589
-431.639
-280.809
-210.718
-221.365
-266.17
-209.831
-7.09786
202.733
291.9
273.711
236.004
272.38
377.074
444.06
440.067
418.33
432.082
499.512
546.979
470.677
312.75
224.026
247.982
288.794
255.967
181.883
150.83
169.905
187.206
163.251
139.739
165.025
246.651
347.795
373.969
300.328
234.673
289.238
411.676
460.917
415.225
368.202
351.788
310.088
200.958
99.3701
79.8509
98.9264
121.551
165.025
203.176
204.064
328.72
630.822
743.945
394.819
-36.3765
54.1212
641.913
1050.93
850.856
471.121
400.586
402.36
125.987
-164.138
-41.2563
351.788
519.918
283.027
-116.227
-389.495
-495.963
-486.204
-374.856
-318.073
-424.541
-549.197
-594.002
-684.944
-861.947
-974.182
-894.774
-697.809
-582.025
-574.483
-584.686
-619.732
-696.034
-690.711
-519.475
-294.118
-137.077
-69.2042
-98.9264
-231.124
-332.712
-227.575
33.2712
206.725
178.334
82.5126
43.4744
-3.10531
-116.671
-179.221
-119.776
-57.6701
-97.5956
-196.966
-297.223
-395.262
-456.925
-449.383
-345.577
-185.875
-101.145
-119.776
-154.378
-149.942
-65.2116
113.122
279.035
383.285
502.617
573.596
514.595
413.007
415.225
558.069
723.982
770.118
718.659
700.027
681.838
605.98
549.641
548.753
555.408
526.129
454.707
351.344
251.087
178.777
135.303
117.115
86.9488
27.9478
-22.6244
-50.5723
-81.6254
-105.581
-86.0616
-46.5797
-18.1883
-1.33085
-1.33085
-27.9478
-64.3244
-85.618
-66.0988
-11.9776
35.9329
44.8053
5.3234
-75.8584
-160.146
-183.657
-164.582
-154.822
-161.476
-180.995
-221.808
-287.463
-363.765
-416.112
-402.804
-326.945
-238.666
-216.485
-286.576
-382.397
-428.09
-397.924
-345.577
-332.269
-335.374
-324.284
-318.517
-357.998
-441.398
-505.279
-469.79
-346.464
-234.229
-192.086
-188.981
-166.356
-124.656
-90.9414
-57.2265
7.09786
88.7233
132.198
124.213
105.137
94.9339
80.7382
52.7903
30.6095
44.8053
89.1669
120.664
87.836
0
-75.8584
-83.3999
-27.5042
51.4595
116.227
133.085
90.4977
25.2861
13.3085
86.5052
182.326
229.793
242.215
268.832
313.193
342.028
351.788
375.743
435.631
523.024
617.514
694.26
723.095
702.245
676.959
692.929
767.9
867.714
916.511
852.631
710.23
594.89
559.4
546.092
470.677
368.202
318.073
286.133
163.251
-46.1361
-221.808
-287.463
-279.478
-270.606
-282.14
-321.178
-405.022
-500.399
-533.67
-472.008
-369.089
-286.576
-242.215
-237.778
-269.275
-320.291
-320.291
-220.034
-85.1743
-23.0681
-60.7754
-136.19
-184.988
-200.515
-209.387
-217.372
-222.252
-231.568
-267.501
-345.577
-456.481
-565.611
-637.033
-661.876
-657.883
-652.56
-664.981
-715.997
-801.171
-885.902
-910.301
-832.224
-700.027
-620.176
-635.702
-693.816
-720.877
-691.598
-627.274
-524.355
-377.518
-251.087
-207.169
-201.845
-150.386
-58.1137
9.31594
42.5872
121.551
279.478
412.563
416.556
337.592
300.328
350.901
433.857
494.189
533.227
565.167
579.363
556.295
513.264
481.324
490.196
538.55
587.792
581.581
515.482
451.601
416.556
399.698
377.074
370.42
388.608
386.39
339.81
293.23
319.404
406.796
468.902
460.917
437.849
468.902
561.175
663.65
720.433
722.651
712.891
722.651
753.704
779.434
782.539
778.103
759.028
691.154
579.807
488.422
450.271
431.639
380.623
291.012
191.199
83.8435
-24.8425
-133.529
-231.124
-293.23
-317.629
-323.84
-371.307
-502.174
-653.447
-702.688
-632.153
-551.859
-564.724
-646.793
-707.568
-711.561
-692.042
-664.537
-631.71
-617.514
-617.514
-599.769
-545.205
-504.392
-525.242
-576.701
-602.875
-590.453
-546.535
-492.414
-479.549
-553.19
-668.53
-701.357
-621.063
-552.746
-603.318
-709.786
-741.283
-697.809
-685.387
-720.877
-719.546
-662.763
-620.619
-639.695
-677.846
-692.485
-692.485
-680.507
-648.567
-576.701
-393.044
79.8509
650.342
743.057
122.438
-510.602
-262.621
714.666
1402.71
1278.95
987.49
1109.04
1252.33
818.472
194.304
270.606
1092.18
1789.99
1684.41
967.084
302.103
131.31
401.029
690.267
617.958
287.02
182.77
424.541
498.625
82.9563
-418.774
-427.203
1.33085
361.547
427.646
359.329
271.05
110.017
-13.3085
101.145
420.105
713.779
854.849
821.577
612.634
359.329
307.87
523.911
733.298
719.989
606.424
594.89
594.446
382.397
43.0308
-114.897
-0.443616
173.898
192.973
20.85
-249.756
-491.083
-612.191
-610.86
-539.881
-462.248
-408.571
-395.262
-484.873
-653.891
-745.275
-671.192
-510.159
-363.765
-267.944
-228.906
-279.922
-401.916
-484.873
-443.173
-312.75
-196.078
-150.386
-187.206
-295.892
-432.97
-517.7
-511.933
-449.827
-390.826
-361.104
-381.954
-460.474
-557.182
-580.694
-490.64
-346.464
-226.688
-166.8
-153.048
-173.454
-199.184
-177.89
-82.9563
37.2638
124.656
141.957
94.9339
26.617
-23.9553
-19.0755
38.151
111.791
156.597
151.273
94.4903
-11.9776
-106.024
-114.897
-31.9404
57.2265
77.1892
62.5499
63.8808
73.1967
42.1436
13.7521
67.8733
191.642
321.178
397.48
401.029
346.464
281.696
278.147
370.863
491.527
546.092
520.362
457.368
392.6
335.374
292.343
264.839
251.087
244.433
242.215
218.703
137.521
10.6468
-94.9339
-118.889
-75.4148
-39.0382
-42.1436
-70.0914
-109.573
-134.859
-133.972
-93.6031
-27.5042
27.0606
52.3467
52.7903
41.6999
27.5042
19.9627
27.9478
61.6627
106.912
133.529
126.431
90.9414
51.9031
33.2712
43.4744
76.7456
104.693
92.7158
50.5723
7.09786
3.54893
42.1436
84.2871
92.7158
69.6478
51.9031
45.2489
20.85
-27.9478
-57.2265
-33.7148
12.4213
18.1883
-41.2563
-124.213
-169.461
-166.8
-156.597
-178.334
-232.011
-270.162
-267.944
-245.32
-231.124
-247.094
-269.719
-270.606
-240.44
-196.966
-178.777
-197.853
-222.252
-205.838
-148.611
-102.475
-108.242
-140.183
-133.085
-83.8435
-58.1137
-99.8137
-173.454
-203.176
-157.927
-74.0839
-21.2936
-42.1436
-105.137
-124.656
-72.7531
-0.443616
37.2638
48.7978
78.9637
115.34
122.882
110.017
125.1
185.432
248.869
271.05
250.643
223.139
214.267
224.026
238.666
236.891
221.365
217.816
229.35
235.117
216.485
192.53
184.544
185.432
182.77
173.01
164.582
164.582
165.025
158.371
147.281
129.98
114.453
109.573
110.904
105.137
81.6254
45.2489
1.33085
-50.1286
-98.9264
-133.085
-161.92
-203.176
-255.523
-297.667
-324.727
-360.216
-405.909
-430.308
-413.007
-373.081
-352.231
-361.104
-368.202
-334.487
-261.734
-181.439
-124.213
-96.7084
-75.8584
-43.4744
-6.21063
20.85
37.7074
59.8882
90.9414
110.904
98.9264
66.0988
39.4819
24.3989
14.6393
6.21063
1.33085
-3.99255
-17.7447
-44.8053
-75.4148
-96.2648
-101.588
-86.0616
-58.5574
-41.6999
-43.4744
-50.5723
-44.3616
-17.7447
23.9553
70.535
108.686
125.987
137.965
163.694
207.169
247.982
272.824
287.907
303.434
318.073
322.953
321.178
317.629
307.426
290.569
266.613
235.56
207.612
190.311
184.988
176.559
141.957
92.7158
61.6627
65.6552
84.7307
90.4977
80.2946
74.5275
84.2871
98.4828
106.912
111.791
117.115
127.318
137.965
144.619
153.491
158.371
132.198
74.9712
22.1808
7.54148
24.8425
25.2861
-19.9627
-88.2797
-149.055
-188.537
-212.492
-234.229
-265.283
-298.554
-322.509
-333.6
-340.697
-365.54
-401.473
-419.217
-409.014
-376.63
-331.381
-295.892
-290.569
-319.404
-343.803
-313.637
-227.575
-141.07
-106.024
-117.558
-140.183
-134.859
-100.257
-61.2191
-43.4744
-47.9106
-50.1286
-40.3691
-41.6999
-70.535
-109.573
-128.649
-119.776
-96.2648
-71.8659
-69.2042
-107.355
-169.018
-203.62
-172.567
-100.701
-44.8053
-39.9255
-73.6403
-98.9264
-79.4073
-30.6095
12.4213
31.0531
39.0382
66.0988
107.355
129.536
115.784
82.5126
74.5275
112.679
180.552
236.004
238.666
190.311
134.859
122.882
156.153
204.064
234.229
241.327
232.011
218.259
212.936
219.59
231.124
245.763
271.937
307.426
330.051
319.404
280.809
245.763
245.32
275.486
314.524
333.6
318.96
277.704
235.56
220.034
232.455
255.523
269.719
265.283
241.327
211.605
184.988
165.025
149.942
136.19
131.31
133.085
124.656
95.8211
55.8957
22.6244
11.534
21.7372
33.2712
31.4968
7.09786
-31.4968
-57.2265
-59.4446
-53.6776
-59.8882
-80.7382
-101.588
-116.227
-132.198
-155.266
-183.657
-207.169
-211.161
-205.394
-213.379
-249.312
-306.095
-352.231
-366.871
-355.78
-342.028
-353.119
-390.826
-437.406
-475.113
-491.971
-493.301
-486.647
-477.331
-469.79
-464.91
-462.248
-464.023
-465.797
-462.692
-446.278
-409.458
-361.991
-327.389
-318.073
-325.171
-327.389
-305.652
-257.297
-196.966
-148.168
-125.1
-117.558
-105.581
-79.8509
-37.7074
7.54148
39.9255
55.0084
62.5499
70.535
73.6403
73.6403
74.9712
90.0541
121.107
150.386
166.8
168.574
170.349
191.642
232.899
280.366
318.517
340.254
352.231
365.096
386.39
420.548
459.143
493.301
512.821
524.355
538.55
552.746
562.949
564.724
566.054
578.476
594.002
597.995
577.589
541.656
506.61
479.106
453.82
427.646
401.916
373.969
342.472
300.772
248.425
192.53
148.168
121.994
106.468
86.5052
54.1212
13.3085
-25.7297
-54.1212
-73.1967
-89.6105
-105.581
-122.438
-141.957
-167.687
-193.417
-211.605
-220.921
-224.47
-230.237
-239.996
-257.741
-274.155
-279.035
-274.599
-262.177
-255.523
-257.741
-267.057
-281.696
-296.336
-306.539
-313.637
-315.411
-318.96
-331.381
-353.119
-381.066
-406.796
-424.097
-434.744
-441.842
-444.947
-442.729
-438.737
-437.849
-441.398
-441.398
-430.308
-407.24
-376.187
-346.464
-321.178
-295.005
-265.283
-233.786
-198.297
-159.258
-113.122
-66.0988
-28.3914
-0.443616
19.0755
39.4819
64.768
87.836
107.355
117.558
119.776
119.776
114.453
107.355
95.3775
85.1743
82.9563
84.7307
86.9488
89.1669
93.6031
100.701
110.904
122.882
142.401
174.785
211.605
246.207
270.162
284.358
300.328
314.968
330.494
346.464
359.773
373.525
378.848
376.63
370.42
358.442
343.803
329.163
315.855
305.652
296.779
277.704
250.643
227.132
209.831
202.289
197.409
194.304
195.635
195.191
192.973
183.657
169.018
159.258
157.927
163.251
165.025
156.597
142.844
127.318
110.017
86.5052
62.5499
43.0308
26.1734
1.77447
-33.2712
-68.3169
-103.806
-134.859
-164.582
-193.86
-216.928
-233.786
-247.094
-260.846
-275.486
-288.351
-298.11
-298.997
-296.336
-289.681
-283.471
-279.922
-275.486
-273.268
-269.719
-260.846
-248.869
-234.673
-220.921
-213.379
-208.943
-206.725
-203.176
-192.086
-176.559
-160.146
-144.175
-129.092
-111.791
-95.3775
-85.618
-74.9712
-61.6627
-43.0308
-19.0755
0
13.3085
22.1808
24.3989
29.2787
39.0382
47.0233
56.7829
59.4446
57.2265
59.8882
62.1063
67.8733
70.9786
64.768
59.001
56.7829
55.452
52.7903
41.2563
30.1659
26.617
24.3989
22.6244
19.0755
15.5266
17.7447
20.4064
18.6319
15.9702
10.6468
9.75956
16.8574
22.1808
25.7297
24.3989
18.6319
17.7447
19.5191
25.2861
35.4893
38.151
31.9404
20.85
11.534
14.1957
21.2936
22.6244
21.2936
16.4138
15.083
19.0755
24.3989
29.7223
30.1659
27.0606
27.0606
29.2787
31.0531
30.1659
27.5042
28.8351
34.6021
38.5946
39.0382
31.4968
20.4064
13.3085
14.1957
18.6319
19.9627
12.4213
0
-7.09786
-3.99255
9.75956
24.8425
34.1585
37.2638
35.9329
40.3691
52.7903
66.9861
73.6403
72.7531
64.3244
54.1212
43.918
33.7148
29.7223
30.6095
35.9329
42.5872
43.4744
40.8127
39.4819
44.3616
55.452
65.2116
70.0914
72.3095
70.535
66.9861
66.0988
65.6552
64.3244
60.3318
55.452
53.234
55.8957
62.1063
68.3169
70.0914
67.4297
63.8808
63.8808
64.768
60.3318
52.3467
45.2489
36.8202
29.2787
22.1808
17.301
12.4213
9.75956
6.65425
-0.443616
-10.2032
-19.9627
-24.8425
-23.5117
-22.6244
-30.1659
-43.918
-62.1063
-80.2946
-93.6031
-102.475
-108.242
-116.671
-128.205
-143.288
-161.033
-177.447
-193.417
-212.049
-231.568
-252.861
-268.832
-277.26
-284.802
-293.23
-302.103
-301.659
-290.569
-273.268
-251.53
-226.688
-199.184
-167.687
-133.529
-97.152
-64.3244
-37.2638
-17.7447
0.887233
19.5191
31.4968
39.9255
42.1436
37.2638
27.5042
15.083
1.33085
-15.083
-32.8276
-45.2489
-54.1212
-61.2191
-66.0988
-71.8659
-77.1892
-81.1818
-81.1818
-70.535
-54.1212
-38.151
-20.85
1.33085
29.2787
58.5574
86.0616
112.235
138.408
167.687
200.515
231.568
257.297
282.584
307.87
334.043
358.442
374.856
389.939
402.804
409.014
410.345
405.465
393.931
381.954
365.096
342.915
316.298
285.689
256.41
230.237
202.733
173.454
142.401
110.46
78.5201
46.1361
15.5266
-13.3085
-38.151
-59.001
-74.5275
-87.3924
-97.152
-102.475
-104.25
-98.9264
-90.9414
-82.069
-68.7605
-52.3467
-35.0457
-19.5191
-9.75956
-0.887233
8.42871
14.6393
15.9702
10.6468
1.33085
-9.75956
-25.7297
-47.0233
-72.7531
-101.145
-129.092
-156.153
-186.319
-219.59
-251.53
-279.478
-300.328
-315.855
-328.72
-342.472
-350.901
-348.239
-335.818
-318.517
-305.208
-289.238
-265.283
-235.56
-204.951
-177.447
-153.935
-132.641
-110.904
-89.1669
-70.0914
-56.7829
-51.0159
-46.1361
-43.4744
-43.4744
-43.918
-43.918
-44.8053
-44.8053
-48.3542
-50.5723
-47.9106
-44.8053
-41.6999
-40.3691
-36.8202
-26.617
-11.9776
2.21808
14.1957
25.7297
37.7074
53.6776
71.4222
82.5126
86.9488
91.8286
99.8137
111.791
120.664
125.987
127.318
126.431
129.536
132.641
133.972
131.754
129.092
129.536
131.754
133.529
133.085
131.754
130.867
127.318
129.536
135.747
141.514
144.175
144.175
144.175
144.175
144.619
145.063
142.401
135.303
126.431
121.107
116.227
108.242
97.152
87.836
82.5126
78.0765
73.1967
66.0988
59.001
54.5648
55.8957
58.1137
61.2191
62.9935
60.3318
57.6701
55.8957
55.8957
56.7829
59.001
64.768
68.7605
66.9861
60.3318
50.5723
42.5872
32.8276
24.3989
16.8574
3.54893
-12.4213
-29.2787
-43.918
-57.2265
-69.2042
-78.0765
-86.5052
-96.7084
-108.242
-119.776
-128.649
-133.529
-133.529
-128.205
-121.107
-116.671
-113.122
-112.235
-110.904
-105.581
-94.9339
-82.9563
-74.5275
-69.6478
-67.8733
-70.535
-78.9637
-89.6105
-98.0392
-104.25
-108.686
-113.566
-122.882
-132.198
-142.401
-149.942
-154.822
-157.04
-157.04
-156.153
-153.048
-151.273
-148.611
-144.619
-138.408
-129.98
-122.882
-112.235
-97.5956
-79.4073
-61.2191
-47.467
-34.6021
-22.6244
-11.534
-2.21808
6.21063
14.1957
20.85
25.2861
25.7297
24.3989
27.0606
35.4893
47.467
56.7829
60.7754
61.6627
62.1063
60.3318
60.3318
65.2116
69.6478
72.3095
73.1967
73.1967
67.4297
61.6627
62.1063
65.2116
70.0914
73.6403
77.6329
81.6254
79.4073
76.7456
75.4148
81.6254
97.152
113.566
128.649
142.844
154.378
163.251
171.236
179.221
187.65
194.748
201.845
205.838
204.064
195.635
183.657
171.236
157.04
142.844
125.543
108.686
91.8286
73.6403
54.1212
32.384
11.0904
-7.54148
-22.6244
-33.2712
-39.4819
-42.1436
-43.918
-49.685
-54.5648
-55.452
-53.6776
-51.9031
-50.1286
-47.467
-42.5872
-38.151
-35.4893
-31.9404
-28.3914
-25.2861
-19.0755
-12.8649
-9.31594
-11.9776
-16.8574
-18.1883
-15.083
-16.4138
-20.4064
-26.617
-35.9329
-47.467
-62.9935
-80.2946
-98.4828
-114.897
-129.536
-139.296
-146.837
-153.048
-157.484
-159.258
-157.04
-152.604
-148.611
-144.619
-142.844
-141.07
-135.747
-130.867
-127.318
-121.994
-118.889
-113.122
-105.137
-97.5956
-91.385
-88.2797
-87.3924
-84.7307
-78.9637
-72.3095
-62.5499
-52.7903
-41.2563
-32.384
-28.8351
-29.7223
-35.4893
-41.2563
-45.6925
-47.9106
-47.0233
-45.6925
-44.3616
-41.2563
-36.3765
-35.0457
-35.4893
-35.9329
-34.1585
-24.8425
-9.75956
6.65425
23.9553
36.3765
47.0233
59.8882
74.5275
90.9414
105.581
117.115
130.423
144.175
155.709
165.025
172.567
179.665
188.537
196.966
203.62
205.394
203.62
202.289
200.071
195.635
188.537
177.003
165.469
156.597
148.611
142.401
133.529
121.994
109.573
96.7084
83.8435
72.7531
62.1063
52.7903
45.2489
39.4819
35.4893
31.0531
24.8425
17.301
13.3085
12.4213
14.6393
17.301
20.4064
21.7372
21.2936
21.7372
22.6244
24.8425
27.5042
29.2787
30.1659
25.7297
17.301
4.87978
-10.6468
-27.9478
-45.2489
-59.001
-68.3169
-80.7382
-94.4903
-111.348
-126.431
-139.739
-152.604
-162.364
-166.356
-167.687
-166.356
-164.138
-160.146
-155.709
-150.386
-144.619
-135.747
-121.551
-106.468
-91.385
-76.7456
-63.4371
-50.1286
-37.7074
-27.5042
-19.9627
-13.7521
-8.42871
-3.10531
0.443616
1.33085
-2.6617
-7.54148
-15.5266
-26.1734
-37.7074
-50.5723
-59.4446
-69.6478
-80.2946
-90.4977
-100.701
-108.242
-116.671
-122.438
-124.213
-121.107
-115.34
-105.581
-95.3775
-84.2871
-70.535
-55.8957
-39.4819
-20.85
-1.33085
14.1957
30.1659
44.3616
58.1137
72.7531
84.2871
94.4903
103.806
111.791
117.558
118.002
115.784
113.122
109.573
106.912
105.137
101.145
94.4903
88.2797
82.069
75.4148
69.6478
62.1063
53.6776
47.0233
41.2563
36.3765
31.4968
24.8425
21.2936
19.9627
19.5191
21.7372
22.6244
25.2861
30.1659
35.0457
38.5946
43.4744
46.5797
48.3542
51.0159
52.3467
52.3467
53.234
51.9031
50.1286
47.9106
43.918
39.9255
37.2638
34.6021
31.0531
27.5042
22.1808
19.0755
11.9776
4.87978
-2.21808
-11.534
-19.5191
-27.0606
-36.3765
-43.4744
-48.3542
-52.3467
-52.3467
-51.0159
-48.3542
-43.0308
-32.8276
-18.6319
-4.87978
10.2032
23.0681
35.0457
45.6925
53.6776
63.4371
71.8659
78.5201
82.5126
81.1818
79.8509
78.5201
78.9637
76.302
66.9861
55.0084
40.8127
28.8351
17.301
3.54893
-12.4213
-27.0606
-42.1436
-60.7754
-81.1818
-100.257
-117.115
-133.529
-147.281
-159.258
-167.687
-170.349
-171.68
-171.236
-169.018
-168.131
-163.694
-156.153
-146.393
-135.747
-122.882
-106.912
-90.9414
-74.0839
-59.001
-45.2489
-31.0531
-19.0755
-8.42871
-0.443616
5.3234
6.21063
7.54148
11.0904
13.3085
11.534
6.65425
-2.21808
-11.9776
-19.9627
-25.2861
-27.0606
-27.5042
-30.6095
-33.2712
-33.2712
-30.1659
-28.3914
-26.617
-23.9553
-23.0681
-20.4064
-13.3085
-4.87978
1.77447
5.76701
8.42871
14.1957
23.5117
31.4968
37.7074
42.5872
49.685
57.6701
70.535
80.2946
87.3924
94.4903
101.145
106.468
110.017
111.791
110.46
108.686
109.13
110.017
110.904
110.46
110.46
110.46
110.904
111.791
113.566
116.227
118.446
126.431
137.077
147.281
156.153
162.807
165.913
169.018
175.228
180.995
182.77
182.326
178.334
173.454
168.574
162.364
153.491
139.296
122.882
105.581
85.1743
64.768
42.1436
17.7447
-6.21063
-28.3914
-48.7978
-71.8659
-95.8211
-117.558
-137.077
-154.822
-170.349
-181.883
-192.53
-202.733
-209.831
-212.492
-215.154
-213.823
-210.718
-208.943
-201.402
-192.53
-184.988
-175.228
-166.8
-159.258
-151.717
-143.288
-134.859
-127.762
-121.551
-116.227
-109.13
-102.919
-98.0392
-94.4903
-91.8286
-90.0541
-88.2797
-85.1743
-82.5126
-77.1892
-72.3095
-69.6478
-64.768
-56.7829
-51.4595
-48.7978
-44.8053
-38.151
-33.2712
-27.0606
-20.85
-14.1957
-9.75956
-6.21063
0
6.65425
13.3085
19.5191
24.3989
26.617
28.8351
29.7223
29.2787
31.4968
32.384
31.9404
29.2787
27.0606
25.7297
24.8425
24.8425
24.8425
24.3989
23.5117
24.3989
25.7297
29.2787
35.0457
41.6999
52.3467
60.7754
69.2042
76.302
81.6254
91.8286
102.032
109.573
118.889
125.543
128.649
132.198
134.859
135.303
134.416
130.867
129.98
128.205
123.769
122.438
119.333
115.784
114.453
112.679
110.904
106.468
102.919
101.145
95.8211
92.2722
89.6105
82.9563
76.302
68.7605
56.7829
45.6925
35.9329
25.7297
14.1957
0.443616
-13.7521
-25.7297
-36.8202
-45.2489
-52.3467
-60.7754
-68.7605
-74.9712
-79.4073
-83.8435
-85.1743
-86.0616
-86.5052
-86.5052
-86.5052
-85.618
-86.0616
-84.2871
-81.6254
-81.1818
-79.4073
-76.7456
-76.7456
-74.0839
-70.535
-68.3169
-63.8808
-59.8882
-55.0084
-50.5723
-47.9106
-43.0308
-36.8202
-31.9404
-24.3989
-19.0755
-15.9702
-10.6468
-6.21063
-3.54893
-0.887233
-0.443616
0.887233
2.6617
4.43616
6.21063
4.87978
0.443616
-1.33085
-2.6617
-3.54893
-3.54893
-4.43616
-5.76701
-6.21063
-4.87978
-3.54893
-4.43616
-6.65425
-7.54148
-10.2032
-11.0904
-9.31594
-9.31594
-9.75956
-11.534
-14.6393
-15.5266
-17.301
-20.4064
-23.0681
-29.2787
-34.1585
-37.2638
-40.3691
-42.1436
-43.4744
-46.5797
-47.0233
-45.6925
-44.3616
-41.6999
-41.2563
-39.4819
-35.0457
-28.3914
-20.4064
-13.7521
-7.98509
-2.6617
3.10531
9.31594
15.9702
19.9627
22.1808
23.9553
25.2861
29.2787
31.9404
31.4968
29.2787
27.9478
26.1734
25.7297
25.2861
24.3989
23.0681
23.0681
23.9553
27.5042
30.6095
31.9404
33.7148
35.0457
37.7074
42.5872
46.5797
48.7978
51.4595
54.5648
59.001
62.9935
66.5425
68.3169
68.3169
70.0914
73.1967
75.4148
76.7456
76.7456
77.1892
79.8509
81.1818
82.5126
81.6254
79.4073
76.7456
73.1967
70.9786
67.8733
62.5499
56.3393
50.1286
42.1436
35.9329
27.0606
17.7447
11.534
5.76701
0.887233
-2.6617
-6.21063
-8.87233
-11.0904
-15.9702
-20.4064
-21.2936
-23.0681
-26.1734
-27.9478
-28.8351
-28.3914
-28.3914
-29.2787
-28.3914
-27.9478
-27.0606
-27.5042
-27.5042
-27.9478
-30.1659
-34.6021
-39.0382
-43.0308
-45.6925
-51.0159
-58.1137
-65.2116
-72.7531
-81.6254
-92.2722
-102.475
-110.904
-119.333
-127.318
-134.859
-141.07
-146.837
-151.717
-157.484
-159.258
-158.371
-157.04
-155.266
-154.378
-151.717
-149.499
-146.837
-143.732
-139.296
-133.085
-125.987
-116.671
-104.693
-91.8286
-78.0765
-64.768
-49.2414
-33.2712
-20.4064
-8.87233
0
9.75956
19.5191
28.3914
35.0457
43.0308
48.7978
55.0084
62.9935
70.0914
78.0765
84.2871
89.6105
94.4903
97.5956
99.8137
101.145
99.8137
99.8137
100.701
99.8137
100.701
100.701
101.145
103.806
104.693
107.799
112.235
114.897
119.776
122.438
123.325
126.874
130.423
134.416
141.07
145.063
149.055
152.16
151.717
151.273
149.499
145.063
139.739
133.085
125.543
118.889
110.46
102.919
95.8211
86.9488
80.7382
74.9712
67.4297
59.4446
49.685
39.9255
29.7223
20.85
12.4213
3.54893
-4.43616
-11.0904
-17.301
-21.7372
-25.2861
-27.9478
-31.9404
-35.0457
-40.3691
-45.2489
-50.5723
-55.452
-60.3318
-66.9861
-74.0839
-81.1818
-88.7233
-96.7084
-103.363
-109.13
-114.009
-118.446
-122.882
-125.543
-128.649
-132.641
-136.19
-138.408
-139.296
-137.521
-136.634
-134.859
-131.31
-129.536
-127.762
-125.1
-120.664
-115.784
-113.566
-112.679
-111.791
-112.235
-111.348
-109.573
-105.581
-101.145
-97.5956
-93.1594
-87.836
-82.5126
-76.302
-69.2042
-62.5499
-51.9031
-41.2563
-32.384
-23.9553
-15.5266
-8.42871
-2.21808
2.21808
6.21063
8.87233
10.2032
12.8649
15.5266
21.2936
29.7223
37.7074
45.2489
50.5723
51.4595
51.4595
53.234
55.0084
59.001
63.8808
67.4297
72.3095
77.1892
82.5126
87.836
92.7158
97.5956
102.919
107.355
111.348
114.453
114.453
116.671
119.776
120.664
123.769
121.994
117.558
114.009
108.242
105.581
105.137
104.25
102.919
100.257
97.5956
94.9339
89.6105
85.1743
81.6254
77.1892
75.4148
74.5275
72.3095
69.6478
65.6552
58.5574
51.9031
46.1361
38.151
31.0531
21.2936
12.4213
5.3234
-1.33085
-4.43616
-6.65425
-10.2032
-15.083
-19.0755
-23.5117
-26.617
-31.0531
-35.0457
-36.3765
-40.3691
-42.1436
-42.1436
-47.0233
-53.234
-59.4446
-64.3244
-66.9861
-68.3169
-71.4222
-73.1967
-77.6329
-79.4073
-79.8509
-82.5126
-82.5126
-83.8435
-86.9488
-87.3924
-88.2797
-88.7233
-86.9488
-86.5052
-86.5052
-85.1743
-85.1743
-83.8435
-83.3999
-84.2871
-84.7307
-83.8435
-79.8509
-74.0839
-67.8733
-64.3244
-62.1063
-61.2191
-58.1137
-53.6776
-52.3467
-50.1286
-49.685
-50.5723
-49.2414
-48.7978
-47.9106
-45.2489
-44.3616
-44.3616
-42.5872
-40.3691
-37.7074
-32.8276
-29.7223
-24.3989
-17.301
-9.31594
0.443616
7.09786
11.9776
17.301
22.6244
28.8351
34.1585
39.4819
43.4744
47.467
52.3467
58.5574
62.9935
65.2116
68.7605
72.3095
76.302
82.069
85.618
87.836
88.7233
90.0541
90.9414
92.2722
92.7158
94.4903
94.9339
93.1594
92.2722
90.9414
89.6105
85.618
81.6254
77.6329
70.9786
64.768
58.1137
51.4595
44.8053
36.3765
28.8351
22.1808
14.6393
8.87233
2.6617
-1.33085
-3.54893
-4.43616
-1.77447
1.77447
3.54893
8.42871
15.5266
21.7372
29.7223
36.8202
42.1436
46.1361
47.9106
48.7978
51.9031
49.2414
47.0233
45.2489
39.9255
36.3765
32.384
27.0606
21.7372
14.1957
5.76701
-0.443616
-8.87233
-17.7447
-25.2861
-36.8202
-43.4744
-50.1286
-58.1137
-62.5499
-71.8659
-78.0765
-81.1818
-85.1743
-86.9488
-89.1669
-91.385
-94.0467
-96.2648
-95.8211
-94.0467
-91.385
-89.6105
-88.2797
-87.836
-86.5052
-82.069
-77.6329
-70.9786
-65.2116
-59.001
-51.9031
-46.1361
-39.9255
-32.384
-27.0606
-22.1808
-18.1883
-16.4138
-12.8649
-11.0904
-10.6468
-10.2032
-13.3085
-16.8574
-20.4064
-25.2861
-28.8351
-32.8276
-35.9329
-35.9329
-38.5946
-38.5946
-38.151
-38.151
-36.8202
-35.4893
-32.384
-27.0606
-21.2936
-15.9702
-9.75956
-4.43616
0
7.98509
16.4138
25.7297
34.6021
42.1436
49.2414
54.1212
59.8882
68.3169
73.6403
78.9637
82.9563
86.0616
89.1669
90.0541
87.836
85.1743
81.6254
79.4073
79.8509
78.9637
78.9637
78.5201
76.302
73.1967
70.535
66.9861
65.6552
64.3244
63.4371
63.8808
61.6627
59.4446
55.8957
51.4595
47.0233
43.0308
40.8127
39.9255
40.8127
40.3691
37.2638
32.8276
25.7297
22.1808
18.1883
12.8649
7.54148
-0.443616
-7.54148
-14.1957
-21.7372
-28.8351
-35.0457
-41.2563
-46.1361
-51.9031
-58.1137
-62.9935
-66.9861
-70.0914
-72.3095
-75.4148
-76.302
-75.4148
-76.7456
-76.7456
-75.4148
-76.302
-74.5275
-70.9786
-69.6478
-66.0988
-63.4371
-60.3318
-54.5648
-47.9106
-41.6999
-38.151
-36.3765
-33.7148
-31.0531
-27.0606
-21.2936
-15.9702
-9.31594
-3.54893
1.77447
4.87978
7.98509
11.534
16.8574
22.6244
26.1734
31.0531
33.7148
34.6021
35.9329
35.0457
35.4893
35.9329
35.9329
36.3765
35.9329
35.0457
34.1585
33.7148
33.7148
33.7148
33.2712
31.0531
28.3914
26.617
24.8425
23.5117
22.1808
22.1808
20.85
19.0755
17.301
14.6393
13.7521
13.3085
11.0904
8.42871
5.76701
2.6617
-1.33085
-4.43616
-7.98509
-12.8649
-17.301
-23.0681
-28.3914
-34.6021
-37.7074
-40.3691
-40.8127
-38.5946
-36.8202
-33.2712
-29.7223
-27.9478
-24.8425
-22.6244
-19.9627
-15.9702
-12.8649
-9.31594
-7.98509
-7.98509
-7.98509
-8.42871
-7.98509
-10.6468
-15.083
-17.7447
-21.7372
-24.3989
-25.2861
-27.0606
-29.7223
-33.7148
-38.151
-42.5872
-47.0233
-49.685
-52.7903
-55.452
-56.7829
-55.8957
-53.6776
-51.0159
-46.5797
-42.5872
-36.8202
-27.9478
-19.5191
-10.2032
-1.33085
9.31594
19.9627
30.1659
41.2563
52.7903
61.6627
68.3169
75.8584
84.2871
92.2722
99.8137
103.363
106.468
107.355
107.799
108.242
106.912
104.25
101.145
94.9339
88.2797
84.2871
79.4073
74.5275
68.7605
63.8808
58.5574
54.5648
51.9031
49.685
47.467
45.6925
43.918
43.918
44.8053
47.0233
46.5797
43.4744
40.3691
37.7074
35.4893
32.384
27.5042
23.0681
16.4138
8.42871
0.443616
-9.31594
-16.8574
-24.8425
-34.6021
-45.2489
-55.8957
-66.9861
-76.302
-85.1743
-91.8286
-99.3701
-108.242
-117.115
-123.769
-126.431
-126.431
-128.205
-127.318
-127.762
-126.431
-122.882
-118.002
-111.348
-105.581
-102.032
-97.152
-91.385
-85.1743
-79.8509
-76.302
-72.7531
-69.2042
-64.768
-58.5574
-53.234
-50.1286
-48.3542
-46.5797
-43.918
-40.8127
-39.0382
-37.2638
-37.7074
-38.5946
-37.2638
-36.3765
-33.7148
-32.8276
-31.4968
-27.5042
-23.0681
-15.9702
-9.31594
-3.99255
2.21808
9.31594
16.8574
25.2861
32.384
38.5946
44.3616
50.5723
56.7829
62.5499
67.4297
70.9786
72.7531
77.6329
82.9563
89.6105
96.2648
100.701
104.25
109.573
113.566
118.446
120.22
119.333
118.002
116.671
116.671
114.897
113.122
110.46
108.686
107.799
107.799
106.912
103.363
99.8137
96.7084
95.8211
94.9339
92.7158
90.0541
85.1743
82.5126
79.4073
75.8584
72.7531
66.9861
62.5499
55.8957
50.5723
45.6925
39.9255
34.1585
26.617
19.5191
13.7521
6.65425
-0.887233
-11.0904
-21.7372
-31.9404
-42.1436
-51.4595
-60.7754
-70.9786
-79.4073
-86.9488
-94.9339
-102.032
-109.573
-118.002
-125.1
-129.98
-133.529
-135.303
-139.739
-142.401
-143.288
-144.175
-141.514
-139.739
-138.408
-136.634
-135.303
-129.536
-123.769
-118.889
-114.009
-109.573
-104.25
-98.0392
-92.7158
-88.2797
-86.0616
-83.3999
-80.2946
-76.302
-73.6403
-71.4222
-68.7605
-67.4297
-62.9935
-57.2265
-52.3467
-49.685
-47.467
-46.5797
-42.5872
-38.151
-33.2712
-28.8351
-23.0681
-17.301
-9.75956
0
10.2032
21.7372
32.384
43.918
55.452
66.5425
78.5201
90.0541
99.3701
107.355
115.784
122.882
129.092
132.641
135.747
139.296
141.957
142.844
141.957
138.408
133.972
129.092
124.213
120.22
115.784
110.46
105.137
100.257
96.7084
94.0467
89.6105
84.7307
80.2946
78.0765
73.6403
70.9786
69.6478
66.5425
65.6552
65.2116
65.2116
65.2116
62.5499
59.4446
56.7829
51.9031
47.0233
42.1436
34.6021
27.5042
20.85
12.8649
4.87978
-4.43616
-11.534
-19.0755
-27.9478
-35.9329
-44.3616
-53.6776
-61.6627
-70.0914
-74.9712
-78.9637
-82.9563
-86.5052
-89.6105
-90.9414
-91.8286
-94.0467
-95.3775
-96.7084
-97.5956
-99.8137
-99.3701
-97.152
-94.4903
-90.9414
-86.0616
-82.5126
-78.5201
-75.8584
-74.5275
-71.4222
-69.2042
-66.5425
-62.1063
-56.3393
-51.4595
-47.9106
-43.4744
-38.5946
-34.1585
-29.2787
-24.3989
-21.7372
-19.5191
-19.0755
-17.301
-11.9776
-7.98509
-3.54893
0.887233
3.99255
7.54148
12.8649
18.1883
22.6244
26.617
28.8351
29.7223
30.1659
29.7223
28.3914
26.1734
25.2861
26.1734
28.8351
31.9404
34.1585
36.3765
37.2638
38.5946
39.4819
39.4819
37.7074
33.2712
28.3914
22.6244
16.4138
10.2032
3.54893
-2.6617
-7.09786
-10.6468
-13.7521
-16.8574
-18.1883
-18.1883
-16.8574
-14.6393
-13.3085
-13.3085
-14.6393
-16.8574
-16.4138
-15.5266
-15.083
-15.083
-14.1957
-12.4213
-9.75956
-4.87978
0.887233
7.54148
12.8649
18.1883
24.8425
29.2787
32.8276
35.0457
36.8202
39.0382
40.8127
41.6999
41.6999
38.5946
37.2638
35.0457
33.2712
31.9404
29.7223
27.0606
23.9553
21.7372
19.9627
18.1883
14.6393
11.0904
7.09786
2.21808
-1.77447
-4.87978
-8.42871
-11.9776
-14.6393
-15.083
-13.7521
-12.4213
-10.2032
-6.65425
-5.3234
-2.21808
2.21808
5.76701
7.98509
9.31594
10.6468
13.7521
15.9702
17.7447
18.6319
19.0755
19.0755
19.0755
16.8574
12.8649
12.4213
10.6468
8.42871
7.09786
4.43616
2.21808
-1.33085
-5.76701
-9.31594
-11.9776
-15.9702
-19.9627
-23.0681
-24.3989
-25.2861
-24.3989
-23.9553
-26.1734
-27.5042
-26.617
-27.9478
-27.5042
-27.0606
-27.9478
-26.617
-26.1734
-24.8425
-22.1808
-19.9627
-17.7447
-15.9702
-15.083
-15.5266
-16.8574
-18.6319
-21.2936
-24.3989
-27.0606
-30.6095
-31.4968
-34.1585
-37.2638
-38.151
-38.5946
-41.2563
-41.2563
-42.5872
-44.3616
-44.8053
-43.4744
-43.918
-43.0308
-37.7074
-33.7148
-30.1659
-27.5042
-24.3989
-20.4064
-15.9702
-11.534
-8.87233
-4.43616
-0.443616
7.09786
13.7521
17.301
23.5117
28.3914
30.6095
31.9404
31.9404
31.0531
31.0531
31.0531
31.4968
32.384
31.9404
34.1585
35.9329
35.0457
36.8202
39.0382
39.0382
37.7074
37.7074
38.5946
39.9255
41.2563
42.5872
42.5872
43.918
46.5797
50.1286
53.234
56.7829
61.6627
65.6552
65.6552
66.5425
66.5425
64.3244
63.8808
62.5499
59.8882
58.1137
57.6701
55.0084
51.4595
47.467
45.2489
43.4744
41.6999
42.5872
41.6999
38.151
33.7148
30.6095
26.1734
20.4064
15.5266
11.534
5.76701
0.887233
-1.33085
-4.87978
-7.54148
-11.0904
-13.7521
-14.1957
-15.083
-15.5266
-17.301
-21.7372
-26.617
-30.6095
-35.9329
-41.6999
-47.467
-54.1212
-59.8882
-62.9935
-63.4371
-62.5499
-63.4371
-64.768
-65.6552
-66.0988
-66.9861
-66.9861
-68.3169
-71.4222
-76.302
-78.9637
-79.8509
-82.5126
-84.2871
-85.618
-89.1669
-89.6105
-89.6105
-86.9488
-83.3999
-80.2946
-77.6329
-74.5275
-70.535
-66.0988
-61.6627
-59.4446
-55.8957
-53.6776
-49.685
-43.0308
-35.9329
-32.384
-28.8351
-23.0681
-16.8574
-8.42871
-1.33085
5.3234
11.534
15.083
20.4064
26.617
29.7223
32.384
35.0457
36.8202
39.9255
43.4744
46.5797
48.7978
49.685
49.685
51.9031
56.3393
62.1063
67.4297
71.8659
74.9712
77.6329
80.2946
82.069
82.9563
83.3999
81.6254
78.0765
78.0765
78.0765
76.302
76.302
74.0839
73.6403
74.9712
75.4148
76.302
76.302
74.5275
74.5275
73.6403
71.4222
67.8733
62.5499
55.8957
