SAMPLES: 9055
BITSPERSAMPLE:	16
CHANNELS:	1
SAMPLERATE:	16000
NORMALIZED:	FALSE
324.984
-114.933
-233.83
-263.158
-395.529
-185.479
227.489
279.803
208.465
296.449
-27.7425
-448.637
-314.68
-137.92
-98.2879
191.027
439.125
209.258
48.3513
28.5352
-329.74
-390.774
-60.241
97.4952
249.683
358.275
233.037
-1.58529
-199.746
-286.145
-253.646
-74.5086
187.064
319.436
227.489
104.629
61.8263
-185.479
-386.81
-133.164
87.1909
137.92
235.415
225.904
92.7394
-84.0203
-218.77
-290.108
-168.041
139.505
207.673
107.8
146.639
84.8129
-214.807
-345.593
-140.298
33.2911
63.4115
181.516
222.733
60.241
-87.1909
-270.292
-323.399
-53.8998
133.957
68.1674
186.271
233.037
-72.1306
-248.89
-254.439
-204.502
-34.8763
111.763
161.699
297.242
248.89
-189.442
-353.519
-190.235
-129.201
-10.3044
181.516
255.231
179.138
15.0602
-181.516
-282.181
-122.86
39.6322
96.7026
201.332
191.027
77.6791
-75.3012
-118.897
-110.178
-94.3247
139.505
241.756
103.836
102.251
86.3982
-126.823
-152.98
8.71909
60.241
86.3982
187.857
164.077
22.9867
11.8897
-11.097
-47.5587
11.097
142.676
214.807
56.2777
-9.51173
57.0704
-38.0469
-126.03
0.792644
104.629
15.8529
76.0938
160.907
-67.3748
-136.335
-5.54851
-80.8497
-96.7026
91.9467
117.311
4.75587
106.214
68.1674
-149.017
-133.164
-64.2042
-84.8129
-24.572
114.933
29.3278
-87.9835
-64.9968
-175.174
-245.72
-145.054
-19.0235
42.0101
45.9734
17.4382
-133.164
-195.783
-140.298
-218.77
-157.736
80.8497
93.532
-14.2676
-44.3881
-162.492
-266.328
-199.746
-104.629
23.7793
175.967
82.435
-49.9366
-43.5954
-162.492
-215.599
0.792644
150.602
206.088
271.877
118.104
-40.4249
-5.54851
-57.863
-130.786
66.5821
236.208
169.626
117.311
79.2644
-12.6823
-96.7026
-110.178
-56.2777
84.8129
185.479
126.03
103.836
145.847
33.2911
-110.178
-47.5587
12.6823
-22.194
101.458
195.783
76.8865
79.2644
35.669
-203.71
-158.529
73.7159
38.8396
21.4014
206.88
134.75
-76.8865
-110.97
-126.823
-114.141
-23.7793
87.1909
185.479
151.395
28.5352
-57.0704
-156.151
-164.87
4.75587
77.6791
33.2911
122.86
104.629
-166.455
-177.552
-8.71909
-62.6189
-41.2175
168.833
188.649
32.4984
2.37793
-65.7895
-169.626
-49.9366
53.8998
14.2676
52.3145
106.214
-18.2308
-80.0571
-2.37793
-52.3145
-58.6557
55.4851
28.5352
-53.8998
14.2676
33.2911
-87.9835
-72.1306
-14.2676
-78.4718
-61.0336
44.3881
47.5587
-19.0235
15.0602
-3.96322
-114.141
-57.0704
10.3044
-61.0336
-38.0469
60.241
13.475
-22.194
-28.5352
-95.1173
-72.1306
28.5352
-14.2676
-45.1807
105.422
53.1072
-114.933
-80.0571
-30.9131
-66.5821
18.2308
111.763
91.1541
80.0571
-3.17058
-121.275
-127.616
11.097
76.0938
62.6189
137.92
91.1541
-35.669
-76.0938
-97.4952
-57.0704
61.0336
102.251
72.9233
83.2276
36.4616
-68.9601
-57.863
6.34115
18.2308
52.3145
95.91
38.0469
-38.8396
-49.1439
-78.4718
-67.3748
38.8396
95.91
50.7292
16.6455
-21.4014
-105.422
-72.9233
4.75587
11.097
80.8497
123.653
19.8161
-74.5086
-86.3982
-76.8865
-39.6322
28.5352
120.482
110.97
22.9867
14.2676
-30.1205
-110.178
-39.6322
45.9734
19.0235
90.3614
112.555
-62.6189
-83.2276
-5.54851
-32.4984
-16.6455
76.8865
87.1909
17.4382
0.792644
-35.669
-56.2777
14.2676
68.1674
45.9734
34.0837
46.766
-23.7793
-105.422
-50.7292
-3.96322
-14.2676
77.6791
106.214
-6.34115
-51.5219
-54.6925
-108.592
-75.3012
31.7058
72.1306
45.9734
0
-42.0101
-80.8497
-98.2879
-45.1807
14.2676
30.1205
47.5587
26.9499
-53.8998
-66.5821
-47.5587
-54.6925
-25.3646
48.3513
68.1674
6.34115
-18.2308
-30.9131
-38.0469
-31.7058
4.75587
33.2911
56.2777
43.5954
-49.1439
-63.4115
-45.1807
-57.0704
-65.7895
-4.75587
19.0235
-55.4851
-70.5453
-96.7026
-111.763
-96.7026
-59.4483
-30.9131
-19.0235
-11.8897
-62.6189
-64.9968
-64.9968
-7.92644
34.0837
44.3881
95.91
77.6791
42.0101
42.0101
100.666
139.505
194.198
230.659
237.793
260.78
210.051
224.318
277.425
313.887
370.958
381.262
363.031
342.422
317.058
279.011
282.974
308.339
317.058
343.215
301.997
181.516
112.555
88.7762
26.1573
23.7793
76.0938
33.2911
-41.2175
-113.348
-210.843
-253.646
-248.89
-239.379
-223.526
-211.636
-265.536
-338.459
-395.529
-420.101
-403.456
-389.188
-365.409
-361.446
-368.58
-399.493
-435.954
-447.844
-425.65
-412.175
-402.663
-359.86
-347.178
-366.994
-398.7
-396.322
-400.285
-409.004
-394.737
-386.018
-382.847
-403.456
-409.797
-414.553
-433.576
-454.978
-411.382
-397.907
-393.152
-350.349
-345.593
-344.008
-343.215
-291.693
-292.486
-248.098
-112.555
-13.475
8.71909
102.251
284.559
302.79
294.864
319.436
481.135
671.37
736.367
892.517
1060.56
1062.14
895.688
825.143
913.919
1037.57
1165.19
1263.47
1302.31
1230.18
1040.74
841.788
824.35
883.006
918.675
917.089
848.129
758.561
539.791
293.278
195.783
211.636
194.198
144.261
150.602
88.7762
-95.91
-313.094
-368.58
-324.192
-324.984
-275.048
-198.161
-213.221
-298.827
-330.533
-317.058
-298.827
-320.228
-328.947
-207.673
-138.713
-143.469
-104.629
-110.97
-200.539
-292.486
-321.814
-297.242
-205.295
-123.653
-148.224
-231.452
-321.021
-459.734
-598.446
-538.205
-423.272
-451.015
-542.961
-622.226
-718.136
-845.751
-886.176
-814.838
-757.768
-805.327
-844.166
-858.434
-906.785
-941.661
-946.417
-868.738
-802.949
-764.902
-697.527
-669.784
-680.089
-673.748
-664.236
-578.63
-412.968
-256.024
-151.395
-133.957
-175.174
-233.037
-220.355
-135.542
11.097
151.395
200.539
200.539
127.616
28.5352
-30.9131
27.7425
206.88
343.215
600.824
891.725
838.618
505.707
313.887
554.058
798.193
964.648
1289.63
1545.66
1442.61
1076.41
879.042
1001.11
1292.01
1537.73
1731.93
1812.78
1720.83
1414.87
1105.74
1181.83
1412.49
1449.75
1311.83
1211.95
1080.37
705.453
371.75
352.727
435.954
366.202
220.355
142.676
14.2676
-292.486
-535.828
-538.998
-459.734
-405.041
-394.737
-470.038
-581.008
-684.052
-748.256
-648.383
-474.001
-346.386
-447.051
-612.714
-630.152
-613.507
-561.192
-437.54
-299.62
-366.202
-548.51
-722.892
-768.865
-688.015
-588.142
-465.282
-437.54
-501.744
-695.149
-892.517
-928.979
-915.504
-865.568
-810.082
-783.133
-848.129
-979.708
-1091.47
-1112.08
-1066.11
-990.013
-884.591
-841.788
-866.36
-933.735
-974.16
-957.514
-838.618
-680.881
-582.594
-513.633
-482.72
-523.145
-542.961
-400.285
-250.476
-186.271
-85.6056
22.194
100.666
45.9734
-23.7793
34.8763
122.067
211.636
218.77
256.024
263.951
256.024
311.509
401.078
744.293
1006.66
954.344
691.978
565.155
833.862
1065.31
1272.19
1587.67
1843.69
1664.55
1228.6
1058.18
1218.29
1526.63
1765.22
1988.74
2008.56
1782.66
1378.41
1112.08
1243.66
1438.65
1486.21
1373.65
1246.04
986.049
555.644
280.596
340.044
449.429
325.777
185.479
64.9968
-159.321
-493.025
-659.48
-565.948
-464.49
-422.479
-451.807
-558.022
-737.952
-889.347
-932.15
-804.534
-549.302
-372.543
-421.687
-623.018
-808.497
-857.641
-761.731
-597.654
-420.894
-366.994
-482.72
-683.259
-850.507
-813.253
-652.346
-527.901
-462.904
-507.292
-637.286
-820.387
-920.26
-869.531
-788.681
-767.28
-798.985
-860.019
-907.578
-940.869
-961.477
-930.564
-857.641
-789.474
-775.206
-808.497
-831.484
-847.337
-855.263
-742.708
-582.594
-499.366
-454.185
-447.051
-493.817
-527.108
-434.369
-263.951
-132.372
-73.7159
-85.6056
-124.445
-137.92
-92.7394
-38.0469
38.0469
88.7762
122.86
72.1306
6.34115
151.395
260.78
473.209
773.621
801.363
510.463
235.415
496.988
928.186
1138.24
1329.26
1601.93
1588.46
1200.86
982.086
1211.16
1615.41
1838.14
1972.89
2022.04
1927.71
1648.7
1377.62
1517.12
1829.42
1896.8
1633.64
1383.96
1233.35
909.163
586.557
638.871
882.213
794.23
475.587
259.987
80.0571
-211.636
-392.359
-270.292
-103.836
-108.592
-336.081
-596.068
-756.183
-837.032
-789.474
-650.761
-382.847
-295.656
-587.349
-925.808
-1043.12
-938.491
-828.313
-669.784
-509.67
-543.754
-799.778
-1074.03
-1164.39
-1057.39
-848.129
-711.002
-691.186
-816.424
-1017.76
-1217.5
-1256.34
-1083.54
-898.859
-812.46
-917.882
-1093.06
-1243.66
-1315.79
-1218.29
-1024.1
-843.373
-777.584
-849.715
-978.123
-1016.96
-951.173
-782.34
-591.313
-437.54
-374.128
-427.235
-470.831
-458.148
-373.335
-214.807
-59.4483
44.3881
68.9601
34.8763
-46.766
-152.98
-107.007
14.2676
149.017
220.355
202.124
196.576
190.235
218.77
263.951
582.594
940.869
975.745
656.309
482.72
884.591
1156.47
1277.74
1521.08
1819.12
1742.23
1285.67
1158.85
1481.45
1833.39
1912.65
2004.6
2032.34
1903.14
1578.95
1356.21
1578.15
1792.17
1675.65
1364.14
1257.13
1144.58
775.999
526.316
637.286
722.892
447.051
181.516
91.1541
-42.0101
-324.984
-444.673
-356.69
-319.436
-374.128
-494.61
-598.446
-718.928
-778.377
-722.892
-594.483
-481.135
-512.841
-695.149
-815.631
-829.106
-814.838
-713.38
-594.483
-570.704
-726.062
-902.029
-950.38
-898.859
-807.705
-707.831
-693.564
-805.327
-922.638
-1003.49
-1004.28
-1005.07
-969.404
-938.491
-988.427
-1023.3
-1075.62
-1089.09
-1079.58
-1078.79
-1061.35
-1003.49
-970.989
-952.758
-932.15
-946.417
-908.37
-823.557
-729.233
-668.199
-578.63
-547.717
-631.737
-629.36
-553.266
-439.125
-338.459
-271.084
-220.355
-301.997
-378.884
-368.58
-323.399
-211.636
-141.883
-76.8865
29.3278
126.823
163.285
94.3247
412.175
837.825
873.494
555.644
554.851
1078.79
1217.5
1154.88
1395.85
1859.54
1815.95
1433.89
1417.25
1785.83
2022.83
2029.17
2215.44
2384.27
2326.41
1944.36
1746.2
1983.2
2157.58
2002.22
1725.59
1686.75
1556.75
1148.54
895.688
1028.85
1051.84
695.942
395.529
290.9
179.138
-94.3247
-203.71
-135.542
-159.321
-366.994
-580.216
-588.935
-575.46
-639.664
-696.734
-668.992
-596.861
-540.583
-619.055
-768.072
-872.701
-817.216
-728.44
-739.537
-699.112
-699.112
-824.35
-974.16
-990.805
-849.715
-731.611
-738.744
-792.644
-886.176
-1013.79
-1062.94
-1047.88
-938.491
-895.688
-990.805
-1165.98
-1293.6
-1254.76
-1215.12
-1186.59
-1151.71
-1154.09
-1227.01
-1290.42
-1270.61
-1177.08
-1113.67
-1081.17
-1046.29
-993.976
-951.173
-974.952
-938.491
-865.568
-756.975
-718.136
-754.597
-746.671
-761.731
-714.965
-693.564
-648.383
-547.717
-546.132
-520.767
-407.419
-262.365
-172.004
-188.649
32.4984
547.717
777.584
631.737
405.834
718.928
1196.89
1277.74
1415.66
1772.35
2035.51
1796.92
1571.02
1865.09
2309.77
2444.51
2544.39
2774.25
2836.87
2582.44
2270.13
2400.13
2695.78
2698.16
2409.64
2184.53
2075.94
1752.54
1399.02
1362.56
1503.65
1341.95
909.956
596.068
424.857
190.235
-20.6088
11.8897
40.4249
-96.7026
-405.834
-634.115
-684.845
-718.928
-760.146
-784.718
-651.554
-583.386
-745.878
-1001.9
-1084.34
-974.952
-860.812
-768.072
-694.356
-711.795
-893.31
-1080.37
-1152.5
-981.294
-772.828
-711.795
-747.464
-885.384
-1028.06
-1169.94
-1143.79
-967.819
-858.434
-932.15
-1126.35
-1253.17
-1277.74
-1192.93
-1087.51
-977.33
-1003.49
-1169.94
-1296.77
-1310.24
-1215.12
-1158.05
-1123.18
-1127.93
-1160.43
-1213.54
-1218.29
-1153.3
-1089.89
-1075.62
-1076.41
-994.769
-971.782
-1024.1
-1096.23
-1027.27
-890.932
-853.678
-848.129
-762.524
-605.58
-584.971
-672.955
-564.363
-13.475
435.162
423.272
182.308
240.964
645.212
807.705
969.404
1369.69
1765.22
1684.37
1345.91
1446.58
1925.33
2274.89
2411.22
2613.35
2734.62
2580.06
2282.02
2332.75
2742.55
2951.81
2792.49
2532.5
2418.36
2201.97
1864.3
1774.73
1946.73
1925.33
1576.57
1265.85
1112.87
894.895
586.557
510.463
597.654
540.583
268.706
23.7793
-69.7527
-192.613
-320.228
-279.803
-135.542
-114.141
-294.864
-576.252
-738.744
-781.547
-673.748
-525.523
-485.891
-543.754
-764.902
-1001.9
-1112.87
-1035.19
-873.494
-831.484
-889.347
-965.441
-1119.21
-1285.67
-1333.23
-1291.22
-1216.71
-1251.59
-1338.78
-1435.48
-1529.01
-1532.97
-1520.29
-1460.84
-1402.98
-1411.7
-1476.7
-1518.71
-1479.07
-1425.17
-1356.21
-1260.3
-1215.12
-1227.01
-1271.4
-1285.67
-1214.33
-1137.44
-1081.96
-1067.69
-1086.72
-1159.64
-1170.74
-1132.69
-1009.04
-890.932
-949.588
-997.146
-1000.32
-934.528
-833.069
-792.644
-579.423
-58.6557
164.077
5.54851
-286.145
-95.1173
517.597
719.721
943.247
1384.75
1622.54
1364.14
1075.62
1454.5
2097.34
2358.12
2515.06
2752.06
2770.29
2521.4
2308.18
2630.79
3207.83
3362.4
3088.14
2757.61
2606.21
2367.63
2160.75
2356.53
2616.52
2407.26
1819.91
1442.61
1353.04
1205.61
1081.17
1157.26
1127.14
827.521
369.372
100.666
100.666
64.9968
53.8998
19.8161
-122.067
-278.218
-500.951
-706.246
-870.323
-883.006
-660.273
-609.543
-794.23
-984.464
-1165.98
-1332.44
-1422
-1312.62
-1081.96
-1058.97
-1303.11
-1587.67
-1693.88
-1648.7
-1640.77
-1572.61
-1447.37
-1492.55
-1740.65
-1922.95
-1787.41
-1616.2
-1575.78
-1534.56
-1528.22
-1580.53
-1650.29
-1611.45
-1395.05
-1215.12
-1154.88
-1178.66
-1219.88
-1149.33
-1101.78
-1008.24
-838.618
-766.487
-773.621
-795.022
-792.644
-834.654
-876.665
-795.815
-693.564
-730.025
-741.122
-650.761
-602.41
-671.37
-636.493
-118.897
260.78
161.699
-136.335
-133.957
279.011
421.687
589.727
998.732
1390.3
1334.81
967.026
988.427
1478.28
1869.06
2056.12
2354.15
2545.18
2459.58
2103.68
2135.38
2628.41
2905.83
2814.68
2591.95
2515.85
2329.58
2009.35
2007.77
2266.96
2305.01
2014.9
1635.23
1421.21
1257.93
1046.29
1040.74
1131.9
1095.43
749.841
347.178
275.84
290.108
220.355
206.88
244.927
229.867
17.4382
-345.593
-536.62
-567.533
-443.881
-381.262
-482.72
-596.068
-815.631
-1060.56
-1193.72
-1139.82
-1011.41
-999.524
-1120.8
-1290.42
-1462.43
-1613.03
-1701.81
-1672.48
-1562.3
-1597.97
-1792.96
-1999.05
-2087.03
-2045.02
-1992.71
-1869.85
-1753.33
-1783.45
-1910.27
-1972.89
-1869.06
-1685.95
-1504.44
-1335.61
-1288.84
-1349.08
-1345.91
-1274.57
-1091.47
-898.859
-772.828
-749.049
-791.059
-842.581
-898.066
-694.356
-513.633
-536.62
-598.446
-570.704
-504.914
-572.289
-550.095
-118.897
379.677
402.663
127.616
-154.566
109.385
470.831
618.263
955.929
1357.01
1512.37
1136.65
890.932
1230.98
1734.31
1990.33
2252.69
2545.97
2573.72
2289.95
2071.97
2381.9
2810.72
2939.12
2757.61
2605.42
2496.83
2124.29
1863.51
2022.83
2316.11
2198.8
1769.97
1511.57
1370.48
1137.44
1005.87
1164.39
1295.18
1093.85
660.273
440.71
398.7
351.934
365.409
435.954
509.67
333.703
0
-249.683
-346.386
-325.777
-263.951
-233.83
-281.389
-516.011
-856.056
-1067.69
-1097.02
-983.672
-971.782
-1045.5
-1165.98
-1424.38
-1701.01
-1842.9
-1806.44
-1773.94
-1823.08
-1931.67
-2133.01
-2340.68
-2438.17
-2388.24
-2285.19
-2171.85
-2136.97
-2183.73
-2248.73
-2254.28
-2133.01
-1949.9
-1742.23
-1587.67
-1546.45
-1525.84
-1448.95
-1284.08
-1036.78
-881.42
-798.193
-729.233
-714.965
-756.975
-745.086
-536.62
-311.509
-320.228
-372.543
-365.409
-311.509
-302.79
-297.242
175.174
616.677
577.838
179.93
-6.34115
404.249
615.092
690.393
1094.64
1535.35
1466.39
984.464
894.895
1353.84
1742.23
1926.13
2255.07
2488.9
2363.67
1959.42
1913.44
2402.5
2766.33
2729.07
2503.17
2464.33
2305.8
1946.73
1896.01
2174.22
2316.11
2042.64
1737.48
1613.82
1453.71
1156.47
1055.8
1219.09
1295.97
1097.81
757.768
638.871
573.082
443.088
473.209
631.737
703.868
442.295
59.4483
-156.151
-198.954
-88.7762
5.54851
-38.0469
-206.88
-540.583
-899.651
-1009.04
-871.116
-690.393
-726.062
-921.845
-1179.45
-1486.21
-1649.49
-1670.1
-1599.56
-1595.59
-1748.57
-1965.76
-2162.33
-2218.61
-2175.02
-2177.39
-2151.24
-2121.12
-2201.97
-2270.93
-2326.41
-2243.98
-2128.25
-2006.18
-1810.4
-1738.27
-1708.94
-1731.14
-1643.94
-1393.47
-1192.93
-1030.44
-932.942
-886.969
-964.648
-1020.13
-851.3
-620.64
-475.587
-420.894
-432.784
-517.597
-592.105
-571.497
-106.214
435.954
509.67
178.345
-145.847
114.141
337.666
406.627
788.681
1247.62
1307.07
845.751
603.995
923.431
1340.36
1615.41
1948.32
2198
2135.38
1796.13
1583.7
1948.32
2396.96
2489.7
2324.03
2257.45
2217.82
1932.47
1793.75
1993.5
2232.88
2127.46
1860.34
1777.11
1690.71
1464.01
1303.9
1435.48
1633.64
1558.34
1272.99
1116.84
1021.72
840.203
825.143
1003.49
1188.97
1066.9
638.079
251.268
74.5086
146.639
321.814
373.335
256.817
-61.0336
-514.426
-802.949
-821.179
-685.637
-575.46
-621.433
-854.471
-1276.95
-1567.85
-1643.94
-1630.47
-1608.28
-1648.7
-1758.08
-2024.41
-2291.53
-2379.52
-2332.75
-2256.66
-2212.27
-2213.86
-2217.82
-2316.9
-2421.53
-2354.95
-2190.08
-2016.49
-1888.08
-1808.81
-1753.33
-1730.34
-1661.38
-1471.94
-1245.24
-1054.22
-906.785
-853.678
-890.14
-882.213
-810.082
-684.845
-599.239
-456.563
-380.469
-474.001
-538.998
-458.148
115.726
524.731
517.597
213.221
72.9233
397.115
412.968
557.229
1049.46
1487
1324.51
852.093
795.022
1041.53
1272.99
1593.21
2099.71
2247.15
2033.93
1648.7
1578.95
1944.36
2192.45
2240.81
2168.67
2165.5
1883.32
1464.81
1452.12
1704.98
1800.1
1643.94
1622.54
1543.28
1220.67
890.14
903.614
1155.68
1257.93
1178.66
1074.03
986.842
710.209
480.342
523.938
733.196
900.444
977.33
830.691
310.717
-166.455
-199.746
114.141
263.951
250.476
171.211
-99.8732
-508.878
-808.497
-781.547
-625.396
-493.025
-504.914
-702.283
-967.819
-1252.38
-1511.57
-1521.88
-1263.47
-1233.35
-1481.45
-1684.37
-1785.83
-1993.5
-2097.34
-1873.02
-1717.66
-1759.67
-1897.59
-1970.51
-1976.85
-1942.77
-1850.03
-1678.82
-1445.78
-1402.98
-1452.12
-1349.08
-1200.06
-1135.07
-1067.69
-919.467
-835.447
-879.835
-913.919
-905.2
-911.541
-861.604
-779.169
-726.062
-710.209
-710.209
-715.758
-387.603
80.0571
146.639
-97.4952
-255.231
35.669
141.091
129.994
523.145
995.561
1042.33
719.721
695.149
872.701
993.183
1215.12
1675.65
2014.9
2018.07
1834.18
1678.03
1851.62
2033.13
2072.76
2140.14
2314.52
2232.09
1812.78
1666.14
1786.62
1823.87
1712.9
1748.57
1817.53
1578.95
1198.48
1038.36
1154.88
1223.05
1168.36
1156.47
1148.54
936.113
613.507
546.925
697.527
821.972
791.852
734.781
643.627
305.168
-10.3044
-7.1338
74.5086
13.475
-40.4249
-37.2543
-146.639
-375.713
-634.115
-858.434
-868.738
-780.755
-821.972
-885.384
-932.15
-1168.36
-1486.21
-1576.57
-1544.07
-1536.94
-1586.87
-1588.46
-1675.65
-1887.29
-1925.33
-1826.25
-1761.26
-1782.66
-1757.29
-1725.59
-1724.79
-1695.47
-1659.8
-1560.72
-1380.79
-1245.24
-1163.6
-1066.11
-1048.67
-1128.73
-1166.77
-1037.57
-911.541
-848.129
-805.327
-833.862
-973.367
-1120.01
-1078.79
-956.722
-834.654
-780.755
-735.574
-621.433
-391.566
-285.352
-332.911
-315.472
-125.238
154.566
187.064
294.864
535.828
703.868
739.537
784.718
1001.9
1139.03
1261.89
1485.42
1778.69
1999.05
2089.41
2081.48
2091
2224.95
2247.94
2236.84
2326.41
2384.27
2254.28
2083.07
2049.78
2001.43
1876.19
1785.83
1781.86
1696.26
1538.52
1438.65
1345.91
1246.83
1127.14
1057.39
1035.99
967.819
856.848
742.708
648.383
523.938
442.295
470.038
498.573
418.516
216.392
27.7425
-133.957
-244.134
-231.452
-166.455
-152.98
-310.717
-517.597
-708.624
-913.126
-1033.61
-1013.79
-911.541
-884.591
-978.123
-1142.2
-1307.07
-1468.77
-1593.21
-1578.15
-1469.56
-1439.44
-1515.54
-1615.41
-1716.87
-1790.58
-1758.88
-1599.56
-1449.75
-1395.85
-1419.63
-1467.18
-1438.65
-1348.29
-1253.17
-1114.46
-1009.04
-1009.83
-1057.39
-1092.26
-1107.32
-1120.01
-1082.75
-1041.53
-1072.45
-1145.37
-1236.53
-1341.15
-1381.58
-1334.02
-1226.22
-1133.48
-1131.9
-1214.33
-1074.03
-819.594
-711.002
-626.982
-528.694
-334.496
-296.449
-214.807
78.4718
418.516
719.721
833.069
956.722
1049.46
1173.11
1410.11
1799.3
2233.67
2461.95
2547.56
2525.36
2560.24
2565.79
2593.53
2741.76
2897.91
2951.81
2799.62
2670.42
2511.89
2310.56
2198.8
2213.06
2259.04
2150.44
1975.27
1739.06
1512.37
1310.24
1173.91
1153.3
1117.63
990.805
786.303
617.47
429.613
269.499
206.88
160.907
95.1173
-20.6088
-58.6557
-141.091
-335.289
-525.523
-643.627
-672.162
-728.44
-732.403
-725.269
-772.036
-903.614
-1078
-1183.42
-1250
-1216.71
-1203.23
-1210.37
-1187.38
-1263.47
-1416.46
-1505.23
-1471.15
-1482.24
-1476.7
-1395.85
-1318.96
-1331.64
-1347.5
-1261.89
-1228.6
-1209.58
-1185
-1168.36
-1127.93
-1097.02
-1086.72
-1119.21
-1139.03
-1211.16
-1260.3
-1233.35
-1270.61
-1337.98
-1315
-1326.89
-1426.76
-1487
-1548.83
-1588.46
-1632.05
-1650.29
-1609.86
-1605.1
-1606.69
-1584.5
-1483.83
-1352.25
-1247.62
-1047.88
-802.949
-561.192
-391.566
-273.462
-56.2777
174.382
396.322
697.527
1082.75
1395.85
1568.64
1750.95
1927.71
2069.59
2261.41
2561.03
2852.73
3049.3
3179.3
3210.21
3180.09
3093.69
3018.39
3004.91
3050.1
3068.33
2980.34
2869.37
2654.57
2381.1
2176.6
2037.1
1932.47
1806.44
1641.57
1414.08
1157.26
917.089
715.758
585.764
534.242
460.526
332.911
182.308
34.8763
-85.6056
-184.686
-228.282
-263.158
-336.081
-405.041
-486.684
-584.971
-614.299
-618.263
-645.212
-683.259
-730.025
-796.607
-873.494
-876.665
-879.835
-911.541
-932.942
-990.805
-1061.35
-1097.81
-1104.15
-1096.23
-1097.81
-1108.91
-1126.35
-1166.77
-1182.63
-1212.75
-1276.16
-1289.63
-1326.89
-1422.8
-1517.91
-1573.4
-1612.24
-1673.27
-1719.25
-1775.52
-1864.3
-1932.47
-1993.5
-2075.94
-2075.94
-2032.34
-2067.22
-2099.71
-2054.53
-2041.06
-2015.69
-1899.97
-1829.42
-1746.99
-1616.2
-1521.08
-1422
-1265.85
-1074.03
-876.665
-681.674
-531.864
-381.262
-231.452
-102.251
101.458
389.981
725.269
1052.63
1320.55
1482.24
1543.28
1628.09
1787.41
1995.88
2274.89
2565
2769.5
2847.18
2817.06
2756.02
2698.95
2735.42
2878.88
3043.75
3180.09
3201.49
3107.96
2926.44
2688.65
2516.65
2432.63
2347.02
2261.41
2154.41
1973.68
1735.1
1486.21
1251.59
1028.06
838.618
703.075
611.921
494.61
353.519
207.673
35.669
-125.238
-224.318
-252.854
-263.158
-252.854
-275.048
-346.386
-403.456
-447.844
-453.393
-469.245
-485.891
-493.817
-556.436
-622.226
-664.236
-733.196
-823.557
-888.554
-931.357
-990.013
-1058.18
-1123.97
-1211.95
-1308.66
-1388.71
-1444.2
-1483.83
-1552.79
-1651.87
-1752.54
-1846.86
-1911.07
-1957.83
-2018.07
-2098.13
-2186.11
-2219.4
-2303.42
-2387.44
-2389.82
-2394.58
-2371.59
-2370.01
-2321.66
-2224.16
-2152.82
-2086.24
-2011.73
-1941.98
-1824.67
-1651.08
-1516.33
-1347.5
-1130.31
-889.347
-690.393
-548.51
-378.884
-246.512
-26.1573
235.415
477.172
768.072
996.354
1150.13
1211.95
1269.82
1396.64
1556.75
1705.77
1808.81
1864.3
1960.21
2076.73
2160.75
2335.13
2466.71
2562.62
2534.88
2350.19
2197.21
2120.32
2264.58
2418.36
2496.04
2525.36
2392.2
2176.6
1898.38
1644.74
1550.41
1637.6
1792.17
1918.2
1896.01
1703.39
1461.64
1218.29
1036.78
878.25
808.497
793.437
791.059
772.036
630.152
481.135
289.315
126.03
61.8263
22.194
-14.2676
-103.044
-185.479
-236.208
-268.706
-321.814
-406.627
-500.159
-561.985
-610.336
-650.761
-660.273
-737.952
-811.668
-864.775
-910.748
-933.735
-1021.72
-1092.26
-1202.44
-1348.29
-1475.11
-1611.45
-1656.63
-1693.88
-1752.54
-1825.46
-1958.62
-2116.36
-2290.74
-2418.36
-2467.5
-2490.49
-2491.28
-2470.67
-2486.53
-2501.59
-2536.46
-2563.41
-2528.54
-2487.32
-2359.7
-2213.06
-2078.31
-1918.2
-1775.52
-1594.8
-1406.15
-1196.89
-974.952
-761.731
-511.256
-285.352
-77.6791
118.104
336.081
581.801
818.802
1031.23
1159.64
1309.45
1470.36
1613.03
1749.37
1880.15
1949.11
1953.87
2028.38
2047.4
2042.64
2028.38
1987.16
1918.2
1791.38
1652.66
1456.88
1399.81
1465.6
1544.86
1665.35
1762.84
1800.89
1712.9
1475.9
1246.04
1193.72
1336.4
1536.14
1678.82
1803.27
1805.64
1674.86
1494.93
1292.8
1213.54
1238.11
1386.33
1591.63
1701.01
1701.81
1594.8
1454.5
1253.17
957.514
663.443
460.526
338.459
286.145
233.83
111.763
-60.241
-279.803
-480.342
-660.273
-847.337
-1037.57
-1201.65
-1272.19
-1257.13
-1231.77
-1208.78
-1247.62
-1318.96
-1416.46
-1555.96
-1640.77
-1688.33
-1666.14
-1627.3
-1592.42
-1575.78
-1587.67
-1581.33
-1630.47
-1720.04
-1876.19
-2028.38
-2099.71
-2073.56
-1961.79
-1878.57
-1855.58
-1936.43
-2046.61
-2160.75
-2251.11
-2302.63
-2271.72
-2128.25
-1923.75
-1670.89
-1469.56
-1332.44
-1288.05
-1253.96
-1197.69
-1093.85
-885.384
-651.554
-355.897
-61.8263
202.124
406.627
553.266
682.467
814.838
982.879
1150.92
1331.64
1513.16
1695.47
1869.06
2001.43
2127.46
2119.53
2030.75
1905.52
1714.49
1591.63
1469.56
1441.82
1456.88
1396.64
1265.06
1045.5
810.875
573.082
358.275
297.242
328.155
426.443
577.045
848.922
1211.95
1469.56
1517.12
1361.76
1295.18
1332.44
1512.37
1725.59
1922.16
2193.25
2410.43
2569.75
2470.67
2192.45
1957.04
1862.71
1918.99
1945.94
1894.42
1831.8
1817.53
1709.73
1423.59
918.675
367.787
-107.8
-489.062
-727.647
-939.283
-1081.96
-1118.42
-1140.62
-1272.99
-1574.98
-1967.34
-2263.79
-2432.63
-2534.08
-2555.49
-2512.68
-2353.36
-2150.44
-1994.29
-1961
-2065.63
-2154.41
-2158.37
-2083.86
-2031.55
-1994.29
-1869.06
-1634.43
-1349.08
-1176.28
-1124.76
-1179.45
-1346.7
-1464.01
-1563.89
-1532.18
-1425.97
-1295.97
-1115.25
-1057.39
-1073.24
-1213.54
-1374.45
-1454.5
-1464.01
-1359.38
-1171.53
-928.186
-656.309
-409.004
-253.646
-187.857
-192.613
-142.676
-53.8998
75.3012
243.342
439.918
745.086
1020.13
1246.83
1374.45
1404.57
1426.76
1402.19
1391.09
1446.58
1563.89
1719.25
1849.24
1893.63
1868.26
1751.74
1604.31
1378.41
1167.56
998.732
902.822
881.42
768.865
719.721
600.032
520.767
393.944
225.111
162.492
155.358
336.081
556.436
970.197
1418.04
1818.33
1968.93
1907.1
1938.02
1960.21
2082.28
2083.07
2171.85
2363.67
2550.73
2626.03
2429.45
2156.79
1884.12
1680.41
1437.86
1201.65
974.16
835.447
715.758
512.841
150.602
-339.252
-774.413
-1221.46
-1663.76
-2134.59
-2439.76
-2545.18
-2572.92
-2578.47
-2644.26
-2737
-2830.53
-2893.15
-2966.07
-3013.63
-2999.37
-2823.4
-2543.6
-2235.26
-1926.92
-1651.87
-1385.54
-1222.26
-1123.97
-1060.56
-987.635
-884.591
-775.999
-600.032
-366.994
-111.763
126.823
196.576
126.03
-42.0101
-175.967
-270.292
-402.663
-528.694
-551.68
-443.088
-405.041
-498.573
-662.651
-735.574
-765.694
-810.875
-802.949
-707.831
-499.366
-264.743
-89.5688
0.792644
38.8396
74.5086
128.408
137.127
153.773
233.037
398.7
615.885
756.183
894.895
1062.94
1216.71
1290.42
1294.39
1303.9
1357.8
1405.36
1425.17
1463.22
1459.26
1458.47
1381.58
1235.73
1098.6
932.942
848.129
711.795
583.386
489.854
384.432
338.459
221.148
141.091
91.1541
88.7762
129.201
141.091
207.673
295.656
453.393
836.24
1286.46
1677.24
1754.12
1719.25
1772.35
1750.16
1685.95
1529.01
1646.32
1884.12
1914.24
1695.47
1348.29
1155.68
1007.45
720.514
344.8
7.92644
-194.99
-301.997
-514.426
-748.256
-1041.53
-1332.44
-1636.81
-2110.02
-2524.57
-2803.58
-2848.76
-2844.01
-2877.3
-2746.51
-2480.98
-2187.7
-2035.51
-1972.89
-1859.54
-1710.53
-1549.62
-1362.56
-1126.35
-749.049
-344.8
-19.8161
232.245
428.821
677.711
807.705
759.353
590.52
477.964
493.025
493.817
493.025
474.794
503.329
404.249
197.368
-49.9366
-263.951
-439.918
-699.905
-875.872
-1017.76
-1097.81
-1181.04
-1231.77
-1185
-1167.56
-1147.75
-1095.43
-984.464
-812.46
-643.627
-479.55
-303.583
-190.235
-75.3012
48.3513
184.686
381.262
581.008
804.534
1000.32
1165.19
1333.23
1476.7
1594.01
1639.19
1647.91
1655.04
1645.53
1594.8
1525.05
1476.7
1434.69
1322.13
1167.56
962.27
720.514
463.697
214.014
55.4851
-61.8263
-131.579
-194.99
-298.034
-420.101
-561.192
-665.029
-741.122
-791.059
-805.327
-805.327
-783.925
-743.5
-634.115
-394.737
8.71909
467.66
875.079
1066.11
1223.84
1350.67
1424.38
1425.97
1345.91
1491.76
1641.57
1658.21
1446.58
1159.64
1035.99
856.056
577.838
275.84
46.766
-42.0101
-204.502
-399.493
-551.68
-744.293
-975.745
-1302.31
-1603.52
-1804.85
-1959.42
-2008.56
-2023.62
-1925.33
-1694.67
-1433.1
-1211.16
-1046.29
-840.203
-644.42
-528.694
-461.319
-336.874
-123.653
90.3614
256.817
415.346
604.788
818.802
931.357
879.042
724.477
519.975
295.656
34.0837
-254.439
-514.426
-645.212
-643.627
-642.042
-699.905
-815.631
-840.996
-881.42
-1009.83
-1162.02
-1258.72
-1189.76
-1166.77
-1171.53
-1078
-841.788
-507.292
-263.951
-61.0336
215.599
527.901
802.156
963.855
1104.15
1271.4
1405.36
1506.82
1596.39
1706.56
1816.74
1872.23
1836.56
1769.18
1688.33
1614.62
1528.22
1390.3
1234.94
1029.64
840.996
634.115
392.359
152.188
-103.836
-348.763
-604.788
-837.032
-990.013
-1127.93
-1275.36
-1427.55
-1541.69
-1594.8
-1684.37
-1739.06
-1772.35
-1714.49
-1619.37
-1560.72
-1477.49
-1406.94
-1264.27
-1165.19
-1091.47
-986.842
-907.578
-741.122
-603.995
-283.767
259.195
785.51
1230.98
1421.21
1713.7
1980.82
2078.31
2003.01
1845.28
1966.55
2061.67
1964.97
1674.86
1433.1
1353.84
1185
871.116
586.557
486.684
470.831
340.044
114.933
-12.6823
-125.238
-368.58
-783.925
-1183.42
-1387.92
-1523.46
-1659.8
-1728.76
-1577.36
-1262.68
-981.294
-741.915
-481.928
-194.198
-15.8529
-23.7793
-51.5219
30.1205
164.077
240.171
270.292
406.627
638.871
852.093
950.38
923.431
873.494
752.219
576.252
377.299
207.673
91.1541
-15.8529
-105.422
-185.479
-202.917
-175.174
-137.127
-95.91
-38.8396
-13.475
-58.6557
-155.358
-256.024
-305.168
-286.937
-201.332
-59.4483
109.385
300.412
491.439
665.029
771.243
788.681
733.989
602.41
435.162
244.134
87.9835
-27.7425
-91.9467
-94.3247
-62.6189
-30.9131
-80.8497
-215.599
-393.152
-603.995
-843.373
-1086.72
-1287.25
-1412.49
-1492.55
-1533.77
-1548.03
-1490.17
-1399.02
-1336.4
-1318.96
-1321.34
-1273.78
-1242.87
-1215.92
-1190.55
-1101.78
-961.477
-840.996
-736.367
-596.861
-457.356
-328.947
-249.683
-192.613
-84.0203
-4.75587
99.0805
130.786
176.76
241.756
333.703
511.256
754.597
1125.55
1551.2
1934.84
2205.93
2373.97
2490.49
2511.1
2390.62
2212.27
2051.36
1961
1804.85
1548.83
1307.07
1123.18
963.063
725.269
464.49
287.73
168.041
28.5352
-149.017
-294.864
-358.275
-464.49
-646.798
-817.216
-906.785
-936.906
-977.33
-970.989
-837.032
-577.838
-291.693
-19.8161
241.756
508.085
684.052
737.952
711.795
688.015
687.223
653.139
637.286
680.881
837.032
1013.79
1137.44
1200.06
1187.38
1096.23
908.37
634.908
344.008
40.4249
-263.951
-538.205
-760.146
-899.651
-1000.32
-1027.27
-1045.5
-1047.08
-1032.02
-1028.06
-1049.46
-1157.26
-1289.63
-1404.57
-1463.22
-1467.98
-1424.38
-1299.14
-1120.01
-947.21
-791.852
-663.443
-570.704
-540.583
-581.801
-661.065
-745.086
-836.24
-902.029
-925.016
-893.31
-838.618
-764.902
-681.674
-618.263
-584.179
-586.557
-597.654
-626.982
-651.554
-673.748
-656.309
-585.764
-481.928
-344.8
-201.332
-49.9366
84.0203
187.064
241.756
250.476
216.392
133.957
49.1439
11.8897
33.2911
102.251
202.917
332.118
477.172
627.774
756.975
836.24
888.554
907.578
883.798
830.691
749.049
672.955
603.995
552.473
569.119
649.968
839.41
1085.92
1422.8
1728.76
1949.11
2094.17
2144.9
2148.86
2029.96
1859.54
1680.41
1551.2
1406.94
1204.82
1012.21
865.568
744.293
594.483
431.991
335.289
296.449
250.476
160.907
40.4249
-80.8497
-240.171
-451.015
-661.065
-828.313
-939.283
-1020.93
-1046.29
-959.892
-810.875
-630.945
-468.453
-278.218
-87.1909
29.3278
77.6791
63.4115
42.0101
-7.92644
-80.0571
-135.542
-152.188
-107.8
-61.0336
-32.4984
-40.4249
-88.7762
-179.93
-332.911
-554.058
-800.571
-1029.64
-1238.9
-1402.19
-1523.46
-1563.09
-1542.49
-1464.01
-1353.84
-1254.76
-1135.07
-1062.94
-1020.93
-1037.57
-1093.06
-1142.99
-1208.78
-1223.84
-1204.03
-1112.08
-954.344
-768.072
-557.229
-349.556
-157.736
-34.8763
12.6823
-4.75587
-51.5219
-125.238
-185.479
-219.562
-189.442
-99.8732
20.6088
185.479
342.422
490.647
591.313
623.811
619.055
569.911
524.731
477.964
444.673
464.49
511.256
613.507
715.758
821.972
928.186
1013
1064.52
1069.28
1058.18
1009.04
927.394
833.862
741.915
672.162
622.226
613.507
642.042
693.564
741.915
777.584
787.096
753.012
647.59
497.781
351.934
198.161
56.2777
-75.3012
-154.566
-202.917
-231.452
-214.014
-149.017
-50.7292
66.5821
206.88
412.968
569.119
684.845
737.952
767.28
790.266
697.527
591.313
470.831
381.262
243.342
46.766
-110.97
-249.683
-371.75
-512.048
-616.677
-649.968
-661.065
-672.162
-700.698
-719.721
-764.902
-830.691
-909.956
-978.916
-1031.23
-1078
-1079.58
-1041.53
-951.173
-830.691
-665.821
-470.831
-252.061
-38.8396
137.92
272.67
358.275
428.028
435.162
405.834
364.616
339.252
321.021
281.389
266.328
251.268
234.623
199.746
119.689
35.669
-102.251
-250.476
-403.456
-563.57
-720.514
-877.457
-952.758
-983.672
-974.16
-942.454
-848.129
-698.32
-577.045
-488.269
-406.627
-312.302
-247.305
-198.954
-120.482
12.6823
184.686
373.335
601.617
846.544
1078
1232.56
1333.23
1381.58
1351.46
1269.02
1141.41
1036.78
939.283
853.678
792.644
743.5
714.965
701.49
682.467
651.554
586.557
489.062
362.238
182.308
4.75587
-187.857
-355.897
-515.219
-640.457
-682.467
-694.356
-661.858
-630.152
-594.483
-563.57
-561.985
-579.423
-601.617
-634.908
-666.614
-682.467
-687.223
-680.089
-665.029
-628.567
-588.935
-584.179
-586.557
-597.654
-603.995
-632.53
-682.467
-703.868
-729.233
-733.989
-747.464
-740.33
-714.965
-684.052
-612.714
-531.072
-409.797
-284.559
-141.091
71.338
274.255
477.964
641.249
820.387
990.013
1079.58
1119.21
1089.09
1063.73
959.1
801.363
624.604
472.416
353.519
231.452
156.151
127.616
142.676
175.174
215.599
252.061
267.914
251.268
191.82
122.86
42.8028
-19.8161
-49.9366
-38.8396
33.2911
148.224
312.302
504.914
714.965
917.882
1089.89
1221.46
1298.35
1325.3
1284.08
1192.93
1069.28
925.808
790.266
676.126
594.483
558.022
551.68
571.497
594.483
580.216
535.035
445.466
302.79
113.348
-103.836
-309.924
-484.306
-626.982
-704.661
-721.306
-688.015
-609.543
-524.731
-444.673
-375.713
-342.422
-323.399
-337.666
-385.225
-440.71
-499.366
-548.51
-574.667
-595.276
-600.824
-592.898
-604.788
-619.055
-666.614
-730.025
-820.387
-938.491
-1066.9
-1201.65
-1316.58
-1399.81
-1434.69
-1417.25
-1353.84
-1258.72
-1145.37
-1028.06
-930.564
-860.812
-821.972
-799.778
-801.363
-811.668
-795.022
-764.902
-695.942
-603.202
-478.757
-320.228
-164.87
-11.097
122.067
233.83
317.85
355.897
356.69
328.947
277.425
209.258
125.238
39.6322
-19.0235
-80.0571
-118.897
-128.408
-126.823
-107.007
-84.0203
-42.8028
-5.54851
26.1573
56.2777
82.435
112.555
146.639
179.138
235.415
312.302
442.295
607.166
781.547
1047.88
1293.6
1544.86
1738.27
1923.75
2094.96
2156.79
2196.42
2139.35
2083.07
1975.27
1819.91
1640.77
1456.09
1334.02
1188.17
1067.69
988.427
967.026
945.625
899.651
886.176
852.093
804.534
684.052
558.814
403.456
226.696
83.2276
-69.7527
-148.224
-183.893
-137.127
-61.8263
58.6557
219.562
347.178
449.429
496.195
511.256
447.051
329.74
196.576
28.5352
-151.395
-318.643
-443.088
-562.777
-655.517
-731.611
-807.705
-886.176
-989.22
-1106.53
-1267.44
-1435.48
-1618.58
-1800.1
-1961
-2096.54
-2173.43
-2216.23
-2188.49
-2102.89
-1962.59
-1807.23
-1628.88
-1431.52
-1259.51
-1098.6
-971.782
-860.812
-782.34
-718.928
-665.029
-635.701
-591.313
-550.888
-516.011
-487.476
-443.088
-393.152
-354.312
-312.302
-271.084
-237.001
-227.489
-220.355
-221.148
-235.415
-252.854
-278.218
-296.449
-304.375
-301.997
-299.62
-287.73
-264.743
-233.037
-204.502
-172.796
-133.957
-90.3614
-41.2175
17.4382
95.1173
187.064
291.693
420.101
565.948
708.624
861.604
997.146
1117.63
1216.71
1280.12
1323.72
1339.57
1347.5
1353.84
1344.32
1348.29
1339.57
1338.78
1335.61
1325.3
1307.07
1269.02
1216.71
1128.73
1017.76
881.42
733.196
557.229
393.944
238.586
126.03
57.863
46.766
78.4718
188.649
366.202
564.363
791.059
1010.62
1255.55
1424.38
1550.41
1597.97
1585.29
1534.56
1381.58
1185
944.832
741.122
538.205
346.386
217.977
138.713
116.519
101.458
107.007
91.9467
47.5587
-58.6557
-229.867
-446.259
-707.039
-970.989
-1251.59
-1478.28
-1628.88
-1697.05
-1691.5
-1625.71
-1482.24
-1326.09
-1169.15
-1030.44
-921.845
-862.397
-848.129
-872.701
-915.504
-950.38
-975.745
-971.782
-942.454
-869.531
-779.169
-678.503
-586.557
-514.426
-486.684
-517.597
-583.386
-691.186
-825.935
-981.294
-1127.14
-1238.9
-1288.84
-1284.08
-1227.01
-1109.7
-950.38
-762.524
-573.874
-397.907
-271.084
-192.613
-158.529
-158.529
-182.308
-218.77
-240.171
-233.037
-173.589
-74.5086
73.7159
237.001
412.175
580.216
707.039
807.705
852.093
856.848
806.912
714.172
602.41
484.306
390.774
317.85
288.523
302.79
351.934
430.406
514.426
603.995
668.992
696.734
701.49
680.089
645.212
587.349
519.975
463.697
438.332
443.881
469.245
522.353
581.008
649.968
701.49
724.477
728.44
688.808
620.64
508.878
376.506
242.549
122.067
12.6823
-72.1306
-131.579
-171.211
-180.723
-178.345
-168.833
-152.98
-145.847
-147.432
-154.566
-160.907
-164.87
-160.907
-157.736
-120.482
-45.1807
64.2042
236.208
412.968
615.885
801.363
1000.32
1173.91
1285.67
1354.63
1344.32
1300.73
1170.74
985.257
751.427
475.587
226.696
-34.0837
-272.67
-441.503
-542.169
-591.313
-603.995
-579.423
-535.828
-496.195
-474.794
-486.684
-547.717
-626.982
-721.306
-830.691
-909.163
-949.588
-933.735
-868.738
-736.367
-550.095
-334.496
-81.6424
153.773
351.141
501.744
590.52
611.921
564.363
462.112
324.984
168.041
15.0602
-129.201
-264.743
-351.141
-420.894
-479.55
-534.242
-596.861
-659.48
-756.183
-852.093
-965.441
-1069.28
-1130.31
-1165.98
-1156.47
-1107.32
-993.976
-841.788
-656.309
-456.563
-267.914
-93.532
53.1072
167.248
237.001
275.048
279.803
247.305
191.027
128.408
59.4483
-22.194
-84.0203
-143.469
-186.271
-217.185
-243.342
-265.536
-290.108
-311.509
-351.141
-395.529
-436.747
-482.72
-527.108
-543.754
-542.961
-508.878
-446.259
-363.824
-262.365
-154.566
-31.7058
84.0203
187.064
277.425
345.593
397.907
433.576
453.393
471.623
485.098
515.219
536.62
558.814
588.935
607.166
624.604
634.908
635.701
626.189
608.751
594.483
578.63
563.57
565.155
573.874
591.313
622.226
655.517
691.978
730.025
773.621
802.156
819.594
827.521
820.387
810.082
784.718
739.537
682.467
617.47
549.302
478.757
405.834
357.483
323.399
340.837
379.677
432.784
516.011
623.811
755.39
848.129
917.089
945.625
942.454
898.066
783.133
618.263
420.101
224.318
20.6088
-187.064
-351.934
-470.831
-538.998
-557.229
-540.583
-501.744
-447.844
-399.493
-377.299
-379.677
-408.212
-475.587
-587.349
-692.771
-784.718
-852.093
-892.517
-904.407
-866.36
-795.815
-682.467
-562.777
-449.429
-347.971
-289.315
-268.706
-298.034
-366.994
-479.55
-630.945
-793.437
-955.929
-1116.04
-1255.55
-1364.14
-1440.23
-1467.18
-1472.73
-1449.75
-1414.08
-1368.9
-1320.55
-1288.05
-1237.32
-1191.34
-1148.54
-1115.25
-1072.45
-1001.11
-928.979
-835.447
-737.159
-634.115
-516.011
-391.566
-270.292
-156.151
-48.3513
42.0101
120.482
197.368
271.084
324.192
367.787
410.59
461.319
523.938
558.022
600.824
634.908
676.918
728.44
754.597
772.036
783.133
796.607
799.778
805.327
802.156
804.534
825.143
857.641
907.578
970.197
1035.99
1104.15
1189.76
1270.61
1337.19
1393.47
1418.04
1429.93
1411.7
1364.93
1311.83
1238.11
1158.85
1086.72
1011.41
948.795
903.614
853.678
820.387
791.852
758.561
711.795
639.664
564.363
466.867
363.031
264.743
168.041
95.1173
27.7425
-15.0602
-37.2543
-41.2175
-21.4014
-11.8897
-7.1338
-24.572
-51.5219
-100.666
-172.796
-263.158
-370.165
-473.209
-566.741
-655.517
-734.781
-768.865
-790.266
-753.805
-680.089
-617.47
-523.938
-431.198
-333.703
-262.365
-217.185
-210.843
-240.171
-283.767
-389.981
-518.389
-686.43
-839.41
-984.464
-1131.1
-1244.45
-1321.34
-1349.87
-1341.95
-1269.02
-1190.55
-1094.64
-974.16
-882.213
-806.912
-750.634
-712.587
-714.965
-708.624
-722.892
-736.367
-730.025
-730.818
-716.55
-680.089
-606.373
-531.072
-427.235
-327.362
-227.489
-115.726
-34.8763
37.2543
84.8129
126.823
149.81
155.358
149.017
137.92
143.469
137.127
143.469
149.017
160.114
194.198
244.134
305.961
371.75
457.356
550.095
635.701
710.209
775.999
818.802
848.922
861.604
851.3
837.825
813.253
783.925
749.841
713.38
678.503
646.005
624.604
594.483
575.46
556.436
541.376
526.316
498.573
467.66
420.894
372.543
320.228
271.084
219.562
172.796
146.639
131.579
138.713
169.626
212.429
259.195
322.606
379.677
429.613
477.172
496.195
502.536
493.025
455.77
402.663
333.703
253.646
172.796
98.2879
25.3646
-42.8028
-99.8732
-148.224
-189.442
-224.318
-256.817
-285.352
-305.961
-332.911
-355.897
-379.677
-404.249
-422.479
-435.954
-441.503
-441.503
-423.272
-397.907
-370.958
-334.496
-301.997
-271.877
-253.646
-259.987
-284.559
-322.606
-370.165
-422.479
-474.794
-523.145
-546.132
-532.657
-500.159
-441.503
-356.69
-237.793
-104.629
11.8897
102.251
172.004
231.452
257.609
244.134
191.027
116.519
44.3881
-21.4014
-95.1173
-161.699
-198.161
-216.392
-206.88
-174.382
-141.091
-91.1541
-40.4249
5.54851
49.9366
80.0571
86.3982
80.0571
60.241
25.3646
-14.2676
-52.3145
-97.4952
-133.957
-145.054
-148.224
-128.408
-103.044
-74.5086
-32.4984
8.71909
44.3881
67.3748
80.0571
80.0571
76.0938
58.6557
22.194
-19.0235
-53.8998
-82.435
-106.214
-117.311
-126.823
-123.653
-107.007
-87.9835
-60.241
-23.7793
2.37793
32.4984
65.7895
91.9467
125.238
142.676
145.054
151.395
153.773
157.736
160.114
154.566
150.602
153.773
159.321
165.663
164.077
149.81
126.823
91.1541
49.9366
15.0602
-28.5352
-68.1674
-100.666
-121.275
-126.03
-119.689
-108.592
-80.0571
-47.5587
-15.0602
32.4984
76.0938
117.311
170.419
212.429
249.683
291.693
315.472
336.081
344.8
343.215
345.593
340.044
337.666
344.8
356.69
370.165
386.81
390.774
390.774
377.299
344.8
300.412
235.415
164.87
93.532
22.194
-45.9734
-107.007
-165.663
-206.88
-238.586
-256.817
-264.743
-269.499
-264.743
-258.402
-249.683
-229.074
-191.027
-149.81
-100.666
-46.766
20.6088
95.91
164.077
228.282
275.048
310.717
333.703
324.984
282.181
206.088
101.458
-25.3646
-165.663
-300.412
-423.272
-518.389
-577.838
-599.239
-590.52
-552.473
-497.781
-445.466
-393.152
-359.86
-339.252
-332.911
-346.386
-365.409
-389.188
-409.797
-422.479
-415.346
-389.981
-350.349
-303.583
-253.646
-206.088
-161.699
-127.616
-101.458
-85.6056
-85.6056
-91.1541
-109.385
-137.92
-168.041
-205.295
-247.305
-285.352
-313.887
-328.947
-326.569
-313.094
-280.596
-233.037
-173.589
-102.251
-25.3646
52.3145
129.994
198.161
256.817
310.717
352.727
389.981
419.309
441.503
464.49
484.306
502.536
517.597
523.938
525.523
524.731
516.804
503.329
477.964
442.295
399.493
341.63
279.011
221.94
164.077
122.86
91.9467
72.9233
76.0938
93.532
122.86
162.492
198.161
238.586
279.011
306.753
326.569
333.703
327.362
313.887
297.242
276.633
256.817
237.793
227.489
225.904
223.526
225.904
229.074
226.696
225.904
222.733
210.051
193.405
166.455
132.372
92.7394
45.9734
-6.34115
-57.863
-107.8
-149.81
-190.235
-222.733
-241.756
-257.609
-263.158
-264.743
-267.914
-263.951
-257.609
-256.024
-260.78
-279.803
-309.131
-344.008
-389.188
-439.125
-489.062
-542.961
-587.349
-617.47
-631.737
-623.811
-596.861
-557.229
-508.085
-451.807
-386.81
-324.192
-273.462
-227.489
-187.857
-152.98
-119.689
-97.4952
-76.0938
-59.4483
-48.3513
-39.6322
-34.8763
-40.4249
-46.766
-60.241
-83.2276
-97.4952
-112.555
-126.823
-137.127
-145.847
-144.261
-128.408
-99.8732
-63.4115
-15.0602
44.3881
109.385
173.589
229.867
271.084
298.827
313.887
308.339
290.9
266.328
229.867
194.99
168.833
153.773
158.529
171.211
186.271
208.465
234.623
258.402
278.218
280.596
275.048
265.536
241.756
212.429
179.93
149.81
131.579
125.238
122.86
141.883
173.589
211.636
258.402
305.961
358.275
401.871
431.198
443.088
431.991
405.041
362.238
304.375
236.208
171.211
113.348
64.2042
22.194
-13.475
-27.7425
-33.2911
-36.4616
-38.8396
-45.1807
-53.1072
-62.6189
-84.8129
-111.763
-137.92
-164.077
-187.857
-208.465
-221.148
-219.562
-211.636
-196.576
-168.833
-139.505
-113.348
-88.7762
-70.5453
-59.4483
-51.5219
-54.6925
-70.5453
-99.8732
-138.713
-175.174
-216.392
-258.402
-298.827
-331.325
-358.275
-376.506
-385.225
-398.7
-412.175
-425.65
-437.54
-452.6
-466.867
-484.306
-505.707
-516.804
-520.767
-515.219
-494.61
-462.904
-416.138
-349.556
-271.877
-176.76
-66.5821
44.3881
164.87
285.352
401.871
509.67
601.617
666.614
710.209
721.306
697.527
647.59
569.119
477.172
374.128
256.024
147.432
54.6925
-32.4984
-97.4952
-137.92
-164.87
-162.492
-134.75
-95.91
-43.5954
19.8161
71.338
114.933
159.321
176.76
194.99
208.465
205.295
215.599
227.489
240.171
266.328
294.071
313.887
353.519
394.737
419.309
451.807
466.075
459.734
446.259
401.078
333.703
256.817
168.041
75.3012
-7.92644
-90.3614
-163.285
-212.429
-254.439
-279.803
-283.767
-285.352
-271.084
-247.305
-225.111
-194.198
-168.833
-152.188
-139.505
-135.542
-133.957
-130.786
-131.579
-132.372
-124.445
-120.482
-114.933
-110.97
-115.726
-121.275
-128.408
-142.676
-164.87
-187.857
-212.429
-238.586
-259.987
-288.523
-310.717
-320.228
-336.874
-344.8
-345.593
-347.971
-339.252
-325.777
-317.058
-295.656
-267.121
-242.549
-207.673
-171.211
-136.335
-92.7394
-47.5587
-2.37793
44.3881
87.1909
122.86
160.114
179.93
187.064
191.82
181.516
167.248
153.773
133.164
111.763
96.7026
83.2276
76.8865
81.6424
88.7762
104.629
118.897
129.994
141.883
141.883
133.957
113.348
88.7762
62.6189
32.4984
6.34115
-20.6088
-42.8028
-53.8998
-64.2042
-64.9968
-58.6557
-45.9734
-24.572
0
27.7425
59.4483
91.9467
122.067
152.98
174.382
191.82
213.221
233.037
259.987
284.559
311.509
340.044
368.58
393.944
419.309
431.198
435.162
443.881
434.369
412.968
380.469
332.911
286.145
226.696
164.077
101.458
45.1807
-7.1338
-44.3881
-72.9233
-96.7026
-100.666
-114.141
-126.03
-136.335
-158.529
-179.93
-198.161
-216.392
-233.037
-242.549
-253.646
-255.231
-248.89
-237.001
-212.429
-183.101
-153.773
-121.275
-88.7762
-64.2042
-51.5219
-51.5219
-70.5453
-98.2879
-134.75
-180.723
-228.282
-269.499
-300.412
-319.436
-322.606
-320.228
-301.997
-273.462
-238.586
-194.99
-153.773
-114.141
-71.338
-34.0837
-8.71909
12.6823
28.5352
38.0469
45.1807
45.1807
38.0469
35.669
29.3278
24.572
18.2308
7.92644
-1.58529
-10.3044
-17.4382
-28.5352
-39.6322
-51.5219
-62.6189
-66.5821
-74.5086
-74.5086
-65.7895
-49.9366
-31.7058
-15.0602
9.51173
38.8396
77.6791
117.311
154.566
185.479
216.392
240.171
255.231
270.292
277.425
278.218
275.048
265.536
254.439
237.793
220.355
205.295
182.308
158.529
134.75
103.836
73.7159
37.2543
1.58529
-32.4984
-64.9968
-91.1541
-112.555
-123.653
-129.201
-127.616
-126.823
-127.616
-133.957
-139.505
-145.847
-153.773
-157.736
-166.455
-172.796
-176.76
-181.516
-182.308
-183.101
-174.382
-162.492
-146.639
-122.067
-99.8732
-78.4718
-57.0704
-41.2175
-26.9499
-14.2676
3.17058
23.7793
45.1807
66.5821
89.5688
110.178
133.164
156.944
175.967
195.783
206.88
211.636
212.429
203.71
200.539
194.198
187.857
183.101
174.382
171.211
166.455
165.663
164.87
165.663
164.077
167.248
170.419
169.626
167.248
160.114
152.188
137.92
123.653
107.007
83.2276
67.3748
46.766
22.9867
3.96322
-17.4382
-34.0837
-49.9366
-63.4115
-72.9233
-80.0571
-87.9835
-92.7394
-94.3247
-102.251
-112.555
-120.482
-135.542
-150.602
-168.041
-187.064
-210.051
-231.452
-253.646
-279.803
-304.375
-328.155
-349.556
-370.165
-384.432
-393.152
-395.529
-389.188
-376.506
-359.068
-340.044
-320.228
-299.62
-280.596
-263.951
-244.927
-229.074
-215.599
-200.539
-190.235
-188.649
-189.442
-189.442
-187.064
-181.516
-168.041
-148.224
-126.03
-97.4952
-69.7527
-40.4249
-11.097
12.6823
36.4616
50.7292
60.241
65.7895
61.8263
55.4851
50.7292
44.3881
36.4616
34.0837
34.8763
39.6322
48.3513
58.6557
70.5453
87.1909
105.422
129.994
157.736
183.101
212.429
229.867
243.342
251.268
259.195
270.292
284.559
301.205
316.265
333.703
349.556
368.58
389.188
408.212
427.235
448.637
471.623
493.025
512.048
525.523
531.864
528.694
521.56
508.878
492.232
477.172
456.563
431.991
405.834
375.713
344.008
317.058
286.145
254.439
221.94
185.479
152.98
117.311
85.6056
60.241
35.669
12.6823
-4.75587
-31.7058
-57.0704
-74.5086
-96.7026
-104.629
-113.348
-123.653
-124.445
-133.164
-144.261
-154.566
-172.004
-191.82
-203.71
-221.148
-229.074
-233.037
-244.134
-247.305
-259.987
-277.425
-285.352
-300.412
-309.924
-318.643
-336.874
-351.141
-370.165
-390.774
-408.212
-431.198
-449.429
-467.66
-485.891
-496.195
-504.122
-513.633
-513.633
-512.841
-516.011
-503.329
-490.647
-471.623
-442.295
-421.687
-394.737
-370.958
-355.897
-331.325
-310.717
-292.486
-273.462
-266.328
-262.365
-259.195
-259.987
-253.646
-244.134
-238.586
-227.489
-209.258
-192.613
-168.833
-143.469
-121.275
-89.5688
-56.2777
-18.2308
25.3646
66.5821
108.592
145.054
184.686
226.696
264.743
303.583
338.459
371.75
402.663
435.954
466.075
494.61
516.804
533.45
549.302
560.399
566.741
569.119
564.363
557.229
542.961
527.108
508.085
484.306
461.319
436.747
410.59
385.225
359.068
336.081
315.472
294.864
279.803
267.121
259.195
253.646
252.061
254.439
260.78
268.706
275.84
285.352
290.108
295.656
301.205
304.375
302.79
298.034
291.693
284.559
275.048
259.987
240.964
216.392
191.027
164.077
133.957
104.629
70.5453
30.9131
-8.71909
-49.1439
-85.6056
-118.897
-152.188
-182.308
-213.221
-242.549
-267.121
-290.9
-315.472
-338.459
-361.446
-378.091
-393.944
-408.212
-419.309
-425.65
-428.821
-427.235
-420.894
-416.138
-408.212
-395.529
-387.603
-381.262
-382.055
-387.603
-392.359
-401.078
-405.041
-411.382
-424.857
-439.125
-459.734
-479.55
-492.232
-497.781
-500.951
-501.744
-500.951
-494.61
-478.757
-458.148
-428.821
-396.322
-363.824
-326.569
-287.73
-252.061
-214.014
-179.138
-146.639
-114.933
-89.5688
-58.6557
-19.0235
20.6088
65.7895
107.007
145.847
191.027
237.793
285.352
327.362
359.068
378.884
389.981
399.493
401.078
401.871
392.359
381.262
365.409
346.386
330.533
313.887
297.242
279.011
260.78
246.512
239.379
231.452
223.526
210.843
198.161
185.479
168.041
155.358
141.883
126.03
111.763
97.4952
86.3982
82.435
85.6056
92.7394
107.007
122.86
142.676
169.626
191.82
215.599
236.208
248.89
260.78
268.706
271.877
271.877
265.536
253.646
240.964
224.318
208.465
191.82
166.455
147.432
127.616
107.8
89.5688
70.5453
56.2777
42.0101
26.9499
12.6823
-1.58529
-20.6088
-34.8763
-52.3145
-74.5086
-90.3614
-101.458
-107.8
-110.178
-113.348
-108.592
-99.0805
-88.7762
-69.7527
-54.6925
-38.0469
-19.8161
-10.3044
-2.37793
3.96322
6.34115
11.097
9.51173
0.792644
-5.54851
-19.8161
-36.4616
-54.6925
-72.9233
-88.7762
-110.178
-136.335
-157.736
-172.796
-184.686
-192.613
-202.124
-210.051
-214.807
-221.148
-219.562
-219.562
-217.977
-210.051
-209.258
-209.258
-202.917
-205.295
-206.88
-206.088
-208.465
-205.295
-199.746
-196.576
-183.893
-173.589
-164.87
-151.395
-142.676
-133.164
-121.275
-116.519
-110.178
-110.97
-117.311
-121.275
-129.994
-138.713
-145.847
-156.944
-165.663
-170.419
-174.382
-175.967
-175.174
-175.174
-170.419
-166.455
-160.114
-152.98
-149.81
-145.054
-141.091
-137.92
-133.164
-128.408
-121.275
-108.592
-95.91
-76.0938
-53.8998
-33.2911
-7.92644
15.8529
35.669
57.0704
73.7159
95.1173
114.933
135.542
159.321
184.686
213.221
242.549
274.255
300.412
327.362
350.349
369.372
388.396
397.115
401.871
401.078
389.981
384.432
374.128
362.238
351.934
339.252
328.947
323.399
324.192
328.947
336.081
341.63
352.727
359.86
360.653
359.068
348.763
335.289
319.436
306.753
295.656
282.974
275.048
265.536
256.024
243.342
229.074
217.185
202.917
188.649
173.589
156.151
138.713
126.823
111.763
96.7026
81.6424
65.7895
49.1439
30.9131
13.475
-7.1338
-24.572
-45.9734
-65.7895
-88.7762
-116.519
-139.505
-165.663
-191.027
-210.843
-231.452
-244.927
-254.439
-254.439
-252.854
-249.683
-249.683
-254.439
-261.573
-275.048
-288.523
-306.753
-327.362
-350.349
-373.335
-396.322
-415.346
-431.991
-446.259
-452.6
-452.6
-447.844
-443.881
-439.125
-434.369
-431.198
-431.991
-432.784
-438.332
-446.259
-451.807
-455.77
-464.49
-470.831
-475.587
-480.342
-479.55
-475.587
-464.49
-443.088
-418.516
-389.188
-359.86
-335.289
-307.546
-282.181
-256.817
-227.489
-201.332
-177.552
-153.773
-126.823
-97.4952
-68.9601
-46.766
-19.8161
10.3044
43.5954
82.435
118.897
159.321
204.502
244.134
282.181
316.265
347.178
379.677
406.627
431.991
458.148
477.964
500.951
521.56
535.828
550.095
563.57
581.801
593.691
598.446
600.032
602.41
600.824
597.654
591.313
581.801
574.667
559.607
539.791
516.011
489.062
464.49
444.673
433.576
424.065
414.553
403.456
391.566
379.677
368.58
360.653
347.971
336.874
325.777
312.302
299.62
284.559
266.328
249.683
236.208
221.148
208.465
194.99
181.516
167.248
153.773
139.505
126.03
106.214
80.8497
49.1439
13.475
-19.8161
-51.5219
-82.435
-113.348
-148.224
-185.479
-220.355
-256.817
-289.315
-318.643
-342.422
-362.238
-382.055
-405.834
-432.784
-469.245
-503.329
-529.486
-556.436
-573.082
-589.727
-607.958
-621.433
-638.079
-653.139
-664.236
-672.162
-676.918
-675.333
-672.162
-669.784
-669.784
-669.784
-665.821
-660.273
-653.139
-640.457
-633.323
-626.189
-617.47
-607.958
-589.727
-562.777
-537.413
-506.5
-474.001
-440.71
-404.249
-365.409
-325.777
-277.425
-229.074
-177.552
-124.445
-79.2644
-31.7058
11.097
51.5219
99.8732
146.639
191.027
237.793
273.462
307.546
342.422
374.921
409.797
441.503
470.831
500.159
525.523
543.754
557.229
565.948
577.045
585.764
589.727
588.142
581.801
574.667
569.911
564.363
560.399
560.399
560.399
557.229
551.68
542.961
535.828
526.316
516.011
509.67
501.744
494.61
487.476
479.55
472.416
466.075
457.356
449.429
438.332
428.821
416.138
400.285
382.055
361.446
339.252
312.302
283.767
251.268
214.807
179.138
145.847
107.007
65.7895
29.3278
-10.3044
-54.6925
-103.836
-156.151
-209.258
-260.78
-309.131
-357.483
-399.493
-436.747
-466.867
-490.647
-509.67
-517.597
-516.804
-510.463
-497.781
-481.135
-463.697
-448.637
-433.576
-418.516
-407.419
-397.907
-384.432
-372.543
-358.275
-337.666
-317.85
-294.071
-268.706
-244.134
-218.77
-197.368
-174.382
-153.773
-140.298
-130.786
-126.03
-132.372
-140.298
-152.188
-166.455
-178.345
-193.405
-200.539
-204.502
-207.673
-202.917
-195.783
-183.101
-168.833
-156.151
-143.469
-133.164
-123.653
-110.97
-98.2879
-91.1541
-82.435
-72.9233
-63.4115
-53.8998
-44.3881
-35.669
-24.572
-10.3044
0.792644
11.8897
22.194
26.9499
34.0837
42.0101
47.5587
53.1072
58.6557
68.9601
76.8865
84.8129
95.91
104.629
114.141
123.653
131.579
139.505
142.676
146.639
149.017
154.566
160.114
167.248
177.552
181.516
192.613
204.502
214.014
221.148
227.489
231.452
233.037
232.245
232.245
229.074
219.562
210.843
202.124
194.198
186.271
177.552
172.004
172.004
171.211
172.796
175.967
178.345
180.723
179.138
175.967
168.833
153.773
136.335
122.86
110.178
101.458
96.7026
97.4952
101.458
110.178
115.726
122.067
126.03
126.03
122.067
113.348
100.666
90.3614
80.0571
69.7527
62.6189
57.863
54.6925
45.9734
38.0469
31.7058
19.8161
6.34115
-5.54851
-14.2676
-26.1573
-40.4249
-53.8998
-70.5453
-93.532
-125.238
-151.395
-175.174
-195.783
-213.221
-230.659
-248.89
-260.78
-272.67
-283.767
-292.486
-302.79
-306.753
-314.68
-322.606
-328.155
-335.289
-333.703
-324.984
-311.509
-294.071
-275.048
-256.024
-237.793
-221.148
-205.295
-184.686
-164.077
-139.505
-117.311
-102.251
-85.6056
-72.9233
-59.4483
-45.1807
-29.3278
-12.6823
1.58529
11.8897
22.9867
34.0837
39.6322
50.7292
61.8263
73.7159
84.0203
85.6056
91.1541
91.1541
92.7394
97.4952
103.044
110.97
119.689
126.03
128.408
129.994
123.653
117.311
113.348
108.592
108.592
99.8732
93.532
85.6056
69.7527
59.4483
49.9366
38.0469
29.3278
21.4014
8.71909
0
-15.0602
-29.3278
-36.4616
-42.0101
-42.8028
-42.8028
-45.1807
-45.1807
-48.3513
-47.5587
-47.5587
-49.1439
-43.5954
-31.7058
-22.9867
-15.8529
-10.3044
-4.75587
2.37793
11.8897
26.1573
43.5954
56.2777
73.7159
91.9467
109.385
126.823
141.883
159.321
168.833
175.174
179.93
176.76
169.626
160.907
150.602
141.883
134.75
125.238
119.689
111.763
103.836
95.91
89.5688
82.435
77.6791
75.3012
72.9233
71.338
68.9601
63.4115
58.6557
53.1072
49.9366
44.3881
45.1807
44.3881
45.9734
50.7292
50.7292
53.8998
59.4483
62.6189
68.9601
74.5086
77.6791
80.8497
80.8497
79.2644
76.8865
73.7159
72.1306
67.3748
61.0336
54.6925
43.5954
26.9499
8.71909
-13.475
-37.2543
-63.4115
-90.3614
-116.519
-142.676
-168.041
-191.82
-217.185
-239.379
-260.78
-279.803
-294.864
-309.131
-319.436
-328.947
-334.496
-336.874
-340.837
-340.837
-339.252
-340.044
-337.666
-334.496
-330.533
-324.192
-314.68
-304.375
-288.523
-272.67
-257.609
-237.001
-219.562
-201.332
-179.93
-158.529
-138.713
-119.689
-104.629
-91.1541
-82.435
-75.3012
-69.7527
-64.9968
-58.6557
-53.1072
-49.1439
-45.9734
-36.4616
-29.3278
-17.4382
-2.37793
13.475
33.2911
53.8998
72.9233
91.9467
112.555
129.994
145.847
163.285
178.345
195.783
210.051
222.733
240.171
252.854
270.292
282.974
294.071
308.339
318.643
324.192
328.155
328.155
329.74
326.569
325.777
323.399
321.021
320.228
317.85
321.814
323.399
322.606
324.192
320.228
313.094
304.375
289.315
274.255
260.78
244.134
229.074
217.185
206.88
198.954
191.027
187.064
183.893
183.101
182.308
175.174
169.626
157.736
140.298
121.275
99.0805
73.7159
50.7292
26.1573
-2.37793
-26.9499
-52.3145
-76.0938
-96.7026
-107.8
-119.689
-135.542
-150.602
-168.833
-187.857
-208.465
-227.489
-244.134
-260.78
-277.425
-292.486
-305.168
-321.814
-336.081
-354.312
-366.202
-373.335
-380.469
-382.055
-381.262
-381.262
-377.299
-372.543
-367.787
-360.653
-353.519
-347.178
-335.289
-322.606
-305.168
-290.9
-277.425
-267.121
-252.854
-237.793
-221.148
-202.124
-187.064
-169.626
-153.773
-133.957
-113.348
-95.1173
-79.2644
-63.4115
-46.766
-27.7425
-13.475
-1.58529
9.51173
19.8161
30.9131
43.5954
51.5219
61.0336
73.7159
85.6056
99.8732
114.141
123.653
133.164
138.713
145.847
156.944
166.455
174.382
179.93
186.271
192.613
196.576
202.124
207.673
209.258
210.051
212.429
214.014
214.014
213.221
212.429
212.429
214.014
216.392
217.977
218.77
221.94
223.526
221.94
221.94
221.148
215.599
209.258
202.917
194.99
187.857
179.138
168.041
158.529
143.469
132.372
122.067
111.763
103.044
90.3614
77.6791
65.7895
53.1072
38.8396
24.572
12.6823
-0.792644
-15.0602
-26.1573
-34.0837
-41.2175
-48.3513
-51.5219
-56.2777
-57.863
-57.863
-57.0704
-54.6925
-52.3145
-46.766
-44.3881
-38.8396
-31.7058
-29.3278
-27.7425
-29.3278
-30.9131
-37.2543
-42.8028
-50.7292
-59.4483
-63.4115
-72.1306
-79.2644
-86.3982
-92.7394
-100.666
-112.555
-119.689
-129.201
-140.298
-151.395
-160.907
-173.589
-187.064
-198.954
-213.221
-221.94
-228.282
-232.245
-231.452
-231.452
-227.489
-222.733
-217.977
-212.429
-202.917
-190.235
-176.76
-161.699
-149.017
-136.335
-127.616
-121.275
-111.763
-103.044
-92.7394
-81.6424
-72.9233
-61.8263
-50.7292
-42.0101
-27.7425
-13.475
0.792644
15.8529
26.9499
38.0469
47.5587
53.1072
57.863
61.8263
63.4115
68.9601
73.7159
80.0571
91.1541
95.91
99.8732
104.629
107.8
114.141
122.86
130.786
138.713
146.639
149.017
149.017
145.847
138.713
135.542
129.994
127.616
127.616
125.238
122.067
115.726
111.763
111.763
110.97
111.763
115.726
117.311
116.519
117.311
114.933
114.933
108.592
99.0805
90.3614
79.2644
68.1674
54.6925
43.5954
36.4616
25.3646
19.8161
17.4382
15.8529
11.8897
7.92644
3.96322
-2.37793
-4.75587
-10.3044
-14.2676
-18.2308
-24.572
-30.9131
-39.6322
-45.9734
-51.5219
-55.4851
-54.6925
-52.3145
-49.1439
-48.3513
-46.766
-49.1439
-47.5587
-46.766
-45.9734
-40.4249
-38.8396
-35.669
-38.8396
-41.2175
-44.3881
-49.1439
-50.7292
-52.3145
-52.3145
-53.1072
-50.7292
-45.1807
-41.2175
-35.669
-31.7058
-24.572
-19.8161
-17.4382
-14.2676
-9.51173
-5.54851
-4.75587
-1.58529
3.96322
7.92644
11.8897
15.8529
19.0235
20.6088
23.7793
26.9499
30.1205
32.4984
35.669
38.0469
35.669
34.0837
30.9131
26.9499
21.4014
14.2676
7.92644
1.58529
-6.34115
-17.4382
-26.1573
-35.669
-43.5954
-50.7292
-54.6925
-59.4483
-63.4115
-65.7895
-68.9601
-71.338
-72.1306
-76.0938
-80.0571
-83.2276
-84.8129
-82.435
-80.8497
-73.7159
-65.7895
-57.863
-48.3513
-38.8396
-30.9131
-19.8161
-11.097
2.37793
17.4382
28.5352
38.0469
45.1807
52.3145
56.2777
60.241
64.9968
69.7527
73.7159
76.0938
81.6424
84.0203
86.3982
84.8129
80.8497
77.6791
68.9601
63.4115
57.863
51.5219
46.766
39.6322
32.4984
25.3646
14.2676
6.34115
0.792644
-3.96322
-6.34115
-7.1338
-11.8897
-15.8529
-15.0602
-19.8161
-21.4014
-25.3646
-30.1205
-28.5352
-26.9499
-22.9867
-19.0235
-14.2676
-7.92644
-3.96322
2.37793
4.75587
6.34115
11.097
14.2676
18.2308
22.194
27.7425
31.7058
36.4616
42.8028
47.5587
52.3145
57.863
63.4115
69.7527
73.7159
75.3012
74.5086
71.338
67.3748
63.4115
60.241
59.4483
58.6557
57.863
53.1072
49.1439
40.4249
30.1205
18.2308
3.17058
-10.3044
-21.4014
-32.4984
-38.0469
-45.9734
-54.6925
-62.6189
-72.9233
-81.6424
-92.7394
-104.629
-116.519
-126.03
-134.75
-145.054
-154.566
-162.492
-171.211
-174.382
-175.174
-173.589
-171.211
-168.041
-163.285
-159.321
-156.151
-156.151
-152.188
-148.224
-142.676
-135.542
-129.994
-119.689
-106.214
-93.532
-79.2644
-67.3748
-54.6925
-40.4249
-26.9499
-10.3044
3.17058
16.6455
30.9131
42.8028
55.4851
68.1674
77.6791
84.8129
91.9467
98.2879
107.007
116.519
123.653
129.201
130.786
133.164
133.957
134.75
137.92
140.298
141.883
145.054
149.81
152.188
156.151
156.944
152.188
149.017
145.847
140.298
133.957
126.03
117.311
112.555
106.214
102.251
98.2879
94.3247
94.3247
88.7762
80.8497
77.6791
68.1674
57.863
45.1807
31.7058
18.2308
9.51173
0
-3.17058
-3.96322
-5.54851
-3.17058
-7.1338
-9.51173
-12.6823
-21.4014
-29.3278
-36.4616
-44.3881
-44.3881
-42.8028
-45.1807
-42.0101
-42.0101
-42.8028
-40.4249
-43.5954
-49.9366
-55.4851
-62.6189
-66.5821
-71.338
-75.3012
-79.2644
-83.2276
-85.6056
-84.8129
-83.2276
-80.0571
-80.0571
-79.2644
-79.2644
-81.6424
-82.435
-84.8129
-86.3982
-84.8129
-82.435
-76.0938
-68.9601
-60.241
-52.3145
-44.3881
-38.8396
-30.9131
-22.194
-14.2676
-7.92644
-2.37793
2.37793
6.34115
7.92644
7.92644
5.54851
1.58529
-0.792644
-3.96322
-8.71909
-14.2676
-19.8161
-26.9499
-32.4984
-38.8396
-48.3513
-56.2777
-63.4115
-66.5821
-68.9601
-72.9233
-74.5086
-75.3012
-76.8865
-72.1306
-66.5821
-64.2042
-61.0336
-57.0704
-52.3145
-45.9734
-42.8028
-38.8396
-33.2911
-27.7425
-17.4382
-9.51173
0
13.475
26.1573
40.4249
53.1072
61.8263
70.5453
78.4718
83.2276
86.3982
90.3614
95.1173
99.8732
103.044
111.763
119.689
127.616
137.92
146.639
151.395
157.736
162.492
165.663
166.455
163.285
160.907
156.151
151.395
145.054
137.92
137.92
137.127
134.75
132.372
126.823
119.689
115.726
110.97
103.044
95.91
84.0203
80.0571
75.3012
68.1674
61.0336
53.1072
45.1807
37.2543
26.1573
16.6455
7.1338
-3.96322
-16.6455
-30.1205
-44.3881
-58.6557
-72.1306
-83.2276
-97.4952
-108.592
-119.689
-134.75
-148.224
-163.285
-175.967
-186.271
-194.99
-202.917
-210.843
-217.977
-218.77
-217.977
-215.599
-212.429
-210.843
-206.88
-202.124
-199.746
-198.954
-198.954
-196.576
-191.82
-185.479
-178.345
-170.419
-160.907
-152.98
-142.676
-131.579
-121.275
-111.763
-101.458
-93.532
-85.6056
-76.8865
-67.3748
-57.863
-48.3513
-40.4249
-28.5352
-14.2676
-2.37793
10.3044
22.194
30.9131
42.8028
53.8998
68.9601
84.0203
99.0805
112.555
126.03
137.127
148.224
160.907
170.419
179.93
187.857
194.198
202.917
208.465
209.258
212.429
211.636
212.429
214.807
214.807
217.185
214.807
212.429
211.636
207.673
203.71
198.954
191.027
183.101
172.796
161.699
152.188
142.676
133.957
126.03
117.311
107.007
100.666
91.1541
81.6424
72.1306
59.4483
49.1439
35.669
22.9867
11.097
-3.96322
-17.4382
-31.7058
-43.5954
-55.4851
-68.9601
-77.6791
-85.6056
-92.7394
-98.2879
-104.629
-111.763
-120.482
-126.823
-130.786
-133.957
-137.127
-145.054
-152.188
-159.321
-164.077
-164.077
-166.455
-166.455
-166.455
-168.041
-165.663
-160.907
-154.566
-146.639
-142.676
-138.713
-137.127
-134.75
-130.786
-129.201
-126.823
-123.653
-121.275
-116.519
-107.007
-100.666
-91.1541
-84.8129
-79.2644
-71.338
-64.9968
-57.863
-49.1439
-39.6322
-28.5352
-18.2308
-10.3044
-4.75587
0
5.54851
11.8897
20.6088
26.1573
32.4984
41.2175
47.5587
55.4851
64.9968
70.5453
76.8865
82.435
85.6056
87.9835
88.7762
92.7394
100.666
107.8
112.555
117.311
119.689
120.482
122.067
122.067
118.897
113.348
110.178
108.592
103.836
101.458
95.91
87.9835
82.435
73.7159
62.6189
53.8998
49.1439
45.1807
42.8028
38.8396
34.8763
30.1205
22.9867
17.4382
12.6823
3.17058
-4.75587
-15.0602
-23.7793
-29.3278
-31.7058
-33.2911
-34.0837
-31.7058
-32.4984
-34.0837
-35.669
-37.2543
-38.0469
-37.2543
-39.6322
-42.0101
-42.8028
-43.5954
-41.2175
-39.6322
-38.0469
-35.669
-34.0837
-30.9131
-28.5352
-26.1573
-24.572
-22.194
-22.9867
-22.9867
-23.7793
-22.9867
-23.7793
-22.9867
-19.0235
-14.2676
-11.097
-7.92644
-5.54851
0
6.34115
13.475
19.8161
26.9499
32.4984
37.2543
40.4249
44.3881
44.3881
45.1807
46.766
47.5587
48.3513
47.5587
47.5587
46.766
46.766
45.1807
43.5954
40.4249
37.2543
34.0837
27.7425
19.8161
12.6823
6.34115
0
-4.75587
-11.097
-15.0602
-19.8161
-25.3646
-28.5352
-31.7058
-33.2911
-35.669
-38.0469
-41.2175
-45.1807
-49.9366
-54.6925
-61.0336
-64.9968
-68.9601
-72.9233
-76.0938
-79.2644
-77.6791
-79.2644
-80.0571
-81.6424
-81.6424
-80.8497
-81.6424
-80.0571
-79.2644
-76.0938
-71.338
-66.5821
-61.0336
-57.863
-54.6925
-50.7292
-46.766
-40.4249
-34.0837
-26.9499
-20.6088
-12.6823
-4.75587
1.58529
5.54851
10.3044
11.8897
17.4382
22.194
26.1573
30.1205
34.0837
37.2543
38.0469
38.0469
38.0469
40.4249
41.2175
41.2175
43.5954
45.9734
48.3513
50.7292
52.3145
52.3145
53.8998
54.6925
53.8998
49.9366
45.9734
46.766
49.1439
50.7292
49.1439
49.9366
50.7292
52.3145
54.6925
57.0704
57.863
58.6557
60.241
60.241
59.4483
59.4483
57.0704
51.5219
44.3881
40.4249
39.6322
37.2543
30.9131
23.7793
24.572
26.1573
26.1573
24.572
22.9867
22.9867
24.572
23.7793
20.6088
17.4382
15.8529
15.0602
13.475
12.6823
12.6823
14.2676
14.2676
13.475
13.475
14.2676
12.6823
10.3044
7.1338
3.96322
3.17058
0.792644
-3.96322
-9.51173
-19.0235
-24.572
-26.9499
-29.3278
-30.1205
-30.1205
-26.9499
-26.1573
-23.7793
-22.194
-24.572
-27.7425
-33.2911
-38.0469
-42.8028
-42.8028
-41.2175
-42.0101
-42.0101
-42.8028
-42.8028
-42.0101
-46.766
-49.9366
-49.9366
-49.9366
-52.3145
-55.4851
-58.6557
-61.0336
-65.7895
-71.338
-76.0938
-80.8497
-80.8497
-79.2644
-76.8865
-76.0938
-75.3012
-72.9233
-72.1306
-72.1306
-68.9601
-67.3748
-66.5821
-65.7895
-64.9968
-63.4115
-63.4115
-66.5821
-65.7895
-64.9968
-61.0336
-56.2777
-49.1439
-43.5954
-37.2543
-32.4984
-27.7425
-23.7793
-22.9867
-22.194
-22.9867
-22.194
-18.2308
-10.3044
-2.37793
6.34115
13.475
21.4014
29.3278
36.4616
42.8028
51.5219
63.4115
78.4718
90.3614
100.666
107.8
109.385
108.592
110.178
114.141
118.104
122.067
124.445
127.616
130.786
134.75
138.713
138.713
135.542
133.164
130.786
130.786
132.372
130.786
129.994
126.823
122.067
119.689
113.348
107.007
105.422
103.044
101.458
100.666
97.4952
94.3247
89.5688
84.0203
82.435
78.4718
74.5086
70.5453
64.9968
64.2042
61.8263
55.4851
49.1439
42.8028
35.669
30.1205
22.194
15.8529
10.3044
-0.792644
-14.2676
-23.7793
-34.8763
-45.9734
-57.863
-68.9601
-76.8865
-86.3982
-99.8732
-110.178
-119.689
-125.238
-130.786
-139.505
-148.224
-157.736
-168.833
-180.723
-192.613
-199.746
-203.71
-210.051
-216.392
-216.392
-214.807
-214.807
-215.599
-214.807
-213.221
-213.221
-211.636
-206.88
-198.161
-192.613
-183.893
-178.345
-171.211
-160.907
-155.358
-151.395
-144.261
-131.579
-120.482
-111.763
-99.0805
-84.0203
-70.5453
-61.0336
-49.1439
-35.669
-21.4014
-11.8897
-3.17058
7.1338
15.8529
27.7425
41.2175
51.5219
62.6189
72.9233
80.8497
89.5688
102.251
112.555
122.86
132.372
141.091
149.017
156.151
160.907
169.626
175.174
178.345
182.308
185.479
187.064
184.686
184.686
188.649
191.82
193.405
192.613
189.442
188.649
187.064
183.893
182.308
179.93
176.76
170.419
165.663
159.321
152.98
145.847
131.579
121.275
111.763
103.836
95.91
88.7762
86.3982
80.8497
75.3012
69.7527
64.2042
57.0704
50.7292
41.2175
32.4984
22.194
12.6823
6.34115
-0.792644
-9.51173
-17.4382
-26.9499
-34.8763
-42.8028
-52.3145
-59.4483
-64.2042
-67.3748
-68.1674
-69.7527
-75.3012
-84.8129
-91.1541
-96.7026
-99.8732
-100.666
-104.629
-108.592
-110.97
-112.555
-113.348
-114.933
-115.726
-118.897
-120.482
-117.311
-113.348
-108.592
-107.007
-108.592
-109.385
-110.178
-110.178
-106.214
-103.836
-99.8732
-92.7394
-87.9835
-82.435
-79.2644
-79.2644
-80.0571
-82.435
-81.6424
-80.0571
-76.0938
-69.7527
-64.9968
-59.4483
-56.2777
-56.2777
-56.2777
-56.2777
-54.6925
-54.6925
-55.4851
-52.3145
-49.1439
-45.9734
-44.3881
-43.5954
-45.1807
-48.3513
-47.5587
-45.1807
-42.0101
-36.4616
-33.2911
-28.5352
-23.7793
-20.6088
-18.2308
-15.8529
-14.2676
-7.1338
0.792644
9.51173
16.6455
22.194
29.3278
34.8763
39.6322
47.5587
53.8998
61.0336
70.5453
79.2644
89.5688
96.7026
102.251
105.422
109.385
114.933
117.311
118.897
118.104
118.104
118.897
119.689
122.86
122.86
120.482
114.933
111.763
110.178
110.97
111.763
110.97
106.214
99.8732
95.91
90.3614
89.5688
87.9835
84.0203
80.0571
72.1306
64.9968
60.241
54.6925
51.5219
45.9734
42.8028
38.8396
38.0469
35.669
32.4984
28.5352
28.5352
26.9499
25.3646
22.194
15.0602
7.1338
-1.58529
-7.1338
-8.71909
-8.71909
-12.6823
-20.6088
-30.1205
-35.669
-38.8396
-38.8396
-39.6322
-43.5954
-49.1439
-55.4851
-59.4483
-61.0336
-63.4115
-67.3748
-73.7159
-77.6791
-78.4718
-78.4718
-79.2644
-81.6424
-83.2276
-81.6424
-81.6424
-80.0571
-76.8865
-76.8865
-79.2644
-82.435
-85.6056
-84.8129
-81.6424
-79.2644
-76.8865
-75.3012
-72.9233
-68.9601
-65.7895
-62.6189
-61.8263
-65.7895
-70.5453
-71.338
-72.1306
-74.5086
-78.4718
-79.2644
-76.8865
-72.9233
-68.9601
-63.4115
-58.6557
-55.4851
-53.1072
-53.1072
-53.1072
-51.5219
-49.9366
-46.766
-40.4249
-34.8763
-27.7425
-22.194
-15.0602
-8.71909
-3.96322
-0.792644
0.792644
2.37793
2.37793
0
2.37793
7.1338
15.0602
23.7793
29.3278
33.2911
35.669
37.2543
37.2543
38.8396
38.0469
36.4616
35.669
38.0469
45.1807
50.7292
56.2777
64.9968
68.9601
74.5086
76.8865
76.8865
78.4718
81.6424
79.2644
80.8497
81.6424
84.8129
88.7762
89.5688
87.9835
91.9467
94.3247
95.1173
95.91
94.3247
95.1173
95.1173
98.2879
99.8732
99.8732
102.251
102.251
99.8732
97.4952
97.4952
96.7026
102.251
105.422
109.385
113.348
112.555
111.763
109.385
106.214
103.836
96.7026
87.1909
77.6791
68.1674
59.4483
51.5219
40.4249
33.2911
25.3646
17.4382
10.3044
2.37793
-9.51173
-19.8161
-29.3278
-38.0469
-42.8028
-50.7292
-57.863
-62.6189
-69.7527
-72.9233
-75.3012
-77.6791
-80.0571
-84.8129
-89.5688
-92.7394
-95.1173
-99.8732
-102.251
-106.214
-110.178
-108.592
-111.763
-114.933
-116.519
-122.86
-124.445
-129.994
-137.92
-141.091
-147.432
-151.395
-154.566
-163.285
-172.004
-177.552
-182.308
-183.101
-182.308
-184.686
-183.101
-181.516
-179.93
-173.589
-168.833
-164.077
-159.321
-158.529
-154.566
-147.432
-142.676
-133.164
-125.238
-114.141
-97.4952
-86.3982
-73.7159
-63.4115
-52.3145
-39.6322
-26.1573
-13.475
0
11.8897
25.3646
37.2543
50.7292
62.6189
72.1306
80.0571
87.9835
95.91
103.044
109.385
114.141
115.726
117.311
118.104
118.104
119.689
122.067
124.445
127.616
133.957
143.469
153.773
163.285
171.211
175.174
178.345
181.516
179.93
179.138
176.76
176.76
178.345
179.93
183.101
183.893
188.649
191.027
191.82
192.613
191.027
187.064
183.893
179.138
173.589
166.455
156.151
146.639
132.372
121.275
108.592
95.91
84.8129
74.5086
65.7895
55.4851
46.766
36.4616
24.572
16.6455
4.75587
-4.75587
-11.097
-17.4382
-19.0235
-23.7793
-29.3278
-31.7058
-38.8396
-43.5954
-46.766
-56.2777
-63.4115
-73.7159
-82.435
-89.5688
-100.666
-110.178
-119.689
-129.201
-137.127
-141.883
-146.639
-146.639
-145.847
-144.261
-141.883
-140.298
-141.091
-144.261
-146.639
-152.98
-156.944
-158.529
-163.285
-163.285
-163.285
-161.699
-159.321
-157.736
-151.395
-145.847
-143.469
-133.957
-126.823
-118.897
-112.555
-110.178
-106.214
-100.666
-95.1173
-91.9467
-91.9467
-90.3614
-86.3982
-81.6424
-77.6791
-75.3012
-74.5086
-70.5453
-66.5821
-59.4483
-55.4851
-50.7292
-46.766
-40.4249
-33.2911
-30.9131
-23.7793
-19.8161
-14.2676
-7.92644
-3.96322
-0.792644
3.96322
5.54851
7.1338
8.71909
11.8897
19.8161
26.9499
34.8763
44.3881
53.8998
65.7895
77.6791
86.3982
93.532
99.8732
107.8
116.519
125.238
133.957
141.091
152.188
164.077
177.552
189.442
197.368
203.71
209.258
216.392
222.733
227.489
232.245
232.245
234.623
234.623
233.037
232.245
228.282
223.526
219.562
217.977
215.599
213.221
206.088
192.613
180.723
164.077
152.98
140.298
126.823
114.141
100.666
86.3982
72.1306
56.2777
38.0469
22.194
4.75587
-11.097
-26.1573
-42.8028
-57.863
-71.338
-84.0203
-91.9467
-103.044
-116.519
-131.579
-147.432
-160.114
-174.382
-183.101
-191.82
-198.954
-206.88
-212.429
-217.185
-219.562
-218.77
-219.562
-217.977
-215.599
-212.429
-206.088
-203.71
-202.124
-201.332
-203.71
-202.124
-196.576
-189.442
-177.552
-167.248
-155.358
-145.847
-136.335
-125.238
-114.141
-104.629
-93.532
-84.8129
-79.2644
-73.7159
-68.9601
-61.8263
-53.8998
-45.1807
-38.0469
-30.9131
-26.1573
-22.9867
-18.2308
-10.3044
0.792644
12.6823
19.0235
25.3646
29.3278
29.3278
34.8763
41.2175
46.766
51.5219
54.6925
58.6557
61.0336
62.6189
66.5821
69.7527
72.1306
73.7159
73.7159
73.7159
72.9233
73.7159
76.8865
76.8865
78.4718
80.8497
78.4718
77.6791
75.3012
69.7527
64.9968
61.0336
57.0704
53.1072
49.9366
49.1439
48.3513
44.3881
38.8396
34.8763
28.5352
27.7425
29.3278
26.1573
26.9499
24.572
21.4014
22.194
23.7793
26.1573
31.7058
33.2911
36.4616
35.669
32.4984
34.8763
35.669
38.0469
47.5587
55.4851
62.6189
68.9601
76.0938
80.8497
82.435
82.435
83.2276
80.8497
76.8865
80.8497
84.8129
86.3982
93.532
96.7026
95.91
91.9467
81.6424
73.7159
63.4115
53.1072
49.9366
45.1807
43.5954
42.8028
42.8028
41.2175
36.4616
29.3278
20.6088
11.097
4.75587
0
-5.54851
-8.71909
-11.8897
-16.6455
-21.4014
-30.1205
-38.8396
-49.1439
-58.6557
-64.9968
-68.9601
-73.7159
-72.1306
-74.5086
-74.5086
-74.5086
-81.6424
-87.1909
-100.666
-110.178
-119.689
-125.238
-128.408
-129.994
-129.201
-129.201
-128.408
-129.201
-130.786
-131.579
-132.372
-133.957
-131.579
-129.994
-127.616
-127.616
-130.786
-133.957
-138.713
-139.505
-139.505
-137.127
-134.75
-129.201
-120.482
-110.178
-99.0805
-87.1909
-78.4718
-74.5086
-72.9233
-70.5453
-64.9968
-60.241
-49.9366
-42.0101
-30.9131
-19.8161
-11.097
-0.792644
4.75587
10.3044
17.4382
25.3646
37.2543
51.5219
63.4115
76.8865
86.3982
94.3247
101.458
107.007
112.555
118.897
126.823
135.542
145.054
150.602
157.736
164.077
168.041
175.967
179.93
185.479
190.235
193.405
200.539
202.124
205.295
202.124
198.161
195.783
194.198
191.82
190.235
183.893
178.345
169.626
164.87
157.736
153.773
147.432
139.505
129.201
118.104
105.422
92.7394
79.2644
65.7895
53.1072
39.6322
28.5352
18.2308
7.1338
-4.75587
-15.8529
-30.1205
-40.4249
-47.5587
-55.4851
-63.4115
-73.7159
-83.2276
-90.3614
-97.4952
-100.666
-105.422
-111.763
-119.689
-123.653
-126.03
-130.786
-136.335
-142.676
-149.81
-157.736
-157.736
-156.151
-154.566
-154.566
-152.98
-150.602
-148.224
-145.054
-144.261
-141.091
-141.883
-140.298
-135.542
-132.372
-129.994
-128.408
-128.408
-126.823
-124.445
-120.482
-110.97
-104.629
-99.0805
-91.1541
-86.3982
-82.435
-76.8865
-73.7159
-67.3748
-63.4115
-57.0704
-48.3513
-41.2175
-30.9131
-21.4014
-15.0602
-7.1338
0.792644
7.92644
17.4382
24.572
29.3278
33.2911
37.2543
39.6322
43.5954
50.7292
56.2777
61.0336
67.3748
72.9233
76.8865
78.4718
79.2644
79.2644
80.0571
77.6791
76.8865
76.0938
73.7159
69.7527
68.9601
64.9968
60.241
57.0704
53.8998
52.3145
52.3145
49.1439
46.766
44.3881
42.0101
42.0101
39.6322
37.2543
34.8763
31.7058
30.9131
31.7058
33.2911
35.669
36.4616
35.669
34.8763
31.7058
34.0837
35.669
33.2911
34.8763
37.2543
38.8396
41.2175
42.8028
43.5954
43.5954
44.3881
49.1439
54.6925
58.6557
59.4483
59.4483
57.0704
57.863
57.863
60.241
61.8263
61.0336
59.4483
57.863
58.6557
59.4483
60.241
58.6557
53.1072
45.9734
41.2175
36.4616
32.4984
28.5352
23.7793
19.0235
15.0602
10.3044
3.17058
-3.17058
-11.097
-18.2308
-22.9867
-32.4984
-42.0101
-53.1072
-63.4115
-71.338
-76.8865
-81.6424
-84.0203
-87.1909
-91.9467
-94.3247
-95.91
-96.7026
-98.2879
-102.251
-103.836
-108.592
-108.592
-107.8
-106.214
-103.836
-103.044
-100.666
-97.4952
-95.1173
-91.9467
-86.3982
-84.0203
-84.0203
-80.8497
-78.4718
-74.5086
-72.9233
-72.9233
-73.7159
-72.9233
-68.9601
-64.2042
-61.0336
-59.4483
-56.2777
-52.3145
-50.7292
-46.766
-47.5587
-49.9366
-49.9366
-45.1807
-40.4249
-36.4616
-32.4984
-29.3278
-22.194
-16.6455
-11.8897
-6.34115
0
7.1338
15.8529
23.7793
34.8763
45.1807
53.1072
62.6189
73.7159
81.6424
88.7762
99.0805
107.8
116.519
123.653
127.616
133.164
138.713
144.261
146.639
147.432
148.224
152.98
156.944
160.114
164.077
165.663
165.663
165.663
161.699
158.529
156.151
147.432
138.713
131.579
121.275
111.763
104.629
95.91
90.3614
82.435
76.0938
72.1306
64.2042
54.6925
42.8028
32.4984
19.0235
8.71909
0
-8.71909
-18.2308
-27.7425
-33.2911
-39.6322
-47.5587
-58.6557
-68.1674
-76.8865
-85.6056
-90.3614
-94.3247
-99.0805
-102.251
-103.836
-107.007
-109.385
-111.763
-115.726
-119.689
-122.067
-119.689
-115.726
-112.555
-110.178
-105.422
-99.8732
-93.532
-87.1909
-84.8129
-79.2644
-74.5086
-68.1674
-61.0336
-54.6925
-51.5219
-49.9366
-51.5219
-50.7292
-48.3513
-48.3513
-47.5587
-43.5954
-42.8028
-40.4249
-36.4616
-33.2911
-26.9499
-20.6088
-14.2676
-8.71909
-6.34115
-4.75587
-5.54851
-7.92644
-10.3044
-13.475
-13.475
-10.3044
-10.3044
-8.71909
-6.34115
-3.96322
-4.75587
-5.54851
-4.75587
-4.75587
-4.75587
-3.17058
0
3.17058
3.96322
6.34115
10.3044
13.475
13.475
12.6823
14.2676
16.6455
19.0235
20.6088
23.7793
27.7425
30.1205
29.3278
29.3278
29.3278
30.1205
29.3278
31.7058
32.4984
33.2911
33.2911
31.7058
32.4984
33.2911
34.0837
35.669
38.0469
39.6322
38.8396
40.4249
41.2175
37.2543
39.6322
41.2175
39.6322
38.8396
36.4616
33.2911
30.9131
26.1573
23.7793
26.1573
24.572
25.3646
26.9499
26.1573
26.9499
26.1573
25.3646
25.3646
25.3646
24.572
25.3646
26.9499
30.9131
32.4984
34.0837
36.4616
35.669
35.669
37.2543
39.6322
42.8028
45.1807
45.1807
46.766
45.9734
42.8028
39.6322
34.8763
29.3278
23.7793
17.4382
11.8897
7.1338
3.17058
-0.792644
-3.96322
-7.1338
-9.51173
-11.8897
-13.475
-14.2676
-16.6455
-19.0235
-21.4014
-28.5352
-34.0837
-40.4249
-45.9734
-49.9366
-54.6925
-59.4483
-65.7895
-72.9233
-79.2644
-83.2276
-85.6056
-85.6056
-87.1909
-88.7762
-87.1909
-91.1541
-95.91
-101.458
-109.385
-114.141
-117.311
-119.689
-121.275
-121.275
-122.067
-119.689
-117.311
-115.726
-110.97
-107.8
-102.251
-95.1173
-88.7762
-81.6424
-72.9233
-67.3748
-61.8263
-57.0704
-53.8998
-49.1439
-45.1807
-40.4249
-35.669
-26.9499
-18.2308
-8.71909
-0.792644
6.34115
14.2676
21.4014
27.7425
37.2543
45.9734
