SAMPLES: 6076
BITSPERSAMPLE:	16
CHANNELS:	1
SAMPLERATE:	16000
NORMALIZED:	FALSE
-11.0963
-8.50718
-15.5348
-12.9457
1.84939
-7.39754
-9.98668
-9.98668
-9.24693
-5.91804
-4.43853
-15.165
-6.28791
5.54816
-4.06865
-2.58914
-0.739754
-3.69877
2.21926
1.84939
-4.43853
3.69877
6.65779
3.69877
4.43853
3.69877
8.50718
8.1373
4.43853
5.91804
3.32889
7.76742
11.8361
8.87705
14.7951
15.165
12.2059
8.87705
9.61681
13.3156
10.3566
11.0963
11.8361
6.65779
3.32889
6.28791
-1.10963
4.43853
10.7264
-1.47951
3.32889
4.43853
-5.54816
1.10963
7.02767
-2.21926
-4.06865
-0.369877
-5.91804
-0.369877
2.58914
-8.87705
-3.69877
2.58914
-6.65779
-10.3566
-1.47951
0.739754
0
2.21926
2.58914
-9.61681
3.32889
2.58914
-8.1373
1.84939
3.69877
0.369877
0.369877
7.02767
-4.43853
1.10963
-0.739754
-9.61681
-2.95902
3.69877
0
4.8084
2.21926
-1.10963
1.47951
-3.32889
-0.369877
5.54816
4.43853
-0.369877
11.4662
2.58914
1.10963
1.84939
-2.95902
5.91804
1.84939
-3.32889
1.47951
10.3566
2.21926
-2.58914
1.84939
-5.54816
5.91804
-3.32889
-9.61681
13.6855
-4.06865
-5.91804
4.06865
-14.0553
-6.65779
-2.21926
-16.6445
-14.7951
10.7264
-3.69877
-9.98668
6.28791
-16.2746
0
2.58914
-10.3566
0.739754
5.54816
6.28791
-8.50718
1.10963
4.43853
-1.84939
-1.84939
-5.54816
-2.58914
-4.06865
2.95902
-5.17828
-1.10963
13.3156
-5.17828
-9.61681
4.06865
-2.95902
-7.39754
7.02767
6.28791
-0.369877
7.02767
-4.06865
-6.28791
14.7951
-3.32889
1.47951
10.3566
-1.47951
6.28791
9.24693
2.58914
4.8084
16.2746
3.32889
0.739754
-4.8084
-0.369877
0.369877
-4.06865
11.8361
2.21926
0.369877
3.32889
-9.61681
-2.95902
1.10963
-13.6855
-8.1373
3.32889
-1.84939
-3.69877
0
-2.95902
5.17828
-5.91804
-23.3023
-2.58914
1.10963
-6.65779
2.95902
9.61681
4.43853
-4.8084
-16.2746
-17.7541
0.739754
1.10963
-7.39754
11.8361
20.7131
-5.91804
-0.739754
-8.87705
-15.9047
4.06865
-7.39754
6.28791
18.8637
2.58914
4.43853
1.47951
-6.65779
-1.84939
2.58914
5.17828
14.0553
4.8084
-1.10963
12.2059
-1.84939
-3.69877
3.69877
2.95902
12.9457
2.58914
1.47951
12.2059
9.24693
2.95902
-1.47951
12.5758
4.43853
4.8084
17.7541
2.21926
5.17828
7.39754
-1.84939
2.95902
12.5758
2.58914
8.87705
19.6035
-2.95902
-3.69877
-1.47951
-7.76742
5.54816
1.10963
5.17828
17.3842
2.58914
-11.4662
-12.2059
-11.8361
-11.4662
-8.50718
7.76742
11.0963
-5.17828
-4.8084
-24.4119
-27.001
-2.58914
-11.0963
-1.10963
19.6035
0.739754
-11.8361
-4.8084
-18.124
-15.165
3.32889
-4.06865
7.76742
4.8084
-16.6445
-16.6445
-11.8361
-15.165
-19.9734
-2.21926
3.32889
-1.47951
-10.3566
-16.2746
-12.5758
-12.9457
-11.0963
-9.98668
0.369877
12.2059
3.32889
-7.76742
1.10963
-1.84939
-12.2059
-1.47951
-1.47951
3.32889
17.7541
16.6445
14.4252
10.7264
-1.10963
-12.5758
0.369877
5.91804
11.8361
26.2613
21.8228
9.24693
-5.54816
-3.32889
-4.8084
-2.95902
12.5758
13.6855
11.8361
5.91804
-5.17828
-7.76742
-5.17828
-5.54816
-9.61681
-6.28791
0.369877
1.84939
-1.84939
4.06865
1.84939
-9.24693
-12.5758
-21.4529
-15.165
-2.21926
-6.65779
1.84939
5.91804
-7.39754
-9.24693
-8.1373
-1.47951
5.54816
6.65779
10.3566
11.8361
9.24693
10.7264
8.50718
12.5758
17.7541
8.50718
5.54816
12.9457
21.8228
24.4119
27.001
18.4939
17.7541
14.4252
-0.739754
12.9457
18.8637
14.4252
7.39754
-5.91804
-22.1926
-29.2203
-31.0697
-29.9601
-12.5758
-1.47951
-1.84939
-4.43853
-8.50718
-14.0553
-13.3156
-8.87705
0.369877
14.0553
24.4119
20.3432
20.7131
14.4252
7.76742
9.24693
11.0963
17.7541
21.4529
27.001
18.4939
11.8361
-0.739754
-12.9457
-21.083
-29.9601
-37.7275
-42.9058
-42.166
-39.9467
-29.5902
-24.4119
-16.6445
-10.3566
-3.32889
-3.69877
-7.02767
-5.17828
-10.3566
-13.6855
-15.9047
-20.3432
-23.6721
-25.5215
-27.001
-23.3023
-19.6035
-12.2059
-4.8084
2.58914
11.8361
22.5625
24.7818
22.9324
19.9734
11.0963
12.9457
10.7264
17.3842
26.2613
32.5492
39.9467
41.7961
44.3853
36.6178
32.5492
27.3709
17.7541
17.0144
13.6855
6.28791
4.43853
-1.10963
-4.43853
-1.10963
3.32889
4.06865
9.98668
15.9047
14.0553
15.5348
13.6855
12.2059
15.5348
16.2746
19.2336
24.042
32.9191
41.4262
53.2623
62.8791
69.167
74.7152
72.4959
66.208
52.5226
38.0974
23.3023
13.6855
7.76742
0.739754
-5.91804
-11.0963
-19.2336
-25.8914
-27.3709
-27.001
-29.5902
-35.8781
-42.5359
-51.7828
-59.5502
-71.0164
-86.1814
-97.2777
-106.895
-109.114
-98.0175
-82.4826
-68.0574
-54.0021
-45.125
-34.7685
-24.7818
-24.7818
-31.4396
-56.2213
-87.291
-119.47
-163.486
-203.063
-241.9
-268.531
-289.984
-298.121
-302.56
-308.108
-294.422
-289.984
-280.367
-273.339
-264.832
-251.147
-248.557
-237.461
-221.187
-174.952
-103.935
16.6445
222.666
467.155
711.644
890.294
1052.67
1173.25
1228.73
1189.16
1054.89
876.979
611.777
285.915
-86.5513
-395.399
-646.545
-815.579
-881.417
-847.389
-706.465
-520.047
-274.079
-12.5758
227.105
386.152
464.196
493.786
480.101
427.578
329.191
226.365
156.828
140.183
186.048
273.709
378.014
476.772
543.35
588.105
594.763
539.651
418.331
237.461
39.207
-159.047
-322.533
-448.661
-521.897
-552.597
-552.597
-513.759
-450.51
-371.727
-315.505
-289.984
-303.669
-334.739
-365.809
-392.07
-387.631
-359.521
-320.684
-257.804
-160.527
-41.4262
73.9754
143.512
152.759
110.223
22.1926
-96.5379
-248.557
-410.194
-557.405
-670.217
-737.535
-751.59
-715.343
-643.586
-571.09
-520.787
-482.32
-469.004
-507.102
-607.338
-736.795
-854.786
-939.858
-979.805
-971.667
-849.608
-612.517
-243.749
307.738
982.394
1683.31
2198.92
2517.38
2673.47
2687.53
2512.95
2094.98
1539.8
852.197
117.621
-653.573
-1314.54
-1760.25
-1983.65
-1981.06
-1798.71
-1404.05
-895.473
-300.34
291.463
779.701
1115.92
1245.01
1274.97
1234.65
1152.91
1033.44
886.226
787.838
770.084
863.293
999.408
1112.96
1157.35
1111.85
984.243
758.988
454.949
81.0031
-330.67
-738.275
-1085.96
-1294.2
-1347.46
-1228.73
-983.873
-651.354
-268.531
99.8668
439.414
663.93
750.851
681.684
479.361
215.638
-85.0718
-362.85
-613.996
-782.66
-856.636
-828.155
-696.109
-524.856
-344.726
-193.076
-71.3863
-6.28791
-13.3156
-80.2634
-187.158
-308.847
-441.264
-557.035
-642.477
-697.958
-725.329
-735.316
-720.891
-705.356
-726.439
-787.099
-866.622
-950.584
-1019.01
-1078.93
-1115.18
-1107.78
-1032.33
-892.144
-696.479
-466.785
-222.296
59.9201
400.577
881.047
1484.32
2060.22
2384.6
2460.42
2405.68
2288.8
2029.52
1530.55
917.665
220.817
-516.349
-1305.67
-1978.1
-2376.83
-2507.03
-2364.99
-1999.56
-1382.97
-622.133
220.077
1065.62
1770.6
2198.55
2287.69
2191.52
2015.83
1795.01
1469.15
1067.1
719.411
515.979
499.334
576.269
662.45
673.546
585.885
430.167
209.72
-75.8248
-437.195
-844.43
-1215.05
-1468.78
-1535.73
-1414.04
-1102.97
-621.394
-10.7264
646.545
1245.01
1722.52
1977.73
1961.46
1643.36
1137
539.281
-91.7295
-693.15
-1225.77
-1596.39
-1801.3
-1802.78
-1617.47
-1290.5
-910.638
-551.117
-208.981
79.5236
287.395
375.795
351.753
243.009
45.4949
-181.24
-379.864
-524.116
-639.518
-763.796
-844.06
-884.007
-937.639
-1048.23
-1188.79
-1280.51
-1315.28
-1299.01
-1219.49
-1079.3
-915.446
-767.125
-583.666
-354.342
-91.3597
117.991
327.341
770.084
1465.45
2134.56
2379.79
2292.5
2120.14
1937.79
1621.91
1098.54
543.35
-82.1127
-820.388
-1613.77
-2179.32
-2401.61
-2407.9
-2180.8
-1635.6
-822.607
21.4529
862.924
1748.41
2497.78
2759.28
2463.75
1993.64
1644.47
1365.22
973.147
491.197
133.526
23.3023
155.718
390.96
583.296
609.928
453.469
236.721
19.2336
-210.83
-537.801
-920.994
-1235.02
-1354.49
-1219.12
-878.088
-333.259
350.644
1088.92
1718.08
2151.21
2406.42
2437.49
2132.71
1444.74
561.843
-316.245
-1062.29
-1654.46
-2061.33
-2232.58
-2181.54
-1930.39
-1489.87
-931.351
-396.878
45.8648
426.099
756.399
920.994
866.992
670.957
396.878
60.6599
-343.986
-733.836
-1016.05
-1212.46
-1334.15
-1396.66
-1375.57
-1300.86
-1226.14
-1162.52
-1090.03
-980.544
-829.635
-654.313
-483.799
-331.04
-261.873
-288.874
-416.482
-552.227
-638.038
-688.341
-533.363
102.456
1120.73
1935.94
2165.26
2113.85
2133.45
2109.41
1724
1085.96
470.854
-234.132
-1146.99
-2045.79
-2494.45
-2565.1
-2464.86
-2063.91
-1189.53
-79.8935
856.636
1674.06
2474.48
2963.46
2732.65
1971.45
1307.89
946.516
632.12
193.076
-154.609
-168.294
95.7982
481.58
810.401
919.885
728.288
345.835
-27.001
-329.561
-653.573
-1022.34
-1299.75
-1290.13
-907.679
-282.586
438.674
1169.18
1845.69
2320.24
2474.11
2335.77
1994.01
1477.29
761.947
-57.331
-792.647
-1303.82
-1587.88
-1676.28
-1578.64
-1321.94
-974.257
-559.624
-113.922
220.817
322.163
207.871
38.4672
-72.4959
-155.348
-258.174
-363.219
-400.947
-376.905
-336.218
-311.437
-358.411
-501.923
-712.753
-905.829
-1046.01
-1142.18
-1168.81
-1118.51
-986.832
-801.894
-584.776
-349.164
-162.376
-82.1127
-144.622
-302.56
-578.118
-960.941
-1393.33
-1702.17
-1751.74
-1530.92
-786.359
476.772
1811.66
2545.13
2648.32
2639.81
2684.94
2491.49
1801.3
972.037
195.295
-657.642
-1664.08
-2406.05
-2563.62
-2405.31
-2094.98
-1516.87
-556.295
420.181
1127.76
1672.58
2113.48
2203.36
1722.15
1051.93
665.409
594.023
569.241
459.018
410.934
505.992
697.588
830.744
754.919
424.619
-88.0308
-601.05
-986.462
-1200.25
-1244.64
-1135.89
-880.308
-417.221
284.066
1050.08
1641.15
1982.17
2141.22
2100.9
1784.66
1249.08
740.124
346.575
-53.2623
-483.06
-744.193
-817.798
-861.444
-922.474
-930.981
-789.688
-634.709
-561.474
-540.391
-503.403
-494.156
-491.937
-340.657
-59.1804
184.569
325.122
480.47
658.012
732.727
591.064
240.05
-184.569
-591.804
-945.776
-1204.69
-1358.93
-1452.14
-1477.29
-1336.74
-1056.74
-786.359
-611.777
-512.28
-466.415
-484.909
-576.639
-697.588
-862.184
-1048.6
-1213.2
-1252.03
-1093.36
-791.907
-19.6035
1317.87
2722.67
3336.66
3095.87
2621.32
2229.62
1738.42
875.129
36.6178
-555.556
-1115.18
-1930.76
-2590.62
-2612.81
-2214.82
-1720.67
-1159.93
-376.535
415.372
1034.55
1574.94
2092.77
2293.61
1844.95
1105.19
736.795
904.72
1136.26
1047.12
734.946
467.155
385.412
348.794
130.197
-396.508
-1090.4
-1684.42
-1931.5
-1782.44
-1377.05
-826.306
-213.049
451.25
1193.96
1954.43
2505.55
2703.43
2555.85
2125.68
1481.73
767.495
164.965
-271.86
-619.544
-1001.63
-1348.94
-1461.38
-1356.34
-1262.39
-1240.94
-1181.02
-1030.85
-774.893
-426.838
-44.0154
290.354
504.882
636.929
818.908
1061.55
1162.52
1034.92
774.153
459.018
76.1947
-386.892
-882.897
-1349.31
-1712.9
-1942.96
-1958.87
-1772.08
-1498
-1252.77
-1022.34
-783.4
-551.117
-293.313
-13.6855
222.666
346.575
355.822
263.353
100.976
-148.691
-493.046
-842.58
-1063.4
-1024.19
-343.986
1051.93
2437.49
2838.81
2242.57
1473.22
1026.04
697.588
169.774
-251.886
-324.382
-389.111
-827.415
-1250.55
-1191.37
-877.719
-709.794
-636.929
-336.588
159.047
629.531
1067.47
1515.02
1658.53
1178.43
446.812
190.487
512.65
837.032
743.823
413.153
221.926
276.668
327.341
134.635
-302.929
-845.909
-1276.08
-1421.81
-1213.94
-719.781
-93.9488
493.416
976.846
1435.86
1873.8
2128.64
2084.26
1790.58
1274.97
578.118
-139.814
-670.587
-965.379
-1243.16
-1637.45
-1876.02
-1701.81
-1290.87
-978.325
-786.359
-531.144
-176.062
206.761
602.9
1049.71
1413.67
1518.35
1373.35
1130.34
798.195
311.437
-230.064
-684.273
-1061.55
-1435.49
-1694.78
-1713.27
-1578.27
-1569.02
-1777.63
-1925.21
-1701.07
-1161.04
-583.296
-82.8525
394.289
897.692
1334.52
1588.25
1608.97
1418.11
1023.08
459.387
-161.266
-704.986
-1209.13
-1736.94
-2198.18
-2373.13
-2311.36
-1932.98
-736.426
1251.29
2989.35
3327.05
2630.2
2055.04
2057.63
1972.56
1464.34
1062.66
915.076
458.278
-589.954
-1548.31
-1984.02
-2130.49
-2240.35
-2133.08
-1632.64
-935.419
-128.347
846.279
1737.31
1904.13
1228.36
593.653
746.412
1367.81
1635.6
1337.48
940.968
863.663
983.503
822.607
170.144
-785.249
-1699.96
-2287.69
-2393.48
-2006.21
-1240.94
-324.382
485.649
1109.26
1654.46
2130.49
2340.58
2121.62
1529.07
766.016
60.6599
-436.455
-741.234
-988.682
-1317.13
-1659.64
-1690.34
-1299.38
-844.8
-635.079
-538.171
-288.134
151.65
665.779
1125.91
1496.15
1661.49
1459.17
949.105
344.726
-252.996
-844.43
-1316.76
-1559.03
-1579.38
-1458.43
-1279.41
-1138.85
-1086.33
-1161.04
-1247.23
-1099.28
-633.97
-11.0963
631.38
1263.5
1769.49
2027.3
1922.25
1466.56
800.414
108.004
-549.268
-1126.28
-1562.36
-1818.69
-1919.29
-1901.17
-1873.06
-1835.33
-1742.86
-1461.01
-295.162
1983.65
4316.47
5000
3909.97
2406.79
1549.05
1104.82
466.415
-20.3432
9.24693
8.87705
-908.788
-2307.66
-3149.87
-3174.66
-2878.75
-2649.43
-2312.1
-1485.06
41.4262
1896.73
3313.36
3540.09
2628.35
1668.52
1575.31
2038.02
2139
1620.06
914.336
388.371
-52.5226
-733.466
-1636.34
-2474.85
-3145.07
-3586.7
-3523.82
-2642.03
-1050.08
694.629
1919.29
2362.78
2409.75
2484.1
2554.74
2306.92
1650.02
815.579
162.376
-184.939
-381.343
-628.421
-1040.09
-1585.29
-2076.12
-2272.9
-2127.53
-1655.2
-909.528
-50.6732
713.493
1317.87
1787.62
2091.66
2112.74
1729.55
1044.16
301.45
-264.092
-633.97
-881.787
-1048.97
-1172.88
-1249.45
-1318.24
-1375.2
-1355.6
-1193.59
-907.309
-514.869
-30.6998
498.964
1075.6
1624.13
1998.45
2070.2
1840.88
1408.86
869.951
272.23
-336.588
-829.265
-1141.07
-1326.75
-1453.99
-1498
-1459.17
-1463.6
-1571.61
-1714.38
-1659.27
-1400.36
-693.89
956.872
3159.86
4395.25
3577.08
1687.75
402.426
252.626
321.423
83.5922
95.0584
511.91
372.096
-1000.52
-2758.17
-3683.24
-3425.06
-2647.21
-1898.21
-999.778
456.798
2275.85
3592.25
3649.58
2406.05
804.483
-95.7982
-139.814
66.208
92.4693
50.6732
30.3299
-66.9478
-366.918
-843.69
-1390
-1957.02
-2379.79
-2283.25
-1382.6
87.6609
1477.29
2214.08
2222.22
1928.54
1709.57
1531.66
1181.02
704.246
364.699
290.723
340.287
213.049
-248.557
-931.721
-1594.17
-2042.09
-2075.75
-1616.73
-828.155
51.0431
796.346
1327.12
1601.2
1572.35
1189.53
567.022
-14.7951
-319.574
-245.598
39.207
287.764
293.313
78.7838
-230.064
-512.28
-693.15
-765.646
-701.657
-503.403
-183.459
185.308
523.006
711.274
655.053
413.153
190.117
216.748
491.937
743.083
704.986
383.933
-12.2059
-403.536
-812.62
-1150.32
-1267.57
-1197.29
-1102.97
-1077.45
-1068.95
-1027.52
-1037.51
-1168.44
-1306.78
-1296.05
-1061.18
-61.7695
1985.13
4053.48
4345.32
2541.06
283.326
-815.579
-731.247
-510.431
-311.437
314.026
933.94
329.191
-1495.78
-3043.72
-3177.62
-2257.36
-1425.14
-1004.22
-318.464
1042.31
2349.46
2527.74
1359.67
-335.479
-1352.64
-1118.14
-23.3023
1194.33
1966.27
2055.04
1494.67
666.149
-45.125
-564.802
-1002
-1385.93
-1424.03
-782.29
411.673
1483.21
1748.78
1079.67
-23.6721
-795.606
-769.714
-72.4959
831.484
1534.62
1847.17
1792.79
1469.89
927.282
157.568
-745.303
-1597.87
-2114.59
-2035.8
-1452.88
-770.454
-376.165
-233.393
-113.552
154.979
579.228
1026.78
1396.66
1636.71
1742.86
1726.96
1672.58
1459.54
825.566
-238.571
-1351.9
-2021.38
-2021.01
-1552.37
-1068.95
-824.826
-781.92
-755.289
-604.379
-343.246
-109.114
56.9611
298.491
713.493
1210.61
1527.59
1411.08
848.868
102.826
-507.102
-915.076
-1203.58
-1404.05
-1449.92
-1324.16
-1155.87
-1098.54
-1176.95
-1321.2
-1507.99
-1749.52
-1902.65
-1869.73
-1382.6
164.965
2619.47
4394.14
3899.99
1799.08
127.238
-70.2767
331.04
365.069
520.417
1223.18
1333.41
-474.552
-3235.69
-4641.59
-3825.27
-2173.03
-1188.05
-645.806
501.553
2109.78
2849.9
2054.67
513.39
-548.158
-511.54
455.689
1816.84
3032.25
3551.19
3011.17
1640.41
243.749
-599.571
-925.803
-1034.18
-1020.49
-750.851
-190.857
386.522
534.473
77.3043
-710.534
-1317.87
-1299.75
-576.269
537.062
1550.16
2050.6
1903.02
1340.07
757.139
349.164
89.5103
-66.9478
-65.0984
134.265
410.934
493.046
166.075
-476.032
-1048.97
-1197.29
-987.202
-646.175
-287.764
56.2213
270.38
237.091
12.2059
-170.883
-135.375
2.95902
82.8525
173.472
428.688
746.042
844.06
564.433
56.2213
-395.029
-636.559
-744.933
-794.866
-802.634
-808.921
-857.745
-967.229
-1115.92
-1229.47
-1179.54
-970.188
-706.835
-470.484
-279.257
-221.556
-336.588
-460.867
-397.248
-177.171
1.84939
-8.1373
-191.966
-379.124
-599.201
-999.408
-1588.25
-2140.48
-2482.62
-1938.9
-77.3043
1905.61
2153.06
505.992
-1048.97
-942.817
398.358
1543.13
2299.16
3278.59
3789.76
2350.2
-639.148
-2723.78
-2438.23
-906.569
27.001
89.1404
337.698
1063.77
1223.55
243.749
-1048.23
-1567.17
-1115.55
34.0287
1629.68
3201.66
3924.03
3197.59
1472.11
18.124
-378.014
-23.3023
465.675
826.306
984.243
874.02
521.527
19.2336
-540.76
-1057.85
-1325.64
-1118.88
-372.466
611.037
1315.65
1398.51
876.239
145.362
-285.915
-214.899
133.896
475.292
689.821
778.222
692.41
328.821
-294.422
-916.556
-1195.81
-1047.49
-665.039
-227.105
159.787
373.946
305.519
39.5769
-191.227
-171.253
56.2213
191.596
120.95
-60.6599
-224.146
-405.385
-657.642
-943.927
-1176.58
-1273.12
-1259.06
-1163.63
-1046.38
-973.147
-998.668
-1051.56
-962.051
-658.751
-248.188
61.0297
123.539
-78.414
-443.113
-791.537
-998.668
-1036.4
-930.611
-717.562
-511.17
-500.074
-737.905
-1073.75
-1287.91
-1345.61
-1355.23
-1346.72
-1213.94
-891.774
63.9888
1867.88
3341.1
2825.12
548.158
-1150.32
-702.767
959.831
2026.19
2444.89
3092.54
3337.4
1638.56
-1465.08
-3175.77
-2029.15
234.502
1288.65
1114.81
1168.81
1735.46
1591.58
212.679
-1266.09
-1604.16
-808.552
458.648
1731.77
2628.35
2572.13
1372.24
-152.759
-702.397
105.415
1362.63
2057.26
1946.66
1358.93
683.163
138.334
-297.751
-687.232
-869.581
-613.626
-19.6035
474.183
500.074
65.4683
-538.171
-1037.14
-1233.17
-973.517
-328.081
290.354
477.511
238.941
-63.9888
-155.348
-82.8525
-0.369877
94.3187
336.218
718.302
1046.75
999.408
453.1
-359.521
-1037.51
-1343.39
-1329.71
-1187.31
-1110.74
-1161.78
-1319.35
-1450.29
-1414.04
-1191.37
-857.005
-455.689
-35.1383
297.381
412.413
252.256
-79.8935
-409.084
-587.365
-618.435
-606.229
-715.712
-958.722
-1179.91
-1281.62
-1326.01
-1399.62
-1348.57
-1007.92
-488.238
-90.25
95.7982
237.091
370.247
353.972
161.636
47.3443
71.0164
12.2059
-363.959
-917.295
-1297.53
-1263.87
-259.654
1607.12
2777.41
1766.53
-440.894
-1251.29
206.022
2088.7
2704.91
2856.19
3529.37
3486.83
1313.8
-1452.14
-1996.6
-137.964
1612.66
1714.38
1051.93
736.056
341.397
-864.033
-2209.28
-2506.29
-1633.01
-346.205
849.238
1719.56
1851.98
1098.91
118.361
-149.8
592.173
1772.45
2648.32
2834
2281.4
1237.24
242.27
-280.367
-452.36
-520.047
-476.772
-348.424
-396.508
-821.497
-1403.68
-1704.39
-1602.31
-1281.62
-821.497
-234.132
270.38
386.522
82.1127
-264.832
-286.655
-53.6322
163.116
295.532
459.387
683.533
756.029
509.321
-23.3023
-581.077
-863.663
-866.622
-805.223
-881.047
-1080.41
-1222.07
-1200.25
-1095.95
-997.189
-926.542
-884.376
-787.469
-551.857
-252.256
-56.5912
-93.2091
-274.079
-407.235
-411.303
-374.316
-470.854
-756.029
-1088.55
-1229.47
-1091.51
-790.428
-494.896
-233.023
58.4406
386.152
623.243
641.367
524.856
438.674
382.823
254.845
111.333
108.374
181.98
-48.4539
-737.165
-1456.95
-1624.5
-1363.74
-748.262
644.696
2208.91
2349.83
740.494
-634.709
4.43853
1867.14
2883.93
2969
3457.61
3827.12
2247
-784.51
-2251.07
-781.181
1498.74
2150.47
1390
616.215
-44.0154
-1190.63
-2296.2
-2323.94
-1398.14
-442.743
279.997
974.996
1315.28
851.827
-8.87705
-355.082
106.525
1007.18
1849.39
2204.47
1709.57
507.841
-554.076
-746.782
-295.902
114.662
306.628
408.344
318.094
-119.84
-688.711
-948.365
-800.784
-484.539
-157.568
108.744
71.3863
-482.32
-1306.78
-1803.89
-1654.46
-1122.58
-649.874
-420.92
-342.506
-282.216
-312.916
-540.76
-831.114
-762.317
-176.801
485.649
726.809
527.815
270.01
159.787
83.9621
-12.2059
60.6599
239.68
156.088
-312.546
-849.238
-1142.55
-1211.35
-1223.92
-1232.43
-1181.39
-1133.67
-1158.09
-1231.69
-1189.53
-964.27
-625.462
-241.16
194.186
646.175
918.775
908.788
728.288
638.038
794.496
1060.07
1145.51
994.97
770.084
531.514
219.707
-189.377
-600.311
-923.583
-1118.51
-1233.91
-1283.84
-1395.92
-1355.23
-358.411
1308.63
1827.56
304.039
-1346.35
-767.865
1552
2960.87
2686.05
2610.59
3316.32
2801.45
369.137
-1314.17
-81.0031
2317.28
2838.81
1482.84
383.933
146.101
-480.84
-1729.92
-2259.21
-1543.5
-708.315
-575.529
-558.515
-245.968
-261.133
-980.175
-1590.1
-1078.93
440.524
1804.63
2113.11
1517.24
769.714
378.384
399.097
643.586
952.064
1305.3
1512.43
1298.64
671.697
18.124
-348.424
-511.91
-607.338
-626.202
-611.407
-793.017
-1277.56
-1758.4
-1846.8
-1562.36
-1242.05
-1080.41
-1026.78
-1015.68
-1058.59
-1143.66
-1146.99
-925.063
-453.1
119.1
562.953
662.45
436.825
153.499
57.7008
308.478
884.746
1490.61
1787.62
1617.1
1016.05
248.557
-410.564
-837.032
-999.408
-918.035
-793.387
-890.664
-1307.15
-1906.35
-2285.47
-2184.12
-1708.46
-1171.4
-783.4
-517.088
-293.682
-67.3177
235.612
671.327
1145.88
1498
1631.53
1591.21
1492.82
1320.09
999.408
659.491
506.362
509.321
383.563
-142.033
-1029
-1778.37
-1961.09
-1654.09
-826.676
379.124
969.448
120.21
-1249.45
-1385.93
-5.91804
1377.79
1639.67
1645.95
2337.25
2652.02
1360.78
-325.492
-300.71
1329.71
2571.39
2353.53
1414.41
641.737
7.02767
-636.559
-858.855
-337.328
439.044
747.152
478.991
-41.0564
-619.914
-1161.41
-1456.95
-1262.39
-480.84
455.689
701.287
-66.208
-1185.83
-1726.59
-1379.64
-484.539
525.226
1366.7
1747.3
1436.23
689.081
189.377
331.78
888.075
1427.73
1729.55
1716.97
1288.28
418.331
-619.544
-1366.7
-1568.65
-1377.42
-1181.39
-1281.99
-1706.24
-2244.04
-2629.46
-2677.54
-2338.36
-1700.33
-992.75
-520.417
-377.645
-272.23
66.5779
614.736
1177.69
1564.95
1760.99
1824.97
1664.08
1245.38
793.387
489.348
286.285
72.1261
-151.65
-378.384
-709.794
-1256.84
-1846.43
-2104.97
-1873.8
-1378.53
-981.284
-860.704
-924.693
-989.791
-933.57
-703.506
-297.381
178.651
508.951
558.515
439.044
390.59
468.265
547.048
564.433
585.885
632.86
636.929
532.253
356.192
186.418
105.045
177.171
309.217
247.078
146.471
470.854
866.622
415.002
-744.563
-1179.54
-169.774
1161.41
1494.3
1145.88
1029.37
860.334
-45.4949
-928.762
-381.713
1345.98
2529.59
2296.57
1412.56
769.345
425.359
230.803
341.397
754.919
1062.29
924.693
464.566
-45.8648
-531.514
-954.653
-1167.33
-1054.89
-708.685
-366.178
-324.382
-689.451
-1106.67
-1032.7
-346.945
478.621
923.213
926.542
717.562
492.307
403.166
585.516
989.791
1318.98
1269.05
795.976
154.979
-388.001
-730.507
-853.307
-750.481
-539.651
-505.992
-837.772
-1434.38
-1988.09
-2231.1
-2072.79
-1606.75
-1001.26
-476.402
-287.395
-519.677
-943.927
-1151.06
-922.104
-414.632
47.3443
279.627
299.231
224.146
115.402
49.1937
122.059
344.726
584.776
594.393
303.299
-108.374
-406.495
-482.32
-363.219
-190.487
-156.088
-385.412
-836.292
-1247.6
-1296.79
-923.213
-386.522
15.165
160.527
88.4007
-85.0718
-246.708
-290.723
-139.814
192.336
596.242
899.171
1065.62
1128.5
1032.33
787.838
548.158
467.155
525.226
541.13
392.81
177.911
8.87705
-15.5348
410.564
1179.17
1286.06
187.898
-925.803
-642.477
613.996
1354.12
1314.54
1463.23
1867.88
1323.79
-314.026
-1218.38
-167.924
1553.11
2090.18
1403.31
575.899
67.3177
-295.902
-380.974
61.7695
673.546
796.715
384.672
-42.166
-256.695
-503.403
-859.964
-1004.59
-679.464
-88.4007
248.188
-42.9058
-765.276
-1246.49
-1054.52
-407.975
202.693
494.896
443.853
123.539
-306.998
-530.034
-243.749
459.757
1064.14
1104.82
597.722
-88.0308
-642.107
-949.845
-967.229
-701.657
-380.234
-349.164
-700.547
-1202.1
-1577.53
-1714.38
-1639.3
-1440.3
-1198.03
-1011.24
-958.352
-981.284
-971.667
-887.705
-719.781
-436.455
-64.7285
252.626
370.617
274.449
151.65
231.543
530.404
846.279
931.721
718.302
376.165
146.471
121.69
218.228
303.669
310.697
264.832
227.844
225.255
215.638
160.527
79.1537
48.4539
96.5379
158.307
155.348
89.8802
63.249
116.511
146.471
116.881
159.047
311.437
379.864
255.955
141.663
341.767
818.908
1103.71
913.597
520.047
243.379
39.5769
-179.021
-272.599
-100.607
109.114
121.69
298.861
810.771
744.563
-407.975
-1292.35
-575.159
847.759
1243.9
706.465
626.202
978.695
418.331
-918.405
-1136.63
358.781
1786.88
1716.6
825.196
220.077
-215.638
-797.455
-886.596
-49.1937
822.977
703.506
-105.785
-655.792
-785.249
-977.216
-1213.57
-957.982
-204.542
339.547
158.677
-498.225
-1024.19
-1122.58
-871.431
-389.851
191.966
571.09
409.084
-262.613
-894.363
-911.377
-342.506
286.655
594.023
555.556
295.532
-83.2224
-473.813
-675.396
-515.979
-104.305
218.597
217.118
-79.5236
-544.089
-1041.2
-1349.68
-1264.98
-808.182
-296.642
-127.608
-406.865
-850.718
-1053.04
-865.143
-424.249
57.7008
408.714
521.157
469.374
446.442
519.677
648.765
794.496
948.735
1113.7
1208.39
1112.22
861.444
659.861
677.615
848.498
944.296
824.826
571.83
344.726
174.582
32.5492
5.91804
170.144
322.903
225.625
-44.3853
-237.091
-245.229
-184.199
-170.144
-149.061
-49.9334
35.1383
-38.4672
-214.899
-305.149
-272.599
-220.077
-186.788
-117.621
-41.0564
-126.498
-372.096
-497.115
-329.93
-95.4283
-131.306
-440.154
-712.014
-820.388
-894.733
-634.709
303.669
1041.2
380.974
-1011.61
-1296.42
-280.737
496.375
452.73
619.544
1273.12
1128.87
-201.213
-1049.34
-241.16
1023.45
1183.61
606.599
373.206
315.505
-176.062
-599.941
-168.294
590.694
565.172
-152.759
-543.719
-362.11
-326.971
-739.015
-983.503
-540.021
163.856
308.108
-258.914
-937.269
-1177.69
-928.022
-387.261
218.228
621.764
577.008
105.785
-335.109
-277.408
158.307
491.197
581.077
634.339
646.915
394.289
-76.9345
-362.85
-207.131
174.582
397.618
329.561
88.7705
-248.557
-622.133
-751.221
-375.055
244.119
523.006
244.859
-252.626
-525.596
-451.25
-190.857
108.744
405.016
618.805
611.037
363.959
107.264
86.5513
280.737
537.801
782.66
972.037
1014.94
813.36
407.605
86.5513
136.855
464.196
685.382
539.281
130.567
-217.488
-335.479
-297.011
-204.172
-94.6886
-32.9191
-110.963
-341.397
-576.639
-656.902
-578.118
-433.496
-285.545
-158.677
-101.716
-188.637
-412.783
-621.024
-666.149
-554.446
-405.016
-321.053
-330.3
-416.112
-536.692
-631.011
-624.723
-473.443
-248.557
-167.554
-342.506
-572.57
-571.09
-285.545
78.414
268.901
254.476
212.679
242.639
297.011
327.711
343.986
353.603
348.054
348.424
418.331
521.157
495.266
288.504
76.1947
56.9611
191.596
255.215
149.8
10.7264
-38.8371
-26.2613
-7.02767
25.1516
60.6599
26.2613
-74.7152
-104.305
-5.91804
78.7838
19.9734
-89.8802
-82.4826
41.7961
140.183
111.703
-5.17828
-114.662
-152.02
-95.4283
13.6855
100.237
129.827
114.292
92.0994
103.196
147.211
181.24
190.117
194.186
208.981
240.42
279.627
288.504
253.366
245.598
301.08
347.685
346.945
344.726
316.245
190.487
12.9457
-76.1947
-24.7818
63.9888
80.6332
30.3299
-31.4396
-81.373
-108.744
-122.429
-141.663
-182.719
-203.063
-144.622
-68.4273
-113.552
-268.531
-350.274
-263.353
-114.662
-38.0974
-46.9744
-88.0308
-130.567
-160.157
-114.292
19.2336
113.182
43.2756
-133.896
-238.571
-186.418
-78.414
-65.4683
-174.952
-308.847
-355.082
-270.75
-134.635
-81.0031
-160.157
-308.847
-422.4
-437.935
-378.384
-316.245
-305.149
-334.369
-346.575
-292.203
-179.76
-80.2634
-50.3033
-42.166
16.6445
101.716
149.061
158.677
152.389
139.814
147.581
191.596
241.9
257.435
240.79
252.256
306.258
301.45
171.253
24.4119
11.0963
108.374
170.883
153.499
136.485
160.897
164.965
105.415
43.2756
66.9478
151.28
194.186
174.212
167.924
207.131
221.926
180.13
172.733
251.886
289.984
161.636
-28.1107
-73.6056
21.4529
63.249
-4.8084
-72.8658
-103.935
-183.829
-332.52
-419.441
-343.986
-196.035
-104.305
-57.7008
-6.28791
18.124
-4.06865
6.28791
113.552
273.339
422.4
529.294
539.651
402.057
181.24
41.0564
65.4683
193.446
303.299
291.463
133.156
-83.5922
-241.9
-305.149
-302.56
-254.845
-176.801
-94.3187
-50.6732
-86.5513
-172.733
-211.2
-134.265
17.7541
151.28
181.24
67.6875
-116.511
-220.077
-197.514
-127.238
-57.7008
-8.1373
-27.001
-126.498
-238.571
-308.847
-345.465
-347.685
-261.133
-86.5513
69.9068
87.291
-56.2213
-233.762
-297.751
-220.077
-70.6465
64.7285
99.8668
-23.3023
-250.407
-428.688
-439.784
-285.175
-112.443
-100.607
-214.899
-274.449
-246.338
-225.625
-209.72
-122.429
19.6035
44.7551
-60.29
128.717
687.232
788.208
23.6721
-640.627
-375.425
250.777
417.591
340.287
561.474
722
160.527
-656.162
-617.695
280.737
970.558
924.693
619.914
483.06
336.588
48.8238
-2.58914
454.209
960.571
870.691
284.066
-102.826
-16.2746
102.456
-101.716
-343.246
-232.283
39.207
-5.54816
-379.124
-649.134
-625.832
-546.679
-529.664
-386.152
-79.8935
73.9754
-140.553
-450.141
-406.495
11.8361
407.975
489.348
358.781
257.435
216.378
133.156
76.1947
226.365
533.363
673.916
460.497
120.58
-10.3566
60.29
89.5103
12.2059
-19.9734
43.6455
50.6732
-107.264
-322.533
-413.523
-346.945
-240.79
-208.981
-263.722
-358.781
-470.854
-561.104
-545.199
-384.302
-159.417
-2.21926
-18.4939
-179.021
-311.067
-288.134
-150.54
-3.32889
88.4007
91.3597
3.69877
-114.662
-169.034
-117.991
-14.0553
59.1804
77.3043
92.4693
131.306
113.552
-15.9047
-148.691
-137.594
-2.95902
109.484
123.169
104.305
113.552
96.5379
25.1516
4.43853
90.6199
181.24
202.693
177.541
156.088
134.265
76.9345
24.7818
73.2357
189.747
229.694
154.609
46.9744
-44.3853
-98.0175
-76.1947
17.3842
89.5103
29.9601
-131.306
-234.872
-186.048
-55.8515
42.5359
86.9211
110.223
126.498
150.54
201.953
288.504
348.794
313.286
240.79
252.626
329.561
338.808
261.503
197.145
203.432
223.776
173.842
52.5226
-62.5092
-106.525
-111.703
-141.293
-188.637
-206.761
-195.665
-209.72
-267.421
-305.149
-274.819
-221.556
-202.693
-205.282
-185.678
-125.758
-78.414
-82.1127
-78.7838
-12.9457
50.3033
26.6312
-45.4949
-78.7838
-66.9478
-63.6189
-60.29
-39.9467
-42.166
-88.7705
-143.882
-163.116
-119.47
-28.1107
45.8648
53.6322
35.8781
44.3853
55.8515
18.124
-45.4949
-69.5369
-49.1937
-38.4672
-78.414
-158.307
-236.721
-275.189
-256.695
-193.076
-126.128
-101.716
-132.416
-181.24
-191.227
-143.512
-73.6056
-14.0553
9.98668
-12.2059
-48.084
-56.5912
-35.8781
-9.61681
11.0963
38.0974
76.1947
107.264
117.621
111.333
118.731
172.363
255.585
314.765
323.643
294.422
264.462
252.996
252.996
272.969
312.176
341.397
323.273
259.284
184.939
121.69
62.8791
9.61681
-5.91804
22.5625
68.7972
109.484
133.156
143.882
142.773
141.293
167.184
231.173
296.272
307.738
282.956
274.079
272.23
229.324
139.444
45.4949
-4.06865
0.739754
17.7541
-11.4662
-94.6886
-182.719
-217.858
-193.446
-135.375
-77.3043
-69.5369
-121.32
-187.898
-212.31
-167.554
-98.3873
-73.2357
-112.813
-176.801
-213.049
-220.817
-254.476
-335.109
-399.837
-381.713
-299.231
-239.68
-239.311
-254.845
-262.613
-278.518
-301.82
-287.025
-208.241
-107.634
-59.5502
-102.826
-191.596
-251.147
-268.901
-276.668
-267.421
-217.488
-169.034
-184.199
-258.914
-318.464
-309.217
-249.297
-183.089
-141.293
-128.717
-137.594
-153.499
-144.622
-85.0718
1.10963
51.4129
38.8371
1.84939
-21.4529
-26.2613
-36.248
-54.0021
-52.8924
-29.2203
-3.32889
16.6445
61.7695
138.334
204.542
234.132
236.352
253.736
339.917
500.444
676.505
788.208
795.606
709.794
593.283
534.473
602.16
776.372
938.378
965.749
822.607
592.913
429.427
416.482
497.855
546.679
488.608
350.274
198.254
85.4416
20.7131
-19.9734
-79.8935
-169.404
-237.461
-228.954
-162.376
-129.087
-190.487
-304.039
-343.616
-233.023
-33.2889
119.1
131.306
23.6721
-103.566
-156.088
-98.0175
25.5215
95.0584
30.3299
-123.909
-263.353
-330.3
-335.479
-319.944
-316.985
-327.341
-332.52
-333.999
-348.424
-379.864
-403.166
-392.07
-336.958
-254.476
-189.377
-206.022
-317.355
-446.812
-494.896
-434.976
-338.808
-304.409
-375.425
-505.252
-606.229
-611.407
-536.322
-461.977
-439.414
-439.784
-412.783
-351.753
-288.504
-254.845
-233.023
-174.212
-62.5092
60.6599
129.457
105.785
23.3023
-47.3443
-63.249
-21.8228
49.9334
118.731
156.828
142.033
85.8115
44.3853
74.3453
172.733
284.066
351.383
357.671
331.78
310.697
305.519
305.149
308.108
335.479
392.07
438.304
424.619
359.891
310.327
326.971
397.988
478.251
526.705
537.062
522.636
497.115
477.511
469.374
467.525
463.826
449.771
420.181
365.809
279.997
187.898
130.197
121.69
137.964
150.17
143.142
107.634
39.9467
-32.5492
-51.0431
20.3432
132.416
202.693
200.843
161.266
128.347
104.675
82.4826
66.208
48.4539
4.8084
-73.6056
-166.075
-236.721
-287.764
-344.726
-409.454
-458.278
-470.114
-466.045
-472.703
-487.498
-486.758
-450.141
-382.823
-308.478
-243.749
-197.514
-182.719
-200.473
-220.447
-215.269
-192.706
-184.569
-208.611
-248.188
-282.956
-310.327
-335.848
-359.151
-362.11
-346.205
-335.848
-346.945
-355.822
-329.191
-278.148
-244.119
-243.379
-247.448
-235.982
-216.748
-196.775
-166.075
-126.128
-103.566
-106.895
-107.634
-84.332
-41.7961
1.10963
46.9744
116.511
207.501
278.518
308.478
309.217
314.026
356.931
428.688
485.649
502.663
489.717
463.086
420.181
361.37
302.929
264.092
236.352
200.104
152.389
116.141
94.3187
68.7972
44.3853
53.2623
109.484
171.253
197.145
191.596
190.487
221.556
276.668
326.232
349.164
337.698
292.203
234.132
186.788
160.527
136.115
92.4693
31.4396
-23.6721
-63.9888
-104.675
-157.568
-217.488
-252.256
-241.53
-199.734
-148.321
-102.086
-74.3453
-61.3996
-41.7961
-5.91804
38.8371
73.6056
91.3597
89.1404
71.0164
47.7142
14.4252
-41.7961
-118.731
-187.898
-218.228
-218.967
-229.324
-252.996
-267.421
-261.503
-249.297
-229.324
-197.884
-156.458
-113.182
-76.9345
-52.8924
-48.4539
-66.208
-99.8668
-131.676
-150.54
-160.897
-164.595
-168.664
-190.117
-228.954
-253.366
-234.502
-184.939
-133.526
-90.6199
-49.1937
1.47951
51.4129
82.8525
100.976
132.046
180.87
218.228
223.036
197.145
155.718
93.2091
20.3432
-25.8914
-29.5902
-14.0553
-17.0144
-36.248
-48.8238
-43.6455
-19.9734
20.7131
83.9621
160.527
224.146
260.763
281.107
295.902
300.34
275.559
224.515
184.199
184.199
187.528
140.923
49.5635
-20.3432
-34.0287
-24.042
-18.4939
-11.8361
11.0963
33.2889
39.5769
44.3853
61.0297
88.4007
104.305
100.607
86.1814
73.2357
56.9611
19.6035
-31.4396
-76.1947
-95.4283
-98.7572
-111.703
-151.28
-208.241
-252.996
-258.174
-222.296
-173.472
-139.814
-128.347
-119.84
-86.1814
-35.1383
1.47951
5.17828
-9.61681
-13.3156
-8.87705
-5.91804
-16.2746
-48.084
-96.9078
-154.979
-193.816
-196.405
-177.541
-157.938
-146.471
-128.347
-86.1814
-14.4252
63.6189
109.484
115.402
102.086
101.716
116.881
121.32
95.7982
50.3033
2.95902
-34.0287
-54.3719
-67.3177
-86.1814
-111.703
-129.087
-122.799
-95.7982
-56.5912
-17.3842
12.9457
38.0974
63.249
93.5789
124.649
147.951
156.828
147.211
131.306
117.251
105.785
85.8115
56.2213
25.8914
0.369877
-15.5348
-25.5215
-27.7408
-19.6035
-4.06865
15.165
35.1383
71.3863
122.799
174.582
213.789
237.831
255.215
269.271
278.148
275.189
254.845
222.296
184.199
149.43
119.1
89.1404
60.29
31.0697
2.21926
-14.4252
-15.165
-3.32889
9.98668
14.4252
11.0963
7.76742
8.50718
14.7951
17.7541
5.54816
-15.165
-40.6865
-72.8658
-114.292
-151.28
-173.842
-190.117
-207.871
-231.173
-257.065
-281.846
-304.039
-319.944
-319.574
-303.299
-285.175
-274.449
-267.051
-250.777
-224.146
-200.473
-193.076
-193.446
-183.089
-162.376
-146.841
-141.293
-136.485
-125.018
-109.854
-95.7982
-80.6332
-61.7695
-41.7961
-25.1516
-8.50718
20.3432
63.6189
103.566
122.799
127.608
136.485
153.869
170.513
183.089
188.637
190.487
191.227
189.007
189.007
191.227
187.158
173.103
153.129
141.293
133.156
119.47
103.196
93.5789
94.3187
96.5379
90.9898
78.414
69.5369
65.0984
60.6599
56.5912
59.5502
68.0574
73.6056
69.167
55.4816
38.4672
24.4119
16.2746
10.7264
7.76742
13.3156
17.3842
14.0553
8.50718
14.0553
38.0974
65.0984
75.4549
68.0574
53.6322
46.9744
47.7142
47.3443
44.0154
43.2756
44.3853
39.9467
29.2203
15.5348
6.28791
4.8084
7.39754
14.4252
17.7541
15.5348
9.24693
-1.10963
-9.24693
-13.6855
-18.4939
-27.3709
-42.9058
-59.5502
-73.6056
-83.5922
-92.8392
-99.1271
-98.0175
-92.4693
-92.4693
-105.785
-122.059
-126.498
-121.32
-115.772
-115.032
-115.402
-113.922
-117.251
-123.539
-121.32
-111.703
-100.607
-93.9488
-89.5103
-80.6332
-72.1261
-68.7972
-67.6875
-64.3586
-54.0021
-44.7551
-42.9058
-44.3853
-45.125
-42.166
-38.0974
-31.0697
-17.7541
-4.06865
6.28791
9.24693
9.98668
9.24693
5.91804
3.69877
1.47951
2.58914
4.06865
5.17828
7.76742
11.0963
14.0553
11.4662
7.39754
9.98668
13.3156
12.9457
12.5758
18.8637
31.8094
40.6865
35.5082
23.3023
21.4529
35.8781
53.2623
60.6599
60.6599
59.1804
59.5502
59.9201
62.8791
71.7562
81.373
83.9621
82.4826
82.1127
85.8115
84.7019
72.8658
63.6189
65.4683
74.7152
75.0851
63.9888
56.5912
58.8105
65.8381
67.3177
63.6189
56.9611
47.3443
38.8371
33.2889
34.3986
37.3576
36.9877
36.6178
41.7961
51.0431
50.6732
40.3166
31.0697
34.0287
48.8238
59.9201
63.6189
59.1804
46.9744
33.2889
21.4529
21.4529
28.4805
32.5492
22.5625
5.54816
-9.24693
-18.124
-21.083
-23.6721
-22.9324
-19.6035
-23.3023
-35.8781
-52.8924
-62.1394
-58.4406
-50.6732
-47.3443
-51.0431
-59.9201
-71.7562
-84.7019
-93.9488
-99.8668
-102.456
-107.634
-112.443
-109.484
-105.415
-105.415
-112.813
-115.772
-105.045
-86.1814
-65.8381
-52.1527
-44.0154
-38.0974
-35.1383
-32.1793
-28.4805
-22.9324
-17.7541
-18.8637
-28.4805
-41.7961
-57.7008
-71.0164
-77.3043
-72.4959
-61.0297
-60.6599
-73.6056
-87.291
-85.4416
-71.0164
-56.2213
-48.084
-42.9058
-30.6998
-18.8637
-13.6855
-15.5348
-15.9047
-9.61681
-1.84939
2.21926
2.58914
-2.21926
-10.7264
-21.8228
-28.1107
-18.4939
2.21926
14.4252
15.165
15.5348
21.083
29.9601
39.9467
55.1117
76.5646
97.6476
112.813
122.429
125.018
125.018
121.69
115.402
113.552
122.059
133.526
135.005
124.279
117.621
122.799
129.087
131.306
132.786
135.005
133.896
129.827
128.717
130.197
133.526
127.978
113.922
103.935
98.7572
91.3597
74.7152
56.2213
46.2347
45.125
42.5359
32.5492
18.8637
7.02767
-2.95902
-11.8361
-15.5348
-15.5348
-19.6035
-32.1793
-44.3853
-46.2347
-41.4262
-42.166
-53.6322
-66.5779
-73.9754
-82.1127
-97.2777
-111.703
-122.799
-129.827
-127.608
-117.991
-108.374
-107.264
-116.881
-124.649
-116.881
-97.2777
-80.2634
-72.4959
-69.5369
-64.7285
-58.4406
-51.7828
-49.9334
-54.3719
-63.249
-69.5369
-66.9478
-60.29
-59.1804
-68.7972
-81.7429
-86.1814
-81.0031
-68.4273
-62.5092
-67.6875
-73.9754
-72.4959
-63.249
-51.4129
-40.6865
-36.248
-34.0287
-32.5492
-27.3709
-24.042
-31.8094
-43.6455
-49.5635
-45.4949
-40.6865
-39.9467
-41.0564
-42.9058
-40.6865
-31.4396
-11.0963
13.3156
27.7408
38.8371
54.0021
73.2357
92.8392
111.333
120.58
122.059
121.32
119.84
120.21
114.662
106.895
100.976
98.7572
101.346
105.045
107.634
106.155
104.675
108.374
118.731
128.347
133.156
136.485
136.115
134.635
131.306
122.429
108.744
95.7982
83.9621
74.3453
66.9478
55.1117
36.9877
17.7541
2.58914
-7.39754
-15.5348
-23.6721
-34.7685
-42.9058
-42.9058
-41.4262
-40.6865
-41.4262
-48.4539
-59.5502
-66.9478
-71.0164
-72.1261
-75.0851
-81.373
-92.8392
-106.155
-116.141
-120.95
-122.059
-122.059
-118.361
-111.703
-101.346
-91.7295
-82.8525
-68.0574
-52.5226
-40.6865
-34.3986
-29.2203
-23.6721
-18.124
-17.0144
-17.7541
-20.3432
-24.7818
-31.8094
-40.3166
-42.5359
-41.0564
-36.6178
-30.6998
-26.6312
-22.1926
-12.9457
2.21926
16.6445
29.9601
38.4672
41.7961
46.2347
52.1527
57.331
60.6599
65.0984
67.6875
66.208
60.6599
53.6322
47.3443
40.6865
33.6588
24.042
17.0144
14.4252
11.8361
11.0963
9.98668
5.91804
2.95902
2.21926
2.58914
1.84939
0.369877
-0.369877
2.21926
8.1373
15.5348
19.6035
19.9734
23.3023
27.3709
28.4805
27.001
28.1107
33.2889
39.9467
44.0154
47.3443
51.0431
49.1937
44.3853
38.8371
31.8094
20.3432
7.76742
-3.32889
-13.6855
-22.9324
-28.4805
-31.0697
-32.1793
-30.6998
-32.5492
-33.2889
-28.1107
-22.1926
-16.2746
-13.3156
-14.7951
-17.7541
-19.6035
-22.5625
-27.7408
-35.1383
-43.6455
-53.2623
-59.5502
-62.8791
-69.167
-81.0031
-91.3597
-95.7982
-96.1681
-93.5789
-91.7295
-91.3597
-83.9621
-74.3453
-68.0574
-63.249
-58.8105
-48.4539
-36.6178
-25.5215
-14.7951
-3.69877
9.61681
23.3023
32.9191
41.4262
48.084
51.0431
52.5226
56.9611
61.3996
64.3586
62.8791
54.3719
43.2756
34.7685
33.6588
38.0974
42.5359
47.3443
55.8515
69.5369
83.9621
93.9488
100.237
108.374
119.1
128.717
137.594
144.622
147.951
146.471
138.334
124.279
106.155
85.0718
61.7695
36.248
13.3156
-5.54816
-24.4119
-41.0564
-55.8515
-65.0984
-68.4273
-68.7972
-65.4683
-60.6599
-52.1527
-39.207
-29.2203
-23.3023
-21.083
-19.9734
-15.165
-11.0963
-5.54816
-1.10963
2.95902
4.06865
-1.10963
-5.91804
-12.5758
-19.9734
-25.1516
-30.3299
-32.9191
-36.9877
-44.7551
-56.5912
-73.2357
-87.6609
-98.3873
-106.155
-107.264
-104.305
-100.237
-94.6886
-88.7705
-81.373
-73.6056
-67.6875
-62.1394
-58.4406
-52.8924
-46.9744
-42.166
-39.9467
-39.9467
-41.0564
-41.0564
-41.0564
-43.2756
-45.125
-46.9744
-48.4539
-48.8238
-49.5635
-49.5635
-45.8648
-43.6455
-44.7551
-46.6045
-43.2756
-35.1383
-21.083
-4.8084
14.0553
33.6588
50.6732
67.6875
83.9621
102.086
117.621
129.087
135.745
136.485
136.115
133.896
127.978
116.141
103.935
88.7705
72.1261
55.4816
38.0974
28.4805
21.4529
16.2746
12.2059
9.98668
15.9047
21.4529
25.1516
28.1107
32.5492
40.3166
46.6045
54.3719
65.0984
75.0851
79.5236
78.7838
80.2634
82.8525
83.9621
81.0031
71.7562
58.0707
41.7961
24.4119
10.7264
1.10963
-7.76742
-17.3842
-24.7818
-29.5902
-31.8094
-34.0287
-37.7275
-41.7961
-46.9744
-51.4129
-52.1527
-46.2347
-36.248
-31.4396
-29.5902
-28.4805
-27.7408
-27.3709
-28.1107
-31.4396
-35.8781
-39.9467
-45.4949
-48.8238
-48.8238
-46.6045
-45.8648
-48.4539
-51.0431
-52.5226
-54.0021
-54.0021
-56.2213
-59.1804
-59.1804
-58.4406
-55.8515
-54.0021
-52.1527
-52.8924
-56.5912
-59.5502
-57.331
-50.3033
-46.2347
-45.8648
-45.8648
-44.0154
-39.207
-32.9191
-24.7818
-18.4939
-14.7951
-16.6445
-18.4939
-16.6445
-11.8361
-7.76742
-7.39754
-8.87705
-10.7264
-10.3566
-9.61681
-11.4662
-10.3566
-8.87705
-6.28791
0.739754
11.0963
19.9734
28.4805
33.6588
40.6865
51.0431
59.9201
67.3177
70.2767
70.2767
73.2357
76.1947
75.4549
71.7562
62.1394
48.8238
38.8371
31.8094
27.7408
24.4119
17.0144
9.24693
6.65779
8.1373
12.5758
16.6445
21.8228
29.9601
35.8781
41.0564
45.125
49.9334
57.7008
62.5092
65.8381
66.9478
62.8791
57.7008
48.8238
41.0564
37.3576
33.2889
27.001
20.3432
10.3566
-0.369877
-8.50718
-17.0144
-21.083
-21.083
-25.1516
-29.5902
-35.8781
-43.6455
-46.2347
-45.125
-39.9467
-32.1793
-29.2203
-28.8504
-29.2203
-28.8504
-22.1926
-14.7951
-7.76742
-2.95902
1.47951
5.54816
8.87705
11.8361
12.5758
14.4252
14.7951
13.3156
8.1373
0.369877
-11.8361
-26.6312
-36.248
-42.166
-44.7551
-46.9744
-53.2623
-58.0707
-58.0707
-56.9611
-48.8238
-36.9877
-25.8914
-16.6445
-12.5758
-5.54816
7.39754
24.042
35.8781
42.5359
46.9744
46.2347
42.166
33.2889
25.5215
21.4529
17.7541
9.98668
0.739754
-8.1373
-17.0144
-24.7818
-30.6998
-33.2889
-32.1793
-30.6998
-34.0287
-38.4672
-41.0564
-39.207
-32.5492
-25.5215
-18.124
-11.8361
-8.1373
-9.24693
-12.5758
-13.6855
-9.98668
-3.69877
-0.739754
-2.95902
-8.50718
-14.0553
-17.0144
-18.124
-16.2746
-11.8361
-9.61681
-13.3156
-19.2336
-25.8914
-27.7408
-24.4119
-19.9734
-14.7951
-10.3566
-9.24693
-10.3566
-13.6855
-9.24693
2.95902
15.165
19.9734
18.4939
19.6035
25.5215
31.0697
35.8781
42.5359
49.5635
55.4816
58.4406
54.7418
48.8238
46.2347
43.6455
41.4262
41.7961
44.0154
44.7551
39.9467
30.6998
28.4805
33.6588
39.9467
43.2756
42.9058
40.6865
35.8781
32.5492
33.2889
38.8371
46.9744
53.6322
58.8105
62.5092
65.8381
67.3177
67.6875
65.8381
61.0297
53.6322
44.3853
34.7685
25.1516
12.5758
-0.369877
-9.61681
-18.124
-26.6312
-34.7685
-41.4262
-48.4539
-54.7418
-58.0707
-56.9611
-51.7828
-47.3443
-44.3853
-41.4262
-36.248
-29.5902
-25.1516
-24.7818
-28.8504
-32.5492
-34.7685
-39.5769
-45.8648
-49.5635
-52.1527
-54.7418
-60.6599
-71.0164
-78.7838
-83.2224
-87.6609
-92.8392
-98.7572
-105.045
-108.004
-108.374
-109.484
-109.114
-104.305
-93.9488
-81.0031
-71.0164
-65.0984
-63.9888
-61.7695
-57.331
-53.2623
-46.9744
-38.4672
-27.3709
-18.4939
-14.0553
-10.7264
-3.69877
9.61681
20.7131
29.5902
36.9877
44.3853
51.0431
54.7418
55.4816
58.0707
63.9888
71.3863
76.9345
77.3043
78.0441
79.5236
81.373
82.1127
82.8525
88.7705
96.1681
100.237
100.607
96.9078
92.4693
88.7705
83.2224
76.5646
69.167
60.6599
51.0431
41.4262
32.1793
26.6312
24.042
21.083
17.3842
12.2059
7.76742
8.50718
12.9457
17.3842
20.3432
22.1926
25.5215
29.2203
31.0697
33.6588
34.3986
34.0287
31.8094
25.8914
18.4939
11.8361
5.54816
-0.739754
-8.1373
-15.5348
-19.9734
-25.5215
-29.2203
-35.8781
-41.7961
-44.7551
-47.7142
-49.9334
-51.0431
-49.5635
-48.084
-45.4949
-42.166
-39.207
-35.8781
-33.2889
-30.6998
-28.4805
-24.4119
-19.9734
-16.6445
-13.6855
-13.3156
-12.9457
-13.3156
-15.165
-16.2746
-15.9047
-14.0553
-12.9457
-12.5758
-14.4252
-18.4939
-22.9324
-27.3709
-28.4805
-28.4805
-31.8094
-35.1383
-39.207
-42.5359
-43.2756
-42.5359
-39.207
-36.6178
-34.7685
-32.1793
-28.1107
-22.5625
-18.124
-15.5348
-14.4252
-11.4662
-7.39754
-2.95902
2.21926
7.39754
8.87705
10.3566
11.8361
12.2059
14.0553
17.0144
20.7131
24.7818
29.2203
32.9191
35.1383
37.3576
40.3166
43.6455
48.8238
51.7828
54.0021
53.6322
52.1527
49.5635
46.6045
44.0154
39.5769
35.5082
31.4396
26.6312
21.8228
16.6445
12.5758
8.50718
5.54816
1.84939
-3.69877
-9.24693
-16.2746
-21.8228
-24.042
-25.1516
-24.4119
-23.3023
-24.4119
-26.2613
-26.2613
-24.7818
-19.9734
-14.0553
-7.02767
-4.43853
-3.69877
-5.17828
-6.65779
-8.1373
-10.3566
-12.5758
-14.7951
-17.0144
-20.3432
-25.8914
-29.9601
-33.6588
-37.3576
-38.4672
-40.3166
-41.4262
-41.4262
-39.207
-34.7685
-31.0697
-28.1107
-25.5215
-21.8228
-19.6035
-19.9734
-17.3842
-12.5758
-5.17828
2.95902
8.87705
13.6855
18.8637
23.3023
26.2613
27.7408
32.9191
41.0564
48.8238
51.7828
51.7828
51.7828
52.5226
50.6732
47.7142
44.3853
41.7961
40.3166
36.6178
35.8781
39.207
42.166
42.166
37.3576
32.5492
29.5902
27.001
24.042
22.1926
22.1926
24.042
26.2613
25.8914
24.4119
22.9324
19.9734
14.7951
9.98668
8.50718
13.6855
19.9734
24.7818
29.2203
33.2889
37.7275
36.9877
31.4396
26.2613
21.4529
17.7541
14.0553
14.7951
16.6445
17.0144
13.6855
5.91804
1.10963
-4.06865
-9.98668
-15.165
-20.7131
-22.5625
-24.4119
-30.3299
-36.6178
-44.0154
-52.1527
-60.6599
-72.8658
-83.9621
-93.2091
-99.497
-102.456
-104.305
-106.525
-107.264
-110.963
-114.662
-116.511
-119.1
-118.361
-114.662
-110.223
-103.935
-97.6476
-93.5789
-92.0994
-92.8392
-92.4693
-88.7705
-84.332
-79.1537
-74.7152
-69.167
-62.5092
-55.8515
-51.4129
-45.8648
-38.8371
-31.8094
-23.3023
-15.9047
-4.8084
7.39754
17.7541
26.6312
35.5082
44.7551
54.7418
63.249
70.2767
80.2634
90.9898
102.456
112.443
121.32
127.978
132.416
135.745
139.444
142.773
144.622
146.101
145.362
144.992
143.882
139.814
136.485
133.526
130.937
129.087
127.608
125.018
118.361
109.854
102.086
97.6476
94.3187
89.8802
82.8525
74.7152
69.167
65.4683
61.0297
53.6322
45.4949
38.0974
32.9191
28.8504
25.1516
21.083
14.0553
6.28791
-1.84939
-9.24693
-15.5348
-22.5625
-30.3299
-39.207
-46.6045
-55.8515
-63.6189
-69.167
-76.1947
-82.4826
-87.6609
-88.7705
-88.0308
-89.8802
-92.8392
-98.0175
-100.607
-102.826
-104.675
-106.895
-108.374
-109.114
-108.744
-108.004
-108.004
-111.333
-116.511
-121.32
-122.799
-120.58
-118.361
-116.141
-114.662
-112.813
-109.854
-108.374
-106.895
-107.634
-107.264
-103.566
-99.497
-92.4693
-86.1814
-79.8935
-73.9754
-66.5779
-58.8105
-54.7418
-51.0431
-44.3853
-36.9877
-27.001
-17.7541
-10.3566
-2.21926
8.1373
17.3842
24.042
30.3299
37.7275
46.9744
56.5912
65.4683
74.7152
82.8525
92.0994
101.716
108.744
113.922
117.991
122.799
127.608
129.457
133.156
137.594
141.293
145.362
148.321
147.211
144.252
142.033
137.224
133.526
130.937
126.498
122.059
115.032
108.004
99.8668
89.5103
81.373
73.9754
64.3586
54.3719
45.8648
38.8371
32.5492
26.2613
20.3432
12.5758
3.32889
-3.69877
-10.3566
-17.7541
-25.8914
-34.0287
-41.7961
-45.8648
-47.3443
-51.7828
-58.8105
-66.9478
-70.2767
-71.7562
-74.3453
-77.3043
-80.2634
-81.7429
-81.7429
-78.7838
-75.0851
-71.7562
-69.9068
-68.7972
-66.9478
-63.249
-58.0707
-52.1527
-47.7142
-42.9058
-37.7275
-34.0287
-30.6998
-27.3709
-24.4119
-22.9324
-21.083
-17.3842
-13.6855
-12.5758
-12.2059
-9.24693
-4.43853
-1.10963
0
-0.369877
-1.84939
-3.69877
-5.54816
-6.28791
-3.69877
-1.10963
-1.10963
-4.06865
-8.50718
-11.8361
-13.6855
-14.4252
-13.3156
-12.9457
-14.4252
-18.124
-20.7131
-22.5625
-25.8914
-29.9601
-36.248
-37.7275
-35.8781
-31.4396
-28.4805
-28.1107
-26.2613
-23.6721
-19.6035
-14.4252
-8.50718
-5.91804
-4.8084
-0.369877
3.69877
6.28791
5.17828
3.69877
4.43853
7.39754
11.0963
14.4252
17.7541
21.083
25.5215
28.4805
31.8094
36.6178
40.3166
40.6865
38.8371
39.5769
39.9467
38.8371
35.1383
32.9191
31.0697
30.3299
31.4396
32.5492
30.6998
26.2613
23.6721
23.3023
24.7818
25.8914
25.8914
24.4119
21.8228
19.6035
17.3842
14.7951
12.9457
10.7264
9.24693
6.28791
4.8084
4.43853
4.06865
2.58914
0.369877
0
0
-1.10963
-3.32889
-6.28791
-8.87705
-9.98668
-8.1373
-7.39754
-6.65779
-6.28791
-5.91804
-4.43853
-2.58914
0.369877
1.47951
1.47951
3.32889
5.91804
5.91804
4.8084
2.95902
1.47951
0
0.369877
2.58914
3.32889
1.84939
0.739754
1.47951
4.43853
7.39754
9.61681
9.61681
7.76742
6.28791
5.54816
4.8084
2.21926
1.10963
2.58914
4.8084
4.8084
2.58914
-1.47951
-4.8084
-6.28791
-7.39754
-7.39754
-8.1373
-9.24693
-11.4662
-13.6855
-14.7951
-16.6445
-17.3842
-18.4939
-18.8637
-19.9734
-20.3432
-21.083
-22.5625
-24.7818
-25.8914
-24.7818
-22.9324
-22.5625
-27.001
-32.5492
-34.7685
-32.5492
-30.6998
-27.3709
-26.6312
-28.8504
-29.2203
-27.3709
-24.042
-19.9734
-15.9047
-13.6855
-12.2059
-11.0963
-9.98668
-9.98668
-12.5758
-14.0553
-14.0553
-13.6855
-11.8361
-10.3566
-11.4662
-12.9457
-12.9457
-9.98668
-4.8084
0.739754
5.54816
7.76742
9.98668
14.0553
16.6445
18.8637
22.1926
24.4119
26.2613
25.1516
23.6721
21.4529
20.7131
23.6721
26.6312
28.4805
27.7408
27.3709
28.8504
31.8094
34.3986
36.248
38.0974
39.207
42.166
44.3853
44.0154
41.7961
37.7275
32.9191
32.1793
32.9191
32.1793
28.4805
23.6721
18.8637
18.4939
20.7131
23.3023
22.1926
20.7131
18.124
15.9047
16.2746
18.8637
19.2336
16.6445
14.0553
11.0963
9.24693
8.1373
5.91804
2.21926
-2.58914
-3.32889
-2.58914
-4.8084
-8.1373
-11.8361
-14.7951
-14.4252
-14.4252
-14.4252
-15.165
-19.2336
-21.083
-20.7131
-21.8228
-22.1926
-24.4119
-28.8504
-31.4396
-32.1793
-33.2889
-33.6588
-37.3576
-40.6865
-41.4262
-40.6865
-38.4672
-38.0974
-38.8371
-38.0974
-36.248
-35.1383
-32.9191
-33.2889
-35.5082
-36.6178
-38.0974
-36.6178
-34.0287
-33.2889
-33.2889
-32.5492
-29.5902
-25.8914
-21.8228
-17.7541
-13.3156
-9.24693
-5.91804
-0.369877
4.06865
7.39754
11.0963
13.3156
15.5348
16.2746
19.2336
22.1926
21.4529
21.4529
22.5625
24.4119
25.1516
25.8914
26.6312
28.1107
31.8094
35.1383
38.8371
42.5359
44.0154
46.9744
46.9744
45.8648
43.6455
40.6865
36.6178
32.1793
27.7408
21.8228
16.2746
10.7264
5.91804
1.47951
-0.369877
-2.95902
-4.06865
-4.8084
-5.17828
-5.91804
-7.39754
-10.3566
-12.5758
-15.5348
-18.124
-19.2336
-21.8228
-24.4119
-27.3709
-29.9601
-31.0697
-31.4396
-29.9601
-28.8504
-26.6312
-26.2613
-24.042
-20.7131
-17.3842
-12.9457
-9.61681
-7.02767
-4.43853
-2.95902
-1.47951
1.10963
4.06865
6.65779
9.24693
9.98668
11.0963
12.5758
11.8361
12.2059
13.6855
15.5348
17.7541
18.124
18.4939
18.8637
19.6035
19.9734
19.9734
19.9734
19.6035
20.7131
19.6035
17.7541
15.5348
12.2059
11.4662
9.24693
5.17828
-0.369877
-4.8084
-7.39754
-10.7264
-12.9457
-14.7951
-17.0144
-19.2336
-22.5625
-22.9324
-23.6721
-21.4529
-19.9734
-19.2336
-19.2336
-19.6035
-17.7541
-17.3842
-15.9047
-14.4252
-11.8361
-8.1373
-4.06865
-0.739754
0
2.58914
4.8084
8.50718
10.3566
10.7264
10.3566
10.3566
12.2059
13.6855
16.2746
18.8637
21.8228
23.3023
25.5215
29.2203
32.9191
36.9877
39.207
41.0564
38.8371
35.5082
30.3299
24.7818
19.9734
15.9047
11.4662
7.02767
0.369877
-7.02767
-12.5758
-19.2336
-22.9324
-24.7818
-27.001
-28.4805
-30.6998
-32.1793
-33.2889
-34.0287
-35.1383
-37.7275
-39.9467
-42.9058
-45.4949
-49.9334
-54.0021
-57.7008
-61.7695
-62.5092
-62.1394
-62.1394
-61.3996
-61.0297
-58.8105
-55.8515
-50.3033
-43.6455
-35.8781
-29.2203
-22.5625
-14.7951
-7.76742
-0.369877
4.8084
9.98668
14.7951
17.7541
21.8228
27.3709
31.0697
35.5082
39.9467
45.125
51.4129
56.9611
62.8791
67.3177
71.0164
74.7152
79.5236
83.9621
86.9211
88.4007
88.0308
88.0308
88.0308
86.1814
83.5922
79.1537
73.6056
67.3177
61.7695
56.5912
51.4129
47.7142
44.3853
40.3166
35.5082
31.0697
25.8914
20.7131
17.0144
14.7951
15.9047
14.7951
11.0963
5.54816
-2.21926
-9.61681
-15.9047
-22.5625
-29.2203
-36.9877
-42.166
-44.7551
-47.3443
-48.4539
-49.1937
-51.0431
-51.7828
-49.9334
-49.9334
-50.6732
-52.8924
-56.2213
-55.8515
-54.7418
-54.7418
-54.7418
-57.7008
-61.0297
-62.8791
-63.6189
-62.8791
-61.0297
-59.1804
-57.7008
-55.8515
