27.5687	1.9496	0.775414	0.329379	0.327837	0.490904	0.415418	0.407189	0.427569	0.201011	0.0032754	-0.0111852	0.0599363	
28.1071	1.98031	0.809518	0.39825	0.280378	0.373595	0.458352	0.416328	0.352015	0.202128	-0.0583273	0.0273323	0.0824076	
28.454	2.11276	0.714077	0.56143	-0.0194174	0.014375	0.565905	0.341321	0.238935	0.365897	0.0611613	-0.0330643	0.107085	
28.6378	2.10884	0.588572	0.654392	-0.12324	-0.0628884	0.603724	0.331497	0.252985	0.388967	0.106137	-0.059852	0.0936615	
28.6786	2.00244	0.431356	0.493885	-0.0101262	0.233663	0.519257	0.246965	0.191992	0.486657	0.169371	-0.0418345	0.0550012	
28.5569	2.00676	0.524405	0.352482	-0.0834999	0.401924	0.435894	0.256741	0.171956	0.481977	0.0896323	0.000356922	0.0586461	
28.292	2.2224	0.618602	0.153887	-0.162996	0.549037	0.260867	0.238899	0.166455	0.425826	0.0453285	-0.0107834	0.0168676	
28.0147	2.27703	0.712257	-0.0629843	-0.00611132	0.516657	0.0795508	0.188777	0.151955	0.365015	0.12045	-0.01394	-0.0398336	
27.9813	2.54205	0.764419	-0.250019	0.153816	0.615805	-0.0669649	0.20507	0.0940947	0.32441	0.158997	-0.111192	-0.00424906	
28.3672	2.37802	0.715036	-0.0696267	0.230802	0.690028	0.0466476	0.131541	0.147704	0.20648	0.116434	-0.141879	-0.0404887	
28.7791	2.5174	0.751094	-0.0439539	0.31147	0.840113	0.0386826	0.171476	0.170792	0.140506	0.14195	-0.203351	0.00670621	
28.987	2.1087	0.702944	0.208822	0.408764	0.653695	0.185459	0.0495718	0.162074	0.158927	0.05803	-0.064613	-0.0522055	
29.0007	2.76668	0.67407	0.131361	0.375674	0.824078	-0.0686713	-0.0353084	0.11255	0.0742748	0.167328	-0.125552	0.00949236	
28.7831	2.56821	0.675053	0.110276	0.44732	0.610812	-0.0573534	-0.0439824	-0.0322882	0.121746	0.0340523	-0.0688185	0.0184878	
28.3046	2.79073	0.580741	0.147973	0.550808	0.581614	-0.219586	-0.141405	-0.139055	0.100133	0.0551299	-0.0451281	0.0327925	
27.9274	2.24663	0.665742	0.3323	0.600636	0.400328	-0.161231	-0.290943	-0.124226	0.0128475	0.0501762	-0.044477	-0.0245647	
27.8094	2.49056	0.595435	0.279822	0.602741	0.3964	-0.193217	-0.236326	-0.112292	-0.068579	-0.0576906	-0.0344309	0.0413825	
27.8091	2.83087	0.558275	0.340799	0.705732	0.491584	-0.302833	-0.248961	-0.0999806	-0.0665672	-0.0337975	-0.0293267	0.045876	
27.6967	2.95968	0.566846	0.397594	0.792805	0.561267	-0.338735	-0.240715	-0.117107	-0.0611442	-0.0291724	-0.0492067	0.00391201	
27.4534	2.74328	0.646735	0.327038	0.72319	0.533352	-0.164463	-0.212924	-0.185136	-0.0374729	0.00284237	-0.0676221	-0.0891061	
27.9373	2.37485	0.785321	0.313843	0.491847	0.466603	-0.0145038	-0.239838	-0.239209	-0.111774	-0.0694609	-0.0842212	-0.105956	
28.1343	2.91204	0.757471	0.203322	0.493699	0.691978	-0.144529	-0.17883	-0.258663	-0.152871	-0.045049	-0.132643	-0.0576143	
28.0271	2.49148	0.792766	0.282587	0.560069	0.620727	0.0561059	-0.170837	-0.193487	-0.125578	-0.0303963	-0.0869338	-0.125703	
28.0789	2.60889	0.85178	0.323314	0.565911	0.555717	0.0279191	-0.190512	-0.171227	-0.075293	0.0224679	-0.0741466	-0.126793	
27.9408	2.80664	0.846854	0.386664	0.665558	0.566828	-0.00809073	-0.232439	-0.186631	-0.0786959	0.035656	-0.0752521	-0.144393	
27.316	3.10209	0.720078	0.323945	0.636765	0.641845	0.0919365	-0.159532	-0.243067	-0.0649363	-0.00455865	-0.092666	-0.178812	
27.463	2.25423	0.983065	0.54269	0.605245	0.548328	0.162803	-0.175275	-0.257329	-0.130991	0.00517294	-0.0959475	-0.194647	
27.8581	2.21326	0.972681	0.60555	0.655452	0.503162	0.118847	-0.145163	-0.206461	-0.154327	-0.0203144	-0.134942	-0.199525	
27.6403	2.18076	0.939577	0.581766	0.663152	0.525581	0.111813	-0.120354	-0.120627	-0.0976528	-0.0516676	-0.132639	-0.172965	
27.2562	2.34869	0.878271	0.480132	0.675317	0.589681	0.125477	-0.112613	-0.0911403	-0.0970815	-0.0469832	-0.112855	-0.149061	
27.4013	3.07818	0.689922	0.387622	0.812186	0.855427	-0.0158936	-0.143698	-0.0487376	-0.0502405	0.0159514	-0.0790684	-0.0836253	
27.399	2.28436	0.892122	0.542964	0.762331	0.706211	0.226313	-0.0573628	-0.0722746	-0.0283638	0.0815584	-0.0550769	-0.164327	
26.6323	1.91763	0.978097	0.646258	0.64445	0.569945	0.259904	-0.00659353	-0.0728359	-0.00749183	0.0408876	-0.0329204	-0.102107	
25.5068	1.92098	0.957069	0.648258	0.652663	0.55566	0.214179	-0.0449881	-0.0929824	-0.0263628	0.0209273	-0.0510508	-0.113486	
25.5542	2.74152	0.939893	0.754874	0.677181	0.718252	0.0486936	-0.0936484	-0.0635347	-0.0932995	0.132146	-0.0281227	-0.122767	
26.9037	2.68656	1.35934	0.902315	0.600347	0.760245	0.27571	-0.111905	-0.183138	0.0488242	0.1002	-0.0200501	-0.127771	
26.8846	2.32964	1.3507	0.896091	0.681143	0.583229	0.268128	-0.0200101	-0.122443	0.018268	0.103954	-0.0673814	-0.0863113	
25.8718	2.12791	1.32133	0.95289	0.603847	0.405564	0.181698	0.0445338	-0.046721	-0.032676	0.010568	-0.0824907	-0.0533066	
25.124	2.09469	1.24521	0.869895	0.562235	0.447415	0.275097	0.0647686	-0.0579244	-0.0723941	0.0125734	-0.0809038	-0.0766289	
25.2286	2.52702	1.18994	0.922837	0.370511	0.645086	0.475512	0.0468617	-0.0147372	-0.208696	0.0204315	0.0437997	-0.057575	
24.9807	2.25161	1.23977	0.862485	0.451498	0.560445	0.386483	0.0142185	-0.043234	-0.103513	0.0179237	-0.00372118	-0.0379584	
23.8015	2.0161	1.24252	0.841019	0.5731	0.414489	0.203034	0.00533147	-0.0804158	-0.0585204	0.00514607	-0.0970454	-0.0759788	
23.5433	1.82238	1.14974	0.820491	0.5306	0.314245	0.113328	-0.0514553	-0.119914	-0.110273	-0.102829	-0.151898	-0.136749	
23.7211	2.49689	1.20764	1.14521	0.488852	0.436382	0.221017	-0.0680372	-0.233126	-0.145475	0.020475	-0.151251	-0.133754	
23.9178	2.04185	1.19153	0.922425	0.525141	0.337535	0.210224	0.0559977	-0.0160079	-0.0930035	-0.0376627	-0.0353653	-0.0322434	
24.2488	2.1542	1.25895	1.03324	0.488938	0.374514	0.184504	-0.102223	0.0920785	-0.0558175	-0.0591998	0.0136118	-0.00823589	
23.4805	1.87986	1.16473	0.840027	0.546559	0.4004	0.197906	-0.0100281	-0.00675418	-0.0308791	-0.0634346	-0.0118269	-0.0232361	
23.3153	2.33153	1.14425	0.851169	0.43092	0.525167	0.194228	-0.0418808	0.0990034	0.0292704	-0.117147	-0.0210965	-0.0468436	
24.3052	1.93114	1.14089	0.854688	0.565436	0.518901	0.286514	0.0815542	0.154583	0.10643	-0.0443784	0.0546208	0.00146338	
24.5171	2.18056	1.23994	0.956167	0.543463	0.711062	0.236969	-0.0685552	0.0851477	0.194737	-0.0263367	0.012361	-0.0507894	
23.7892	2.1358	1.16612	0.93357	0.607981	0.597112	0.276318	-0.0508468	0.0199782	0.0292997	0.0956309	-0.0296428	-0.0615564	
22.4215	1.95122	1.03656	0.790599	0.574973	0.53618	0.271135	-0.0443001	-0.00694661	0.00241552	0.0125804	-0.0171702	-0.0628619	
23.0762	2.00816	1.01945	0.721454	0.546713	0.579196	0.232959	-0.0353344	0.00987614	0.0659896	0.0339246	0.0291215	-0.017337	
23.7311	2.13836	1.01388	0.598846	0.422987	0.632537	0.192405	0.0133533	0.0517597	0.170661	0.167791	0.0932138	0.0365306	
23.4919	2.00418	0.9673	0.565675	0.43396	0.444499	0.201305	0.0336931	0.0619445	0.113549	0.134439	0.122798	0.0938077	
23.3744	1.79936	0.930553	0.594256	0.384222	0.301921	0.166419	0.00268327	0.0756848	0.171244	0.0989067	0.181465	0.152379	

