27.4001	2.42821	0.990421	0.413194	-0.00677662	0.0929547	0.303803	0.0820747	-0.0749282	0.292427	0.172394	0.0465591	-0.0166318	
27.3671	2.71081	0.953098	0.463821	-0.0350194	0.132029	0.288576	0.0973651	-0.0961361	0.266844	0.18089	0.0603589	0.00805769	
27.5836	2.13879	1.06017	0.667085	0.158956	-0.0334629	0.180019	0.133705	-0.00891676	0.210527	0.26447	-0.022215	-0.0183647	
27.4542	2.27229	1.091	0.748543	0.137358	-0.0760595	0.229121	0.208006	-0.0168552	0.223417	0.291359	0.00397463	0.0230922	
27.6982	2.07439	1.14549	0.681232	0.261223	0.162411	0.171389	0.12943	0.141975	0.166842	0.171875	0.0727737	0.0527553	
27.779	2.61281	1.23003	0.907687	0.100655	0.50152	0.290246	0.109585	0.121981	0.0477375	0.00203885	0.0399353	0.029436	
27.6849	1.96348	1.18406	0.801769	0.505774	0.418443	0.288827	0.122529	0.0377431	-0.00574924	-0.0191462	0.0324798	0.013723	
27.6677	1.73449	1.07607	0.780054	0.545139	0.412906	0.275923	0.118372	0.0315831	-0.00996218	0.00176001	0.0788863	0.0301428	
27.8223	1.76545	1.10442	0.809212	0.513756	0.369606	0.258058	0.116716	0.0628839	0.0222588	0.0147119	0.10722	0.0679806	
27.9372	1.95839	1.15895	0.892958	0.366036	0.332925	0.323649	0.157127	0.0878626	0.0291901	0.0309809	0.101381	0.0924432	
27.7602	1.70723	0.968273	0.703209	0.354698	0.341524	0.267756	0.161605	0.242028	0.161456	0.134637	0.175511	0.131176	
27.6851	1.36821	0.774398	0.550752	0.357762	0.305337	0.242163	0.210565	0.253525	0.220171	0.189713	0.159193	0.133182	
27.8227	1.46121	0.853009	0.630881	0.416062	0.356322	0.286794	0.223099	0.247652	0.202857	0.15571	0.145662	0.125908	
27.9474	1.71519	1.0382	0.792895	0.456266	0.429798	0.300039	0.165845	0.23055	0.161757	0.0982144	0.155064	0.108614	
28.0227	1.94814	1.07913	0.865111	0.434714	0.368242	0.142703	0.143608	0.235947	0.167162	0.135262	0.155664	0.137567	
27.9334	1.66431	1.00373	0.713052	0.473811	0.353295	0.23561	0.182337	0.153432	0.137268	0.144443	0.14529	0.124664	
27.8267	1.52164	0.912098	0.642713	0.455125	0.355153	0.26248	0.210844	0.166736	0.145954	0.141238	0.163068	0.124111	
27.5626	1.57954	0.910387	0.6287	0.421488	0.374551	0.292662	0.215306	0.181495	0.174599	0.145973	0.160921	0.129356	
27.1735	1.66308	0.952569	0.711154	0.350236	0.380693	0.312959	0.149988	0.251635	0.247981	0.156088	0.154945	0.127255	
26.7843	1.76906	1.02082	0.774503	0.354581	0.459374	0.256128	0.103657	0.169217	0.182219	0.16912	0.147857	0.124098	
26.7795	1.49283	0.899109	0.652894	0.429229	0.355372	0.251315	0.175732	0.152953	0.140414	0.149532	0.172851	0.129052	
26.6501	1.43359	0.855941	0.625699	0.399282	0.347101	0.275309	0.19007	0.193994	0.158176	0.141922	0.19028	0.132392	
26.3163	1.33602	0.815819	0.587002	0.379577	0.408125	0.303274	0.258767	0.235003	0.186709	0.155842	0.16598	0.131841	
25.9569	1.63061	1.05878	0.682491	0.197081	0.62286	0.27547	0.199869	0.125982	0.172988	0.174294	0.166125	0.149662	
25.6802	1.46096	0.863681	0.61283	0.381718	0.413394	0.303687	0.207135	0.192826	0.180568	0.175702	0.152868	0.12767	
25.3722	1.45732	0.860183	0.614527	0.388302	0.39599	0.306619	0.235301	0.210492	0.16503	0.154578	0.149735	0.121755	
25.3196	1.56687	0.938862	0.670363	0.406622	0.397918	0.282979	0.212111	0.123676	0.111329	0.13758	0.160984	0.122522	
25.0914	1.82735	1.1009	0.883048	0.382129	0.462038	0.172399	0.35063	0.0087053	0.0549265	-0.034587	0.09298	0.10809	
25.0733	1.629	1.0348	0.744792	0.527262	0.452967	0.275032	0.264138	0.0988603	0.015977	0.0261433	0.164781	0.0767833	
25.042	1.5359	0.954293	0.696913	0.479001	0.427263	0.319129	0.251408	0.132691	0.0845412	0.0969816	0.165018	0.100844	
25.0095	1.50349	0.904394	0.635504	0.392087	0.350537	0.311642	0.289862	0.18988	0.171521	0.155705	0.141391	0.122971	
25.0019	1.61042	1.03423	0.749047	0.195527	0.367656	0.406598	0.302801	0.164281	0.189971	0.167735	0.115793	0.156415	
25.2402	1.45717	0.889686	0.664568	0.313608	0.372064	0.331828	0.280359	0.239702	0.198231	0.174751	0.132389	0.127163	
25.529	1.3627	0.832697	0.63926	0.403318	0.357795	0.30386	0.213091	0.198706	0.184009	0.150435	0.173579	0.129752	
25.596	1.33755	0.809878	0.638474	0.397975	0.353176	0.303564	0.208104	0.200188	0.189214	0.155898	0.175614	0.131627	
25.4842	1.42709	0.876252	0.70438	0.311754	0.328454	0.279129	0.21925	0.21614	0.219576	0.16233	0.169756	0.140674	
25.3902	1.42532	0.895587	0.733646	0.31077	0.420549	0.276473	0.205841	0.174396	0.143323	0.155769	0.184634	0.133463	
25.5811	1.31703	0.815762	0.641383	0.366365	0.414123	0.320289	0.242148	0.196112	0.142952	0.150181	0.189625	0.126979	
26.0247	1.32502	0.81253	0.618253	0.386558	0.40213	0.322704	0.237423	0.194461	0.144207	0.13598	0.197666	0.126021	
25.9496	1.44018	0.849329	0.591993	0.346554	0.345046	0.28287	0.177635	0.141873	0.117525	0.125397	0.243831	0.147506	
25.8093	1.88425	1.05321	0.606248	0.184548	0.364246	0.306167	0.189815	0.123145	0.0906902	0.0801576	0.188387	0.17344	
25.6309	1.50974	0.876273	0.593062	0.344088	0.314293	0.259907	0.255196	0.260722	0.22599	0.151766	0.166394	0.131818	
25.3966	1.27199	0.755858	0.552116	0.378825	0.335906	0.251297	0.253645	0.23053	0.211135	0.183717	0.159713	0.133702	
25.4227	1.27398	0.766772	0.57091	0.396324	0.347035	0.279527	0.264283	0.229926	0.208391	0.173311	0.146796	0.130436	
25.2959	1.52301	0.965074	0.783866	0.32512	0.361404	0.28927	0.240718	0.303507	0.281056	0.142644	0.160943	0.132182	
25.3093	1.70378	1.03706	0.884023	0.290296	0.334033	0.332195	0.2721	0.332232	0.249563	0.224827	0.147934	0.121652	
25.026	1.36608	0.82139	0.605387	0.405868	0.357484	0.294442	0.295622	0.277745	0.228072	0.185798	0.110223	0.128904	
24.8374	1.23541	0.710514	0.532203	0.373101	0.349108	0.268797	0.268907	0.223772	0.190418	0.185719	0.158947	0.129403	
24.591	1.2976	0.77847	0.643649	0.326454	0.418211	0.206843	0.223721	0.127036	0.148663	0.206122	0.196523	0.14296	
24.2592	1.57332	0.875834	0.819205	0.0753418	0.42776	0.244704	0.14081	0.0807229	0.191457	0.179767	0.178875	0.207111	
24.0384	1.40726	0.807048	0.599416	0.321201	0.26788	0.225696	0.153144	0.199506	0.231755	0.184949	0.203996	0.153311	
24.0121	1.37694	0.793035	0.586804	0.40081	0.312155	0.233168	0.150858	0.170634	0.162206	0.14658	0.2266	0.141472	

