SAMPLES: 6410
BITSPERSAMPLE:	16
CHANNELS:	1
SAMPLERATE:	16000
NORMALIZED:	FALSE
22.0334
69.5625
120.869
173.119
223.167
258.735
274.158
289.267
304.69
298.08
278.565
260.623
243.941
230.406
217.816
203.966
189.802
184.136
192.635
198.93
194.523
186.339
172.175
149.512
124.961
92.2254
45.6405
-7.23953
-57.9163
-103.557
-145.735
-175.952
-195.153
-209.002
-210.891
-202.392
-185.08
-153.604
-118.036
-88.4482
-65.1558
-43.1224
-22.3481
-5.66572
3.14762
4.09191
2.20334
0.944287
-2.5181
-6.29525
-8.18382
-8.49858
-5.35096
-3.77715
-1.88857
0
1.25905
1.25905
-0.314762
-4.09191
-10.0724
-17.3119
-22.6629
-23.6072
-24.2367
-26.44
-26.7548
-23.9219
-21.0891
-21.0891
-25.4958
-33.3648
-40.2896
-50.6767
-65.4706
-80.8939
-93.4844
-102.613
-111.111
-118.036
-117.721
-113
-102.927
-93.4844
-81.8382
-65.4706
-54.1391
-43.1224
-35.8829
-36.8272
-38.0862
-45.3258
-52.2506
-62.0082
-71.7658
-78.0611
-90.6516
-90.022
-88.763
-92.8549
-79.0054
-70.8215
-59.1753
-41.5486
-35.5681
-23.2924
-16.0529
-11.961
-11.6462
-18.8857
-23.2924
-35.2534
-51.3063
-67.6739
-88.763
-104.186
-121.813
-137.866
-140.069
-137.236
-129.367
-107.019
-67.0444
-12.5905
49.7325
107.019
165.565
234.498
301.228
356.311
389.991
404.47
412.968
410.45
391.564
358.829
319.169
287.693
260.308
236.701
218.13
203.651
203.651
211.52
219.704
220.019
208.058
184.451
153.919
114.888
61.6934
-3.14762
-73.6544
-141.643
-197.671
-241.423
-267.863
-273.528
-266.289
-242.367
-204.596
-155.178
-97.8911
-43.4372
1.25905
30.8467
53.1948
64.5263
65.1558
56.3425
36.8272
16.3676
-1.25905
-15.1086
-22.9777
-24.5515
-21.0891
-11.3314
-2.5181
3.14762
7.5543
10.7019
5.0362
-8.18382
-27.3843
-51.621
-71.1363
-89.3925
-106.39
-118.98
-125.905
-123.387
-113.629
-101.983
-90.3368
-82.7825
-79.3201
-74.2839
-74.9134
-83.0973
-94.7435
-109.537
-126.22
-138.495
-147.309
-152.975
-149.512
-143.217
-133.459
-116.777
-99.4649
-77.4315
-57.6015
-46.5848
-39.3453
-38.7158
-39.9748
-44.3815
-54.1391
-67.9887
-85.3006
-94.7435
-102.298
-103.242
-96.3173
-91.2811
-76.802
-64.5263
-50.9915
-29.9024
-18.571
-6.29525
-3.14762
-9.44287
-19.83
-42.4929
-69.2477
-103.557
-143.846
-186.339
-225.999
-246.774
-250.551
-242.052
-218.445
-168.713
-75.543
41.8634
163.362
274.473
382.751
498.898
600.881
671.703
694.681
684.293
663.834
623.229
554.297
462.386
374.252
310.356
264.086
231.665
204.596
197.356
220.019
253.069
276.361
274.788
247.088
200.189
136.607
51.3063
-53.8244
-164.935
-272.584
-359.144
-418.949
-447.907
-435.316
-384.64
-309.097
-220.648
-124.331
-21.4038
79.6349
157.381
197.986
194.838
167.768
131.885
83.412
26.1253
-36.8272
-91.2811
-121.498
-123.702
-110.796
-87.5039
-58.231
-28.6434
-5.0362
6.29525
-3.14762
-32.7353
-77.4315
-139.754
-211.835
-281.712
-335.222
-371.42
-385.584
-378.659
-350.645
-295.562
-222.222
-145.42
-80.2644
-27.3843
10.7019
33.9943
42.4929
25.4958
-13.8495
-61.0639
-111.111
-151.086
-179.1
-193.264
-191.69
-181.618
-159.27
-125.905
-85.6154
-43.1224
-12.9053
0
-7.86906
-25.181
-40.9191
-56.3425
-72.3953
-93.7992
-110.482
-112.685
-98.8354
-74.5987
-47.8439
-19.83
9.75763
38.7158
62.3229
78.0611
84.3563
75.8577
60.4344
35.5681
1.88857
-32.7353
-72.3953
-108.593
-141.014
-176.582
-205.855
-216.556
-209.632
-194.208
-165.88
-108.593
3.14762
167.454
334.592
471.829
598.048
738.432
877.872
977.652
1005.98
973.875
913.126
831.602
714.825
551.778
379.918
240.793
136.922
62.6377
3.77715
-33.6796
-25.4958
20.1448
64.841
75.8577
48.1586
-5.98048
-78.0611
-171.545
-285.489
-410.765
-527.542
-613.472
-664.778
-669.5
-611.268
-498.269
-344.665
-176.896
-16.3676
135.663
271.64
371.42
411.709
382.751
297.765
196.412
86.5596
-24.5515
-127.794
-216.242
-265.03
-269.122
-237.96
-186.339
-126.534
-73.6544
-34.6239
-22.0334
-37.142
-75.2282
-143.846
-229.462
-322.002
-404.47
-447.277
-443.185
-400.378
-331.445
-237.331
-112.055
33.9943
181.303
291.785
349.386
363.865
345.609
295.562
206.484
94.7435
-23.2924
-131.571
-208.687
-255.272
-268.807
-245.829
-196.412
-135.663
-77.1168
-22.3481
29.2729
64.841
70.5068
43.752
-10.3872
-65.7853
-106.075
-141.014
-173.119
-191.69
-190.746
-159.585
-101.353
-54.1391
-15.1086
19.2005
40.9191
46.5848
28.6434
1.57381
-36.5124
-84.9858
-146.994
-223.481
-288.008
-333.648
-363.236
-391.564
-410.765
-396.286
-354.108
-299.339
-248.033
-172.175
-13.22
249.921
534.466
732.767
868.429
1015.11
1177.21
1304.69
1328.3
1221.59
1057.92
895.499
705.697
446.648
154.863
-78.0611
-208.687
-258.105
-282.657
-312.874
-299.969
-199.874
-63.8968
19.5153
25.8105
-28.3286
-110.482
-197.356
-298.709
-417.69
-531.634
-596.789
-591.124
-507.082
-343.091
-120.554
126.849
361.662
551.149
679.887
741.58
734.97
629.525
418.319
145.105
-135.033
-370.475
-552.723
-685.552
-756.689
-745.042
-642.43
-473.403
-283.286
-113.314
16.0529
95.0582
123.072
95.6878
22.3481
-76.802
-180.988
-266.918
-320.428
-306.893
-199.559
-20.7743
174.064
348.757
498.584
621.97
697.513
682.09
554.926
341.832
101.039
-139.754
-368.587
-559.333
-692.477
-744.413
-701.92
-584.514
-422.096
-241.423
-57.6015
100.724
206.484
254.328
248.347
196.412
104.501
-19.2005
-148.253
-240.793
-275.732
-271.325
-244.57
-187.284
-111.426
-35.8829
24.5515
50.0472
39.6601
-6.29525
-83.0973
-169.027
-254.328
-328.297
-382.121
-415.801
-422.726
-403.525
-364.81
-322.631
-290.84
-278.879
-284.545
-291.785
-323.261
-421.782
-508.026
-380.862
61.6934
627.951
1023.92
1225.06
1446.33
1792.89
2110.17
2162.1
1889.2
1459.87
1056.03
667.611
152.03
-481.586
-1022.35
-1289.9
-1281.4
-1163.68
-1065.47
-908.404
-539.188
12.2757
472.773
635.82
564.684
436.575
334.907
207.428
-9.75763
-292.099
-497.325
-515.895
-328.927
3.77715
384.01
747.875
1035.57
1215.3
1257.79
1137.87
864.337
427.762
-168.713
-842.619
-1435.63
-1807.99
-1925.72
-1858.67
-1680.2
-1366.7
-872.836
-239.849
392.509
874.095
1127.16
1169.34
1065.79
854.895
564.054
220.019
-136.607
-432.798
-578.218
-527.227
-324.835
-41.5486
258.735
504.249
634.246
665.408
612.528
450.74
174.378
-204.596
-613.472
-932.326
-1079.32
-1063.9
-947.749
-735.6
-426.818
-62.6377
315.392
647.466
849.544
875.669
756.374
542.965
290.84
24.8662
-253.384
-499.843
-650.614
-660.686
-565.313
-424.3
-258.105
-93.4844
31.1615
75.8577
41.8634
-32.7353
-142.273
-290.211
-452.943
-596.16
-667.611
-643.374
-536.985
-389.991
-253.069
-146.05
-44.6963
24.8662
9.44287
-104.186
-272.899
-436.89
-594.901
-789.424
-972.301
-752.282
129.997
1157.38
1715.14
1875.98
2118.35
2519.04
2751.65
2545.17
1835.69
980.485
327.982
-186.654
-790.054
-1437.2
-1851.43
-1864.02
-1462.07
-930.438
-618.193
-409.191
73.0249
812.087
1289.9
1181.3
699.402
270.696
112.37
37.4567
-146.994
-370.475
-414.542
-170.916
296.506
834.75
1236.7
1397.86
1349.39
1129.37
733.396
192.005
-439.093
-1103.56
-1712.94
-2208.06
-2490.08
-2418
-1942.08
-1246.46
-602.77
-50.6767
508.971
1101.67
1574.76
1705.7
1475.61
1039.35
574.127
170.916
-158.011
-429.336
-624.803
-661.945
-515.581
-239.219
62.0082
291.47
380.233
333.019
181.933
-68.3034
-339.314
-552.723
-700.031
-819.012
-888.259
-784.073
-461.756
-17.6267
381.807
648.725
805.477
887
887.63
747.561
447.592
31.1615
-397.23
-712.622
-860.56
-861.19
-773.371
-622.285
-384.64
-96.632
167.454
361.662
472.458
465.219
291.47
32.7353
-183.192
-327.038
-440.982
-543.909
-602.77
-572.867
-424.3
-197.986
-6.61001
79.6349
72.0806
20.7743
-91.9106
-301.228
-561.221
-816.808
-1032.11
-1140.7
-1182.88
-1043.75
-240.478
1175.32
2324.52
2633.93
2569.41
2728.05
2932.96
2794.77
2099.46
977.967
-26.7548
-636.135
-1041.55
-1490.08
-1896.13
-2044.07
-1781.55
-1124.33
-520.302
-340.258
-287.378
160.214
893.61
1253.7
945.231
370.79
139.125
337.425
526.283
448.851
261.568
229.777
426.188
762.04
1013.22
974.504
660.057
212.15
-245.515
-678.628
-1112.68
-1553.67
-1913.76
-2089.39
-2101.35
-1943.97
-1511.49
-793.831
-33.6796
499.528
785.647
1033.05
1374.57
1615.36
1515.9
1115.2
644.948
262.512
4.40667
-171.86
-342.776
-527.227
-652.502
-652.817
-553.037
-422.096
-352.849
-374.252
-392.194
-396.286
-417.69
-400.063
-257.476
3.14762
225.685
361.977
489.455
672.962
873.151
923.198
759.836
481.272
197.041
-50.6767
-283.601
-520.932
-765.502
-957.192
-979.855
-787.85
-464.904
-145.42
107.334
331.445
539.503
654.076
645.263
556.815
416.431
173.119
-142.273
-376.456
-484.734
-516.525
-532.263
-532.263
-478.124
-385.899
-265.974
-167.454
-125.275
-149.512
-250.866
-383.695
-509.285
-608.436
-672.018
-716.399
-720.491
-773.686
-844.193
-301.857
1128.74
2554.61
2971.67
2608.75
2412.97
2517.47
2455.78
1895.5
839.786
-230.091
-949.323
-1364.18
-1681.15
-1949.64
-2081.84
-1961.28
-1377.71
-564.369
-144.476
-118.351
200.504
1102.3
1890.78
1805.79
1058.86
552.093
705.068
972.301
752.597
140.069
-346.239
-416.745
-156.752
154.863
236.072
32.1058
-312.559
-603.714
-740.321
-857.098
-1141.96
-1497.32
-1640.86
-1528.49
-1341.83
-1086.24
-553.037
233.868
883.853
1104.82
1090.65
1242.68
1521.88
1484.42
951.841
224.426
-341.517
-676.11
-867.485
-993.39
-1115.2
-1187.6
-1111.11
-804.218
-355.367
-1.57381
141.014
179.415
254.328
309.411
254.958
183.192
242.997
395.342
446.648
369.846
354.108
492.288
597.734
475.921
169.027
-165.88
-420.208
-593.642
-740.006
-878.816
-956.563
-880.705
-620.397
-186.969
299.654
643.689
847.655
994.964
1039.66
876.298
540.447
202.392
-109.223
-430.28
-706.012
-845.766
-799.182
-607.806
-359.773
-135.033
47.8439
201.763
300.283
314.762
214.038
6.61001
-256.531
-515.266
-699.717
-815.234
-881.964
-951.841
-1028.64
-1130.94
-815.549
571.294
2451.05
3450.74
3177.53
2640.54
2508.34
2347.81
1763.93
728.99
-406.673
-1209.95
-1620.4
-1782.18
-1800.76
-1687.44
-1515.58
-1097.89
-282.657
361.347
334.907
147.624
617.879
1510.54
1786.59
1052.88
152.975
64.5263
554.611
712.307
219.389
-446.018
-748.82
-599.622
-192.949
135.348
147.624
-160.844
-575.386
-774.63
-735.6
-812.087
-1209.95
-1575.7
-1532.26
-1236.07
-988.983
-684.923
-71.1363
659.427
1016.05
899.591
781.87
982.688
1163.05
873.466
190.431
-465.534
-836.638
-951.841
-915.958
-793.516
-687.126
-662.575
-556.815
-176.267
310.67
519.358
399.119
232.609
199.559
207.114
140.384
114.259
257.476
461.756
504.249
430.28
445.074
520.617
417.375
46.5848
-392.823
-703.179
-846.396
-856.154
-752.282
-524.709
-212.465
140.384
535.096
912.181
1097.89
970.727
670.444
412.024
219.075
-54.4539
-390.935
-547.057
-449.166
-272.584
-204.281
-192.005
-87.1892
47.2144
89.7073
9.12811
-131.885
-230.721
-263.456
-269.437
-286.119
-355.996
-526.283
-753.856
-965.061
-1137.55
-1404.15
-1299.02
143.532
2460.18
3872.21
3596.16
2803.9
2521.56
2367.64
1794.46
668.24
-563.11
-1339.31
-1705.38
-1909.35
-1903.37
-1630.47
-1432.48
-1207.74
-458.609
325.464
304.375
-144.161
181.303
1413.91
2236.07
1671.39
462.701
133.459
791.942
1154.23
535.726
-500.472
-1166.82
-1264.09
-905.571
-347.183
42.1782
-12.2757
-467.107
-799.811
-656.909
-460.497
-770.538
-1346.55
-1552.72
-1353.48
-1105.45
-796.034
-164.935
623.229
1018.57
823.418
549.89
705.382
977.022
731.822
-44.3815
-789.424
-1116.15
-1068.62
-816.808
-537.614
-344.665
-291.155
-236.701
38.7158
373.623
390.305
-48.7882
-524.709
-602.14
-429.021
-256.217
-67.0444
262.512
620.082
800.126
827.825
807.995
751.023
511.174
38.0862
-435.631
-662.89
-614.101
-398.489
-82.7825
234.498
390.305
401.952
431.539
533.837
498.584
159.585
-257.161
-378.659
-131.256
189.802
362.291
421.467
460.812
497.01
461.127
311.929
48.1586
-294.932
-604.973
-718.288
-548.946
-245.515
-47.2144
2.20334
46.8996
113
25.8105
-345.609
-901.165
-1526.91
-2007.55
-1402.9
828.769
3274.47
4031.48
3181.62
2317.6
2036.2
1750.39
1032.74
-18.2562
-875.984
-1334.59
-1660.37
-1780.93
-1409.82
-937.048
-947.749
-975.134
-444.13
-1.57381
-272.899
-525.653
215.927
1499.21
1900.54
1044.07
227.258
529.745
1219.07
1066.1
128.738
-776.204
-1234.18
-1241.74
-881.335
-342.147
40.9191
-46.8996
-493.547
-715.77
-515.266
-484.105
-941.139
-1348.76
-1272.9
-963.173
-667.296
-174.064
603.714
1232.29
1224.43
715.14
367.013
401.007
315.077
-248.662
-996.223
-1417.06
-1324.83
-883.223
-323.576
208.373
567.831
627.321
505.194
437.52
341.832
-8.18382
-481.586
-749.449
-749.764
-622.6
-384.325
-5.0362
387.787
543.909
373.308
140.699
111.741
170.916
60.4344
-196.412
-310.67
-123.072
231.665
522.191
645.578
591.438
342.147
12.2757
-182.247
-251.18
-413.598
-600.567
-505.508
-113.314
317.595
626.377
766.761
683.664
404.155
54.1391
-235.127
-389.676
-424.3
-454.517
-517.784
-461.127
-215.612
46.2701
149.197
84.0415
-143.217
-425.873
-585.773
-643.059
-833.805
-806.421
432.483
2571.92
3899.59
3576.96
2541.39
1817.75
1271.33
505.823
-472.144
-1187.91
-1269.12
-1067.67
-963.488
-790.683
-495.121
-490.715
-635.19
-304.69
218.13
148.253
-311.3
-57.9163
1209.63
2286.12
1959.71
734.341
171.231
517.784
578.848
-214.353
-1193.26
-1639.6
-1536.36
-1150.14
-599.937
-4.40667
313.189
115.203
-259.364
-339.629
-350.016
-728.045
-1172.8
-1113.31
-650.614
-274.788
10.7019
576.015
1272.27
1328.3
459.553
-505.194
-770.853
-678.942
-981.744
-1605.29
-1875.35
-1491.97
-730.563
-8.18382
483.79
752.597
804.218
648.096
481.586
405.729
207.428
-163.362
-408.247
-322.317
-120.239
-50.0472
-55.3982
-69.2477
-187.913
-559.018
-1028.01
-1124.33
-721.121
-252.125
-72.3953
34.3091
393.768
931.697
1314.76
1246.46
753.541
175.008
-226.629
-410.765
-440.982
-437.205
-521.561
-598.363
-409.506
-10.3872
295.247
372.679
290.211
177.526
102.613
80.5792
129.682
253.384
355.367
255.272
-8.81335
-206.799
-262.197
-317.91
-494.492
-739.062
-871.892
-735.285
-360.718
-48.1586
-22.9777
429.965
2092.23
4033.36
4451.68
3166.82
1689.96
798.552
151.715
-556.5
-1207.74
-1362.61
-974.504
-554.297
-316.336
29.5877
277.306
-0.944287
-331.445
-174.378
17.9415
-212.465
-188.543
828.455
2284.23
2768.96
1724.27
416.116
102.613
204.281
-440.038
-1560.91
-2056.34
-1661.95
-901.165
-201.133
380.233
779.666
709.474
57.9163
-672.332
-1012.59
-1226
-1539.5
-1554.61
-940.51
-71.4511
544.854
995.593
1459.87
1554.61
740.321
-651.243
-1509.29
-1483.16
-1366.7
-1678.94
-1889.2
-1381.18
-420.837
267.863
425.873
344.035
226.629
9.12811
-253.069
-311.3
-166.824
-61.0639
19.83
217.501
440.353
407.932
61.0639
-335.222
-614.101
-911.867
-1295.56
-1377.4
-788.794
113
644.948
676.739
587.976
609.38
591.438
299.339
-212.15
-635.82
-741.58
-527.856
-103.557
361.977
636.449
633.617
504.564
367.328
162.732
-147.624
-431.854
-508.341
-381.177
-164.621
36.8272
216.556
352.219
306.264
30.2172
-331.76
-552.093
-547.057
-440.038
-324.835
-165.25
99.7797
405.729
613.472
542.65
154.863
276.991
1709.16
3492.29
3798.55
2485.36
1106.39
514.636
294.303
-228.517
-1044.38
-1398.17
-976.393
-438.779
-276.361
-140.699
82.4677
149.197
236.387
502.675
603.399
404.47
485.678
1319.17
2381.18
2486.62
1276.68
-67.0444
-457.979
-446.963
-1008.81
-1819.33
-1909.35
-1121.81
-188.857
274.473
474.662
757.318
773.686
93.1697
-819.326
-1217.5
-1144.79
-1011.33
-802.014
-323.89
286.749
691.218
800.441
780.925
556.5
-178.785
-1173.12
-1637.08
-1348.13
-955.933
-926.975
-907.145
-470.884
89.7073
149.827
-257.161
-553.667
-577.589
-593.957
-652.188
-468.366
2.83286
362.921
358.514
135.348
-74.9134
-332.074
-770.853
-1158.01
-1195.47
-927.605
-549.26
-84.6711
483.16
926.975
925.401
495.751
12.5905
-325.464
-629.839
-949.953
-1076.17
-819.956
-332.389
109.852
399.433
605.603
681.146
471.199
97.8911
-153.919
-176.582
-55.7129
118.351
269.122
319.484
229.777
-27.3843
-379.918
-665.722
-828.455
-915.958
-841.045
-472.458
48.4734
442.556
616.934
708.845
781.87
709.474
340.573
-231.98
-145.735
1363.55
3421.47
4179.41
3199.87
1805.79
1022.66
637.709
-44.3815
-1107.96
-1757
-1420.52
-608.75
-84.6711
113.629
226.629
349.386
536.985
626.377
407.302
199.245
603.399
1616.3
2555.24
2599.31
1609.38
437.205
-182.877
-569.09
-1298.08
-2091.6
-2221.91
-1486.62
-374.567
397.23
635.505
696.569
647.151
189.487
-533.522
-969.468
-996.538
-910.922
-774.63
-351.59
364.18
927.919
914.385
417.06
-155.178
-706.956
-1269.12
-1542.34
-1249.29
-668.555
-303.431
-226.629
-168.713
-18.571
-25.8105
-382.121
-865.282
-1111.11
-1043.12
-765.502
-260.623
362.291
700.661
504.879
17.6267
-407.302
-745.042
-1119.92
-1484.1
-1531.63
-1052.57
-293.988
355.681
781.87
1010.39
891.407
343.72
-335.851
-761.095
-848.914
-782.184
-682.405
-462.701
-56.0277
322.317
352.849
71.4511
-236.701
-425.559
-493.547
-424.3
-191.69
167.768
556.5
822.789
835.379
527.227
-65.4706
-765.187
-1269.12
-1418.63
-1320.74
-1055.08
-573.182
81.8382
666.667
952.156
962.858
877.557
779.666
589.235
356.311
565.628
1664.15
3194.21
3882.91
3108.91
1673.91
657.224
186.339
-332.389
-1095.37
-1490.71
-1012.59
-45.3258
614.731
731.508
629.21
573.497
574.127
503.935
328.612
302.487
733.396
1525.65
2181.3
2232.29
1586.09
605.288
-282.342
-988.669
-1557.44
-1832.86
-1615.36
-961.284
-131.256
527.542
759.522
570.035
125.905
-402.896
-836.638
-999.056
-895.814
-660.686
-333.333
108.278
564.369
735.914
393.453
-309.411
-968.209
-1356.63
-1502.68
-1395.03
-955.619
-321.687
120.239
161.473
-34.3091
-254.643
-474.347
-785.332
-1132.83
-1255.27
-974.504
-392.194
206.484
581.996
589.865
237.331
-266.604
-705.697
-986.78
-1097.58
-1033.36
-795.404
-408.247
35.2534
364.495
478.754
385.269
64.2115
-416.116
-758.577
-726.157
-409.821
-71.4511
137.866
260.623
374.882
366.698
67.3591
-425.559
-751.023
-718.288
-443.185
-101.353
182.562
407.302
593.012
655.02
488.196
112.37
-332.389
-700.031
-904.627
-946.805
-851.432
-646.837
-389.046
-135.977
49.7325
141.328
212.15
339.629
536.04
689.33
758.263
1125.28
2244.57
3661.63
4035.57
2872.21
1176.9
132.2
-156.122
-423.985
-919.106
-995.279
-169.972
843.878
1079.63
606.232
93.7992
-25.181
141.328
252.754
252.439
499.843
1211.84
2013.53
2364.49
2005.04
1051.94
-41.2339
-894.24
-1398.49
-1514.64
-1229.15
-698.772
-106.39
477.494
852.376
759.836
167.454
-671.073
-1345.92
-1510.86
-1141.64
-551.149
-53.1948
225.37
348.442
396.601
245.829
-271.955
-1010.7
-1573.18
-1700.66
-1405.73
-855.839
-216.871
312.874
469.311
114.573
-492.603
-913.44
-1022.66
-981.114
-942.713
-810.198
-406.988
171.231
525.968
390.935
-89.3925
-625.118
-985.521
-1119.61
-1064.84
-794.145
-316.336
194.208
494.806
538.244
398.489
142.902
-153.289
-439.093
-602.77
-522.191
-233.868
68.3034
244.57
321.372
323.576
269.437
117.721
-178.155
-465.848
-513.692
-232.609
196.726
500.472
512.118
297.45
87.1892
-16.6824
-108.593
-282.971
-491.974
-633.617
-641.486
-512.433
-358.829
-277.935
-254.643
-264.086
-299.339
-258.105
-51.9358
251.81
495.751
574.441
829.714
1785.33
3214.35
3933.9
3157.38
1558.7
333.963
-37.7715
-116.462
-476.235
-743.469
-322.631
473.717
684.608
115.518
-558.703
-665.722
-153.604
359.773
531.948
720.176
1342.78
2147.94
2498.9
2074.91
993.39
-201.448
-1009.13
-1328.61
-1245.83
-922.254
-545.483
-193.264
195.467
504.879
482.531
88.763
-526.597
-1066.41
-1201.13
-831.917
-194.838
334.278
502.99
313.189
18.571
-219.389
-482.531
-825.622
-1113
-1166.51
-928.864
-502.99
-98.8354
130.941
97.8911
-241.737
-761.41
-1143.53
-1150.46
-843.878
-457.035
-182.562
11.961
246.774
399.748
218.76
-301.542
-811.457
-1012.59
-924.457
-743.154
-573.812
-320.743
20.7743
248.977
213.724
19.2005
-135.663
-173.119
-138.181
-110.796
-70.5068
11.6462
74.2839
21.0891
-131.571
-248.347
-265.03
-204.91
-118.036
-63.2672
-24.5515
71.4511
230.721
350.96
357.57
239.849
73.3396
0
50.362
87.5039
-52.8801
-300.283
-502.675
-642.115
-730.249
-765.817
-719.862
-592.383
-409.506
-191.061
82.4677
391.879
537.299
467.422
536.355
1223.8
2431.22
3243
2929.18
1825.31
940.825
731.193
706.012
314.448
-245.2
-329.241
54.7686
243.311
-154.548
-766.446
-909.034
-444.759
189.172
552.408
734.026
1113
1718.6
2169.34
2005.35
1172.8
163.362
-457.664
-592.068
-542.65
-544.539
-589.55
-480.957
-161.473
113.314
87.5039
-187.284
-477.494
-675.48
-724.898
-576.015
-285.175
0.314762
94.4287
-55.7129
-312.244
-493.862
-574.127
-633.931
-670.129
-630.469
-493.547
-288.322
-107.649
-64.2115
-222.852
-529.116
-821.845
-969.783
-957.192
-858.986
-702.55
-442.556
-122.757
90.3368
88.763
-83.0973
-304.375
-444.759
-467.737
-410.45
-286.434
-143.846
-55.3982
-58.231
-139.125
-225.685
-227.573
-120.869
8.49858
79.9496
111.741
158.64
201.763
152.66
-52.5653
-346.553
-516.84
-409.191
-107.649
158.011
241.737
187.284
129.053
135.033
171.231
189.487
177.841
171.545
198.93
250.236
272.899
186.339
-31.1615
-340.888
-638.968
-866.541
-979.54
-909.663
-683.979
-429.021
-265.659
-153.289
2.83286
186.654
283.916
243.626
292.729
770.853
1747.56
2670.44
2811.14
2104.82
1168.71
619.138
468.681
357.885
145.42
75.543
278.25
445.074
267.863
-184.136
-540.762
-525.968
-205.225
161.473
421.152
676.11
1075.23
1553.35
1773.69
1394.71
502.361
-373.308
-741.265
-599.622
-334.278
-239.534
-246.144
-118.351
144.161
249.292
11.961
-415.801
-740.006
-801.7
-617.564
-313.189
-58.231
35.8829
-45.3258
-249.292
-506.767
-750.079
-881.649
-816.808
-625.748
-472.144
-374.882
-221.907
-0.944287
87.1892
-134.089
-547.372
-831.287
-821.845
-690.274
-638.338
-644.948
-551.464
-295.562
-57.6015
-16.9972
-180.044
-380.548
-486.937
-448.536
-294.618
-130.941
6.29525
62.3229
39.0305
-21.0891
-67.3591
-62.3229
-15.1086
66.7296
85.3006
53.5096
39.0305
42.1782
36.5124
-50.362
-196.726
-283.916
-185.71
27.0696
152.03
135.033
58.8606
52.8801
135.977
232.295
276.991
286.119
332.074
377.715
351.904
238.905
49.4177
-180.044
-386.843
-552.408
-677.683
-713.566
-632.672
-481.586
-369.216
-318.54
-275.102
-131.571
124.331
310.041
359.459
390.935
716.399
1513.69
2388.1
2618.82
1944.92
932.326
260.938
140.384
276.991
315.707
292.729
376.141
512.118
484.419
200.818
-224.426
-514.322
-412.024
-0.314762
395.342
627.951
829.399
1097.58
1251.81
985.206
233.554
-599.622
-946.805
-673.906
-159.899
181.303
284.86
323.576
386.843
323.89
-32.7353
-549.26
-885.427
-861.19
-572.867
-259.364
-117.721
-157.381
-269.437
-388.417
-563.11
-814.29
-1012.59
-960.025
-632.358
-237.96
21.4038
106.704
90.3368
4.40667
-192.635
-485.993
-759.207
-872.206
-800.126
-613.787
-410.765
-256.846
-180.988
-201.448
-320.113
-503.62
-615.36
-589.235
-464.589
-305.319
-170.286
-69.2477
9.12811
90.022
139.754
120.239
56.972
28.3286
105.76
207.114
213.094
109.537
-40.6043
-156.122
-214.038
-218.76
-167.454
-82.7825
-21.7186
-18.2562
-30.2172
7.23953
95.0582
170.601
184.136
180.988
239.534
374.882
495.121
458.924
247.718
1.57381
-151.715
-201.133
-209.002
-234.183
-278.879
-313.503
-340.258
-385.269
-419.893
-409.191
-310.041
-136.922
64.841
226.944
391.564
809.569
1532.58
2150.14
2165.56
1591.44
894.555
548.316
605.603
765.817
791.627
723.009
663.834
551.778
301.857
-106.075
-509.915
-593.957
-262.197
226.944
543.595
638.968
659.742
689.644
654.076
339.629
-280.138
-840.101
-899.591
-434.687
178.785
531.319
523.45
362.921
201.448
-2.5181
-300.283
-578.533
-674.221
-555.87
-326.409
-157.696
-154.548
-292.414
-484.419
-691.533
-913.44
-1079.63
-1058.55
-764.873
-296.191
81.5234
163.362
4.40667
-189.487
-310.356
-406.358
-563.11
-745.987
-792.257
-616.934
-328.612
-119.61
-83.7268
-193.894
-355.681
-477.494
-529.43
-533.207
-497.01
-404.784
-261.253
-98.8354
31.1615
92.2254
116.462
135.977
119.295
84.6711
95.6878
168.083
241.108
235.757
129.997
-33.9943
-162.417
-210.891
-198.615
-165.565
-151.715
-146.364
-101.983
22.6629
180.044
271.01
254.328
173.749
131.571
179.415
266.289
286.749
224.111
145.735
84.9858
33.05
-26.44
-86.5596
-134.089
-162.103
-179.415
-201.763
-227.888
-242.682
-227.573
-161.788
-53.5096
52.2506
136.922
180.044
185.08
263.771
595.845
1184.77
1672.33
1695.62
1245.51
686.497
415.172
476.235
652.502
746.616
771.168
748.505
629.21
396.601
111.111
-74.9134
-53.5096
148.568
331.13
332.704
194.208
81.8382
133.774
257.476
169.342
-247.403
-682.405
-694.051
-227.258
323.576
534.152
309.726
-76.4873
-293.044
-273.528
-165.25
-148.883
-248.662
-330.815
-275.102
-170.916
-233.239
-468.681
-677.369
-728.99
-691.533
-665.093
-629.839
-491.974
-243.626
-46.2701
-62.0082
-265.659
-490.715
-586.717
-533.207
-437.52
-423.67
-459.868
-414.857
-275.732
-170.601
-235.757
-435.631
-579.792
-547.686
-412.653
-322.631
-289.267
-208.058
-33.05
141.958
194.523
101.039
-35.5681
-69.2477
31.4762
172.175
237.016
193.894
110.167
68.6182
56.3425
-20.7743
-183.506
-320.113
-308.782
-160.844
9.12811
111.111
154.548
177.841
172.49
124.646
55.7129
24.5515
79.6349
192.32
275.417
254.643
133.459
-8.49858
-78.3758
-63.2672
-25.181
-4.72144
7.23953
57.2867
136.292
165.565
108.908
23.6072
-12.2757
-16.6824
-45.011
-94.1139
-94.4287
3.77715
167.454
301.228
356.626
412.653
583.255
809.884
881.335
713.251
459.553
380.548
552.093
799.496
900.535
813.975
670.129
550.519
441.297
276.676
84.6711
3.46239
122.128
352.219
487.567
415.172
202.077
24.5515
-16.0529
5.98048
-39.6601
-139.44
-166.824
-65.4706
52.2506
42.8077
-97.2616
-260.938
-335.851
-313.189
-260.308
-263.141
-327.038
-372.364
-327.038
-231.35
-207.114
-290.84
-397.545
-429.965
-425.873
-456.405
-496.695
-452.314
-303.746
-137.551
-79.0054
-169.027
-293.044
-349.386
-337.425
-341.517
-397.86
-457.979
-463.96
-394.397
-311.3
-269.437
-276.676
-299.969
-295.562
-259.364
-226.944
-214.668
-190.116
-125.275
-28.9581
60.1196
97.5763
73.9692
30.8467
6.92477
-20.1448
-56.0277
-81.5234
-100.094
-92.8549
-63.2672
-33.9943
-26.7548
-18.2562
8.49858
38.7158
66.7296
69.5625
48.4734
30.2172
56.6572
123.702
172.175
134.404
21.0891
-60.7491
-52.8801
-1.25905
33.3648
67.3591
129.682
186.969
188.857
129.997
45.3258
-1.25905
25.4958
90.9663
140.069
144.476
110.482
86.2449
78.6906
49.1029
-13.5348
-70.192
-58.231
13.8495
85.6154
98.5206
95.0582
179.415
365.439
545.798
583.884
497.639
412.653
417.06
482.845
516.84
501.731
471.514
476.55
522.506
553.352
503.935
379.289
265.345
218.76
238.275
269.122
284.23
305.634
331.76
316.336
201.133
-15.1086
-237.96
-347.498
-322.946
-249.921
-225.055
-256.217
-282.971
-256.217
-187.913
-160.214
-208.058
-274.473
-274.473
-208.058
-148.568
-129.367
-136.922
-142.273
-155.493
-195.153
-241.737
-252.125
-220.019
-179.729
-156.437
-166.509
-209.946
-262.197
-283.601
-254.013
-186.025
-155.178
-193.264
-234.183
-217.501
-171.231
-168.398
-225.999
-287.063
-293.044
-253.384
-203.336
-187.284
-209.632
-222.852
-204.91
-160.214
-121.813
-120.239
-163.362
-223.167
-260.938
-264.4
-237.016
-187.598
-117.092
-40.6043
-5.35096
-34.9386
-94.7435
-126.534
-101.353
-55.7129
-33.6796
-33.05
-25.181
11.0167
48.1586
53.1948
38.7158
39.9748
58.5458
85.3006
107.963
107.019
79.0054
55.3982
85.6154
158.011
222.852
239.219
231.665
233.868
217.501
149.827
61.0639
1.88857
-16.3676
-23.2924
-46.5848
-53.1948
-22.9777
20.1448
41.8634
28.3286
11.0167
43.4372
163.991
352.534
528.486
580.422
497.954
402.896
398.804
474.347
527.227
492.603
421.782
406.673
449.166
476.235
429.965
345.609
317.28
375.826
446.963
430.595
318.54
202.077
174.064
206.169
174.693
20.7743
-167.139
-242.367
-187.913
-123.387
-134.089
-201.133
-245.829
-218.445
-154.548
-111.111
-123.072
-165.88
-184.136
-169.027
-173.434
-233.239
-303.746
-327.668
-293.359
-254.328
-276.991
-346.868
-368.587
-268.178
-86.2449
41.8634
33.6796
-41.8634
-64.2115
-21.4038
-4.40667
-74.5987
-196.412
-265.03
-256.846
-226.314
-237.016
-331.76
-414.857
-406.673
-328.297
-249.607
-260.308
-312.244
-318.854
-261.568
-185.08
-168.083
-198.3
-221.593
-184.766
-92.2254
-44.3815
-67.0444
-123.072
-146.994
-110.482
-79.3201
-94.4287
-132.2
-123.702
-45.6405
40.9191
70.192
42.8077
23.2924
52.8801
112.685
148.253
132.515
96.3173
104.816
184.766
275.102
276.047
191.69
127.479
132.2
139.754
82.153
-0.629525
-32.1058
7.23953
67.3591
88.1335
48.1586
-23.6072
-84.3563
-109.852
-102.927
-103.557
-116.462
-111.111
-62.3229
4.72144
44.6963
43.4372
36.8272
90.3368
208.058
327.982
395.971
410.765
409.821
420.837
431.224
417.69
380.548
354.108
360.403
403.84
458.294
474.032
426.503
346.553
314.133
348.442
390.62
375.197
306.264
256.531
268.492
290.84
229.777
79.0054
-72.0806
-136.922
-123.387
-106.39
-141.014
-203.651
-230.406
-204.281
-159.585
-164.306
-231.35
-306.893
-329.556
-310.67
-306.579
-312.244
-275.102
-162.103
-35.2534
28.3286
9.75763
-34.6239
-41.5486
-15.7381
7.5543
-11.961
-63.8968
-107.019
-125.275
-140.699
-194.208
-286.749
-367.328
-393.768
-380.862
-370.79
-385.269
-404.155
-392.509
-340.258
-293.359
-283.286
-277.62
-240.793
-170.916
-126.534
-150.771
-207.743
-241.737
-222.222
-179.729
-155.178
-149.512
-133.144
-83.7268
-16.6824
26.44
32.1058
14.1643
14.4791
52.8801
103.557
146.994
163.676
172.49
189.802
204.91
204.281
183.821
154.234
130.312
123.072
126.849
131.571
125.59
111.111
95.373
95.373
98.2059
86.2449
58.5458
13.8495
-20.1448
-27.0696
-11.3314
5.98048
10.0724
4.40667
-8.18382
-21.7186
-49.7325
-89.0777
-115.833
-115.203
-83.0973
-40.9191
-15.4234
-9.44287
1.88857
42.1782
116.462
188.543
224.74
220.334
213.724
236.072
281.398
338.37
377.4
398.489
406.043
414.542
429.965
427.133
396.286
344.35
307.208
296.191
288.952
250.551
183.506
140.069
153.289
181.618
144.791
30.5319
-100.094
-169.342
-187.284
-209.317
-266.604
-332.389
-342.461
-280.138
-179.729
-111.741
-98.8354
-101.983
-70.8215
-12.2757
6.92477
-30.8467
-79.3201
-70.8215
-11.0167
37.7715
30.5319
-6.29525
-17.9415
-0.629525
7.86906
-36.1977
-118.351
-192.635
-214.668
-195.467
-186.025
-215.927
-272.899
-305.634
-289.896
-257.476
-255.272
-287.063
-311.615
-295.247
-248.347
-212.15
-203.966
-201.133
-176.267
-140.069
-118.665
-116.777
-110.167
-81.8382
-42.8077
-13.22
6.29525
30.5319
68.6182
113.629
141.958
141.958
122.128
106.075
110.167
121.813
115.518
86.2449
59.8048
55.7129
64.841
59.4901
25.8105
-11.3314
-25.4958
-22.0334
-32.4205
-56.6572
-57.6015
-25.4958
19.5153
46.5848
51.9358
58.5458
65.7853
50.6767
9.44287
-32.7353
-47.5291
-31.791
-9.44287
-1.88857
-10.7019
-20.4596
-27.3843
-40.2896
-74.9134
-135.348
-193.579
-212.465
-188.228
-152.66
-124.646
-96.3173
-30.8467
83.412
196.097
255.587
256.217
244.256
254.013
280.768
301.542
298.709
285.804
291.47
318.225
344.35
343.406
305.319
256.217
226.944
215.297
198.3
156.437
108.908
93.7992
114.259
129.997
101.039
27.3843
-43.752
-84.6711
-112.055
-155.178
-217.816
-250.551
-225.055
-158.011
-97.8911
-81.5234
-86.5596
-74.5987
-28.6434
22.3481
40.2896
26.44
18.571
39.6601
76.1725
98.5206
88.4482
71.7658
74.5987
85.3006
76.4873
30.5319
-34.6239
-87.5039
-116.462
-132.83
-151.401
-168.713
-168.713
-151.401
-133.144
-135.977
-167.454
-206.799
-221.278
-202.077
-170.286
-148.253
-140.699
-117.721
-62.0082
11.3314
66.7296
74.9134
57.6015
38.0862
30.5319
30.5319
23.6072
17.9415
24.8662
51.9358
77.7463
76.802
39.6601
-20.1448
-65.1558
-81.5234
-80.5792
-81.5234
-81.2087
-67.3591
-40.2896
-18.571
-17.3119
-33.3648
-53.1948
-71.4511
-92.2254
-107.649
-110.167
-96.9468
-76.1725
-62.0082
-52.2506
-43.4372
-37.142
-29.9024
-23.2924
-18.2562
-16.9972
-19.2005
-19.5153
-15.1086
-10.3872
-20.7743
-52.8801
-91.9106
-125.905
-138.81
-135.663
-138.181
-152.03
-175.323
-190.116
-180.044
-165.565
-166.824
-180.044
-164.935
-84.3563
28.0138
106.704
118.98
97.8911
102.613
150.456
214.353
256.531
277.306
307.208
361.032
414.542
425.873
387.472
329.556
295.562
293.359
295.877
278.879
237.331
203.336
198.615
192.32
145.735
53.1948
-41.5486
-76.4873
-50.9915
-12.9053
-8.81335
-32.4205
-44.3815
-17.3119
28.0138
50.362
47.8439
43.4372
60.4344
88.4482
100.409
88.4482
64.5263
58.231
71.1363
82.7825
68.933
37.4567
21.0891
33.9943
55.7129
42.1782
-3.14762
-45.9553
-51.3063
-27.6991
-22.6629
-51.3063
-97.8911
-122.757
-111.426
-88.763
-81.8382
-109.537
-147.938
-151.401
-111.741
-67.3591
-58.231
-77.4315
-90.022
-77.4315
-58.5458
-65.4706
-93.1697
-116.777
-116.462
-103.557
-93.7992
-87.8187
-73.9692
-50.6767
-29.2729
-17.9415
-24.2367
-38.0862
-45.011
-43.752
-44.3815
-62.9525
-95.373
-127.164
-146.994
-159.27
-175.323
-192.005
-198.615
-181.933
-154.863
-128.108
-102.298
-76.1725
-50.362
-38.7158
-43.4372
-59.8048
-75.2282
-78.6906
-75.543
-68.6182
-65.7853
-69.2477
-75.543
-89.3925
-113.944
-142.273
-162.103
-167.454
-159.27
-152.975
-161.158
-186.654
-223.481
-258.105
-269.751
-253.069
-214.353
-166.824
-127.164
-90.3368
-35.2534
51.3063
145.735
207.743
224.74
225.37
249.607
295.247
332.074
330.5
294.618
269.437
275.102
296.191
298.709
278.565
265.659
287.378
342.147
386.213
385.269
348.127
320.743
331.445
347.498
321.372
239.849
150.456
113.629
128.108
139.754
109.852
55.3982
24.5515
37.7715
67.6739
80.2644
74.5987
78.6906
106.704
140.384
151.715
128.738
91.5958
67.6739
70.192
84.9858
85.9301
72.7101
67.0444
79.9496
93.7992
86.8744
60.1196
36.1977
29.5877
24.5515
2.5181
-38.7158
-82.4677
-110.482
-124.961
-141.643
-169.342
-203.966
-227.573
-224.426
-200.818
-177.211
-169.342
-157.381
-129.053
-94.1139
-78.3758
-91.9106
-112.685
-124.016
-123.072
-129.367
-147.624
-163.991
-171.545
-168.083
-164.306
-171.86
-197.041
-228.517
-232.609
-197.671
-145.105
-116.777
-124.331
-141.014
-144.791
-135.348
-140.069
-164.306
-179.415
-168.083
-139.125
-128.738
-149.197
-179.729
-199.559
-197.356
-197.041
-207.114
-218.13
-219.389
-206.169
-195.153
-194.838
-193.894
-180.044
-149.512
-119.61
-97.8911
-80.2644
-65.4706
-52.5653
-51.3063
-55.3982
-57.9163
-56.0277
-53.5096
-59.8048
-63.582
-65.7853
-66.1001
-63.2672
-58.8606
-40.9191
-14.7938
16.6824
54.4539
104.501
170.286
229.147
261.253
271.64
288.322
330.5
384.01
416.116
412.024
403.525
430.91
485.049
516.21
496.695
452.943
430.91
438.464
446.648
418.319
361.347
314.762
301.857
304.69
278.565
208.373
129.053
88.1335
89.3925
89.0777
59.1753
17.9415
4.09191
27.0696
49.7325
44.0667
24.2367
19.83
39.0305
61.3787
69.2477
56.972
39.3453
31.4762
33.05
32.4205
17.9415
-4.72144
-17.3119
-8.81335
12.5905
20.1448
7.23953
-11.3314
-18.2562
-11.961
-5.66572
-11.3314
-35.5681
-62.9525
-74.2839
-63.2672
-55.0834
-74.2839
-116.777
-151.715
-162.417
-167.768
-193.579
-233.868
-251.81
-234.813
-212.465
-214.353
-233.239
-241.423
-226.314
-204.91
-198.93
-204.281
-203.651
-185.395
-157.696
-143.532
-150.142
-163.676
-166.824
-157.066
-149.512
-159.27
-185.08
-206.169
-207.428
-197.671
-196.097
-206.799
-219.704
-220.019
-206.169
-192.005
-192.635
-202.707
-205.855
-188.857
-162.103
-149.197
-157.381
-169.972
-165.88
-146.679
-136.292
-141.958
-148.568
-135.033
-106.39
-84.0415
-72.7101
-67.6739
-55.3982
-34.9386
-13.5348
-2.83286
-7.5543
-15.7381
-20.4596
-21.7186
-29.5877
-50.0472
-66.4149
-67.3591
-52.8801
-36.5124
-17.9415
13.22
60.1196
117.092
172.175
227.258
276.991
311.3
336.166
355.681
374.882
391.25
396.915
389.361
378.974
381.807
396.601
411.08
416.745
417.69
427.762
451.054
474.976
476.55
452.628
423.355
405.099
386.528
345.924
280.768
214.353
172.175
153.919
135.977
112.685
97.2616
104.501
132.2
156.437
159.27
152.345
156.437
174.064
188.543
177.841
150.771
131.885
128.423
132.2
124.646
103.242
84.6711
78.6906
79.3201
73.3396
51.621
17.6267
-16.3676
-45.9553
-76.1725
-114.888
-163.991
-214.668
-259.679
-296.821
-324.205
-348.442
-371.42
-388.102
-404.784
-416.116
-420.208
-422.411
-423.67
-425.873
-428.706
-428.077
-420.837
-407.932
-390.935
-374.252
-357.57
-337.74
-318.854
-300.913
-287.063
-277.62
-265.345
-253.698
-245.2
-239.534
-234.813
-223.167
-212.465
-208.373
-208.373
-205.225
-191.69
-174.378
-162.732
-157.066
-152.345
-147.938
-141.328
-134.404
-128.423
-121.498
-117.092
-107.649
-87.1892
-63.8968
-44.3815
-36.8272
-32.4205
-16.6824
5.98048
24.8662
36.5124
45.9553
62.3229
84.3563
100.409
110.482
115.833
112.37
103.242
88.4482
72.0806
62.6377
53.8244
43.4372
32.1058
20.4596
12.9053
13.8495
23.2924
41.2339
65.7853
95.0582
136.292
188.543
246.459
297.765
329.241
351.275
372.049
391.25
406.043
417.06
423.355
429.336
438.149
450.11
458.294
451.684
435.946
424.614
425.244
437.52
443.185
437.205
427.447
419.263
412.339
395.027
363.236
327.982
307.523
301.542
297.136
288.008
275.417
265.659
261.253
258.42
246.774
222.537
196.412
172.805
149.827
117.406
73.0249
25.8105
-14.4791
-45.9553
-76.1725
-113.629
-149.512
-172.49
-186.969
-204.596
-236.072
-280.138
-321.687
-348.127
-365.124
-388.417
-418.319
-446.648
-461.442
-463.015
-464.589
-476.865
-493.233
-504.564
-507.397
-501.731
-498.269
-499.528
-499.843
-497.325
-484.734
-466.163
-449.166
-430.28
-406.988
-371.42
-328.297
-289.896
-263.141
-245.515
-228.517
-214.038
-203.336
-194.838
-183.821
-163.362
-139.44
-117.721
-103.872
-96.3173
-87.1892
-72.3953
-54.1391
-35.2534
-22.3481
-10.0724
11.3314
39.6601
61.6934
64.5263
54.7686
41.5486
35.5681
34.3091
27.3843
13.8495
-5.66572
-17.6267
-18.2562
-14.7938
-18.8857
-25.4958
-27.6991
-17.3119
5.98048
24.5515
39.3453
53.8244
71.1363
92.2254
108.278
115.833
126.22
147.624
177.841
207.114
220.963
221.593
217.501
215.297
211.52
196.726
169.972
146.364
141.643
158.011
189.802
223.167
255.902
284.545
304.69
323.261
342.776
368.272
396.601
414.857
430.28
448.536
474.662
502.675
512.748
506.767
492.288
480.642
480.957
482.845
471.829
447.277
422.411
406.358
401.007
387.158
350.645
300.913
253.698
218.13
182.877
135.663
82.153
34.3091
0
-22.3481
-47.2144
-75.543
-105.131
-131.256
-149.827
-168.713
-195.467
-227.258
-256.217
-278.879
-299.024
-325.15
-354.737
-376.456
-388.102
-392.194
-394.082
-397.23
-395.027
-385.269
-371.105
-359.144
-352.849
-352.219
-355.052
-358.829
-362.606
-374.882
-395.656
-415.801
-433.743
-448.536
-462.701
-474.662
-473.088
-458.609
-439.093
-417.375
-395.656
-372.364
-345.924
-315.707
-281.712
-245.829
-207.428
-166.509
-127.164
-90.022
-57.6015
-30.5319
-14.1643
-8.81335
-10.3872
-10.7019
-2.83286
7.5543
12.2757
7.23953
0.944287
-0.944287
-1.57381
-6.61001
-21.7186
-40.9191
-55.3982
-61.3787
-59.8048
-56.0277
-48.7882
-36.5124
-17.3119
7.5543
30.5319
53.5096
76.1725
99.7797
118.036
126.849
129.997
138.495
162.103
195.782
230.406
257.476
279.509
302.487
324.52
338.999
346.868
348.127
346.868
350.645
358.514
367.013
369.846
362.606
347.183
329.871
314.448
293.673
266.604
237.646
215.927
203.651
195.153
185.08
179.729
190.116
215.612
240.164
247.088
241.737
241.108
255.272
278.879
293.044
289.896
288.637
299.969
315.392
318.225
296.506
264.086
241.108
228.832
213.724
184.451
144.161
108.908
87.8187
67.0444
33.3648
-15.7381
-64.841
-93.1697
-108.908
-129.997
-161.788
-195.782
-215.612
-215.612
-213.094
-221.278
-240.164
-257.161
-261.253
-256.217
-256.217
-267.233
-279.824
-282.657
-273.214
-259.049
-253.069
-257.161
-262.197
-259.049
-252.125
-250.866
-259.994
-270.066
-271.955
-267.233
-265.974
-275.102
-288.952
-299.024
-302.487
-308.467
-325.464
-348.442
-364.18
-364.81
-355.367
-347.183
-343.406
-336.481
-318.54
-293.359
-272.899
-259.364
-248.977
-232.924
-210.261
-190.116
-169.657
-146.364
-122.443
-98.8354
-78.3758
-61.6934
-44.3815
-30.5319
-18.571
-4.09191
10.7019
24.5515
37.142
49.1029
63.582
79.6349
93.7992
101.983
106.704
110.482
120.869
136.922
148.568
152.975
157.066
170.601
194.208
218.76
232.295
233.868
233.239
240.164
250.866
257.161
257.476
255.587
259.994
269.122
277.62
281.083
281.712
280.768
279.509
280.138
279.194
279.509
282.027
284.23
281.398
274.473
264.715
254.328
245.829
235.127
221.593
204.281
188.543
178.155
173.119
167.454
150.456
123.072
92.2254
67.0444
45.3258
26.1253
9.75763
2.83286
11.3314
31.1615
54.7686
74.5987
87.8187
98.5206
111.426
124.646
129.682
128.423
129.682
136.607
145.105
143.532
127.164
112.685
107.334
104.186
85.9301
52.2506
19.5153
-1.57381
-13.22
-34.6239
-70.8215
-112.055
-146.364
-171.545
-193.579
-220.019
-254.013
-287.063
-311.615
-326.723
-339.943
-356.626
-372.364
-377.085
-366.383
-352.849
-342.776
-335.222
-326.094
-316.021
-309.411
-303.431
-296.191
-288.952
-281.712
-273.214
-265.345
-260.623
-261.568
-261.568
-257.79
-254.013
-254.013
-260.623
-261.253
-248.977
-231.98
-223.481
-224.426
-221.907
-209.002
-190.746
-175.637
-168.083
-157.381
-137.866
-107.334
-69.5625
-37.142
-14.4791
7.23953
35.8829
72.7101
106.704
126.849
138.495
151.401
170.601
190.746
206.799
220.334
231.35
236.387
235.757
232.295
230.406
227.888
219.389
209.632
202.077
199.245
200.818
202.707
201.763
195.153
186.025
180.674
179.729
180.988
178.785
173.434
169.972
172.805
181.303
187.284
189.802
188.228
182.247
172.175
162.732
158.64
155.178
148.253
137.551
129.997
129.367
131.885
131.256
123.387
108.908
92.5401
80.8939
76.1725
72.0806
64.2115
52.5653
42.8077
39.0305
41.2339
45.011
41.2339
33.05
27.0696
28.6434
33.9943
35.5681
34.3091
29.2729
26.44
27.6991
33.9943
42.1782
44.0667
43.1224
40.6043
38.0862
37.7715
33.9943
28.0138
17.6267
8.49858
3.46239
-0.944287
-9.75763
-20.4596
-28.9581
-37.4567
-49.4177
-64.2115
-80.8939
-97.5763
-110.796
-119.61
-127.794
-139.125
-154.548
-169.027
-177.841
-184.766
-192.949
-204.281
-215.297
-219.704
-221.593
-222.537
-224.426
-224.111
-219.389
-214.353
-209.317
-205.54
-201.133
-194.838
-191.69
-188.543
-186.339
-186.969
-187.913
-187.913
-186.654
-186.339
-187.284
-188.543
-186.654
-182.247
-178.47
-176.267
-173.749
-167.139
-159.899
-153.919
-149.197
-142.902
-132.2
-118.98
-105.445
-93.1697
-79.6349
-60.4344
-34.3091
-5.98048
20.1448
42.8077
62.6377
82.7825
107.019
130.626
149.512
163.362
174.378
188.228
205.54
220.334
228.832
231.35
232.609
237.016
244.885
248.977
246.144
241.737
239.534
241.737
244.57
244.885
241.737
235.127
229.777
227.258
225.055
220.963
213.094
206.484
203.336
203.651
202.707
197.986
191.061
185.395
181.618
177.526
168.713
157.066
146.364
135.663
123.387
111.111
97.5763
85.9301
76.4873
63.8968
48.1586
27.3843
4.72144
-14.7938
-30.8467
-45.3258
-59.1753
-74.9134
-87.5039
-96.0025
-101.983
-104.816
-107.963
-111.426
-113.944
-116.777
-118.665
-118.98
-121.184
-123.072
-123.702
-124.016
-123.072
-124.016
-125.59
-123.702
-118.665
-113.314
-109.537
-108.278
-107.649
-104.186
-100.724
-99.4649
-100.724
-103.872
-105.76
-104.186
-104.186
-104.186
-107.019
-111.426
-111.111
-109.537
-108.908
-109.537
-113
-116.462
-115.518
-113.944
-111.111
-110.167
-111.426
-107.649
-100.724
-93.7992
-87.5039
-86.5596
-88.4482
-87.1892
-86.2449
-83.0973
-81.2087
-79.6349
-73.0249
-66.1001
-57.9163
-50.362
-45.9553
-41.5486
-37.142
-33.6796
-29.2729
-27.0696
-22.9777
-12.9053
0.944287
14.1643
21.7186
23.9219
25.4958
31.791
40.6043
49.7325
56.972
62.9525
74.2839
90.9663
110.482
128.108
141.328
151.401
160.844
169.342
175.323
178.47
180.044
181.303
182.562
184.136
184.136
184.136
181.933
175.952
169.342
159.899
149.827
137.866
124.961
112.37
99.7797
88.4482
78.0611
68.6182
60.4344
53.5096
46.8996
36.1977
22.0334
8.81335
-0.944287
-7.86906
-12.9053
-16.3676
-18.8857
-19.83
-18.571
-18.571
-20.1448
-22.3481
-22.6629
-22.0334
-21.0891
-20.1448
-18.8857
-19.2005
-21.0891
-22.9777
-25.181
-29.2729
-33.05
-34.9386
-33.6796
-30.8467
-26.7548
-22.0334
-18.2562
-14.4791
-11.3314
-11.961
-17.6267
-26.44
-36.5124
-45.3258
-52.2506
-56.972
-58.8606
-58.5458
-55.0834
-50.6767
-47.2144
-46.8996
-49.7325
-55.7129
-64.2115
-74.2839
-85.6154
-95.373
-101.353
-103.242
-102.927
-100.409
-98.5206
-96.632
-93.1697
-90.3368
-88.763
-88.4482
-87.5039
-84.3563
-79.3201
-74.9134
-71.1363
-67.9887
-63.8968
-58.8606
-54.4539
-52.8801
-52.2506
-49.1029
-43.752
-36.8272
-28.9581
-22.0334
-16.0529
-11.0167
-6.92477
-6.92477
-10.7019
-15.4234
-20.1448
-22.6629
-23.6072
-20.1448
-11.6462
-0.629525
13.5348
27.6991
37.7715
46.8996
53.8244
59.1753
65.1558
69.2477
75.543
82.153
90.6516
102.927
114.888
125.275
133.774
141.958
148.253
153.919
156.752
155.807
154.234
152.345
149.512
145.105
138.81
131.571
123.702
117.092
109.537
100.409
89.7073
79.9496
71.7658
62.6377
50.6767
36.8272
20.1448
4.09191
-10.0724
-23.6072
-37.142
-48.7882
-56.3425
-59.8048
-60.7491
-61.3787
-61.6934
-61.0639
-58.5458
-56.3425
-56.972
-58.231
-58.5458
-55.0834
-50.0472
-43.1224
-33.9943
-25.4958
-14.7938
-4.40667
3.77715
7.5543
8.49858
6.61001
3.46239
0.314762
-2.5181
-4.72144
-6.92477
-8.49858
-10.0724
-12.2757
-16.9972
-22.3481
-28.6434
-34.6239
-39.0305
-43.752
-48.4734
-51.621
-51.9358
-51.621
-51.621
-53.1948
-56.0277
-61.0639
-64.841
-70.8215
-76.1725
-81.2087
-84.6711
-85.9301
-87.1892
-86.8744
-85.6154
-84.0415
-82.4677
-79.6349
-77.1168
-73.3396
-68.933
-63.8968
-56.972
-48.1586
-37.142
-28.6434
-21.4038
-17.6267
-16.3676
-16.9972
-21.0891
-26.44
-31.4762
-37.142
-39.3453
-39.0305
-37.7715
-33.9943
-30.8467
-25.181
-19.5153
-13.22
-7.86906
-2.83286
3.46239
10.3872
17.3119
24.2367
32.4205
43.4372
57.9163
73.3396
86.8744
100.094
111.111
121.813
131.256
138.181
141.643
142.902
141.958
139.125
135.977
129.367
123.702
117.406
110.167
105.445
100.094
95.6878
93.1697
90.022
85.6154
80.2644
72.7101
65.1558
57.9163
50.9915
43.752
34.9386
27.0696
21.4038
19.83
21.4038
22.6629
22.9777
23.9219
23.2924
22.0334
19.5153
16.3676
12.5905
9.44287
6.92477
7.23953
6.92477
4.40667
3.14762
0.629525
-3.46239
-9.44287
-15.7381
-21.4038
-25.4958
-30.8467
-36.5124
-44.3815
-51.621
-56.3425
-60.4344
-63.2672
-69.5625
-75.8577
-81.5234
-83.7268
-83.0973
-79.9496
-78.6906
-76.1725
-71.7658
-68.3034
-66.7296
-68.933
-71.4511
-71.7658
-71.7658
-72.0806
-72.7101
-71.1363
-68.6182
-63.582
-58.8606
-57.6015
-57.9163
-59.8048
-58.8606
-56.972
-59.1753
-62.3229
-66.4149
-67.0444
-64.841
-63.2672
-63.582
-64.2115
-62.6377
-59.1753
-56.3425
-56.3425
-55.7129
-54.7686
-50.6767
-45.3258
-41.5486
-39.3453
-38.401
-35.5681
-31.1615
-28.3286
-27.3843
-25.181
-18.571
-9.44287
-0.944287
5.66572
11.6462
18.571
27.3843
35.5681
39.6601
41.8634
43.1224
44.3815
45.011
43.752
40.9191
37.142
35.5681
36.5124
35.8829
32.7353
28.6434
27.0696
29.5877
35.2534
40.9191
48.4734
57.2867
68.3034
79.9496
89.3925
97.2616
104.186
109.223
115.203
120.239
123.387
125.59
127.479
130.941
134.404
135.977
137.236
137.236
134.718
132.83
128.108
121.813
114.573
107.334
101.353
94.4287
88.763
82.153
75.2282
68.3034
62.9525
58.8606
55.7129
53.8244
50.9915
49.1029
46.2701
41.8634
37.142
28.9581
19.5153
9.44287
-1.25905
-11.961
-22.6629
-32.7353
-40.9191
-48.4734
-54.7686
-61.0639
-69.2477
-76.802
-84.9858
-93.1697
-102.298
-111.741
-120.554
-129.367
-135.977
-142.273
-148.253
-153.604
-159.585
-163.362
-165.25
-165.88
-165.88
-162.732
-157.696
-150.771
-143.846
-136.922
-131.885
-127.164
-122.443
-117.092
-112.055
-106.704
-98.8354
-88.1335
-74.5987
-61.0639
-48.4734
-39.3453
-30.8467
-22.9777
-17.3119
-13.8495
-13.5348
-12.9053
-10.7019
-8.18382
-4.09191
-0.314762
0
4.09191
9.12811
14.1643
18.571
18.2562
20.1448
22.0334
22.9777
23.2924
19.83
16.9972
16.0529
16.6824
19.5153
21.0891
20.1448
20.7743
22.0334
23.6072
24.5515
22.3481
19.83
20.1448
23.6072
27.0696
29.2729
27.6991
28.0138
29.2729
29.5877
29.5877
28.3286
28.0138
31.4762
38.401
45.9553
50.6767
55.7129
62.0082
69.2477
75.2282
78.3758
78.3758
79.0054
84.6711
89.3925
94.7435
99.7797
104.186
113.314
122.757
129.997
137.551
142.587
146.364
151.086
153.289
153.604
152.975
151.401
152.345
152.975
149.827
146.05
141.643
135.348
129.053
118.98
106.704
96.3173
84.6711
72.7101
60.7491
45.9553
31.4762
17.9415
3.46239
-10.3872
-24.5515
-38.7158
-52.2506
-64.5263
-75.2282
-86.5596
-97.8911
-107.334
-113.629
-120.869
-126.849
-129.367
-132.2
-133.144
-135.033
-140.069
-143.846
-148.568
-153.919
-158.955
-164.306
-167.139
-166.509
-163.991
-160.844
-158.955
-156.122
-154.548
-153.919
-153.919
-155.178
-155.493
-152.345
-146.679
-142.587
-138.495
-136.922
-135.348
-129.053
-123.072
-113.944
-103.242
-92.8549
-79.0054
-63.8968
-51.3063
-39.0305
-28.0138
-18.8857
-10.0724
-2.83286
2.83286
9.75763
16.3676
22.3481
26.44
28.3286
32.1058
37.7715
43.1224
47.2144
49.7325
51.3063
54.1391
55.7129
54.1391
48.7882
41.2339
35.8829
35.2534
35.2534
35.5681
34.9386
37.7715
43.752
51.621
60.7491
68.933
77.4315
85.6154
94.1139
103.242
109.852
114.259
118.665
123.072
125.275
125.59
125.905
128.738
135.348
140.699
144.476
146.364
146.05
147.624
150.771
150.142
146.679
139.44
132.83
128.423
122.128
116.777
108.908
102.613
98.2059
95.0582
91.5958
87.1892
82.4677
79.0054
76.1725
70.5068
62.9525
55.0834
46.8996
41.8634
35.8829
26.1253
15.7381
5.35096
-2.20334
-7.23953
-14.1643
-22.9777
-31.791
-38.0862
-43.752
-50.9915
-60.4344
-71.1363
-80.5792
-88.4482
-97.8911
-110.796
-126.22
-141.014
-149.827
-154.548
-158.325
-164.935
-168.713
-169.657
-168.713
-164.935
-163.676
-160.529
-157.696
-153.604
-148.253
-147.624
-146.679
-145.105
-141.328
-133.459
-127.794
-124.016
-119.61
-115.833
-110.482
-103.557
-98.8354
-94.7435
-88.1335
-81.8382
-74.9134
-69.2477
-66.7296
-61.3787
-55.7129
-49.1029
-39.6601
-32.4205
-24.8662
-15.4234
-7.86906
-0.629525
5.66572
12.2757
22.3481
32.1058
39.6601
45.011
46.2701
48.1586
49.7325
51.9358
55.0834
57.2867
59.1753
63.582
67.3591
71.1363
74.9134
77.1168
82.153
87.8187
90.3368
91.2811
90.022
90.9663
92.2254
93.4844
94.4287
94.4287
92.2254
89.7073
88.1335
87.1892
85.6154
83.412
82.153
80.2644
78.6906
74.2839
69.5625
67.3591
67.0444
68.3034
68.3034
69.5625
70.192
69.5625
67.9887
67.3591
68.3034
70.192
71.7658
71.7658
72.3953
71.1363
68.6182
65.4706
63.582
60.7491
55.3982
52.8801
47.8439
44.0667
39.6601
33.6796
28.3286
21.0891
17.6267
13.22
9.44287
5.98048
1.25905
-0.944287
-2.83286
-5.66572
-8.18382
-12.9053
-17.6267
-22.0334
-28.6434
-31.1615
-32.1058
-34.6239
-34.3091
-35.5681
-36.5124
-37.7715
-39.9748
-42.1782
-44.3815
-45.6405
-48.7882
-52.2506
-55.7129
-61.0639
-66.1001
-71.1363
-75.2282
-78.3758
-82.153
-84.3563
-89.3925
-92.8549
-92.2254
-94.1139
-95.6878
-97.5763
-102.298
-105.445
-111.741
-117.721
-123.072
-125.59
-124.016
-122.757
-119.295
-113.944
-109.537
-104.501
-99.7797
-96.3173
-94.1139
-89.7073
-84.3563
-81.8382
-78.0611
-75.8577
-75.543
-72.3953
-68.6182
-62.9525
-57.6015
-51.9358
-42.8077
-34.9386
-25.8105
-16.0529
-9.75763
-2.83286
3.77715
7.86906
12.2757
15.7381
18.571
22.9777
28.3286
35.2534
44.3815
53.5096
62.9525
71.4511
77.7463
85.3006
90.6516
92.2254
95.373
96.9468
99.4649
101.353
100.094
99.4649
99.1501
99.4649
100.094
99.4649
99.1501
100.094
99.1501
101.039
101.983
99.4649
96.632
94.1139
92.2254
90.6516
88.4482
84.6711
84.3563
85.6154
88.763
90.6516
91.2811
94.4287
99.4649
104.501
107.963
107.334
104.186
102.927
100.724
98.5206
94.1139
88.4482
83.7268
78.6906
74.5987
67.9887
61.3787
54.1391
50.0472
46.2701
39.3453
30.2172
19.83
10.3872
2.20334
-6.92477
-16.6824
-24.5515
-31.791
-35.5681
-38.401
-42.4929
-45.6405
-48.1586
-48.4734
-49.4177
-51.621
-53.1948
-56.3425
-59.4901
-62.9525
-69.2477
-73.6544
-79.9496
-84.6711
-89.3925
-94.1139
-98.8354
-104.186
-107.334
-112.055
-116.777
-121.498
-127.164
-129.997
-133.774
-138.181
-142.273
-145.735
-147.309
-148.568
-148.883
-148.883
-148.253
-147.309
-146.994
-146.364
-145.735
-143.846
-140.384
-135.348
-129.367
-122.443
-114.888
-108.278
-101.039
-93.7992
-86.2449
-78.6906
-73.3396
-66.4149
-60.7491
-53.8244
-45.6405
-37.7715
-28.9581
-20.4596
-11.961
-2.20334
8.81335
16.6824
24.5515
32.1058
39.3453
46.8996
53.1948
58.5458
64.2115
71.4511
78.3758
86.5596
92.2254
96.632
103.872
108.908
114.888
119.61
122.128
126.22
130.626
134.404
136.292
136.292
135.977
135.977
136.922
138.495
138.81
138.81
139.125
139.754
141.014
141.958
141.328
140.384
138.81
135.663
132.2
127.479
122.757
119.295
115.833
112.685
110.167
106.075
101.983
97.8911
93.7992
89.7073
84.6711
79.0054
73.6544
67.0444
59.1753
51.3063
42.4929
34.6239
26.44
17.6267
10.3872
3.77715
-1.25905
-6.29525
-12.2757
-18.2562
-23.6072
-29.5877
-37.142
-44.3815
-51.9358
-58.8606
-65.4706
-72.3953
-77.4315
-82.7825
-86.5596
-90.9663
-94.1139
-97.8911
-101.668
-103.872
-107.334
-108.908
-111.426
-113.944
-115.203
-117.092
-116.777
-118.351
-120.554
-121.498
-121.813
-121.184
-120.869
-121.184
-119.924
-117.721
-115.203
-112.685
-111.111
-108.908
-106.39
-105.131
-103.242
-101.983
-101.039
-98.8354
-94.7435
-90.9663
-86.8744
-84.6711
-81.5234
-76.4873
-72.0806
-66.4149
-62.0082
-57.9163
-52.5653
-46.2701
-39.6601
-33.9943
-29.9024
-28.0138
-24.8662
-21.0891
-17.6267
-13.5348
-9.44287
-4.40667
2.20334
8.81335
14.4791
20.1448
25.4958
30.5319
35.5681
40.6043
45.3258
48.4734
52.8801
56.972
61.0639
65.4706
68.3034
71.4511
74.2839
76.4873
78.3758
81.5234
85.6154
90.6516
94.4287
95.6878
97.8911
98.8354
101.983
104.816
106.39
105.445
104.501
104.186
105.131
107.334
107.963
107.649
107.334
107.963
110.482
111.741
112.055
111.111
107.334
101.983
96.3173
90.9663
84.9858
78.6906
73.3396
69.2477
64.5263
60.1196
56.0277
52.2506
49.1029
45.6405
41.8634
38.401
35.2534
32.1058
29.5877
26.1253
21.7186
18.571
13.5348
8.18382
3.14762
-2.83286
-7.5543
-11.6462
-16.0529
-19.5153
-23.2924
-26.44
-28.6434
-31.4762
-35.8829
-41.2339
-47.5291
-52.8801
-56.6572
-61.3787
-65.1558
-67.9887
-70.8215
-69.8772
-70.8215
-72.0806
-72.7101
-74.9134
-74.2839
-74.9134
-76.4873
-77.1168
-79.3201
-79.6349
-80.8939
-82.153
-84.3563
-87.1892
-88.1335
-88.1335
-87.5039
-88.1335
-88.4482
-88.763
-86.8744
-84.3563
-84.6711
-84.0415
-84.9858
-85.3006
-84.3563
-84.6711
-85.3006
-85.3006
-84.6711
-83.0973
-78.6906
-75.543
-71.7658
-67.9887
-65.4706
-63.2672
-62.9525
-62.6377
-61.6934
-58.8606
-56.0277
-50.9915
-46.8996
-41.8634
-34.3091
-28.9581
-21.7186
-15.1086
-9.75763
-2.20334
3.46239
10.7019
17.3119
21.4038
25.8105
28.6434
30.5319
34.9386
37.142
39.6601
42.1782
46.2701
53.8244
58.5458
66.7296
74.5987
81.5234
87.8187
91.5958
93.7992
94.4287
94.4287
93.1697
91.2811
90.9663
91.2811
94.4287
97.8911
101.983
107.334
111.426
114.573
118.351
118.351
115.518
113
108.908
104.501
100.724
95.373
90.3368
85.6154
79.6349
74.5987
69.2477
65.7853
64.5263
62.3229
60.4344
59.1753
56.0277
52.5653
46.8996
39.3453
30.8467
21.7186
14.7938
8.81335
3.14762
1.25905
-0.629525
-2.5181
-2.5181
-4.09191
-4.72144
-5.66572
-7.86906
-8.81335
-12.9053
-16.3676
-18.571
-22.6629
-26.44
-29.2729
-31.791
-34.3091
-37.142
-39.0305
-41.5486
-42.8077
-43.1224
-45.011
-45.011
-47.2144
-47.5291
-48.1586
-50.6767
-50.362
-52.8801
-54.4539
-53.1948
-54.4539
-54.7686
-55.7129
-57.2867
-56.972
-59.8048
-62.6377
-64.2115
-67.0444
-68.3034
-69.2477
-71.1363
-71.7658
-71.1363
-71.4511
-70.192
-69.5625
-70.192
-69.2477
-71.1363
-71.7658
-71.4511
-73.6544
-75.2282
-75.8577
-76.4873
-76.4873
-75.543
-73.9692
-70.8215
-68.933
-67.9887
-64.5263
-62.6377
-59.1753
-55.3982
-54.1391
-50.6767
-48.4734
-47.8439
-43.752
-39.0305
-33.3648
-27.0696
-21.0891
-15.7381
-8.49858
-1.57381
5.0362
10.0724
14.7938
20.4596
24.8662
29.2729
33.9943
38.0862
41.5486
46.8996
51.621
56.972
62.6377
66.4149
70.192
71.4511
72.7101
75.543
76.4873
77.4315
78.6906
78.6906
78.6906
81.8382
85.6154
88.763
91.2811
93.7992
94.7435
95.6878
97.2616
97.8911
98.5206
101.039
102.613
102.927
102.298
101.039
101.039
99.4649
97.5763
94.7435
93.4844
91.2811
88.4482
83.7268
77.4315
70.8215
63.8968
57.2867
49.1029
41.5486
34.3091
26.1253
18.2562
11.0167
5.0362
0.314762
-4.09191
-9.44287
