SAMPLES: 8977
BITSPERSAMPLE:	16
CHANNELS:	1
SAMPLERATE:	16000
NORMALIZED:	FALSE
-109.755
-101.961
-126.64
-177.296
-216.262
-263.021
-329.264
-361.735
-351.344
-320.821
-283.803
-283.803
-324.068
-342.902
-318.223
-273.412
-221.457
-179.893
-167.554
-153.916
-135.082
-137.68
-133.134
-90.2715
-43.5121
-27.9257
-36.3684
-60.3975
-74.0356
-61.6963
-62.3458
-88.9726
-104.559
-101.961
-111.703
-149.37
-204.572
-237.044
-207.17
-164.307
-177.945
-216.911
-222.756
-198.078
-164.956
-136.381
-37.0178
205.221
391.609
272.113
47.4088
77.2828
355.241
615.664
635.147
494.22
457.202
526.042
476.036
309.131
222.107
287.05
431.225
503.312
353.293
52.6042
-134.433
-69.4895
131.835
257.826
169.503
-51.9548
-184.44
-179.244
-107.806
3.89661
103.91
128.588
99.3636
68.8401
75.9839
133.784
213.664
311.729
419.535
455.254
383.167
290.297
263.671
293.545
355.241
409.793
373.425
227.952
68.8401
-5.19548
2.59774
10.391
-60.3975
-159.761
-218.21
-272.763
-362.385
-440.966
-457.852
-410.443
-342.252
-324.068
-376.023
-455.254
-487.726
-419.535
-304.585
-218.21
-183.79
-168.204
-131.186
-101.312
-114.95
-104.559
-25.9774
44.1616
59.748
31.8223
-44.1616
-100.013
-101.312
-122.743
-173.399
-201.974
-238.343
-287.05
-314.327
-359.787
-418.236
-392.259
-316.924
-292.246
-288.999
-283.803
-290.297
-253.28
-169.503
-121.444
-94.1681
-62.3458
-72.7367
-80.5299
-41.5638
-11.0404
24.0291
89.622
116.249
92.8692
67.5412
42.2133
43.5121
72.7367
79.2311
88.9726
113.651
69.4895
-9.09209
-17.5347
14.937
57.1503
81.8288
62.9952
120.795
300.688
405.247
373.425
377.971
455.903
534.485
596.181
622.808
656.579
739.706
753.345
632.55
521.496
489.674
479.283
485.777
480.582
398.753
274.711
173.399
99.3636
62.3458
38.3167
-29.2246
-114.301
-185.738
-263.671
-302.637
-268.217
-219.509
-196.779
-187.037
-183.141
-168.204
-129.887
-81.8288
2.59774
114.95
175.997
179.893
181.192
185.738
181.842
191.583
203.273
189.635
150.669
81.1794
-10.391
-92.2198
-174.049
-250.682
-294.843
-337.706
-418.236
-515.002
-594.233
-633.199
-629.303
-596.181
-541.629
-508.508
-524.094
-537.083
-489.025
-395.506
-286.401
-196.779
-161.709
-148.071
-128.588
-120.795
-91.5703
-35.7189
9.09209
43.5121
55.8514
8.44265
-72.0873
-109.755
-93.5186
-51.3054
-28.5751
-74.0356
-139.629
-169.503
-171.451
-165.606
-155.864
-148.071
-153.267
-159.761
-148.071
-112.352
-85.7254
-79.8805
-74.0356
-70.7884
-62.3458
-41.5638
-40.265
-50.0065
-40.265
-16.8853
-1.29887
-17.5347
-67.5412
-83.1277
-31.8223
0
-20.1325
9.09209
207.17
473.438
537.732
358.488
211.716
320.171
605.923
816.989
818.938
757.241
779.322
801.403
709.832
558.514
483.18
570.204
742.304
780.621
568.905
250.032
59.0986
88.3232
223.406
262.372
124.042
-94.1681
-259.774
-318.873
-268.866
-160.41
-87.6737
-96.1164
-164.307
-231.848
-235.095
-154.566
-23.3797
118.197
218.21
230.549
185.738
150.019
162.359
250.682
370.178
420.184
351.994
208.469
62.9952
-16.8853
-40.265
-81.1794
-163.658
-254.579
-352.643
-472.139
-592.934
-680.608
-705.936
-666.97
-632.55
-651.383
-696.194
-728.666
-715.028
-628.653
-516.301
-440.317
-395.506
-360.436
-330.562
-280.556
-212.365
-155.215
-103.91
-61.6963
-49.3571
-39.6155
-24.6785
-32.4717
-56.5008
-74.685
-64.9435
-37.6672
-51.9548
-130.536
-211.066
-231.848
-193.532
-147.422
-147.422
-187.037
-218.21
-216.262
-184.44
-124.692
-53.9031
-9.09209
8.44265
16.2359
11.0404
24.0291
80.5299
127.939
142.226
151.318
145.473
129.887
127.289
124.692
135.732
163.008
148.071
105.208
180.543
427.978
655.929
645.538
442.915
305.234
422.133
690.999
851.409
832.576
787.115
787.765
751.396
619.561
453.306
410.443
572.802
764.385
728.017
424.73
75.9839
-55.8514
86.3749
277.958
271.464
62.9952
-185.089
-339.655
-366.931
-290.947
-195.48
-151.968
-172.1
-244.837
-309.78
-301.987
-227.952
-97.4152
62.9952
164.307
157.163
94.8175
38.9661
53.2537
159.761
288.349
331.212
240.94
61.6963
-82.4782
-119.496
-100.013
-111.703
-178.595
-281.205
-406.546
-541.629
-667.619
-751.396
-748.149
-693.597
-667.619
-705.286
-802.702
-900.117
-868.295
-716.327
-567.606
-476.685
-448.11
-445.512
-392.908
-310.43
-252.63
-176.646
-67.5412
12.3393
57.7997
68.8401
31.8223
18.1842
79.8805
138.33
136.381
89.622
22.7302
-22.0808
-5.19548
16.8853
14.937
31.1729
24.0291
-35.7189
-80.5299
-83.1277
-67.5412
-29.874
-0.649435
-24.6785
-52.6042
-37.6672
-13.6381
7.14378
11.0404
-20.1325
-20.7819
49.3571
103.91
84.4265
67.5412
98.7141
135.732
138.33
150.019
346.149
739.706
969.606
784.517
450.708
421.483
786.466
1180.02
1233.93
1031.95
918.951
946.876
891.025
672.815
459.151
468.892
702.039
852.708
635.797
158.462
-199.377
-179.244
103.26
269.516
86.3749
-285.751
-544.876
-602.676
-526.042
-387.713
-275.36
-266.268
-371.477
-509.157
-547.474
-435.771
-258.475
-95.4669
24.0291
57.7997
9.74152
-51.3054
-50.0065
48.0582
222.107
357.839
326.666
113.651
-120.795
-202.624
-132.485
-83.1277
-181.192
-372.126
-540.33
-649.435
-755.942
-861.8
-901.416
-846.214
-739.706
-715.677
-848.162
-972.854
-917.002
-713.729
-493.571
-385.764
-414.989
-422.782
-311.729
-185.738
-99.3636
-8.44265
75.3345
126.64
147.422
146.123
153.267
207.17
264.32
263.671
218.86
142.226
40.9144
-15.5864
-4.54604
9.74152
8.44265
5.19548
-31.8223
-106.507
-161.709
-155.215
-64.9435
59.0986
106.507
57.1503
-3.24717
9.74152
80.5299
138.33
153.267
135.082
99.3636
67.5412
50.6559
33.1212
7.79322
5.84491
35.7189
55.8514
24.0291
30.5234
277.958
700.74
871.542
555.916
175.997
299.39
855.306
1260.55
1183.92
909.209
875.438
1035.2
991.687
684.504
474.737
610.469
942.33
1083.26
779.322
220.808
-111.053
39.6155
408.495
500.714
163.008
-294.194
-525.393
-516.95
-429.926
-347.448
-296.142
-350.695
-522.795
-682.556
-696.194
-557.215
-378.621
-223.406
-109.755
-91.5703
-163.658
-203.273
-127.289
31.1729
215.612
334.459
281.205
74.0356
-120.795
-137.68
-24.6785
14.2876
-118.847
-310.43
-452.007
-581.894
-738.408
-851.409
-848.812
-781.92
-792.96
-928.692
-1083.26
-1120.28
-1011.82
-837.771
-720.223
-703.338
-689.7
-616.314
-521.496
-432.524
-320.821
-148.721
33.7706
101.312
51.9548
55.8514
200.675
379.27
452.007
407.845
342.252
312.378
325.367
354.592
350.045
305.884
252.63
213.664
184.44
129.238
38.3167
-11.0404
50.6559
133.784
118.847
16.8853
-76.6333
-86.3749
-5.84491
89.622
95.4669
16.2359
-53.2537
-55.8514
19.483
77.9322
38.3167
2.59774
69.4895
140.278
146.772
316.924
818.938
1209.25
899.467
223.406
153.267
877.387
1550.2
1482.66
976.101
792.96
1035.2
1068.97
648.136
284.453
385.764
763.736
978.699
713.729
22.7302
-523.445
-399.403
150.019
391.609
7.14378
-602.026
-870.892
-760.488
-611.768
-513.703
-364.333
-292.895
-483.829
-746.201
-744.253
-487.076
-224.705
-59.748
61.6963
95.4669
-7.79322
-83.7771
24.0291
224.055
389.661
513.703
507.858
251.331
-83.7771
-166.905
21.4314
135.732
-57.7997
-377.322
-540.33
-580.595
-681.257
-816.34
-848.162
-805.949
-798.805
-857.904
-959.865
-1028.06
-983.894
-835.823
-649.435
-536.433
-561.112
-587.739
-474.737
-332.511
-248.734
-98.7141
98.7141
163.008
114.95
110.404
208.469
364.333
427.328
339.655
253.929
239.642
203.923
179.893
203.923
159.761
66.8918
38.9661
37.6672
-1.9483
-74.685
-138.33
-83.7771
62.3458
93.5186
-14.2876
-96.1164
-113.651
-81.8288
4.54604
26.6268
-68.1907
-151.968
-177.296
-173.399
-135.082
-151.968
-246.136
-253.929
-172.1
-184.44
-110.404
439.667
1087.8
946.876
130.536
-188.336
553.319
1554.75
1776.2
1231.98
870.892
1157.29
1404.73
1049.49
596.831
653.981
1078.06
1413.17
1255.36
504.611
-242.239
-229.9
424.081
846.214
481.881
-300.688
-751.396
-703.988
-583.193
-557.215
-425.38
-290.297
-490.323
-921.548
-1088.45
-825.432
-462.398
-239.642
-94.1681
-12.9887
-90.9209
-198.727
-86.3749
179.244
400.701
593.584
699.441
499.416
92.8692
-88.3232
139.629
413.041
313.677
-62.3458
-316.275
-363.034
-446.162
-633.199
-739.706
-707.235
-686.453
-810.495
-1022.86
-1151.45
-1130.02
-992.337
-822.185
-782.569
-913.106
-968.957
-789.713
-581.894
-486.427
-340.953
-124.692
-9.09209
-21.4314
-53.9031
65.5929
350.045
551.37
515.002
400.052
343.551
298.74
305.234
378.621
331.212
166.255
80.5299
59.0986
-11.6898
-107.806
-166.905
-168.204
-114.95
-113.651
-209.118
-296.792
-333.81
-348.747
-273.412
-150.019
-192.882
-391.609
-501.364
-397.454
-224.705
-181.192
-261.722
-296.792
-224.055
-198.078
-3.89661
784.517
1512.53
1102.74
67.5412
-75.3345
933.888
1922.33
1937.91
1270.29
1009.87
1388.49
1429.41
831.926
451.357
721.522
1280.69
1628.13
1269
229.251
-530.588
-219.509
683.855
1070.27
474.088
-431.225
-754.643
-584.491
-481.231
-387.063
-92.2198
30.5234
-336.407
-854.007
-962.463
-605.923
-185.089
74.0356
233.797
227.952
-18.1842
-168.204
23.3797
285.751
434.472
614.366
692.298
346.798
-174.698
-295.493
56.5008
352.643
133.134
-345.499
-560.462
-581.894
-732.563
-896.22
-870.243
-761.787
-757.891
-912.456
-1152.1
-1296.92
-1232.63
-1028.71
-798.156
-761.138
-979.997
-1055.98
-842.967
-689.051
-672.815
-540.33
-318.223
-213.664
-231.848
-244.188
-99.3636
150.669
261.073
230.549
244.837
253.28
177.296
159.112
251.331
281.205
228.601
183.141
132.485
58.4491
-18.1842
-6.49435
113.002
192.882
138.33
51.9548
-11.0404
-87.6737
-87.0243
6.49435
78.5816
12.3393
-201.325
-360.436
-307.832
-175.997
-196.779
-297.441
-334.459
-332.511
-317.574
-191.583
419.535
1289.78
1327.45
334.459
-265.619
460.449
1643.72
2137.94
1743.73
1224.83
1311.86
1524.87
1152.75
683.855
843.616
1398.88
1807.38
1643.72
712.43
-294.843
-339.655
484.479
1098.84
776.724
-179.244
-863.099
-893.623
-739.057
-649.435
-379.919
-140.927
-426.029
-1037.8
-1309.26
-991.687
-439.667
-72.0873
60.3975
78.5816
-75.9839
-272.763
-157.163
179.244
443.564
676.711
855.955
636.446
68.1907
-225.354
55.202
481.881
437.719
-51.3054
-409.793
-466.944
-544.876
-736.459
-815.041
-761.787
-759.19
-885.829
-1100.14
-1292.38
-1357.97
-1222.89
-968.308
-852.708
-1005.97
-1172.23
-1053.38
-803.351
-709.183
-659.177
-437.719
-193.532
-144.824
-184.44
-85.7254
129.887
298.091
373.425
372.776
343.551
277.309
223.406
271.464
343.551
280.556
151.318
131.186
100.013
-49.3571
-134.433
-57.1503
34.4201
36.3684
-55.202
-209.118
-280.556
-231.848
-174.698
-109.105
-90.2715
-248.734
-400.052
-316.275
-200.675
-227.302
-256.527
-261.722
-274.711
-255.228
-75.3345
620.21
1478.76
1306.01
153.267
-288.999
689.7
1884.01
2174.96
1633.98
1177.43
1400.18
1585.92
1077.41
615.664
898.818
1531.37
1929.47
1648.92
568.905
-392.259
-206.52
736.459
1230.03
705.936
-291.596
-825.432
-753.994
-651.383
-605.923
-276.659
-14.937
-366.281
-1003.38
-1239.77
-905.962
-372.126
-33.7706
79.2311
81.1794
-74.0356
-244.188
-106.507
203.273
428.627
689.7
871.542
576.049
-22.7302
-239.642
133.784
572.152
467.593
-86.3749
-459.8
-499.416
-594.233
-794.908
-828.679
-729.965
-702.689
-878.686
-1246.27
-1495
-1411.22
-1192.36
-979.997
-917.002
-1179.37
-1389.14
-1178.08
-918.301
-875.438
-755.293
-485.777
-311.079
-296.142
-342.902
-261.073
59.0986
353.293
372.126
287.7
227.302
148.721
190.934
372.126
424.73
292.895
192.882
175.997
125.99
10.391
-40.9144
75.9839
198.727
137.68
-38.3167
-183.79
-230.549
-149.37
-44.1616
-43.5121
-117.548
-270.814
-473.438
-474.088
-313.677
-283.803
-309.131
-276.01
-324.068
-403.299
-9.09209
983.894
1637.88
1048.19
-92.8692
-125.99
1124.17
2216.52
2215.22
1609.95
1414.47
1719.05
1658.66
1050.14
766.333
1218.99
1891.15
2138.59
1569.03
403.949
-305.234
134.433
1035.85
1233.93
493.571
-427.978
-846.214
-849.461
-813.742
-657.228
-278.608
-177.296
-704.637
-1328.74
-1352.77
-859.202
-388.362
-148.071
-42.8627
-53.2537
-184.44
-227.302
-31.8223
205.871
426.029
731.264
854.656
474.737
-75.3345
-152.617
255.877
555.267
334.459
-129.887
-379.919
-496.168
-707.235
-868.944
-819.587
-724.12
-811.144
-1115.73
-1420.31
-1489.15
-1375.5
-1236.52
-1130.02
-1168.98
-1346.28
-1320.3
-1057.93
-930.64
-907.261
-703.988
-432.524
-333.16
-368.879
-359.787
-120.795
255.228
402.65
312.378
259.774
255.877
242.889
347.448
509.806
502.013
383.167
300.039
238.343
166.255
105.208
116.898
198.078
211.716
70.7884
-101.961
-195.48
-209.768
-192.233
-147.422
-114.301
-186.388
-374.724
-570.204
-566.307
-376.672
-224.055
-245.486
-372.776
-496.818
-340.953
483.18
1459.93
1386.54
286.401
-274.711
547.474
1807.38
2275.62
1825.56
1385.24
1610.6
1869.07
1388.49
761.787
870.243
1565.79
2180.8
2047.67
979.997
-157.163
-246.136
589.038
1224.18
905.312
-66.2424
-820.236
-1009.87
-954.669
-794.259
-423.432
-185.089
-510.456
-1102.09
-1326.15
-1031.3
-550.071
-190.934
16.8853
112.352
26.6268
-111.703
-11.6898
264.32
526.692
839.719
1081.31
867.645
305.234
40.265
308.482
626.055
551.37
192.233
-101.961
-297.441
-600.727
-907.261
-899.467
-647.487
-586.44
-929.341
-1465.77
-1808.68
-1737.24
-1408.62
-1154.7
-1181.97
-1465.13
-1647.62
-1485.91
-1259.25
-1177.43
-1007.27
-665.021
-459.8
-497.467
-548.123
-420.834
-98.0647
234.446
381.868
382.517
318.223
168.204
83.7771
269.516
556.566
646.188
511.755
278.608
64.2941
-22.7302
67.5412
233.147
261.722
109.105
-59.748
-231.199
-411.742
-411.092
-248.084
-78.5816
-33.1212
-314.327
-739.057
-785.816
-496.818
-285.751
-191.583
-240.94
-396.805
-370.178
-19.483
727.367
1511.88
1419.02
511.755
231.848
1059.88
1946.36
2220.42
2017.15
1818.42
1980.13
2010.65
1415.12
913.755
1191.71
1834
2284.06
2081.44
995.584
-72.7367
-1.9483
825.432
1265.1
854.656
-50.0065
-718.275
-870.892
-843.616
-713.08
-340.304
-178.595
-607.222
-1119.63
-1217.69
-989.739
-639.693
-310.43
-88.3232
1.9483
-116.898
-264.969
-122.094
178.595
374.075
610.469
841.018
623.458
104.559
-55.8514
214.314
439.018
326.666
27.2763
-207.819
-416.937
-769.58
-1029.35
-896.87
-697.493
-869.593
-1328.74
-1730.09
-1830.76
-1675.54
-1489.8
-1402.13
-1525.52
-1785.95
-1793.74
-1534.61
-1402.13
-1357.32
-1082.61
-728.666
-605.923
-670.217
-664.372
-345.499
154.566
379.919
291.596
259.774
283.803
260.423
370.178
594.233
671.516
622.159
558.514
416.288
258.475
212.365
285.102
390.31
374.075
208.469
51.3054
-12.9887
-85.076
-173.399
-114.301
15.5864
-38.9661
-326.666
-649.435
-733.212
-537.083
-317.574
-257.176
-283.803
-331.861
-227.952
444.214
1345.63
1359.92
517.6
191.583
984.543
2038.58
2387.97
1993.77
1674.89
1980.78
2267.83
1867.78
1291.73
1257.31
1706.07
2219.12
2239.25
1394.99
343.551
176.646
850.11
1274.84
815.69
-86.3749
-657.228
-765.034
-826.731
-866.996
-653.981
-491.622
-781.27
-1248.86
-1355.37
-1080.01
-781.27
-587.739
-387.713
-216.262
-251.331
-344.201
-177.945
134.433
324.068
509.806
745.551
685.154
287.7
66.2424
272.763
504.611
368.23
48.0582
-114.301
-225.354
-570.853
-969.606
-1011.17
-786.466
-779.322
-1163.79
-1668.4
-1950.9
-1905.44
-1656.06
-1393.69
-1388.49
-1709.96
-1925.57
-1733.34
-1491.75
-1401.48
-1179.37
-824.133
-632.55
-659.826
-701.39
-487.076
-31.8223
264.32
292.895
344.85
422.782
341.603
291.596
450.708
624.756
716.976
748.799
628.653
387.063
245.486
334.459
520.847
513.054
249.383
87.0243
108.456
-1.9483
-201.974
-220.808
-93.5186
1.29887
-93.5186
-406.546
-657.878
-653.981
-494.869
-236.394
0.649435
-51.3054
-74.0356
557.215
1321.6
1130.02
333.16
305.884
1291.73
2232.76
2287.31
1752.18
1588.52
2006.75
2189.89
1764.51
1338.49
1393.04
1827.51
2237.3
2015.2
1028.06
151.318
299.39
1069.62
1267.05
485.128
-468.892
-811.144
-741.005
-710.482
-674.114
-537.083
-609.819
-1046.89
-1432
-1373.56
-992.337
-674.114
-563.71
-514.353
-465.645
-450.058
-337.706
-73.3862
168.204
340.953
555.267
693.597
494.22
143.525
133.134
449.409
590.986
355.241
42.8627
-111.053
-235.745
-507.858
-798.805
-831.277
-711.781
-822.185
-1235.23
-1654.11
-1846.99
-1804.78
-1592.41
-1413.17
-1505.39
-1767.76
-1882.06
-1800.23
-1666.45
-1467.72
-1143.66
-821.535
-692.947
-743.603
-747.5
-470.84
-38.3167
224.055
312.378
398.753
468.892
474.737
499.416
576.698
702.039
873.49
933.888
750.747
472.789
344.201
431.225
583.842
504.611
187.687
38.9661
125.341
43.5121
-261.722
-430.575
-372.126
-190.934
-96.7658
-382.517
-819.587
-910.508
-634.498
-267.567
-16.2359
78.5816
344.201
875.438
908.56
257.826
98.0647
1042.34
2170.41
2476.95
1965.19
1478.11
1674.89
2096.38
2015.85
1650.86
1579.43
1839.85
2143.78
2050.27
1266.4
403.299
370.178
984.543
1225.48
653.981
-220.158
-731.264
-824.782
-866.346
-818.288
-507.858
-406.546
-935.836
-1578.78
-1637.88
-1144.95
-603.325
-376.023
-470.191
-619.561
-598.779
-358.488
-1.9483
231.848
320.821
551.37
819.587
673.464
250.032
177.945
567.606
853.358
650.084
236.394
24.6785
-68.8401
-309.131
-594.233
-693.597
-700.091
-821.535
-1067.67
-1376.8
-1671.65
-1821.67
-1774.26
-1633.33
-1571.63
-1642.42
-1713.21
-1722.3
-1746.33
-1654.11
-1264.45
-854.007
-787.115
-926.094
-891.674
-542.928
-104.559
111.703
137.68
190.934
325.367
485.128
642.291
699.441
614.366
573.451
688.401
790.362
717.626
535.134
403.299
396.805
416.288
322.12
193.532
143.525
51.3054
-129.887
-279.906
-332.511
-327.315
-291.596
-298.74
-455.254
-672.815
-744.902
-590.986
-334.459
-158.462
181.842
863.749
1106.64
387.063
-222.756
413.041
1760.62
2531.5
2244.45
1575.53
1489.8
1921.68
2039.88
1752.83
1589.17
1720.35
2020.39
2174.31
1663.85
676.711
246.785
718.275
1213.14
944.278
148.721
-460.449
-695.545
-866.346
-949.474
-675.412
-353.293
-603.325
-1305.36
-1719.05
-1473.57
-923.497
-544.227
-445.512
-515.002
-636.446
-627.354
-323.419
75.3345
316.924
546.175
836.472
804.001
348.747
75.3345
400.052
890.375
918.951
483.829
44.811
-129.887
-224.055
-411.742
-561.112
-591.635
-673.464
-963.112
-1345.63
-1632.03
-1787.25
-1736.59
-1483.96
-1427.46
-1740.49
-1958.05
-1872.32
-1783.35
-1717.11
-1442.4
-1077.41
-886.479
-923.497
-1022.21
-824.133
-240.94
232.498
281.855
198.727
211.716
293.545
506.559
779.971
873.49
828.03
804.001
782.569
707.884
629.952
644.24
685.803
610.469
426.029
230.549
110.404
52.6042
-49.3571
-225.354
-292.246
-253.28
-333.81
-515.651
-669.567
-742.304
-715.028
-546.175
-373.425
-298.74
37.6672
721.522
983.894
380.569
-146.772
421.483
1682.69
2444.47
2180.15
1567.74
1535.26
1953.5
2039.88
1740.49
1595.01
1790.49
2112.61
2191.84
1644.37
753.345
441.616
911.157
1280.04
876.737
75.9839
-402
-499.416
-646.837
-858.553
-752.046
-494.22
-669.567
-1254.71
-1620.99
-1444.34
-978.049
-624.756
-538.382
-611.118
-705.936
-671.516
-388.362
-21.4314
223.406
476.685
757.891
720.873
334.459
141.577
457.852
878.036
873.49
499.416
200.675
73.3862
-116.898
-383.167
-478.634
-400.701
-471.49
-855.306
-1355.37
-1695.67
-1778.8
-1650.21
-1508.64
-1589.17
-1834.65
-1993.12
-2012.6
-1997.01
-1887.26
-1585.92
-1205.35
-1017.66
-1104.04
-1198.86
-995.584
-489.674
-2.59774
233.797
252.63
172.75
174.698
359.787
629.952
842.967
969.606
978.699
820.236
634.498
596.831
720.223
823.484
711.131
451.357
288.999
287.05
226.003
14.2876
-214.963
-310.43
-226.003
-168.853
-365.632
-659.826
-755.293
-666.32
-464.995
-264.969
-220.158
31.1729
735.81
1075.46
450.058
-125.99
418.236
1608.65
2358.1
2206.78
1648.92
1591.12
2020.39
2091.83
1750.23
1650.86
1909.99
2246.4
2302.9
1701.52
778.023
499.416
1026.76
1418.37
1026.76
198.727
-368.879
-518.899
-627.354
-770.23
-657.878
-456.553
-692.947
-1320.3
-1721.65
-1550.85
-1051.44
-709.832
-680.608
-746.201
-791.661
-777.374
-576.698
-257.826
39.6155
376.672
677.361
633.199
275.36
130.536
466.944
868.295
876.088
550.071
279.906
190.934
44.1616
-245.486
-424.73
-377.322
-426.679
-787.765
-1258.61
-1617.09
-1801.53
-1774.91
-1624.89
-1661.9
-1919.08
-2084.69
-2118.46
-2143.78
-2030.78
-1704.77
-1353.42
-1150.8
-1173.53
-1279.39
-1076.11
-558.514
-172.1
-30.5234
88.3232
200.026
257.826
379.919
567.606
733.212
890.375
961.164
876.088
779.322
752.046
738.408
724.12
683.206
565.008
466.944
433.823
266.268
-25.9774
-217.561
-247.435
-201.974
-249.383
-461.748
-613.716
-556.566
-488.375
-482.53
-372.126
-27.9257
604.624
1113.78
802.052
29.2246
49.3571
1104.69
2191.84
2457.46
1971.04
1572.28
1776.85
2031.43
1857.38
1686.58
1900.25
2269.13
2395.77
1967.79
1124.82
623.458
900.766
1394.99
1338.49
657.878
-101.312
-479.932
-586.44
-657.228
-582.543
-376.023
-498.117
-1074.81
-1609.95
-1663.85
-1265.1
-836.472
-715.677
-792.311
-844.915
-871.542
-826.081
-584.491
-213.664
188.986
524.094
529.939
183.79
-3.24717
307.832
787.765
935.836
663.723
343.551
276.01
227.952
-51.3054
-290.947
-268.217
-250.682
-513.054
-985.842
-1402.13
-1566.44
-1506.04
-1450.84
-1589.82
-1839.2
-1934.67
-1871.67
-1934.67
-2082.74
-1976.23
-1580.08
-1206
-1147.55
-1327.45
-1313.81
-890.375
-409.793
-194.83
-125.99
-42.2133
121.444
367.58
526.692
535.134
618.262
821.535
892.324
782.569
694.895
726.718
781.92
743.603
587.089
419.535
382.517
380.569
180.543
-127.289
-268.866
-285.102
-337.706
-431.225
-544.876
-629.952
-593.584
-516.95
-531.238
-392.908
193.532
915.054
1013.12
365.632
-86.3749
469.541
1638.52
2351.6
2178.85
1722.3
1702.17
1952.85
1911.29
1664.5
1693.73
2078.19
2424.99
2261.98
1494.35
715.677
676.711
1211.2
1447.59
990.388
219.509
-331.861
-542.928
-623.458
-608.521
-417.587
-325.367
-683.206
-1299.52
-1605.4
-1364.46
-909.858
-672.165
-685.803
-734.511
-716.976
-676.062
-598.779
-380.569
23.3797
489.025
705.286
453.955
64.9435
106.507
564.359
925.445
868.944
537.083
283.803
203.923
69.4895
-139.629
-149.37
-59.0986
-257.826
-752.695
-1239.12
-1524.87
-1519.68
-1311.21
-1314.46
-1667.1
-1984.02
-2056.11
-2000.26
-1912.59
-1850.89
-1737.89
-1463.83
-1259.9
-1319
-1333.94
-1041.69
-632.55
-327.965
-155.864
-119.496
-127.939
-18.8336
184.44
394.856
600.078
731.913
700.091
583.193
541.629
611.768
746.201
797.506
629.952
375.373
264.32
297.441
280.556
105.208
-113.002
-243.538
-324.068
-426.029
-568.905
-643.59
-553.968
-426.679
-429.926
-461.748
-135.082
642.941
1146.25
721.522
29.2246
253.28
1369.01
2281.47
2261.98
1716.46
1582.67
1965.19
2069.75
1684.63
1473.57
1792.44
2302.9
2419.15
1798.93
842.967
464.995
891.674
1333.94
1139.11
480.582
-131.835
-487.076
-694.246
-731.264
-457.202
-154.566
-387.063
-1119.63
-1606.7
-1391.74
-854.656
-571.503
-626.055
-742.304
-704.637
-566.307
-480.582
-407.196
-157.813
291.596
659.826
591.635
172.1
14.937
420.184
887.128
888.427
581.244
408.495
378.621
190.934
-111.703
-224.055
-69.4895
9.74152
-368.879
-1009.87
-1400.18
-1458.63
-1337.84
-1189.76
-1363.16
-1816.47
-1985.32
-1877.52
-1904.14
-1911.29
-1687.88
-1404.08
-1209.9
-1244.32
-1416.42
-1239.12
-687.102
-344.85
-279.257
-179.244
-136.381
-127.939
98.0647
392.259
542.928
631.251
611.118
453.306
400.701
506.559
600.078
648.136
600.727
367.58
174.698
177.945
120.145
-60.3975
-101.312
-56.5008
-140.927
-340.304
-642.941
-838.421
-682.556
-454.604
-422.133
-415.638
-379.27
-127.939
650.084
1173.53
646.188
21.4314
459.151
1576.18
2348.36
2266.53
1709.96
1643.07
2061.96
2031.43
1564.49
1454.73
1781.4
2150.93
2217.82
1629.43
732.563
437.719
835.173
1150.8
909.858
300.688
-223.406
-464.995
-660.475
-802.052
-565.008
-210.417
-390.96
-1031.95
-1451.49
-1287.18
-809.845
-538.382
-584.491
-618.262
-522.146
-477.335
-448.11
-279.257
20.7819
435.121
727.367
587.089
213.015
150.019
531.238
898.818
846.863
502.013
324.068
344.85
193.532
-159.761
-324.717
-146.123
-83.1277
-474.737
-1004.03
-1304.71
-1371.61
-1240.42
-1117.03
-1356.67
-1704.12
-1737.24
-1689.83
-1768.41
-1745.68
-1576.83
-1306.01
-1044.29
-1137.16
-1365.11
-1120.92
-592.285
-350.045
-322.12
-283.154
-240.291
-109.105
78.5816
187.687
318.873
509.806
537.083
402.65
345.499
404.598
468.892
465.645
377.322
246.136
226.003
270.165
135.082
-118.197
-248.734
-155.864
-40.265
-200.675
-579.945
-743.603
-517.6
-274.711
-258.475
-339.655
-88.9726
725.419
1293.67
758.54
-118.847
118.197
1375.5
2374.33
2347.06
1647.62
1374.2
1820.37
2006.75
1568.39
1320.3
1651.51
2141.84
2234.06
1583.32
637.745
363.034
863.749
1241.72
978.699
335.758
-219.509
-493.571
-674.114
-778.673
-546.175
-183.79
-324.068
-970.256
-1430.71
-1260.55
-709.183
-374.724
-463.697
-587.739
-483.829
-390.96
-416.288
-348.747
-66.8918
380.569
705.936
540.33
46.1099
-77.9322
350.045
797.506
813.093
453.955
177.296
195.48
162.359
-165.606
-409.793
-316.275
-242.889
-452.007
-843.616
-1235.23
-1446.94
-1385.89
-1234.58
-1255.36
-1470.97
-1703.47
-1776.2
-1709.96
-1612.55
-1480.06
-1283.28
-1131.97
-1145.6
-1168.98
-984.543
-679.309
-447.461
-337.706
-270.165
-163.658
-41.5638
39.6155
98.7141
200.026
340.304
440.966
433.823
370.178
331.861
320.821
327.315
329.264
327.965
309.131
239.642
100.662
-34.4201
-70.139
-42.2133
-16.2359
-87.6737
-292.895
-437.719
-366.281
-218.86
-159.112
-184.44
-105.858
513.703
1362.51
1315.76
342.252
-77.9322
806.598
2050.27
2531.5
2055.46
1500.84
1666.45
2011.3
1729.45
1253.41
1337.84
1869.07
2295.75
2045.07
1065.07
282.504
460.449
1049.49
1163.79
712.43
79.2311
-393.558
-680.608
-847.513
-711.131
-262.372
-103.26
-634.498
-1307.96
-1441.1
-1007.92
-498.766
-353.293
-465.645
-454.604
-331.212
-322.769
-346.149
-200.675
212.365
702.689
779.322
305.234
-101.312
104.559
580.595
741.005
524.094
255.877
179.244
135.732
-161.06
-504.611
-521.496
-414.34
-551.37
-901.416
-1261.2
-1506.69
-1519.03
-1386.54
-1465.77
-1713.86
-1784.65
-1736.59
-1785.95
-1826.86
-1678.14
-1363.16
-1096.9
-1130.67
-1316.4
-1212.5
-794.259
-474.088
-397.454
-409.793
-364.982
-178.595
19.483
57.1503
53.9031
178.595
319.522
321.47
237.044
224.705
337.057
394.856
235.095
55.8514
121.444
309.78
346.149
137.68
-153.267
-195.48
25.328
120.145
-85.076
-294.194
-261.073
-38.9661
192.882
184.44
253.28
988.44
1744.38
1364.46
384.466
366.931
1491.1
2577.61
2691.26
1970.39
1523.57
1887.26
2143.78
1697.62
1265.75
1406.03
1900.25
2229.51
1818.42
801.403
217.561
552.02
1038.45
969.606
461.748
-92.8692
-498.766
-792.96
-887.128
-563.06
-108.456
-175.997
-829.328
-1383.95
-1278.09
-684.504
-238.343
-276.659
-476.036
-464.995
-330.562
-237.693
-206.52
-116.898
234.446
639.693
581.244
122.094
-87.6737
154.566
435.121
421.483
230.549
142.876
135.082
-87.6737
-543.577
-780.621
-642.291
-522.795
-689.051
-1043.64
-1408.62
-1600.21
-1510.59
-1372.26
-1439.8
-1591.77
-1628.13
-1595.01
-1609.3
-1613.2
-1472.92
-1196.91
-988.44
-967.009
-1004.03
-918.951
-731.264
-594.882
-497.467
-388.362
-261.722
-144.175
-104.559
-151.968
-175.347
-4.54604
236.394
242.889
74.0356
16.8853
115.599
181.842
109.105
-29.874
-50.6559
75.9839
145.473
27.9257
-144.175
-180.543
-145.473
-98.0647
-61.6963
-109.105
-158.462
-85.076
101.961
222.107
435.121
1151.45
1837.25
1526.82
547.474
392.259
1464.48
2621.77
2836.73
2158.07
1629.43
1857.38
2107.42
1758.67
1342.38
1389.14
1793.74
2160.02
1886.61
882.582
138.33
385.115
931.939
950.773
474.088
-106.507
-559.813
-874.789
-930.64
-566.307
-70.139
-111.053
-807.897
-1415.12
-1294.32
-637.096
-99.3636
-37.0178
-229.251
-322.769
-261.073
-135.082
-19.483
111.053
420.834
760.488
655.929
136.381
-118.197
173.399
517.6
466.944
164.307
-7.79322
-27.2763
-193.532
-584.491
-803.351
-622.159
-504.611
-818.938
-1293.67
-1586.57
-1641.77
-1444.34
-1222.89
-1392.39
-1717.76
-1739.19
-1635.28
-1650.21
-1572.28
-1293.03
-988.44
-807.897
-902.715
-1102.09
-957.267
-543.577
-309.131
-259.125
-242.889
-291.596
-282.504
-165.606
-109.755
-51.3054
125.99
191.583
4.54604
-144.175
-70.7884
98.0647
200.675
107.157
-83.1277
-80.5299
55.202
38.9661
-93.5186
-142.876
-90.2715
-16.8853
-22.0808
-175.347
-277.958
-138.979
46.1099
138.979
196.779
342.902
974.152
1797.64
1711.26
732.563
367.58
1289.13
2460.06
2843.88
2315.24
1705.42
1795.04
2057.41
1762.57
1331.34
1333.94
1619.04
1882.06
1708.01
938.434
241.59
263.021
616.314
689.051
413.041
-47.4088
-500.065
-881.283
-1055.98
-758.54
-187.037
-92.8692
-709.183
-1352.12
-1355.37
-785.167
-235.745
-114.95
-238.343
-246.785
-176.646
-145.473
-64.9435
145.473
501.364
822.185
763.086
304.585
0
214.963
537.732
500.714
231.199
79.8805
81.1794
-70.7884
-516.301
-796.207
-575.399
-404.598
-734.511
-1207.3
-1487.21
-1557.35
-1383.95
-1232.63
-1426.16
-1637.23
-1618.39
-1649.56
-1727.5
-1641.77
-1420.96
-1041.04
-675.412
-787.765
-1125.47
-1014.42
-603.325
-311.079
-156.514
-163.658
-248.084
-208.469
-176.646
-204.572
-50.6559
210.417
218.86
-30.5234
-238.343
-223.406
-40.265
94.1681
11.0404
-153.267
-187.037
-144.175
-122.094
-160.41
-224.705
-196.129
-47.4088
-5.19548
-196.129
-302.637
-144.175
73.3862
254.579
355.89
654.63
1459.93
1997.01
1400.18
511.105
783.219
1998.31
2922.46
2901.03
2167.81
1758.02
2061.96
2139.24
1635.93
1337.84
1557.99
1909.99
1943.76
1316.4
402.65
94.1681
463.697
720.873
522.146
63.6446
-438.369
-848.812
-1103.39
-1044.94
-600.078
-192.882
-427.978
-1161.84
-1581.37
-1233.93
-504.611
-88.9726
-205.221
-399.403
-305.234
-127.289
-59.0986
-12.9887
200.675
609.819
874.139
616.963
103.26
-26.6268
261.722
474.088
349.396
103.26
39.6155
22.0808
-291.596
-741.005
-810.495
-520.847
-404.598
-735.81
-1267.7
-1592.41
-1541.11
-1313.81
-1209.9
-1324.85
-1532.02
-1606.05
-1552.8
-1528.77
-1473.57
-1266.4
-967.009
-709.183
-643.59
-731.913
-697.493
-490.973
-271.464
-75.3345
92.8692
125.99
24.6785
-119.496
-159.112
43.5121
327.315
354.592
52.6042
-235.745
-249.383
-72.0873
62.3458
-7.79322
-163.008
-229.9
-237.693
-277.958
-264.969
-207.819
-190.934
-172.75
-231.199
-357.839
-354.592
-171.451
-46.1099
59.748
232.498
551.37
1298.22
1857.38
1368.36
516.95
761.787
1924.28
2792.57
2795.17
2115.21
1734.64
2066.5
2204.18
1715.16
1374.2
1498.25
1742.43
1831.41
1380.7
531.238
109.105
337.706
536.433
405.247
29.874
-489.025
-932.589
-1198.86
-1152.1
-713.08
-318.223
-584.491
-1283.93
-1598.26
-1195.61
-481.881
-121.444
-279.906
-430.575
-224.055
18.8336
65.5929
90.2715
271.464
670.217
987.141
813.093
350.695
235.095
487.076
626.705
483.829
257.826
185.738
192.882
-65.5929
-553.968
-690.349
-418.886
-363.684
-778.673
-1282.63
-1535.26
-1445.64
-1195.61
-1213.79
-1509.29
-1643.07
-1534.61
-1487.86
-1539.16
-1538.51
-1353.42
-951.422
-650.084
-708.534
-874.139
-793.61
-524.094
-259.774
-70.7884
6.49435
5.84491
-33.7706
-153.916
-222.107
-20.7819
283.803
291.596
-37.6672
-332.511
-329.264
-127.939
9.09209
-68.8401
-235.095
-325.367
-317.574
-288.349
-305.234
-337.706
-342.902
-323.419
-330.562
-376.672
-371.477
-253.28
-129.238
-11.0404
157.813
600.727
1425.51
1928.82
1402.13
576.698
848.812
2108.72
3066.63
2990.65
2248.99
1898.95
2245.1
2358.1
1832.06
1428.11
1567.09
1871.67
1895.7
1361.87
529.29
163.008
438.369
657.228
464.346
33.7706
-463.047
-913.755
-1193.66
-1129.37
-713.08
-338.356
-568.905
-1307.31
-1741.14
-1360.57
-585.79
-189.635
-327.965
-494.22
-365.632
-131.186
5.19548
90.2715
316.275
713.729
914.404
640.992
223.406
187.687
464.346
583.193
413.69
171.451
109.755
131.835
-138.979
-635.797
-785.816
-534.485
-468.892
-825.432
-1280.69
-1547.6
-1561.24
-1426.81
-1406.03
-1541.11
-1602.81
-1570.98
-1633.98
-1689.83
-1556.7
-1298.22
-987.791
-729.965
-696.194
-752.046
-628.004
-402.65
-211.716
-32.4717
96.7658
133.784
109.755
5.19548
-64.2941
122.094
402.65
395.506
113.651
-100.013
-56.5008
88.3232
100.662
-65.5929
-224.705
-211.716
-130.536
-150.019
-285.102
-384.466
-344.201
-248.734
-274.062
-393.558
-426.029
-289.648
-109.755
1.9483
88.3232
274.711
933.888
1806.73
1861.28
968.308
511.755
1365.11
2636.06
3129.63
2578.26
1927.52
2075.59
2406.81
2054.81
1491.75
1484.61
1847.64
2033.38
1672.3
815.69
172.75
264.32
613.716
601.377
227.952
-307.832
-828.03
-1169.63
-1221.59
-951.422
-553.968
-542.278
-1114.43
-1682.04
-1608
-960.514
-381.868
-318.223
-498.117
-417.587
-166.255
-70.7884
-61.6963
130.536
596.831
1023.51
937.784
431.874
163.008
381.218
674.114
670.866
437.719
249.383
209.768
55.8514
-407.845
-748.149
-617.613
-471.49
-730.614
-1209.9
-1580.72
-1663.85
-1531.37
-1512.53
-1704.12
-1811.27
-1775.56
-1798.93
-1840.5
-1770.36
-1567.74
-1226.13
-898.169
-833.875
-937.135
-861.151
-558.514
-224.705
-24.0291
12.3393
33.1212
113.651
116.249
29.874
111.703
357.839
415.638
190.934
-33.7706
-53.9031
72.7367
155.215
78.5816
-57.1503
-133.784
-141.577
-106.507
-100.013
-190.284
-267.567
-211.716
-188.336
-272.763
-330.562
-305.234
-200.026
-26.6268
162.359
268.866
602.026
1401.48
1948.95
1512.53
742.304
960.514
2152.23
3104.3
2998.44
2245.1
2019.09
2434.08
2453.57
1867.13
1501.49
1665.15
1966.49
1965.19
1374.85
537.083
212.365
472.789
659.826
485.777
41.5638
-512.404
-953.371
-1161.19
-1103.39
-822.185
-624.756
-906.611
-1498.9
-1758.67
-1413.82
-863.749
-637.096
-750.747
-763.736
-509.157
-297.441
-281.205
-211.066
143.525
646.837
868.944
612.417
251.981
248.734
505.91
644.889
540.33
332.511
213.015
133.134
-182.491
-582.543
-637.096
-461.748
-535.784
-922.847
-1315.11
-1557.99
-1623.59
-1572.93
-1575.53
-1639.17
-1641.77
-1676.84
-1780.75
-1786.6
-1625.54
-1340.43
-967.009
-735.81
-809.845
-889.077
-706.585
-364.982
-59.0986
111.053
127.289
112.352
131.186
142.226
224.705
433.173
570.853
440.317
224.705
172.75
234.446
259.125
198.078
75.3345
-21.4314
-18.8336
11.6898
-77.2828
-220.158
-261.073
-253.28
-220.808
-257.826
-427.978
-504.611
-339.005
-147.422
-87.0243
13.6381
196.129
762.437
1581.37
1645.67
792.311
422.133
1352.77
2586.05
2999.74
2408.1
1789.19
2020.39
2452.92
2117.16
1490.45
1467.07
1861.93
2106.12
1785.3
931.29
268.217
350.045
681.907
678.01
343.551
-258.475
-831.926
-1094.3
-1090.4
-893.623
-633.199
-690.999
-1180.02
-1609.95
-1541.11
-1058.58
-625.406
-602.676
-722.821
-543.577
-257.176
-223.406
-268.866
-57.1503
417.587
837.771
811.144
414.989
180.543
356.54
613.067
652.033
493.571
286.401
173.399
30.5234
-279.906
-505.26
-461.748
-469.541
-780.621
-1143.01
-1336.54
-1485.26
-1580.08
-1591.12
-1636.58
-1672.3
-1678.14
-1773.61
-1825.56
-1627.48
-1370.96
-1160.54
-948.825
-900.766
-935.186
-726.718
-381.868
-187.037
-31.8223
103.91
109.105
125.341
196.129
283.803
433.173
552.669
466.294
323.419
311.729
340.304
346.149
324.717
244.837
111.703
38.9661
35.0695
55.202
37.0178
-92.2198
-216.262
-226.653
-140.278
-147.422
-316.924
-439.667
-370.178
-190.934
-109.755
-58.4491
57.7997
519.548
1322.9
1618.39
972.204
357.189
894.921
2126.9
2838.68
2499.68
1784
1758.02
2217.82
2123.65
1487.86
1238.47
1552.15
1870.37
1712.56
993.636
264.32
157.813
484.479
579.945
297.441
-163.008
-642.291
-984.543
-1105.99
-1028.06
-800.104
-663.073
-907.91
-1370.31
-1556.7
-1242.37
-802.052
-676.062
-730.614
-581.244
-307.183
-235.745
-296.792
-179.244
256.527
776.075
908.56
564.359
238.992
299.39
585.141
802.052
746.201
461.099
223.406
108.456
-61.0469
-251.981
-305.884
-370.178
-598.13
-865.047
-1055.33
-1229.38
-1369.01
-1433.95
-1480.71
-1496.3
-1486.56
-1528.77
-1621.64
-1598.26
-1409.27
-1146.9
-942.33
-906.611
-909.209
-777.374
-542.278
-318.223
-120.145
-14.2876
-44.811
-46.7593
66.2424
234.446
351.344
340.304
255.877
214.314
243.538
287.7
278.608
161.06
26.6268
9.09209
61.0469
40.265
-14.937
-53.9031
-120.145
-147.422
-150.669
-178.595
-186.388
-211.066
-309.78
-376.672
-296.792
-165.606
24.6785
196.779
419.535
1009.87
1489.15
1126.12
456.553
735.16
1843.75
2630.21
2472.4
1790.49
1606.05
2040.52
2133.39
1547.6
1152.75
1389.14
1811.27
1866.48
1274.84
435.121
161.709
500.065
692.298
474.737
30.5234
-444.863
-786.466
-952.721
-973.503
-810.495
-583.193
-675.412
-1096.25
-1404.73
-1266.4
-851.409
-607.222
-644.24
-607.222
-371.477
-235.745
-294.194
-281.855
40.9144
563.71
856.605
642.291
235.095
167.554
463.697
752.046
703.338
377.322
170.801
172.75
81.1794
-207.819
-430.575
-503.962
-581.244
-763.086
-1047.54
-1317.7
-1470.97
-1495.65
-1500.19
-1535.26
-1586.57
-1629.43
-1637.88
-1611.25
-1493.7
-1293.67
-1035.85
-852.708
-820.236
-797.506
-648.786
-386.414
-171.451
-74.0356
-48.0582
34.4201
186.388
271.464
253.929
263.021
346.798
394.207
399.403
374.724
329.913
290.297
262.372
247.435
185.089
113.002
92.2198
89.622
23.3797
-72.0873
-103.26
-133.784
-163.008
-195.48
-229.9
-255.228
-240.291
-174.698
-31.8223
160.41
217.561
542.928
1235.87
1439.8
805.949
402
1050.79
2057.41
2481.49
2061.31
1524.87
1690.48
2090.53
1800.23
1170.28
1056.63
1456.68
1853.49
1688.53
856.605
92.2198
112.352
492.272
572.802
318.223
-138.33
-606.572
-869.593
-933.888
-851.409
-608.521
-478.634
-728.017
-1146.9
-1312.51
-1078.71
-725.419
-607.222
-611.118
-414.34
-191.583
-219.509
-335.108
-224.055
201.974
705.936
852.059
548.123
238.343
268.866
507.858
624.107
493.571
303.936
259.125
187.687
-134.433
-479.283
-555.267
-487.726
-559.164
-818.288
-1135.21
-1394.34
-1535.26
-1535.26
-1472.27
-1427.46
-1402.13
-1438.5
-1578.13
-1678.79
-1554.75
-1239.77
-927.393
-791.012
-822.185
-812.443
-663.073
-455.903
-243.538
-30.5234
124.042
194.83
192.882
161.709
207.819
329.913
453.955
518.899
491.622
394.207
303.936
272.763
275.36
288.349
285.751
262.372
236.394
164.956
15.5864
-89.622
-67.5412
-24.6785
-5.84491
-34.4201
-203.273
-374.724
-309.131
-112.352
60.3975
116.898
303.936
894.272
1351.47
942.98
236.394
512.404
1615.14
2373.68
2164.57
1478.11
1317.7
1777.5
1891.15
1354.07
1030.65
1313.16
1737.24
1735.29
1084.56
263.021
86.3749
507.858
742.304
530.588
48.0582
-455.903
-711.131
-750.747
-759.839
-659.826
-465.645
-528.64
-898.818
-1148.2
-1030
-720.873
-531.238
-547.474
-467.593
-210.417
-125.341
-288.999
-329.264
-10.391
505.91
818.938
652.682
268.866
146.772
331.861
520.847
505.91
334.459
212.365
142.226
-94.8175
-449.409
-611.118
-553.968
-518.249
-678.01
-1008.57
-1362.51
-1574.88
-1561.89
-1464.48
-1413.82
-1377.45
-1370.31
-1495.65
-1634.63
-1574.23
-1322.9
-1025.46
-807.248
-734.511
-763.086
-720.873
-577.348
-377.322
-111.703
113.002
194.83
190.284
138.979
98.7141
199.377
393.558
516.301
529.29
434.472
291.596
253.929
319.522
348.097
321.47
281.205
263.671
244.837
123.393
-75.9839
-150.669
-39.6155
60.3975
51.3054
-34.4201
-188.986
-273.412
-185.089
-56.5008
59.748
206.52
590.336
1141.06
1214.44
507.858
-7.14378
676.062
1880.76
2326.93
1762.57
1122.22
1299.52
1876.87
1793.09
1105.99
824.782
1243.02
1724.9
1630.08
915.054
213.015
190.934
587.739
716.327
463.697
40.9144
-353.293
-586.44
-687.102
-664.372
-458.501
-273.412
-468.243
-900.766
-1096.25
-898.818
-607.222
-523.445
-565.658
-438.369
-180.543
-155.215
-348.097
-359.787
6.49435
535.134
778.023
535.784
170.801
113.651
335.758
514.353
475.386
299.39
194.83
127.939
-126.64
-469.541
-639.693
-587.739
-492.272
-628.653
-1062.48
-1491.1
-1632.03
-1519.03
-1320.3
-1223.54
-1304.07
-1413.17
-1445.64
-1457.98
-1434.6
-1295.62
-1042.99
-770.879
-659.826
-767.632
-809.845
-598.13
-317.574
-120.795
36.3684
118.197
103.91
66.8918
70.139
196.129
398.104
483.829
431.225
372.776
337.706
313.028
300.688
263.021
248.084
329.264
381.218
259.125
47.4088
-96.1164
-44.811
145.473
233.797
124.692
-69.4895
-238.343
-250.032
-94.8175
33.7706
66.2424
134.433
479.283
1044.94
1190.41
525.393
-24.0291
582.543
1743.73
2182.75
1640.47
1026.76
1277.44
1982.73
1902.84
1050.79
642.941
1098.84
1721
1770.36
1083.26
258.475
104.559
498.766
707.884
548.773
193.532
-209.768
-484.479
-596.831
-602.676
-457.202
-292.246
-462.398
-863.749
-1041.04
-906.611
-723.471
-696.844
-725.419
-520.197
-197.428
-181.192
-442.265
-511.755
-135.732
454.604
748.149
518.249
163.008
165.606
433.823
566.307
415.638
179.244
157.163
261.722
101.312
-311.729
-585.141
-624.107
-622.808
-713.729
-964.411
-1263.8
-1404.08
-1419.02
-1395.64
-1318.35
-1287.18
-1360.57
-1420.96
-1424.86
-1396.29
-1244.32
-998.831
-847.513
-796.207
-741.655
-638.395
-451.357
-249.383
-142.226
-41.5638
124.692
227.952
237.044
250.682
283.803
332.511
415.638
474.088
476.685
434.472
353.293
288.349
310.43
350.695
322.12
277.309
205.221
73.3862
-23.3797
-7.14378
84.4265
174.049
151.318
-55.202
-280.556
-322.769
-206.52
-96.1164
-79.2311
-120.795
108.456
772.178
1184.57
692.947
-62.3458
135.732
1203.4
1945.06
1727.5
1110.53
1134.56
1798.29
1935.97
1127.42
458.501
806.598
1661.25
1986.62
1376.15
405.247
39.6155
426.679
801.403
739.706
409.144
28.5751
-290.297
-473.438
-489.674
-396.155
-304.585
-386.414
-649.435
-827.38
-792.96
-720.873
-755.293
-768.282
-490.323
-53.9031
66.8918
-229.9
-502.013
-290.947
333.81
788.414
676.062
302.637
211.066
431.874
555.916
370.178
113.651
125.99
332.511
290.947
-177.945
-666.32
-757.891
-646.837
-680.608
-902.715
-1200.16
-1395.64
-1407.33
-1395.64
-1461.23
-1476.17
-1449.54
-1497.6
-1546.3
-1499.55
-1395.64
-1228.73
-1022.21
-909.858
-831.926
-655.929
-496.818
-420.834
-294.843
-134.433
24.0291
191.583
263.671
255.877
294.843
380.569
426.679
442.265
463.697
474.088
442.265
379.27
327.965
335.758
368.879
344.201
253.28
142.226
111.053
166.255
188.986
118.197
12.9887
-87.6737
-178.595
-185.738
-122.094
-115.599
-165.606
-206.52
-180.543
228.601
911.807
1074.81
445.512
-41.5638
472.139
1466.42
1911.29
1520.33
1091.05
1478.11
2102.87
1782.7
813.742
492.921
1159.89
1965.84
1989.87
1121.57
220.158
135.082
589.038
840.369
712.43
355.89
-22.7302
-262.372
-391.609
-490.323
-503.312
-442.915
-471.49
-631.251
-775.425
-827.38
-842.317
-885.829
-791.661
-375.373
32.4717
5.84491
-329.913
-453.306
-84.4265
511.105
768.282
532.537
285.102
363.684
509.806
412.391
169.503
60.3975
211.716
320.821
5.19548
-515.651
-765.684
-739.057
-750.097
-904.663
-1125.47
-1276.14
-1291.08
-1372.91
-1583.32
-1632.03
-1502.14
-1435.9
-1455.38
-1495
-1473.57
-1310.56
-1113.78
-1028.06
-947.526
-742.954
-530.588
-400.052
-339.655
-292.895
-92.2198
203.273
319.522
247.435
236.394
385.764
511.105
503.962
442.265
450.058
508.508
507.209
456.553
420.184
400.701
360.436
287.7
235.095
231.848
207.17
128.588
40.9144
-4.54604
-22.7302
-76.6333
-184.44
-291.596
-287.7
-216.262
-236.394
-344.85
-323.419
193.532
955.319
1085.86
369.529
-141.577
436.42
1465.13
1867.78
1496.3
1210.55
1666.45
2143.14
1641.12
724.12
626.705
1432
2172.36
2023.64
1090.4
273.412
283.154
718.925
899.467
737.758
368.879
-19.483
-296.142
-478.634
-579.296
-518.249
-384.466
-407.845
-589.687
-750.097
-813.742
-851.409
-902.065
-759.839
-287.05
114.95
39.6155
-316.924
-435.771
-53.9031
520.847
709.183
461.099
276.659
385.764
501.364
383.167
130.536
24.0291
174.698
240.291
-84.4265
-565.008
-824.133
-868.295
-889.726
-972.204
-1106.64
-1250.81
-1385.24
-1520.98
-1593.06
-1550.2
-1496.95
-1494.35
-1509.94
-1474.22
-1330.69
-1185.87
-1130.67
-1086.5
-914.404
-594.882
-309.131
-240.94
-327.315
-280.556
8.44265
301.338
398.104
356.54
370.178
494.22
576.049
527.341
444.863
461.099
544.227
561.761
470.191
329.264
280.556
361.086
405.897
324.068
170.152
53.2537
72.7367
107.806
0.649435
-164.956
-256.527
-262.372
-251.331
-290.947
-409.144
-487.726
-428.627
-252.63
226.653
897.519
1072.22
470.191
-58.4491
368.23
1363.81
1936.62
1713.21
1338.49
1574.88
1989.22
1674.24
922.198
705.286
1257.31
1913.24
1928.17
1222.24
476.036
326.666
597.48
754.643
611.768
288.999
-33.7706
-289.648
-537.083
-727.367
-750.097
-620.86
-531.238
-614.366
-785.816
-924.146
-996.883
-1001.43
-786.466
-309.78
83.1277
94.1681
-155.864
-287.7
-52.6042
381.868
642.291
619.561
542.928
589.038
600.078
398.753
98.7141
-32.4717
114.95
268.866
27.2763
-498.766
-829.978
-870.243
-886.479
-1000.13
-1159.24
-1277.44
-1328.74
-1429.41
-1623.59
-1711.91
-1604.75
-1473.57
-1420.96
-1396.29
-1365.11
-1302.77
-1154.7
-938.434
-688.401
-415.638
-226.003
-186.388
-148.721
3.24717
214.963
394.856
478.634
474.737
489.025
581.894
624.107
541.629
469.541
494.22
557.865
556.566
429.926
268.866
250.032
327.965
298.091
160.41
54.5525
28.5751
39.6155
-3.24717
-148.721
-281.205
-288.349
-248.084
-279.906
-372.126
-434.472
-435.121
-385.764
-289.648
93.5186
826.081
1224.83
743.603
45.4604
235.095
1230.68
1956.1
1821.67
1385.24
1518.38
1985.97
1800.23
946.876
483.829
974.802
1784
1984.02
1346.93
500.714
196.779
363.034
461.099
390.96
276.01
117.548
-153.916
-570.204
-937.135
-922.198
-590.986
-393.558
-513.054
-752.046
-876.737
-861.8
-832.576
-734.511
-371.477
120.795
313.677
111.703
-142.226
-90.2715
302.637
690.999
742.954
572.802
524.094
535.134
339.655
-1.29887
-224.705
-135.732
55.8514
-102.611
-565.658
-876.737
-954.02
-1060.53
-1238.47
-1353.42
-1351.47
-1300.82
-1376.8
-1632.03
-1758.67
-1618.39
-1483.96
-1478.11
-1444.99
-1298.22
-1058.58
-816.34
-720.223
-677.361
-455.254
-151.968
37.6672
131.835
186.388
273.412
440.317
563.71
557.865
568.905
667.619
702.039
609.819
499.416
485.128
544.876
537.083
381.218
254.579
278.608
299.39
175.347
-14.937
-90.9209
1.9483
92.8692
-12.3393
-237.044
-373.425
-340.304
-232.498
-224.055
-362.385
-442.265
-350.045
-233.797
-213.664
-142.876
373.425
1157.29
1352.77
681.257
118.197
567.606
1542.41
1983.37
1658.66
1360.57
1680.09
1985.97
1475.52
637.745
536.433
1239.12
1873.62
1765.81
1028.06
372.126
254.579
390.31
438.369
393.558
266.268
13.6381
-357.839
-745.551
-930.64
-789.064
-540.33
-495.519
-641.642
-746.85
-729.315
-703.338
-734.511
-624.107
-174.698
306.533
382.517
86.3749
-132.485
54.5525
481.231
720.223
612.417
453.955
453.306
398.753
143.525
-198.078
-360.436
-251.331
-168.204
-356.54
-696.194
-983.894
-1233.93
-1459.93
-1548.9
-1478.11
-1361.87
-1393.04
-1611.25
-1791.79
-1772.31
-1649.56
-1529.42
-1418.37
-1262.5
-1033.9
-833.225
-772.828
-768.282
-618.912
-312.378
29.2246
259.125
309.131
310.43
354.592
405.247
453.306
545.525
681.907
766.983
717.626
543.577
384.466
359.787
411.092
426.029
381.218
316.924
223.406
92.8692
-35.7189
-88.3232
-1.9483
100.662
59.748
-101.961
-258.475
-305.234
-258.475
-204.572
-182.491
-170.801
-137.031
-133.784
-155.864
-180.543
40.9144
750.747
1443.69
1365.11
583.842
196.779
816.989
1751.53
2028.83
1623.59
1475.52
1896.35
2054.16
1407.33
661.774
715.677
1443.69
1998.31
1758.02
936.485
291.596
157.813
267.567
338.356
296.142
144.175
-121.444
-487.726
-846.214
-974.802
-805.299
-574.101
-543.577
-659.826
-702.039
-674.114
-700.74
-735.81
-520.197
-33.7706
311.729
263.021
-2.59774
-99.3636
139.629
453.955
511.105
339.005
256.527
333.81
298.74
-24.0291
-466.944
-648.786
-483.829
-350.045
-548.773
-885.829
-1139.11
-1383.3
-1613.2
-1663.2
-1526.82
-1369.66
-1370.96
-1595.66
-1772.31
-1703.47
-1574.88
-1496.95
-1339.78
-1052.08
-773.477
-633.849
-676.062
-747.5
-543.577
-68.8401
342.902
499.416
421.483
285.751
310.43
492.921
653.981
735.16
770.879
735.16
622.159
481.881
370.178
343.551
365.632
340.953
296.142
261.073
147.422
-68.8401
-222.107
-172.75
-2.59774
103.26
5.19548
-224.055
-324.717
-220.808
-101.961
-89.622
-169.503
-209.118
-120.145
-20.1325
-43.5121
-101.312
255.228
1059.88
1520.98
1074.17
335.108
404.598
1296.27
2021.04
1913.24
1471.62
1609.95
2123
2024.94
1206.65
639.693
985.193
1737.24
1995.06
1460.58
640.343
250.032
299.39
362.385
306.533
197.428
33.1212
-236.394
-592.285
-869.593
-854.656
-635.147
-538.382
-624.756
-670.217
-587.739
-547.474
-680.608
-748.799
-458.501
31.1729
271.464
112.352
-131.186
-104.559
152.617
300.688
205.221
116.249
248.084
358.488
109.755
-427.328
-809.845
-705.936
-398.104
-387.063
-709.183
-1081.31
-1367.71
-1554.75
-1595.01
-1511.24
-1393.04
-1364.46
-1493.7
-1626.19
-1635.93
-1615.79
-1583.32
-1415.12
-1085.86
-765.034
-615.015
-661.125
-737.109
-579.296
-183.79
205.221
420.834
445.512
383.816
402
488.375
552.669
603.975
672.165
733.212
734.511
618.262
398.753
241.59
234.446
305.234
344.201
291.596
139.629
-37.6672
-142.226
-160.41
-105.858
-48.7076
-71.4378
-140.278
-175.997
-177.296
-171.451
-172.1
-188.336
-183.79
-77.2828
33.1212
25.328
-48.0582
113.651
767.632
1407.33
1312.51
631.9
394.207
1039.1
1822.96
1948.95
1532.02
1483.31
1974.93
2108.72
1433.95
698.792
776.075
1499.55
1965.19
1619.04
829.328
357.839
374.075
450.058
358.488
174.049
37.6672
-63.6446
-268.217
-601.377
-822.185
-757.241
-611.118
-568.256
-580.595
-565.658
-582.543
-709.832
-801.403
-587.089
-144.175
111.703
12.9887
-166.905
-142.876
38.9661
152.617
86.3749
10.391
112.352
259.125
164.956
-236.394
-655.28
-717.626
-463.047
-342.902
-590.336
-944.278
-1144.95
-1227.43
-1299.52
-1399.53
-1435.25
-1370.31
-1313.81
-1356.02
-1457.98
-1523.57
-1528.77
-1382
-1108.59
-877.387
-765.684
-752.695
-732.563
-635.797
-411.742
-137.68
96.7658
269.516
351.994
374.075
387.063
422.133
492.272
597.48
687.102
706.585
614.366
450.058
308.482
259.774
288.349
312.378
289.648
229.251
148.071
56.5008
-13.6381
-37.6672
-31.1729
-25.9774
-24.6785
-18.1842
-38.3167
-70.7884
-97.4152
-123.393
-115.599
-44.1616
22.7302
38.3167
-5.19548
119.496
694.246
1280.04
1230.03
636.446
376.023
909.209
1646.97
1839.2
1461.23
1328.74
1752.83
1979.48
1470.32
748.799
681.257
1335.89
1919.08
1709.31
876.737
303.936
375.373
605.923
529.939
190.284
-75.3345
-116.249
-138.33
-396.155
-750.747
-855.955
-700.091
-568.905
-581.894
-647.487
-731.264
-823.484
-874.139
-766.333
-485.128
-244.188
-236.394
-356.54
-353.293
-192.233
-75.9839
-131.186
-228.601
-142.226
92.2198
151.318
-131.186
-549.422
-687.752
-466.294
-259.125
-355.241
-625.406
-809.196
-854.656
-872.191
-963.112
-1086.5
-1105.34
-983.894
-876.737
-918.301
-1078.71
-1219.64
-1147.55
-871.542
-686.453
-701.39
-735.81
-663.073
-474.737
-251.331
-110.404
-64.9435
14.937
161.709
300.039
387.063
385.115
311.729
318.223
435.121
518.249
500.714
388.362
244.188
193.532
253.28
267.567
181.192
96.1164
81.1794
122.094
127.289
14.2876
-101.312
-96.1164
-20.1325
19.483
-28.5751
-95.4669
-106.507
-91.5703
-102.611
-120.795
-110.404
-69.4895
-26.6268
63.6446
389.661
866.346
1022.21
666.32
294.843
487.726
1132.61
1606.7
1497.6
1213.79
1389.14
1737.24
1570.33
952.721
596.831
944.928
1627.48
1810.62
1199.51
491.622
357.189
587.739
682.556
453.306
113.002
42.2133
168.204
40.265
-381.218
-686.453
-647.487
-446.811
-348.747
-463.047
-670.866
-762.437
-761.138
-734.511
-598.13
-414.989
-329.264
-345.499
-369.529
-343.551
-286.401
-285.102
-361.735
-337.057
-153.267
-39.6155
-185.089
-512.404
-741.005
-672.815
-453.306
-394.207
-539.68
-677.361
-722.821
-744.902
-783.219
-854.656
-870.243
-759.19
-661.774
-689.051
-801.403
-922.198
-953.371
-822.834
-642.941
-562.411
-553.319
-542.278
-503.962
-402.65
-272.763
-198.078
-133.784
-33.1212
54.5525
116.898
168.204
164.956
149.37
203.273
269.516
313.677
329.264
276.659
206.52
206.52
253.28
275.36
296.792
316.924
323.419
328.614
302.637
244.837
220.158
244.837
269.516
278.608
276.659
243.538
192.233
146.123
90.2715
49.3571
81.8288
138.979
153.267
165.606
217.561
413.69
692.298
765.684
540.979
332.511
488.375
898.169
1182.62
1047.54
768.931
829.978
1109.23
1141.06
805.949
507.858
642.941
1074.81
1263.8
946.227
498.766
368.23
519.548
627.354
460.449
144.175
12.3393
113.651
179.893
16.8853
-289.648
-489.674
-456.553
-326.016
-314.327
-452.007
-591.635
-613.716
-535.134
-483.829
-550.721
-663.723
-703.338
-613.716
-478.634
-450.058
-586.44
-764.385
-795.558
-667.619
-561.112
-623.458
-787.765
-844.265
-722.821
-607.222
-657.228
-807.897
-848.812
-688.401
-480.582
-433.823
-552.669
-637.745
-585.141
-479.283
-438.369
-471.49
-464.346
-369.529
-283.803
-309.78
-375.373
-348.747
-214.963
-63.6446
0
-15.5864
-9.09209
60.3975
125.99
140.927
134.433
140.278
190.934
250.682
255.877
220.808
188.336
187.037
220.808
277.958
316.924
331.861
343.551
353.942
364.333
377.971
398.753
413.041
438.369
454.604
441.616
422.782
417.587
409.793
402.65
388.362
351.344
339.655
335.108
330.562
329.913
324.717
322.12
305.884
283.154
245.486
210.417
222.107
281.205
351.344
367.58
290.297
166.255
125.341
187.687
283.154
327.965
275.36
222.756
232.498
272.113
272.113
203.923
134.433
157.163
264.32
326.666
270.165
130.536
64.9435
142.876
248.734
251.331
125.341
2.59774
-11.6898
44.1616
63.6446
18.1842
-48.0582
-87.6737
-118.197
-192.882
-278.608
-327.315
-314.976
-281.205
-300.688
-390.31
-503.312
-574.101
-589.038
-583.842
-600.078
-628.653
-634.498
-622.808
-622.808
-653.981
-687.752
-677.361
-605.923
-507.209
-431.225
-427.328
-463.697
-481.881
-435.771
-335.108
-274.062
-276.01
-282.504
-245.486
-156.514
-92.8692
-101.312
-133.784
-103.91
-0.649435
99.3636
122.743
66.8918
24.0291
40.9144
98.7141
138.33
132.485
109.105
92.2198
81.8288
64.9435
38.9661
39.6155
70.7884
115.599
151.968
159.112
157.163
167.554
201.325
244.837
288.999
303.286
297.441
306.533
334.459
375.373
390.96
372.126
350.045
351.994
366.931
361.086
329.913
313.677
334.459
358.488
333.81
249.383
167.554
150.669
192.882
222.756
196.779
114.95
33.1212
-9.09209
-10.391
5.19548
3.24717
0
-10.391
-38.3167
-68.8401
-87.6737
-84.4265
-57.1503
-24.0291
-2.59774
1.9483
-16.2359
-28.5751
-6.49435
48.0582
109.105
142.876
156.514
176.646
216.911
255.228
273.412
285.751
311.079
336.407
327.315
261.073
189.635
157.813
151.968
121.444
46.1099
-53.9031
-137.031
-188.336
-239.642
-306.533
-382.517
-442.915
-479.283
-501.364
-520.847
-543.577
-561.112
-567.606
-553.319
-511.105
-467.593
-439.667
-420.834
-398.104
-361.735
-319.522
-277.309
-225.354
-165.606
-124.692
-98.0647
-71.4378
-41.5638
-14.937
1.29887
20.7819
46.1099
68.1907
71.4378
53.9031
40.265
56.5008
92.8692
116.898
116.898
98.7141
81.8288
75.3345
72.7367
79.8805
89.622
98.0647
105.858
102.611
99.3636
102.611
112.352
123.393
131.186
120.795
107.157
107.806
113.002
121.444
132.485
141.577
149.37
148.721
146.772
140.927
145.473
164.307
175.997
163.658
136.381
108.456
89.622
77.2828
70.7884
66.2424
55.202
29.2246
-18.1842
-73.3862
-109.105
-116.898
-118.197
-126.64
-151.318
-194.181
-229.9
-239.642
-226.003
-209.768
-201.974
-200.026
-190.284
-161.709
-127.939
-90.9209
-43.5121
20.7819
87.0243
129.238
155.215
183.79
224.705
274.711
321.47
353.293
370.178
368.879
348.097
317.574
286.401
266.268
251.331
228.601
188.986
125.99
59.748
12.3393
-32.4717
-83.1277
-125.99
-157.813
-183.79
-218.21
-264.32
-301.987
-317.574
-308.482
-293.545
-288.349
-280.556
-264.32
-248.734
-232.498
-221.457
-198.727
-149.37
-95.4669
-64.9435
-57.1503
-54.5525
-38.3167
-3.89661
26.6268
47.4088
60.3975
68.8401
70.7884
62.9952
55.8514
59.0986
72.7367
85.7254
88.9726
88.3232
85.7254
79.2311
67.5412
59.0986
63.6446
81.1794
97.4152
94.8175
74.685
61.0469
69.4895
81.8288
83.7771
68.1907
50.6559
50.0065
65.5929
78.5816
75.9839
61.6963
56.5008
59.748
70.7884
75.9839
64.2941
52.6042
52.6042
53.9031
49.3571
25.9774
-6.49435
-29.2246
-43.5121
-52.6042
-68.1907
-98.7141
-136.381
-171.451
-194.83
-200.675
-202.624
-207.17
-214.314
-228.601
-242.239
-246.136
-235.095
-207.17
-179.244
-161.709
-144.175
-116.249
-77.2828
-38.3167
-9.09209
26.6268
74.0356
123.393
164.956
190.934
211.066
234.446
261.073
287.7
308.482
311.079
299.39
275.36
249.383
227.302
208.469
191.583
163.658
124.042
81.8288
45.4604
16.8853
-16.2359
-57.1503
-87.0243
-96.1164
-100.013
-112.352
-138.979
-170.801
-185.089
-180.543
-166.905
-159.761
-163.658
-163.008
-152.617
-137.68
-124.042
-103.91
-74.685
-40.9144
-16.8853
-3.24717
11.0404
25.9774
42.2133
57.7997
66.2424
74.685
80.5299
80.5299
79.2311
71.4378
59.0986
52.6042
50.0065
47.4088
40.265
25.9774
11.0404
4.54604
0
-3.24717
-11.0404
-25.328
-35.7189
-41.5638
-44.1616
-48.7076
-59.748
-68.8401
-67.5412
-57.7997
-46.7593
-30.5234
-14.2876
4.54604
18.1842
27.2763
43.5121
66.8918
91.5703
111.053
121.444
122.743
122.094
117.548
108.456
93.5186
74.685
61.0469
51.3054
35.0695
2.59774
-44.811
-87.6737
-113.651
-125.341
-137.68
-157.163
-183.141
-205.221
-220.808
-231.848
-231.199
-226.003
-213.015
-191.583
-171.451
-148.721
-122.094
-85.076
-36.3684
14.2876
55.8514
93.5186
129.887
164.956
198.727
222.756
243.538
265.619
279.906
283.154
267.567
239.642
206.52
174.049
147.422
120.795
87.0243
46.7593
3.89661
-37.6672
-74.685
-106.507
-138.33
-163.008
-179.893
-188.336
-196.779
-206.52
-208.469
-194.83
-172.1
-152.617
-134.433
-113.651
-85.076
-47.4088
-8.44265
24.6785
49.3571
72.7367
97.4152
123.393
144.175
159.112
170.152
175.997
179.244
179.893
173.399
159.112
140.278
122.094
105.858
92.2198
77.2828
57.7997
31.1729
6.49435
-15.5864
-38.9661
-61.0469
-78.5816
-92.8692
-107.157
-126.64
-140.278
-144.824
-142.226
-139.629
-140.927
-139.629
-133.784
-119.496
-100.013
-81.8288
-64.9435
-43.5121
-16.2359
11.0404
33.7706
51.9548
69.4895
88.3232
111.703
129.887
137.031
138.979
135.732
128.588
116.249
98.0647
81.8288
64.2941
37.6672
3.24717
-31.8223
-64.9435
-90.9209
-113.651
-134.433
-156.514
-181.842
-200.026
-205.221
-205.871
-204.572
-197.428
-184.44
-159.761
-132.485
-107.806
-78.5816
-44.811
-0.649435
50.0065
92.8692
129.887
162.359
188.336
213.664
237.044
255.228
268.217
269.516
259.125
241.59
216.262
194.181
175.347
148.721
114.301
72.7367
33.1212
-1.29887
-37.6672
-76.6333
-113.002
-139.629
-157.813
-170.152
-190.934
-207.17
-212.365
-205.221
-184.44
-168.204
-153.267
-129.887
-106.507
-79.8805
-48.7076
-18.1842
14.2876
41.5638
59.0986
74.0356
88.3232
101.961
114.95
122.743
125.341
128.588
127.939
118.197
101.312
86.3749
79.8805
77.2828
68.8401
48.7076
18.1842
-11.6898
-34.4201
-54.5525
-70.7884
-86.3749
-100.013
-109.105
-119.496
-135.082
-146.772
-152.617
-151.318
-140.927
-129.238
-121.444
-113.002
-100.013
-76.6333
-45.4604
-15.5864
15.5864
46.1099
75.3345
105.208
131.186
151.968
173.399
190.934
199.377
196.779
185.089
175.997
164.307
149.37
129.238
101.312
63.6446
25.328
-10.391
-48.7076
-81.1794
-105.858
-125.99
-145.473
-170.801
-190.284
-194.83
-193.532
-187.687
-180.543
-170.801
-148.071
-124.042
-103.26
-80.5299
-49.3571
-3.24717
44.811
81.1794
105.858
123.393
141.577
161.06
176.646
185.089
192.233
196.129
188.336
171.451
151.968
137.68
124.692
100.662
69.4895
38.9661
4.54604
-31.1729
-69.4895
-105.208
-126.64
-134.433
-140.278
-153.267
-170.152
-180.543
-175.347
-162.359
-150.669
-138.33
-120.145
-99.3636
-77.2828
-59.0986
-38.9661
-7.14378
29.2246
61.0469
83.1277
100.013
116.249
132.485
144.175
157.813
169.503
179.893
183.79
174.049
155.215
137.031
120.795
107.157
85.076
54.5525
22.7302
-9.09209
-37.6672
-64.9435
-91.5703
-114.301
-133.134
-149.37
-165.606
-182.491
-197.428
-207.819
-210.417
-203.273
-192.233
-183.79
-171.451
-155.215
-131.186
-103.26
-75.3345
-46.1099
-14.937
16.8853
48.7076
75.9839
96.7658
112.352
122.743
123.393
121.444
116.249
109.105
103.26
89.622
69.4895
48.7076
27.9257
6.49435
-14.2876
-33.1212
-40.9144
-42.2133
-48.0582
-59.0986
-68.8401
-68.1907
-56.5008
-42.8627
-31.1729
-20.1325
-3.89661
16.8853
37.0178
53.2537
74.685
104.559
138.33
168.853
185.738
194.181
201.974
209.768
221.457
227.302
227.302
218.86
201.325
175.997
147.422
120.795
95.4669
70.139
44.811
16.8853
-11.6898
-42.8627
-75.3345
-101.312
-120.795
-129.238
-132.485
-139.629
-151.318
-162.359
-165.606
-158.462
-148.721
-141.577
-134.433
-120.145
-101.312
-83.1277
-66.2424
-47.4088
-27.2763
-2.59774
15.5864
26.6268
31.1729
33.7706
40.265
42.2133
38.3167
29.874
18.1842
4.54604
-14.2876
-32.4717
-48.7076
-61.0469
-72.7367
-85.7254
-98.0647
-110.404
-118.197
-127.939
-140.927
-148.071
-149.37
-149.37
-148.721
-149.37
-146.772
-137.68
-125.99
-114.301
-106.507
-96.1164
-77.2828
-51.9548
-26.6268
-9.74152
1.29887
14.937
32.4717
47.4088
58.4491
67.5412
76.6333
81.8288
81.1794
76.6333
70.7884
64.9435
57.7997
51.9548
46.7593
42.2133
35.0695
20.1325
3.89661
-7.79322
-11.6898
-7.14378
-7.14378
-8.44265
-11.6898
-12.3393
-3.24717
9.09209
23.3797
37.6672
56.5008
77.9322
93.5186
103.26
111.053
127.939
150.669
168.204
179.244
186.388
193.532
200.675
199.377
195.48
195.48
194.181
187.037
172.75
151.968
129.238
108.456
90.9209
73.3862
55.202
38.9661
23.3797
5.84491
-15.5864
-36.3684
-48.7076
-55.202
-52.6042
-50.6559
-52.6042
-50.6559
-46.7593
-42.8627
-37.6672
-33.1212
-22.7302
-5.84491
8.44265
20.1325
26.6268
26.6268
27.9257
29.874
36.3684
40.9144
40.265
31.8223
19.483
5.84491
-12.3393
-26.6268
-42.8627
-59.748
-81.8288
-107.806
-131.186
-148.721
-164.307
-182.491
-201.974
-220.158
-227.952
-227.952
-227.952
-227.952
-226.653
-220.158
-209.118
-196.779
-181.842
-166.905
-151.968
-131.186
-112.352
-94.1681
-72.7367
-53.9031
-34.4201
-18.1842
-6.49435
7.79322
22.0808
32.4717
39.6155
44.811
51.3054
56.5008
54.5525
47.4088
37.6672
26.6268
18.1842
7.79322
-3.24717
-11.0404
-20.1325
-29.2246
-35.7189
-42.2133
-42.8627
-34.4201
-29.874
-21.4314
-16.8853
-9.74152
6.49435
22.0808
33.7706
44.1616
54.5525
72.0873
92.8692
105.208
114.301
126.64
140.278
156.514
166.255
171.451
175.997
174.049
171.451
165.606
156.514
152.617
146.772
137.68
126.64
113.651
99.3636
90.2715
75.3345
60.3975
48.7076
37.0178
30.5234
21.4314
9.74152
0.649435
-2.59774
3.89661
12.9887
20.7819
29.874
40.9144
52.6042
65.5929
75.9839
82.4782
90.9209
99.3636
106.507
112.352
111.053
105.858
101.312
98.7141
96.1164
87.0243
75.9839
68.1907
60.3975
48.7076
30.5234
9.09209
-12.3393
-31.8223
-54.5525
-79.2311
-103.91
-127.939
-148.071
-165.606
-183.79
-200.026
-213.015
-220.158
-220.808
-221.457
-217.561
-212.365
-207.819
-198.078
-185.738
-172.1
-157.813
-140.927
-126.64
-111.703
-94.8175
-81.8288
-68.8401
-59.748
-49.3571
-37.0178
-26.6268
-22.7302
-24.0291
-23.3797
-24.0291
-23.3797
-28.5751
-35.0695
-38.3167
-42.8627
-50.0065
-59.748
-68.1907
-70.139
-72.0873
-75.9839
-78.5816
-75.3345
-72.0873
-69.4895
-62.3458
-52.6042
-41.5638
-31.1729
-16.8853
1.29887
17.5347
32.4717
50.6559
72.0873
88.9726
101.312
108.456
120.145
131.835
140.278
142.876
140.927
143.525
144.175
142.226
132.485
122.743
114.301
105.208
96.7658
85.7254
69.4895
53.9031
42.8627
29.2246
11.6898
-1.29887
-9.09209
-13.6381
-16.8853
-18.1842
-18.1842
-15.5864
-10.391
-3.24717
8.44265
20.1325
31.1729
45.4604
57.7997
71.4378
81.1794
91.5703
104.559
113.002
116.898
120.795
122.743
123.393
124.042
116.898
109.105
101.312
90.2715
75.3345
57.1503
40.9144
21.4314
4.54604
-8.44265
-25.328
-43.5121
-60.3975
-74.0356
-86.3749
-98.0647
-107.157
-115.599
-118.847
-116.898
-111.703
-109.755
-106.507
-100.662
-93.5186
-81.1794
-70.139
-61.6963
-53.9031
-42.2133
-27.2763
-14.937
-9.09209
-7.79322
-6.49435
-3.89661
0
2.59774
0
-3.24717
-2.59774
-3.89661
-13.6381
-24.6785
-35.7189
-39.6155
-42.2133
-52.6042
-61.6963
-66.8918
-70.7884
-72.7367
-75.9839
-81.1794
-81.8288
-79.8805
-76.6333
-70.7884
-64.2941
-52.6042
-40.265
-30.5234
-19.483
-10.391
-2.59774
8.44265
16.2359
24.6785
30.5234
37.0178
43.5121
44.811
42.8627
40.265
39.6155
39.6155
39.6155
36.3684
29.2246
17.5347
5.84491
-2.59774
-11.0404
-18.1842
-25.9774
-34.4201
-38.9661
-39.6155
-40.9144
-41.5638
-40.265
-37.6672
-31.1729
-26.6268
-19.483
-9.09209
4.54604
23.3797
42.8627
58.4491
72.7367
85.7254
98.7141
108.456
116.249
124.042
137.031
149.37
155.215
156.514
153.916
150.019
146.123
140.278
130.536
120.145
109.105
96.1164
83.1277
64.2941
49.3571
35.7189
19.483
3.24717
-17.5347
-37.0178
-51.9548
-65.5929
-75.9839
-85.076
-94.1681
-98.7141
-100.662
-102.611
-101.961
-100.662
-94.8175
-87.0243
-80.5299
-71.4378
-62.9952
-55.202
-46.7593
-37.6672
-30.5234
-22.7302
-17.5347
-16.2359
-13.6381
-11.6898
-11.0404
-11.6898
-13.6381
-13.6381
-14.937
-19.483
-23.3797
-28.5751
-31.1729
-33.1212
-37.6672
-43.5121
-47.4088
-50.0065
-50.0065
-50.0065
-50.0065
-49.3571
-44.811
-36.3684
-28.5751
-18.8336
-5.19548
4.54604
15.5864
26.6268
35.0695
42.8627
53.2537
64.9435
75.3345
83.7771
87.0243
89.622
92.2198
91.5703
87.0243
82.4782
77.9322
70.7884
61.0469
50.6559
40.265
26.6268
12.3393
-0.649435
-19.483
-36.3684
-52.6042
-66.2424
-78.5816
-90.2715
-99.3636
-103.26
-103.91
-102.611
-103.91
-105.208
-100.013
-92.2198
-81.8288
-72.7367
-61.6963
-47.4088
-30.5234
-14.937
-1.29887
11.6898
26.6268
41.5638
55.8514
66.2424
72.7367
75.3345
81.8288
85.7254
87.0243
86.3749
83.1277
77.2828
70.7884
62.3458
50.0065
37.6672
26.6268
14.937
4.54604
-6.49435
-18.1842
-29.874
-35.0695
-38.9661
-44.1616
-49.3571
-53.2537
-52.6042
-51.9548
-50.6559
-45.4604
-38.9661
-29.2246
-17.5347
-6.49435
5.84491
16.8853
24.6785
33.7706
43.5121
54.5525
62.3458
68.8401
73.3862
80.5299
85.076
83.7771
78.5816
72.0873
69.4895
64.2941
53.2537
42.2133
30.5234
20.1325
11.6898
-0.649435
-11.6898
-20.7819
-32.4717
-40.9144
-51.3054
-61.6963
-69.4895
-74.0356
-75.9839
-75.3345
-75.3345
-73.3862
-69.4895
-70.7884
-67.5412
-60.3975
-55.202
-46.7593
-38.9661
-27.2763
-13.6381
-6.49435
-1.9483
1.29887
2.59774
3.89661
3.24717
0.649435
-1.29887
-0.649435
1.29887
1.29887
-2.59774
-6.49435
-11.0404
-14.937
-18.8336
-20.7819
-25.9774
-30.5234
-30.5234
-27.9257
-24.6785
-22.7302
-20.1325
-13.6381
-7.14378
-1.9483
5.84491
14.937
22.7302
32.4717
46.1099
59.0986
70.139
77.9322
88.3232
100.662
107.806
113.002
116.249
116.249
118.847
115.599
109.755
103.26
90.2715
79.2311
67.5412
52.6042
37.0178
19.483
2.59774
-12.3393
-29.2246
-48.0582
-64.2941
-83.7771
-97.4152
-107.157
-121.444
-130.536
-133.784
-136.381
-135.732
-133.784
-131.835
-124.692
-120.145
-112.352
-99.3636
-85.7254
-74.0356
-58.4491
-44.1616
-25.328
-9.09209
3.89661
17.5347
26.6268
37.6672
49.3571
55.8514
60.3975
64.2941
68.1907
74.0356
75.9839
73.3862
72.0873
68.8401
64.2941
61.0469
53.2537
46.1099
46.1099
42.8627
42.2133
40.265
35.7189
37.0178
38.3167
35.7189
36.3684
33.7706
33.1212
33.7706
31.8223
33.1212
32.4717
31.1729
30.5234
28.5751
26.6268
25.9774
22.0808
19.483
15.5864
12.3393
9.09209
1.9483
-6.49435
-12.3393
-20.1325
-27.2763
-35.7189
-46.1099
-55.8514
-61.6963
-67.5412
-71.4378
-74.685
-79.2311
-78.5816
-79.8805
-79.8805
-79.2311
-76.6333
-73.3862
-68.1907
-61.6963
-54.5525
-44.811
-35.7189
-28.5751
-22.0808
-15.5864
-6.49435
1.29887
7.79322
14.937
22.0808
30.5234
35.0695
37.6672
37.0178
33.7706
35.0695
35.0695
31.8223
29.2246
28.5751
26.6268
23.3797
14.937
2.59774
-4.54604
-14.2876
-23.3797
-30.5234
-40.9144
-47.4088
-53.2537
-61.0469
-65.5929
-68.1907
-70.7884
-67.5412
-64.2941
-57.1503
-51.3054
-46.7593
-38.9661
-31.1729
-22.0808
-10.391
0
8.44265
18.1842
28.5751
40.9144
48.7076
53.2537
59.748
68.1907
77.9322
83.1277
85.7254
88.3232
89.622
87.0243
79.8805
72.0873
64.9435
58.4491
53.2537
45.4604
38.9661
35.7189
32.4717
29.2246
24.6785
18.8336
16.2359
16.2359
16.2359
14.2876
12.3393
13.6381
14.2876
15.5864
14.937
16.8853
17.5347
17.5347
16.8853
16.2359
20.1325
22.0808
21.4314
22.0808
23.3797
22.7302
18.8336
11.0404
6.49435
1.29887
-5.19548
-11.6898
-18.1842
-22.0808
-25.9774
-31.1729
-35.0695
-38.9661
-44.811
-49.3571
-53.2537
-53.9031
-57.1503
-62.3458
-62.9952
-57.1503
-53.2537
-49.3571
-44.811
-39.6155
-32.4717
-29.874
-22.7302
-15.5864
-7.79322
-0.649435
5.84491
13.6381
22.0808
29.874
35.0695
35.7189
39.6155
42.8627
44.1616
45.4604
43.5121
38.3167
30.5234
22.0808
13.6381
3.89661
-5.84491
-15.5864
-25.9774
-38.3167
-48.7076
-55.202
-63.6446
-73.3862
-81.8288
-86.3749
-86.3749
-83.7771
-83.1277
-83.7771
-79.8805
-75.9839
-69.4895
-59.0986
-48.0582
-35.0695
-22.0808
-10.391
4.54604
20.1325
35.0695
46.1099
55.202
63.6446
71.4378
78.5816
85.7254
86.3749
85.7254
85.7254
81.8288
79.8805
72.7367
64.9435
59.748
51.9548
44.1616
37.6672
27.9257
19.483
11.6898
-1.9483
-14.2876
-23.3797
-27.2763
-30.5234
-36.3684
-38.9661
-39.6155
-38.3167
-34.4201
-32.4717
-28.5751
-25.328
-19.483
-14.937
-13.6381
-12.9887
-9.09209
-5.19548
-0.649435
1.29887
1.9483
3.89661
5.84491
5.84491
5.19548
4.54604
3.24717
2.59774
0.649435
-3.24717
-5.19548
-6.49435
-10.391
-14.2876
-16.8853
-20.7819
-21.4314
-23.3797
-22.7302
-19.483
-16.8853
-9.09209
-5.84491
-1.29887
5.19548
10.391
16.2359
22.0808
28.5751
35.7189
40.9144
44.811
48.0582
50.6559
54.5525
59.748
61.0469
61.0469
59.0986
55.8514
50.0065
44.811
38.3167
31.8223
22.0808
11.6898
1.9483
-9.74152
-17.5347
-25.328
-33.7706
-39.6155
-44.1616
-50.0065
-55.202
-62.9952
-69.4895
-70.7884
-70.7884
-72.0873
-71.4378
-71.4378
-65.5929
-57.1503
-51.3054
-41.5638
-29.874
-18.1842
-5.19548
3.89661
9.74152
16.8853
22.0808
25.9774
27.2763
26.6268
25.328
25.9774
25.9774
24.6785
24.0291
23.3797
22.0808
18.8336
13.6381
7.79322
3.24717
-0.649435
-5.84491
-9.09209
-14.937
-23.3797
-32.4717
-37.6672
-42.8627
-40.265
-38.9661
-37.0178
-31.8223
-27.9257
-21.4314
-11.6898
-6.49435
0
7.14378
10.391
13.6381
16.2359
17.5347
21.4314
26.6268
30.5234
36.3684
37.6672
38.3167
39.6155
39.6155
38.9661
39.6155
37.6672
35.7189
35.0695
31.8223
27.9257
26.6268
24.6785
24.6785
25.328
21.4314
16.8853
12.3393
8.44265
4.54604
4.54604
4.54604
5.84491
9.09209
13.6381
20.1325
25.328
30.5234
36.3684
40.9144
44.1616
44.811
43.5121
42.8627
43.5121
42.8627
39.6155
36.3684
33.1212
26.6268
22.7302
17.5347
10.391
6.49435
0
-9.09209
-20.1325
-30.5234
-39.6155
-46.7593
-55.202
-62.9952
-68.8401
-73.3862
-77.2828
-82.4782
-86.3749
-85.7254
-84.4265
-81.8288
-77.9322
-72.7367
-68.1907
-61.6963
-52.6042
-44.1616
-35.7189
-27.2763
-19.483
-12.3393
-4.54604
0.649435
4.54604
8.44265
9.74152
9.74152
10.391
8.44265
9.09209
7.79322
4.54604
5.19548
1.9483
-2.59774
-7.79322
-12.3393
-17.5347
-23.3797
-27.2763
-29.2246
-32.4717
-36.3684
-38.9661
-40.9144
-41.5638
-38.3167
-35.7189
-31.1729
-25.328
-18.8336
-12.9887
-5.84491
2.59774
11.0404
18.8336
27.2763
36.3684
44.811
52.6042
59.748
62.9952
64.9435
66.2424
65.5929
63.6446
61.6963
57.7997
54.5525
51.3054
46.7593
43.5121
39.6155
33.1212
22.7302
11.6898
3.24717
-5.19548
-12.3393
-17.5347
-20.7819
-22.7302
-23.3797
-20.7819
-18.8336
-13.6381
-10.391
-10.391
-6.49435
-0.649435
6.49435
13.6381
21.4314
31.8223
38.9661
45.4604
53.9031
59.748
62.9952
64.2941
66.2424
68.1907
68.1907
69.4895
68.1907
61.6963
54.5525
45.4604
35.0695
25.328
16.8853
5.19548
-5.84491
-13.6381
-24.6785
-36.3684
-45.4604
-53.9031
-59.0986
-64.9435
-68.8401
-66.2424
-63.6446
-59.748
-52.6042
-46.7593
-43.5121
-42.2133
-40.265
-35.7189
-31.8223
-25.9774
-20.7819
-12.9887
-2.59774
8.44265
18.1842
24.6785
26.6268
25.328
24.6785
24.0291
21.4314
16.8853
9.09209
3.89661
0.649435
-5.84491
-12.9887
-21.4314
-31.8223
-40.265
-50.0065
-58.4491
-65.5929
-72.7367
-74.685
-70.7884
-66.2424
-59.0986
-52.6042
-45.4604
-36.3684
-27.9257
-21.4314
-16.2359
-9.74152
-1.9483
7.79322
16.2359
24.0291
29.2246
33.7706
38.3167
42.2133
44.811
44.811
43.5121
43.5121
42.2133
39.6155
33.7706
26.6268
22.0808
17.5347
11.6898
5.84491
-1.9483
-10.391
-15.5864
-20.7819
-25.9774
-30.5234
-34.4201
-36.3684
-34.4201
-31.1729
-25.9774
-18.1842
-10.391
-3.89661
5.84491
14.937
22.7302
29.2246
34.4201
38.9661
44.811
51.3054
55.202
57.7997
61.0469
62.3458
64.9435
64.9435
60.3975
55.202
50.0065
43.5121
37.0178
29.874
22.0808
14.2876
7.14378
0
-8.44265
-14.937
-21.4314
-31.1729
-39.6155
-45.4604
-50.6559
-51.9548
-51.9548
-51.3054
-51.3054
-48.0582
-44.1616
-40.9144
-36.3684
-33.1212
-27.9257
-20.1325
-12.9887
-5.84491
0.649435
9.09209
18.1842
21.4314
23.3797
25.328
25.328
25.328
23.3797
20.7819
20.1325
19.483
16.8853
12.3393
7.14378
0.649435
-7.14378
-15.5864
-26.6268
-37.0178
-46.1099
-51.9548
-55.8514
-60.3975
-64.9435
-62.9952
-64.2941
-65.5929
-62.3458
-59.748
-55.202
-46.7593
-37.6672
-27.9257
-18.8336
-9.74152
3.24717
15.5864
22.7302
29.2246
31.1729
27.2763
27.2763
39.6155
58.4491
69.4895
69.4895
67.5412
70.7884
74.0356
67.5412
51.3054
40.265
44.811
50.0065
43.5121
25.9774
8.44265
0.649435
-1.9483
-6.49435
-14.937
-23.3797
-25.328
-23.3797
-24.6785
-27.2763
-31.8223
-30.5234
-23.3797
-14.937
-9.74152
-6.49435
-4.54604
1.29887
8.44265
18.1842
28.5751
37.0178
45.4604
52.6042
51.9548
51.3054
51.3054
49.3571
46.7593
41.5638
40.265
40.265
38.3167
32.4717
22.0808
9.09209
-1.9483
-12.3393
-25.9774
-38.9661
-45.4604
-44.1616
-42.8627
-53.9031
-72.7367
-85.7254
-85.7254
-75.3345
-70.7884
-72.7367
-66.2424
-55.8514
-46.1099
-41.5638
-39.6155
-27.9257
-13.6381
-5.19548
-4.54604
-1.29887
7.14378
18.1842
23.3797
22.7302
22.0808
22.0808
25.9774
18.1842
9.09209
12.3393
22.7302
25.328
11.0404
-11.0404
-22.0808
-18.1842
-10.391
-9.74152
-11.6898
-7.14378
-0.649435
-11.0404
-33.1212
-37.6672
-28.5751
-25.328
-36.3684
-53.2537
-50.6559
-31.8223
-14.2876
-8.44265
0.649435
18.1842
35.7189
48.0582
50.6559
51.3054
53.9031
61.0469
70.7884
74.685
74.685
76.6333
85.076
79.8805
55.202
34.4201
31.1729
42.2133
48.0582
105.858
277.309
413.041
272.763
-74.685
-270.814
-175.997
-0.649435
-7.14378
-147.422
-138.33
42.2133
77.9322
-222.107
-560.462
-524.094
-122.094
266.918
345.499
196.129
98.7141
124.042
115.599
-22.7302
-175.997
-170.152
13.6381
202.624
209.118
60.3975
-59.0986
-86.3749
-85.076
-83.1277
-42.2133
57.1503
153.916
170.152
90.2715
-42.8627
-157.813
-231.848
-272.763
-234.446
-96.7658
45.4604
37.0178
-94.8175
-174.698
-158.462
-131.186
-157.813
-163.658
-38.3167
143.525
211.066
116.249
-9.74152
-69.4895
-72.7367
-53.9031
-36.3684
29.2246
124.042
163.008
130.536
53.9031
-39.6155
-116.249
-118.197
-40.9144
34.4201
65.5929
89.622
107.157
68.8401
-16.2359
-96.7658
-113.002
-57.1503
-11.0404
21.4314
59.748
85.7254
52.6042
-24.0291
-48.0582
-20.1325
23.3797
46.7593
69.4895
118.847
152.617
137.68
70.7884
1.29887
-26.6268
-19.483
1.9483
51.9548
100.013
106.507
90.2715
77.2828
48.0582
-14.2876
-33.1212
-4.54604
64.9435
133.134
118.847
101.312
92.8692
40.265
-34.4201
-65.5929
-51.3054
-37.6672
-3.89661
29.874
19.483
-1.29887
-33.1212
-93.5186
-112.352
-80.5299
-62.3458
-28.5751
34.4201
48.0582
6.49435
-12.9887
-66.2424
-119.496
-98.0647
-74.0356
-27.9257
34.4201
57.7997
25.9774
-33.7706
-66.2424
-83.7771
-70.139
-57.7997
-25.328
61.0469
93.5186
49.3571
-33.1212
-78.5816
-72.0873
-72.0873
-80.5299
-64.9435
5.19548
72.0873
51.3054
-41.5638
-104.559
-106.507
-78.5816
-69.4895
-68.8401
16.2359
106.507
85.076
-18.1842
-94.1681
-92.8692
-51.9548
0
8.44265
20.1325
75.3345
68.8401
-5.19548
-75.9839
-110.404
-80.5299
-39.6155
-13.6381
20.1325
56.5008
78.5816
64.9435
20.1325
-53.9031
-73.3862
-15.5864
36.3684
45.4604
40.265
48.0582
44.1616
-0.649435
-71.4378
-122.094
-85.7254
16.8853
51.3054
40.265
69.4895
79.8805
56.5008
28.5751
-15.5864
3.89661
111.703
163.658
129.887
103.91
76.6333
31.1729
22.7302
5.84491
-2.59774
72.0873
132.485
125.341
88.9726
55.8514
17.5347
0
13.6381
19.483
44.811
78.5816
90.2715
88.9726
80.5299
32.4717
-38.9661
-68.1907
-50.0065
-25.9774
-9.09209
11.0404
0
-29.874
-63.6446
-79.8805
-28.5751
16.8853
-13.6381
-44.1616
-14.2876
33.1212
33.1212
-29.874
-103.91
-103.26
-46.1099
-43.5121
-82.4782
-76.6333
-50.6559
-33.7706
-44.1616
-68.1907
-43.5121
-11.6898
-29.2246
-49.3571
-23.3797
7.14378
1.9483
-29.2246
-69.4895
-79.2311
-72.0873
-69.4895
-58.4491
-35.7189
-14.2876
-10.391
-2.59774
-1.9483
-19.483
-36.3684
-41.5638
-33.1212
-20.1325
-1.9483
12.9887
31.1729
35.7189
12.3393
-12.3393
-6.49435
18.1842
26.6268
31.1729
42.2133
64.9435
84.4265
51.9548
-20.7819
-42.2133
-5.84491
18.1842
21.4314
-1.9483
-13.6381
8.44265
12.3393
-18.1842
-33.1212
-24.6785
-33.1212
-25.9774
-3.89661
12.3393
31.8223
25.9774
6.49435
1.9483
5.19548
7.79322
21.4314
22.7302
14.937
31.8223
44.811
37.6672
19.483
-5.19548
-9.74152
14.937
31.8223
31.1729
33.1212
45.4604
59.748
55.202
20.7819
1.9483
8.44265
12.9887
16.8853
18.8336
29.2246
42.8627
31.1729
3.24717
-14.2876
-14.2876
-5.84491
-0.649435
3.24717
5.19548
11.0404
14.2876
12.9887
4.54604
-15.5864
-27.2763
-16.8853
9.09209
30.5234
32.4717
24.6785
22.7302
9.74152
-14.2876
-13.6381
1.29887
19.483
20.1325
7.79322
11.0404
16.2359
0
-31.8223
-44.1616
-25.328
-1.9483
0
-14.937
-14.937
-7.79322
-24.0291
-42.8627
-47.4088
-39.6155
-23.3797
-24.0291
-28.5751
-27.2763
-25.9774
-27.9257
-37.0178
-35.0695
-27.9257
-21.4314
-5.84491
7.14378
12.3393
4.54604
-12.9887
-22.7302
-26.6268
-23.3797
-18.1842
-11.0404
-5.19548
-11.6898
-24.6785
-32.4717
-29.874
-29.874
-35.0695
-29.874
-15.5864
-0.649435
7.14378
0
-13.6381
-28.5751
-38.3167
-37.0178
-25.328
-10.391
-1.9483
-0.649435
1.9483
10.391
7.14378
-10.391
-20.1325
-9.74152
11.6898
30.5234
40.9144
46.7593
50.6559
48.0582
35.0695
29.874
34.4201
43.5121
57.1503
67.5412
72.0873
70.7884
60.3975
43.5121
37.0178
37.6672
36.3684
38.9661
47.4088
56.5008
60.3975
44.811
25.9774
11.0404
-1.9483
-7.79322
-7.14378
-3.89661
-2.59774
-11.6898
-21.4314
-29.874
-35.0695
-34.4201
-33.1212
-25.328
-14.2876
-15.5864
-21.4314
-23.3797
-27.2763
-31.8223
-38.9661
-41.5638
-31.8223
-25.328
-31.8223
-37.6672
-35.0695
-29.2246
-26.6268
-27.2763
-26.6268
-18.8336
-17.5347
-22.7302
-24.6785
-25.328
-20.7819
-14.937
-12.3393
-5.84491
-4.54604
-2.59774
4.54604
8.44265
12.9887
12.3393
11.6898
16.2359
18.1842
18.1842
19.483
24.0291
31.8223
38.3167
37.0178
38.3167
40.265
39.6155
39.6155
38.9661
40.9144
39.6155
31.1729
19.483
14.2876
10.391
10.391
11.0404
9.74152
10.391
7.14378
-0.649435
-9.09209
-14.937
-20.1325
-20.1325
-20.1325
-18.8336
-17.5347
-26.6268
-32.4717
-39.6155
-45.4604
-46.1099
-46.1099
-39.6155
-32.4717
-28.5751
-24.6785
-26.6268
-30.5234
-30.5234
-27.9257
-18.8336
-10.391
-7.79322
-7.14378
-0.649435
5.19548
6.49435
0
-8.44265
-5.19548
3.24717
11.6898
11.0404
6.49435
6.49435
11.0404
12.9887
13.6381
