SAMPLES: 6448
BITSPERSAMPLE:	16
CHANNELS:	1
SAMPLERATE:	16000
NORMALIZED:	FALSE
-156.122
-156.752
-148.883
-132.515
-111.426
-90.6516
-69.8772
-53.1948
-40.9191
-34.9386
-39.0305
-47.8439
-62.3229
-77.1168
-91.2811
-104.186
-111.741
-115.833
-111.426
-102.927
-87.1892
-66.7296
-49.1029
-30.8467
-18.8857
-12.2757
-12.2757
-17.3119
-24.8662
-35.5681
-44.0667
-50.9915
-53.5096
-52.8801
-50.6767
-45.9553
-38.0862
-28.3286
-20.7743
-16.0529
-15.7381
-20.1448
-26.1253
-33.05
-39.3453
-48.1586
-53.8244
-56.6572
-58.8606
-55.0834
-50.362
-46.2701
-40.6043
-40.2896
-41.8634
-46.2701
-57.9163
-72.7101
-92.5401
-111.426
-122.757
-122.128
-102.927
-63.2672
-12.2757
45.3258
109.852
174.378
238.905
296.191
339.943
370.161
379.289
370.475
347.498
310.985
267.233
218.76
176.267
143.846
119.924
112.37
116.147
130.626
149.197
166.195
175.323
169.972
152.975
120.554
76.4873
24.2367
-32.7353
-84.3563
-127.479
-156.122
-166.509
-162.103
-141.014
-107.019
-63.582
-13.5348
33.9943
73.3396
100.094
114.259
112.37
98.2059
74.2839
42.8077
13.22
-13.22
-31.791
-37.4567
-36.5124
-25.8105
-11.6462
1.88857
12.5905
10.7019
-0.629525
-23.9219
-57.6015
-97.2616
-141.958
-180.988
-216.871
-243.941
-258.735
-258.735
-242.052
-211.206
-168.713
-121.498
-76.1725
-37.142
-9.12811
11.961
20.1448
15.1086
0.944287
-25.4958
-51.9358
-77.1168
-96.632
-106.704
-112.37
-106.704
-98.2059
-83.0973
-64.841
-50.362
-35.2534
-27.6991
-24.2367
-28.0138
-37.4567
-49.1029
-63.582
-70.8215
-77.1168
-74.2839
-62.6377
-45.9553
-20.1448
3.14762
25.181
42.8077
53.1948
58.231
53.5096
42.8077
25.4958
5.66572
-11.3314
-26.1253
-34.9386
-39.0305
-38.7158
-31.791
-23.2924
-15.1086
-11.3314
-15.7381
-27.6991
-48.4734
-75.543
-107.019
-141.328
-170.601
-186.025
-170.286
-122.128
-45.9553
46.8996
145.105
248.662
346.868
437.205
508.341
549.26
557.129
527.856
471.514
389.046
292.099
190.116
92.2254
15.4234
-39.3453
-66.7296
-64.841
-39.6601
0.944287
41.2339
72.7101
84.9858
79.3201
56.3425
13.8495
-42.1782
-105.76
-165.565
-211.206
-235.757
-231.98
-203.966
-153.604
-83.7268
-2.5181
82.153
157.696
214.668
244.256
244.57
220.334
174.064
114.888
49.4177
-12.9053
-65.1558
-100.409
-111.741
-105.445
-80.8939
-52.8801
-26.7548
-6.61001
0
-4.40667
-26.44
-63.2672
-112.37
-166.195
-211.206
-242.682
-254.013
-242.997
-209.317
-155.178
-85.9301
-8.49858
65.1558
126.22
167.139
180.988
171.231
135.977
79.9496
10.0724
-69.2477
-141.014
-199.874
-241.108
-259.049
-254.013
-227.573
-191.69
-147.624
-103.557
-64.2115
-32.7353
-16.6824
-15.1086
-30.5319
-57.2867
-88.1335
-113.944
-126.849
-127.164
-113.314
-85.9301
-49.4177
-6.29525
33.3648
61.6934
75.8577
75.8577
62.6377
35.5681
-0.944287
-45.011
-88.1335
-119.61
-138.81
-138.495
-121.498
-99.7797
-78.6906
-63.8968
-55.3982
-55.0834
-68.933
-96.9468
-141.014
-198.615
-259.679
-305.005
-289.581
-196.726
-50.6767
125.275
308.782
500.472
685.867
850.488
975.449
1033.05
1012.91
896.443
711.048
482.845
235.442
-11.961
-248.977
-420.837
-525.338
-564.054
-529.43
-435.631
-280.768
-111.426
44.3815
163.676
229.147
258.105
231.665
168.398
84.6711
-5.98048
-76.4873
-119.924
-107.649
-53.1948
36.8272
149.512
261.882
377.4
459.868
491.974
457.664
353.793
210.576
35.8829
-135.033
-290.526
-417.06
-491.659
-518.414
-481.901
-393.453
-260.308
-109.852
22.9777
132.83
199.245
228.517
215.612
159.899
79.3201
-15.7381
-96.0025
-150.142
-175.008
-158.955
-113.629
-38.7158
49.4177
135.033
199.559
212.465
182.562
101.353
-7.5543
-131.885
-268.492
-387.158
-493.233
-550.519
-560.277
-518.099
-423.985
-304.06
-163.362
-40.9191
62.6377
133.774
160.844
151.401
94.7435
13.5348
-86.2449
-182.562
-254.958
-308.152
-321.058
-305.949
-257.476
-185.71
-115.833
-50.0472
-11.3314
7.23953
0.314762
-30.5319
-72.0806
-123.702
-166.824
-201.763
-207.743
-179.415
-131.256
-76.1725
-31.791
1.88857
14.7938
14.7938
-3.14762
-59.1753
-138.495
-234.813
-330.815
-401.322
-393.138
-248.033
-2.20334
296.191
596.475
884.167
1145.11
1338.68
1458.92
1470.25
1372.68
1141.64
791.627
404.47
16.6824
-328.612
-635.82
-853.321
-934.844
-905.257
-760.466
-528.486
-225.685
97.2616
369.531
560.592
646.837
656.594
598.993
481.272
331.76
172.49
53.8244
-20.7743
-29.5877
42.1782
145.105
255.272
338.684
390.305
410.135
364.18
243.941
43.752
-196.726
-424.929
-619.452
-747.246
-789.424
-750.708
-639.282
-459.553
-221.278
35.8829
267.548
435.631
514.007
504.564
419.893
272.269
71.1363
-144.791
-338.999
-479.068
-526.597
-493.547
-398.489
-256.531
-102.927
51.621
187.284
279.824
312.874
264.086
157.381
12.2757
-142.902
-278.879
-388.417
-461.442
-491.659
-459.868
-384.01
-275.417
-151.086
-54.7686
10.7019
37.7715
31.791
-5.66572
-70.192
-143.846
-227.888
-295.877
-326.094
-322.002
-280.138
-211.52
-137.236
-68.6182
-9.44287
34.3091
44.3815
19.5153
-37.142
-115.203
-187.284
-237.331
-254.958
-247.718
-215.297
-165.565
-95.373
-9.12811
68.6182
112.055
102.613
53.8244
-21.4038
-107.019
-197.671
-294.618
-386.843
-476.865
-536.985
-540.447
-419.578
-114.259
302.487
727.416
1090.97
1391.88
1612.53
1706.96
1686.18
1554.61
1309.1
928.234
451.999
-12.9053
-403.525
-723.009
-988.039
-1135.98
-1117.72
-973.56
-743.469
-439.723
-73.3396
299.339
597.734
779.352
844.822
826.251
732.452
563.739
368.272
193.894
62.6377
-26.44
-51.621
5.0362
91.9106
154.548
173.749
163.047
134.404
58.231
-91.2811
-298.08
-506.767
-668.24
-766.132
-775.889
-688.7
-513.377
-278.879
-16.0529
259.994
512.433
697.199
773.056
722.38
572.867
349.701
72.7101
-221.593
-482.531
-671.388
-758.577
-738.118
-614.731
-405.414
-169.972
63.2672
254.958
402.266
497.639
499.528
419.578
262.512
82.7825
-97.2616
-255.587
-360.088
-423.67
-425.559
-400.063
-331.76
-236.701
-154.863
-87.1892
-72.3953
-78.0611
-107.019
-147.309
-188.228
-239.219
-259.364
-255.902
-227.888
-168.398
-94.1139
-14.7938
45.011
84.0415
94.4287
66.4149
5.98048
-89.3925
-194.208
-284.86
-357.885
-389.991
-389.046
-348.757
-276.676
-189.172
-83.412
-1.88857
52.8801
70.192
31.1615
-35.8829
-123.702
-211.206
-313.189
-427.447
-519.043
-590.809
-614.101
-544.224
-302.172
129.997
636.449
1095.69
1452.31
1711.36
1849.86
1827.82
1672.96
1402.9
1013.85
498.584
-80.2644
-580.737
-951.527
-1204.28
-1358.51
-1373.31
-1201.13
-896.758
-506.767
-60.7491
407.302
826.566
1085.62
1168.08
1109.54
962.858
742.21
463.33
198.615
-4.40667
-124.646
-163.676
-118.98
3.14762
138.181
219.704
232.295
195.153
122.128
-14.1643
-234.183
-474.662
-665.408
-758.892
-737.803
-604.658
-363.551
-57.6015
265.03
558.703
796.978
943.972
937.362
770.538
485.049
133.144
-248.977
-623.229
-925.087
-1101.35
-1133.14
-1015.42
-762.354
-414.857
-38.0862
305.319
564.684
763.613
871.577
865.596
756.374
527.227
265.659
-32.7353
-311.615
-514.322
-653.132
-698.143
-714.825
-679.887
-590.494
-468.681
-343.406
-268.807
-206.799
-175.637
-151.715
-120.554
-85.3006
-11.0167
48.1586
95.0582
134.404
149.197
164.935
132.515
53.5096
-43.752
-173.749
-310.041
-437.205
-534.781
-570.979
-563.11
-514.322
-417.375
-277.62
-115.833
37.7715
152.03
216.556
251.18
221.907
148.568
31.4762
-131.256
-270.381
-417.69
-536.355
-614.731
-682.405
-708.53
-723.953
-588.291
-225.685
320.113
953.1
1475.29
1868.74
2077.75
2117.09
1988.98
1687.76
1317.6
783.129
139.754
-515.895
-1067.67
-1388.73
-1586.72
-1623.23
-1493.55
-1203.34
-748.82
-259.679
270.066
789.109
1191.38
1396.29
1367.64
1216.56
978.281
673.277
354.422
64.5263
-125.59
-226.944
-239.219
-159.899
-22.9777
117.406
152.03
91.2811
-6.29525
-123.072
-261.253
-442.556
-598.993
-669.814
-626.692
-453.258
-170.286
192.949
549.26
831.917
1013.85
1084.36
1032.74
820.9
458.924
8.49858
-444.444
-842.304
-1144.79
-1312.24
-1319.48
-1175.95
-895.184
-507.712
-77.4315
341.832
664.149
865.596
940.825
919.736
845.766
693.421
482.216
219.075
-56.0277
-302.801
-523.135
-677.998
-770.538
-790.998
-773.686
-736.859
-664.463
-570.979
-452.628
-337.425
-214.353
-78.3758
54.1391
175.952
286.119
384.954
447.592
445.703
353.793
199.874
10.3872
-203.022
-422.411
-626.062
-777.463
-869.374
-874.41
-779.352
-602.14
-366.383
-130.941
71.4511
254.958
395.656
468.052
451.999
376.141
260.938
83.0973
-124.961
-350.331
-529.43
-668.555
-801.07
-894.869
-962.229
-955.304
-873.466
-582.94
11.961
779.037
1538.56
2078.69
2411.71
2524.39
2366.7
1997.8
1478.75
916.903
243.311
-526.283
-1206.48
-1646.52
-1796.98
-1791.31
-1649.98
-1333.33
-866.226
-327.353
202.077
743.783
1232.29
1511.8
1512.43
1299.02
1021.4
719.547
375.511
51.621
-171.545
-254.643
-258.105
-211.52
-95.6878
38.7158
101.983
31.1615
-123.702
-261.882
-379.918
-508.341
-615.675
-628.266
-504.249
-280.768
38.0862
428.077
821.845
1120.87
1230.09
1190.43
1034.31
759.522
354.108
-150.456
-634.876
-1042.81
-1321.06
-1423.36
-1348.76
-1101.35
-762.354
-360.403
95.0582
533.522
900.535
1102.61
1174.69
1177.53
1069.56
866.226
570.349
237.016
-99.7797
-434.687
-716.399
-909.034
-992.131
-1027.07
-1028.96
-958.766
-813.661
-622.6
-462.701
-295.562
-95.6878
95.0582
269.751
391.564
489.455
554.297
522.191
412.968
240.793
35.5681
-201.133
-469.94
-705.697
-876.298
-965.691
-987.095
-932.011
-786.276
-572.867
-324.835
-105.131
105.445
295.247
411.08
465.848
427.762
339.943
227.888
44.3815
-154.548
-351.904
-520.302
-655.02
-800.755
-916.273
-994.964
-1018.89
-951.527
-641.486
28.9581
907.46
1720.18
2251.5
2548.95
2628.58
2408.56
1948.38
1362.29
760.466
87.5039
-689.33
-1345.61
-1688.39
-1751.02
-1691.85
-1536.98
-1195.78
-688.385
-151.086
345.609
852.062
1324.83
1602.46
1583.88
1340.89
1056.97
761.095
400.378
49.7325
-191.69
-295.562
-340.573
-363.551
-296.821
-160.529
-89.7073
-159.899
-291.785
-364.81
-381.807
-426.818
-484.734
-453.258
-303.431
-70.8215
221.907
559.647
899.906
1129.37
1163.99
1048.16
840.415
533.837
112.055
-378.344
-815.864
-1140.7
-1343.41
-1385.58
-1254.64
-962.229
-572.553
-156.752
269.122
682.72
1001.57
1164.62
1212.78
1157.7
1009.13
786.276
474.662
158.325
-153.919
-455.461
-699.402
-891.092
-978.596
-999.37
-980.485
-878.816
-728.045
-549.89
-357.57
-175.323
-5.98048
162.732
311.3
409.506
477.809
497.639
456.405
355.681
190.746
1.25905
-227.573
-476.55
-688.385
-864.967
-966.006
-978.281
-916.273
-766.132
-544.224
-285.804
-23.6072
203.022
373.308
488.826
519.358
477.494
364.81
184.766
-4.40667
-209.317
-434.057
-636.449
-807.365
-958.137
-1093.17
-1221.28
-1280.45
-1242.68
-984.577
-263.771
829.084
1909.03
2624.8
2922.57
2957.82
2713.25
2134.09
1376.14
681.775
17.9415
-778.407
-1573.18
-2025.5
-2009.13
-1832.55
-1674.22
-1387.79
-866.226
-213.409
382.751
926.031
1494.18
1927.29
1979.86
1672.96
1268.49
930.123
552.093
66.1001
-352.219
-543.28
-574.127
-571.608
-521.561
-339.629
-130.626
-95.0582
-221.907
-306.579
-270.696
-248.662
-334.907
-388.102
-245.2
33.9943
338.055
639.912
953.415
1213.41
1264.09
1082.47
788.794
438.464
-20.7743
-585.143
-1108.59
-1446.96
-1578.85
-1555.87
-1360.4
-964.747
-423.985
150.456
645.578
1063.58
1381.18
1531.32
1489.14
1308.15
1072.4
760.466
348.757
-106.704
-501.416
-784.388
-1006.92
-1175.64
-1245.2
-1191.06
-1064.21
-909.978
-692.162
-405.099
-98.5206
145.735
329.241
483.79
591.753
630.154
567.202
441.612
285.175
75.2282
-170.601
-415.172
-610.639
-744.728
-847.97
-904.942
-893.296
-801.385
-643.059
-458.294
-259.679
-67.6739
94.4287
223.796
332.389
403.211
419.578
387.472
259.364
50.362
-179.415
-415.486
-604.029
-813.031
-1027.38
-1181.93
-1281.4
-1300.6
-1202.39
-676.424
380.862
1569.41
2423.04
2819.33
2957.19
2832.86
2325.78
1573.18
849.544
257.79
-466.478
-1316.34
-1889.83
-1967.26
-1786.59
-1693.74
-1546.43
-1102.61
-459.553
148.883
672.332
1249.29
1801.07
2002.52
1761.1
1331.13
981.744
618.823
109.537
-405.099
-689.959
-731.193
-723.009
-674.221
-457.979
-150.771
7.5543
-91.9106
-236.387
-232.924
-199.245
-271.64
-382.751
-335.537
-104.816
171.86
459.238
787.535
1102.61
1224.43
1079.95
802.014
484.734
92.2254
-431.854
-964.117
-1307.84
-1441.3
-1426.19
-1286.12
-953.73
-441.612
84.3563
526.912
883.853
1178.47
1368.27
1383.7
1279.82
1131.57
916.903
591.438
190.746
-149.827
-412.339
-665.093
-921.939
-1112.37
-1144.48
-1052.25
-895.499
-676.424
-383.066
-52.2506
228.203
437.834
578.533
618.823
540.132
363.865
184.766
49.4177
-77.7463
-213.094
-338.684
-406.043
-426.188
-438.464
-471.829
-538.873
-619.452
-683.349
-683.664
-604.029
-454.832
-262.197
-88.4482
78.0611
243.941
377.4
456.405
415.801
259.049
28.6434
-208.687
-429.021
-655.02
-883.853
-1111.43
-1316.65
-1425.56
-1402.58
-1012.91
-40.2896
1280.45
2343.41
2795.72
2858.04
2720.81
2272.9
1472.14
637.709
55.3982
-443.185
-1125.28
-1745.67
-1887.32
-1643.37
-1501.1
-1495.12
-1235.44
-618.823
43.752
557.759
1097.26
1734.66
2141.96
1985.21
1416.43
876.613
458.609
-72.0806
-687.126
-1073.65
-1078.69
-920.365
-764.558
-499.528
-68.3034
275.417
263.141
30.5319
-59.4901
7.5543
-35.8829
-241.423
-337.74
-148.253
177.211
463.015
725.212
999.37
1138.81
986.78
628.266
278.879
-27.6991
-421.467
-882.594
-1185.71
-1219.7
-1107.65
-953.1
-698.772
-333.648
53.1948
348.757
570.664
827.51
1106.07
1282.34
1302.17
1218.76
1073.97
822.789
441.297
15.7381
-384.954
-743.154
-1045.96
-1231.35
-1214.04
-986.78
-664.149
-331.76
-7.23953
293.044
510.545
591.753
545.168
415.172
242.682
50.9915
-125.275
-239.534
-271.64
-275.732
-305.319
-337.11
-340.258
-341.517
-384.01
-479.383
-572.553
-595.53
-550.834
-468.996
-361.977
-215.612
-58.231
61.6934
140.699
214.353
276.047
238.905
91.9106
-80.8939
-203.336
-287.378
-416.431
-638.023
-921.624
-1217.19
-1466.16
-1543.28
-1058.23
180.988
1671.7
2630.78
2839.79
2685.24
2404.47
1833.49
994.649
327.982
8.18382
-341.832
-975.763
-1480.64
-1457.66
-1226.94
-1317.91
-1537.3
-1354.74
-740.636
-95.6878
466.793
1190.43
2023.92
2417.37
2038.09
1265.97
653.132
198.3
-426.818
-1129.68
-1480.01
-1343.72
-1013.53
-697.513
-315.077
126.849
327.038
122.757
-174.693
-202.392
-78.0611
-132.515
-323.576
-306.579
23.9219
418.004
665.093
815.549
920.68
859.616
534.781
122.443
-129.053
-265.345
-480.957
-745.987
-856.154
-776.204
-664.778
-629.839
-595.53
-454.517
-245.515
-45.6405
191.376
559.647
1031.48
1393.14
1531.32
1489.77
1301.86
945.231
408.876
-183.506
-643.689
-896.128
-1014.48
-1004.09
-809.569
-455.776
-106.704
116.462
240.793
311.929
326.723
278.565
194.838
157.066
188.543
213.094
184.136
138.495
86.8744
-19.2005
-207.428
-424.3
-562.166
-592.698
-571.923
-557.759
-484.734
-308.152
-140.069
-84.6711
-122.757
-176.896
-204.281
-211.206
-198.93
-138.81
-22.0334
75.543
87.5039
58.231
51.621
-20.1448
-244.256
-596.475
-990.242
-1286.12
-1452.31
-1343.72
-603.399
807.995
2203.65
2746.3
2453.89
1942.71
1483.16
898.647
260.308
-50.6767
-0.944287
-67.3591
-478.754
-810.513
-793.201
-832.861
-1266.6
-1678.63
-1536.98
-908.089
-164.621
625.118
1547.69
2344.35
2457.03
1761.1
826.566
172.49
-330.5
-968.209
-1509.6
-1495.75
-950.268
-362.921
-36.5124
119.924
201.133
20.1448
-474.662
-870.947
-835.694
-549.575
-343.091
-189.487
146.364
621.656
948.694
953.415
752.597
511.804
215.927
-132.2
-344.665
-283.286
-116.777
-98.2059
-205.855
-294.932
-353.163
-496.065
-781.555
-1040.6
-1037.14
-744.098
-303.746
248.662
895.499
1478.75
1767.08
1653.76
1280.77
798.237
304.69
-167.768
-508.026
-582.625
-440.667
-247.088
-83.412
38.401
34.9386
-104.186
-289.581
-395.027
-335.537
-126.534
135.033
410.135
655.65
813.661
785.962
556.815
219.704
-134.718
-415.801
-578.533
-589.55
-449.795
-242.997
-117.406
-125.59
-201.448
-285.804
-380.862
-494.177
-563.11
-529.116
-354.108
-100.724
132.2
259.679
250.866
113
-107.019
-293.673
-396.286
-483.16
-629.21
-843.563
-1000.63
-1082.78
-893.61
-13.22
1424.61
2550.2
2533.52
1734.34
995.908
635.19
312.244
9.75763
71.1363
357.57
346.553
-118.665
-513.692
-671.073
-971.042
-1503.93
-1779.98
-1460.81
-678.313
242.682
1214.04
2099.78
2490.71
2033.99
985.836
47.2144
-516.525
-914.699
-1264.09
-1240.79
-638.023
171.231
602.14
491.029
131.256
-301.542
-919.736
-1554.93
-1689.64
-1158.64
-387.472
161.788
492.918
796.978
1027.38
931.382
475.291
-56.972
-396.286
-479.698
-311.929
105.131
577.904
792.572
610.639
170.601
-339.629
-824.363
-1272.58
-1529.43
-1432.8
-976.078
-343.091
273.843
861.505
1290.53
1401.64
1101.67
596.475
162.732
-35.8829
-47.8439
8.81335
181.933
445.389
645.263
550.205
166.509
-325.464
-741.895
-975.134
-966.32
-702.864
-235.757
282.657
699.087
906.516
847.025
569.72
203.022
-90.6516
-259.049
-268.492
-102.927
177.841
425.244
481.586
294.303
-64.5263
-463.015
-786.591
-976.393
-973.875
-750.393
-381.492
7.23953
289.267
398.804
325.779
124.646
-151.086
-431.539
-593.327
-577.274
-353.163
-101.983
60.7491
18.8857
-130.941
-367.013
-488.196
23.9219
1151.09
2210.89
2240.16
1517.15
830.973
605.603
495.436
228.517
56.6572
46.8996
-65.1558
-496.695
-841.36
-910.607
-884.167
-983.003
-1002.2
-726.472
-116.777
631.099
1261.25
1601.2
1491.34
977.652
251.495
-284.545
-539.188
-631.099
-582.94
-324.205
104.816
421.467
378.344
-13.8495
-500.787
-955.304
-1420.52
-1709.79
-1449.8
-682.405
82.153
413.598
392.509
304.06
260.623
142.587
-128.108
-318.225
-229.777
82.153
451.684
752.597
841.989
602.14
58.8606
-583.884
-1092.85
-1333.33
-1307.52
-1077.43
-666.352
-174.064
225.685
430.91
483.79
412.024
230.721
48.4734
2.83286
175.952
488.826
734.97
786.591
694.366
519.043
229.777
-177.526
-566.257
-757.318
-722.38
-506.138
-197.986
125.905
380.862
440.038
269.751
21.7186
-124.331
-106.075
37.142
234.813
449.166
631.728
738.747
712.937
504.249
144.791
-233.239
-489.455
-552.723
-484.734
-367.957
-247.403
-152.975
-136.607
-225.685
-343.72
-418.319
-401.322
-293.988
-162.103
-36.8272
75.2282
143.217
108.908
-47.8439
-245.515
-355.367
-406.988
-309.097
303.746
1537.93
2679.26
2709.47
1697.83
558.388
144.476
209.946
224.426
175.008
226.314
294.932
-51.9358
-682.09
-1246.46
-1498.9
-1472.14
-1258.11
-820.9
-65.1558
920.365
1740.95
1968.84
1555.87
778.722
-43.752
-627.007
-892.037
-759.836
-266.604
328.927
705.068
676.424
338.684
-187.913
-797.608
-1365.75
-1759.52
-1744.1
-1195.47
-348.127
283.286
387.787
61.3787
-367.328
-637.394
-683.979
-594.586
-356.941
79.6349
636.135
1103.56
1212.46
876.613
235.757
-461.756
-1062.64
-1470.57
-1500.16
-1099.15
-467.107
61.6934
250.236
114.888
-169.657
-403.84
-548.946
-504.564
-220.334
248.977
756.059
1106.7
1192.01
965.691
572.238
127.794
-210.261
-353.793
-274.158
-52.2506
158.955
239.849
119.924
-84.0415
-268.492
-415.486
-532.578
-502.99
-239.849
208.687
639.282
830.658
751.338
539.188
348.127
205.855
137.236
136.922
177.841
223.167
247.088
198.93
23.6072
-234.183
-486.937
-618.193
-589.235
-443.815
-272.584
-113.314
-22.0334
-67.6739
-210.576
-333.963
-330.5
-231.665
-112.685
-16.6824
70.5068
165.88
143.846
132.83
568.461
1539.5
2317.6
2105.13
1116.78
294.303
303.746
708.215
881.335
720.176
465.534
125.275
-480.327
-1155.18
-1555.24
-1459.24
-1067.99
-646.522
-240.164
313.818
958.451
1312.87
1141.33
614.101
28.3286
-410.765
-555.241
-359.773
132.515
582.31
661.316
353.163
-50.0472
-351.275
-615.36
-882.594
-1065.79
-1011.33
-686.497
-217.186
108.278
43.752
-420.523
-1043.12
-1427.76
-1324.21
-834.75
-248.347
234.813
593.642
807.051
800.126
519.043
37.142
-408.562
-666.981
-728.99
-661.316
-446.648
-145.42
28.6434
-79.0054
-432.169
-806.421
-986.15
-871.892
-537.929
-56.6572
441.297
779.666
858.357
679.572
379.918
97.2616
-39.0305
5.98048
192.635
441.612
640.227
669.185
482.531
124.961
-288.322
-577.274
-618.823
-468.052
-257.161
-34.9386
185.71
368.901
431.854
337.425
174.064
98.8354
184.766
386.528
600.567
734.341
694.051
485.678
204.596
-50.9915
-197.671
-248.347
-210.891
-133.144
-48.4734
-47.5291
-180.359
-385.584
-557.444
-637.709
-627.951
-504.564
-277.935
-21.7186
163.047
216.871
146.679
13.8495
-161.158
-106.075
471.199
1461.76
2100.41
1833.18
926.031
210.261
176.267
494.177
755.744
756.374
621.341
279.824
-239.849
-762.669
-1031.16
-928.234
-662.26
-421.782
-258.735
-11.3314
295.562
532.893
573.182
416.431
57.2867
-362.291
-546.427
-282.342
305.949
706.641
630.784
179.729
-251.495
-470.57
-499.843
-406.043
-268.807
-159.585
-105.131
-37.4567
11.961
-83.412
-434.687
-904.627
-1190.75
-1096.95
-719.862
-267.548
112.685
320.743
300.283
52.8801
-250.236
-408.876
-340.258
-154.863
-45.011
-57.6015
-111.426
-135.033
-178.47
-307.838
-535.726
-771.483
-861.505
-664.463
-210.261
277.935
541.076
455.461
165.25
-111.111
-203.966
-108.908
103.557
349.071
511.804
523.45
385.584
179.415
-27.3843
-189.487
-286.434
-280.453
-182.877
-67.3591
16.0529
57.6015
69.5625
46.5848
3.14762
-21.4038
19.2005
153.604
350.645
530.375
607.491
534.781
366.069
201.763
107.019
80.8939
97.2616
136.922
178.785
175.008
80.2644
-101.668
-315.392
-461.442
-484.734
-399.119
-285.175
-198.3
-134.404
-84.3563
-34.6239
2.20334
12.5905
4.09191
57.6015
297.136
681.46
946.805
879.761
546.427
245.829
164.306
279.509
465.848
599.308
621.97
487.882
247.403
-11.6462
-179.415
-186.025
-58.231
117.721
235.442
259.049
218.76
174.064
162.417
160.844
113.629
4.40667
-108.593
-153.604
-117.092
-54.4539
-35.2534
-104.186
-240.478
-374.882
-451.999
-441.926
-358.829
-237.016
-104.816
8.49858
55.0834
-2.83286
-148.253
-307.208
-399.748
-405.729
-350.331
-275.102
-197.986
-118.036
-46.5848
-15.7381
-33.3648
-74.5987
-95.0582
-77.7463
-58.231
-76.1725
-136.292
-200.504
-239.219
-261.568
-319.799
-426.188
-533.207
-555.241
-452.628
-277.935
-108.278
-9.44287
30.8467
57.9163
106.704
174.378
234.183
271.01
277.306
245.2
162.732
42.4929
-79.3201
-154.863
-162.103
-137.236
-128.108
-154.234
-207.114
-249.292
-237.646
-163.362
-56.3425
33.6796
76.802
104.186
149.512
211.52
263.771
269.751
244.256
234.183
249.607
253.698
214.038
158.011
133.459
127.164
86.5596
-25.4958
-183.506
-321.058
-384.954
-365.124
-293.359
-238.59
-239.219
-273.214
-271.01
-192.005
-72.7101
46.8996
186.969
390.62
580.107
623.859
505.194
348.757
296.506
370.475
487.882
578.218
616.934
596.789
508.971
371.42
248.662
203.022
251.18
330.5
383.066
380.233
323.261
250.551
219.704
230.721
222.537
150.142
46.5848
-7.86906
-5.35096
0.629525
-45.3258
-124.331
-189.487
-230.406
-271.64
-320.428
-345.609
-327.038
-288.637
-237.96
-175.323
-138.495
-156.437
-205.855
-215.612
-174.064
-140.384
-163.991
-209.002
-203.651
-143.846
-87.5039
-76.802
-84.3563
-73.0249
-56.3425
-64.841
-89.7073
-107.019
-124.016
-155.807
-192.635
-219.389
-259.049
-342.776
-442.241
-503.935
-497.325
-437.52
-376.141
-337.425
-297.136
-215.297
-90.9663
37.4567
126.849
152.03
135.033
104.501
76.802
55.7129
27.3843
-8.18382
-32.1058
-52.2506
-88.4482
-137.866
-200.504
-250.866
-260.938
-208.058
-99.7797
10.7019
71.1363
60.7491
7.86906
-29.9024
-15.1086
37.7715
105.445
173.434
232.295
266.289
252.439
189.172
108.593
52.8801
37.7715
40.2896
9.12811
-64.841
-146.05
-209.632
-253.384
-305.634
-376.141
-429.021
-412.024
-285.804
-82.7825
143.217
356.311
509.915
559.333
505.508
419.578
372.993
392.823
468.366
569.405
675.48
738.747
714.511
601.826
445.703
348.127
370.161
469.311
554.926
564.998
509.915
438.779
376.456
326.409
272.584
195.153
112.685
44.3815
2.83286
-10.7019
-18.2562
-30.2172
-62.0082
-119.924
-199.559
-274.473
-316.651
-326.094
-302.801
-259.049
-214.353
-199.874
-238.275
-298.395
-338.999
-325.779
-258.105
-184.451
-146.05
-152.03
-163.047
-142.273
-109.852
-94.4287
-110.167
-130.941
-140.699
-155.493
-177.211
-189.802
-189.172
-192.635
-226.944
-282.657
-330.5
-364.495
-407.617
-468.996
-507.712
-497.01
-448.222
-408.876
-400.378
-373.938
-297.765
-173.434
-53.1948
20.1448
51.621
48.1586
44.0667
60.4344
87.5039
107.649
103.872
75.2282
30.2172
-23.9219
-84.6711
-136.607
-151.715
-112.055
-31.4762
46.8996
86.5596
82.153
44.0667
7.5543
7.5543
36.8272
81.8382
129.367
169.657
207.114
211.206
153.289
63.2672
2.20334
21.0891
85.3006
102.613
38.0862
-72.0806
-174.064
-242.682
-299.339
-362.291
-414.857
-411.08
-327.982
-144.161
127.164
372.679
481.586
437.52
363.236
380.233
464.904
548.001
597.734
655.965
737.803
774.63
717.973
578.218
446.963
412.024
478.124
584.828
627.636
572.238
464.904
378.659
351.59
326.094
249.607
136.292
43.1224
2.83286
-7.23953
-8.18382
-12.2757
-35.5681
-79.9496
-128.108
-155.493
-156.122
-159.27
-183.506
-211.52
-220.019
-215.927
-244.256
-299.024
-334.592
-328.927
-296.821
-276.047
-259.679
-225.685
-180.988
-164.621
-184.136
-200.818
-187.598
-151.086
-128.108
-137.551
-182.562
-250.236
-292.099
-285.804
-267.548
-272.584
-321.058
-375.197
-402.581
-418.634
-443.185
-479.698
-490.4
-465.219
-427.133
-399.119
-366.698
-312.244
-246.774
-186.654
-140.699
-102.298
-71.1363
-33.9943
9.75763
62.3229
102.298
119.295
132.2
134.089
117.406
76.1725
27.3843
11.961
39.3453
90.3368
127.794
120.239
85.3006
47.2144
30.5319
50.9915
82.7825
113
129.997
135.348
138.81
132.2
108.278
73.3396
51.3063
65.7853
111.741
146.364
121.498
35.2534
-68.6182
-141.958
-181.933
-222.222
-262.827
-276.676
-240.164
-137.236
31.4762
220.334
342.776
338.37
278.879
289.581
390.935
509.6
568.776
590.494
633.617
677.683
666.037
581.366
477.18
429.021
449.481
489.455
491.974
435.316
355.996
301.228
289.896
288.008
243.941
159.585
78.6906
32.1058
3.77715
-27.0696
-65.4706
-99.7797
-118.98
-123.702
-125.275
-131.571
-140.699
-164.935
-192.949
-215.927
-236.072
-266.604
-316.651
-351.275
-341.832
-309.411
-294.618
-316.966
-324.835
-276.676
-205.855
-159.585
-155.178
-155.493
-137.236
-122.128
-119.61
-135.348
-159.899
-175.323
-180.988
-182.562
-189.172
-212.779
-241.423
-272.899
-316.021
-368.587
-412.968
-415.172
-384.64
-354.737
-348.442
-346.553
-323.89
-277.62
-225.37
-192.32
-171.545
-138.495
-85.6154
-21.0891
38.0862
75.2282
95.373
113.629
141.328
161.473
156.122
138.181
130.626
150.456
176.582
179.1
149.512
108.278
64.5263
31.4762
31.4762
57.2867
89.3925
102.298
86.5596
62.9525
46.5848
43.1224
51.621
63.582
79.9496
95.373
105.131
100.094
58.5458
-16.9972
-101.353
-169.972
-208.687
-223.167
-230.406
-228.203
-197.356
-109.537
38.401
181.618
242.997
221.593
210.891
277.935
398.489
498.898
547.686
587.661
646.522
689.33
659.427
560.592
463.96
436.575
464.274
474.032
417.375
320.113
250.236
231.665
232.924
205.54
129.053
39.9748
-23.2924
-60.1196
-89.3925
-132.515
-176.582
-192.32
-178.47
-150.142
-130.941
-119.61
-106.075
-101.983
-108.908
-124.331
-153.919
-206.169
-262.827
-289.581
-276.047
-260.308
-284.86
-318.54
-313.503
-265.345
-224.426
-223.796
-230.406
-209.317
-159.899
-112.685
-92.8549
-97.2616
-110.482
-107.019
-76.802
-56.0277
-80.5792
-146.05
-203.651
-225.37
-236.387
-259.679
-291.785
-305.949
-290.211
-266.604
-255.272
-259.049
-262.512
-237.646
-191.376
-150.142
-125.905
-117.092
-95.0582
-54.1391
-4.40667
37.142
67.3591
95.0582
113
127.794
136.607
144.161
156.752
162.103
158.955
146.05
132.515
118.665
94.4287
73.9692
67.3591
79.6349
90.3368
77.1168
41.5486
6.61001
0.944287
18.2562
36.5124
43.752
44.0667
50.6767
60.1196
59.8048
30.2172
-22.3481
-76.802
-119.61
-148.253
-176.896
-198.93
-202.392
-181.303
-129.053
-34.3091
79.6349
152.345
155.178
140.699
187.913
290.84
383.066
433.428
472.773
542.65
613.157
621.026
554.297
457.35
396.601
396.286
420.523
420.837
376.771
311.3
260.308
230.406
194.838
133.774
57.2867
-5.35096
-52.2506
-100.094
-152.66
-196.726
-220.334
-215.927
-185.08
-154.863
-139.754
-138.495
-144.476
-143.846
-135.977
-138.181
-167.139
-203.966
-221.593
-214.038
-203.022
-215.297
-245.515
-255.902
-237.331
-224.111
-236.387
-255.902
-243.626
-193.579
-133.459
-95.373
-93.7992
-113.944
-124.331
-118.98
-108.908
-104.816
-111.426
-124.016
-138.81
-157.381
-175.637
-189.172
-194.208
-187.284
-164.621
-126.849
-86.2449
-56.3425
-50.9915
-63.8968
-74.2839
-70.8215
-47.2144
-13.5348
21.4038
56.0277
78.3758
86.2449
76.4873
59.8048
56.3425
73.6544
100.094
115.203
119.61
124.961
129.367
124.016
105.131
80.8939
73.0249
92.5401
121.813
124.331
92.8549
52.5653
29.9024
40.6043
59.8048
49.4177
16.6824
-10.7019
-11.0167
4.09191
-4.09191
-45.9553
-106.075
-152.03
-165.88
-169.657
-188.857
-219.704
-239.849
-231.036
-204.281
-190.746
-178.155
-128.423
-33.3648
73.9692
139.125
166.824
197.041
250.236
321.058
380.862
420.837
444.759
456.405
451.999
423.985
386.528
359.459
356.311
365.124
351.59
310.041
253.069
205.225
170.601
128.738
84.9858
45.6405
14.7938
-15.1086
-64.2115
-113.314
-146.364
-160.844
-157.696
-150.456
-136.607
-114.259
-90.9663
-80.5792
-84.9858
-98.2059
-118.036
-138.81
-158.64
-171.545
-175.008
-166.195
-142.902
-123.702
-125.59
-146.364
-165.25
-145.735
-93.1697
-47.8439
-32.4205
-45.3258
-61.3787
-64.2115
-56.972
-49.7325
-46.2701
-50.0472
-61.3787
-75.543
-98.2059
-129.053
-167.139
-199.245
-200.504
-171.86
-128.108
-87.1892
-59.8048
-46.2701
-55.0834
-71.1363
-73.0249
-60.4344
-32.1058
-8.18382
7.5543
20.4596
17.6267
3.77715
-6.61001
-5.0362
11.3314
33.9943
49.1029
49.7325
39.0305
20.1448
-5.35096
-18.571
-8.18382
21.7186
56.6572
78.6906
77.4315
53.1948
29.9024
26.44
32.7353
35.2534
22.0334
3.14762
3.14762
20.4596
29.9024
10.3872
-33.3648
-78.3758
-107.963
-119.295
-121.184
-131.571
-154.863
-178.785
-197.671
-217.501
-246.774
-280.453
-272.899
-189.172
-50.9915
74.5987
131.571
140.699
151.715
193.894
254.958
299.339
328.612
360.403
396.286
422.726
419.893
395.971
370.161
365.124
373.623
368.587
350.645
321.687
285.804
251.18
208.687
159.585
111.426
66.4149
19.5153
-34.9386
-89.3925
-134.718
-155.493
-144.161
-117.406
-91.5958
-78.6906
-80.5792
-83.412
-84.9858
-92.5401
-112.685
-139.44
-154.548
-144.476
-112.685
-82.7825
-76.4873
-88.4482
-101.353
-94.4287
-64.5263
-30.2172
-5.98048
0.314762
-5.0362
-6.61001
-2.5181
0
-9.12811
-29.9024
-51.3063
-64.5263
-78.6906
-98.2059
-123.072
-155.493
-185.395
-207.743
-209.632
-187.598
-159.899
-142.587
-143.846
-147.624
-138.81
-120.554
-102.298
-93.7992
-95.0582
-94.1139
-81.5234
-58.5458
-30.2172
-9.75763
0.629525
9.75763
18.571
26.44
22.6629
1.57381
-22.6629
-37.4567
-31.791
-7.23953
20.7743
40.9191
51.3063
52.2506
45.9553
45.9553
54.7686
72.0806
90.022
91.2811
82.4677
74.5987
72.0806
67.0444
46.5848
9.75763
-27.3843
-45.3258
-41.2339
-27.0696
-27.3843
-51.621
-90.022
-132.83
-179.729
-237.96
-293.988
-319.484
-298.709
-241.737
-169.027
-88.763
-8.81335
50.362
77.4315
91.2811
122.443
181.933
258.735
324.52
378.344
420.837
438.464
427.447
386.528
341.517
326.094
350.331
389.676
408.876
383.066
322.946
260.308
202.392
153.289
105.445
57.9163
17.9415
-19.5153
-52.8801
-89.0777
-125.275
-148.568
-156.122
-148.883
-134.404
-121.184
-113
-113.314
-125.905
-142.587
-148.253
-141.328
-129.997
-124.016
-119.295
-110.167
-92.8549
-68.6182
-43.4372
-23.6072
-16.9972
-16.6824
-10.0724
6.92477
28.6434
30.2172
8.49858
-25.181
-62.3229
-88.1335
-105.76
-120.239
-131.256
-145.105
-157.696
-164.306
-172.175
-175.952
-177.211
-174.378
-160.529
-144.476
-117.721
-96.9468
-97.8911
-107.334
-121.184
-112.055
-72.7101
-20.4596
34.3091
70.192
77.4315
65.7853
50.9915
50.0472
58.231
73.6544
91.5958
107.019
107.963
87.5039
56.0277
30.2172
24.8662
33.3648
52.8801
82.153
108.593
120.239
108.593
83.0973
58.8606
42.8077
33.3648
27.6991
21.7186
14.1643
11.3314
13.8495
15.7381
11.3314
-11.961
-45.3258
-76.1725
-104.816
-128.108
-154.863
-182.562
-206.484
-226.314
-241.108
-260.308
-283.286
-299.024
-288.952
-241.423
-152.345
-46.8996
47.8439
112.685
146.679
174.064
201.133
236.072
267.863
303.116
351.275
393.138
410.765
384.01
328.612
275.732
243.311
229.147
215.927
197.986
179.729
167.768
163.991
158.325
135.033
96.632
48.4734
0.629525
-36.8272
-67.0444
-91.5958
-114.888
-137.236
-159.27
-175.008
-180.044
-174.064
-165.25
-155.493
-138.181
-112.37
-80.8939
-56.0277
-47.2144
-47.8439
-48.4734
-42.8077
-24.5515
4.40667
35.5681
57.2867
60.1196
50.362
36.1977
18.8857
-5.35096
-33.9943
-57.2867
-74.2839
-86.5596
-97.5763
-106.075
-114.573
-122.443
-134.089
-150.142
-158.64
-159.899
-149.827
-132.2
-114.573
-99.4649
-82.4677
-58.5458
-28.9581
-2.20334
14.4791
21.7186
24.5515
29.2729
38.7158
55.0834
74.9134
90.6516
96.0025
89.7073
84.0415
85.6154
93.4844
98.8354
95.373
90.022
91.5958
101.353
97.8911
75.8577
46.8996
25.181
22.3481
28.9581
32.1058
32.4205
39.3453
49.4177
55.7129
51.9358
36.8272
18.8857
4.40667
-4.40667
-10.3872
-11.6462
-14.7938
-24.2367
-44.6963
-81.2087
-130.312
-182.877
-232.609
-269.437
-285.489
-286.434
-281.083
-277.62
-277.62
-274.158
-261.568
-238.59
-193.264
-120.239
-27.3843
65.1558
134.718
174.378
191.69
199.874
203.966
205.225
209.317
218.445
226.314
225.685
209.632
183.506
164.621
160.844
173.119
187.598
199.245
210.261
219.389
221.278
203.966
161.788
107.019
53.8244
4.40667
-42.4929
-86.2449
-124.331
-147.938
-151.086
-141.014
-122.128
-104.816
-94.4287
-86.5596
-73.9692
-55.3982
-40.2896
-30.5319
-17.6267
-0.629525
16.0529
27.3843
23.6072
16.3676
13.22
14.4791
19.83
24.5515
26.7548
28.3286
28.9581
21.7186
-1.25905
-37.142
-70.8215
-88.4482
-92.5401
-93.1697
-94.1139
-93.1697
-85.6154
-71.1363
-62.9525
-55.7129
-40.9191
-17.9415
12.9053
42.1782
67.0444
83.412
88.4482
85.3006
68.933
50.362
36.5124
28.6434
32.1058
41.2339
48.7882
50.9915
51.621
50.9915
46.5848
36.8272
21.4038
11.0167
7.23953
6.92477
6.29525
-2.83286
-11.961
-16.3676
-16.0529
-11.6462
-11.961
-18.571
-23.9219
-22.9777
-12.5905
-1.88857
-0.944287
-6.61001
-19.5153
-39.9748
-64.5263
-94.1139
-120.869
-135.663
-145.105
-148.253
-151.086
-162.417
-180.674
-200.818
-215.612
-225.685
-226.944
-221.593
-211.206
-194.838
-184.766
-188.857
-200.504
-203.966
-190.746
-159.899
-113
-56.3425
-0.629525
47.5291
76.802
89.3925
101.983
126.22
155.807
184.766
220.648
252.125
275.102
287.063
281.083
265.03
247.718
237.016
235.757
241.108
243.941
234.813
220.648
203.022
182.877
164.621
136.922
102.613
65.7853
28.0138
-2.83286
-22.0334
-31.1615
-33.05
-24.8662
-8.18382
11.6462
24.8662
32.4205
34.9386
34.9386
34.6239
33.6796
29.2729
28.9581
29.2729
25.181
17.3119
6.92477
-0.629525
-4.40667
-4.09191
-4.72144
-5.35096
-7.86906
-16.9972
-28.6434
-40.2896
-49.7325
-54.1391
-49.4177
-39.6601
-29.5877
-24.8662
-27.6991
-27.6991
-27.6991
-33.6796
-36.5124
-33.9943
-26.7548
-14.7938
-3.46239
5.35096
11.6462
14.4791
7.23953
-6.29525
-22.0334
-40.2896
-50.362
-51.9358
-44.0667
-29.9024
-18.571
-9.75763
-1.25905
5.0362
10.0724
8.49858
1.25905
-7.23953
-17.3119
-28.9581
-39.6601
-45.6405
-48.7882
-50.0472
-53.5096
-58.231
-62.9525
-68.3034
-76.802
-87.8187
-101.983
-118.351
-133.774
-147.309
-156.752
-160.529
-162.417
-163.362
-162.732
-162.732
-164.935
-166.195
-164.306
-161.788
-156.752
-151.086
-145.105
-142.902
-145.735
-155.178
-171.545
-188.857
-204.91
-213.409
-213.409
-205.855
-186.969
-162.417
-124.646
-76.4873
-25.181
32.4205
75.543
105.131
123.387
135.663
153.919
172.175
194.208
216.242
237.331
255.272
266.289
275.102
281.712
295.562
310.041
318.54
321.687
316.021
308.467
299.969
289.896
278.565
262.197
245.2
222.852
193.894
162.732
127.164
96.632
78.0611
69.5625
68.933
70.8215
72.7101
73.6544
75.2282
73.3396
67.3591
62.6377
57.9163
53.1948
49.1029
47.2144
49.7325
56.6572
67.0444
80.2644
90.9663
96.9468
100.094
100.094
97.8911
84.3563
59.8048
34.3091
12.5905
0
-11.6462
-24.2367
-37.7715
-54.7686
-73.6544
-94.1139
-116.462
-141.643
-162.732
-172.49
-178.785
-175.637
-180.674
-189.802
-192.635
-194.838
-188.857
-186.025
-178.155
-168.398
-160.529
-152.345
-155.178
-152.975
-146.364
-133.459
-118.036
-110.796
-102.927
-101.668
-99.1501
-98.8354
-109.223
-118.98
-137.236
-144.476
-140.699
-136.607
-126.849
-124.646
-118.665
-115.833
-120.869
-125.59
-128.108
-124.331
-118.98
-113.944
-109.223
-104.501
-93.7992
-82.7825
-76.1725
-75.2282
-77.4315
-75.2282
-67.0444
-53.5096
-44.6963
-38.0862
-32.1058
-29.2729
-24.8662
-24.2367
-28.6434
-35.5681
-40.9191
-46.2701
-54.7686
-64.5263
-75.8577
-85.6154
-96.632
-102.613
-90.3368
-62.0082
-18.2562
32.7353
73.9692
104.186
127.479
148.883
173.749
197.041
224.426
253.069
279.824
306.893
318.54
319.484
311.929
302.801
298.709
296.506
296.506
293.988
291.155
287.378
277.306
265.03
248.977
233.239
212.465
187.598
159.27
121.813
90.6516
67.6739
53.5096
52.2506
59.8048
73.3396
94.4287
114.259
123.702
129.997
133.774
134.718
136.607
137.866
137.866
136.607
135.348
134.404
129.367
121.813
108.593
95.0582
81.8382
68.6182
51.3063
27.6991
5.35096
-17.3119
-42.1782
-64.5263
-87.8187
-109.537
-133.144
-157.066
-179.1
-202.392
-220.963
-230.406
-235.757
-231.665
-224.74
-220.648
-215.927
-215.612
-214.038
-220.019
-223.796
-228.832
-236.701
-238.905
-242.682
-241.108
-236.387
-225.685
-214.668
-202.392
-187.913
-182.247
-179.1
-176.582
-175.952
-169.972
-165.88
-163.362
-160.214
-157.696
-153.604
-156.122
-161.788
-163.676
-165.565
-161.158
-151.715
-140.699
-127.794
-111.426
-94.1139
-82.153
-75.8577
-72.7101
-67.0444
-58.5458
-49.4177
-40.9191
-33.6796
-26.7548
-21.7186
-21.7186
-22.3481
-21.4038
-18.571
-9.44287
0.629525
11.3314
13.22
11.961
11.961
14.4791
21.4038
26.1253
35.2534
42.4929
45.6405
49.7325
45.9553
46.2701
50.0472
62.6377
93.4844
130.626
160.844
174.378
181.618
197.986
211.52
223.796
232.609
238.275
259.364
277.62
279.824
270.066
258.735
261.253
275.102
293.988
301.542
305.005
316.966
329.556
335.222
327.982
313.503
303.431
301.857
300.598
284.23
258.105
231.036
205.54
191.376
180.988
168.398
159.899
160.214
163.991
161.158
148.253
126.849
109.223
97.8911
87.1892
77.7463
58.5458
35.2534
14.7938
-2.20334
-20.7743
-43.1224
-63.8968
-78.3758
-87.8187
-97.5763
-113.629
-139.125
-162.417
-184.136
-202.392
-214.668
-230.721
-249.921
-270.066
-285.175
-299.969
-312.244
-316.021
-315.392
-301.857
-284.545
-276.361
-271.955
-271.325
-267.233
-259.049
-249.921
-242.367
-240.478
-233.554
-226.944
-228.203
-234.813
-243.311
-247.718
-242.052
-231.036
-222.537
-210.576
-192.949
-173.434
-155.178
-141.014
-127.479
-112.685
-97.5763
-85.9301
-79.9496
-80.5792
-82.153
-82.4677
-81.2087
-82.153
-85.9301
-87.8187
-85.9301
-80.2644
-81.8382
-84.0415
-81.5234
-75.2282
-63.582
-56.0277
-52.8801
-48.1586
-44.3815
-39.6601
-35.5681
-32.1058
-24.5515
-19.2005
-9.44287
5.35096
20.1448
35.2534
46.8996
62.9525
84.0415
101.353
113.944
122.128
120.554
114.888
106.704
94.7435
85.3006
82.153
86.5596
104.501
141.958
180.359
205.855
222.222
243.626
268.178
289.581
309.097
321.058
340.258
369.531
386.843
384.01
376.141
367.642
364.81
370.79
375.826
376.456
384.64
402.581
415.801
423.041
419.263
405.414
393.138
381.177
359.459
322.631
286.434
256.846
232.609
212.465
186.969
159.27
140.384
128.423
113
87.1892
62.3229
39.0305
10.3872
-14.4791
-44.0667
-86.2449
-124.331
-156.752
-181.933
-196.726
-207.428
-219.075
-227.888
-227.258
-229.462
-243.626
-259.364
-271.955
-277.935
-277.62
-280.138
-288.952
-307.208
-325.15
-346.868
-372.049
-395.971
-416.745
-423.67
-418.634
-408.562
-397.86
-391.25
-379.289
-364.81
-358.2
-351.59
-342.776
-329.871
-311.3
-293.673
-276.361
-259.049
-237.646
-217.501
-201.763
-187.284
-174.064
-156.437
-134.089
-110.796
-95.0582
-86.5596
-78.0611
-73.0249
-71.4511
-73.3396
-80.5792
-84.6711
-84.6711
-81.2087
-81.8382
-88.1335
-91.2811
-91.5958
-90.6516
-86.5596
-79.9496
-69.5625
-49.4177
-27.0696
-6.29525
11.3314
24.2367
35.2534
47.5291
62.0082
73.9692
84.6711
97.2616
116.147
135.663
152.345
170.286
184.766
202.077
220.648
237.331
253.698
265.03
269.437
271.955
271.325
265.03
250.866
233.554
221.907
214.983
206.799
211.206
237.331
265.03
282.342
289.896
299.339
317.28
337.74
347.498
348.442
358.514
378.03
387.472
385.269
380.548
372.993
368.272
373.623
375.511
373.623
375.826
376.141
373.308
366.069
345.924
314.762
283.286
252.439
210.576
162.732
117.406
75.543
41.2339
10.7019
-20.7743
-50.9915
-72.7101
-88.763
-107.963
-128.108
-147.624
-163.991
-174.064
-183.821
-199.559
-220.019
-237.646
-252.439
-264.715
-274.473
-280.768
-286.119
-288.637
-286.119
-284.545
-287.378
-296.506
-307.838
-317.91
-325.464
-331.445
-343.406
-353.478
-361.662
-369.531
-376.771
-381.807
-386.843
-388.732
-383.066
-376.141
-365.754
-351.59
-339.629
-327.038
-312.559
-302.172
-292.729
-280.138
-265.974
-248.033
-229.777
-213.724
-198.615
-186.654
-175.637
-165.88
-156.752
-145.105
-133.774
-117.721
-102.927
-91.2811
-77.7463
-65.4706
-54.7686
-45.6405
-38.0862
-33.3648
-24.8662
-14.7938
-11.0167
-6.29525
0.944287
12.9053
28.9581
45.6405
62.9525
83.7268
108.908
137.236
164.621
186.339
206.799
224.111
240.793
257.476
265.659
268.178
272.899
279.194
284.545
293.359
298.08
302.172
311.3
315.707
318.225
318.54
316.966
319.799
321.372
316.651
307.523
295.562
282.971
269.122
253.384
235.442
220.963
214.353
210.891
212.15
224.426
236.387
238.275
233.239
227.258
224.74
223.481
220.019
204.91
192.949
195.467
194.523
180.988
166.195
149.827
141.958
149.512
152.66
145.105
140.069
135.348
124.331
112.685
91.2811
62.3229
40.6043
24.2367
3.46239
-23.2924
-53.8244
-84.9858
-114.573
-138.181
-159.27
-177.211
-185.395
-187.913
-197.041
-211.835
-224.74
-239.219
-253.698
-260.623
-265.345
-269.751
-266.918
-264.4
-264.715
-260.623
-258.42
-257.79
-255.587
-245.515
-237.016
-235.127
-235.442
-240.478
-245.829
-250.866
-255.902
-256.531
-254.013
-253.069
-259.679
-269.122
-280.453
-290.211
-298.08
-299.969
-293.988
-287.063
-277.306
-267.863
-261.568
-261.253
-264.086
-265.659
-261.253
-245.2
-230.721
-218.445
-206.169
-191.061
-171.231
-154.548
-135.977
-112.055
-82.153
-47.5291
-11.6462
19.2005
41.8634
60.1196
73.9692
88.1335
102.927
118.98
133.144
146.05
153.919
153.604
153.919
154.548
157.066
163.047
173.749
188.228
202.077
216.871
224.111
226.944
231.036
234.183
242.367
253.384
267.548
281.083
288.952
294.618
298.08
300.913
304.69
309.411
312.559
318.225
322.317
320.113
311.929
296.821
278.565
262.512
248.662
232.295
212.779
194.523
176.896
156.437
133.144
111.741
92.2254
79.3201
70.5068
63.2672
68.6182
74.2839
72.3953
65.7853
57.6015
54.1391
57.9163
66.4149
67.9887
66.4149
73.6544
75.8577
73.6544
70.192
61.6934
57.9163
66.7296
73.9692
70.5068
66.4149
59.1753
48.7882
45.011
33.3648
9.12811
-7.86906
-18.571
-32.7353
-47.2144
-69.2477
-98.2059
-120.869
-137.551
-156.752
-176.267
-191.061
-200.504
-205.225
-212.15
-224.111
-234.813
-238.275
-235.442
-233.868
-235.127
-236.701
-237.96
-235.442
-236.072
-244.256
-253.069
-258.105
-253.698
-248.033
-249.607
-256.217
-266.289
-276.361
-285.175
-293.044
-302.487
-310.041
-307.838
-299.969
-295.877
-294.618
-290.526
-284.23
-272.269
-255.587
-240.793
-227.888
-211.835
-192.635
-177.841
-164.935
-152.975
-142.902
-122.128
-96.0025
-70.8215
-48.4734
-28.3286
-8.18382
11.6462
33.05
51.621
71.4511
95.6878
118.98
139.754
156.122
167.139
179.1
194.208
207.743
220.963
231.665
241.423
253.384
262.197
266.918
269.122
270.696
275.732
283.916
288.322
285.804
279.824
273.843
268.178
258.42
245.829
237.331
238.59
246.774
251.495
249.921
245.2
238.59
234.183
227.888
221.593
219.075
218.13
217.501
214.038
202.707
184.136
165.88
150.771
136.292
121.498
108.593
98.2059
88.763
78.0611
59.8048
39.9748
23.9219
10.3872
-0.314762
-10.0724
-17.3119
-20.1448
-19.5153
-22.3481
-30.8467
-37.7715
-38.401
-33.6796
-22.9777
-12.5905
-9.44287
-1.88857
5.98048
4.40667
0.944287
-3.77715
-7.23953
-4.09191
2.5181
2.20334
-7.23953
-21.0891
-36.8272
-51.621
-65.7853
-84.6711
-103.557
-118.036
-130.312
-144.791
-163.676
-188.228
-209.002
-222.222
-231.665
-239.849
-247.403
-251.18
-253.069
-253.384
-259.364
-267.233
-271.64
-271.955
-264.4
-252.754
-240.478
-228.203
-218.76
-209.946
-203.651
-202.392
-202.077
-198.615
-192.635
-183.821
-177.526
-177.841
-179.415
-180.988
-183.192
-181.303
-176.267
-168.083
-155.807
-144.791
-133.774
-121.184
-107.963
-93.1697
-76.802
-56.972
-32.4205
-8.18382
18.571
43.752
62.0082
80.2644
100.094
125.59
153.289
175.952
197.356
216.242
229.777
237.96
238.275
231.35
223.796
219.389
214.038
210.891
206.484
197.356
190.746
183.506
173.749
163.362
155.493
151.715
149.827
146.05
141.958
136.292
132.83
128.108
122.443
119.295
118.351
118.351
123.387
128.738
131.571
135.663
136.922
139.754
146.05
147.309
147.624
146.994
141.328
136.922
131.256
123.387
115.833
108.908
104.501
99.4649
90.6516
81.8382
71.1363
58.5458
45.9553
34.3091
23.2924
14.1643
5.35096
-7.86906
-19.5153
-31.791
-42.8077
-47.8439
-52.5653
-52.2506
-43.752
-35.5681
-28.9581
-28.3286
-32.7353
-39.0305
-48.1586
-54.1391
-58.5458
-60.7491
-57.9163
-57.2867
-61.3787
-68.3034
-79.6349
-92.2254
-98.2059
-101.039
-102.298
-102.298
-106.075
-108.908
-110.796
-119.61
-131.256
-140.699
-145.42
-143.846
-142.587
-145.42
-152.03
-160.214
-167.139
-174.378
-180.674
-181.933
-181.303
-176.267
-171.231
-170.286
-172.805
-177.841
-182.562
-181.618
-176.582
-170.286
-161.788
-151.715
-139.44
-127.479
-118.98
-112.37
-101.353
-85.6154
-67.6739
-50.362
-34.9386
-20.7743
-6.92477
5.0362
15.1086
25.8105
37.142
50.6767
63.2672
72.3953
77.4315
80.5792
84.3563
89.3925
96.9468
104.501
112.685
125.905
137.551
142.587
140.384
135.033
135.033
141.643
148.883
150.142
148.568
148.253
145.735
138.81
127.794
112.685
103.557
106.704
111.111
110.796
103.557
94.7435
87.1892
79.6349
70.192
59.8048
56.0277
60.1196
67.3591
70.8215
66.7296
58.8606
52.5653
49.7325
49.4177
49.7325
51.3063
56.6572
60.7491
59.8048
53.8244
45.011
42.4929
44.3815
46.8996
47.2144
47.8439
53.1948
57.9163
56.972
49.7325
41.2339
36.1977
35.8829
37.7715
31.4762
19.5153
4.09191
-12.9053
-23.9219
-36.1977
-50.9915
-59.8048
-68.6182
-73.9692
-77.4315
-85.6154
-95.6878
-105.131
-113.314
-114.259
-108.908
-102.927
-98.8354
-97.2616
-97.8911
-94.1139
-91.5958
-88.763
-82.7825
-74.9134
-60.1196
-48.7882
-45.9553
-41.8634
-40.9191
-37.7715
-28.9581
-25.181
-22.0334
-18.2562
-16.0529
-16.3676
-20.4596
-33.3648
-48.4734
-56.3425
-59.1753
-57.2867
-57.6015
-61.3787
-64.5263
-69.2477
-73.6544
-81.8382
-87.1892
-84.6711
-76.1725
-62.3229
-50.362
-40.6043
-33.3648
-28.3286
-23.2924
-17.6267
-13.8495
-7.86906
4.40667
17.3119
25.8105
32.1058
33.05
33.3648
37.142
40.2896
42.1782
45.9553
51.621
56.972
59.1753
55.0834
46.5848
39.3453
36.5124
37.142
38.7158
38.7158
34.9386
29.2729
28.0138
24.5515
20.1448
16.3676
15.1086
24.8662
33.3648
38.0862
40.2896
39.9748
43.1224
50.362
55.3982
59.4901
63.8968
69.2477
73.0249
73.3396
71.4511
65.4706
59.4901
56.972
56.0277
54.4539
54.1391
52.8801
49.7325
46.5848
39.0305
30.2172
27.6991
29.9024
32.1058
33.3648
31.4762
28.9581
27.6991
24.5515
18.571
15.1086
12.5905
11.6462
12.5905
8.18382
3.77715
-1.57381
-7.86906
-9.75763
-10.7019
-12.9053
-14.1643
-14.4791
-14.4791
-18.2562
-25.8105
-32.1058
-35.5681
-36.1977
-35.8829
-36.8272
-37.4567
-39.3453
-45.3258
-54.4539
-66.7296
-79.0054
-89.3925
-96.0025
-97.8911
-100.409
-102.927
-107.334
-112.685
-115.518
-117.092
-118.351
-113.629
-107.649
-99.1501
-90.6516
-86.8744
-83.0973
-80.2644
-77.4315
-71.1363
-62.3229
-52.2506
-41.2339
-31.4762
-22.3481
-13.5348
-6.92477
-0.314762
7.86906
18.571
30.5319
42.8077
51.3063
58.231
62.6377
62.0082
60.4344
58.8606
59.1753
62.9525
67.0444
70.5068
74.5987
76.4873
78.6906
81.2087
81.2087
81.5234
81.8382
79.3201
78.6906
75.8577
70.8215
64.5263
58.231
56.3425
54.7686
55.7129
55.7129
54.4539
52.5653
49.4177
45.6405
41.2339
38.0862
35.2534
33.6796
34.9386
33.6796
30.5319
26.7548
23.6072
21.0891
21.7186
20.7743
19.83
22.9777
24.5515
27.3843
28.0138
23.6072
19.5153
16.3676
13.8495
13.22
10.7019
6.92477
2.5181
-0.629525
-3.77715
-8.18382
-11.3314
-11.6462
-8.18382
-5.66572
-4.09191
-5.0362
-7.86906
-10.0724
-13.8495
-18.8857
-24.2367
-28.9581
-31.791
-33.3648
-34.9386
-37.4567
-40.6043
-42.4929
-43.1224
-43.1224
-45.011
-46.8996
-48.7882
-48.4734
-51.3063
-56.0277
-61.6934
-67.9887
-70.5068
-72.7101
-76.4873
-79.3201
-82.153
-81.5234
-80.5792
-80.8939
-81.5234
-85.9301
-86.8744
-84.9858
-83.7268
-82.4677
-82.153
-83.0973
-81.8382
-80.5792
-80.5792
-82.153
-82.7825
-81.5234
-78.3758
-73.9692
-69.5625
-64.841
-59.4901
-53.5096
-51.3063
-51.9358
-51.621
-49.7325
-43.4372
-34.9386
-27.6991
-21.0891
-14.7938
-9.75763
-4.09191
0.629525
3.14762
7.86906
15.1086
22.9777
31.791
39.9748
46.5848
56.3425
65.7853
75.543
84.6711
93.1697
103.242
116.147
128.423
136.607
144.161
151.715
158.011
163.362
166.509
167.139
165.88
165.88
165.25
163.676
158.955
152.66
148.253
145.42
143.846
143.846
142.273
140.384
139.125
136.292
130.626
123.072
114.259
105.445
97.8911
90.3368
82.4677
76.802
72.0806
64.841
55.3982
43.4372
30.5319
19.2005
11.0167
4.40667
-1.25905
-7.5543
-13.8495
-20.4596
-28.3286
-38.0862
-50.0472
-61.0639
-70.192
-74.9134
-78.6906
-84.0415
-90.022
-94.4287
-99.7797
-103.872
-107.963
-115.203
-119.924
-124.016
-126.534
-126.849
-129.682
-132.2
-132.83
-135.033
-135.348
-135.033
-134.089
-130.312
-125.59
-122.443
-120.239
-119.295
-117.092
-113.314
-108.278
-102.613
-98.5206
-93.7992
-88.1335
-83.0973
-79.0054
-76.1725
-73.9692
-70.8215
-66.7296
-62.6377
-59.8048
-56.972
-53.1948
-50.362
-47.2144
-45.9553
-45.9553
-47.2144
-48.1586
-48.7882
-48.7882
-47.2144
-45.6405
-43.1224
-40.9191
-40.2896
-41.2339
-41.2339
-43.1224
-44.6963
-44.0667
-43.4372
-39.0305
-33.9943
-29.5877
-24.8662
-22.3481
-20.4596
-16.6824
-10.0724
-1.57381
8.49858
19.2005
29.9024
40.2896
48.7882
56.0277
61.6934
68.933
79.3201
90.9663
106.39
118.036
129.053
139.754
146.679
152.66
155.807
158.955
164.935
172.805
182.877
193.579
201.448
207.114
211.52
213.094
213.094
211.52
209.632
211.52
212.15
210.261
207.114
200.504
193.579
186.339
176.267
163.047
150.771
139.44
128.108
118.665
105.445
90.3368
76.4873
60.7491
47.2144
34.3091
20.7743
9.44287
-1.88857
-14.1643
-25.8105
-39.0305
-51.3063
-64.2115
-79.6349
-95.373
-109.852
-122.443
-131.256
-137.866
-143.846
-146.994
-151.086
-156.122
-159.899
-163.047
-163.047
-160.844
-156.437
-152.975
-149.512
-146.05
-145.105
-143.846
-142.587
-142.902
-142.273
-138.181
-130.626
-122.128
-114.259
-108.908
-105.76
-102.298
-99.4649
-98.2059
-94.7435
-90.3368
-84.9858
-77.7463
-75.543
-73.3396
-69.5625
-64.841
-58.8606
-52.8801
-49.4177
-44.6963
-40.2896
-35.2534
-32.4205
-33.9943
-35.5681
-37.4567
-37.142
-35.2534
-35.5681
-34.9386
-32.7353
-32.1058
-32.4205
-34.9386
-40.2896
-42.1782
-43.4372
-43.752
-44.0667
-46.2701
-44.3815
-44.0667
-45.011
-46.5848
-50.6767
-51.9358
-50.0472
-47.2144
-42.8077
-37.7715
-33.05
-26.44
-18.2562
-10.3872
-2.5181
3.14762
11.6462
20.7743
30.2172
38.401
44.6963
52.8801
62.3229
73.0249
84.9858
95.373
105.131
115.203
125.905
135.348
143.532
153.919
164.306
173.749
181.933
184.766
189.172
194.208
198.93
204.91
207.428
209.002
212.779
216.242
218.445
217.816
213.724
209.002
206.799
202.392
196.412
186.654
176.267
169.972
162.417
154.863
147.624
136.292
126.849
117.721
104.816
90.3368
73.6544
58.5458
46.8996
34.6239
23.2924
11.3314
0.314762
-11.0167
-21.0891
-33.05
-45.011
-55.7129
-65.4706
-74.9134
-87.5039
-101.039
-113.944
-124.331
-131.885
-137.551
-142.902
-148.883
-153.919
-158.325
-162.417
-165.88
-169.657
-171.545
-173.119
-173.749
-173.119
-173.434
-171.231
-168.713
-165.25
-160.844
-157.066
-151.401
-143.532
-137.866
-131.885
-127.794
-123.702
-120.554
-117.721
-116.462
-116.462
-115.833
-112.685
-110.167
-108.908
-107.963
-107.334
-105.445
-103.242
-101.983
-102.927
-104.816
-104.186
-101.039
-97.8911
-95.0582
-94.4287
-93.7992
-92.5401
-90.022
-88.1335
-85.6154
-79.9496
-72.3953
-64.5263
-57.6015
-52.8801
-46.5848
-37.7715
-29.2729
-20.7743
-13.8495
-8.18382
-0.629525
5.66572
11.0167
16.0529
20.4596
27.3843
36.1977
45.011
52.2506
59.4901
66.7296
74.2839
82.4677
89.3925
95.0582
102.298
110.482
120.239
128.108
138.181
148.568
159.27
169.657
178.155
185.71
192.32
200.504
207.743
215.612
221.278
225.999
228.832
226.944
226.629
222.852
221.278
221.593
220.334
218.13
212.465
205.54
197.356
189.172
181.933
174.378
166.509
158.011
147.624
134.089
121.498
110.796
101.668
92.8549
82.7825
73.3396
64.2115
56.972
48.4734
38.0862
27.0696
15.1086
4.09191
-3.77715
-12.9053
-23.6072
-35.2534
-43.752
-52.5653
-63.8968
-78.3758
-93.4844
-104.501
-110.796
-112.37
-117.406
-124.646
-132.515
-140.069
-146.679
-153.604
-160.844
-166.195
-169.972
-169.657
-169.972
-171.231
-173.119
-173.434
-171.86
-169.657
-169.342
-171.231
-171.86
-169.657
-167.454
-166.195
-164.306
-164.306
-162.417
-159.899
-159.585
-157.696
-155.178
-151.086
-146.05
-141.958
-140.069
-141.014
-141.328
-138.181
-131.571
-127.479
-124.646
-120.554
-117.406
-110.482
-104.816
-100.724
-95.373
-90.9663
-87.1892
-80.8939
-75.8577
-71.4511
-64.841
-57.6015
-48.4734
-38.401
-31.1615
-24.2367
-17.6267
-10.0724
-2.5181
4.09191
11.961
21.0891
31.791
42.4929
53.1948
62.3229
72.0806
80.5792
87.5039
94.4287
100.409
108.593
118.036
129.053
140.069
148.568
156.752
163.991
169.972
173.119
176.582
179.415
183.192
189.172
192.949
195.153
195.782
194.523
194.523
193.894
193.579
194.523
194.208
195.782
198.615
200.189
200.818
199.874
197.986
194.838
189.172
180.988
172.49
164.621
157.381
152.975
146.364
139.754
134.718
127.794
121.498
114.888
105.76
97.5763
89.3925
82.4677
75.8577
65.7853
54.4539
41.2339
27.6991
12.5905
-3.14762
-17.6267
-29.2729
-36.1977
-43.4372
-51.621
-59.4901
-68.3034
-77.4315
-87.1892
-97.8911
-108.278
-118.665
-126.849
-135.033
-144.476
-153.604
-163.047
-171.231
-179.1
-186.969
-195.153
-202.707
-206.484
-207.428
-207.743
-208.687
-211.206
-212.465
-212.465
-213.409
-214.353
-214.668
-214.353
-212.465
-210.891
-207.743
-202.077
-194.838
-186.654
-178.785
-171.231
-165.88
-160.214
-153.604
-146.05
-136.922
-127.479
-117.092
-106.39
-98.5206
-90.9663
-85.3006
-79.0054
-71.7658
-63.8968
-56.6572
-50.9915
-42.8077
-33.9943
-24.2367
-15.7381
-9.44287
-4.09191
2.20334
10.0724
18.2562
25.8105
34.6239
43.1224
50.362
57.6015
62.0082
66.1001
71.1363
77.7463
84.9858
90.9663
96.632
101.353
106.075
110.796
115.833
119.295
122.128
125.905
131.256
135.033
137.866
139.44
140.699
143.532
144.476
145.42
146.994
150.771
155.178
158.325
160.844
162.417
163.676
167.139
170.916
175.637
177.526
177.841
177.211
174.378
170.916
166.195
162.417
160.844
160.529
158.011
154.863
151.401
147.624
144.161
139.754
135.663
129.682
123.072
117.406
110.482
101.353
92.5401
84.6711
75.543
68.3034
57.6015
47.2144
36.5124
25.8105
13.8495
2.20334
-8.18382
-18.571
-26.1253
-35.2534
-45.3258
-56.6572
-69.8772
-81.8382
-93.1697
-104.501
-114.259
-121.498
-128.738
-135.663
-142.587
-150.142
-157.066
-163.991
-167.454
-172.49
-178.155
-181.933
-186.025
-187.284
-189.172
-192.005
-196.726
-199.559
-200.189
-199.559
-199.245
-200.189
-201.763
-202.707
-200.504
-197.356
-193.264
-189.172
-185.71
-181.933
-178.47
-175.323
-171.231
-166.824
-159.899
-152.03
-144.476
-136.922
-130.941
-123.072
-115.833
-108.593
-102.298
-94.4287
-85.3006
-75.543
-64.5263
-55.0834
-47.8439
-39.0305
-30.5319
-21.7186
-11.3314
-3.77715
5.66572
15.7381
23.9219
33.9943
45.011
54.7686
63.8968
71.4511
77.1168
84.3563
91.5958
99.4649
106.704
113.629
120.239
125.275
132.2
136.922
141.328
146.05
150.142
153.919
158.64
163.676
167.454
170.601
171.86
174.064
177.211
180.359
181.618
181.933
181.303
180.674
181.618
182.562
182.877
183.506
181.618
179.415
177.211
175.323
173.749
171.545
169.027
165.88
161.473
157.696
153.604
146.994
141.328
135.663
130.312
127.164
121.498
114.573
106.075
95.0582
86.2449
77.7463
71.4511
66.1001
56.972
49.4177
40.2896
28.9581
