SAMPLES: 8899
BITSPERSAMPLE:	16
CHANNELS:	1
SAMPLERATE:	16000
NORMALIZED:	FALSE
18.9706
21.4451
21.4451
22.2699
23.9195
23.0947
21.4451
21.4451
20.6203
18.9706
18.1458
18.1458
17.321
16.4962
15.6714
14.0218
10.7225
8.2481
7.42329
5.77367
6.59848
6.59848
6.59848
4.94886
2.47443
0
-2.47443
-4.12405
-2.47443
-4.94886
-4.94886
-7.42329
-11.5473
-9.89772
-9.89772
-7.42329
-7.42329
-7.42329
-9.89772
-16.4962
-17.321
-21.4451
-22.2699
-21.4451
-19.7954
-19.7954
-20.6203
-20.6203
-23.0947
-22.2699
-19.7954
-14.8466
-14.0218
-16.4962
-19.7954
-21.4451
-22.2699
-18.1458
-11.5473
-13.197
-14.0218
-16.4962
-18.9706
-20.6203
-22.2699
-20.6203
-17.321
-11.5473
-9.07291
-11.5473
-14.8466
-17.321
-17.321
-15.6714
-14.0218
-12.3722
-9.07291
-5.77367
-3.29924
0.82481
4.94886
7.42329
5.77367
2.47443
1.64962
-0.82481
1.64962
4.12405
4.94886
5.77367
2.47443
0.82481
-1.64962
-4.12405
-3.29924
-2.47443
3.29924
9.89772
12.3722
14.8466
13.197
11.5473
9.89772
12.3722
14.8466
18.9706
20.6203
19.7954
18.9706
18.9706
21.4451
18.9706
18.1458
14.0218
10.7225
9.07291
11.5473
13.197
12.3722
10.7225
9.89772
10.7225
9.89772
9.89772
12.3722
14.8466
18.9706
14.8466
10.7225
2.47443
-4.12405
-4.12405
-0.82481
6.59848
4.94886
-13.197
-31.3428
-21.4451
0
12.3722
15.6714
2.47443
-11.5473
-8.2481
0.82481
7.42329
15.6714
15.6714
5.77367
2.47443
-1.64962
-14.8466
-22.2699
-13.197
3.29924
14.0218
14.0218
-4.12405
-18.1458
0.82481
18.9706
23.0947
16.4962
-8.2481
-17.321
-18.9706
-14.0218
-0.82481
2.47443
2.47443
-0.82481
-5.77367
-10.7225
-24.7443
-28.0435
-23.0947
-18.1458
-5.77367
-4.12405
-9.89772
-13.197
-11.5473
-16.4962
-23.0947
-16.4962
-19.7954
-32.1676
-25.5691
-22.2699
-17.321
-7.42329
-2.47443
4.94886
13.197
6.59848
-14.0218
-23.0947
-18.1458
-4.12405
9.89772
13.197
14.0218
15.6714
20.6203
18.1458
11.5473
10.7225
2.47443
-0.82481
-3.29924
-5.77367
-4.12405
9.07291
32.1676
42.0653
47.839
34.642
21.4451
25.5691
16.4962
16.4962
4.94886
-4.12405
-2.47443
-1.64962
-5.77367
-22.2699
-30.518
-26.3939
-4.12405
4.12405
-4.94886
-26.3939
-35.4668
-22.2699
-12.3722
-3.29924
-16.4962
-40.4157
-59.3863
-56.9119
-27.2187
2.47443
9.07291
-13.197
-23.0947
0.82481
11.5473
4.94886
-7.42329
-24.7443
-22.2699
-21.4451
-40.4157
-47.0142
-28.8684
-25.5691
-16.4962
18.9706
32.1676
6.59848
3.29924
77.5322
468.492
895.744
589.739
-70.9337
-438.799
-484.164
-47.839
491.587
421.478
66.8096
-185.582
-339.822
-219.4
-21.4451
-44.5398
-131.145
207.852
627.681
437.974
-94.8532
-521.28
-481.689
299.406
918.839
189.706
-556.747
-981.524
-874.299
185.582
119.597
-110.525
-197.13
-413.23
75.0577
21.4451
-222.699
-367.865
-362.917
207.852
9.07291
-326.625
-82.481
-344.771
121.247
404.157
-296.932
-269.713
-66.8096
244.969
205.378
-152.59
80.8314
-50.3134
92.3788
98.1524
-329.099
6.59848
53.6127
-23.9195
-70.9337
-286.209
-145.167
42.8901
197.954
70.9337
-39.5909
9.07291
-14.8466
177.334
107.225
-105.576
59.3863
137.743
224.348
268.888
28.0435
136.919
178.984
207.027
287.034
37.9413
104.751
193.83
235.896
197.13
169.086
258.166
50.3134
188.057
309.304
200.429
376.938
284.56
59.3863
219.4
306.005
133.619
152.59
57.7367
105.576
291.158
48.6638
30.518
108.05
72.5833
-23.9195
-53.6127
28.0435
-156.714
5.77367
-37.1165
-294.457
65.16
37.1165
-222.699
-79.1818
-143.517
-103.926
-146.816
-270.538
-47.0142
-183.108
-102.276
-116.298
-291.983
10.7225
-249.918
-272.187
-29.6932
-219.4
-186.407
-194.655
-204.553
-195.48
-176.509
-221.049
-318.377
-99.802
-222.699
-367.041
-207.027
-306.005
-396.734
-339.822
-210.327
-203.728
-152.59
-206.203
-287.034
-179.809
-350.544
-355.493
-152.59
-126.196
-42.0653
-83.3058
-200.429
-292.808
-234.246
-48.6638
-35.4668
72.5833
5.77367
-106.401
59.3863
202.079
102.276
4.94886
201.254
274.662
251.567
315.078
253.217
252.392
413.23
492.412
452.821
483.339
508.908
475.916
525.404
567.469
574.893
597.163
592.214
603.761
720.884
659.848
537.776
576.542
451.996
497.361
632.629
478.39
541.9
536.952
318.377
225.173
128.67
277.136
318.377
160.013
182.283
33.8172
-30.518
-29.6932
-183.933
-139.393
-238.37
-185.582
-88.2547
-291.158
-229.297
-355.493
-622.732
-526.229
-450.346
-548.499
-598.812
-652.425
-716.76
-617.783
-665.622
-781.92
-743.154
-862.752
-739.03
-564.995
-662.323
-569.119
-526.229
-636.754
-652.425
-589.739
-640.878
-781.095
-650.775
-498.185
-525.404
-390.96
-425.602
-604.586
-549.324
-564.17
-513.857
-446.222
-373.639
-256.516
-319.202
-260.64
-302.705
-524.579
-452.821
-281.26
-143.517
84.9555
201.254
286.209
494.061
630.155
508.083
486.638
612.009
701.089
949.357
1106.07
1215.77
1350.21
1298.25
1111.84
978.225
960.079
1017.82
1216.6
1331.24
1295.78
1275.16
1170.41
946.057
757.176
626.031
550.973
534.477
589.739
513.032
381.062
400.858
320.026
233.421
182.283
34.642
-92.3788
-61.8608
-27.2187
-81.6562
-39.5909
4.12405
-119.597
-163.312
-189.706
-367.865
-308.479
-171.561
-202.079
-111.349
-4.12405
2.47443
84.1306
193.83
44.5398
-114.649
-76.7074
-225.173
-314.253
-254.042
-253.217
-194.655
-185.582
-390.96
-727.483
-809.964
-834.708
-885.846
-703.563
-774.497
-861.102
-684.593
-849.555
-975.751
-924.612
-1064.01
-1059.88
-927.912
-918.839
-927.912
-878.423
-780.271
-805.84
-806.664
-720.059
-837.182
-798.416
-621.907
-607.06
-564.995
-372.814
-323.326
-402.507
-450.346
-536.127
-604.586
-535.302
-543.55
-668.096
-500.66
-400.033
-480.04
-430.551
-461.069
-331.574
-65.9848
-117.123
47.839
521.28
862.752
961.729
838.007
842.131
897.394
946.882
991.422
1097.82
1591.88
1921.81
1803.04
1582.81
1365.06
1314.75
1417.02
1606.73
1849.22
1932.53
1902.01
1834.38
1631.47
1329.59
1016.99
832.234
770.373
690.366
527.879
447.872
640.053
701.089
519.63
344.771
125.371
21.4451
-61.8608
-169.086
-73.4081
14.8466
107.225
179.809
52.7879
-135.269
-320.026
-353.019
-206.203
-154.24
-130.32
18.9706
217.75
391.785
452.821
360.442
160.013
-9.89772
-273.012
-573.243
-630.155
-618.608
-626.031
-564.995
-646.651
-928.736
-1139.06
-1295.78
-1497.03
-1538.27
-1506.1
-1417.85
-1133.29
-1036.79
-1129.17
-1102.77
-1163.81
-1323
-1474.76
-1675.19
-1633.12
-1450.84
-1297.43
-1162.16
-1081.33
-983.999
-982.349
-965.853
-951.006
-1001.32
-970.802
-859.452
-677.994
-542.725
-472.616
-474.266
-564.995
-609.535
-701.089
-838.832
-858.628
-851.204
-742.329
-458.595
-285.384
-186.407
-15.6714
296.107
747.278
1092.87
940.284
607.885
748.103
985.648
1057.41
1217.42
1567.96
2056.25
2354.83
2180.8
1819.53
1759.32
1898.71
2029.86
2179.15
2246.78
2256.68
2286.37
2253.38
2164.3
1883.04
1459.09
1180.3
930.386
652.425
403.332
419.828
783.57
977.4
871.824
673.87
451.171
225.998
41.2405
-72.5833
-125.371
-42.0653
75.8825
98.9772
63.5104
-5.77367
-14.0218
-2.47443
-1.64962
-53.6127
-112.999
50.3134
283.735
270.538
109.7
28.8684
-27.2187
-162.488
-362.917
-545.2
-739.855
-903.167
-1031.84
-1203.4
-1283.4
-1350.21
-1357.64
-1212.47
-1203.4
-1343.62
-1516.83
-1619.93
-1608.38
-1688.39
-1742.82
-1701.58
-1660.34
-1572.91
-1548.17
-1567.14
-1520.13
-1486.31
-1485.48
-1423.62
-1331.24
-1230.62
-1073.9
-857.803
-729.957
-710.162
-594.688
-654.075
-710.162
-608.71
-739.855
-778.621
-700.264
-814.088
-790.168
-597.163
-587.265
-564.17
-320.851
-217.75
-161.663
337.347
823.161
1040.91
1117.62
982.349
1044.21
1314.75
1315.57
1190.2
1526.72
2027.38
2115.64
1986.97
1821.18
1757.67
1907.79
1969.65
1921.81
2048
2132.13
2095.02
2097.49
1969.65
1701.58
1424.45
1237.22
1063.18
772.847
536.952
554.273
840.482
1026.89
869.35
728.307
705.213
564.17
400.033
301.056
221.049
244.144
258.166
199.604
196.305
196.305
136.094
144.342
225.173
151.765
-4.94886
42.0653
180.633
221.874
178.159
68.4593
-21.4451
-127.846
-371.989
-678.819
-885.021
-1075.55
-1287.53
-1420.32
-1539.92
-1616.63
-1656.22
-1685.91
-1629.83
-1667.77
-1763.44
-1694.99
-1751.9
-1769.22
-1711.48
-1832.73
-1731.28
-1664.47
-1813.76
-1794.79
-1710.66
-1680.14
-1589.41
-1517.65
-1491.26
-1342.79
-1076.38
-913.89
-899.868
-755.526
-697.79
-713.461
-553.448
-589.739
-644.177
-618.608
-758.825
-856.153
-884.197
-806.664
-572.418
-343.946
-117.123
224.348
675.52
1053.28
1168.76
1154.73
1246.29
1452.49
1565.49
1473.94
1464.86
1719.73
1991.09
2029.03
1886.34
1868.2
1995.22
2126.36
2212.97
2187.4
2118.94
2085.12
2019.96
1953.15
1859.12
1649.62
1493.73
1382.38
1092.87
709.337
509.733
560.871
710.162
756.351
649.126
645.826
790.168
786.044
682.943
607.06
522.93
462.719
352.194
175.685
103.101
145.167
249.093
423.952
521.28
439.624
376.113
393.435
351.369
216.1
-6.59848
-216.1
-353.019
-489.113
-655.724
-833.883
-971.627
-1134.94
-1329.59
-1513.53
-1684.26
-1763.44
-1790.66
-1750.25
-1744.47
-1798.09
-1679.31
-1610.03
-1708.18
-1761.79
-1927.58
-2010.89
-1831.9
-1831.08
-1955.63
-1783.24
-1674.36
-1668.59
-1436.82
-1425.27
-1495.38
-1365.06
-1266.08
-1209.17
-1111.02
-1060.71
-1078.03
-927.912
-889.97
-1044.21
-1012.87
-969.152
-955.13
-785.219
-692.016
-720.059
-499.835
-51.1382
418.179
889.97
1112.67
1117.62
1321.35
1605.91
1490.43
1235.57
1397.23
1691.69
1769.22
1658.69
1491.26
1585.29
1925.93
2057.08
1973.77
2007.59
2012.54
1879.74
1825.31
1768.39
1599.31
1492.91
1424.45
1282.58
1111.84
869.35
743.154
946.057
1046.68
842.131
785.219
954.306
1095.35
1099.47
986.473
919.663
906.467
790.168
618.608
531.178
533.652
586.44
659.023
736.556
797.592
851.204
942.758
1048.33
921.313
625.206
448.697
299.406
66.8096
-269.713
-547.674
-644.177
-788.519
-1087.92
-1340.32
-1398.05
-1382.38
-1437.64
-1530.85
-1543.22
-1602.61
-1731.28
-1646.32
-1687.56
-1911.09
-1958.1
-2017.49
-2140.38
-2118.11
-2065.32
-2097.49
-1872.32
-1714.78
-1892.11
-1846.75
-1661.99
-1652.1
-1633.12
-1540.75
-1566.31
-1533.32
-1425.27
-1434.35
-1365.06
-1351.86
-1439.29
-1286.7
-1098.65
-1118.44
-1009.57
-740.68
-433.025
78.357
544.375
657.374
786.044
1153.91
1367.54
1352.69
1278.46
1180.3
1280.93
1509.4
1386.51
1091.22
1137.41
1316.4
1366.71
1397.23
1478.06
1635.6
1803.86
1809.63
1664.47
1566.31
1424.45
1215.77
1076.38
900.693
662.323
550.148
612.009
684.593
711.811
758.001
955.955
1261.13
1389.81
1282.58
1201.75
1230.62
1197.62
1065.65
979.875
963.378
928.736
879.248
852.854
907.291
1038.44
1242.99
1423.62
1435.17
1278.46
1068.95
941.109
777.796
409.106
-11.5473
-316.727
-497.361
-709.337
-1040.91
-1220.72
-1256.19
-1314.75
-1328.77
-1317.22
-1294.13
-1219.07
-1182.78
-1212.47
-1290
-1431.87
-1549.82
-1682.61
-1802.21
-1819.53
-1909.44
-1912.74
-1881.39
-1876.44
-1705.71
-1644.67
-1507.75
-1387.33
-1512.7
-1548.17
-1576.21
-1620.75
-1622.4
-1606.73
-1531.67
-1542.4
-1484.66
-1342.79
-1310.62
-1092.87
-628.505
-123.722
337.347
550.148
623.557
932.036
1321.35
1388.98
1205.87
1150.61
1276.81
1252.89
916.364
555.097
494.061
673.87
699.439
578.192
614.484
753.052
866.051
899.868
896.569
852.854
706.862
521.28
369.515
213.626
-36.2917
-207.027
-113.824
21.4451
0
4.12405
277.136
692.016
915.539
997.196
1164.63
1391.45
1515.18
1449.19
1327.94
1326.29
1325.47
1222.37
1179.48
1247.94
1336.19
1454.14
1619.93
1760.97
1800.56
1747.77
1670.24
1526.72
1223.19
805.015
439.624
169.086
-208.677
-609.535
-826.46
-933.685
-986.473
-1070.6
-1091.22
-956.78
-829.759
-775.322
-730.782
-722.534
-777.796
-869.35
-1011.22
-1124.22
-1221.54
-1338.67
-1423.62
-1435.99
-1375.78
-1412.08
-1413.72
-1239.69
-1294.95
-1409.6
-1344.44
-1474.76
-1614.15
-1636.42
-1763.44
-1864.07
-1812.93
-1763.44
-1791.49
-1600.96
-1183.6
-728.307
-163.312
218.575
334.048
729.132
1250.41
1414.55
1318.87
1267.73
1388.98
1461.56
1240.51
794.292
577.367
686.242
647.476
437.149
404.157
481.689
503.134
503.134
418.179
305.18
173.21
-52.7879
-273.012
-471.791
-741.504
-975.751
-983.999
-899.043
-948.532
-953.481
-706.862
-329.099
5.77367
193.006
410.756
741.504
1005.44
1097
1111.84
1224.02
1321.35
1275.98
1273.51
1376.61
1502.8
1649.62
1799.74
1941.6
2019.14
2018.31
1996.04
1962.22
1836.85
1522.6
1141.54
809.139
435.5
69.2841
-210.327
-427.252
-578.192
-699.439
-795.942
-795.942
-730.782
-642.527
-590.564
-560.871
-517.156
-618.608
-787.694
-890.795
-1000.49
-1132.46
-1216.6
-1312.27
-1406.3
-1418.67
-1437.64
-1479.71
-1456.61
-1402.18
-1402.18
-1409.6
-1442.59
-1513.53
-1577.86
-1629
-1652.1
-1658.69
-1640.55
-1435.99
-965.028
-494.061
-214.451
28.0435
457.77
1033.49
1393.93
1434.35
1526.72
1830.25
1994.39
1729.63
1317.22
1168.76
1222.37
1120.92
832.234
718.41
827.285
867.7
811.613
780.271
741.504
635.104
457.77
257.341
52.7879
-247.443
-607.06
-805.015
-865.226
-1071.43
-1349.39
-1317.22
-1020.29
-797.592
-719.235
-551.798
-166.612
201.254
326.625
350.544
519.63
704.388
710.986
633.454
607.885
671.396
753.877
829.759
918.014
1017.82
1141.54
1254.54
1314.75
1265.26
1068.95
913.065
795.942
527.054
146.816
-171.561
-329.099
-479.215
-729.957
-932.86
-967.502
-861.102
-773.672
-748.103
-651.6
-461.069
-334.048
-302.705
-302.705
-347.245
-423.952
-526.229
-680.468
-819.861
-911.415
-983.999
-991.422
-960.079
-988.123
-1055.76
-1031.01
-1024.41
-1143.19
-1188.55
-1150.61
-1073.08
-978.225
-938.634
-696.965
-233.421
82.481
202.903
427.252
913.065
1355.16
1458.26
1429.4
1611.68
1957.27
2019.96
1662.82
1376.61
1368.36
1310.62
1007.09
696.965
640.878
704.388
672.22
557.572
559.221
607.06
490.762
287.859
77.5322
-146.816
-461.069
-767.074
-908.941
-1028.54
-1229.79
-1395.58
-1345.27
-1123.39
-1021.12
-1029.36
-885.021
-602.936
-371.989
-280.435
-159.188
109.7
301.056
293.632
267.239
353.844
455.295
470.142
440.449
497.361
680.468
811.613
815.737
805.015
829.759
812.438
710.986
503.959
233.421
24.7443
-117.948
-272.187
-462.719
-663.972
-751.402
-695.315
-642.527
-614.484
-557.572
-428.077
-291.983
-249.918
-251.567
-244.969
-214.451
-239.195
-346.42
-466.018
-519.63
-551.798
-596.338
-646.651
-740.68
-842.956
-883.372
-850.379
-883.372
-958.43
-1004.62
-991.422
-913.065
-829.759
-668.096
-367.041
15.6714
250.742
461.894
972.451
1525.07
1802.21
1896.24
2044.7
2345.76
2521.45
2272.35
1878.92
1758.5
1718.9
1387.33
948.532
726.658
696.14
684.593
612.009
580.666
663.147
704.388
563.345
376.113
204.553
-90.7291
-450.346
-731.607
-1012.04
-1310.62
-1544.04
-1629.83
-1540.75
-1465.69
-1464.86
-1327.94
-1007.09
-718.41
-560.046
-405.807
-178.984
-19.7954
-35.4668
-128.67
-146.816
-81.6562
-72.5833
-164.962
-202.903
-84.9555
60.2112
152.59
209.502
239.195
284.56
310.953
241.669
84.9555
-101.452
-257.341
-398.383
-583.141
-797.592
-977.4
-1019.47
-962.554
-965.853
-960.904
-853.679
-724.183
-587.265
-471.791
-409.931
-279.611
-103.101
-96.5028
-200.429
-215.275
-240.845
-334.873
-378.588
-444.573
-552.623
-560.046
-582.316
-677.169
-661.498
-602.936
-613.659
-591.389
-524.579
-376.113
-14.0218
377.763
546.849
725.008
1173.71
1694.16
2000.99
2057.9
2118.94
2401.02
2664.96
2469.48
2074.4
1994.39
2032.33
1849.22
1494.56
1214.12
1172.06
1226.49
1128.34
996.371
1021.12
1044.21
942.758
817.387
698.614
499.01
259.815
43.7149
-171.561
-419.828
-723.359
-927.087
-945.233
-963.378
-1089.57
-1123.39
-959.254
-787.694
-706.038
-605.411
-414.055
-232.597
-212.801
-308.479
-366.216
-362.917
-397.559
-499.01
-618.608
-663.147
-651.6
-651.6
-620.257
-605.411
-629.33
-616.133
-620.257
-676.344
-754.701
-875.124
-993.072
-1074.73
-1203.4
-1371.66
-1469.81
-1485.48
-1500.33
-1525.07
-1489.61
-1430.22
-1336.19
-1186.9
-1104.42
-1003.79
-791.818
-639.228
-597.163
-547.674
-485.813
-467.667
-448.697
-460.244
-530.353
-555.097
-578.192
-635.104
-604.586
-545.2
-550.973
-459.419
-301.056
-143.517
208.677
629.33
893.27
1143.19
1513.53
1921.81
2290.5
2461.23
2438.14
2613.82
2934.68
2907.46
2541.24
2286.37
2261.63
2188.22
1891.29
1551.47
1447.54
1521.77
1491.26
1314.75
1286.7
1389.81
1370.01
1260.31
1111.84
955.955
821.511
622.732
399.208
237.545
14.8466
-232.597
-311.778
-348.895
-472.616
-569.119
-541.076
-423.952
-353.844
-343.946
-264.764
-96.5028
4.94886
-32.1676
-111.349
-130.32
-145.167
-267.239
-426.427
-526.229
-580.666
-652.425
-760.475
-836.358
-882.547
-946.882
-1037.61
-1126.69
-1183.6
-1264.43
-1373.31
-1436.82
-1503.63
-1624.05
-1725.5
-1793.96
-1857.47
-1883.04
-1911.09
-1955.63
-1923.46
-1828.6
-1781.59
-1730.45
-1600.96
-1483.83
-1363.41
-1231.44
-1127.52
-996.371
-942.758
-962.554
-883.372
-814.913
-868.525
-898.218
-917.189
-963.378
-913.89
-842.131
-786.869
-616.133
-376.113
-112.999
333.223
830.584
1120.92
1444.24
1986.14
2477.73
2718.57
2771.36
2865.39
3150.78
3313.26
3029.53
2659.19
2636.09
2644.34
2311.94
1882.22
1675.19
1685.09
1652.92
1428.57
1269.38
1383.21
1501.15
1422.8
1316.4
1290
1226.49
1081.33
920.488
781.095
624.381
375.289
173.21
127.846
32.9924
-166.612
-255.691
-174.035
-77.5322
-90.7291
-135.269
-37.9413
133.619
161.663
100.627
101.452
156.714
123.722
-47.0142
-189.706
-237.545
-307.654
-444.573
-597.163
-715.111
-800.066
-912.24
-1026.89
-1114.32
-1188.55
-1308.15
-1434.35
-1539.92
-1689.21
-1835.2
-1944.08
-2062.03
-2179.97
-2288.85
-2355.66
-2346.59
-2334.21
-2354.01
-2339.16
-2231.11
-2106.57
-2038.11
-1951.5
-1772.52
-1578.69
-1454.97
-1359.29
-1274.33
-1224.02
-1157.21
-1101.95
-1120.09
-1085.45
-985.648
-964.203
-924.612
-765.424
-610.36
-485.813
-217.75
208.677
605.411
937.809
1288.35
1746.12
2278.13
2673.21
2829.1
2956.94
3229.96
3444.41
3334.71
3057.57
2969.32
2980.04
2763.11
2354.83
2059.55
1988.62
1941.6
1742
1531.67
1506.93
1593.53
1572.09
1464.04
1424.45
1414.55
1331.24
1177.83
1009.57
832.234
618.608
416.529
281.26
123.722
-100.627
-259.815
-278.786
-263.114
-315.902
-350.544
-284.56
-155.064
-84.1306
-112.999
-87.4299
24.7443
62.6856
-1.64962
-67.6344
-82.481
-100.627
-156.714
-221.874
-274.662
-334.873
-453.646
-606.236
-741.504
-867.7
-1010.39
-1168.76
-1346.92
-1536.62
-1708.18
-1850.87
-1985.32
-2153.58
-2304.52
-2384.53
-2420.82
-2432.37
-2420.82
-2393.6
-2360.61
-2274.83
-2195.65
-2163.48
-2077.7
-1935.83
-1812.93
-1682.61
-1587.76
-1530.85
-1405.48
-1252.06
-1179.48
-1151.44
-1082.15
-998.845
-925.437
-861.927
-778.621
-611.184
-425.602
-261.465
35.4668
459.419
808.314
1097
1471.46
1978.72
2467.83
2718.57
2818.38
3023.75
3316.56
3397.39
3145
2904.98
2871.99
2774.66
2438.14
2045.53
1839.33
1807.16
1712.31
1493.73
1384.86
1478.88
1586.94
1552.29
1481.36
1475.59
1454.97
1371.66
1199.27
1026.06
889.145
681.293
449.522
269.713
89.0795
-96.5028
-216.1
-288.684
-349.72
-427.252
-492.412
-447.872
-357.143
-314.253
-297.757
-241.669
-131.145
-64.3352
-59.3863
-30.518
57.7367
165.787
223.524
231.772
262.29
286.209
220.224
59.3863
-141.867
-367.865
-638.403
-911.415
-1195.15
-1490.43
-1737.05
-1962.22
-2165.95
-2344.11
-2509.9
-2597.33
-2573.41
-2519.8
-2492.58
-2434.84
-2331.74
-2212.14
-2119.76
-2071.92
-2033.98
-1963.05
-1887.99
-1847.58
-1760.97
-1620.75
-1546.52
-1488.78
-1379.91
-1289.18
-1186.08
-1082.15
-1025.24
-908.941
-721.709
-607.06
-525.404
-344.771
-131.145
122.897
499.01
852.029
1106.9
1440.94
1869.84
2238.54
2509.07
2678.16
2792.81
2988.29
3155.72
3026.23
2791.16
2745.79
2721.05
2510.72
2217.09
2005.11
1933.36
1908.61
1764.27
1600.13
1643.85
1751.9
1712.31
1624.05
1561.37
1494.56
1393.93
1213.3
972.451
752.227
546.849
311.778
98.1524
-84.9555
-306.005
-496.536
-579.017
-651.6
-759.65
-808.314
-759.65
-663.972
-558.397
-456.12
-323.326
-130.32
40.4157
145.991
290.333
482.514
624.381
705.213
757.176
784.395
758.825
631.805
387.661
94.8532
-183.108
-522.105
-916.364
-1271.86
-1620.75
-1919.33
-2137.08
-2339.99
-2506.6
-2580.01
-2596.5
-2598.15
-2555.26
-2470.31
-2385.35
-2282.25
-2177.5
-2105.74
-2017.49
-1936.65
-1899.54
-1870.67
-1812.93
-1737.05
-1615.8
-1445.07
-1300.73
-1176.18
-1025.24
-856.153
-696.965
-551.798
-425.602
-321.676
-204.553
-93.2036
-29.6932
37.9413
137.743
216.925
348.895
615.308
835.533
945.233
1151.44
1491.26
1827.78
2017.49
2082.65
2245.13
2580.83
2805.18
2672.39
2500
2608.87
2706.2
2535.47
2293.8
2174.2
2175.02
2104.09
1851.7
1629.83
1597.66
1565.49
1383.21
1169.58
1042.56
901.518
706.862
523.755
339.822
138.568
-75.0577
-263.939
-386.011
-489.937
-664.797
-783.57
-749.753
-715.935
-757.176
-761.3
-656.549
-498.185
-362.917
-274.662
-138.568
61.8608
244.144
358.792
450.346
575.718
673.87
727.483
741.504
699.439
621.907
495.711
277.961
-0.82481
-276.311
-584.79
-939.459
-1248.76
-1543.22
-1848.4
-2043.88
-2152.75
-2274.83
-2352.36
-2330.09
-2272.35
-2184.92
-2043.88
-1933.36
-1844.28
-1680.14
-1535.8
-1499.51
-1442.59
-1357.64
-1325.47
-1285.88
-1215.77
-1145.66
-993.072
-795.117
-671.396
-527.879
-310.129
-139.393
-36.2917
84.9555
164.137
191.356
215.275
179.809
111.349
98.1524
59.3863
-58.5615
-81.6562
43.7149
186.407
296.107
414.88
654.899
1049.16
1403.83
1574.56
1732.93
2048.83
2408.45
2557.74
2466.18
2431.54
2538.77
2518.97
2230.29
1907.79
1776.64
1676.84
1395.58
1015.34
750.577
663.147
576.542
338.172
134.444
110.525
87.4299
-12.3722
-80.8314
-111.349
-158.364
-216.925
-276.311
-291.158
-290.333
-346.42
-389.31
-352.194
-306.829
-314.253
-297.757
-189.706
-72.5833
-32.9924
-14.8466
76.7074
208.677
284.56
277.961
279.611
339.822
367.041
317.552
240.845
183.108
135.269
42.0653
-118.773
-289.508
-442.923
-611.184
-805.84
-1035.14
-1229.79
-1343.62
-1421.97
-1475.59
-1517.65
-1514.35
-1445.89
-1365.89
-1289.18
-1203.4
-1086.28
-942.758
-832.234
-765.424
-698.614
-637.578
-596.338
-550.148
-524.579
-547.674
-501.485
-407.456
-351.369
-248.268
-105.576
24.7443
151.765
241.669
294.457
355.493
403.332
358.792
262.29
188.882
91.5539
-42.8901
-181.458
-300.231
-389.31
-419.004
-357.968
-216.925
-83.3058
34.642
254.866
591.389
914.715
1089.57
1197.62
1417.85
1686.74
1728.8
1510.23
1365.06
1375.78
1264.43
939.459
610.36
470.142
444.573
301.881
70.1089
-12.3722
94.0284
171.561
110.525
99.802
202.079
303.53
320.851
288.684
294.457
306.005
259.815
159.188
85.7803
33.8172
-51.1382
-117.948
-156.714
-211.976
-277.961
-315.902
-324.975
-328.274
-340.647
-353.844
-336.523
-298.581
-282.085
-273.012
-217.75
-131.97
-67.6344
0
100.627
201.254
298.581
382.712
431.376
469.317
506.434
503.134
406.631
282.91
170.736
48.6638
-88.2547
-262.29
-444.573
-564.995
-629.33
-709.337
-783.57
-787.694
-748.928
-706.038
-650.775
-590.564
-526.229
-461.894
-431.376
-440.449
-430.551
-408.281
-402.507
-385.186
-325.8
-257.341
-179.809
-65.16
33.8172
112.999
197.954
258.166
273.837
260.64
215.275
104.751
-32.1676
-164.962
-340.647
-534.477
-706.038
-891.62
-1076.38
-1231.44
-1307.32
-1253.71
-1156.38
-1141.54
-1109.37
-878.423
-545.2
-288.684
-139.393
34.642
371.989
728.307
843.781
842.131
1011.22
1256.19
1309.8
1193.5
1168.76
1270.21
1309.8
1189.38
1020.29
1028.54
1125.87
1059.06
885.021
830.584
856.153
794.292
649.951
524.579
442.098
349.72
206.203
62.6856
-18.1458
-103.101
-226.823
-331.574
-394.259
-441.274
-503.959
-517.981
-462.719
-411.58
-389.31
-342.296
-211.151
-28.0435
125.371
261.465
451.996
685.417
880.073
1013.69
1128.34
1254.54
1338.67
1325.47
1238.04
1162.98
1097.82
921.313
661.498
423.952
236.721
59.3863
-167.436
-419.828
-592.214
-681.293
-772.022
-899.868
-989.772
-987.298
-973.276
-983.174
-965.028
-908.116
-849.555
-796.767
-767.898
-765.424
-720.884
-670.571
-650.775
-619.433
-583.141
-558.397
-508.908
-443.748
-414.88
-423.128
-435.5
-447.872
-492.412
-582.316
-726.658
-885.846
-1012.87
-1179.48
-1414.55
-1614.98
-1768.39
-1925.93
-2075.22
-2200.59
-2250.91
-2208.84
-2153.58
-2078.52
-1878.09
-1572.09
-1309.8
-1053.28
-672.22
-206.203
222.699
521.28
790.168
1194.33
1657.04
1903.66
1920.16
2023.26
2256.68
2344.11
2218.74
2087.59
2070.27
2077.7
1961.4
1751.9
1674.36
1749.42
1734.58
1593.53
1534.15
1589.41
1599.31
1523.42
1455.79
1420.32
1352.69
1238.04
1106.9
1025.24
954.306
791.818
643.352
596.338
549.324
441.274
353.844
343.946
342.296
305.18
263.114
270.538
342.296
374.464
333.223
320.851
365.391
408.281
412.405
386.011
382.712
390.96
351.369
275.487
211.976
175.685
105.576
-26.3939
-183.108
-328.274
-448.697
-594.688
-776.146
-959.254
-1112.67
-1223.19
-1315.57
-1426.1
-1487.13
-1486.31
-1505.28
-1501.15
-1466.51
-1444.24
-1386.51
-1309.8
-1287.53
-1311.45
-1334.54
-1366.71
-1436.82
-1537.45
-1639.72
-1726.33
-1795.61
-1886.34
-1975.42
-1984.49
-1958.92
-1940.78
-1915.21
-1850.87
-1720.55
-1591.88
-1516.83
-1456.61
-1370.01
-1280.11
-1252.89
-1274.33
-1279.28
-1271.86
-1269.38
-1261.96
-1251.24
-1220.72
-1154.73
-1029.36
-782.745
-473.441
-210.327
42.0653
434.675
947.707
1394.75
1724.68
2062.85
2523.92
3027.05
3342.13
3422.14
3561.53
3837.02
3987.13
3886.51
3749.59
3747.94
3756.19
3624.22
3379.25
3219.23
3218.41
3144.18
2887.66
2653.41
2549.49
2426.59
2165.13
1849.22
1600.13
1383.21
1101.95
756.351
452.821
242.494
16.4962
-248.268
-456.12
-592.214
-692.016
-767.074
-792.643
-779.446
-746.453
-696.965
-644.177
-573.243
-499.01
-442.098
-395.909
-327.45
-271.363
-263.114
-268.063
-252.392
-237.545
-280.435
-372.814
-465.193
-514.682
-565.82
-693.665
-848.73
-969.152
-1073.9
-1229.79
-1429.4
-1601.78
-1737.88
-1883.04
-2046.35
-2195.65
-2320.19
-2416.69
-2516.5
-2621.25
-2682.28
-2716.1
-2750.74
-2773.84
-2769.71
-2729.3
-2669.91
-2617.12
-2556.91
-2487.63
-2415.04
-2314.42
-2193.17
-2058.73
-1918.51
-1779.94
-1605.91
-1403.83
-1199.27
-983.174
-740.68
-480.04
-218.575
43.7149
298.581
532.003
729.132
862.752
959.254
1043.39
1099.47
1101.12
1063.18
1035.14
1039.26
1036.79
1010.39
1015.34
1083.8
1240.51
1456.61
1674.36
1900.36
2157.7
2481.03
2847.25
3173.87
3408.12
3586.28
3804.85
4039.92
4134.77
4040.75
3904.65
3832.07
3741.34
3522.76
3236.56
3008.91
2830.75
2616.3
2321.02
2057.9
1930.06
1810.46
1572.91
1298.25
1102.77
943.583
736.556
463.543
173.21
-80.0066
-322.501
-591.389
-858.628
-1080.5
-1278.46
-1464.04
-1618.28
-1730.45
-1802.21
-1828.6
-1812.93
-1789.84
-1755.2
-1691.69
-1612.5
-1519.3
-1440.94
-1416.2
-1407.13
-1378.26
-1364.24
-1405.48
-1492.91
-1579.51
-1666.12
-1775.82
-1894.59
-2009.24
-2105.74
-2195.65
-2308.64
-2420.82
-2465.36
-2454.64
-2441.44
-2448.04
-2458.76
-2434.02
-2370.5
-2316.07
-2297.92
-2285.55
-2232.76
-2155.23
-2068.62
-1964.7
-1852.52
-1720.55
-1573.74
-1425.27
-1257.01
-1051.63
-817.387
-588.915
-380.238
-151.765
116.298
386.836
639.228
876.773
1112.67
1363.41
1633.12
1881.39
2083.47
2266.58
2451.34
2614.65
2728.47
2780.44
2791.16
2763.94
2683.93
2558.56
2400.2
2235.24
2048
1813.76
1573.74
1366.71
1185.25
1028.54
880.897
729.132
617.783
562.521
511.382
474.266
519.63
653.25
800.066
908.941
1016.99
1198.45
1459.91
1695.81
1837.68
1962.22
2150.28
2360.61
2474.43
2426.59
2311.12
2231.94
2117.29
1876.44
1563.02
1274.33
1020.29
734.906
395.084
67.6344
-174.86
-373.639
-602.936
-844.606
-1024.41
-1144.01
-1263.61
-1393.1
-1525.07
-1655.39
-1772.52
-1895.41
-2037.28
-2184.92
-2334.21
-2476.08
-2589.9
-2684.76
-2773.01
-2827.45
-2834.87
-2839.82
-2835.7
-2778.79
-2682.28
-2556.91
-2415.04
-2276.48
-2109.86
-1894.59
-1666.94
-1460.74
-1280.11
-1097
-921.313
-763.774
-630.98
-520.455
-414.055
-320.026
-260.64
-229.297
-191.356
-123.722
-61.8608
-4.94886
70.1089
150.94
258.99
388.486
501.485
626.856
764.599
892.445
1016.99
1120.92
1199.27
1262.78
1323
1345.27
1324.65
1304.03
1286.7
1280.11
1280.11
1275.16
1276.81
1308.15
1363.41
1411.25
1450.84
1497.86
1530.85
1525.9
1495.38
1435.17
1372.48
1300.73
1200.1
1092.05
981.524
866.876
746.453
628.505
535.302
445.398
352.194
267.239
192.181
132.794
71.7585
-27.2187
-134.444
-250.742
-380.238
-513.857
-654.899
-780.271
-893.27
-997.196
-1094.52
-1160.51
-1174.53
-1134.94
-1029.36
-875.949
-713.461
-526.229
-277.136
-12.3722
231.772
428.077
603.761
806.664
993.072
1081.33
1045.03
997.196
959.254
847.905
664.797
456.12
261.465
91.5539
-95.678
-314.253
-487.463
-609.535
-739.03
-897.394
-1027.71
-1106.07
-1181.13
-1254.54
-1340.32
-1436.82
-1515.18
-1576.21
-1637.25
-1680.14
-1714.78
-1763.44
-1767.57
-1723.85
-1671.89
-1596.01
-1468.99
-1301.55
-1120.92
-934.51
-731.607
-486.638
-223.524
27.2187
251.567
478.39
721.709
934.51
1114.32
1271.03
1403.83
1508.58
1581.99
1629.83
1656.22
1661.99
1637.25
1580.34
1510.23
1444.24
1378.26
1298.25
1203.4
1119.27
1042.56
967.502
898.218
828.934
749.753
676.344
613.659
543.55
470.967
386.011
279.611
178.984
104.751
23.0947
-69.2841
-141.043
-193.006
-252.392
-313.428
-346.42
-348.895
-350.544
-369.515
-386.011
-372.814
-345.596
-345.596
-365.391
-368.69
-371.989
-392.61
-425.602
-451.996
-470.967
-497.361
-536.127
-571.594
-597.163
-626.856
-665.622
-697.79
-719.235
-750.577
-784.395
-801.716
-795.942
-765.424
-749.753
-743.979
-720.059
-682.943
-640.878
-605.411
-583.141
-558.397
-520.455
-487.463
-469.317
-438.799
-412.405
-376.938
-297.757
-197.954
-119.597
-27.2187
120.422
290.333
450.346
582.316
697.79
836.358
986.473
1064.01
1049.98
1051.63
1080.5
1041.74
954.306
858.628
762.125
686.242
602.112
474.266
376.113
343.946
284.56
194.655
130.32
75.0577
26.3939
-9.89772
-59.3863
-124.546
-171.561
-207.852
-258.166
-293.632
-302.705
-321.676
-332.399
-300.231
-268.888
-237.545
-176.509
-108.875
-30.518
65.16
149.291
221.049
315.902
423.952
502.309
576.542
650.775
703.563
746.453
774.497
776.146
775.322
773.672
750.577
701.914
647.476
597.987
537.776
468.492
397.559
334.873
280.435
213.626
134.444
52.7879
-28.8684
-108.875
-196.305
-307.654
-418.179
-531.178
-654.075
-762.95
-849.555
-936.984
-1010.39
-1038.44
-1053.28
-1061.53
-1031.01
-987.298
-934.51
-847.08
-758.001
-688.717
-612.009
-545.2
-507.258
-468.492
-427.252
-401.683
-390.96
-371.989
-348.895
-333.223
-292.808
-242.494
-203.728
-147.641
-86.6051
-33.8172
27.2187
97.3276
140.218
164.962
197.13
208.677
200.429
192.181
158.364
119.597
86.6051
33.8172
-38.7661
-108.875
-169.911
-233.421
-290.333
-341.471
-396.734
-439.624
-473.441
-503.134
-517.981
-512.207
-481.689
-437.974
-369.515
-280.435
-169.086
-54.4375
56.0871
198.779
338.997
475.091
601.287
692.016
776.971
867.7
922.138
921.313
913.065
908.941
877.598
819.861
761.3
715.935
692.016
663.972
620.257
591.389
600.462
611.184
589.739
573.243
570.769
568.294
563.345
546.024
524.579
510.558
491.587
453.646
423.128
405.807
388.486
377.763
373.639
373.639
383.537
404.157
424.777
437.974
468.492
494.061
492.412
484.164
461.894
427.252
373.639
296.932
216.1
122.897
7.42329
-121.247
-244.144
-364.566
-485.813
-607.885
-723.359
-818.212
-903.992
-989.772
-1052.46
-1102.77
-1145.66
-1176.18
-1191.03
-1173.71
-1154.73
-1145.66
-1116.79
-1063.18
-1001.32
-948.532
-898.218
-828.934
-739.03
-659.848
-601.287
-522.93
-419.828
-328.274
-254.866
-181.458
-105.576
-32.1676
28.0435
67.6344
111.349
159.188
178.984
174.035
150.115
120.422
87.4299
41.2405
-19.7954
-80.8314
-128.67
-182.283
-240.845
-302.705
-354.668
-390.96
-425.602
-457.77
-497.361
-526.229
-541.9
-549.324
-551.798
-547.674
-532.827
-525.404
-510.558
-475.916
-423.952
-365.391
-332.399
-299.406
-233.421
-155.889
-89.9043
-27.2187
31.3428
97.3276
175.685
242.494
310.953
418.179
526.229
645.002
807.489
993.896
1173.71
1345.27
1539.92
1747.77
1931.71
2048
2124.71
2230.29
2334.21
2330.09
2226.99
2123.06
2038.93
1916.03
1703.23
1454.14
1248.76
1075.55
878.423
640.053
453.646
343.121
225.173
82.481
-31.3428
-108.875
-167.436
-232.597
-315.078
-379.413
-433.025
-502.309
-585.615
-643.352
-697.79
-769.548
-823.985
-857.803
-876.773
-897.394
-932.86
-953.481
-943.583
-920.488
-914.715
-906.467
-875.949
-844.606
-825.635
-806.664
-780.271
-745.629
-721.709
-710.986
-698.614
-693.665
-695.315
-717.585
-753.052
-772.847
-790.993
-819.861
-838.007
-842.131
-836.358
-824.81
-815.737
-790.993
-747.278
-698.614
-657.374
-621.907
-574.893
-527.879
-492.412
-465.193
-436.325
-404.982
-368.69
-344.771
-322.501
-289.508
-254.866
-221.049
-178.984
-116.298
-52.7879
10.7225
98.9772
197.13
285.384
378.588
478.39
574.068
671.396
751.402
814.088
876.773
929.561
957.605
976.575
993.896
998.845
982.349
958.43
932.036
908.116
891.62
854.503
820.686
803.365
793.468
783.57
762.95
734.081
701.914
661.498
607.06
539.426
461.894
393.435
308.479
220.224
141.867
50.3134
-45.3646
-144.342
-242.494
-329.099
-396.734
-456.12
-498.185
-517.981
-526.229
-525.404
-508.908
-476.74
-436.325
-375.289
-315.902
-259.815
-194.655
-136.094
-87.4299
-42.8901
-8.2481
18.9706
49.4886
72.5833
62.6856
52.7879
36.2917
-2.47443
-43.7149
-89.0795
-136.094
-173.21
-201.254
-226.823
-237.545
-227.648
-221.049
-222.699
-220.224
-220.224
-221.874
-208.677
-196.305
-188.882
-176.509
-167.436
-160.838
-137.743
-117.123
-115.473
-103.926
-89.9043
-78.357
-58.5615
-30.518
4.94886
57.7367
117.948
172.385
230.122
293.632
354.668
398.383
436.325
461.894
466.018
470.967
459.419
435.5
416.529
389.31
350.544
312.603
270.538
225.998
194.655
176.509
155.064
139.393
133.619
125.371
127.846
139.393
144.342
151.765
166.612
179.809
178.984
173.21
169.911
152.59
131.97
109.7
70.9337
42.0653
20.6203
-7.42329
-28.0435
-35.4668
-45.3646
-61.8608
-73.4081
-92.3788
-114.649
-143.517
-192.181
-252.392
-314.253
-388.486
-476.74
-569.119
-663.972
-758.825
-853.679
-955.13
-1059.06
-1152.26
-1233.09
-1306.5
-1367.54
-1407.95
-1421.15
-1417.85
-1398.88
-1367.54
-1326.29
-1272.68
-1214.12
-1145.66
-1074.73
-1001.32
-922.963
-833.058
-733.256
-622.732
-513.857
-400.033
-279.611
-169.086
-63.5104
30.518
122.897
216.1
297.757
376.113
447.872
520.455
603.761
696.965
796.767
900.693
1016.99
1139.06
1254.54
1360.94
1454.97
1543.22
1627.35
1694.99
1727.15
1743.65
1746.95
1732.1
1704.06
1657.87
1616.63
1580.34
1545.69
1505.28
1467.34
1442.59
1421.15
1400.53
1379.91
1360.11
1339.49
1308.97
1258.66
1188.55
1105.25
1016.17
909.766
795.117
679.644
563.345
455.295
343.946
238.37
139.393
52.7879
-25.5691
-111.349
-193.006
-274.662
-361.267
-451.171
-556.747
-668.921
-768.723
-866.876
-961.729
-1052.46
-1142.36
-1222.37
-1296.6
-1370.01
-1432.7
-1476.41
-1504.45
-1519.3
-1531.67
-1542.4
-1543.22
-1546.52
-1553.94
-1556.42
-1556.42
-1560.54
-1563.84
-1572.09
-1582.81
-1576.21
-1559.72
-1541.57
-1506.1
-1448.37
-1384.03
-1305.67
-1210.82
-1125.87
-1031.84
-922.138
-828.11
-746.453
-657.374
-581.491
-517.981
-455.295
-409.931
-373.639
-323.326
-273.012
-230.122
-185.582
-132.794
-79.1818
-27.2187
25.5691
70.1089
115.473
176.509
231.772
282.91
349.72
427.252
506.434
584.79
657.374
723.359
798.416
876.773
948.532
1024.41
1101.95
1173.71
1233.92
1284.23
1330.42
1359.29
1378.26
1388.16
1384.86
1379.91
1368.36
1337.84
1299.9
1257.01
1206.7
1153.08
1106.9
1069.78
1035.96
1007.09
981.524
966.678
966.678
965.853
967.502
983.174
1015.34
1039.26
1051.63
1069.78
1085.45
1086.28
1082.98
1055.76
1010.39
971.627
908.941
805.84
701.914
607.06
491.587
363.741
238.37
114.649
6.59848
-90.7291
-203.728
-317.552
-391.785
-473.441
-580.666
-669.746
-753.052
-844.606
-927.087
-1014.52
-1102.77
-1176.18
-1249.59
-1338.67
-1424.45
-1487.96
-1544.04
-1594.36
-1630.65
-1652.92
-1652.92
-1631.47
-1601.78
-1558.89
-1492.08
-1418.67
-1352.69
-1278.46
-1199.27
-1126.69
-1049.16
-980.699
-921.313
-859.452
-802.54
-762.95
-729.957
-690.366
-659.023
-625.206
-582.316
-544.375
-495.711
-434.675
-377.763
-313.428
-230.947
-145.991
-70.1089
4.12405
84.1306
159.188
231.772
294.457
355.493
416.529
462.719
486.638
508.083
529.528
533.652
544.375
549.324
544.375
554.273
564.995
555.922
555.097
570.769
576.542
583.966
602.936
621.907
640.878
667.272
677.169
687.067
715.935
725.008
725.833
728.307
717.585
708.512
695.315
668.096
649.951
630.98
605.411
579.017
550.973
519.63
489.113
466.018
431.376
392.61
350.544
312.603
272.187
223.524
178.984
127.021
69.2841
14.8466
-40.4157
-94.0284
-139.393
-179.809
-224.348
-262.29
-294.457
-330.749
-359.617
-385.186
-408.281
-422.303
-433.025
-436.325
-432.201
-423.952
-419.828
-401.683
-375.289
-345.596
-301.881
-252.392
-195.48
-125.371
-56.9119
13.197
89.9043
165.787
243.319
311.778
373.639
433.025
477.565
511.382
532.827
534.477
531.178
522.105
506.434
483.339
447.047
406.631
357.143
305.18
254.042
202.903
155.064
110.525
70.1089
29.6932
-16.4962
-57.7367
-92.3788
-120.422
-145.167
-165.787
-183.933
-203.728
-222.699
-245.793
-263.939
-273.012
-281.26
-281.26
-282.91
-282.91
-277.136
-277.136
-285.384
-289.508
-297.757
-315.078
-333.223
-353.844
-381.887
-414.88
-453.646
-503.134
-549.324
-598.812
-644.177
-673.87
-689.541
-694.49
-689.541
-673.87
-648.301
-610.36
-560.046
-503.959
-449.522
-394.259
-352.194
-324.975
-303.53
-288.684
-280.435
-273.012
-260.64
-255.691
-253.217
-254.042
-258.166
-246.618
-221.874
-192.181
-145.991
-95.678
-48.6638
-0.82481
51.1382
105.576
156.714
202.903
234.246
256.516
277.961
298.581
312.603
317.552
334.048
344.771
361.267
387.661
414.055
454.47
488.288
519.63
554.273
587.265
623.557
645.002
674.695
705.213
718.41
729.132
729.132
713.461
696.965
680.468
654.899
626.856
595.513
554.273
506.434
465.193
428.077
395.084
362.092
329.099
295.282
268.063
245.793
229.297
218.575
207.852
193.006
181.458
171.561
158.364
152.59
147.641
136.094
129.495
125.371
113.824
101.452
90.7291
75.8825
62.6856
46.1894
26.3939
9.89772
-12.3722
-35.4668
-57.7367
-78.357
-95.678
-117.123
-136.094
-153.415
-174.035
-192.181
-213.626
-239.195
-262.29
-287.034
-316.727
-347.245
-380.238
-416.529
-451.171
-490.762
-526.229
-553.448
-577.367
-597.987
-600.462
-597.163
-596.338
-581.491
-570.769
-552.623
-531.178
-513.857
-493.237
-475.916
-461.894
-456.12
-447.047
-443.748
-443.748
-435.5
-431.376
-423.952
-409.106
-400.033
-391.785
-370.34
-352.194
-323.326
-288.684
-255.691
-210.327
-171.561
-131.97
-88.2547
-53.6127
-19.7954
9.07291
27.2187
47.0142
63.5104
70.1089
82.481
88.2547
95.678
104.751
112.174
124.546
133.619
152.59
165.787
184.758
210.327
222.699
244.969
257.341
266.414
281.26
284.56
296.107
304.355
304.355
302.705
293.632
282.085
266.414
254.042
243.319
236.721
227.648
222.699
214.451
212.801
212.801
217.75
226.823
236.721
254.042
268.888
281.26
290.333
294.457
293.632
289.508
281.26
271.363
268.888
258.99
253.217
246.618
240.02
238.37
233.421
235.896
243.319
247.443
250.742
256.516
258.99
264.764
268.063
271.363
273.012
273.837
272.187
263.939
251.567
230.947
208.677
186.407
164.137
146.816
133.619
118.773
112.174
101.452
91.5539
88.2547
78.357
68.4593
60.2112
52.7879
49.4886
42.8901
32.9924
23.0947
1.64962
-18.1458
-42.8901
-74.2329
-103.101
-135.269
-164.962
-197.13
-227.648
-261.465
-290.333
-315.902
-343.946
-362.917
-384.362
-401.683
-414.88
-424.777
-432.201
-436.325
-433.85
-439.624
-442.923
-443.748
-445.398
-450.346
-462.719
-479.215
-500.66
-523.755
-543.55
-561.696
-583.966
-599.637
-615.308
-633.454
-645.002
-656.549
-667.272
-676.344
-677.994
-673.045
-657.374
-630.155
-603.761
-570.769
-532.827
-500.66
-464.368
-426.427
-391.785
-355.493
-321.676
-286.209
-243.319
-203.728
-160.013
-114.649
-70.9337
-18.9706
31.3428
80.0066
131.145
183.108
236.721
291.983
348.07
403.332
461.069
510.558
550.973
592.214
622.732
643.352
663.147
680.468
692.016
707.687
719.235
729.957
743.154
754.701
767.074
776.146
782.745
790.993
796.767
808.314
823.985
841.306
854.503
861.927
866.876
872.649
880.073
875.949
868.525
858.628
844.606
826.46
811.613
792.643
768.723
748.103
715.111
684.593
652.425
611.184
565.82
513.857
462.719
404.982
344.771
279.611
208.677
131.97
49.4886
-31.3428
-113.824
-192.181
-270.538
-348.07
-420.653
-486.638
-560.871
-632.629
-694.49
-755.526
-810.789
-864.401
-913.89
-956.78
-996.371
-1035.14
-1068.13
-1097
-1120.92
-1141.54
-1157.21
-1162.98
-1165.46
-1158.03
-1144.01
-1124.22
-1095.35
-1055.76
-1020.29
-979.05
-936.16
-896.569
-848.73
-804.19
-754.701
-705.213
-662.323
-619.433
-578.192
-540.251
-503.959
-471.791
-439.624
-402.507
-375.289
-349.72
-316.727
-287.034
-254.042
-223.524
-199.604
-166.612
-135.269
-95.678
-55.2623
-10.7225
42.8901
90.7291
144.342
198.779
251.567
311.778
373.639
442.923
513.857
585.615
659.848
726.658
797.592
866.876
932.036
993.072
1048.33
1099.47
1139.89
1173.71
1200.92
1231.44
1254.54
1271.86
1281.76
1283.4
1282.58
1267.73
1247.11
1219.89
1186.08
1147.31
1099.47
1041.74
974.101
895.744
807.489
721.709
618.608
514.682
410.756
303.53
205.378
108.875
18.9706
-62.6856
-143.517
-215.275
-274.662
-331.574
-375.289
-415.704
-451.171
-481.689
-516.331
-547.674
-578.192
-607.06
-632.629
-654.075
-670.571
-678.819
-689.541
-697.79
-694.49
-691.191
-676.344
-665.622
-648.301
-633.454
-615.308
-602.112
-591.389
-583.966
-583.966
-575.718
-579.017
-582.316
-589.739
-598.812
-598.812
-599.637
-595.513
-590.564
-585.615
-576.542
-568.294
-558.397
-544.375
-532.827
-511.382
-487.463
-461.894
-435.5
-409.106
-381.887
-353.019
-321.676
-289.508
-253.217
-213.626
-167.436
-118.773
-60.2112
-2.47443
55.2623
116.298
174.86
236.721
297.757
354.668
415.704
472.616
523.755
569.119
605.411
639.228
667.272
693.665
719.235
740.68
755.526
767.898
769.548
767.074
761.3
749.753
739.855
729.132
715.935
705.213
685.417
661.498
635.929
603.761
566.645
519.63
468.492
410.756
354.668
293.632
230.947
174.035
116.298
64.3352
11.5473
-39.5909
-86.6051
-131.97
-169.911
-208.677
-244.969
-277.961
-313.428
-344.771
-376.113
-402.507
-424.777
-440.449
-456.945
-468.492
-476.74
-485.813
-487.463
-490.762
-490.762
-486.638
-478.39
-468.492
-456.12
-443.748
-432.201
-419.004
-408.281
-401.683
-392.61
-388.486
-380.238
-374.464
-371.989
-357.968
-344.771
-322.501
-299.406
-276.311
-249.093
-220.224
-190.531
-156.714
-117.123
-75.8825
-32.1676
14.8466
63.5104
117.123
171.561
226.823
280.435
329.099
376.938
418.179
452.821
479.215
497.361
514.682
527.054
540.251
551.798
562.521
570.769
579.842
579.842
574.068
569.944
561.696
550.148
530.353
503.959
470.967
431.376
392.61
347.245
302.705
255.691
204.553
155.889
108.05
69.2841
33.8172
3.29924
-24.7443
-51.1382
-73.4081
-95.678
-113.824
-134.444
-151.765
-169.086
-183.108
-201.254
-221.874
-238.37
-260.64
-276.311
-292.808
-307.654
-316.727
-335.698
-345.596
-357.143
-373.639
-388.486
-403.332
-413.23
-423.952
-429.726
-437.149
-441.274
-445.398
-452.821
-454.47
-458.595
-458.595
-461.894
-458.595
-453.646
-443.748
-433.85
-424.777
-407.456
-389.31
-366.216
-341.471
-317.552
-293.632
-273.012
-246.618
-225.173
-202.903
-175.685
-149.291
-124.546
-97.3276
-66.8096
-36.2917
-2.47443
32.1676
65.9848
100.627
132.794
169.911
197.954
228.472
259.815
289.508
322.501
347.245
380.238
405.807
434.675
462.719
485.813
506.434
522.105
541.9
551.798
560.871
573.243
580.666
589.739
592.214
597.163
597.163
590.564
585.615
575.718
568.294
553.448
538.601
522.105
504.784
483.339
462.719
444.573
420.653
395.909
374.464
350.544
327.45
298.581
268.888
235.071
197.13
157.539
112.174
70.9337
28.0435
-14.0218
-50.3134
-88.2547
-122.072
-150.115
-177.334
-206.203
-232.597
-258.99
-288.684
-319.202
-353.844
-387.661
-418.179
-453.646
-486.638
-516.331
-541.9
-564.995
-582.316
-596.338
-607.06
-613.659
-615.308
-619.433
-624.381
-627.681
-636.754
-644.177
-648.301
-657.374
-663.147
-668.921
-674.695
-680.468
-681.293
-672.22
-661.498
-636.754
-606.236
-575.718
-532.827
-495.711
-460.244
-421.478
-386.836
-351.369
-309.304
-264.764
-211.976
-155.064
-92.3788
-23.9195
42.0653
109.7
175.685
240.02
304.355
366.216
421.478
477.565
522.93
564.17
607.885
640.053
670.571
697.79
720.884
744.804
767.898
790.168
810.789
826.46
836.358
840.482
836.358
820.686
795.117
758.001
715.111
664.797
612.834
560.046
509.733
465.193
419.828
376.113
334.048
291.983
252.392
203.728
155.889
105.576
53.6127
3.29924
-43.7149
-85.7803
-125.371
-156.714
-184.758
-203.728
-214.451
-219.4
-217.75
-207.027
-198.779
-187.232
-178.984
-178.159
-178.159
-186.407
-198.779
-211.151
-221.874
-226.823
-228.472
-225.173
-219.4
-213.626
-208.677
-202.079
-200.429
-203.728
-207.027
-215.275
-224.348
-235.071
-253.217
-273.837
-291.158
-312.603
-329.924
-345.596
-357.968
-365.391
-367.041
-365.391
-356.318
-346.42
-328.274
-303.53
-279.611
-252.392
-223.524
-193.83
-166.612
-141.043
-117.948
-91.5539
-66.8096
-43.7149
-18.1458
2.47443
24.7443
47.0142
65.9848
82.481
100.627
108.05
114.649
111.349
105.576
94.8532
76.7074
61.8608
47.839
34.642
28.0435
22.2699
18.1458
13.197
13.197
14.8466
15.6714
21.4451
22.2699
25.5691
23.0947
18.9706
9.89772
4.12405
-3.29924
-5.77367
-4.12405
2.47443
9.07291
15.6714
21.4451
26.3939
35.4668
42.0653
48.6638
54.4375
61.036
65.9848
75.0577
85.7803
100.627
120.422
146.816
175.685
207.027
234.246
256.516
268.063
273.837
271.363
258.99
243.319
225.173
205.378
184.758
167.436
154.24
144.342
134.444
128.67
123.722
117.123
110.525
98.9772
80.0066
57.7367
33.8172
5.77367
-23.9195
-55.2623
-87.4299
-115.473
-139.393
-160.013
-170.736
-178.984
-178.159
-169.086
-151.765
-135.269
-116.298
-97.3276
-80.8314
-67.6344
-57.7367
-52.7879
-50.3134
-45.3646
-41.2405
-37.1165
-32.1676
-26.3939
-18.9706
-14.8466
-13.197
-4.12405
9.07291
18.9706
31.3428
42.0653
47.839
56.0871
56.0871
57.7367
57.7367
53.6127
56.9119
55.2623
50.3134
45.3646
35.4668
23.9195
12.3722
-2.47443
-19.7954
-37.9413
-53.6127
-67.6344
-81.6562
-93.2036
-98.1524
-101.452
-103.926
-98.9772
-89.9043
-77.5322
-66.8096
-58.5615
-49.4886
-46.1894
-45.3646
-44.5398
-52.7879
-57.7367
-61.036
-69.2841
-73.4081
-75.8825
-83.3058
-89.9043
-93.2036
-98.1524
-100.627
-97.3276
-95.678
-92.3788
-89.0795
-83.3058
-81.6562
-84.1306
-81.6562
-83.3058
-82.481
-71.7585
-61.8608
-46.1894
-32.1676
-17.321
-2.47443
6.59848
14.0218
22.2699
28.0435
34.642
41.2405
45.3646
54.4375
63.5104
71.7585
84.1306
100.627
114.649
132.794
150.115
165.787
183.108
202.903
221.874
235.896
247.443
256.516
263.939
268.888
274.662
276.311
279.611
286.209
287.859
287.859
285.384
277.961
269.713
256.516
241.669
224.348
201.254
178.984
156.714
134.444
115.473
96.5028
81.6562
70.1089
59.3863
46.1894
37.1165
28.0435
13.197
3.29924
-14.0218
-32.9924
-50.3134
-70.9337
-93.2036
-114.649
-141.867
-170.736
-193.83
-216.1
-234.246
-249.918
-263.939
-274.662
-285.384
-298.581
-309.304
-320.851
-327.45
-329.099
-325.8
-311.778
-302.705
-287.859
-272.187
-253.217
-230.947
-212.801
-194.655
-175.685
-156.714
-140.218
-121.247
-104.751
-93.2036
-80.0066
-73.4081
-65.9848
-60.2112
-60.2112
-51.1382
-49.4886
-49.4886
-42.0653
-37.9413
-32.9924
-28.0435
-28.8684
-28.8684
-25.5691
-22.2699
-17.321
-14.8466
-11.5473
-4.12405
6.59848
21.4451
34.642
39.5909
47.839
57.7367
64.3352
75.8825
81.6562
89.0795
95.678
98.1524
102.276
105.576
106.401
112.174
117.123
118.773
124.546
126.196
126.196
122.897
110.525
100.627
95.678
89.0795
82.481
75.0577
65.16
57.7367
49.4886
36.2917
28.8684
18.1458
8.2481
9.89772
10.7225
11.5473
11.5473
18.1458
28.8684
35.4668
47.0142
51.1382
56.0871
64.3352
67.6344
68.4593
75.8825
81.6562
80.8314
83.3058
75.0577
69.2841
66.8096
56.0871
45.3646
35.4668
22.2699
10.7225
9.89772
-2.47443
-16.4962
-25.5691
-38.7661
-43.7149
-50.3134
-60.2112
-67.6344
-73.4081
-75.0577
-73.4081
-69.2841
-66.8096
-63.5104
-61.8608
-60.2112
-56.0871
-50.3134
-37.1165
-29.6932
-19.7954
-8.2481
0
12.3722
24.7443
31.3428
39.5909
45.3646
47.839
50.3134
49.4886
49.4886
49.4886
46.1894
46.1894
45.3646
38.7661
32.9924
21.4451
10.7225
-1.64962
-14.0218
-18.9706
-23.0947
-32.1676
-37.1165
-47.839
-52.7879
-56.9119
-61.8608
-61.8608
-59.3863
-55.2623
-50.3134
-41.2405
-37.9413
-32.9924
-26.3939
-18.9706
-7.42329
-1.64962
8.2481
16.4962
23.9195
34.642
37.1165
42.0653
47.0142
45.3646
46.1894
51.1382
49.4886
45.3646
38.7661
28.0435
19.7954
6.59848
-7.42329
-21.4451
-38.7661
-61.036
-87.4299
-112.174
-139.393
-169.911
-199.604
-227.648
-250.742
-272.187
-288.684
-305.18
-316.727
-319.202
-324.975
-324.975
-320.026
-309.304
-296.107
-277.961
-252.392
-224.348
-191.356
-158.364
-122.897
-88.2547
-55.2623
-21.4451
4.94886
37.1165
70.1089
96.5028
130.32
158.364
183.108
210.327
228.472
249.918
268.063
279.611
296.932
307.654
323.326
343.946
358.792
371.989
382.712
386.836
394.259
399.208
394.259
395.084
395.909
393.435
399.208
403.332
405.807
407.456
400.858
391.785
388.486
381.887
375.289
366.216
355.493
348.07
330.749
312.603
294.457
267.239
242.494
214.451
188.882
162.488
134.444
111.349
84.9555
58.5615
32.9924
3.29924
-28.8684
-56.0871
-89.0795
-120.422
-151.765
-184.758
-210.327
-234.246
-256.516
-278.786
-298.581
-322.501
-343.121
-360.442
-379.413
-398.383
-413.23
-426.427
-437.149
-439.624
-446.222
-447.047
-447.047
-451.996
-451.171
-455.295
-455.295
-453.646
-455.295
-449.522
-447.872
-447.872
-450.346
-455.295
-457.77
-459.419
-458.595
-452.821
-445.398
-435.5
-422.303
-412.405
-400.033
-385.186
-371.165
-355.493
-334.873
-314.253
-294.457
-267.239
-240.845
-207.852
-176.509
-150.94
-120.422
-92.3788
-65.16
-34.642
-2.47443
30.518
67.6344
107.225
144.342
188.057
231.772
272.187
316.727
358.792
395.909
436.325
473.441
510.558
546.849
576.542
607.06
635.104
662.323
682.118
692.016
707.687
712.636
718.41
725.833
725.833
722.534
716.76
702.738
682.943
662.323
633.454
601.287
569.119
537.776
505.609
474.266
444.573
405.807
367.865
324.975
274.662
227.648
187.232
141.867
98.1524
65.9848
29.6932
-6.59848
-39.5909
-82.481
-129.495
-172.385
-211.976
-246.618
-273.837
-296.932
-323.326
-343.121
-360.442
-381.887
-399.208
-418.179
-432.201
-437.149
-437.149
-433.85
-429.726
-426.427
-421.478
-417.354
-412.405
-406.631
-399.208
-388.486
-376.938
-362.917
-349.72
-342.296
-331.574
-324.975
-320.026
-310.129
-305.18
-301.056
-297.757
-298.581
-298.581
-296.932
-291.983
-288.684
-285.384
-279.611
-277.136
-268.063
-260.64
-255.691
-246.618
-237.545
-225.173
-211.976
-197.13
-183.108
-167.436
-147.641
-127.846
-105.576
-84.1306
-62.6856
-36.2917
-9.89772
14.8466
40.4157
64.3352
89.9043
123.722
158.364
185.582
211.151
235.896
252.392
274.662
296.932
311.778
329.099
348.07
362.917
377.763
391.785
394.259
394.259
397.559
394.259
389.31
388.486
382.712
374.464
364.566
350.544
330.749
312.603
296.932
278.786
258.166
232.597
204.553
175.685
147.641
125.371
102.276
76.7074
51.963
28.0435
-0.82481
-31.3428
-64.3352
-95.678
-122.897
-145.991
-162.488
-180.633
-190.531
-202.079
-212.801
-224.348
-238.37
-247.443
-257.341
-255.691
-249.093
-241.669
-232.597
-221.049
-206.203
-195.48
-173.21
-155.064
-138.568
-116.298
-94.8532
-70.9337
-45.3646
-15.6714
14.0218
42.8901
77.5322
99.802
121.247
141.867
160.838
178.984
197.13
210.327
225.173
240.02
252.392
260.64
264.764
265.589
266.414
269.713
269.713
264.764
254.042
242.494
231.772
218.575
210.327
200.429
189.706
176.509
159.188
141.867
119.597
92.3788
72.5833
51.963
29.6932
11.5473
-12.3722
-36.2917
-56.0871
-75.0577
-99.802
-123.722
-150.115
-179.809
-203.728
-227.648
-249.093
-268.888
-287.034
-310.129
-332.399
-351.369
-370.34
-377.763
-379.413
-385.186
-389.31
-393.435
-397.559
-399.208
-395.084
-388.486
-382.712
-366.216
-353.844
-343.946
-329.099
-320.026
-309.304
-292.808
-277.136
-258.166
-237.545
-222.699
-209.502
-190.531
-172.385
-152.59
-131.97
-112.999
-95.678
-77.5322
-59.3863
-46.1894
-32.9924
-16.4962
-4.94886
9.07291
27.2187
39.5909
53.6127
68.4593
76.7074
94.0284
115.473
125.371
136.919
153.415
163.312
179.809
198.779
214.451
233.421
249.918
263.114
277.136
290.333
303.53
316.727
329.924
341.471
357.968
376.938
389.31
401.683
414.055
422.303
426.427
429.726
428.901
429.726
432.201
434.675
436.325
434.675
428.901
416.529
404.982
393.435
379.413
372.814
367.041
353.844
348.895
342.296
324.975
310.129
293.632
271.363
248.268
224.348
200.429
174.035
148.466
121.247
92.3788
68.4593
44.5398
19.7954
-2.47443
-31.3428
-62.6856
-93.2036
-124.546
-156.714
-188.882
-217.75
-249.093
-275.487
-296.932
-320.851
-355.493
-387.661
-421.478
-460.244
-485.813
-508.083
-530.353
-543.55
-555.097
-568.294
-575.718
-585.615
-597.163
-606.236
-611.184
-609.535
-603.761
-589.739
-574.893
-563.345
-546.024
-531.178
-514.682
-494.886
-469.317
-445.398
-422.303
-389.31
-359.617
-333.223
-304.355
-282.085
-258.99
-235.071
-209.502
-178.984
-143.517
-109.7
-80.8314
-47.0142
-17.321
8.2481
38.7661
61.036
80.8314
105.576
126.196
151.765
179.809
206.203
236.721
258.166
282.085
305.18
320.851
338.997
352.194
364.566
383.537
400.858
419.004
443.748
461.069
471.791
480.04
480.864
479.215
480.04
478.39
475.916
473.441
464.368
457.77
451.171
442.923
431.376
419.004
399.208
380.238
373.639
357.968
345.596
326.625
301.056
273.012
240.02
210.327
186.407
163.312
139.393
122.072
103.926
80.0066
57.7367
32.1676
6.59848
-15.6714
-32.9924
-51.1382
-62.6856
-75.0577
-91.5539
-100.627
-115.473
-130.32
-141.867
-160.838
-178.984
-191.356
-202.903
-204.553
-205.378
-206.203
-204.553
-211.976
-219.4
-224.348
-225.173
-228.472
-232.597
-237.545
-244.144
-245.793
-244.969
-240.845
-234.246
-232.597
-230.947
-228.472
-226.823
-216.925
-202.903
-187.232
-173.21
-165.787
-158.364
-155.064
-149.291
-137.743
-126.196
-108.875
-99.802
-89.9043
-78.357
-72.5833
-62.6856
-52.7879
-47.0142
-39.5909
-35.4668
-29.6932
-26.3939
-21.4451
-16.4962
-9.89772
-1.64962
4.12405
8.2481
12.3722
9.07291
5.77367
4.94886
0.82481
4.94886
6.59848
2.47443
9.89772
6.59848
2.47443
9.07291
7.42329
9.89772
13.197
10.7225
18.1458
20.6203
16.4962
17.321
14.8466
13.197
11.5473
6.59848
4.12405
-4.12405
-8.2481
-9.89772
-11.5473
-10.7225
-9.07291
-8.2481
-3.29924
-1.64962
4.12405
9.89772
9.89772
13.197
13.197
12.3722
21.4451
26.3939
28.8684
32.9924
32.9924
37.9413
43.7149
51.1382
61.036
65.9848
76.7074
86.6051
98.1524
108.05
114.649
123.722
130.32
136.919
143.517
147.641
151.765
154.24
157.539
161.663
159.188
159.188
161.663
157.539
157.539
157.539
151.765
150.94
146.816
136.094
135.269
126.196
118.773
117.123
103.926
92.3788
77.5322
58.5615
51.1382
43.7149
32.1676
31.3428
27.2187
19.7954
18.1458
11.5473
7.42329
2.47443
-3.29924
-2.47443
-0.82481
0
5.77367
9.07291
13.197
13.197
10.7225
9.89772
9.07291
5.77367
5.77367
2.47443
-3.29924
-4.94886
-17.321
-23.0947
-32.9924
-49.4886
-61.8608
-77.5322
-95.678
-110.525
-131.145
-146.816
-155.889
-170.736
-178.984
-187.232
-201.254
-203.728
-215.275
-228.472
-232.597
-244.144
-252.392
-258.166
-268.888
-278.786
-282.91
-292.808
-296.107
-298.581
-301.056
-290.333
-281.26
-269.713
-255.691
-244.969
-230.947
-217.75
-200.429
-186.407
-171.561
-156.714
-141.043
-125.371
-108.05
-93.2036
-76.7074
-56.0871
-37.1165
-18.9706
-0.82481
15.6714
30.518
46.1894
56.9119
68.4593
82.481
89.9043
99.802
109.7
118.773
131.145
136.919
147.641
164.137
174.86
188.057
202.079
213.626
223.524
234.246
242.494
250.742
259.815
264.764
269.713
273.837
273.837
276.311
277.961
276.311
278.786
274.662
272.187
268.063
258.166
252.392
244.969
239.195
232.597
221.874
212.801
202.079
186.407
175.685
164.962
150.94
139.393
125.371
112.999
99.802
84.1306
64.3352
48.6638
32.9924
16.4962
-0.82481
-17.321
-29.6932
-41.2405
-50.3134
-58.5615
-68.4593
-74.2329
-83.3058
-93.2036
-100.627
-112.999
-120.422
-126.196
-135.269
-138.568
-140.218
-147.641
-150.115
-155.064
-163.312
-164.137
-167.436
-170.736
-171.561
-177.334
-178.984
-178.984
-178.159
-177.334
-172.385
-170.736
-162.488
-159.188
-160.838
-159.188
-161.663
-155.889
-150.94
-147.641
-134.444
-128.67
-118.773
-108.875
-104.751
-92.3788
-82.481
-74.2329
-61.8608
-50.3134
-41.2405
-25.5691
-13.197
-3.29924
13.197
23.9195
32.1676
39.5909
44.5398
45.3646
51.1382
55.2623
57.7367
63.5104
65.16
66.8096
67.6344
69.2841
68.4593
66.8096
66.8096
62.6856
59.3863
53.6127
45.3646
39.5909
30.518
26.3939
19.7954
14.8466
14.0218
14.0218
14.0218
9.89772
7.42329
2.47443
-4.94886
-9.07291
-14.0218
-19.7954
-23.9195
-26.3939
-28.0435
-23.0947
-23.9195
-22.2699
-20.6203
-26.3939
-31.3428
-34.642
-37.9413
-39.5909
-36.2917
-32.9924
-28.0435
-22.2699
-18.9706
-14.0218
-14.8466
-18.9706
-18.9706
-19.7954
-19.7954
-18.1458
-11.5473
-0.82481
7.42329
20.6203
32.1676
41.2405
51.963
59.3863
67.6344
75.0577
76.7074
79.1818
89.0795
95.678
108.875
124.546
132.794
142.692
150.115
151.765
153.415
155.889
154.24
158.364
165.787
171.561
183.108
191.356
199.604
207.027
205.378
206.203
205.378
201.254
198.779
193.83
186.407
177.334
169.911
159.188
146.816
137.743
123.722
109.7
94.0284
75.0577
55.2623
37.9413
20.6203
6.59848
-4.94886
-19.7954
-35.4668
-45.3646
-58.5615
-73.4081
-87.4299
-103.926
-122.072
-141.867
-159.188
-172.385
-190.531
-209.502
-227.648
-249.918
-267.239
-281.26
-297.757
-310.953
-324.15
-335.698
-342.296
-343.121
-343.121
-341.471
-341.471
-338.997
-334.048
-329.099
-322.501
-315.902
-309.304
-298.581
-294.457
-289.508
-281.26
-277.136
-269.713
-263.114
-258.99
-251.567
-238.37
-229.297
-211.976
-194.655
-175.685
-160.013
-149.291
-127.846
-108.05
-91.5539
-68.4593
-44.5398
-23.0947
0
22.2699
47.0142
74.2329
90.7291
107.225
131.145
152.59
177.334
200.429
223.524
248.268
264.764
284.56
306.005
323.326
340.647
358.792
376.113
398.383
415.704
427.252
447.047
459.419
466.018
470.967
476.74
477.565
475.091
471.791
470.967
470.967
466.843
463.543
456.945
447.047
437.974
419.004
401.683
384.362
357.968
335.698
313.428
287.034
262.29
235.071
202.903
172.385
140.218
102.276
70.1089
38.7661
11.5473
-18.9706
-56.9119
-89.0795
-124.546
-161.663
-189.706
-217.75
-244.969
-269.713
-295.282
-318.377
-335.698
-359.617
-376.938
-394.259
-413.23
-427.252
-442.923
-452.821
-459.419
-466.843
-470.967
-465.193
-460.244
-452.821
-442.923
-437.149
-428.077
-420.653
-412.405
-402.507
-395.909
-387.661
-376.938
-364.566
-347.245
-328.274
-312.603
-287.859
-267.239
-251.567
-228.472
-215.275
-205.378
-187.232
-174.86
-157.539
-139.393
-122.072
-98.9772
-80.8314
-60.2112
-33.8172
-15.6714
5.77367
27.2187
38.7661
58.5615
77.5322
93.2036
114.649
131.145
151.765
175.685
196.305
218.575
239.195
258.166
278.786
299.406
313.428
329.924
343.121
348.07
355.493
362.092
366.216
376.938
380.238
383.537
390.96
390.96
390.96
390.135
379.413
371.165
361.267
350.544
341.471
324.975
311.778
296.932
275.487
257.341
237.545
218.575
193.006
169.086
148.466
126.196
109.7
92.3788
73.4081
60.2112
43.7149
28.0435
6.59848
-18.9706
-39.5909
-57.7367
-74.2329
-87.4299
-105.576
-125.371
-141.867
-156.714
-167.436
-177.334
-188.882
-202.079
-211.976
-220.224
-228.472
-230.122
-235.071
-240.02
-238.37
-241.669
-240.02
-239.195
-238.37
-235.896
-236.721
-230.122
-225.173
-221.049
-216.1
-208.677
-196.305
-191.356
-181.458
-170.736
-165.787
-152.59
-137.743
-127.021
-112.999
-103.101
-94.8532
-85.7803
-76.7074
-67.6344
-61.036
-52.7879
-43.7149
-37.1165
-28.8684
-23.9195
-19.7954
-14.0218
-5.77367
0
5.77367
9.89772
9.07291
17.321
23.9195
32.9924
44.5398
50.3134
61.036
69.2841
73.4081
81.6562
86.6051
89.9043
96.5028
101.452
106.401
111.349
114.649
116.298
119.597
120.422
120.422
124.546
127.021
126.196
131.145
131.97
127.021
127.846
121.247
117.948
117.948
109.7
103.926
97.3276
84.9555
76.7074
67.6344
49.4886
39.5909
29.6932
15.6714
9.89772
0
-10.7225
-16.4962
-28.8684
-37.1165
-44.5398
-56.9119
-66.8096
-76.7074
-90.7291
-100.627
-108.875
-120.422
-127.021
-135.269
-143.517
-144.342
-148.466
-145.991
-144.342
-144.342
-143.517
-142.692
-146.816
-145.991
-139.393
-133.619
-122.897
-113.824
-108.05
-95.678
-87.4299
-77.5322
-58.5615
-46.1894
-30.518
-5.77367
8.2481
28.0435
48.6638
63.5104
82.481
99.802
118.773
139.393
155.064
174.86
197.13
210.327
225.998
241.669
249.093
260.64
267.239
272.187
278.786
277.961
279.611
279.611
272.187
270.538
263.114
251.567
241.669
227.648
214.451
201.254
179.809
160.838
141.043
119.597
99.802
77.5322
58.5615
40.4157
25.5691
11.5473
-3.29924
-22.2699
-40.4157
-56.9119
-75.8825
-90.7291
-104.751
-119.597
-132.794
-149.291
-165.787
-183.108
-202.079
-215.275
-229.297
-244.969
-255.691
-267.239
-277.961
-285.384
-295.282
-301.881
-307.654
-312.603
-314.253
-316.727
-314.253
-309.304
-303.53
-296.107
-288.684
-281.26
-268.888
-258.166
-249.918
-240.845
-229.297
-216.1
-202.079
-185.582
-167.436
-147.641
-128.67
-109.7
-91.5539
-75.0577
-55.2623
-32.9924
-14.8466
4.94886
18.9706
34.642
52.7879
65.9848
79.1818
97.3276
112.174
126.196
138.568
150.94
163.312
178.984
193.83
202.903
216.925
228.472
236.721
245.793
250.742
253.217
257.341
259.815
259.815
263.114
268.063
268.888
267.239
268.888
267.239
267.239
263.939
258.99
254.042
249.918
238.37
228.472
220.224
213.626
205.378
195.48
184.758
170.736
159.188
145.991
131.145
118.773
106.401
89.9043
74.2329
61.8608
47.839
34.642
20.6203
7.42329
-4.94886
-14.8466
-28.0435
-38.7661
-50.3134
-64.3352
-76.7074
-89.9043
-99.802
-116.298
-130.32
-143.517
-156.714
-166.612
-173.21
-178.984
-183.933
-188.057
-192.181
-195.48
-198.779
-201.254
-202.079
-202.079
-208.677
-216.1
-219.4
-222.699
-225.173
-225.173
-222.699
-216.925
-211.976
-206.203
-201.254
-193.83
-185.582
-178.159
-165.787
-155.889
-147.641
-140.218
-129.495
-122.072
-112.999
-103.101
-94.8532
-82.481
-71.7585
-60.2112
-50.3134
-40.4157
-31.3428
-18.1458
-4.12405
6.59848
18.1458
26.3939
35.4668
42.0653
47.0142
59.3863
65.9848
74.2329
80.8314
85.7803
94.8532
96.5028
102.276
108.05
112.174
115.473
117.123
118.773
121.247
121.247
120.422
122.072
120.422
117.948
116.298
114.649
111.349
107.225
104.751
104.751
100.627
98.1524
99.802
95.678
93.2036
90.7291
89.0795
87.4299
82.481
77.5322
76.7074
75.0577
70.9337
70.1089
70.9337
68.4593
65.9848
61.036
56.9119
55.2623
49.4886
47.839
47.0142
45.3646
44.5398
39.5909
36.2917
31.3428
22.2699
17.321
9.07291
-1.64962
-8.2481
-17.321
-26.3939
-28.0435
-34.642
-37.1165
-41.2405
-50.3134
-52.7879
-57.7367
-65.9848
-68.4593
-72.5833
-75.0577
-76.7074
-80.0066
-79.1818
-77.5322
-81.6562
-81.6562
-81.6562
-84.9555
-84.9555
-84.1306
-75.8825
-65.9848
-57.7367
-53.6127
-47.839
-46.1894
-45.3646
-40.4157
-36.2917
-28.8684
-21.4451
-14.8466
0
9.07291
14.8466
23.0947
23.9195
28.8684
33.8172
37.9413
44.5398
50.3134
55.2623
58.5615
59.3863
57.7367
56.0871
54.4375
54.4375
53.6127
48.6638
47.839
44.5398
41.2405
38.7661
35.4668
32.1676
25.5691
16.4962
7.42329
-2.47443
-8.2481
-12.3722
-18.1458
-20.6203
-23.0947
-31.3428
-38.7661
-44.5398
-49.4886
-57.7367
-63.5104
-68.4593
-69.2841
-71.7585
-75.8825
-78.357
-82.481
-88.2547
-91.5539
-91.5539
-88.2547
-82.481
-81.6562
-80.8314
-79.1818
-78.357
-75.0577
-66.8096
-56.0871
-49.4886
-42.8901
-37.9413
-28.8684
-18.1458
-7.42329
4.12405
14.8466
24.7443
33.8172
43.7149
53.6127
61.036
65.9848
69.2841
69.2841
74.2329
82.481
87.4299
89.9043
93.2036
91.5539
89.0795
86.6051
88.2547
91.5539
93.2036
94.8532
92.3788
89.0795
85.7803
81.6562
80.0066
80.8314
81.6562
81.6562
82.481
79.1818
79.1818
76.7074
77.5322
75.0577
75.8825
73.4081
66.8096
65.16
65.16
63.5104
61.8608
57.7367
51.963
50.3134
47.839
44.5398
39.5909
33.8172
26.3939
21.4451
20.6203
15.6714
9.89772
2.47443
-8.2481
-17.321
-24.7443
-32.9924
-42.8901
-54.4375
-62.6856
-72.5833
-84.9555
-93.2036
-103.101
-115.473
-127.846
-135.269
-141.867
-146.816
-153.415
-160.838
-167.436
-174.035
-180.633
-181.458
-178.159
-173.21
-165.787
-162.488
-161.663
-159.188
-158.364
-154.24
-152.59
-149.291
-141.043
-135.269
-122.072
-108.875
-99.802
-88.2547
-77.5322
-68.4593
-60.2112
-53.6127
-47.0142
-40.4157
-30.518
-19.7954
-10.7225
0
9.07291
16.4962
23.0947
34.642
43.7149
51.1382
57.7367
61.8608
68.4593
75.0577
80.8314
84.9555
88.2547
94.0284
103.101
112.174
123.722
133.619
141.043
141.867
142.692
144.342
148.466
155.889
161.663
166.612
168.261
174.035
177.334
181.458
188.057
189.706
192.181
193.006
190.531
188.882
184.758
174.86
168.261
157.539
150.115
141.867
130.32
118.773
108.875
102.276
98.1524
94.0284
84.1306
70.9337
56.0871
34.642
15.6714
-3.29924
-23.0947
-42.0653
-59.3863
-73.4081
-85.7803
-100.627
-108.875
-119.597
-129.495
-137.743
-150.94
-160.013
-169.086
-182.283
-188.057
-195.48
-203.728
-205.378
-209.502
-208.677
-204.553
-200.429
-196.305
-190.531
-189.706
-188.057
-182.283
-177.334
-169.086
-159.188
-150.94
-143.517
-135.269
-126.196
-118.773
-113.824
-109.7
-101.452
-90.7291
-78.357
-68.4593
-60.2112
-51.963
-43.7149
-31.3428
-19.7954
-9.89772
-3.29924
0
0.82481
8.2481
14.0218
22.2699
33.8172
44.5398
60.2112
70.1089
75.0577
76.7074
80.8314
88.2547
98.9772
114.649
120.422
125.371
130.32
134.444
141.867
147.641
152.59
156.714
160.013
163.312
164.137
162.488
164.137
164.962
162.488
162.488
160.013
156.714
150.94
143.517
132.794
125.371
115.473
103.926
94.0284
82.481
70.9337
63.5104
53.6127
45.3646
35.4668
23.9195
11.5473
0.82481
-9.89772
-21.4451
-31.3428
-40.4157
-45.3646
-46.1894
-52.7879
-61.036
-70.9337
-78.357
-84.9555
-86.6051
-86.6051
-93.2036
-98.9772
-104.751
-104.751
-105.576
-108.875
-108.875
-112.999
-117.948
-115.473
-113.824
-114.649
-113.824
-114.649
-114.649
-106.401
-101.452
-100.627
-99.802
-95.678
-88.2547
-77.5322
-70.1089
-63.5104
-57.7367
-50.3134
-42.8901
-32.1676
-21.4451
-13.197
-5.77367
1.64962
9.89772
17.321
21.4451
23.9195
33.8172
42.0653
46.1894
59.3863
68.4593
72.5833
79.1818
87.4299
92.3788
97.3276
100.627
98.1524
96.5028
97.3276
101.452
102.276
104.751
106.401
107.225
103.926
99.802
97.3276
89.9043
83.3058
78.357
75.0577
70.1089
61.8608
54.4375
48.6638
40.4157
28.8684
17.321
4.12405
-5.77367
-15.6714
-22.2699
-28.0435
-33.8172
-37.1165
-43.7149
-48.6638
-55.2623
-64.3352
-74.2329
-78.357
-81.6562
-85.7803
-87.4299
-93.2036
-100.627
-102.276
-106.401
-113.824
-116.298
-117.123
-121.247
-120.422
-114.649
-112.174
-112.174
-108.875
-108.05
-106.401
-107.225
-105.576
-102.276
-99.802
-93.2036
-84.9555
-72.5833
-64.3352
-53.6127
-40.4157
-29.6932
-15.6714
-7.42329
0
5.77367
13.197
24.7443
32.9924
41.2405
50.3134
57.7367
60.2112
64.3352
69.2841
70.1089
73.4081
75.8825
79.1818
84.9555
93.2036
98.1524
98.9772
105.576
110.525
113.824
120.422
122.897
124.546
129.495
136.094
138.568
140.218
139.393
137.743
137.743
140.218
139.393
141.043
144.342
145.991
145.991
138.568
131.145
120.422
108.05
92.3788
80.0066
75.8825
65.16
61.036
51.1382
42.8901
36.2917
29.6932
27.2187
19.7954
11.5473
0.82481
-9.89772
-19.7954
-29.6932
-34.642
-42.0653
-50.3134
-55.2623
-65.16
-73.4081
-84.1306
-93.2036
-105.576
-120.422
-130.32
-139.393
-147.641
-151.765
-157.539
-162.488
-169.911
-174.035
-180.633
-183.933
-183.933
-190.531
-195.48
-201.254
-202.903
-202.903
-202.903
-202.903
-204.553
-203.728
-200.429
-193.83
-184.758
-178.984
-176.509
-174.035
-169.086
-161.663
-148.466
-137.743
-124.546
-110.525
-96.5028
-82.481
-71.7585
-61.8608
-54.4375
-42.8901
-30.518
-13.197
2.47443
18.1458
32.9924
47.839
64.3352
77.5322
88.2547
95.678
98.9772
108.05
122.072
135.269
150.94
165.787
178.159
188.057
197.13
207.027
211.151
216.925
218.575
224.348
232.597
240.02
248.268
253.217
257.341
261.465
255.691
250.742
240.02
231.772
221.874
217.75
216.925
213.626
209.502
199.604
192.181
174.86
159.188
141.043
117.123
97.3276
79.1818
65.9848
58.5615
54.4375
48.6638
38.7661
25.5691
8.2481
-6.59848
-22.2699
-37.9413
-51.1382
-63.5104
-72.5833
-81.6562
-89.0795
-94.8532
-104.751
-113.824
-123.722
-133.619
-142.692
-150.115
-155.889
-160.013
-162.488
-166.612
-167.436
-168.261
-169.086
-167.436
-166.612
-163.312
-160.838
-161.663
-159.188
-157.539
-153.415
-149.291
-148.466
-143.517
-141.043
-141.043
-137.743
-134.444
-131.97
-127.021
-119.597
-115.473
-108.875
-104.751
-97.3276
-89.9043
-84.1306
-79.1818
-72.5833
-69.2841
-64.3352
-61.036
-54.4375
-45.3646
-39.5909
-32.1676
-23.9195
-18.9706
-14.0218
-8.2481
-5.77367
-2.47443
0.82481
4.12405
9.89772
15.6714
23.0947
32.1676
38.7661
46.1894
53.6127
56.0871
62.6856
64.3352
67.6344
74.2329
75.8825
80.8314
83.3058
86.6051
93.2036
97.3276
99.802
101.452
101.452
101.452
104.751
103.926
105.576
108.05
108.05
111.349
112.999
112.999
112.999
110.525
108.05
108.05
103.101
99.802
98.1524
94.8532
90.7291
86.6051
82.481
78.357
71.7585
65.9848
61.8608
57.7367
53.6127
51.1382
47.0142
44.5398
42.8901
36.2917
28.8684
20.6203
9.89772
5.77367
0.82481
-1.64962
-3.29924
-7.42329
-11.5473
-14.8466
-20.6203
-24.7443
-28.0435
-31.3428
-32.1676
-38.7661
-43.7149
-50.3134
-56.9119
-59.3863
-62.6856
-63.5104
-64.3352
-69.2841
-72.5833
-75.8825
-82.481
-86.6051
-85.7803
-85.7803
-80.0066
-75.0577
-75.0577
-70.1089
-70.1089
-65.9848
-62.6856
-65.16
-64.3352
-61.8608
-61.8608
-58.5615
-59.3863
-60.2112
-57.7367
-51.963
-45.3646
-38.7661
-29.6932
-23.0947
-17.321
-14.8466
-10.7225
-6.59848
-4.12405
1.64962
7.42329
12.3722
15.6714
19.7954
23.0947
28.8684
30.518
30.518
34.642
37.9413
42.0653
42.8901
44.5398
47.0142
51.1382
53.6127
51.963
46.1894
42.0653
40.4157
42.0653
42.8901
38.7661
35.4668
32.9924
31.3428
28.0435
23.0947
18.1458
15.6714
9.89772
5.77367
-1.64962
-10.7225
-18.1458
-23.9195
-28.8684
-32.1676
-35.4668
-38.7661
-38.7661
-42.0653
-45.3646
-48.6638
-52.7879
-56.9119
-58.5615
-62.6856
-65.9848
-66.8096
-70.9337
-70.9337
-70.1089
-70.9337
-68.4593
-66.8096
-61.036
-55.2623
-50.3134
-42.8901
-30.518
-23.0947
-15.6714
-9.07291
-3.29924
7.42329
16.4962
27.2187
37.1165
48.6638
58.5615
69.2841
79.1818
86.6051
94.8532
99.802
107.225
116.298
118.773
124.546
128.67
131.97
133.619
133.619
135.269
140.218
141.867
143.517
141.867
136.919
132.794
125.371
120.422
119.597
111.349
104.751
99.802
88.2547
80.0066
68.4593
55.2623
49.4886
41.2405
32.1676
23.0947
9.07291
-1.64962
-13.197
-25.5691
-31.3428
-41.2405
-54.4375
-65.9848
-80.8314
-91.5539
-101.452
-112.999
-118.773
-126.196
-137.743
-142.692
-151.765
-157.539
-159.188
-166.612
-167.436
-167.436
-169.911
-166.612
-165.787
-163.312
-156.714
-155.889
-149.291
-144.342
-140.218
-136.919
-135.269
-128.67
-123.722
-117.948
-115.473
-108.875
-100.627
-91.5539
-86.6051
-79.1818
-69.2841
-64.3352
-51.963
-40.4157
-32.9924
-24.7443
-16.4962
-7.42329
4.94886
9.89772
14.8466
20.6203
23.9195
29.6932
30.518
36.2917
39.5909
44.5398
51.963
55.2623
63.5104
74.2329
80.8314
88.2547
91.5539
98.1524
102.276
106.401
112.174
111.349
109.7
108.05
105.576
108.875
106.401
103.101
103.926
98.1524
92.3788
90.7291
84.9555
81.6562
80.8314
79.1818
77.5322
75.0577
71.7585
69.2841
63.5104
54.4375
49.4886
42.0653
36.2917
33.8172
23.9195
18.9706
13.197
5.77367
7.42329
4.12405
0.82481
1.64962
-4.94886
-2.47443
-4.94886
-9.89772
-6.59848
-7.42329
-8.2481
-3.29924
-5.77367
-4.94886
-1.64962
-1.64962
3.29924
7.42329
12.3722
16.4962
16.4962
22.2699
22.2699
23.9195
25.5691
23.0947
27.2187
26.3939
23.0947
20.6203
14.0218
9.07291
4.94886
3.29924
1.64962
0.82481
4.12405
4.94886
3.29924
-4.12405
-9.07291
-13.197
-16.4962
-20.6203
-23.0947
-26.3939
-28.8684
-29.6932
-40.4157
-44.5398
-49.4886
-60.2112
-62.6856
-61.036
-62.6856
-64.3352
-64.3352
-64.3352
-64.3352
-67.6344
-67.6344
-65.16
-65.16
-65.9848
-61.8608
-64.3352
-65.16
-67.6344
-71.7585
-67.6344
-68.4593
-68.4593
-68.4593
-66.8096
-61.036
-58.5615
-55.2623
-51.1382
-50.3134
-47.839
-43.7149
-42.0653
-41.2405
-40.4157
-37.9413
-32.1676
-28.0435
-25.5691
-20.6203
-15.6714
-14.8466
-7.42329
-2.47443
1.64962
6.59848
9.89772
10.7225
16.4962
19.7954
17.321
17.321
16.4962
23.0947
23.9195
28.8684
33.8172
31.3428
33.8172
37.9413
43.7149
49.4886
51.1382
50.3134
51.963
52.7879
51.963
56.0871
60.2112
60.2112
66.8096
75.0577
78.357
84.9555
90.7291
92.3788
98.9772
104.751
109.7
113.824
120.422
122.072
118.773
121.247
121.247
118.773
119.597
116.298
116.298
118.773
111.349
110.525
107.225
102.276
100.627
97.3276
91.5539
86.6051
81.6562
75.8825
67.6344
60.2112
56.0871
53.6127
49.4886
46.1894
37.1165
28.0435
21.4451
11.5473
2.47443
-6.59848
-16.4962
-28.8684
-37.9413
-45.3646
-56.9119
-64.3352
-78.357
-88.2547
-91.5539
-99.802
-106.401
-114.649
-117.948
-125.371
-131.97
-133.619
-142.692
-146.816
-152.59
-161.663
-160.838
-162.488
-165.787
-166.612
-170.736
-168.261
-165.787
-164.962
-164.962
-167.436
-168.261
-169.911
-169.911
-169.911
-165.787
-160.838
-157.539
-150.115
-145.167
-142.692
-134.444
-130.32
-127.846
-122.072
-119.597
-113.824
-100.627
-90.7291
-77.5322
-65.16
-51.963
-42.0653
-30.518
-19.7954
-6.59848
8.2481
18.9706
29.6932
35.4668
44.5398
58.5615
69.2841
84.1306
98.1524
108.05
119.597
130.32
141.043
149.291
159.188
166.612
172.385
174.035
177.334
183.108
185.582
187.232
190.531
192.181
196.305
202.079
207.027
211.976
211.976
205.378
197.13
188.057
179.809
174.035
170.736
164.962
159.188
150.94
140.218
136.919
131.145
121.247
112.174
103.101
91.5539
77.5322
65.16
55.2623
44.5398
29.6932
15.6714
3.29924
-4.94886
-8.2481
-16.4962
-21.4451
-25.5691
-35.4668
-50.3134
-64.3352
-77.5322
-89.0795
-97.3276
-109.7
-120.422
-122.897
-131.145
-134.444
-133.619
-140.218
-141.867
-145.991
-150.94
-155.064
-160.838
-165.787
-167.436
-166.612
-163.312
-156.714
-148.466
-143.517
-141.043
-139.393
-137.743
-136.919
-134.444
-127.846
-120.422
-112.999
-104.751
-97.3276
-90.7291
-88.2547
-81.6562
-76.7074
-70.1089
-65.16
-53.6127
-42.0653
-34.642
-23.0947
-20.6203
-18.1458
-13.197
-13.197
-7.42329
-0.82481
9.89772
22.2699
32.1676
40.4157
49.4886
52.7879
51.1382
52.7879
54.4375
58.5615
69.2841
80.8314
89.0795
92.3788
96.5028
93.2036
88.2547
87.4299
88.2547
90.7291
96.5028
100.627
99.802
99.802
97.3276
93.2036
89.0795
84.9555
80.0066
76.7074
74.2329
74.2329
75.8825
75.0577
76.7074
75.0577
69.2841
62.6856
54.4375
49.4886
44.5398
38.7661
36.2917
30.518
28.8684
24.7443
19.7954
14.8466
10.7225
5.77367
1.64962
-0.82481
-9.07291
-11.5473
-16.4962
-22.2699
-23.9195
-28.0435
-30.518
-34.642
-42.0653
-47.839
-55.2623
-62.6856
-63.5104
-62.6856
-58.5615
-52.7879
-56.0871
-55.2623
-55.2623
-62.6856
-64.3352
-62.6856
-61.8608
-59.3863
-54.4375
-53.6127
-51.1382
-49.4886
-48.6638
-46.1894
-45.3646
-44.5398
-44.5398
-43.7149
-36.2917
-29.6932
-22.2699
-10.7225
-4.12405
-0.82481
2.47443
2.47443
6.59848
13.197
21.4451
32.1676
37.9413
46.1894
54.4375
54.4375
56.0871
56.9119
58.5615
61.8608
63.5104
62.6856
60.2112
61.8608
57.7367
52.7879
43.7149
37.1165
32.1676
28.8684
32.9924
33.8172
33.8172
36.2917
36.2917
32.1676
29.6932
23.9195
23.0947
21.4451
18.1458
16.4962
10.7225
5.77367
0
-6.59848
-13.197
-17.321
-23.0947
-26.3939
-30.518
-36.2917
-43.7149
-47.0142
-48.6638
-54.4375
-62.6856
-66.8096
-66.8096
-72.5833
-72.5833
-70.9337
-72.5833
-69.2841
-68.4593
-67.6344
-68.4593
-70.1089
-66.8096
-63.5104
-62.6856
-59.3863
-56.9119
-55.2623
-50.3134
-46.1894
-46.1894
-42.8901
-38.7661
-39.5909
-35.4668
-30.518
-26.3939
-21.4451
-14.8466
-9.07291
-4.94886
1.64962
7.42329
11.5473
13.197
17.321
18.9706
21.4451
23.0947
22.2699
22.2699
24.7443
31.3428
34.642
37.9413
42.0653
44.5398
47.0142
50.3134
52.7879
52.7879
57.7367
59.3863
62.6856
65.16
67.6344
71.7585
76.7074
81.6562
86.6051
90.7291
92.3788
96.5028
98.9772
99.802
103.101
103.926
103.926
103.926
101.452
97.3276
94.0284
91.5539
86.6051
83.3058
75.8825
70.9337
66.8096
60.2112
57.7367
51.1382
47.0142
42.8901
39.5909
36.2917
31.3428
28.0435
23.0947
17.321
14.8466
5.77367
-0.82481
-5.77367
-16.4962
-22.2699
-31.3428
-39.5909
-46.1894
-59.3863
-71.7585
-80.8314
-88.2547
-95.678
-99.802
-106.401
-116.298
-119.597
-124.546
-127.846
-128.67
-131.97
-132.794
-130.32
-132.794
-135.269
-139.393
-143.517
-141.867
-140.218
-135.269
-134.444
-134.444
-136.094
-136.094
-136.094
-135.269
-133.619
-130.32
-126.196
-122.897
-119.597
-115.473
-114.649
-103.926
-90.7291
-83.3058
-68.4593
-62.6856
-53.6127
-39.5909
-33.8172
-22.2699
-10.7225
0
10.7225
18.9706
23.9195
28.0435
34.642
42.8901
54.4375
63.5104
70.9337
78.357
85.7803
94.8532
102.276
104.751
116.298
119.597
126.196
134.444
137.743
145.167
153.415
160.838
168.261
174.035
174.035
171.561
173.21
174.035
174.86
173.21
172.385
170.736
169.911
167.436
162.488
158.364
155.064
150.94
144.342
136.094
126.196
116.298
108.875
104.751
97.3276
94.0284
84.9555
75.8825
65.16
51.1382
42.0653
31.3428
23.0947
15.6714
5.77367
-5.77367
-18.1458
-29.6932
-41.2405
-50.3134
-58.5615
-70.9337
-80.0066
-91.5539
-100.627
-109.7
-120.422
-125.371
-130.32
-132.794
-136.094
-141.043
-146.816
-153.415
-159.188
-165.787
-168.261
-169.086
-169.911
-168.261
-168.261
-167.436
-169.086
-169.911
-168.261
-165.787
-158.364
-150.115
-143.517
-136.919
-133.619
-127.846
-120.422
-110.525
-99.802
-89.9043
-78.357
-69.2841
-61.036
-51.1382
-40.4157
-28.8684
-13.197
2.47443
14.8466
29.6932
37.1165
43.7149
47.839
49.4886
55.2623
62.6856
72.5833
84.9555
93.2036
100.627
103.101
103.926
107.225
