SAMPLES: 9015
BITSPERSAMPLE:	16
CHANNELS:	1
SAMPLERATE:	16000
NORMALIZED:	FALSE
0
-2.47443
-1.64962
0.82481
1.64962
5.77367
1.64962
-1.64962
-2.47443
-7.42329
-4.94886
-1.64962
-0.82481
3.29924
2.47443
-1.64962
-3.29924
-6.59848
-8.2481
-8.2481
-9.07291
-9.89772
-6.59848
-4.12405
-3.29924
-0.82481
-0.82481
-0.82481
-1.64962
-3.29924
-2.47443
-2.47443
-0.82481
2.47443
1.64962
0.82481
-0.82481
-4.94886
-4.94886
-5.77367
-7.42329
-5.77367
-3.29924
-1.64962
0.82481
-0.82481
-2.47443
-3.29924
-5.77367
-4.94886
-3.29924
-2.47443
0.82481
0.82481
2.47443
4.12405
2.47443
0
0
-0.82481
1.64962
5.77367
7.42329
6.59848
5.77367
3.29924
0.82481
-0.82481
-1.64962
-1.64962
0
3.29924
5.77367
5.77367
8.2481
7.42329
4.94886
4.12405
1.64962
3.29924
5.77367
6.59848
9.89772
11.5473
9.07291
8.2481
8.2481
9.07291
9.89772
9.89772
9.07291
9.07291
6.59848
5.77367
4.94886
3.29924
-0.82481
-0.82481
1.64962
1.64962
2.47443
1.64962
0.82481
-0.82481
-2.47443
0
0.82481
2.47443
2.47443
-0.82481
-3.29924
-5.77367
-6.59848
-5.77367
-5.77367
-6.59848
-8.2481
-7.42329
-9.89772
-10.7225
-10.7225
-9.07291
-8.2481
-8.2481
-8.2481
-8.2481
-10.7225
-10.7225
-9.07291
-7.42329
-6.59848
-4.94886
-5.77367
-5.77367
-7.42329
-10.7225
-9.07291
-8.2481
-8.2481
-5.77367
-4.12405
-5.77367
-7.42329
-9.89772
-9.07291
-6.59848
-4.94886
-3.29924
-2.47443
1.64962
0.82481
0.82481
4.94886
3.29924
4.94886
6.59848
5.77367
6.59848
3.29924
2.47443
1.64962
0.82481
1.64962
2.47443
5.77367
5.77367
4.94886
5.77367
4.94886
6.59848
5.77367
8.2481
7.42329
7.42329
8.2481
4.94886
4.94886
2.47443
0
1.64962
2.47443
4.94886
9.07291
14.0218
11.5473
10.7225
9.07291
7.42329
8.2481
9.07291
7.42329
8.2481
8.2481
4.12405
2.47443
1.64962
-0.82481
-2.47443
-0.82481
-2.47443
-1.64962
-0.82481
-0.82481
0
-0.82481
-0.82481
0
-0.82481
0
-2.47443
-4.12405
-6.59848
-7.42329
-4.94886
-3.29924
-4.94886
-4.94886
-6.59848
-9.07291
-9.07291
-5.77367
-6.59848
-5.77367
-3.29924
-4.12405
-3.29924
-4.12405
-4.94886
-4.12405
-3.29924
-4.12405
-1.64962
-0.82481
-1.64962
-0.82481
-1.64962
-4.12405
-3.29924
-2.47443
-1.64962
-2.47443
-1.64962
-1.64962
0
1.64962
3.29924
4.12405
4.12405
1.64962
-0.82481
-1.64962
-1.64962
0.82481
2.47443
3.29924
4.12405
1.64962
0
-3.29924
-4.94886
-4.94886
-3.29924
-3.29924
-0.82481
-1.64962
-3.29924
-3.29924
-4.12405
-3.29924
-0.82481
4.12405
8.2481
9.89772
9.07291
7.42329
4.94886
4.94886
4.94886
4.12405
3.29924
3.29924
3.29924
3.29924
4.12405
4.12405
4.12405
4.12405
3.29924
3.29924
2.47443
1.64962
3.29924
3.29924
4.94886
6.59848
5.77367
4.12405
0.82481
-4.12405
-5.77367
-5.77367
-7.42329
-4.94886
-2.47443
-3.29924
-2.47443
-2.47443
-5.77367
-4.12405
-3.29924
-2.47443
0
0.82481
0
-1.64962
-2.47443
-7.42329
-9.07291
-7.42329
-5.77367
-11.5473
-10.7225
-4.12405
-0.82481
4.12405
3.29924
-8.2481
-13.197
-22.2699
-27.2187
-18.9706
-12.3722
-5.77367
-10.7225
-14.8466
-9.89772
-7.42329
-2.47443
-8.2481
-7.42329
0.82481
4.94886
5.77367
-2.47443
-13.197
-9.89772
4.12405
8.2481
3.29924
0.82481
-5.77367
-2.47443
9.07291
10.7225
9.89772
15.6714
25.5691
34.642
38.7661
31.3428
21.4451
9.89772
5.77367
12.3722
9.89772
8.2481
9.89772
15.6714
27.2187
28.8684
31.3428
27.2187
18.9706
15.6714
6.59848
-3.29924
-9.89772
-5.77367
-4.12405
-9.89772
-8.2481
-9.89772
-5.77367
-4.12405
-13.197
-17.321
-13.197
-4.94886
-0.82481
2.47443
8.2481
1.64962
-7.42329
-5.77367
-9.07291
-9.07291
-3.29924
-9.07291
-15.6714
-18.1458
-19.7954
-19.7954
-14.8466
-14.0218
-18.9706
-23.0947
-16.4962
-7.42329
-9.07291
-7.42329
-17.321
-23.9195
-17.321
-14.0218
-12.3722
-5.77367
-2.47443
-18.9706
-29.6932
-27.2187
-32.9924
-36.2917
-42.0653
-47.0142
-32.9924
-14.0218
0.82481
1.64962
-3.29924
0.82481
-4.94886
-5.77367
-2.47443
-14.0218
-10.7225
-0.82481
-10.7225
-6.59848
8.2481
16.4962
12.3722
0.82481
-9.07291
-4.94886
-3.29924
-7.42329
-18.1458
-9.89772
157.539
224.348
77.5322
-8.2481
-130.32
-167.436
-20.6203
42.8901
224.348
387.661
331.574
273.012
107.225
178.159
204.553
14.0218
-41.2405
-89.9043
117.948
133.619
-24.7443
-131.145
-266.414
-31.3428
164.962
79.1818
-173.21
-221.874
-10.7225
211.151
376.113
195.48
-26.3939
-47.0142
-33.8172
-154.24
-304.355
-447.872
-617.783
-561.696
-338.997
-54.4375
38.7661
-95.678
-197.13
-269.713
-123.722
-129.495
-409.106
-469.317
-444.573
-267.239
-38.7661
-6.59848
-61.8608
-136.094
-91.5539
-93.2036
-82.481
32.1676
71.7585
155.889
239.195
306.005
401.683
425.602
318.377
137.743
44.5398
3.29924
55.2623
167.436
227.648
359.617
470.967
533.652
566.645
531.178
476.74
380.238
321.676
301.056
357.143
486.638
564.995
586.44
528.703
459.419
411.58
311.778
234.246
183.933
168.261
183.933
193.006
225.173
247.443
207.027
134.444
47.0142
-70.9337
-163.312
-256.516
-311.778
-321.676
-343.121
-358.792
-413.23
-509.733
-571.594
-680.468
-825.635
-902.342
-977.4
-975.751
-897.394
-855.328
-809.139
-811.613
-809.964
-842.131
-960.079
-1007.92
-1087.1
-1117.62
-1095.35
-1097.82
-999.67
-981.524
-920.488
-856.153
-838.832
-739.03
-689.541
-569.944
-273.837
218.575
715.111
936.16
884.197
1094.52
1385.68
1421.15
1346.92
1360.94
1716.43
1937.48
1779.94
1661.99
1716.43
1910.26
1895.41
1651.27
1580.34
1482.18
1256.19
960.904
816.562
834.708
659.023
300.231
9.07291
-265.589
-498.185
-654.075
-764.599
-811.613
-880.073
-898.218
-828.11
-828.11
-795.117
-692.016
-628.505
-612.834
-630.155
-546.849
-343.946
-145.991
-0.82481
205.378
550.973
864.401
1054.11
1337.02
1524.25
1442.59
1202.57
1025.24
924.612
682.118
408.281
262.29
175.685
0
-320.026
-653.25
-858.628
-1022.76
-1264.43
-1508.58
-1625.7
-1672.72
-1765.09
-1846.75
-1849.22
-1927.58
-2085.12
-2268.23
-2370.5
-2429.89
-2453.81
-2274
-2012.54
-1788.19
-1588.58
-1340.32
-1135.76
-1067.3
-1002.14
-1026.89
-969.152
-842.131
-692.016
-489.937
-288.684
56.9119
326.625
875.949
1468.16
1897.06
1958.92
1887.99
2396.9
2644.34
2503.3
2331.74
2565.16
3090.56
2984.16
2564.34
2330.09
2346.59
2358.96
2028.21
1736.23
1660.34
1517.65
1191.03
872.649
785.219
766.249
369.515
-168.261
-468.492
-721.709
-911.415
-1012.87
-984.823
-932.036
-1000.49
-900.693
-696.965
-637.578
-595.513
-427.252
-203.728
-122.897
-139.393
111.349
469.317
767.074
1039.26
1248.76
1492.08
1552.29
1745.3
1937.48
1886.34
1692.51
1401.35
1313.1
1014.52
522.105
50.3134
-334.048
-543.55
-950.181
-1444.24
-1733.75
-1881.39
-2050.48
-2347.41
-2537.12
-2503.3
-2594.03
-2810.13
-2861.27
-2822.5
-2749.09
-2748.27
-2748.27
-2627.02
-2520.62
-2305.34
-2082.65
-1897.06
-1682.61
-1463.21
-1233.09
-1180.3
-1064.83
-950.181
-869.35
-882.547
-882.547
-691.191
-508.908
-377.763
-275.487
-137.743
268.888
1011.22
1608.38
1975.42
1885.52
2110.69
2636.09
2625.37
2345.76
2175.02
2567.63
2881.89
2446.39
1921.81
1855.82
2066.97
2036.46
1654.57
1517.65
1597.66
1433.52
1066.48
841.306
847.08
754.701
269.713
-166.612
-388.486
-599.637
-656.549
-588.915
-472.616
-469.317
-492.412
-286.209
-75.0577
-51.963
25.5691
298.581
517.156
477.565
437.149
725.833
1058.23
1237.22
1385.68
1634.77
1919.33
1961.4
1906.14
1993.57
2056.25
1934.18
1616.63
1290
1014.52
594.688
120.422
-286.209
-710.986
-1125.04
-1488.78
-1781.59
-2032.33
-2329.26
-2470.31
-2497.53
-2573.41
-2693.01
-2786.21
-2782.09
-2793.63
-2852.19
-2812.6
-2693.01
-2549.49
-2439.79
-2308.64
-2096.67
-1903.66
-1747.77
-1586.94
-1454.97
-1445.07
-1436.82
-1343.62
-1266.91
-1225.67
-1154.73
-964.203
-802.54
-692.841
-579.842
-240.02
500.66
1108.55
1459.09
1430.22
1640.55
2198.12
2322.67
2109.86
1910.26
2274
2651.77
2424.94
1993.57
1798.09
2029.86
2099.97
1852.52
1719.73
1706.53
1599.31
1267.73
1018.64
931.211
743.154
305.18
-150.94
-473.441
-766.249
-851.204
-706.038
-539.426
-540.251
-525.404
-216.1
81.6562
150.94
171.561
349.72
593.863
587.265
520.455
728.307
1090.4
1313.92
1376.61
1619.1
2045.53
2314.42
2327.61
2300.4
2309.47
2245.13
2039.76
1685.09
1242.16
764.599
341.471
-88.2547
-645.826
-1178.65
-1464.86
-1607.56
-1846.75
-2164.3
-2311.12
-2236.89
-2227.81
-2376.28
-2497.53
-2497.53
-2460.41
-2541.24
-2624.55
-2599.8
-2500.82
-2391.95
-2291.32
-2134.61
-1949.85
-1795.61
-1657.87
-1588.58
-1618.28
-1660.34
-1633.95
-1614.15
-1605.08
-1522.6
-1316.4
-1186.9
-1129.17
-1026.89
-536.127
305.18
880.073
1175.35
1199.27
1624.88
2182.45
2200.59
1904.49
1829.43
2337.51
2645.17
2277.3
1749.42
1694.16
1953.15
1972.95
1687.56
1539.92
1612.5
1468.99
1185.25
1006.27
926.262
769.548
307.654
-145.991
-508.083
-833.058
-905.642
-821.511
-762.125
-771.198
-630.155
-188.882
185.582
324.15
484.164
741.504
941.933
881.722
796.767
1026.89
1361.76
1576.21
1681.79
1878.09
2185.75
2391.95
2438.96
2431.54
2394.42
2284.72
2041.41
1686.74
1281.76
792.643
353.019
-102.276
-667.272
-1167.11
-1442.59
-1553.12
-1743.65
-2002.64
-2062.03
-1972.12
-1963.05
-2121.41
-2283.07
-2302.05
-2281.43
-2337.51
-2460.41
-2501.65
-2433.19
-2255.03
-2093.37
-1992.74
-1850.87
-1647.15
-1523.42
-1525.07
-1657.04
-1758.5
-1737.88
-1850.05
-1919.33
-1875.62
-1794.79
-1614.15
-1539.1
-1147.31
-255.691
423.952
885.021
1069.78
1454.97
2116.46
2162.65
1821.18
1733.75
1985.32
2316.89
2041.41
1543.22
1552.29
1669.42
1783.24
1647.97
1511.05
1681.79
1615.8
1412.9
1261.13
999.67
795.942
382.712
-116.298
-495.711
-928.736
-1084.63
-983.999
-941.933
-896.569
-764.599
-329.099
174.035
338.997
525.404
772.847
966.678
977.4
806.664
885.846
1161.33
1351.86
1494.56
1643.85
1930.88
2233.59
2346.59
2415.87
2371.33
2221.21
2001.81
1605.08
1154.73
627.681
68.4593
-391.785
-935.335
-1435.17
-1702.41
-1827.78
-1866.55
-1939.13
-1919.33
-1746.95
-1642.2
-1600.96
-1604.26
-1626.53
-1598.48
-1710.66
-1874.79
-2011.71
-2075.22
-1929.23
-1750.25
-1636.42
-1539.1
-1431.87
-1210.82
-1114.32
-1168.76
-1231.44
-1348.56
-1483.01
-1631.47
-1786.54
-1818.71
-1778.29
-1674.36
-1049.98
-249.093
338.997
714.286
1146.49
1991.92
2547.84
2356.48
2050.48
2099.14
2382.05
2189.87
1463.21
1089.57
1136.59
1210.82
1142.36
971.627
1153.91
1384.03
1379.08
1468.16
1437.64
1252.89
895.744
386.836
-68.4593
-650.775
-1225.67
-1456.61
-1554.77
-1633.12
-1600.96
-1226.49
-528.703
-7.42329
360.442
833.058
1293.3
1483.01
1377.43
1311.45
1426.1
1461.56
1321.35
1219.89
1330.42
1568.79
1764.27
1977.9
2211.32
2297.92
2237.71
2027.38
1647.15
1149.79
506.434
-180.633
-932.86
-1723.03
-2296.27
-2615.47
-2744.14
-2820.03
-2767.24
-2479.38
-2161
-1895.41
-1654.57
-1424.45
-1212.47
-1183.6
-1297.43
-1441.77
-1602.61
-1673.54
-1690.04
-1728.8
-1720.55
-1640.55
-1405.48
-1113.49
-974.926
-896.569
-796.767
-745.629
-800.066
-993.072
-1160.51
-1240.51
-1273.51
-876.773
-255.691
195.48
506.434
906.467
1760.97
2498.35
2507.42
2421.64
2652.59
2952.82
2716.93
1855
1314.75
1191.85
981.524
602.112
289.508
381.887
568.294
610.36
847.905
1107.72
1117.62
960.904
752.227
536.952
48.6638
-602.936
-938.634
-1146.49
-1515.18
-1798.91
-1634.77
-1024.41
-499.01
-143.517
480.864
1232.27
1723.85
1897.06
2063.68
2393.6
2466.18
2179.97
1932.53
1849.22
1779.12
1637.25
1577.04
1655.39
1646.32
1597.66
1577.04
1443.42
1106.07
634.279
212.801
-333.223
-1125.87
-1911.09
-2461.23
-2897.56
-3354.5
-3676.18
-3633.29
-3344.61
-3080.67
-2774.66
-2315.24
-1812.93
-1468.99
-1243.81
-1070.6
-1064.01
-1193.5
-1324.65
-1454.14
-1632.3
-1826.13
-1930.88
-1855
-1793.14
-1766.74
-1564.67
-1247.94
-995.546
-891.62
-834.708
-650.775
-217.75
238.37
512.207
646.651
881.722
1440.12
1957.27
2033.98
1938.3
2193.17
2726.82
2791.16
2252.56
1802.21
1742.82
1722.2
1352.69
838.832
700.264
736.556
623.557
533.652
510.558
511.382
404.157
260.64
184.758
-14.0218
-311.778
-455.295
-518.806
-691.191
-963.378
-976.575
-626.031
-374.464
-262.29
70.9337
696.14
1239.69
1483.01
1719.73
2194.82
2541.24
2536.29
2449.69
2517.32
2555.26
2367.21
2189.05
2155.23
2104.09
1957.27
1784.89
1614.98
1327.12
862.752
392.61
-113.824
-771.198
-1459.91
-1996.87
-2389.48
-2856.32
-3311.61
-3483.17
-3424.61
-3362.75
-3354.5
-3184.59
-2806
-2487.63
-2323.49
-2085.12
-1774.99
-1559.72
-1511.05
-1544.87
-1564.67
-1624.88
-1731.28
-1789.01
-1813.76
-1856.65
-1837.68
-1670.24
-1441.77
-1283.4
-1136.59
-817.387
-200.429
323.326
595.513
810.789
1194.33
1751.9
2121.41
2107.39
2024.91
2181.62
2422.47
2335.86
1818.71
1431.05
1343.62
1224.02
881.722
484.164
361.267
414.88
397.559
344.771
360.442
382.712
315.078
189.706
40.4157
-149.291
-395.084
-552.623
-632.629
-797.592
-952.656
-858.628
-445.398
-80.8314
136.919
507.258
1113.49
1689.21
2024.08
2288.02
2672.39
2959.42
2933.85
2832.4
2817.55
2806
2657.54
2504.12
2447.21
2354.01
2182.45
2036.46
1876.44
1570.44
1201.75
806.664
338.172
-294.457
-974.101
-1510.23
-1977.07
-2507.42
-3021.28
-3317.39
-3389.15
-3462.55
-3502.97
-3316.56
-3013.86
-2754.87
-2563.51
-2295.45
-1978.72
-1807.16
-1704.06
-1622.4
-1614.15
-1664.47
-1776.64
-1850.05
-1900.36
-1981.19
-2012.54
-1913.56
-1807.98
-1691.69
-1511.05
-1106.07
-436.325
105.576
461.069
732.432
1142.36
1670.24
1970.47
1894.59
1776.64
1890.47
2077.7
1912.74
1398.88
1070.6
982.349
849.555
523.755
188.882
77.5322
56.9119
-42.8901
-37.9413
45.3646
91.5539
17.321
-98.1524
-150.115
-284.56
-504.784
-588.915
-577.367
-696.14
-848.73
-725.008
-256.516
162.488
401.683
753.052
1313.92
1869.02
2258.33
2561.86
2983.34
3320.69
3358.63
3323.16
3342.96
3355.33
3171.4
2915.7
2763.11
2565.16
2297.1
2078.52
1848.4
1539.1
1190.2
821.511
461.894
28.0435
-484.988
-987.298
-1464.04
-1956.45
-2476.91
-2854.67
-2999.01
-3137.58
-3279.45
-3271.2
-3093.04
-2849.72
-2611.35
-2342.46
-2041.41
-1835.2
-1695.81
-1538.27
-1468.99
-1459.91
-1549.82
-1660.34
-1763.44
-1931.71
-2127.19
-2197.29
-2160.18
-2135.43
-2130.48
-1889.64
-1209.17
-556.747
-160.013
178.159
725.833
1388.98
1816.23
1846.75
1782.42
1920.98
2067.8
1883.87
1354.34
924.612
699.439
471.791
133.619
-196.305
-353.019
-336.523
-307.654
-268.063
-209.502
-115.473
-49.4886
-66.8096
-119.597
-287.859
-483.339
-590.564
-642.527
-781.095
-899.868
-764.599
-373.639
-9.07291
247.443
648.301
1251.24
1887.17
2366.38
2769.71
3205.21
3544.21
3715.77
3779.28
3809.8
3761.13
3622.57
3431.21
3226.66
2921.48
2547.01
2302.05
2102.44
1764.27
1259.49
827.285
511.382
92.3788
-439.624
-898.218
-1225.67
-1604.26
-2063.68
-2415.87
-2546.19
-2680.63
-2904.98
-3015.51
-2932.2
-2791.98
-2718.57
-2589.9
-2333.39
-2109.04
-1991.09
-1832.73
-1604.26
-1450.84
-1468.99
-1519.3
-1509.4
-1545.69
-1673.54
-1774.17
-1829.43
-1891.29
-2029.86
-1922.63
-1364.24
-827.285
-542.725
-264.764
352.194
1122.57
1611.68
1774.99
1940.78
2195.65
2303.7
2048
1520.95
1120.92
778.621
329.924
-145.991
-547.674
-760.475
-846.255
-838.007
-741.504
-664.797
-574.068
-459.419
-423.128
-469.317
-575.718
-709.337
-804.19
-928.736
-1135.76
-1283.4
-1221.54
-965.028
-726.658
-486.638
-34.642
581.491
1191.85
1757.67
2322.67
2843.95
3236.56
3485.65
3708.35
3896.4
3911.25
3754.54
3554.11
3418.84
3248.93
2920.65
2613.82
2410.92
2161.83
1766.74
1318.87
966.678
596.338
136.919
-284.56
-670.571
-1087.92
-1477.24
-1751.9
-1898.71
-2050.48
-2268.23
-2417.52
-2410.1
-2290.5
-2211.32
-2146.16
-1966.35
-1778.29
-1698.28
-1606.73
-1407.13
-1222.37
-1163.81
-1189.38
-1179.48
-1180.3
-1229.79
-1286.7
-1379.91
-1495.38
-1597.66
-1651.27
-1441.77
-1026.89
-743.979
-606.236
-330.749
245.793
876.773
1271.86
1452.49
1665.29
1950.68
2136.26
1953.15
1497.03
1120.92
753.052
282.085
-268.888
-692.841
-961.729
-1171.23
-1264.43
-1231.44
-1178.65
-1124.22
-1040.91
-926.262
-824.81
-856.153
-955.955
-1012.04
-1083.8
-1251.24
-1437.64
-1445.07
-1260.31
-1110.19
-965.028
-621.907
-97.3276
448.697
960.904
1511.88
2068.62
2524.74
2912.41
3288.52
3579.68
3675.35
3611.84
3565.65
3539.26
3377.6
3036.95
2704.55
2497.53
2258.33
1880.57
1478.06
1139.06
818.212
452.821
83.3058
-258.99
-573.243
-847.905
-1080.5
-1251.24
-1408.78
-1568.79
-1693.34
-1729.63
-1723.03
-1746.95
-1744.47
-1662.82
-1534.15
-1441.77
-1337.02
-1155.56
-1012.04
-949.357
-936.16
-918.014
-916.364
-973.276
-1106.07
-1251.24
-1379.08
-1512.7
-1644.67
-1684.26
-1454.14
-1162.16
-980.699
-803.365
-411.58
154.24
627.681
904.817
1128.34
1468.99
1801.39
1864.07
1596.83
1271.03
1025.24
706.038
258.99
-200.429
-552.623
-813.263
-988.123
-1034.31
-1025.24
-1002.97
-957.605
-822.336
-692.016
-660.673
-715.111
-742.329
-730.782
-804.19
-982.349
-1102.77
-1030.19
-913.89
-846.255
-724.183
-436.325
-75.0577
291.158
706.038
1181.13
1669.42
2067.8
2418.34
2763.11
3024.58
3140.88
3181.29
3226.66
3219.23
3075.72
2839
2625.37
2401.85
2132.96
1795.61
1429.4
1065.65
689.541
323.326
-23.9195
-338.997
-632.629
-893.27
-1119.27
-1278.46
-1409.6
-1521.77
-1602.61
-1654.57
-1643.85
-1596.83
-1551.47
-1499.51
-1412.9
-1266.08
-1111.02
-1019.47
-926.262
-811.613
-763.774
-796.767
-864.401
-932.86
-1061.53
-1256.19
-1440.12
-1598.48
-1717.26
-1854.17
-1860.77
-1610.03
-1276.81
-1054.11
-840.482
-344.771
291.983
795.942
1073.08
1375.78
1779.94
2055.43
1995.22
1679.31
1418.67
1205.05
838.832
275.487
-218.575
-537.776
-763.774
-944.408
-1035.14
-1026.89
-981.524
-878.423
-735.731
-593.863
-487.463
-428.077
-390.135
-380.238
-488.288
-687.067
-772.022
-740.68
-776.146
-871.824
-835.533
-569.119
-244.144
68.4593
452.821
927.912
1436.82
1850.87
2184.1
2548.66
2901.68
3074.89
3103.76
3126.03
3125.21
3008.08
2820.03
2669.91
2452.16
2145.33
1866.55
1609.2
1268.56
847.905
474.266
170.736
-141.867
-520.455
-879.248
-1090.4
-1192.68
-1359.29
-1568.79
-1624.05
-1560.54
-1571.26
-1604.26
-1504.45
-1343.62
-1253.71
-1210
-1140.71
-1076.38
-1076.38
-1119.27
-1186.08
-1271.86
-1390.63
-1543.22
-1647.15
-1732.93
-1856.65
-1978.72
-1975.42
-1887.99
-1829.43
-1652.1
-1271.86
-875.949
-652.425
-349.72
177.334
686.242
962.554
1079.68
1329.59
1675.19
1824.48
1632.3
1372.48
1265.26
1106.9
739.855
317.552
37.9413
-191.356
-422.303
-583.966
-620.257
-645.826
-676.344
-617.783
-517.156
-442.098
-418.179
-376.938
-281.26
-265.589
-387.661
-475.916
-453.646
-403.332
-470.967
-514.682
-367.865
-127.846
94.0284
354.668
726.658
1149.79
1518.48
1853.35
2198.94
2493.4
2716.1
2881.89
3028.7
3116.96
3060.87
2958.59
2921.48
2853.84
2630.32
2283.07
1992.74
1732.1
1332.07
823.985
366.216
-35.4668
-491.587
-983.174
-1346.92
-1578.69
-1787.36
-1997.69
-2077.7
-1987.79
-1876.44
-1807.98
-1695.81
-1503.63
-1346.92
-1290
-1258.66
-1196.8
-1202.57
-1341.14
-1505.28
-1617.45
-1718.08
-1860.77
-1980.37
-2011.71
-2005.11
-2024.08
-1989.44
-1850.87
-1691.69
-1595.18
-1450.02
-1088.75
-704.388
-484.988
-321.676
29.6932
487.463
785.219
888.321
1043.39
1331.24
1552.29
1547.34
1348.56
1184.43
1045.86
800.891
470.967
147.641
-83.3058
-244.144
-353.844
-414.88
-475.091
-483.339
-366.216
-192.181
-74.2329
-49.4886
-9.07291
89.0795
145.991
116.298
34.642
6.59848
26.3939
15.6714
-20.6203
24.7443
161.663
367.041
613.659
875.949
1171.23
1469.81
1798.91
2123.89
2386.18
2585.78
2742.49
2916.53
3075.72
3126.86
3074.07
3011.38
2933.03
2763.94
2489.28
2130.48
1775.82
1410.43
963.378
446.222
-47.839
-464.368
-864.401
-1246.29
-1537.45
-1723.03
-1852.52
-1962.22
-2012.54
-1967.17
-1907.79
-1881.39
-1863.25
-1841.8
-1817.06
-1828.6
-1873.14
-1901.19
-1939.95
-1993.57
-2025.73
-2001.81
-1965.52
-1966.35
-1916.03
-1809.63
-1723.03
-1672.72
-1634.77
-1548.17
-1466.51
-1435.17
-1449.19
-1429.4
-1236.39
-993.072
-847.08
-778.621
-569.944
-216.1
115.473
331.574
480.04
729.132
1022.76
1212.47
1178.65
1055.76
1010.39
964.203
815.737
588.09
419.828
329.099
269.713
227.648
205.378
202.079
251.567
362.092
455.295
511.382
572.418
653.25
753.877
847.905
868.525
866.876
921.313
1000.49
1031.01
1026.06
1072.25
1176.18
1291.65
1382.38
1468.99
1592.71
1738.7
1895.41
2038.11
2175.02
2305.34
2392.77
2423.29
2434.02
2439.79
2343.29
2144.51
1935.83
1716.43
1441.77
1125.04
808.314
496.536
214.451
-20.6203
-257.341
-517.156
-774.497
-1007.92
-1218.24
-1432.7
-1685.91
-1946.55
-2123.89
-2226.16
-2363.08
-2511.55
-2561.86
-2508.25
-2425.77
-2374.63
-2283.07
-2118.11
-1934.18
-1779.94
-1647.97
-1532.5
-1431.05
-1355.99
-1325.47
-1350.21
-1410.43
-1486.31
-1568.79
-1677.66
-1826.95
-1969.65
-2069.45
-2109.86
-2173.38
-2147.81
-1935.83
-1684.26
-1521.77
-1346.09
-961.729
-494.061
-112.174
164.137
511.382
964.203
1318.05
1476.41
1533.32
1628.18
1698.28
1657.04
1523.42
1417.02
1358.46
1296.6
1252.89
1256.19
1289.18
1346.09
1464.04
1637.25
1774.99
1827.78
1905.31
2004.29
2059.55
2036.46
1953.15
1897.89
1828.6
1704.88
1540.75
1410.43
1326.29
1224.02
1112.67
1032.66
1002.14
974.926
934.51
897.394
868.525
813.263
748.103
688.717
631.805
576.542
546.024
578.192
615.308
627.681
652.425
696.965
734.906
713.461
589.739
409.931
231.772
2.47443
-327.45
-730.782
-1105.25
-1426.1
-1747.77
-2024.91
-2211.32
-2323.49
-2354.83
-2308.64
-2218.74
-2068.62
-1879.74
-1664.47
-1469.81
-1320.52
-1188.55
-1096.17
-1046.68
-1044.21
-1111.02
-1214.12
-1332.07
-1465.69
-1629
-1788.19
-1931.71
-2061.2
-2196.47
-2321.02
-2389.48
-2437.31
-2442.26
-2405.15
-2320.19
-2190.7
-1949.03
-1600.96
-1268.56
-989.772
-652.425
-193.006
249.918
603.761
867.7
1179.48
1525.07
1797.26
1909.44
1935
2028.21
2118.11
2151.11
2104.09
2076.87
2085.95
2099.14
2096.67
2090.89
2077.7
2071.1
2112.34
2141.21
2128.84
2085.12
2064.5
2031.51
1960.57
1830.25
1639.72
1446.72
1272.68
1067.3
782.745
507.258
282.085
92.3788
-89.0795
-261.465
-375.289
-402.507
-341.471
-254.042
-129.495
59.3863
299.406
548.499
777.796
979.875
1168.76
1312.27
1393.93
1415.37
1355.16
1238.04
1088.75
920.488
702.738
461.069
218.575
-20.6203
-249.093
-457.77
-646.651
-833.883
-991.422
-1146.49
-1282.58
-1395.58
-1492.08
-1593.53
-1715.61
-1838.5
-1955.63
-2072.75
-2200.59
-2343.29
-2488.45
-2620.42
-2717.75
-2783.73
-2852.19
-2914.05
-2927.25
-2895.08
-2839.82
-2757.34
-2641.04
-2475.26
-2275.65
-2081.82
-1894.59
-1693.34
-1483.01
-1304.03
-1155.56
-997.196
-822.336
-667.272
-505.609
-284.56
-35.4668
180.633
395.084
725.008
1119.27
1458.26
1727.15
2018.31
2409.27
2769.71
2980.86
3060.05
3145
3251.4
3262.95
3174.69
3046.02
2907.46
2755.69
2602.28
2426.59
2224.51
2000.99
1798.91
1629
1436.82
1207.52
990.597
817.387
648.301
459.419
257.341
98.9772
-9.89772
-98.1524
-216.1
-311.778
-325.8
-303.53
-241.669
-156.714
-51.1382
71.7585
235.896
421.478
558.397
655.724
760.475
880.073
975.751
1011.22
1010.39
1012.04
987.298
934.51
858.628
748.103
630.98
484.988
301.881
87.4299
-125.371
-360.442
-633.454
-905.642
-1190.2
-1493.73
-1765.92
-2010.89
-2289.67
-2573.41
-2806.83
-3002.31
-3167.27
-3291.82
-3354.5
-3373.47
-3355.33
-3297.59
-3209.34
-3063.35
-2880.24
-2681.46
-2460.41
-2194
-1878.92
-1580.34
-1284.23
-967.502
-643.352
-336.523
-54.4375
201.254
406.631
568.294
697.79
778.621
790.993
761.3
711.811
640.878
543.55
432.201
350.544
285.384
277.961
343.946
452.821
583.141
744.804
993.896
1290
1562.19
1770.04
1960.57
2181.62
2368.86
2428.24
2349.06
2242.66
2146.98
1999.34
1766.74
1516.83
1304.03
1140.71
1030.19
924.612
870.175
870.175
936.984
1050.81
1134.94
1208.35
1299.08
1398.88
1459.91
1447.54
1365.06
1267.73
1156.38
1004.62
805.84
597.987
415.704
255.691
135.269
37.9413
-42.8901
-97.3276
-119.597
-118.773
-139.393
-177.334
-193.006
-223.524
-305.18
-415.704
-549.324
-687.892
-842.131
-1010.39
-1181.95
-1355.16
-1497.03
-1612.5
-1703.23
-1754.37
-1802.21
-1840.98
-1832.73
-1793.14
-1751.9
-1717.26
-1670.24
-1610.85
-1564.67
-1502.8
-1442.59
-1413.72
-1392.28
-1358.46
-1288.35
-1215.77
-1132.46
-1031.01
-908.941
-767.898
-632.629
-499.01
-366.216
-235.071
-127.021
-32.9924
83.3058
197.13
291.983
383.537
477.565
536.952
566.645
587.265
593.039
562.521
491.587
400.033
296.932
176.509
14.8466
-179.809
-371.165
-551.798
-748.928
-926.262
-1046.68
-1115.97
-1110.19
-1014.52
-885.846
-736.556
-480.04
-114.649
261.465
588.915
917.189
1325.47
1751.07
2095.84
2314.42
2467.83
2631.97
2772.19
2820.85
2768.89
2714.45
2691.36
2669.91
2623.72
2551.14
2449.69
2354.01
2302.05
2206.37
2014.19
1797.26
1606.73
1376.61
1085.45
756.351
401.683
33.8172
-320.026
-677.994
-1045.86
-1365.89
-1633.12
-1855.82
-2029.03
-2157.7
-2242.66
-2256.68
-2194.82
-2123.06
-2046.35
-1928.41
-1748.6
-1548.99
-1367.54
-1175.35
-984.823
-813.263
-640.878
-480.04
-371.165
-309.304
-244.969
-188.882
-150.94
-117.948
-103.101
-72.5833
-23.0947
4.12405
25.5691
78.357
141.867
166.612
173.21
181.458
184.758
174.035
123.722
38.7661
-61.036
-144.342
-224.348
-316.727
-395.084
-458.595
-493.237
-470.142
-421.478
-382.712
-335.698
-254.866
-186.407
-136.094
-96.5028
-95.678
-114.649
-168.261
-236.721
-311.778
-404.982
-476.74
-551.798
-630.98
-682.118
-683.768
-676.344
-663.147
-618.608
-573.243
-532.827
-489.937
-460.244
-434.675
-395.084
-367.041
-363.741
-348.07
-257.341
-90.7291
57.7367
169.086
345.596
639.228
929.561
1117.62
1254.54
1444.24
1683.44
1849.22
1846.75
1765.92
1741.17
1710.66
1590.23
1398.05
1208.35
1064.83
948.532
825.635
694.49
574.893
489.937
454.47
429.726
371.165
295.282
266.414
255.691
218.575
138.568
28.8684
-36.2917
-65.16
-136.094
-275.487
-398.383
-463.543
-517.156
-573.243
-638.403
-686.242
-663.147
-564.995
-478.39
-403.332
-304.355
-184.758
-61.036
48.6638
147.641
223.524
283.735
333.223
345.596
313.428
251.567
192.181
136.919
67.6344
-3.29924
-63.5104
-113.824
-139.393
-149.291
-153.415
-121.247
-53.6127
11.5473
47.0142
94.8532
158.364
190.531
201.254
197.13
150.94
65.16
-48.6638
-183.108
-359.617
-571.594
-779.446
-992.247
-1189.38
-1355.16
-1494.56
-1581.99
-1609.2
-1589.41
-1539.1
-1441.77
-1294.95
-1136.59
-993.896
-838.007
-661.498
-521.28
-446.222
-397.559
-356.318
-348.07
-364.566
-404.157
-457.77
-503.134
-527.054
-570.769
-603.761
-608.71
-616.133
-635.929
-646.651
-636.754
-635.929
-628.505
-621.907
-624.381
-641.702
-616.133
-462.719
-256.516
-125.371
-9.07291
272.187
694.49
1064.83
1298.25
1544.87
1933.36
2352.36
2603.1
2669.91
2735.07
2843.12
2881.06
2787.03
2603.1
2428.24
2269.05
2118.11
1930.88
1689.21
1455.79
1308.15
1221.54
1072.25
850.379
674.695
585.615
514.682
387.661
200.429
36.2917
-48.6638
-122.072
-264.764
-432.201
-523.755
-564.995
-595.513
-620.257
-632.629
-602.936
-503.134
-365.391
-257.341
-160.838
-49.4886
79.1818
194.655
270.538
316.727
334.048
324.15
293.632
230.947
121.247
-12.3722
-138.568
-274.662
-449.522
-633.454
-789.343
-908.116
-1017.82
-1144.84
-1255.36
-1329.59
-1393.93
-1469.81
-1543.22
-1598.48
-1655.39
-1690.04
-1717.26
-1740.35
-1758.5
-1779.94
-1796.44
-1807.98
-1821.18
-1854.17
-1894.59
-1907.79
-1897.06
-1867.37
-1813.76
-1725.5
-1605.08
-1457.44
-1279.28
-1070.6
-819.861
-551.798
-291.983
-32.1676
225.173
449.522
644.177
824.81
965.853
1065.65
1133.29
1182.78
1210.82
1213.3
1198.45
1167.11
1141.54
1115.14
1087.92
1052.46
1019.47
999.67
980.699
959.254
942.758
944.408
936.16
907.291
884.197
861.102
845.431
815.737
751.402
687.067
651.6
641.702
647.476
694.49
784.395
899.868
1011.22
1168.76
1388.98
1613.33
1831.08
2038.11
2260.81
2474.43
2612.17
2648.47
2614.65
2560.21
2433.19
2222.86
1959.75
1686.74
1434.35
1177.83
929.561
703.563
495.711
318.377
177.334
25.5691
-131.97
-291.983
-461.894
-636.754
-872.649
-1149.79
-1437.64
-1737.05
-2039.76
-2373.8
-2711.15
-2993.24
-3225.01
-3414.71
-3552.46
-3624.22
-3612.67
-3546.68
-3437.81
-3290.99
-3107.89
-2889.31
-2656.71
-2423.29
-2196.47
-1981.19
-1777.47
-1581.16
-1385.68
-1207.52
-1060.71
-939.459
-820.686
-688.717
-564.995
-455.295
-342.296
-210.327
-55.2623
117.123
279.611
446.222
617.783
779.446
943.583
1093.7
1224.84
1339.49
1426.92
1488.78
1519.3
1517.65
1479.71
1420.32
1350.21
1261.96
1167.11
1075.55
994.721
922.963
867.7
838.832
819.037
810.789
825.635
848.73
878.423
917.189
955.13
999.67
1054.11
1116.79
1187.73
1253.71
1316.4
1380.73
1416.2
1423.62
1411.25
1368.36
1315.57
1249.59
1157.21
1053.28
953.481
854.503
747.278
633.454
525.404
434.675
351.369
258.99
175.685
104.751
50.3134
2.47443
-53.6127
-117.123
-174.86
-220.224
-268.888
-321.676
-380.238
-447.872
-517.156
-583.966
-658.199
-740.68
-821.511
-898.218
-972.451
-1045.86
-1115.97
-1186.08
-1251.24
-1313.92
-1379.08
-1434.35
-1478.06
-1510.23
-1539.1
-1557.24
-1562.19
-1559.72
-1553.12
-1550.64
-1531.67
-1505.28
-1469.81
-1426.92
-1388.16
-1351.04
-1307.32
-1256.19
-1217.42
-1168.76
-1112.67
-1047.51
-966.678
-875.949
-773.672
-651.6
-510.558
-362.917
-199.604
-23.9195
160.013
348.07
526.229
683.768
816.562
926.262
1009.57
1069.78
1105.25
1125.87
1143.19
1153.91
1158.86
1167.93
1180.3
1203.4
1234.74
1280.93
1335.37
1397.23
1466.51
1530.02
1583.64
1621.58
1644.67
1647.97
1627.35
1590.23
1541.57
1478.88
1405.48
1320.52
1238.04
1161.33
1084.63
1013.69
941.109
867.7
798.416
730.782
660.673
593.039
530.353
471.791
422.303
367.041
306.005
228.472
141.867
39.5909
-80.0066
-211.151
-356.318
-499.01
-640.053
-772.022
-890.795
-992.247
-1078.03
-1134.11
-1160.51
-1162.16
-1140.71
-1104.42
-1055.76
-1007.92
-971.627
-951.831
-952.656
-975.751
-1023.59
-1090.4
-1167.93
-1252.89
-1333.72
-1411.25
-1481.36
-1532.5
-1568.79
-1584.46
-1585.29
-1566.31
-1529.2
-1478.88
-1422.8
-1365.06
-1297.43
-1237.22
-1179.48
-1120.09
-1070.6
-1015.34
-969.977
-926.262
-880.073
-839.657
-791.818
-741.504
-687.892
-621.082
-540.251
-444.573
-329.924
-198.779
-43.7149
133.619
327.45
540.251
769.548
993.072
1205.05
1417.85
1631.47
1834.38
2004.29
2153.58
2288.02
2406.8
2502.47
2551.96
2559.39
2548.66
2523.92
2474.43
2400.2
2311.12
2230.29
2157.7
2071.92
1989.44
1910.26
1840.15
1779.12
1702.41
1626.53
1548.17
1450.02
1332.07
1187.73
1015.34
821.511
613.659
395.909
178.159
-46.1894
-267.239
-467.667
-647.476
-813.263
-958.43
-1082.15
-1166.28
-1224.02
-1265.26
-1283.4
-1297.43
-1306.5
-1312.27
-1326.29
-1336.19
-1357.64
-1393.1
-1429.4
-1482.18
-1543.22
-1600.13
-1653.74
-1707.36
-1758.5
-1808.81
-1839.33
-1847.58
-1840.15
-1807.98
-1762.62
-1696.63
-1608.38
-1514.35
-1396.4
-1261.96
-1134.94
-1007.09
-883.372
-769.548
-658.199
-558.397
-467.667
-385.186
-313.428
-244.144
-179.809
-133.619
-89.0795
-50.3134
-23.9195
11.5473
54.4375
115.473
192.181
259.815
339.822
428.077
513.857
598.812
671.396
730.782
793.468
847.905
896.569
942.758
965.853
986.473
1002.14
998.02
983.999
974.101
966.678
968.327
976.575
984.823
1010.39
1050.81
1088.75
1127.52
1170.41
1222.37
1270.21
1308.97
1349.39
1378.26
1384.03
1369.19
1325.47
1267.73
1193.5
1099.47
993.072
883.372
769.548
665.622
567.469
468.492
381.887
297.757
223.524
153.415
75.0577
-1.64962
-75.0577
-156.714
-244.144
-328.274
-420.653
-518.806
-611.184
-703.563
-790.993
-861.102
-921.313
-974.926
-1015.34
-1030.19
-1031.84
-1030.19
-1014.52
-1011.22
-1009.57
-1005.44
-1018.64
-1041.74
-1073.08
-1105.25
-1138.24
-1174.53
-1199.27
-1205.87
-1206.7
-1195.15
-1160.51
-1106.07
-1029.36
-933.685
-838.007
-737.38
-630.155
-527.879
-436.325
-364.566
-297.757
-245.793
-203.728
-158.364
-120.422
-72.5833
-14.0218
52.7879
127.021
232.597
344.771
466.843
601.287
727.483
858.628
977.4
1075.55
1146.49
1185.25
1194.33
1174.53
1119.27
1038.44
939.459
822.336
706.038
598.812
499.01
415.704
353.019
296.932
273.837
266.414
268.888
287.034
292.808
303.53
301.881
282.085
257.341
207.852
141.867
69.2841
-13.197
-92.3788
-162.488
-232.597
-295.282
-334.048
-353.019
-351.369
-326.625
-290.333
-246.618
-198.779
-141.043
-85.7803
-47.0142
-13.197
9.89772
30.518
52.7879
61.036
57.7367
50.3134
28.0435
4.94886
-15.6714
-36.2917
-48.6638
-53.6127
-51.963
-35.4668
-26.3939
-24.7443
-18.1458
-23.9195
-22.2699
-23.0947
-32.9924
-37.9413
-70.9337
-115.473
-170.736
-242.494
-317.552
-403.332
-486.638
-552.623
-601.287
-639.228
-659.023
-667.272
-658.199
-618.608
-560.871
-480.864
-381.062
-274.662
-156.714
-42.0653
54.4375
141.043
210.327
272.187
328.274
371.989
409.931
452.821
491.587
530.353
571.594
598.812
642.527
686.242
725.008
781.095
824.81
869.35
901.518
910.591
909.766
883.372
836.358
771.198
683.768
585.615
474.266
353.844
226.823
95.678
-42.0653
-182.283
-303.53
-419.004
-520.455
-607.885
-676.344
-717.585
-753.052
-776.146
-784.395
-786.044
-772.847
-762.125
-750.577
-735.731
-728.307
-725.833
-722.534
-724.183
-729.132
-734.906
-737.38
-731.607
-714.286
-687.067
-646.651
-591.389
-527.879
-447.047
-356.318
-250.742
-133.619
-18.1458
104.751
230.947
348.895
454.47
540.251
613.659
675.52
720.059
743.979
748.103
729.957
696.14
652.425
597.987
540.251
479.215
412.405
348.07
282.085
216.1
151.765
84.9555
31.3428
-17.321
-65.9848
-106.401
-145.991
-180.633
-210.327
-238.37
-248.268
-244.969
-230.122
-198.779
-159.188
-107.225
-48.6638
12.3722
83.3058
157.539
231.772
295.282
352.194
400.858
437.974
462.719
475.916
480.864
476.74
461.069
439.624
406.631
362.092
316.727
274.662
242.494
215.275
186.407
158.364
131.145
103.101
79.1818
51.1382
28.8684
12.3722
-4.12405
-20.6203
-42.8901
-71.7585
-107.225
-147.641
-192.181
-240.845
-292.808
-338.997
-374.464
-410.756
-447.872
-484.164
-519.63
-542.725
-560.046
-569.119
-569.944
-562.521
-548.499
-527.879
-508.083
-492.412
-472.616
-453.646
-433.85
-403.332
-372.814
-335.698
-296.932
-258.166
-217.75
-176.509
-130.32
-89.0795
-39.5909
11.5473
60.2112
108.875
145.167
176.509
202.079
228.472
248.268
264.764
281.26
297.757
322.501
343.946
368.69
383.537
399.208
415.704
429.726
442.923
444.573
444.573
441.274
431.376
414.88
381.887
348.07
311.778
274.662
244.969
211.151
178.159
155.064
136.094
122.897
112.999
107.225
98.9772
97.3276
98.1524
98.9772
101.452
98.1524
101.452
101.452
99.802
95.678
89.0795
75.0577
56.9119
33.8172
4.12405
-27.2187
-68.4593
-109.7
-152.59
-197.954
-244.144
-288.684
-329.924
-364.566
-391.785
-411.58
-425.602
-437.974
-442.098
-453.646
-461.894
-465.193
-480.864
-493.237
-513.857
-539.426
-565.82
-598.812
-623.557
-647.476
-659.023
-659.848
-649.126
-620.257
-581.491
-527.879
-457.77
-378.588
-289.508
-196.305
-99.802
-6.59848
83.3058
166.612
242.494
310.129
367.865
419.828
461.069
493.237
517.981
536.952
554.273
570.769
592.214
607.06
626.856
645.826
654.899
670.571
677.169
680.468
678.819
666.447
649.126
618.608
584.79
542.725
501.485
459.419
419.004
384.362
348.895
316.727
287.034
271.363
264.764
268.063
289.508
315.902
351.369
381.887
401.683
419.828
421.478
417.354
400.858
373.639
339.822
291.158
230.947
164.137
89.0795
10.7225
-70.9337
-143.517
-211.976
-277.961
-343.121
-406.631
-456.945
-504.784
-545.2
-579.842
-611.184
-633.454
-651.6
-659.023
-662.323
-660.673
-656.549
-651.6
-646.651
-654.075
-661.498
-683.768
-711.811
-743.979
-791.818
-833.883
-879.248
-927.912
-968.327
-1007.92
-1028.54
-1035.14
-1035.14
-1009.57
-966.678
-908.941
-836.358
-756.351
-672.22
-578.192
-485.813
-397.559
-308.479
-226.823
-151.765
-79.1818
-16.4962
42.0653
94.0284
139.393
183.933
221.049
258.166
298.581
335.698
380.238
433.85
482.514
536.127
593.039
646.651
706.038
762.125
816.562
872.649
915.539
951.831
986.473
1013.69
1040.91
1064.01
1077.2
1090.4
1102.77
1108.55
1109.37
1101.95
1095.35
1092.87
1078.85
1067.3
1048.33
1021.94
987.298
938.634
888.321
833.058
770.373
699.439
629.33
560.046
495.711
435.5
367.041
307.654
244.144
174.86
107.225
37.1165
-28.0435
-89.0795
-148.466
-209.502
-267.239
-330.749
-400.858
-472.616
-552.623
-629.33
-706.038
-776.146
-832.234
-876.773
-914.715
-944.408
-964.203
-981.524
-988.123
-988.123
-982.349
-966.678
-947.707
-928.736
-908.116
-891.62
-879.248
-871
-873.474
-881.722
-891.62
-905.642
-912.24
-918.014
-913.89
-901.518
-884.197
-856.978
-825.635
-791.818
-757.176
-718.41
-677.169
-633.454
-589.739
-546.849
-500.66
-453.646
-405.807
-365.391
-317.552
-274.662
-235.896
-189.706
-145.167
-94.0284
-30.518
35.4668
104.751
183.108
261.465
338.172
420.653
503.134
584.79
664.797
747.278
825.635
901.518
969.977
1031.01
1092.87
1148.96
1195.15
1233.92
1262.78
1282.58
1293.3
1298.25
1292.48
1273.51
1247.94
1210
1167.11
1125.04
1081.33
1036.79
992.247
945.233
892.445
838.007
782.745
717.585
649.951
581.491
515.506
442.923
375.289
302.705
230.122
160.013
88.2547
24.7443
-38.7661
-102.276
-164.137
-230.947
-294.457
-357.968
-417.354
-466.018
-512.207
-550.973
-588.09
-619.433
-647.476
-676.344
-701.089
-724.183
-741.504
-760.475
-779.446
-794.292
-813.263
-834.708
-852.854
-869.35
-884.197
-896.569
-899.868
-899.868
-894.919
-894.094
-892.445
-884.197
-869.35
-848.73
-822.336
-789.343
-748.928
-706.862
-659.848
-612.834
-562.521
-508.083
-452.821
-395.084
-342.296
-290.333
-235.896
-183.108
-129.495
-77.5322
-23.9195
33.8172
85.7803
134.444
184.758
229.297
273.837
318.377
361.267
405.807
449.522
494.061
539.426
584.79
618.608
646.651
676.344
700.264
723.359
739.03
751.402
764.599
772.847
776.971
778.621
780.271
781.095
778.621
772.847
758.825
743.154
727.483
698.614
670.571
636.754
598.812
558.397
513.032
464.368
408.281
355.493
293.632
230.122
162.488
92.3788
30.518
-38.7661
-101.452
-155.064
-207.027
-252.392
-296.107
-330.749
-364.566
-389.31
-412.405
-437.974
-452.821
-472.616
-490.762
-504.784
-517.981
-536.127
-551.798
-563.345
-578.192
-590.564
-601.287
-615.308
-623.557
-626.031
-622.732
-619.433
-609.535
-595.513
-578.192
-555.097
-532.827
-501.485
-467.667
-432.201
-390.96
-351.369
-315.902
-277.961
-240.845
-207.027
-174.86
-141.867
-108.05
-71.7585
-34.642
4.12405
41.2405
80.8314
117.948
151.765
189.706
227.648
264.764
306.005
345.596
383.537
421.478
457.77
491.587
524.579
553.448
582.316
606.236
626.031
645.002
657.374
665.622
670.571
675.52
670.571
672.22
672.22
662.323
651.6
630.155
613.659
588.09
559.221
539.426
511.382
485.813
456.12
428.077
395.909
363.741
331.574
292.808
252.392
203.728
155.064
95.678
37.1165
-20.6203
-80.8314
-135.269
-197.954
-259.815
-324.15
-387.661
-449.522
-511.382
-569.119
-621.907
-671.396
-718.41
-758.825
-795.942
-827.285
-854.503
-878.423
-896.569
-913.065
-925.437
-939.459
-941.109
-939.459
-932.86
-918.839
-903.167
-875.124
-847.08
-810.789
-772.022
-732.432
-685.417
-632.629
-573.243
-506.434
-431.376
-352.194
-275.487
-201.254
-127.021
-55.2623
9.89772
75.0577
136.919
197.13
252.392
302.705
348.895
390.135
426.427
460.244
485.813
508.908
524.579
541.9
561.696
581.491
602.112
624.381
640.053
649.951
661.498
669.746
677.994
685.417
696.965
714.286
732.432
749.753
766.249
780.271
790.993
793.468
790.168
776.146
757.176
736.556
710.986
683.768
659.023
629.33
595.513
555.922
513.032
471.791
425.602
373.639
317.552
252.392
186.407
123.722
63.5104
9.89772
-41.2405
-92.3788
-141.867
-193.006
-241.669
-285.384
-330.749
-374.464
-413.23
-454.47
-491.587
-527.879
-563.345
-593.039
-621.082
-650.775
-674.695
-695.315
-708.512
-717.585
-725.833
-730.782
-732.432
-733.256
-728.307
-716.76
-702.738
-684.593
-665.622
-645.002
-621.907
-595.513
-560.871
-519.63
-473.441
-425.602
-379.413
-329.099
-280.435
-232.597
-188.882
-150.94
-119.597
-90.7291
-59.3863
-34.642
-10.7225
12.3722
29.6932
42.8901
56.0871
67.6344
77.5322
83.3058
86.6051
87.4299
86.6051
89.9043
89.0795
88.2547
93.2036
97.3276
106.401
115.473
127.846
146.816
164.137
183.933
209.502
230.122
249.918
272.187
293.632
310.129
324.15
336.523
348.07
362.917
371.989
384.362
391.785
395.909
404.157
404.982
411.58
415.704
417.354
421.478
419.004
416.529
413.23
404.157
395.909
386.836
371.989
354.668
338.172
315.078
290.333
264.764
231.772
197.954
155.064
110.525
64.3352
11.5473
-37.1165
-89.9043
-136.094
-176.509
-218.575
-254.866
-289.508
-318.377
-337.347
-348.07
-350.544
-346.42
-334.873
-326.625
-310.129
-286.209
-260.64
-223.524
-188.057
-150.115
-103.101
-66.8096
-28.8684
2.47443
25.5691
56.0871
76.7074
98.1524
112.999
117.948
121.247
117.123
105.576
98.9772
90.7291
79.1818
71.7585
55.2623
43.7149
34.642
19.7954
6.59848
-13.197
-29.6932
-46.1894
-63.5104
-82.481
-100.627
-114.649
-132.794
-149.291
-165.787
-183.108
-196.305
-204.553
-209.502
-209.502
-207.852
-203.728
-195.48
-183.933
-164.137
-140.218
-116.298
-89.9043
-65.9848
-42.8901
-21.4451
-4.94886
9.89772
18.9706
20.6203
19.7954
16.4962
13.197
0.82481
-17.321
-35.4668
-53.6127
-70.1089
-86.6051
-105.576
-122.072
-136.094
-146.816
-155.889
-164.962
-172.385
-186.407
-202.903
-218.575
-229.297
-232.597
-241.669
-249.093
-253.217
-250.742
-244.144
-235.071
-222.699
-210.327
-188.057
-155.889
-122.897
-81.6562
-37.9413
0.82481
42.8901
90.7291
140.218
188.057
235.896
273.012
313.428
353.019
386.011
416.529
441.274
458.595
474.266
486.638
494.061
499.835
502.309
503.959
504.784
504.784
499.835
489.937
483.339
470.142
456.12
443.748
417.354
386.011
348.895
302.705
258.166
216.925
170.736
127.846
92.3788
53.6127
24.7443
1.64962
-24.7443
-40.4157
-51.1382
-57.7367
-49.4886
-42.8901
-33.8172
-27.2187
-24.7443
-20.6203
-18.1458
-21.4451
-21.4451
-26.3939
-33.8172
-37.1165
-45.3646
-52.7879
-62.6856
-80.0066
-89.9043
-101.452
-120.422
-136.919
-163.312
-193.83
-223.524
-250.742
-274.662
-298.581
-322.501
-346.42
-371.989
-396.734
-424.777
-453.646
-482.514
-515.506
-544.375
-570.769
-602.112
-631.805
-657.374
-682.118
-703.563
-713.461
-722.534
-723.359
-713.461
-698.614
-673.045
-638.403
-602.112
-561.696
-513.032
-466.018
-414.055
-356.318
-301.056
-241.669
-178.159
-113.824
-47.0142
22.2699
88.2547
152.59
218.575
281.26
343.121
399.208
447.872
491.587
529.528
561.696
591.389
617.783
639.228
657.374
672.22
683.768
691.191
693.665
699.439
701.089
698.614
692.841
682.943
665.622
644.177
620.257
597.987
576.542
551.798
526.229
506.434
489.937
471.791
460.244
448.697
434.675
426.427
414.88
397.559
384.362
365.391
343.946
325.8
297.757
270.538
242.494
207.027
170.736
133.619
92.3788
51.963
9.89772
-35.4668
-82.481
-130.32
-179.809
-228.472
-274.662
-322.501
-367.865
-413.23
-461.069
-501.485
-541.076
-575.718
-605.411
-631.805
-656.549
-680.468
-704.388
-727.483
-751.402
-770.373
-783.57
-786.044
-781.92
-772.847
-758.825
-742.329
-725.008
-702.738
-677.994
-651.6
-616.133
-581.491
-537.776
-491.587
-447.047
-394.259
-345.596
-300.231
-249.918
-200.429
-152.59
-102.276
-57.7367
-15.6714
25.5691
64.3352
103.926
143.517
180.633
211.976
246.618
274.662
302.705
336.523
366.216
401.683
437.149
474.266
509.733
536.952
562.521
581.491
596.338
615.308
630.98
645.826
659.848
665.622
663.972
660.673
652.425
645.826
636.754
624.381
607.885
592.214
572.418
548.499
522.93
492.412
459.419
424.777
388.486
345.596
305.18
258.166
205.378
160.838
116.298
69.2841
24.7443
-21.4451
-72.5833
-120.422
-167.436
-210.327
-248.268
-282.085
-315.078
-347.245
-376.938
-405.807
-428.901
-451.996
-473.441
-489.113
-507.258
-521.28
-526.229
-533.652
-542.725
-551.798
-558.397
-564.17
-570.769
-568.294
-563.345
-555.922
-539.426
-522.93
-500.66
-473.441
-445.398
-418.179
-387.661
-357.968
-332.399
-302.705
-272.187
-247.443
-221.874
-196.305
-178.159
-159.188
-137.743
-116.298
-92.3788
-60.2112
-33.8172
-7.42329
20.6203
45.3646
78.357
106.401
136.919
174.035
207.027
243.319
277.961
306.829
332.399
359.617
383.537
410.756
439.624
462.719
484.164
508.083
520.455
534.477
551.798
559.221
569.944
577.367
577.367
585.615
593.863
597.163
600.462
602.112
601.287
593.039
578.192
565.82
546.024
522.105
502.309
470.967
434.675
396.734
350.544
307.654
267.239
217.75
174.86
132.794
85.7803
38.7661
-11.5473
-56.9119
-106.401
-153.415
-195.48
-243.319
-296.107
-353.019
-404.982
-453.646
-498.185
-536.952
-570.769
-604.586
-641.702
-673.87
-704.388
-730.782
-751.402
-767.898
-781.095
-791.818
-801.716
-805.015
-803.365
-798.416
-795.117
-783.57
-775.322
-759.65
-738.205
-718.41
-684.593
-654.075
-625.206
-585.615
-549.324
-513.032
-474.266
-434.675
-388.486
-342.296
-289.508
-229.297
-165.787
-104.751
-42.0653
23.9195
84.9555
145.991
204.553
263.114
315.902
363.741
414.88
454.47
495.711
540.251
574.068
607.06
642.527
674.695
706.038
737.38
768.723
795.942
825.635
852.029
869.35
878.423
881.722
881.722
874.299
869.35
861.927
849.555
830.584
806.664
781.095
749.753
713.461
682.118
649.126
609.535
569.944
526.229
480.04
433.85
388.486
342.296
298.581
250.742
195.48
146.816
98.9772
57.7367
18.9706
-23.0947
-65.9848
-113.824
-155.889
-201.254
-244.144
-286.209
-333.223
-378.588
-419.004
-463.543
-508.083
-547.674
-593.039
-635.104
-668.096
-702.738
-734.081
-758.825
-781.92
-796.767
-810.789
-815.737
-816.562
-820.686
-819.861
-819.037
-814.088
-804.19
-787.694
-772.847
-761.3
-748.928
-736.556
-723.359
-706.862
-682.118
-651.6
-621.907
-583.141
-548.499
-514.682
-474.266
-436.325
-390.135
-342.296
-293.632
-240.845
-192.181
-141.043
-87.4299
-34.642
25.5691
80.8314
131.97
187.232
237.545
284.56
329.099
376.938
423.128
470.142
513.857
555.097
588.915
614.484
639.228
660.673
683.768
706.862
725.833
744.804
758.825
770.373
775.322
776.971
774.497
768.723
761.3
752.227
739.03
723.359
704.388
678.819
654.075
625.206
595.513
564.17
532.827
503.134
473.441
446.222
414.88
379.413
348.07
309.304
268.888
231.772
191.356
152.59
113.824
70.1089
30.518
-10.7225
-51.963
-94.8532
-135.269
-174.86
-211.151
-242.494
-274.662
-301.056
-327.45
-348.895
-369.515
-390.96
-405.807
-423.128
-438.799
-456.945
-476.74
-496.536
-519.63
-542.725
-565.82
-587.265
-602.112
-620.257
-637.578
-648.301
-658.199
-657.374
-654.075
-645.826
-630.155
-613.659
-593.039
-565.82
-531.178
-494.061
-452.821
-409.106
-365.391
-324.975
-286.209
-251.567
-221.049
-188.057
-150.94
-117.123
-83.3058
-53.6127
-31.3428
-6.59848
15.6714
42.0653
73.4081
103.101
134.444
169.086
202.903
235.071
266.414
301.056
331.574
363.741
395.084
419.004
433.85
443.748
447.872
453.646
455.295
454.47
453.646
442.098
428.901
415.704
398.383
385.186
372.814
360.442
353.844
344.771
332.399
319.202
299.406
282.085
269.713
259.815
250.742
239.195
222.699
202.079
175.685
153.415
127.846
101.452
79.1818
52.7879
27.2187
4.12405
-19.7954
-46.1894
-71.7585
-97.3276
-122.897
-146.816
-169.086
-193.83
-220.224
-245.793
-271.363
-292.808
-313.428
-334.048
-351.369
-364.566
-377.763
-389.31
-395.084
-399.208
-396.734
-388.486
-374.464
-357.968
-339.822
-320.026
-294.457
-269.713
-240.02
-209.502
-181.458
-150.94
-121.247
-88.2547
-55.2623
-26.3939
3.29924
31.3428
58.5615
89.9043
120.422
155.064
183.933
205.378
226.823
240.845
255.691
268.888
278.786
289.508
293.632
291.158
282.91
274.662
267.239
253.217
244.144
234.246
222.699
211.976
199.604
191.356
180.633
174.035
164.962
160.013
163.312
163.312
161.663
158.364
152.59
145.991
132.794
122.897
116.298
103.101
89.9043
71.7585
51.963
31.3428
5.77367
-17.321
-39.5909
-58.5615
-83.3058
-111.349
-132.794
-155.064
-172.385
-188.057
-202.903
-211.151
-217.75
-221.049
-225.173
-230.947
-236.721
-240.02
-240.02
-240.845
-242.494
-244.144
-250.742
-256.516
-263.939
-273.012
-279.611
-284.56
-288.684
-291.158
-291.983
-293.632
-297.757
-299.406
-301.881
-298.581
-289.508
-278.786
-263.939
-250.742
-236.721
-216.1
-197.13
-183.108
-169.911
-155.889
-133.619
-107.225
-81.6562
-61.036
-36.2917
-10.7225
16.4962
48.6638
80.8314
112.174
146.816
180.633
211.976
242.494
272.187
301.881
332.399
361.267
386.011
408.281
431.376
450.346
466.018
475.091
476.74
480.04
476.74
472.616
466.843
461.069
454.47
440.449
420.653
397.559
375.289
353.844
326.625
297.757
264.764
233.421
207.027
178.159
150.94
123.722
99.802
80.0066
58.5615
42.0653
21.4451
6.59848
-1.64962
-10.7225
-18.1458
-25.5691
-30.518
-28.8684
-31.3428
-32.9924
-35.4668
-38.7661
-46.1894
-55.2623
-65.9848
-74.2329
-89.0795
-105.576
-127.021
-155.064
-184.758
-216.1
-246.618
-277.961
-309.304
-342.296
-374.464
-404.982
-434.675
-466.018
-494.886
-517.981
-533.652
-548.499
-555.097
-550.973
-543.55
-527.879
-513.857
-494.061
-469.317
-444.573
-408.281
-367.865
-320.026
-267.239
-210.327
-154.24
-102.276
-53.6127
-9.89772
29.6932
67.6344
96.5028
124.546
150.94
171.561
191.356
205.378
221.049
233.421
244.144
253.217
255.691
264.764
270.538
277.961
283.735
287.859
290.333
289.508
281.26
268.888
253.217
235.071
216.1
195.48
179.809
162.488
148.466
138.568
126.196
117.948
110.525
104.751
104.751
108.875
112.999
119.597
129.495
134.444
134.444
131.97
126.196
117.123
106.401
91.5539
80.8314
72.5833
59.3863
57.7367
54.4375
49.4886
47.0142
47.0142
49.4886
51.1382
58.5615
63.5104
65.9848
67.6344
65.9848
59.3863
49.4886
37.9413
19.7954
-3.29924
-27.2187
-58.5615
-89.0795
-122.072
-154.24
-183.933
-213.626
-236.721
-254.866
-268.888
-282.085
-290.333
-294.457
-295.282
-289.508
-274.662
-256.516
-235.071
-211.151
-189.706
-167.436
-145.991
-124.546
-104.751
-87.4299
-67.6344
-48.6638
-29.6932
-9.07291
9.89772
30.518
54.4375
77.5322
106.401
133.619
161.663
190.531
219.4
249.093
268.888
290.333
296.107
294.457
291.158
278.786
265.589
247.443
229.297
211.151
197.954
188.057
177.334
167.436
151.765
134.444
122.072
103.101
86.6051
70.1089
49.4886
25.5691
0.82481
-20.6203
-44.5398
-68.4593
-94.0284
-122.072
-149.291
-176.509
-202.079
-225.998
-244.969
-263.114
-272.187
-274.662
-271.363
-259.815
-249.918
-241.669
-234.246
-231.772
-236.721
-242.494
-249.093
-252.392
-249.093
-241.669
-228.472
-218.575
-207.852
-198.779
-190.531
-182.283
-174.86
-161.663
-150.94
-141.867
-130.32
-121.247
-110.525
-98.1524
-84.1306
-66.8096
-49.4886
-28.0435
-9.89772
10.7225
32.1676
50.3134
75.0577
98.1524
123.722
147.641
166.612
184.758
197.13
211.976
225.998
238.37
250.742
260.64
268.063
273.837
277.136
283.735
287.859
287.859
291.158
287.034
280.435
276.311
266.414
254.042
243.319
229.297
216.925
200.429
184.758
166.612
149.291
136.094
122.072
112.999
103.101
93.2036
88.2547
82.481
79.1818
77.5322
73.4081
74.2329
75.8825
75.0577
75.0577
78.357
79.1818
80.8314
84.1306
85.7803
82.481
79.1818
73.4081
65.9848
62.6856
54.4375
47.839
37.1165
19.7954
4.12405
-17.321
-33.8172
-51.1382
-67.6344
-80.0066
-94.8532
-110.525
-132.794
-156.714
-176.509
-199.604
-221.874
-244.144
-266.414
-291.158
-316.727
-340.647
-364.566
-387.661
-411.58
-433.025
-452.821
-470.967
-487.463
-500.66
-510.558
-513.857
-513.032
-510.558
-503.134
-492.412
-480.04
-463.543
-446.222
-423.128
-395.909
-365.391
-329.924
-291.983
-250.742
-206.203
-163.312
-117.948
-72.5833
-26.3939
18.9706
59.3863
101.452
145.167
185.582
227.648
269.713
307.654
344.771
376.938
409.931
438.799
459.419
477.565
496.536
509.733
519.63
527.054
530.353
536.952
538.601
538.601
536.952
532.003
521.28
503.134
485.813
463.543
443.748
419.828
399.208
381.062
364.566
343.121
321.676
298.581
273.837
249.093
225.998
202.903
180.633
161.663
141.867
123.722
108.05
90.7291
68.4593
47.0142
21.4451
-6.59848
-32.9924
-64.3352
-93.2036
-122.897
-151.765
-178.984
-204.553
-226.823
-251.567
-277.136
-301.881
-324.975
-352.194
-377.763
-399.208
-419.004
-435.5
-449.522
-457.77
-466.018
-471.791
-478.39
-479.215
-475.916
-473.441
-463.543
-447.872
-430.551
-406.631
-384.362
-358.792
-327.45
-301.056
-274.662
-244.969
-216.1
-186.407
-162.488
-136.094
-111.349
-88.2547
-59.3863
-35.4668
-4.94886
22.2699
49.4886
77.5322
103.926
129.495
150.115
164.962
176.509
187.232
193.83
199.604
204.553
209.502
215.275
218.575
218.575
220.224
221.874
220.224
222.699
225.173
225.998
226.823
222.699
220.224
220.224
217.75
214.451
213.626
210.327
208.677
203.728
202.903
200.429
196.305
188.882
179.809
170.736
158.364
145.991
128.67
115.473
102.276
89.0795
76.7074
65.16
51.963
36.2917
15.6714
-1.64962
-22.2699
-43.7149
-61.8608
-83.3058
-97.3276
-109.7
-122.897
-129.495
-139.393
-145.991
-155.889
-167.436
-172.385
-178.984
-184.758
-185.582
-184.758
-177.334
-171.561
-167.436
-160.838
-154.24
-147.641
-136.919
-122.897
-112.174
-101.452
-92.3788
-86.6051
-81.6562
-75.8825
-75.8825
-70.9337
-65.9848
-64.3352
-56.9119
-47.0142
-33.8172
-24.7443
-16.4962
-10.7225
-3.29924
3.29924
8.2481
13.197
19.7954
27.2187
32.1676
40.4157
48.6638
54.4375
61.8608
72.5833
84.1306
98.1524
111.349
117.123
126.196
130.32
132.794
137.743
141.867
145.167
149.291
153.415
154.24
158.364
160.838
160.013
160.838
162.488
163.312
166.612
171.561
169.086
164.137
155.889
141.867
136.919
127.846
117.948
108.875
93.2036
79.1818
65.16
50.3134
35.4668
20.6203
4.94886
-11.5473
-30.518
-44.5398
-61.8608
-75.0577
-91.5539
-107.225
-120.422
-137.743
-155.889
-172.385
-184.758
-199.604
-213.626
-222.699
-230.947
-239.195
-247.443
-252.392
-258.166
-254.866
-256.516
-259.815
-259.815
-266.414
-270.538
-271.363
-273.837
-273.012
-268.888
-264.764
-258.99
-250.742
-237.545
-226.823
-211.976
-195.48
-174.035
-156.714
-137.743
-118.773
-99.802
-81.6562
-67.6344
-50.3134
-34.642
-16.4962
1.64962
21.4451
44.5398
70.9337
94.0284
112.999
134.444
151.765
169.911
184.758
197.954
212.801
227.648
238.37
247.443
255.691
268.063
282.085
291.158
302.705
315.902
324.975
337.347
339.822
341.471
344.771
347.245
348.07
348.895
348.895
351.369
353.019
352.194
355.493
353.844
353.844
353.019
343.946
331.574
316.727
297.757
277.961
256.516
226.823
199.604
171.561
141.043
110.525
83.3058
52.7879
25.5691
-7.42329
-43.7149
-79.1818
-122.072
-160.838
-201.254
-240.02
-275.487
-305.18
-334.048
-359.617
-378.588
-400.858
-413.23
-424.777
-439.624
-449.522
-461.894
-472.616
-477.565
-477.565
-475.916
-467.667
-456.12
-442.923
-426.427
-409.931
-389.31
-372.814
-359.617
-343.121
-331.574
-316.727
-300.231
-288.684
-268.888
-249.918
-225.998
-199.604
-176.509
-151.765
-125.371
-100.627
-80.8314
-63.5104
-49.4886
-33.8172
-19.7954
-4.94886
13.197
33.8172
60.2112
86.6051
114.649
140.218
162.488
184.758
199.604
212.801
227.648
240.02
256.516
277.136
298.581
322.501
342.296
361.267
379.413
393.435
409.106
419.828
427.252
431.376
433.85
439.624
439.624
440.449
437.974
424.777
414.055
400.033
384.362
371.165
353.019
331.574
309.304
286.209
263.114
235.896
207.027
177.334
145.991
118.773
88.2547
56.9119
28.0435
-4.12405
-31.3428
-52.7879
-78.357
-100.627
-125.371
-153.415
-170.736
-185.582
-196.305
-203.728
-215.275
-228.472
-240.845
-256.516
-268.063
-277.136
-282.91
-282.91
-283.735
-281.26
-281.26
-282.085
-282.085
-283.735
-287.859
-296.932
-306.829
-311.778
-313.428
-311.778
-304.355
-300.231
-294.457
-288.684
-287.859
-284.56
-281.26
-277.961
-271.363
-262.29
-251.567
-235.071
-217.75
-200.429
-179.809
-161.663
-141.043
-125.371
-110.525
-94.0284
-70.9337
-42.0653
-12.3722
18.9706
42.8901
64.3352
87.4299
107.225
129.495
152.59
174.035
197.954
225.998
249.918
273.012
291.158
301.881
312.603
315.078
322.501
327.45
334.873
342.296
349.72
357.143
357.143
354.668
348.07
337.347
326.625
312.603
296.932
282.085
265.589
251.567
240.02
225.173
206.203
184.758
156.714
126.196
97.3276
70.9337
48.6638
28.0435
15.6714
3.29924
-8.2481
-21.4451
-39.5909
-55.2623
-75.8825
-95.678
-115.473
-136.094
-154.24
-169.086
-178.159
-182.283
-184.758
-185.582
-189.706
-199.604
-209.502
-222.699
-236.721
-246.618
-254.042
-260.64
-266.414
-269.713
-273.012
-273.837
-273.837
-273.837
-275.487
-277.961
-277.136
-273.837
-266.414
-259.815
-248.268
-236.721
-222.699
-206.203
-186.407
-161.663
-141.867
-115.473
-94.0284
-71.7585
-48.6638
-26.3939
-2.47443
22.2699
49.4886
76.7074
100.627
122.897
144.342
164.962
183.933
201.254
214.451
230.947
248.268
266.414
285.384
303.53
316.727
329.099
334.873
339.822
347.245
353.019
355.493
353.019
349.72
341.471
334.048
320.026
305.18
286.209
266.414
244.144
217.75
195.48
169.911
140.218
108.875
76.7074
44.5398
11.5473
-22.2699
-55.2623
-84.1306
-107.225
-126.196
-140.218
-156.714
-171.561
-185.582
-199.604
-210.327
-219.4
-226.823
-229.297
-229.297
-226.823
-221.874
-218.575
-216.1
-211.976
-216.925
-218.575
-216.925
-216.1
-213.626
-214.451
-214.451
-212.801
-207.027
-201.254
-198.779
-193.83
-189.706
-186.407
-183.933
-180.633
-174.86
-166.612
-159.188
-155.064
-146.816
-135.269
-131.145
-124.546
-117.123
-113.824
-105.576
-95.678
-87.4299
-77.5322
-64.3352
-52.7879
-42.0653
-26.3939
-8.2481
7.42329
27.2187
47.0142
65.9848
89.9043
112.174
132.794
160.013
180.633
202.903
225.173
245.793
258.99
271.363
284.56
294.457
302.705
311.778
315.078
316.727
316.727
315.078
311.778
307.654
305.18
298.581
287.034
276.311
266.414
259.815
249.093
230.947
215.275
200.429
183.108
169.086
150.115
127.846
106.401
85.7803
67.6344
50.3134
34.642
18.1458
2.47443
-16.4962
-32.9924
-43.7149
-58.5615
-70.9337
-80.8314
-93.2036
-100.627
-106.401
-111.349
-113.824
-126.196
-132.794
-134.444
-138.568
-145.167
-153.415
-164.137
-172.385
-183.933
-196.305
-205.378
-218.575
-234.246
-246.618
-258.166
-272.187
-278.786
-287.859
-301.881
-305.18
-310.129
-315.078
-315.078
-315.078
-315.902
-312.603
-306.005
-295.282
-280.435
-264.764
-247.443
-226.823
-208.677
-190.531
-169.911
-148.466
-127.846
-101.452
-77.5322
-46.1894
-17.321
7.42329
35.4668
60.2112
85.7803
111.349
133.619
154.24
173.21
193.006
211.976
230.947
248.268
263.939
275.487
283.735
288.684
291.158
291.158
287.034
286.209
280.435
268.888
263.939
253.217
240.02
229.297
212.801
200.429
189.706
176.509
166.612
155.064
141.867
129.495
114.649
102.276
92.3788
86.6051
82.481
80.0066
75.0577
69.2841
65.9848
63.5104
61.036
56.9119
53.6127
50.3134
49.4886
47.839
43.7149
40.4157
30.518
23.0947
10.7225
-3.29924
-12.3722
-23.0947
-36.2917
-44.5398
-56.0871
-68.4593
-77.5322
-89.9043
-100.627
-108.05
-119.597
-127.021
-136.919
-150.94
-161.663
-176.509
-187.232
-195.48
-205.378
-211.976
-216.925
-219.4
-216.925
-216.1
-215.275
-207.852
-203.728
-194.655
-183.108
-172.385
-155.064
-141.043
-130.32
-117.948
-103.926
-88.2547
-68.4593
-51.1382
-37.1165
-22.2699
-4.94886
10.7225
26.3939
40.4157
52.7879
64.3352
77.5322
93.2036
108.05
122.072
128.67
132.794
131.97
131.145
131.145
132.794
132.794
131.145
127.846
127.846
127.846
128.67
127.846
125.371
120.422
114.649
107.225
97.3276
88.2547
79.1818
70.9337
62.6856
50.3134
40.4157
32.9924
23.9195
14.8466
4.94886
-8.2481
-23.0947
-34.642
-46.1894
-56.0871
-62.6856
-72.5833
-81.6562
-96.5028
-110.525
-119.597
-131.145
-142.692
-151.765
-160.838
-165.787
-167.436
-169.911
-171.561
-173.21
-176.509
-174.035
-171.561
-169.911
-162.488
-155.889
-149.291
-137.743
-127.846
-115.473
-99.802
-85.7803
-70.1089
-54.4375
-37.9413
-14.8466
9.07291
28.8684
48.6638
67.6344
88.2547
108.05
126.196
144.342
161.663
174.86
187.232
204.553
218.575
230.947
241.669
249.918
258.166
263.114
263.939
265.589
265.589
258.99
251.567
247.443
241.669
235.071
225.173
207.027
191.356
174.035
156.714
141.043
122.897
103.926
85.7803
65.9848
48.6638
33.8172
15.6714
-3.29924
-20.6203
-40.4157
-58.5615
-70.9337
-80.8314
-89.9043
-99.802
-112.174
-119.597
-123.722
-126.196
-128.67
-129.495
-129.495
-125.371
-122.072
-117.948
-109.7
-103.926
-96.5028
-89.0795
-84.9555
-78.357
-75.8825
-77.5322
-76.7074
-77.5322
-80.0066
-78.357
-75.8825
-74.2329
-76.7074
-81.6562
-89.0795
-94.0284
-103.926
-118.773
-131.145
-141.043
-151.765
-161.663
-171.561
-178.984
-187.232
-196.305
-204.553
-212.801
-222.699
-231.772
-234.246
-235.071
-231.772
-225.173
-213.626
-198.779
-183.933
-176.509
-166.612
-152.59
-140.218
-123.722
-104.751
-83.3058
-61.036
-37.1165
-14.0218
7.42329
28.8684
53.6127
79.1818
104.751
130.32
153.415
176.509
201.254
221.874
241.669
262.29
277.961
293.632
308.479
321.676
334.873
345.596
349.72
351.369
353.844
351.369
353.844
352.194
344.771
338.172
324.15
310.953
297.757
282.085
268.063
252.392
235.896
220.224
197.954
178.159
158.364
134.444
112.174
86.6051
61.036
41.2405
19.7954
0.82481
-12.3722
-25.5691
-42.0653
-57.7367
-75.0577
-93.2036
-108.875
-128.67
-144.342
-156.714
-167.436
-170.736
-173.21
-176.509
-181.458
-192.181
-203.728
-213.626
-222.699
-225.998
-230.122
-234.246
-230.947
-230.947
-230.947
-228.472
-231.772
-233.421
-230.947
-232.597
-228.472
-224.348
-221.049
-215.275
-208.677
-201.254
-185.582
-169.911
-156.714
-144.342
-132.794
-122.897
-117.948
-112.174
-104.751
-94.8532
-85.7803
-71.7585
-58.5615
-45.3646
-28.0435
-14.0218
0.82481
13.197
18.9706
28.0435
34.642
44.5398
56.0871
62.6856
74.2329
84.9555
94.8532
105.576
116.298
127.021
137.743
140.218
143.517
149.291
148.466
149.291
151.765
154.24
156.714
156.714
155.889
153.415
150.115
151.765
150.94
147.641
145.167
139.393
134.444
133.619
131.145
129.495
131.97
131.97
135.269
136.094
131.145
126.196
119.597
108.875
98.1524
89.0795
80.0066
65.9848
51.1382
36.2917
23.9195
10.7225
-0.82481
-9.89772
-21.4451
-33.8172
-47.0142
-65.9848
-80.0066
-91.5539
-102.276
-108.05
-114.649
-119.597
-126.196
-136.919
-141.867
-148.466
-156.714
-161.663
-164.137
-160.013
-158.364
-153.415
-150.115
-145.991
-146.816
-146.816
-141.043
-136.919
-129.495
-117.123
-106.401
-94.0284
-81.6562
-70.1089
-59.3863
-48.6638
-33.8172
-18.1458
-5.77367
9.89772
24.7443
40.4157
54.4375
66.8096
77.5322
84.1306
94.0284
103.926
115.473
124.546
134.444
142.692
147.641
150.115
150.115
150.94
148.466
141.867
136.094
133.619
129.495
128.67
127.846
123.722
125.371
122.072
115.473
113.824
107.225
103.101
102.276
97.3276
94.8532
88.2547
79.1818
66.8096
55.2623
37.9413
22.2699
6.59848
-12.3722
-28.8684
-47.839
-61.036
-75.0577
-89.0795
-98.1524
-109.7
-122.072
-137.743
-152.59
-165.787
-175.685
-183.108
-189.706
-192.181
-198.779
-203.728
-211.151
-213.626
-212.801
-210.327
-200.429
-193.83
-188.057
-184.758
-183.108
-183.933
-184.758
-183.108
-177.334
-170.736
-163.312
-155.064
-145.991
-135.269
-125.371
-114.649
-98.9772
-77.5322
-59.3863
-42.0653
-24.7443
-8.2481
10.7225
25.5691
43.7149
64.3352
86.6051
104.751
121.247
131.97
140.218
148.466
155.064
164.962
174.035
184.758
193.83
202.079
208.677
213.626
217.75
223.524
230.122
231.772
235.071
235.071
228.472
223.524
221.049
221.874
226.823
224.348
224.348
222.699
216.925
211.976
203.728
196.305
187.232
177.334
165.787
152.59
136.094
126.196
113.824
98.1524
84.9555
69.2841
56.9119
45.3646
32.1676
22.2699
10.7225
-1.64962
-16.4962
-29.6932
-39.5909
-49.4886
-62.6856
-77.5322
-93.2036
-109.7
-124.546
-138.568
-150.115
-159.188
-169.911
-180.633
-193.006
-199.604
-207.027
-215.275
-221.049
-230.122
-235.896
-242.494
-248.268
-253.217
-258.166
-262.29
-267.239
-270.538
-268.063
-265.589
-263.114
-262.29
-262.29
-257.341
-250.742
-239.195
-226.823
-213.626
-201.254
-190.531
-176.509
-160.838
-141.043
-122.897
-102.276
-84.9555
-70.9337
-53.6127
-34.642
-13.197
5.77367
21.4451
36.2917
52.7879
68.4593
80.8314
92.3788
103.101
110.525
120.422
130.32
141.867
150.115
158.364
160.838
164.137
168.261
172.385
175.685
180.633
182.283
180.633
183.933
185.582
187.232
190.531
193.006
193.006
194.655
193.83
196.305
197.13
198.779
203.728
202.079
201.254
196.305
187.232
181.458
175.685
174.86
174.035
175.685
171.561
168.261
163.312
154.24
151.765
145.167
136.094
129.495
118.773
108.05
98.1524
84.1306
69.2841
52.7879
30.518
14.8466
-4.12405
-23.9195
-38.7661
-57.7367
-74.2329
-89.9043
-105.576
-121.247
-139.393
-154.24
-169.086
-178.159
-188.057
-192.181
-199.604
-206.203
-214.451
-221.874
-225.173
-228.472
-228.472
-229.297
-226.823
-223.524
-219.4
-214.451
-208.677
-202.079
-198.779
-190.531
-182.283
-171.561
-162.488
-153.415
-143.517
-136.919
-125.371
-112.174
-98.1524
-87.4299
-77.5322
-64.3352
-52.7879
-39.5909
-27.2187
-19.7954
-13.197
-2.47443
6.59848
17.321
24.7443
30.518
34.642
38.7661
44.5398
51.1382
62.6856
65.9848
73.4081
80.0066
84.1306
89.0795
91.5539
96.5028
103.101
110.525
119.597
119.597
118.773
118.773
117.948
120.422
127.846
131.97
134.444
132.794
128.67
127.021
122.897
120.422
117.123
113.824
112.174
107.225
103.101
94.0284
86.6051
76.7074
66.8096
62.6856
51.963
42.8901
37.1165
27.2187
21.4451
12.3722
1.64962
-4.12405
-9.89772
-21.4451
-29.6932
-37.1165
-48.6638
-56.9119
-67.6344
-74.2329
-80.0066
-88.2547
-93.2036
-98.1524
-99.802
-103.926
-108.05
-108.875
-108.05
-107.225
-106.401
-104.751
-104.751
-104.751
-103.926
-98.1524
-89.0795
-84.9555
-77.5322
-68.4593
-58.5615
-47.0142
-33.8172
-24.7443
-15.6714
-2.47443
5.77367
13.197
28.0435
36.2917
48.6638
61.036
69.2841
78.357
84.1306
90.7291
98.1524
104.751
108.875
114.649
116.298
118.773
123.722
127.021
132.794
131.97
133.619
136.094
132.794
134.444
130.32
125.371
124.546
117.123
111.349
108.05
100.627
93.2036
83.3058
72.5833
64.3352
55.2623
44.5398
37.1165
33.8172
23.0947
12.3722
5.77367
-6.59848
-16.4962
-28.8684
-38.7661
-47.839
-58.5615
-69.2841
-79.1818
-89.0795
-94.8532
-103.101
-112.174
-120.422
-131.97
-139.393
-146.816
-155.889
-161.663
-174.035
-183.108
-188.882
-197.954
-202.079
-203.728
-211.151
-217.75
-221.874
-223.524
-224.348
-222.699
-218.575
-215.275
-208.677
-202.079
-193.006
-184.758
-174.035
-163.312
-154.24
-140.218
-131.145
-116.298
-100.627
-91.5539
-75.8825
-61.036
-50.3134
-32.1676
-15.6714
-0.82481
18.9706
34.642
50.3134
65.9848
82.481
102.276
117.948
136.094
150.115
160.013
171.561
185.582
197.13
207.852
222.699
235.071
244.144
255.691
264.764
273.012
277.961
281.26
282.91
282.91
284.56
286.209
285.384
280.435
277.961
272.187
266.414
258.99
245.793
238.37
225.998
211.151
198.779
179.809
157.539
138.568
118.773
98.1524
80.8314
64.3352
47.839
32.9924
14.8466
-1.64962
-16.4962
-35.4668
-51.1382
-65.9848
-83.3058
-98.1524
-113.824
-130.32
-144.342
-164.962
-174.86
-188.057
-199.604
-206.203
-216.1
-221.049
-228.472
-236.721
-240.02
-241.669
-244.144
-243.319
-245.793
-249.093
-247.443
-249.918
-249.093
-240.845
-236.721
-230.947
-220.224
-209.502
-197.13
-183.108
-174.86
-162.488
-150.94
-145.167
-132.794
-122.897
-113.824
-100.627
-89.0795
-74.2329
-61.8608
-49.4886
-32.1676
-17.321
-4.12405
8.2481
17.321
23.9195
32.9924
37.9413
45.3646
56.9119
65.9848
80.8314
93.2036
111.349
127.846
138.568
147.641
151.765
158.364
157.539
161.663
166.612
164.962
169.911
169.086
169.086
171.561
174.035
174.035
173.21
174.035
168.261
163.312
155.064
145.991
137.743
126.196
111.349
98.9772
84.9555
73.4081
65.16
55.2623
47.839
38.7661
29.6932
22.2699
14.8466
10.7225
6.59848
0
-1.64962
-10.7225
-15.6714
-16.4962
-28.0435
-32.9924
-37.9413
-47.0142
-51.1382
-59.3863
-64.3352
-68.4593
-70.1089
-74.2329
-77.5322
-74.2329
-74.2329
-68.4593
-61.036
-59.3863
-51.963
-51.1382
-48.6638
-41.2405
-38.7661
-34.642
-35.4668
-38.7661
-42.8901
-44.5398
-45.3646
-45.3646
-41.2405
-38.7661
-32.9924
-28.8684
-23.9195
-18.9706
-15.6714
-12.3722
-9.89772
-12.3722
-12.3722
-14.8466
-18.9706
-16.4962
-16.4962
-14.0218
-10.7225
-10.7225
-4.12405
-1.64962
0
2.47443
0
2.47443
1.64962
1.64962
2.47443
1.64962
4.12405
8.2481
10.7225
16.4962
27.2187
29.6932
32.1676
33.8172
26.3939
28.0435
28.0435
27.2187
34.642
35.4668
40.4157
43.7149
42.0653
42.0653
38.7661
35.4668
31.3428
27.2187
22.2699
18.1458
11.5473
5.77367
0.82481
-6.59848
-14.8466
-23.0947
-32.1676
-38.7661
-42.8901
-48.6638
-48.6638
-51.1382
-55.2623
-59.3863
-70.9337
-78.357
-85.7803
-94.0284
-97.3276
-98.1524
-95.678
-92.3788
-87.4299
-89.0795
-89.9043
-90.7291
-94.8532
-94.8532
-97.3276
-95.678
-91.5539
-84.9555
-77.5322
-69.2841
-58.5615
-51.963
-48.6638
-44.5398
-39.5909
-35.4668
-34.642
-27.2187
-15.6714
-5.77367
6.59848
18.9706
29.6932
39.5909
46.1894
55.2623
58.5615
66.8096
76.7074
85.7803
98.9772
110.525
121.247
129.495
134.444
135.269
141.867
145.991
148.466
154.24
159.188
168.261
178.159
183.933
189.706
196.305
194.655
193.006
190.531
186.407
184.758
183.108
177.334
173.21
169.911
164.962
159.188
153.415
141.043
127.846
121.247
111.349
101.452
91.5539
79.1818
64.3352
48.6638
35.4668
21.4451
7.42329
-14.0218
-31.3428
-41.2405
-56.0871
-65.9848
-76.7074
-93.2036
-103.926
-115.473
-128.67
-141.867
-159.188
-173.21
-178.159
-188.882
-199.604
-207.852
-219.4
-227.648
-235.071
-242.494
-249.093
-252.392
-255.691
-257.341
-257.341
-257.341
-258.166
-257.341
-255.691
-251.567
-244.969
-238.37
-231.772
-221.874
-211.976
-206.203
-195.48
-188.057
-182.283
-168.261
-157.539
-147.641
-135.269
-120.422
-103.926
-87.4299
-74.2329
-61.8608
-45.3646
-32.1676
-18.1458
-2.47443
13.197
24.7443
39.5909
54.4375
69.2841
88.2547
106.401
122.072
137.743
152.59
163.312
178.159
189.706
197.954
211.976
225.173
231.772
240.02
249.093
255.691
263.114
266.414
264.764
269.713
274.662
278.786
286.209
289.508
288.684
290.333
287.859
282.91
276.311
268.888
261.465
251.567
242.494
230.122
219.4
211.151
199.604
185.582
173.21
156.714
137.743
122.072
101.452
82.481
66.8096
48.6638
36.2917
22.2699
3.29924
-14.0218
-28.8684
-45.3646
-58.5615
-74.2329
-92.3788
-110.525
-126.196
-140.218
-153.415
-164.962
-178.984
-193.83
-204.553
-212.801
-222.699
-230.122
-239.195
-249.918
-257.341
-262.29
-265.589
-266.414
-268.063
-269.713
-267.239
-267.239
-266.414
-261.465
-259.815
-257.341
-252.392
-244.969
-236.721
-230.947
-224.348
-216.1
-204.553
-193.006
-178.159
-164.137
-151.765
-138.568
-126.196
-111.349
-101.452
-92.3788
-80.8314
-70.9337
-55.2623
-37.9413
-18.9706
3.29924
19.7954
33.8172
46.1894
54.4375
64.3352
74.2329
85.7803
101.452
115.473
130.32
145.167
155.064
160.838
169.086
180.633
188.882
198.779
209.502
215.275
221.049
221.874
223.524
224.348
224.348
226.823
229.297
229.297
227.648
220.224
213.626
202.903
188.882
182.283
171.561
160.838
155.889
145.167
139.393
132.794
119.597
112.174
99.802
83.3058
70.9337
51.963
33.8172
19.7954
9.89772
2.47443
-4.94886
-12.3722
-26.3939
-41.2405
-58.5615
-75.0577
-87.4299
-98.9772
-107.225
-112.174
-119.597
-127.021
-137.743
-153.415
-164.137
-172.385
-170.736
-164.962
-162.488
-155.889
-158.364
-161.663
-163.312
-168.261
-167.436
-159.188
-146.816
-127.846
-111.349
-97.3276
-85.7803
-80.8314
-74.2329
-68.4593
-59.3863
-46.1894
-34.642
-21.4451
-9.07291
1.64962
10.7225
15.6714
23.9195
28.8684
37.1165
45.3646
52.7879
61.036
62.6856
66.8096
73.4081
77.5322
86.6051
93.2036
100.627
108.05
113.824
119.597
121.247
120.422
117.948
114.649
108.875
105.576
98.1524
93.2036
88.2547
85.7803
82.481
76.7074
69.2841
57.7367
48.6638
37.1165
28.8684
18.9706
6.59848
-3.29924
-15.6714
-29.6932
-42.8901
-56.9119
-65.16
-68.4593
-70.1089
-72.5833
-72.5833
-74.2329
-76.7074
-77.5322
-83.3058
-85.7803
-89.0795
-87.4299
-81.6562
-78.357
-74.2329
-75.0577
-76.7074
-81.6562
-84.1306
-84.9555
-81.6562
-78.357
-75.0577
-69.2841
-70.1089
-73.4081
-77.5322
-80.8314
-83.3058
-86.6051
-85.7803
-89.9043
-93.2036
-90.7291
-87.4299
-79.1818
-70.9337
-66.8096
-59.3863
-55.2623
-47.839
-35.4668
-30.518
-27.2187
-26.3939
-25.5691
-18.9706
-13.197
-4.12405
6.59848
18.1458
31.3428
47.839
60.2112
72.5833
81.6562
86.6051
92.3788
95.678
101.452
109.7
116.298
124.546
133.619
137.743
139.393
140.218
143.517
148.466
155.889
164.962
171.561
175.685
175.685
174.035
169.086
162.488
157.539
150.115
145.167
144.342
141.043
140.218
133.619
122.072
112.174
100.627
94.0284
93.2036
89.9043
84.9555
80.8314
71.7585
60.2112
49.4886
34.642
19.7954
5.77367
-3.29924
-7.42329
-11.5473
-16.4962
-24.7443
-35.4668
-51.1382
-62.6856
-75.8825
-89.0795
-100.627
-113.824
-121.247
-128.67
-138.568
-147.641
-156.714
-164.962
-168.261
-172.385
-177.334
-179.809
-187.232
-192.181
-193.83
-191.356
-190.531
-193.83
-193.006
-188.057
-182.283
-175.685
-174.035
-174.86
-171.561
-172.385
-168.261
-159.188
-149.291
-140.218
-132.794
-127.021
-118.773
-112.174
-108.875
-103.926
-96.5028
-84.1306
-67.6344
-57.7367
-47.0142
-36.2917
-27.2187
-17.321
-8.2481
2.47443
14.0218
22.2699
35.4668
49.4886
63.5104
80.0066
91.5539
99.802
111.349
118.773
126.196
133.619
140.218
148.466
159.188
169.086
180.633
187.232
188.057
188.057
185.582
182.283
176.509
171.561
168.261
167.436
165.787
162.488
159.188
153.415
145.167
136.094
128.67
125.371
118.773
109.7
103.926
98.9772
96.5028
91.5539
84.9555
77.5322
70.1089
61.8608
52.7879
46.1894
38.7661
36.2917
33.8172
28.8684
26.3939
17.321
9.89772
1.64962
-5.77367
-11.5473
-21.4451
-29.6932
-35.4668
-42.0653
-45.3646
-51.1382
-56.9119
-58.5615
-61.8608
-63.5104
-70.1089
-75.8825
-80.8314
-85.7803
-88.2547
-87.4299
-89.0795
-91.5539
-95.678
-100.627
-101.452
-102.276
-101.452
-100.627
-101.452
-98.9772
-95.678
-92.3788
-87.4299
-83.3058
-83.3058
-80.8314
-76.7074
-71.7585
-69.2841
-70.1089
-65.9848
-61.036
-56.9119
-52.7879
-48.6638
-42.0653
-32.9924
-26.3939
-21.4451
-14.8466
-13.197
-9.07291
-4.94886
-0.82481
4.12405
9.07291
11.5473
12.3722
12.3722
14.0218
14.8466
14.8466
14.8466
14.0218
15.6714
18.1458
21.4451
22.2699
24.7443
25.5691
25.5691
25.5691
23.0947
20.6203
18.9706
20.6203
24.7443
25.5691
20.6203
14.8466
11.5473
12.3722
18.9706
20.6203
21.4451
18.9706
14.8466
13.197
15.6714
18.1458
18.9706
17.321
9.89772
1.64962
-2.47443
-6.59848
-4.12405
0
2.47443
4.12405
5.77367
9.89772
14.8466
16.4962
14.8466
14.0218
13.197
13.197
16.4962
21.4451
26.3939
25.5691
21.4451
21.4451
22.2699
27.2187
29.6932
29.6932
26.3939
24.7443
23.0947
23.9195
28.8684
28.8684
32.1676
31.3428
28.8684
32.9924
29.6932
30.518
32.1676
29.6932
32.9924
37.9413
41.2405
46.1894
48.6638
47.0142
46.1894
46.1894
44.5398
46.1894
46.1894
43.7149
42.8901
39.5909
36.2917
29.6932
22.2699
17.321
9.07291
4.12405
-2.47443
-7.42329
-9.07291
-9.89772
-10.7225
-15.6714
-21.4451
-28.0435
-32.9924
-37.9413
-40.4157
-44.5398
-45.3646
-49.4886
-52.7879
-52.7879
-56.0871
-59.3863
-62.6856
-68.4593
-71.7585
-76.7074
-80.8314
-85.7803
-91.5539
-95.678
-99.802
-102.276
-102.276
-107.225
-110.525
-118.773
-123.722
-124.546
-125.371
-123.722
-121.247
-115.473
-110.525
-106.401
-103.926
-103.101
-104.751
-101.452
-93.2036
-84.9555
-74.2329
-68.4593
-65.16
-56.0871
-47.839
-41.2405
-35.4668
-28.8684
-20.6203
-10.7225
-1.64962
8.2481
14.8466
24.7443
34.642
42.8901
46.1894
47.0142
49.4886
51.963
58.5615
65.9848
77.5322
85.7803
94.0284
103.101
107.225
114.649
120.422
126.196
130.32
131.97
134.444
140.218
145.991
152.59
157.539
160.013
163.312
163.312
164.137
160.838
157.539
155.064
154.24
153.415
150.94
148.466
145.167
139.393
132.794
125.371
116.298
108.05
103.926
99.802
96.5028
86.6051
77.5322
70.9337
61.8608
55.2623
46.1894
36.2917
27.2187
14.8466
2.47443
-9.89772
-23.9195
-34.642
-46.1894
-56.0871
-63.5104
-74.2329
-83.3058
-91.5539
-103.101
-113.824
-122.072
-131.145
-138.568
-146.816
-152.59
-155.889
-161.663
-160.013
-160.838
-162.488
-162.488
-165.787
-169.086
-174.035
-177.334
-174.035
-171.561
-167.436
-160.838
-157.539
-150.94
-145.991
-140.218
-133.619
-127.021
-122.897
-121.247
-115.473
-110.525
-103.101
-95.678
-84.9555
-74.2329
-65.16
-52.7879
-44.5398
-37.9413
-26.3939
-14.0218
1.64962
17.321
30.518
42.8901
52.7879
57.7367
66.8096
75.0577
82.481
90.7291
94.8532
98.9772
103.101
108.05
112.999
118.773
126.196
131.145
133.619
135.269
134.444
131.97
129.495
122.897
120.422
115.473
108.875
101.452
96.5028
92.3788
91.5539
89.0795
85.7803
83.3058
78.357
73.4081
65.9848
59.3863
55.2623
46.1894
38.7661
31.3428
23.0947
19.7954
14.8466
9.07291
3.29924
-3.29924
-7.42329
-12.3722
-16.4962
-18.9706
-24.7443
-25.5691
-26.3939
-29.6932
-30.518
-31.3428
-31.3428
-32.1676
-32.9924
-35.4668
-35.4668
-36.2917
-38.7661
-37.1165
-36.2917
-37.9413
-37.9413
-42.8901
-46.1894
-47.839
-51.1382
-47.0142
-42.8901
-37.1165
-32.9924
-29.6932
-21.4451
-18.9706
-18.9706
-17.321
-18.1458
-18.1458
-18.1458
-16.4962
-12.3722
-9.07291
-1.64962
4.94886
11.5473
16.4962
18.1458
18.9706
15.6714
15.6714
10.7225
6.59848
4.12405
-2.47443
-0.82481
-1.64962
0.82481
1.64962
0
4.12405
8.2481
13.197
11.5473
9.89772
9.89772
10.7225
12.3722
9.89772
9.89772
9.89772
10.7225
14.8466
15.6714
17.321
17.321
14.8466
17.321
14.8466
9.89772
6.59848
0
-0.82481
-5.77367
-10.7225
-16.4962
-20.6203
-23.9195
-26.3939
-27.2187
-28.0435
-27.2187
-31.3428
-34.642
-37.1165
-41.2405
-44.5398
-49.4886
-51.963
-52.7879
-53.6127
-52.7879
-53.6127
-55.2623
-56.0871
-55.2623
-55.2623
-56.0871
-59.3863
-60.2112
-61.036
-60.2112
-61.8608
-63.5104
-62.6856
-61.8608
-58.5615
-57.7367
-56.0871
-53.6127
-51.1382
-48.6638
-44.5398
-43.7149
-39.5909
-34.642
-32.9924
-26.3939
-21.4451
-16.4962
-6.59848
-2.47443
4.12405
10.7225
15.6714
25.5691
30.518
37.1165
42.0653
47.839
56.0871
63.5104
70.9337
80.0066
86.6051
93.2036
98.9772
103.926
109.7
116.298
121.247
125.371
127.846
131.97
136.919
140.218
142.692
145.991
148.466
151.765
155.064
157.539
156.714
155.064
155.064
152.59
150.94
146.816
141.043
137.743
133.619
127.846
119.597
112.174
104.751
95.678
84.1306
75.8825
66.8096
55.2623
42.0653
28.8684
22.2699
14.8466
3.29924
-10.7225
-23.0947
-34.642
-46.1894
-60.2112
-74.2329
-85.7803
-96.5028
-107.225
-119.597
-131.145
-141.867
-152.59
-163.312
-174.035
-181.458
-188.882
-194.655
-198.779
-202.903
-205.378
-212.801
-220.224
-225.173
-227.648
-225.173
-224.348
-223.524
-219.4
-211.976
-207.027
-202.079
-197.954
-192.181
-185.582
-177.334
-169.911
-160.013
-148.466
-138.568
-129.495
-121.247
-111.349
-97.3276
-83.3058
-68.4593
-52.7879
-37.9413
-18.9706
-4.12405
11.5473
28.8684
44.5398
62.6856
75.8825
88.2547
101.452
117.123
130.32
139.393
148.466
155.889
160.013
167.436
172.385
180.633
191.356
196.305
202.079
204.553
207.027
208.677
206.203
205.378
207.027
206.203
208.677
206.203
202.079
199.604
189.706
181.458
172.385
162.488
155.064
145.991
136.919
128.67
115.473
101.452
89.0795
74.2329
59.3863
45.3646
29.6932
18.9706
7.42329
-2.47443
-12.3722
-19.7954
-30.518
-41.2405
-50.3134
-55.2623
-60.2112
-64.3352
-68.4593
-71.7585
-73.4081
-77.5322
-82.481
-88.2547
-93.2036
-98.1524
-100.627
-102.276
-101.452
