SAMPLES: 7307
BITSPERSAMPLE:	16
CHANNELS:	1
SAMPLERATE:	16000
NORMALIZED:	FALSE
257.653
264.213
271.137
279.155
274.781
260.933
252.551
249.271
245.627
245.991
241.254
227.405
216.108
208.819
197.522
176.749
153.79
132.289
114.067
108.236
110.058
105.685
95.1166
83.4548
68.5131
51.7493
41.9096
37.5364
31.7055
30.9767
39.723
43.7318
39.723
29.519
14.2128
-1.45773
-9.47522
-13.1195
-23.3236
-36.8076
-48.105
-59.7668
-75.4373
-97.3032
-122.085
-150.875
-173.469
-189.504
-201.531
-214.286
-226.676
-238.703
-251.093
-264.213
-278.79
-294.825
-306.122
-310.131
-307.216
-299.927
-296.283
-292.274
-288.994
-288.265
-286.443
-284.621
-278.79
-265.306
-250
-235.423
-224.49
-216.472
-206.997
-199.344
-190.598
-185.131
-184.038
-180.758
-173.105
-160.714
-148.324
-145.044
-146.137
-150.146
-152.332
-146.501
-134.84
-118.44
-102.77
-84.1837
-63.4111
-43.0029
-22.2303
2.91545
34.621
79.4461
146.137
217.93
262.755
281.341
295.19
317.055
354.592
406.341
449.708
475.219
497.813
525.875
538.265
525.146
509.475
498.907
498.907
517.493
533.528
523.324
500.364
477.77
452.259
419.825
381.56
338.192
291.545
265.671
263.848
258.746
238.703
206.633
161.808
114.796
86.7347
73.6152
63.4111
54.3003
52.8426
47.7405
31.7055
15.3061
-1.45773
-25.5102
-45.9184
-62.6822
-83.4548
-102.405
-111.88
-118.805
-130.831
-149.417
-176.385
-211.006
-244.534
-265.671
-283.163
-300.656
-317.42
-334.913
-349.49
-353.499
-358.236
-375
-395.773
-415.087
-424.927
-425.292
-420.554
-420.19
-421.647
-410.35
-394.315
-388.484
-388.848
-388.484
-385.569
-367.347
-335.277
-310.86
-295.19
-275.875
-254.009
-229.956
-202.624
-182.58
-171.283
-158.892
-136.662
-111.88
-89.2857
-64.5044
-43.7318
-29.519
-12.3907
0
4.00875
7.65306
17.4927
28.7901
40.4519
52.8426
61.5889
65.5977
69.9708
77.6239
76.1662
68.5131
67.4198
72.1574
80.9038
97.6676
110.423
113.338
120.991
139.942
150.51
141.035
127.551
134.84
194.242
299.563
382.653
389.213
346.574
318.513
330.175
368.805
405.248
417.274
425.656
467.93
520.408
513.484
438.776
366.618
340.379
362.245
408.892
420.19
383.017
354.227
354.227
351.676
315.233
243.44
151.603
79.0816
71.793
110.423
138.484
135.569
107.507
60.8601
10.2041
-17.4927
-29.8834
-47.3761
-51.7493
-43.7318
-37.5364
-37.5364
-32.7988
-28.0612
-41.1808
-67.7843
-105.685
-155.248
-185.496
-180.758
-160.35
-142.493
-144.679
-166.545
-206.268
-238.703
-256.195
-283.892
-319.606
-345.481
-357.143
-354.592
-342.201
-340.379
-356.414
-377.915
-396.501
-415.452
-432.945
-440.233
-434.402
-419.096
-394.679
-367.347
-350.948
-341.108
-332.726
-334.184
-337.828
-334.913
-321.064
-293.732
-260.204
-227.77
-198.98
-174.198
-150.146
-127.551
-107.507
-90.7434
-78.7172
-63.0466
-37.5364
0.728863
38.6297
67.0554
85.277
92.5656
97.3032
98.7609
96.5743
91.4723
86.3703
88.1924
89.6501
99.8542
117.347
126.093
135.933
141.035
127.915
111.152
106.05
102.77
98.0321
95.481
114.431
184.038
307.58
426.02
450.802
383.017
306.851
294.096
333.819
384.84
419.096
435.496
487.245
570.335
594.023
509.84
381.924
306.851
303.571
346.939
379.373
364.796
352.041
373.178
385.204
330.539
211.735
83.4548
-16.3994
-47.0117
-15.6706
25.1458
52.1137
69.9708
68.5131
21.5015
-55.0292
-119.169
-158.163
-169.825
-143.222
-103.499
-71.0641
-42.2741
-7.65306
17.1283
0
-59.4023
-145.408
-215.743
-223.032
-184.038
-146.866
-133.746
-138.848
-151.239
-169.096
-193.149
-236.152
-305.394
-376.093
-401.968
-377.915
-340.015
-308.673
-295.918
-299.927
-316.691
-337.828
-379.738
-441.327
-471.939
-444.606
-370.627
-291.91
-235.423
-209.913
-208.09
-202.624
-220.481
-276.239
-330.539
-342.93
-295.19
-223.032
-159.621
-113.338
-87.0991
-65.9621
-60.8601
-96.9388
-143.586
-153.061
-112.245
-46.6472
23.688
76.1662
108.236
127.187
132.289
110.058
55.0292
4.37318
-11.6618
10.5685
66.691
129.009
156.341
146.137
135.569
109.694
56.1224
-14.5773
-68.8776
-53.207
28.4257
241.983
500.729
728.499
838.557
739.431
594.388
457.362
383.382
350.219
385.933
494.169
608.965
768.95
807.945
663.63
361.516
74.7085
-8.74636
24.4169
104.956
190.233
369.898
625
755.466
598.761
200.073
-133.746
-236.516
-150.875
-41.9096
33.1633
176.385
411.079
604.227
531.706
177.843
-227.77
-428.571
-402.332
-273.324
-133.382
-31.3411
97.6676
211.735
223.032
75.8017
-214.286
-475.948
-602.77
-541.545
-359.329
-148.688
31.3411
110.423
61.5889
-130.831
-410.35
-684.402
-838.557
-821.064
-665.087
-467.566
-330.175
-284.985
-330.539
-455.175
-658.892
-839.65
-911.443
-842.201
-634.111
-390.306
-156.706
-14.9417
-1.09329
-102.041
-258.382
-365.889
-415.816
-383.746
-294.096
-177.114
-59.0379
8.74636
-4.37318
-120.627
-274.781
-350.948
-311.953
-198.98
-72.1574
40.4519
125
174.563
183.673
141.035
60.4956
8.01749
22.5948
96.5743
192.055
266.764
314.869
321.064
260.569
139.577
14.9417
-51.0204
-45.1895
9.11079
49.1983
79.8105
87.0991
35.7143
-32.7988
-55.3936
154.519
697.886
1424.93
1921.65
1873.91
1485.79
1071.06
836.735
695.7
508.746
450.802
645.044
920.918
847.668
293.732
-412.536
-872.085
-854.227
-551.02
-258.382
13.484
420.918
938.047
1247.45
1072.89
497.085
-91.8367
-329.082
-176.02
106.778
328.353
462.464
557.216
543.367
259.111
-287.901
-906.341
-1252.92
-1162.9
-805.758
-423.469
-165.452
-8.74636
49.9271
-42.6385
-291.181
-622.449
-855.685
-839.65
-578.717
-243.805
-10.2041
56.8513
-32.4344
-236.152
-509.111
-832.726
-1116.25
-1247.45
-1175.66
-896.137
-547.012
-277.697
-168.732
-196.064
-321.429
-507.289
-678.571
-769.679
-659.621
-356.414
20.0437
299.198
387.026
308.673
94.0233
-153.061
-364.796
-487.974
-467.201
-318.878
-99.8542
98.0321
171.283
106.778
-33.8921
-168.732
-216.108
-152.697
24.4169
249.271
490.525
679.3
736.152
650.875
458.455
269.315
154.519
149.417
215.379
312.318
403.426
446.429
420.918
289.359
131.195
6.19534
-52.4781
-40.8163
15.6706
83.0904
111.516
115.16
76.5306
-17.8571
-115.889
-130.102
-39.723
296.647
995.991
1792.27
2204.45
1980.32
1373.18
767.857
426.749
304.3
219.388
319.606
623.907
798.834
498.907
-201.895
-902.332
-1306.49
-1224.85
-780.612
-241.983
306.122
837.464
1254.37
1334.18
986.152
315.962
-378.644
-701.895
-552.843
-145.408
220.481
395.408
381.195
179.3
-240.16
-840.015
-1422.38
-1684.4
-1448.25
-872.085
-286.443
106.05
279.519
272.23
98.3965
-211.37
-570.7
-818.149
-801.385
-521.137
-146.501
91.8367
106.414
-80.9038
-417.274
-831.633
-1226.68
-1451.9
-1416.55
-1124.64
-624.636
-94.3878
255.466
332.362
150.146
-160.714
-449.708
-594.023
-579.446
-383.746
-40.4519
257.653
407.799
368.44
160.35
-155.612
-444.606
-559.402
-508.017
-314.504
-56.1224
141.399
262.391
283.892
185.131
30.9767
-86.3703
-77.2595
71.0641
352.77
634.475
806.122
862.974
746.72
552.114
327.624
148.324
84.1837
125.364
267.128
387.391
458.819
446.429
321.064
137.026
-74.344
-213.192
-248.907
-190.233
-55.758
42.6385
99.8542
94.0233
-19.3149
-154.519
-168.732
34.621
465.743
1203.35
2002.92
2366.25
2123.54
1457
777.697
335.641
104.956
-6.55977
60.4956
336.37
467.93
182.58
-394.679
-967.566
-1291.18
-1225.95
-812.682
-233.965
380.102
935.131
1294.83
1319.24
952.259
288.63
-379.009
-744.169
-696.429
-359.329
17.8571
236.88
243.44
46.6472
-348.397
-884.111
-1384.11
-1609.69
-1415.09
-866.254
-239.796
228.863
466.837
490.525
317.784
-18.586
-415.452
-728.134
-810.496
-646.866
-369.169
-151.239
-102.041
-214.286
-482.872
-816.327
-1081.63
-1213.56
-1127.55
-865.16
-487.245
-45.5539
327.624
494.898
409.257
191.327
-82.7259
-323.615
-435.131
-417.638
-252.551
1.09329
225.583
305.758
232.872
56.8513
-188.411
-368.076
-407.434
-346.939
-200.802
-4.00875
187.682
335.641
405.612
368.076
235.787
122.085
81.9971
143.95
295.554
449.344
559.767
569.971
481.414
308.673
105.685
-61.9534
-148.688
-103.499
0
114.796
190.962
221.939
168.732
48.8338
-81.9971
-229.227
-288.265
-262.391
-197.157
-61.9534
126.458
226.312
198.251
119.169
112.609
220.117
470.117
916.91
1449.71
1858.97
1811.95
1335.28
750.729
317.055
68.8776
-116.983
-129.009
51.0204
274.781
267.493
-51.0204
-428.936
-667.638
-689.869
-511.662
-182.58
246.356
686.589
1004.01
1096.94
924.198
536.808
10.5685
-439.504
-606.778
-482.507
-194.242
52.1137
147.23
88.1924
-93.6589
-396.137
-760.204
-1026.6
-1035.71
-760.933
-326.895
79.4461
341.472
447.886
378.28
159.621
-165.452
-514.213
-757.289
-817.784
-708.819
-548.469
-424.563
-382.289
-463.192
-653.061
-885.204
-1059.04
-1067.78
-888.848
-531.341
-64.5044
356.05
591.837
575.437
366.983
63.7755
-223.761
-462.464
-603.499
-555.029
-368.076
-155.248
-18.9504
0.364431
-115.889
-315.598
-493.076
-588.557
-534.257
-324.344
-28.0612
270.044
502.551
616.254
550.292
356.778
125
-29.519
-42.2741
68.1487
226.312
325.802
338.557
250.729
111.516
-43.3673
-174.563
-205.175
-132.289
19.3149
208.455
362.245
400.51
318.149
147.595
-50.2915
-227.041
-335.277
-394.679
-378.28
-213.921
-80.5394
-85.6414
-196.429
-150.875
329.082
1264.94
2269.68
2684.4
2405.61
1699.71
973.032
420.554
48.8338
-34.9854
203.717
644.315
810.131
430.394
-257.653
-862.245
-1135.2
-1044.46
-650.146
-39.723
702.988
1422.74
1905.61
1958.45
1493.8
617.711
-317.784
-918.367
-981.778
-623.542
-135.933
260.569
467.201
409.621
-6.55977
-704.446
-1416.18
-1798.47
-1669.46
-1110.42
-376.822
294.096
785.714
991.618
847.668
379.738
-252.187
-820.7
-1133.02
-1127.55
-888.12
-563.776
-310.86
-215.379
-343.294
-623.542
-978.134
-1295.19
-1425.29
-1317.06
-928.936
-381.924
165.087
548.469
715.743
654.155
305.394
-211.37
-733.965
-1030.61
-996.72
-703.353
-292.638
56.8513
280.248
280.612
40.8163
-310.86
-630.102
-802.478
-779.519
-567.055
-205.904
224.125
586.735
741.254
678.936
455.175
159.985
-61.5889
-154.519
-77.9883
158.163
448.251
642.857
650.146
478.863
165.816
-157.799
-363.703
-377.187
-217.566
49.1983
344.023
540.816
635.933
600.219
412.901
127.187
-129.373
-224.125
-155.612
-4.00875
135.569
211.735
230.685
202.624
110.058
26.9679
29.8834
338.921
1077.26
1924.56
2334.91
2026.24
1379.01
862.245
586.37
307.58
5.10204
42.6385
398.688
620.262
365.525
-186.224
-622.449
-775.51
-712.828
-510.569
-144.315
368.805
840.743
1119.9
1162.17
913.265
366.254
-313.411
-770.773
-794.825
-495.991
-174.198
-23.688
4.00875
-41.1808
-225.219
-611.516
-1078.35
-1328.35
-1207
-827.988
-377.915
13.484
303.936
454.082
403.061
134.111
-293.732
-720.481
-985.423
-999.636
-829.81
-606.05
-426.385
-330.539
-344.752
-494.534
-750.729
-972.303
-974.854
-740.889
-355.685
51.7493
370.627
533.528
561.589
456.268
177.478
-182.58
-525.146
-735.423
-720.845
-539.723
-315.598
-120.627
4.37318
2.55102
-105.685
-235.058
-348.397
-395.408
-312.682
-121.356
138.848
396.866
582.726
647.959
598.032
457.726
276.968
133.382
37.5364
-27.3324
-59.0379
-58.309
-30.9767
37.5364
73.2507
56.4869
-5.8309
-73.9796
-90.7434
-54.6647
14.2128
51.3848
84.1837
135.933
232.507
307.58
266.399
146.501
5.10204
-119.534
-238.703
-309.767
-247.813
-44.4606
277.697
748.542
1422.38
2106.78
2287.54
1759.84
936.224
370.262
204.082
169.825
180.758
426.385
873.907
1022.59
536.443
-275.875
-879.009
-1060.13
-950.073
-642.128
-80.5394
668.732
1305.76
1551.38
1389.94
930.758
235.423
-524.052
-1024.78
-1003.64
-526.239
28.7901
359.694
409.621
247.085
-103.134
-637.391
-1175.29
-1463.92
-1336.73
-860.423
-268.586
285.714
672.376
782.799
596.574
168.732
-376.093
-880.831
-1181.49
-1241.62
-991.983
-497.813
-102.77
29.8834
-100.583
-373.178
-711.735
-973.761
-1067.42
-957.726
-499.271
53.9359
428.571
598.761
616.618
451.166
89.2857
-315.598
-712.828
-901.968
-777.332
-534.985
-251.458
47.3761
247.813
231.414
62.6822
-124.636
-303.571
-376.822
-346.21
-248.542
-29.519
234.329
405.612
453.717
412.172
294.825
127.915
-38.2653
-162.901
-144.679
-10.9329
123.907
192.784
157.799
58.6735
-59.7668
-132.289
-153.426
-133.017
-58.6735
75.0729
237.245
353.863
328.353
156.706
-52.4781
-155.248
-156.706
-110.058
-44.8251
-23.3236
-36.0787
-163.994
-371.356
-529.519
-532.799
-252.187
541.545
1780.98
2773.69
2852.41
2049.93
1041.18
405.248
133.382
-76.895
-87.0991
375.729
963.192
977.041
315.598
-489.067
-1011.3
-1185.5
-1152.33
-860.787
-165.816
757.653
1516.03
1890.31
1836.37
1322.89
399.781
-561.589
-1068.88
-934.038
-405.977
84.9125
400.146
586.006
588.192
239.796
-473.032
-1230.69
-1628.28
-1508.75
-1038.99
-420.554
200.437
705.175
963.557
861.152
427.843
-201.895
-818.149
-1214.29
-1282.8
-1077.99
-710.641
-318.149
-47.3761
47.3761
-103.134
-517.128
-959.913
-1229.23
-1211.01
-841.472
-269.679
303.207
737.245
952.259
815.233
343.294
-301.02
-950.437
-1325.07
-1301.38
-977.405
-490.525
32.4344
405.248
452.988
239.067
-126.458
-546.283
-802.114
-801.385
-543.003
-65.9621
452.259
806.851
907.07
763.484
397.959
-50.2915
-413.63
-598.397
-541.545
-302.478
-4.37318
258.746
420.19
430.029
306.122
90.379
-166.181
-336.37
-313.411
-141.764
59.0379
220.117
299.563
298.834
228.134
63.4111
-150.146
-253.644
-229.227
-163.265
-59.4023
80.9038
233.601
490.525
1100.22
2014.94
2677.48
2494.17
1536.44
583.455
176.749
139.577
98.7609
165.452
618.44
1111.52
1024.42
275.875
-558.673
-969.752
-1011.66
-869.898
-495.262
224.854
1100.95
1693.51
1797.74
1470.12
803.207
-124.271
-1028.06
-1427.84
-1138.85
-447.157
176.749
516.399
610.787
464.65
1.82216
-720.845
-1375.36
-1608.97
-1329.08
-728.499
-62.3178
512.026
864.067
880.102
530.977
-95.481
-801.749
-1358.97
-1599.13
-1482.51
-1116.25
-637.755
-169.825
141.764
204.81
-30.6122
-517.857
-1018.22
-1277.7
-1106.78
-570.335
64.1399
547.376
778.79
752.915
420.918
-170.554
-854.592
-1329.81
-1393.59
-1114.8
-669.825
-192.055
264.577
578.353
608.601
369.534
-27.6968
-388.848
-576.895
-532.07
-247.085
168.003
529.155
686.589
646.501
453.717
151.239
-188.776
-438.411
-457.362
-214.65
142.857
411.443
536.808
542.638
471.939
347.303
168.367
-6.55977
-119.169
-107.872
10.9329
141.764
201.166
157.07
82.7259
-6.55977
-52.1137
-38.2653
-4.00875
54.3003
73.2507
94.3878
112.245
149.781
198.615
471.21
1275.87
2263.12
2663.27
2051.75
943.149
165.087
-18.9504
-20.7726
-94.0233
123.907
701.166
1063.41
712.464
-121.72
-821.064
-1125.36
-1146.14
-949.344
-414.359
421.647
1146.14
1468.66
1408.53
1017.49
262.391
-740.16
-1484.69
-1505.47
-861.516
-91.4723
425.292
676.749
714.286
443.513
-190.598
-978.499
-1522.96
-1569.24
-1193.51
-581.997
82.7259
620.991
858.601
727.405
306.122
-296.647
-927.843
-1366.25
-1450.07
-1165.82
-686.953
-211.37
122.085
231.778
83.0904
-292.638
-745.991
-1085.64
-1120.63
-784.621
-176.385
461.006
864.796
932.58
710.641
251.822
-366.254
-968.659
-1333.45
-1288.27
-873.178
-277.697
265.671
608.236
683.673
498.907
169.461
-192.784
-500.364
-629.373
-476.312
-77.2595
418.367
801.02
890.671
674.927
297.012
-109.329
-406.341
-477.77
-338.192
-41.9096
283.892
511.662
570.7
447.886
216.472
-41.1808
-233.601
-297.741
-234.329
-74.344
113.338
240.889
236.88
98.0321
-98.0321
-268.586
-314.504
-267.857
-130.466
101.676
319.606
470.117
488.338
458.455
674.563
1327.26
2125.73
2380.83
1814.87
814.869
25.5102
-288.265
-366.618
-306.122
14.9417
537.536
803.936
483.601
-129.738
-587.464
-721.939
-639.577
-416.181
45.9184
686.589
1218.29
1409.62
1247.45
769.315
-23.3236
-936.224
-1542.64
-1497.81
-889.942
-161.079
343.659
567.055
567.42
276.968
-321.429
-975.948
-1350.58
-1265.31
-817.784
-241.618
297.012
665.816
744.898
510.933
21.137
-590.015
-1144.31
-1489.43
-1490.52
-1162.9
-685.131
-246.72
44.4606
143.586
14.9417
-331.268
-692.42
-877.551
-806.487
-465.743
-11.6618
502.551
922.012
1055.03
805.758
232.872
-420.554
-994.169
-1271.14
-1221.94
-867.711
-284.985
298.105
680.029
707.362
483.236
147.595
-181.122
-356.778
-353.499
-136.297
244.534
604.592
838.557
862.245
653.061
236.88
-246.356
-581.997
-634.111
-376.093
20.0437
392.493
606.778
611.88
454.082
192.055
-73.9796
-287.901
-349.854
-234.329
-4.37318
248.542
359.694
231.778
-102.041
-460.277
-708.09
-748.907
-538.265
-146.501
278.061
587.828
677.843
523.688
217.93
-51.0204
167.638
1145.77
2313.05
2651.6
1869.17
711.006
-38.2653
-313.411
-534.621
-690.233
-297.741
530.612
968.659
584.548
-120.627
-549.198
-673.469
-716.837
-668.003
-263.12
478.499
1120.63
1399.78
1357.51
977.405
146.501
-918.367
-1585.28
-1434.4
-700.073
1.09329
386.662
615.525
721.21
478.134
-200.073
-981.778
-1387.39
-1260.93
-818.149
-305.394
209.913
656.706
845.845
665.452
173.834
-473.761
-1073.98
-1418
-1391.4
-1044.83
-549.563
-98.7609
182.58
242.711
49.1983
-366.618
-833.455
-1063.05
-877.551
-319.971
322.522
780.248
993.076
955.539
665.816
104.592
-590.743
-1140.31
-1285.71
-1041.18
-615.16
-130.466
299.563
534.257
485.058
199.344
-147.23
-386.662
-439.869
-325.437
-72.1574
294.096
603.134
719.023
631.195
374.636
25.5102
-303.936
-493.076
-435.131
-145.044
198.615
406.341
441.691
318.878
102.405
-105.321
-276.603
-348.032
-283.892
-76.895
157.799
284.985
228.134
-15.3061
-293.367
-496.356
-578.717
-533.528
-298.469
36.4431
364.796
578.717
579.446
399.781
110.058
15.6706
502.551
1608.24
2541.91
2517.49
1626.46
607.507
20.7726
-276.239
-487.245
-445.7
107.507
809.038
946.793
457.362
-157.07
-503.28
-609.329
-616.983
-442.784
30.6122
671.283
1160.71
1366.62
1293.37
785.714
-139.942
-1058.67
-1417.27
-1047.01
-361.516
161.808
422.012
541.181
466.837
46.6472
-629.373
-1198.25
-1342.93
-1069.24
-579.81
-56.4869
403.061
668.732
620.627
264.213
-286.079
-871.72
-1314.5
-1454.45
-1242.35
-801.02
-340.379
-15.3061
116.254
-6.9242
-387.026
-893.222
-1299.56
-1187.68
-570.335
132.289
585.641
731.778
697.886
516.035
213.557
-310.131
-781.706
-892.857
-739.067
-490.525
-234.329
23.3236
184.767
248.542
184.767
-36.8076
-242.347
-334.184
-311.589
-80.1749
284.985
555.394
615.525
551.749
440.233
297.376
126.458
-129.009
-279.519
-161.443
114.067
335.277
398.688
318.149
159.257
31.7055
-50.656
-90.379
-57.2157
36.4431
168.003
302.843
370.991
291.181
64.8688
-197.886
-433.673
-515.671
-412.901
-184.767
50.2915
218.659
356.414
363.338
219.023
-83.4548
-318.513
4.37318
1107.87
2438.78
2935.13
2274.05
1116.62
287.536
-61.9534
-320.335
-490.525
-143.586
669.096
1174.56
794.096
-137.026
-929.665
-1287.54
-1318.51
-1135.93
-638.848
131.56
915.087
1464.65
1658.89
1342.2
415.087
-720.481
-1377.19
-1199.34
-482.872
163.63
477.77
607.143
592.201
225.219
-551.02
-1391.76
-1815.6
-1650.87
-1069.61
-352.041
304.665
777.332
936.953
723.761
182.216
-510.569
-1072.52
-1282.07
-1078.72
-650.51
-218.294
98.7609
242.711
154.519
-256.924
-888.848
-1453.72
-1645.41
-1342.2
-644.315
196.429
841.108
1131.56
1117.71
836.006
333.09
-293.732
-814.869
-965.743
-659.621
-107.872
356.05
598.397
557.945
208.09
-338.921
-866.983
-1158.53
-1080.54
-619.169
79.0816
790.452
1291.18
1372.08
1030.61
455.539
-127.187
-523.324
-609.329
-363.338
95.481
561.589
777.332
640.671
255.831
-216.472
-628.644
-868.805
-832.726
-470.481
123.542
654.519
901.239
856.414
571.064
162.172
-267.128
-603.499
-704.446
-485.787
-47.0117
383.746
628.644
555.394
200.437
-264.942
-711.37
-1100.95
-1018.95
121.356
2002.92
3385.93
3316.69
2186.59
1076.17
503.28
98.3965
-356.414
-309.038
464.286
1221.94
1104.96
169.461
-903.061
-1646.5
-1983.97
-1938.78
-1444.24
-534.257
522.595
1482.87
2175.66
2277.7
1496.36
131.195
-917.274
-1050.29
-475.583
121.72
395.773
549.198
639.577
361.152
-470.481
-1518.95
-2221.21
-2263.85
-1740.52
-958.455
-125.364
604.956
1030.61
1032.43
654.519
58.309
-518.586
-842.93
-806.851
-507.289
-103.499
239.067
365.525
151.239
-437.318
-1217.2
-1841.47
-2059.04
-1822.52
-1152.33
-234.329
561.224
1001.46
1045.19
895.044
696.064
372.085
-49.9271
-340.743
-243.44
79.0816
363.338
423.834
218.294
-150.875
-676.385
-1188.78
-1448.98
-1286.81
-787.536
-162.901
493.805
1004.01
1206.27
1043.37
590.743
150.146
-57.2157
-44.8251
72.8863
246.72
422.012
437.682
246.356
-120.991
-535.714
-841.837
-980.321
-896.137
-565.598
-43.3673
434.767
662.536
620.262
423.105
229.956
94.0233
51.7493
108.236
240.16
396.137
480.685
432.216
181.487
-245.627
-767.128
-1244.53
-1526.6
-1337.1
-296.283
1477.77
3118.8
3618.8
2881.56
1702.99
848.397
427.843
222.668
333.09
899.052
1510.93
1439.14
450.073
-970.845
-2158.89
-2716.47
-2586.01
-1890.67
-803.207
444.242
1586.01
2365.89
2500
1791.91
530.977
-515.671
-772.23
-309.038
356.778
838.192
1066.33
1035.71
560.86
-462.099
-1707.73
-2629.74
-2850.22
-2379.74
-1447.52
-360.787
563.047
1121.72
1211.73
882.653
308.673
-290.087
-673.105
-660.714
-286.808
178.936
486.88
478.863
113.703
-559.767
-1397.59
-2124.27
-2467.2
-2284.26
-1633.02
-717.201
166.181
737.974
943.878
911.443
724.49
452.259
172.376
0.728863
51.3848
297.376
553.936
591.472
313.776
-274.781
-990.889
-1542.64
-1740.16
-1549.56
-1064.14
-412.172
235.058
712.099
891.035
735.423
427.478
172.741
98.3965
255.831
525.875
760.933
818.149
631.195
228.863
-289.359
-748.542
-1034.62
-1060.86
-835.641
-423.469
85.6414
500.364
693.878
637.755
430.394
240.16
185.131
317.784
583.819
872.449
1032.43
961.735
649.417
115.16
-553.936
-1211.01
-1668.73
-1779.15
-1531.71
-873.907
359.694
2063.41
3458.09
3654.88
2668.73
1388.85
679.3
595.845
742.347
963.192
1330.9
1576.9
1141.4
-126.458
-1775.51
-3057.94
-3434.77
-2842.93
-1600.22
-159.621
1115.16
2038.99
2494.17
2303.21
1397.23
151.603
-696.064
-682.216
24.4169
856.05
1334.55
1326.17
850.583
-99.4898
-1399.78
-2625.73
-3270.41
-3078.35
-2190.6
-983.601
172.012
995.991
1313.78
1123.54
569.606
-84.9125
-541.181
-602.77
-264.942
249.636
638.484
689.14
347.303
-337.464
-1237.61
-2095.12
-2603.5
-2585.64
-2106.78
-1305.39
-309.038
635.204
1220.48
1277.7
984.329
625.729
385.204
283.528
262.755
400.51
669.825
836.006
648.688
71.793
-708.819
-1422.01
-1795.55
-1739.07
-1312.68
-662.172
-1.82216
501.093
793.367
836.37
635.933
353.499
200.802
302.114
609.694
922.012
1019.68
826.895
389.942
-183.673
-724.854
-1048.83
-1120.26
-970.845
-640.306
-204.81
249.636
561.589
623.178
475.948
297.012
256.56
434.038
782.434
1099.49
1227.41
1074.71
649.781
34.621
-651.603
-1282.43
-1749.27
-1899.78
-1723.76
-1203.72
-225.583
1164.36
2510.2
3101.68
2680.39
1702.99
932.216
713.192
829.81
1066.33
1335.28
1481.41
1182.94
211.735
-1262.03
-2690.23
-3400.15
-3108.24
-2047.38
-699.344
500.729
1404.15
1963.92
2014.58
1412.17
403.426
-387.026
-487.609
96.5743
903.061
1432.22
1464.29
981.414
38.2653
-1202.26
-2358.24
-2993.8
-2871.72
-2083.82
-965.015
116.618
856.414
1091.47
849.125
344.388
-161.079
-455.904
-379.009
49.1983
617.711
1040.45
1075.8
654.155
-124.636
-1048.1
-1846.94
-2274.42
-2216.47
-1760.93
-1059.04
-298.469
322.522
674.927
716.472
555.029
370.991
330.539
453.717
705.175
994.169
1154.15
1076.17
710.277
123.907
-572.522
-1191.33
-1542.64
-1523.69
-1137.39
-626.093
-244.534
-36.0787
66.3265
131.56
197.522
266.764
361.152
548.834
822.157
1033.16
1035.35
741.983
201.895
-383.382
-808.673
-990.16
-921.647
-661.079
-366.618
-119.534
37.9009
89.2857
69.242
29.519
47.7405
220.845
594.023
1041.18
1374.64
1412.9
1100.95
519.315
-162.901
-741.983
-1119.9
-1277.33
-1267.13
-1112.24
-900.146
-717.566
-623.907
-626.093
-428.207
303.936
1570.34
2766.03
3218.66
2805.03
1953.35
1196.06
619.169
197.157
8.01749
91.1079
201.166
-65.5977
-811.589
-1755.47
-2357.14
-2265.31
-1602.04
-689.869
224.49
1062.68
1756.2
2082.73
1835.64
1079.08
249.271
-225.583
-226.312
97.3032
450.073
594.388
388.12
-190.962
-1001.82
-1735.06
-2085.28
-1947.52
-1405.61
-642.128
153.061
758.017
948.615
694.242
204.81
-237.974
-422.012
-278.426
84.9125
463.921
648.688
522.23
136.297
-405.612
-995.262
-1466.11
-1648.32
-1460.64
-1004.74
-472.303
-13.484
285.714
420.19
398.688
308.673
263.848
358.965
559.402
750.364
838.557
744.169
505.466
174.198
-188.776
-544.825
-822.522
-938.411
-848.761
-579.446
-268.586
-36.8076
71.4286
100.583
114.796
144.679
188.776
257.653
366.254
456.633
441.327
288.265
34.2566
-233.236
-428.207
-508.017
-485.423
-376.093
-225.948
-82.7259
37.5364
115.525
153.79
188.776
267.493
411.443
598.761
726.312
715.743
569.242
321.064
22.5948
-329.082
-663.994
-883.382
-918.367
-775.146
-567.42
-353.863
-247.085
-271.501
-395.044
-509.84
-472.303
-161.808
543.367
1546.65
2457.73
2684.4
2048.83
961.006
55.3936
-357.143
-373.178
-119.898
285.35
667.274
682.58
112.974
-867.711
-1741.62
-1980.69
-1474.85
-515.671
491.983
1279.52
1730.32
1736.88
1223.4
339.65
-513.848
-927.114
-783.163
-238.703
401.239
841.837
875
432.58
-331.633
-1098.03
-1503.64
-1397.96
-896.137
-224.49
401.603
802.843
837.464
504.373
-33.1633
-510.933
-716.472
-579.81
-190.962
268.586
585.641
607.872
323.251
-142.493
-631.924
-983.601
-1064.87
-860.787
-489.067
-155.248
1.45773
-35.7143
-155.977
-270.044
-267.128
-137.026
33.1633
193.149
347.303
484.329
520.773
456.633
235.058
-13.1195
-128.28
-165.816
-156.341
-163.63
-200.073
-252.551
-284.621
-352.041
-497.813
-571.793
-517.493
-341.108
-94.3878
72.5219
94.0233
47.3761
6.19534
-42.6385
-47.3761
33.5277
174.927
383.746
592.201
675.656
624.271
484.329
288.63
90.7434
-51.3848
-111.152
-93.2945
-17.8571
25.8746
4.00875
-34.9854
-86.3703
-170.554
-237.609
-233.601
-115.16
90.7434
250.364
288.265
240.889
185.131
104.227
-12.7551
-160.714
-387.391
-641.764
-853.863
-867.711
-464.286
359.329
1250.73
1643.95
1367.71
677.478
80.1749
-102.041
72.1574
497.449
1023.69
1417.64
1340.01
640.306
-466.108
-1473.4
-1850.22
-1495.63
-759.111
-54.3003
422.741
653.79
615.525
251.822
-327.988
-788.265
-801.385
-345.481
349.854
970.117
1250.36
1089.29
506.924
-262.026
-860.423
-1036.08
-776.239
-282.07
171.283
394.679
347.303
49.9271
-377.915
-726.676
-771.501
-460.277
58.309
539.359
767.493
703.717
432.945
65.5977
-289.723
-499.271
-491.983
-289.359
-16.3994
113.338
-16.035
-311.953
-630.831
-826.895
-772.595
-464.65
1.82216
441.691
743.076
840.015
770.044
579.082
282.434
39.3586
-52.8426
24.4169
127.915
116.983
-52.4781
-327.259
-575.437
-795.19
-944.242
-959.184
-802.114
-467.566
-76.5306
207.362
300.292
267.493
224.125
241.254
349.49
505.831
627.187
657.434
558.309
333.09
36.8076
-247.449
-436.589
-454.446
-310.131
-120.991
-6.19534
-6.55977
-81.6327
-149.052
-132.289
-8.38192
184.038
370.627
501.458
548.834
500.729
358.236
150.51
-51.0204
-185.86
-263.484
-321.429
-382.289
-450.437
-536.079
-636.662
-729.227
-794.096
-794.461
-723.032
-468.659
106.05
913.994
1543.73
1614.07
1175.66
623.178
328.353
330.175
464.286
595.117
668.003
553.207
135.933
-560.496
-1293
-1643.22
-1416.91
-797.376
-175.656
193.149
298.834
263.484
148.688
-65.5977
-252.187
-191.691
147.959
579.082
882.653
904.519
660.35
240.889
-247.449
-647.959
-750.729
-487.245
-49.9271
314.504
415.452
230.321
-80.9038
-356.414
-507.653
-444.242
-147.959
246.356
583.819
768.586
702.259
396.866
8.74636
-328.717
-497.449
-436.224
-213.921
2.18659
111.88
56.8513
-131.924
-293.732
-363.703
-340.379
-189.14
87.0991
393.586
618.076
661.443
485.787
210.641
-26.9679
-185.131
-231.05
-189.869
-166.91
-226.312
-340.379
-471.939
-548.834
-481.778
-295.554
-52.4781
172.376
290.816
278.426
160.714
-20.7726
-193.878
-244.898
-169.461
-45.9184
53.207
73.9796
19.6793
-65.9621
-171.647
-280.612
-293.003
-171.647
29.8834
222.303
322.157
304.3
207.362
84.9125
-38.2653
-113.338
-109.694
-51.7493
25.8746
78.3528
40.4519
-78.7172
-200.437
-285.35
-301.385
-260.204
-181.487
-65.9621
81.9971
173.834
129.009
-2.91545
-138.12
-221.939
-257.653
-303.571
-385.569
-415.816
-268.95
139.213
647.23
875.364
662.536
267.128
48.8338
128.28
393.95
672.741
856.778
879.009
625.729
73.2507
-553.207
-948.251
-927.114
-546.647
-119.898
68.5131
51.7493
-18.586
-97.3032
-188.047
-249.271
-171.283
114.431
507.653
785.35
821.793
651.603
346.574
9.11079
-226.312
-275.146
-121.72
171.647
413.63
421.283
205.539
-90.0146
-318.878
-376.822
-266.035
-70.3353
151.968
327.988
381.195
314.14
199.708
68.8776
-44.4606
-86.7347
-64.8688
-10.5685
30.6122
12.0262
-70.3353
-153.061
-204.446
-212.099
-155.612
-69.242
16.3994
83.0904
86.7347
-6.55977
-128.644
-182.58
-123.542
33.8921
197.522
280.248
260.933
128.28
-108.236
-355.685
-504.738
-487.609
-330.175
-149.052
-65.2332
-88.1924
-151.603
-231.05
-299.198
-311.953
-254.738
-155.248
-57.2157
-17.4927
-34.9854
-64.1399
-106.05
-172.741
-236.152
-232.872
-137.026
-2.55102
82.7259
78.3528
43.0029
50.2915
89.6501
93.2945
31.3411
-72.8863
-165.087
-185.496
-142.493
-72.8863
-1.09329
59.0379
67.4198
5.10204
-84.5481
-155.248
-186.953
-186.589
-151.968
-97.3032
-9.83965
65.5977
56.4869
-42.2741
-176.02
-314.14
-436.953
-492.347
-437.682
-175.656
298.105
728.499
803.936
570.7
300.656
182.216
256.924
415.087
542.274
629.009
637.391
414.723
-34.9854
-457.362
-603.499
-392.493
10.5685
280.977
291.91
203.717
139.213
92.93
47.7405
12.0262
25.8746
143.95
312.318
382.653
338.192
235.423
116.254
34.2566
19.3149
44.0962
94.0233
154.519
134.84
22.9592
-80.5394
-92.2012
-25.1458
46.2828
55.758
2.18659
-43.3673
-47.0117
-30.9767
0
67.4198
172.741
257.289
243.44
119.169
-47.7405
-174.198
-217.93
-205.539
-161.443
-96.2099
-6.9242
55.758
62.6822
52.4781
30.2478
3.27988
-22.9592
9.83965
81.9971
192.784
272.959
228.499
125
-4.37318
-120.627
-223.761
-271.137
-290.816
-277.697
-220.845
-243.076
-343.659
-450.802
-474.49
-390.306
-228.863
-100.948
-63.7755
-49.9271
-49.1983
-53.207
-56.8513
-65.9621
-78.7172
-64.8688
-24.4169
-19.3149
-60.8601
-122.449
-190.598
-228.499
-208.819
-165.452
-132.289
-148.324
-221.21
-308.309
-346.21
-333.819
-278.79
-172.012
-38.6297
88.9213
173.469
168.003
50.656
-106.778
-240.889
-297.741
-250
-176.02
-142.857
-190.233
-321.064
-498.907
-622.085
-624.636
-502.551
-208.09
234.329
654.155
818.878
673.834
432.945
362.609
524.417
749.636
862.245
833.819
728.863
518.222
185.496
-150.51
-311.224
-208.09
67.4198
280.612
276.603
166.181
78.3528
63.4111
130.466
236.152
340.743
446.793
505.831
433.309
264.577
98.3965
-5.8309
-24.4169
26.2391
66.3265
78.7172
87.0991
35.7143
-73.6152
-146.866
-91.1079
72.1574
259.111
359.329
328.353
251.093
166.181
90.0146
44.8251
45.5539
76.5306
108.601
96.9388
7.28863
-135.569
-267.128
-344.752
-356.05
-305.758
-241.254
-157.07
-51.0204
51.7493
144.315
211.006
267.493
301.02
279.883
190.962
73.6152
1.09329
-44.8251
-84.1837
-151.968
-259.475
-360.787
-472.668
-583.455
-647.23
-606.414
-465.379
-280.248
-104.956
-12.7551
8.38192
-14.5773
-61.5889
-88.1924
-66.3265
-17.8571
32.07
49.9271
-17.1283
-176.02
-362.245
-509.84
-591.837
-577.988
-510.569
-416.181
-310.496
-224.49
-182.945
-160.714
-138.484
-139.942
-129.373
-91.1079
-19.6793
75.0729
151.603
169.096
126.458
48.4694
-67.0554
-196.064
-291.545
-317.784
-278.426
-181.122
-98.3965
-78.7172
-100.948
-143.95
-149.417
-116.254
-72.1574
-47.7405
-38.9942
-10.9329
47.7405
138.848
283.892
452.988
494.534
333.819
101.312
22.5948
215.015
543.732
753.28
783.892
731.778
622.449
411.079
147.23
-3.27988
73.2507
345.481
563.411
515.306
278.426
38.6297
-94.0233
-93.2945
-10.2041
62.6822
118.076
162.536
147.959
87.0991
73.6152
106.778
157.07
218.294
235.787
239.796
285.714
319.606
270.408
197.886
186.589
228.499
279.519
256.195
135.569
16.3994
-18.586
-8.74636
16.3994
56.8513
60.1312
31.3411
-7.28863
-60.8601
-97.6676
-95.481
-80.9038
-77.2595
-88.9213
-128.28
-172.741
-194.242
-204.082
-218.294
-211.006
-145.044
-25.8746
67.0554
56.8513
-50.2915
-173.469
-243.44
-262.391
-230.321
-173.105
-123.178
-106.05
-151.968
-212.464
-236.152
-236.152
-243.076
-272.959
-313.411
-336.735
-321.064
-278.426
-234.694
-191.691
-190.233
-270.044
-408.528
-536.808
-580.539
-509.111
-352.77
-203.717
-134.475
-137.026
-183.309
-217.566
-205.175
-159.621
-93.6589
-21.8659
44.4606
72.5219
49.5627
4.00875
-40.0875
-54.6647
-32.4344
0.728863
14.9417
-17.4927
-83.4548
-155.977
-152.697
-53.5714
57.9446
122.449
88.9213
-41.1808
-208.09
-311.953
-316.691
-250.729
-147.23
-92.5656
-111.152
-159.621
-210.641
-182.58
17.4927
298.105
441.327
413.63
356.05
397.959
587.464
786.079
840.379
804.3
761.297
633.746
394.679
195.7
150.51
294.825
504.373
511.297
277.332
2.18659
-161.808
-183.673
-74.7085
78.3528
174.927
228.134
227.77
123.542
24.7813
44.0962
155.977
314.869
432.216
441.691
404.883
413.63
414.723
363.703
325.802
332.362
369.898
377.915
290.087
122.085
9.47522
25.8746
98.0321
151.968
137.755
46.6472
-51.3848
-102.77
-111.516
-92.5656
-62.3178
-64.8688
-137.391
-235.787
-309.038
-318.878
-276.603
-236.152
-225.583
-235.058
-208.455
-165.452
-152.697
-173.834
-231.778
-280.612
-301.02
-292.638
-291.91
-293.367
-284.621
-305.029
-326.531
-358.965
-375.729
-361.152
-329.81
-300.292
-294.461
-268.95
-238.703
-232.872
-263.848
-327.624
-383.746
-425.656
-449.344
-444.971
-400.146
-315.233
-231.778
-193.878
-203.353
-245.262
-274.052
-257.653
-188.411
-93.2945
-4.00875
64.5044
77.2595
30.6122
-37.5364
-74.344
-42.2741
48.8338
110.787
91.1079
13.1195
-43.3673
-40.0875
-24.4169
-28.4257
-65.5977
-100.583
-120.262
-150.51
-204.81
-248.907
-238.338
-186.589
-131.56
-107.143
-96.2099
-77.9883
-40.4519
-4.73761
32.7988
170.918
403.061
576.531
572.886
455.539
373.542
433.309
601.312
708.455
699.708
631.924
536.443
425.656
329.446
301.749
357.507
444.971
458.09
349.49
216.837
159.621
196.429
283.163
345.481
343.294
303.571
265.671
223.032
196.429
224.125
306.122
416.545
482.872
446.429
355.685
304.665
329.082
391.764
433.673
427.843
393.586
346.939
272.959
184.038
129.373
124.636
140.306
127.187
48.4694
-70.6997
-171.647
-225.219
-249.271
-255.466
-256.924
-279.155
-326.531
-406.341
-481.778
-493.44
-423.105
-330.175
-303.936
-357.507
-441.691
-482.507
-460.277
-418.367
-394.315
-375.364
-358.236
-369.534
-409.985
-455.175
-457.362
-393.586
-313.411
-284.985
-307.216
-348.032
-377.187
-380.466
-381.195
-385.204
-368.076
-328.353
-313.776
-360.423
-446.793
-502.551
-466.472
-369.169
-296.647
-278.426
-282.799
-267.128
-220.845
-177.478
-145.773
-93.2945
6.19534
102.041
126.822
84.5481
33.5277
30.2478
70.3353
107.507
111.88
104.592
89.6501
51.3848
-1.09329
-33.5277
-13.484
34.621
60.4956
32.4344
-14.5773
-28.0612
2.55102
39.3586
49.1983
44.0962
47.3761
67.4198
72.1574
49.1983
21.8659
20.7726
55.0292
114.431
165.452
217.566
317.42
432.945
501.822
508.017
523.688
603.499
728.863
817.784
791.91
697.157
602.041
514.942
417.274
319.242
277.332
311.224
361.152
326.531
199.344
96.5743
113.703
236.152
370.627
419.096
385.569
345.481
329.082
330.539
336.735
338.192
337.099
323.251
264.577
163.994
85.6414
75.0729
99.1254
117.347
110.787
94.7522
92.93
91.1079
62.6822
14.2128
-10.5685
-2.55102
6.9242
-16.035
-89.2857
-182.945
-244.898
-266.399
-284.257
-323.251
-380.831
-434.767
-454.082
-440.598
-433.673
-434.767
-434.767
-442.784
-457.726
-473.761
-461.006
-411.079
-335.641
-263.12
-231.778
-257.289
-336.735
-409.257
-416.545
-338.921
-249.636
-226.676
-276.968
-374.636
-456.997
-494.169
-473.032
-403.79
-319.242
-275.875
-317.055
-392.857
-436.224
-399.417
-303.207
-221.21
-202.624
-232.143
-254.738
-243.805
-205.539
-162.901
-120.991
-77.6239
-36.4431
-14.5773
-15.3061
-8.38192
20.4082
44.8251
42.2741
16.3994
-11.6618
-16.035
-14.5773
-31.7055
-52.4781
-52.8426
-26.2391
16.035
61.5889
91.1079
118.076
169.096
236.88
298.105
330.539
323.98
290.452
250
204.082
170.918
167.638
180.394
173.105
127.551
73.9796
55.758
100.219
227.405
408.163
555.758
596.574
539.723
479.592
516.399
639.213
732.872
725.583
631.195
504.373
390.306
302.478
260.204
286.808
367.711
410.35
352.041
235.058
159.985
196.793
312.318
400.875
392.857
317.42
234.694
176.749
148.324
136.297
131.56
132.289
117.711
69.9708
9.83965
-13.484
21.137
76.1662
108.601
97.6676
60.1312
26.2391
5.10204
-10.5685
-24.7813
-23.3236
-15.6706
-21.5015
-57.5802
-130.466
-204.446
-242.347
-242.711
-225.583
-219.752
-241.254
-288.994
-348.032
-403.426
-443.878
-456.268
-440.598
-420.918
-420.554
-442.784
-464.65
-471.574
-453.353
-419.096
-386.297
-372.449
-383.746
-403.426
-417.274
-403.061
-383.746
-399.781
-436.589
-475.948
-502.551
-489.431
-435.496
-365.16
-297.012
-254.373
-256.924
-289.723
-320.335
-334.548
-307.945
-248.907
-205.904
-204.81
-242.711
-292.274
-309.402
-263.484
-182.945
-108.601
-55.3936
-33.5277
-24.7813
-8.74636
13.1195
45.9184
85.277
125.364
155.612
170.554
181.851
197.886
229.592
260.569
272.23
269.679
258.746
261.662
273.324
276.603
274.052
279.519
297.741
325.073
347.668
351.312
342.566
327.624
302.478
275.875
258.746
252.187
257.653
252.551
224.854
180.394
142.493
143.95
210.641
319.606
398.688
404.519
366.983
352.77
401.603
504.373
599.125
650.875
656.341
597.668
488.338
378.644
319.971
336.735
383.017
362.245
233.601
73.6152
-11.2974
16.3994
107.143
161.443
123.542
30.9767
-48.4694
-75.8017
-37.9009
41.5452
107.507
129.738
100.219
36.8076
-11.2974
-6.9242
28.0612
48.4694
38.2653
1.09329
-41.5452
-70.6997
-84.5481
-88.1924
-83.0904
-75.4373
-77.9883
-92.2012
-122.085
-174.563
-235.058
-286.079
-322.157
-347.668
-383.746
-445.335
-523.688
-590.015
-621.72
-610.787
-573.98
-538.63
-522.595
-529.155
-539.359
-530.248
-488.338
-420.19
-353.863
-313.047
-301.385
-311.589
-327.259
-336.735
-337.828
-329.81
-311.589
-293.732
-287.901
-291.91
-299.927
-293.732
-264.213
-218.294
-170.554
-133.746
-118.44
-123.542
-124.636
-106.414
-72.5219
-40.4519
-37.172
-64.1399
-92.5656
-99.8542
-81.9971
-43.3673
-6.19534
4.73761
1.45773
8.74636
45.1895
125.364
221.21
293.367
330.904
336.735
333.09
342.566
369.169
388.12
380.102
344.388
300.292
263.848
229.227
182.945
133.746
118.076
143.586
184.767
201.531
182.216
160.35
175.656
226.312
263.484
258.017
218.659
166.181
123.907
99.1254
90.0146
92.93
96.2099
86.0058
73.9796
118.805
221.574
323.251
380.466
392.128
397.23
435.131
489.431
504.373
486.88
482.143
497.085
504.009
468.659
383.017
296.283
267.128
264.942
227.405
153.061
73.9796
33.8921
52.4781
81.6327
72.8863
45.1895
23.3236
12.0262
14.9417
23.3236
35.3499
51.3848
47.0117
-1.82216
-63.7755
-88.5569
-76.1662
-57.2157
-64.1399
-108.601
-151.239
-162.536
-153.79
-157.07
-174.563
-194.971
-209.184
-216.108
-233.965
-271.137
-312.318
-345.845
-379.009
-413.994
-451.895
-481.778
-494.534
-506.56
-525.875
-538.63
-524.781
-487.609
-461.735
-466.108
-480.685
-466.108
-407.434
-343.294
-315.598
-315.962
-305.758
-266.399
-216.837
-196.793
-219.752
-248.542
-257.653
-247.085
-242.347
-256.195
-271.137
-274.417
-260.204
-241.983
-215.743
-163.63
-99.4898
-42.6385
-12.7551
-6.9242
-8.74636
-7.28863
-3.27988
8.38192
40.4519
72.5219
75.0729
33.8921
-34.621
-80.5394
-71.0641
-20.7726
24.7813
47.3761
64.8688
104.227
170.19
237.609
291.181
340.379
398.324
452.624
473.032
452.259
414.723
393.95
389.213
377.915
347.303
308.309
280.977
267.128
248.178
216.108
192.784
203.353
248.907
298.834
318.878
311.224
301.02
312.682
334.184
345.481
330.175
290.087
248.542
222.303
225.219
247.085
276.603
291.545
282.434
275.146
286.079
318.513
365.525
397.23
385.569
346.939
297.741
237.974
190.233
164.359
153.79
135.933
100.948
38.2653
-25.1458
-39.3586
-21.5015
-14.9417
-38.6297
-94.3878
-158.163
-174.927
-152.332
-129.738
-121.72
-130.102
-152.332
-178.571
-203.353
-232.143
-245.991
-237.245
-226.676
-221.939
-221.939
-219.752
-213.921
-208.819
-214.286
-234.694
-255.466
-263.848
-266.399
-270.044
-274.781
-282.07
-285.714
-295.554
-327.259
-368.44
-397.23
-401.239
-396.137
-402.697
-423.834
-442.784
-444.971
-431.851
-420.918
-419.096
-406.706
-384.111
-352.041
-320.7
-300.656
-270.408
-229.227
-190.598
-168.732
-158.892
-138.12
-91.1079
-46.6472
-43.0029
-69.9708
-93.2945
-94.7522
-83.4548
-73.2507
-60.4956
-34.2566
2.18659
20.4082
13.484
8.01749
27.3324
63.7755
85.6414
75.8017
50.2915
37.9009
41.9096
46.2828
46.2828
60.4956
99.4898
149.417
175.292
170.19
174.563
221.939
307.945
385.569
422.376
435.496
450.437
475.583
494.534
494.898
489.067
485.423
477.041
444.242
389.213
341.108
313.776
303.936
290.816
267.493
239.067
223.397
229.227
241.254
240.889
220.117
183.309
145.773
113.338
79.8105
46.2828
18.9504
10.2041
20.0437
31.3411
33.1633
22.2303
21.137
45.9184
91.1079
131.924
145.044
138.484
131.924
144.315
166.181
168.003
142.493
110.787
86.3703
66.691
41.9096
12.0262
-4.00875
1.82216
13.1195
1.45773
-21.5015
-34.2566
-33.8921
-29.8834
-42.2741
-71.0641
-94.7522
-102.041
-107.872
-126.093
-159.257
-192.055
-204.81
-206.268
-212.099
-227.405
-240.16
-235.058
-212.828
-192.055
-184.767
-187.318
-187.682
-178.207
-168.732
-159.985
-164.723
-178.936
-189.14
-197.522
-209.548
-236.516
-271.501
-306.122
-332.726
-361.152
-393.222
-425.656
-441.327
-440.598
-434.038
-418.367
-399.781
-372.813
-343.294
-315.233
-294.461
-275.51
-251.458
-223.032
-191.691
-163.63
-138.848
-125
-111.88
-101.312
-89.6501
-75.0729
-59.7668
-44.0962
-26.2391
0.364431
31.3411
65.9621
90.379
108.236
122.449
136.297
153.426
166.91
170.918
164.723
158.892
150.875
143.95
135.933
130.466
132.653
144.315
158.163
169.096
186.589
216.472
261.662
306.851
341.837
361.152
372.813
384.475
393.95
390.671
376.458
358.965
341.108
324.344
303.936
282.07
264.577
256.924
254.373
251.822
246.72
242.711
244.169
245.262
237.609
212.828
182.216
157.799
143.586
128.28
104.227
73.2507
41.1808
13.484
-15.6706
-44.8251
-64.5044
-64.8688
-47.7405
-24.0525
0
26.2391
57.9446
89.2857
114.067
131.924
149.052
163.994
172.012
165.816
149.781
130.466
103.863
71.4286
34.2566
0
-25.5102
-42.6385
-57.2157
-72.8863
-91.4723
-108.236
-121.72
-134.475
-148.688
-168.003
-187.318
-200.073
-212.828
-235.787
-268.95
-305.394
-334.184
-350.948
-362.245
-366.983
-362.974
-348.032
-323.615
-295.19
-265.671
-240.525
-215.743
-190.962
-166.545
-146.866
-137.391
-141.035
-155.977
-174.563
-193.149
-214.286
-241.618
-270.773
-295.554
-314.504
-328.717
-339.65
-345.117
-343.294
-330.904
-308.309
-276.603
-234.329
-184.402
-132.653
-83.4548
-43.7318
-12.7551
10.9329
30.6122
47.3761
52.8426
46.2828
35.7143
30.2478
30.6122
33.8921
40.0875
51.0204
72.8863
103.863
135.569
163.994
184.402
199.344
211.37
220.481
226.312
227.405
226.312
225.219
218.659
207.362
192.784
178.207
165.452
152.697
147.595
150.146
158.528
167.274
176.02
189.504
210.641
233.965
259.84
283.528
302.114
315.233
321.429
321.429
314.869
303.571
284.621
262.026
239.067
220.117
209.184
201.166
192.784
183.673
174.563
168.367
166.181
164.723
161.443
153.426
143.586
129.738
111.152
91.4723
68.1487
40.8163
9.47522
-20.4082
-47.0117
-72.1574
-93.2945
-110.058
-123.907
-131.195
-128.28
-112.974
-91.1079
-69.6064
-56.4869
-54.3003
-58.309
-63.0466
-67.4198
-73.2507
-86.0058
-101.676
-117.711
-136.297
-156.341
-170.918
-178.936
-184.402
-183.673
-182.58
-181.487
-178.936
-173.469
-169.096
-168.367
-171.283
-178.571
-190.598
-204.81
-218.294
-232.507
-243.805
-252.187
-257.653
-254.009
-244.898
-230.321
-211.006
-193.513
-178.936
-165.816
-151.603
-134.111
-115.889
-98.0321
-85.277
-80.5394
-79.4461
-77.2595
-73.6152
-69.9708
-67.7843
-68.5131
-69.9708
-72.1574
-71.0641
-69.242
-66.691
-64.5044
-63.0466
-61.5889
-60.1312
-57.5802
-50.2915
-39.723
-29.8834
-21.137
-10.9329
-2.18659
10.2041
27.3324
44.4606
59.0379
70.6997
79.4461
87.0991
96.9388
106.05
116.254
125.729
135.569
148.324
162.536
176.02
189.869
202.988
215.015
227.041
240.16
251.458
256.195
252.915
241.983
228.863
213.921
200.073
189.14
180.029
173.105
166.91
161.808
155.612
154.155
155.248
159.985
165.087
166.181
165.816
164.359
161.808
160.35
159.985
157.07
153.79
150.146
143.95
135.204
125
115.16
107.143
100.219
92.2012
81.9971
65.2332
42.6385
20.0437
-3.64431
-26.9679
-49.9271
-72.8863
-94.3878
-113.338
-132.289
-149.052
-168.732
-187.318
-201.895
-212.099
-217.201
-216.108
-212.464
-205.904
-198.98
-194.242
-191.327
-187.682
-181.487
-171.283
-159.985
-151.603
-146.866
-145.773
-141.764
-133.017
-121.72
-108.236
-97.3032
-90.379
-84.1837
-79.4461
-77.6239
-76.1662
-78.7172
-81.6327
-84.5481
-90.7434
-98.3965
-107.872
-117.711
-125.729
-132.653
-139.213
-141.764
-143.222
-141.764
-136.662
-130.466
-120.262
-106.414
-86.3703
-62.6822
-41.1808
-21.5015
-4.37318
9.47522
23.3236
34.9854
41.1808
45.5539
50.2915
57.5802
64.5044
67.4198
65.9621
61.2245
57.2157
60.1312
65.9621
71.0641
77.6239
83.0904
87.4636
90.379
90.0146
88.1924
88.9213
89.6501
89.2857
86.7347
81.9971
80.9038
84.5481
92.93
103.863
112.609
123.907
135.933
145.773
158.163
169.825
179.3
189.14
195.335
197.157
193.878
185.496
177.843
169.096
155.612
141.035
121.356
100.219
80.9038
63.7755
49.1983
35.7143
22.2303
10.9329
1.45773
-6.9242
-7.65306
-8.01749
-10.5685
-10.9329
-14.5773
-19.6793
-23.688
-26.6035
-26.9679
-27.6968
-28.7901
-28.7901
-32.07
-36.0787
-37.9009
-39.3586
-36.8076
-33.1633
-30.2478
-28.4257
-28.7901
-27.6968
-28.0612
-33.1633
-40.0875
-48.4694
-57.2157
-69.242
-83.0904
-98.3965
-112.974
-125.729
-135.204
-143.222
-151.968
-157.434
-159.621
-160.35
-160.35
-159.257
-157.07
-152.697
-145.773
-137.755
-131.56
-125.729
-119.898
-118.076
-120.991
-124.636
-126.822
-127.187
-124.636
-119.898
-113.703
-106.05
-97.3032
-87.0991
-75.0729
-59.0379
-38.2653
-15.6706
4.37318
22.9592
40.4519
53.9359
64.5044
73.6152
80.9038
83.0904
83.4548
82.3615
76.5306
66.3265
57.5802
52.4781
49.5627
51.3848
57.2157
65.2332
74.7085
85.6414
99.8542
114.431
129.009
143.95
155.612
162.172
166.545
167.274
164.723
158.163
146.866
136.662
125.364
114.067
106.05
97.3032
91.4723
90.0146
92.2012
97.3032
104.592
111.88
120.262
126.093
127.187
125
118.805
111.88
103.499
92.93
80.5394
63.4111
47.3761
29.8834
12.0262
-3.27988
-16.7638
-26.9679
-33.5277
-38.6297
-41.5452
-41.9096
-41.1808
-38.9942
-39.723
-43.3673
-47.7405
-55.0292
-62.3178
-72.1574
-87.0991
-102.041
-119.169
-137.391
-154.883
-170.554
-180.758
-184.038
-181.851
-174.563
-165.816
-155.248
-141.399
-128.28
-113.338
-96.5743
-79.8105
-62.3178
-51.0204
-46.6472
-46.6472
-50.2915
-53.207
-55.758
-59.4023
-61.2245
-64.1399
-65.9621
-64.1399
-63.4111
-60.1312
-52.8426
-44.0962
-31.7055
-18.2216
-5.8309
4.37318
11.2974
15.3061
14.2128
6.9242
-2.55102
-12.3907
-24.0525
-36.8076
-49.5627
-61.2245
-69.242
-72.5219
-71.0641
-65.5977
-56.4869
-45.9184
-35.3499
-25.1458
-15.3061
-4.37318
6.9242
17.1283
25.1458
30.6122
35.3499
36.8076
34.2566
30.9767
28.0612
28.0612
32.07
37.9009
42.6385
47.7405
54.6647
64.8688
78.3528
93.2945
110.423
126.093
141.764
157.07
168.003
174.563
174.563
169.461
162.536
153.79
143.222
134.84
128.28
125.364
124.636
124.271
125.729
125.729
125.729
126.822
129.373
134.84
142.493
146.137
145.408
139.942
129.373
116.618
99.1254
76.895
55.758
36.4431
21.137
7.28863
-9.47522
-26.9679
-42.2741
-54.3003
-63.4111
-70.3353
-72.8863
-69.9708
-66.3265
-64.1399
-64.5044
-69.242
-76.5306
-85.6414
-95.8455
-104.592
-110.423
-111.88
-112.245
-114.796
-115.889
-114.431
-112.245
-108.601
-106.414
-104.592
-97.3032
-88.9213
-81.6327
-78.3528
-80.9038
-84.5481
-91.1079
-102.041
-112.245
-122.085
-132.289
-138.484
-143.222
-146.501
-148.688
-150.51
-150.51
-149.417
-145.408
-135.204
-121.356
-105.321
-88.1924
-71.793
-55.0292
-37.5364
-24.0525
-12.7551
-2.55102
7.28863
18.2216
24.7813
31.3411
37.5364
39.723
38.6297
37.172
34.2566
33.1633
32.7988
30.9767
31.3411
30.9767
31.3411
28.7901
22.2303
13.484
3.27988
-5.8309
-13.484
-19.6793
-24.4169
-25.1458
-21.8659
-17.8571
-13.1195
-8.38192
-1.82216
4.73761
10.5685
17.8571
27.3324
37.9009
47.3761
54.6647
61.5889
69.242
76.1662
83.0904
88.9213
92.93
98.3965
101.312
102.041
102.041
101.312
102.041
102.77
103.863
106.414
108.236
108.236
109.694
111.152
115.16
122.085
129.738
135.933
138.848
138.484
138.848
139.942
141.035
145.044
148.324
152.332
155.977
157.07
156.341
153.426
147.595
139.213
127.915
114.796
101.676
87.828
72.1574
57.2157
41.1808
25.5102
10.5685
-4.73761
-18.2216
-30.6122
-40.0875
-48.8338
-58.309
-69.6064
-80.5394
-90.7434
-100.219
-107.507
-112.245
-114.796
-116.983
-119.898
-123.542
-128.644
-134.84
-141.035
-144.315
-143.586
-140.306
-135.204
-133.746
-131.56
-128.28
-126.458
-125.364
-126.093
-129.009
-133.382
-137.026
-140.306
-143.95
-149.052
-155.612
-163.265
-173.105
-182.58
-190.962
-196.064
-196.793
-191.327
-182.58
-173.105
-161.808
-148.324
-134.475
-120.991
-108.236
-96.2099
-83.4548
-72.8863
-63.7755
-57.5802
-53.207
-48.105
-40.4519
-30.6122
-21.137
-14.2128
-5.8309
4.73761
15.6706
25.8746
34.621
44.0962
54.3003
64.8688
76.1662
86.3703
94.0233
98.7609
102.77
102.77
98.3965
92.5656
87.0991
84.1837
82.7259
83.8192
85.6414
87.828
91.1079
96.5743
101.312
104.956
111.516
119.169
127.187
137.755
147.595
154.519
157.799
158.528
155.248
148.324
140.671
133.017
125.364
118.076
113.703
112.609
114.067
115.16
114.796
113.703
112.974
114.796
119.169
125.364
132.289
139.213
144.679
146.137
145.044
139.942
131.56
122.449
114.431
106.05
98.3965
89.6501
79.4461
68.5131
56.1224
44.4606
34.9854
28.4257
25.5102
24.0525
21.8659
16.3994
9.11079
-0.728863
-12.3907
-25.8746
-40.0875
-52.8426
-63.0466
-72.5219
-80.5394
-89.2857
-99.8542
-110.058
-118.805
-126.093
-130.831
-133.017
-134.84
-135.204
-135.204
-137.755
-141.764
-147.23
-154.519
-161.079
-168.367
-174.198
-177.478
-178.207
-177.478
-176.02
-175.656
-174.563
-173.469
-169.825
-164.359
-157.799
-151.603
-147.595
-145.044
-142.128
-140.671
-139.213
-137.755
-135.933
-132.289
-130.102
-128.28
-125.364
-122.449
-116.618
-109.329
-102.041
-94.7522
-85.277
-75.4373
-65.5977
-54.6647
-45.9184
-37.172
-27.6968
-19.3149
-10.2041
-1.45773
6.19534
16.035
24.4169
32.7988
40.8163
48.105
57.2157
67.4198
75.4373
84.1837
91.1079
96.9388
103.134
107.143
111.516
114.431
116.254
118.076
118.805
117.347
114.796
110.058
106.414
102.77
101.312
102.041
102.77
102.77
102.77
104.592
104.592
106.778
112.974
119.898
128.28
137.026
143.95
150.146
153.79
155.248
155.248
155.612
158.528
161.808
164.359
165.816
166.545
166.545
166.91
167.274
166.545
163.994
161.443
157.799
151.603
144.679
135.204
123.542
110.423
96.2099
81.6327
67.4198
55.3936
41.9096
29.1545
16.7638
6.9242
0
-2.55102
-5.46647
-7.28863
-8.38192
-10.9329
-12.3907
-15.6706
-20.0437
-24.7813
-30.9767
-36.8076
-44.4606
-54.6647
-65.9621
-79.0816
-92.93
-105.321
-116.254
-125.729
-133.746
-142.493
-152.697
-160.714
-169.461
-178.936
-185.131
-190.598
-194.242
-196.793
-199.344
-202.988
-208.455
-214.65
-217.93
-217.93
-217.566
-218.294
-218.659
-219.023
-216.837
-212.828
-209.184
-204.446
-196.429
-184.038
-170.19
-158.528
-150.51
-144.315
-138.484
-134.475
-128.644
-123.907
-120.627
-119.534
-119.534
-119.169
-119.898
-118.076
-114.067
-105.321
-95.8455
-83.4548
-68.1487
-51.3848
-32.7988
-15.3061
4.00875
21.8659
38.9942
54.3003
68.5131
80.9038
90.7434
99.1254
108.236
116.254
124.271
135.204
145.408
154.883
164.359
174.563
185.496
195.335
205.904
213.192
217.566
219.752
221.21
220.481
217.201
213.192
207.362
201.895
196.429
190.962
186.953
182.945
178.571
173.469
171.283
169.096
169.096
168.732
167.274
164.359
163.265
164.723
166.91
167.274
163.994
159.257
151.603
143.586
134.475
124.636
116.254
107.872
99.8542
92.5656
84.5481
77.2595
71.793
65.9621
61.5889
55.3936
47.0117
37.9009
29.519
20.7726
12.7551
4.00875
-6.55977
-17.1283
-28.4257
-39.723
-50.656
-61.5889
-68.8776
-75.0729
-79.8105
-85.6414
-92.93
-99.4898
-105.685
-109.329
-111.88
-115.16
-119.169
-123.178
-127.551
-131.195
-135.204
-141.035
-149.052
-156.706
-163.63
-170.19
-176.02
-183.673
-192.055
-198.615
-204.446
-210.277
-216.108
-221.574
-225.948
-228.863
-231.778
-235.058
-238.338
-237.974
-234.329
-228.863
-224.125
-221.21
-217.93
-213.192
-206.268
-198.251
-189.869
-181.122
-170.554
-158.528
-146.866
-136.297
-125
-111.516
-95.8455
-79.8105
-64.5044
-49.9271
-37.172
-24.7813
-13.1195
-1.45773
10.2041
20.0437
30.6122
40.4519
49.5627
60.1312
70.3353
83.0904
95.8455
109.694
123.907
137.391
150.875
162.901
176.385
189.504
200.802
211.006
219.023
225.948
232.872
236.516
238.338
239.431
239.796
239.431
237.245
233.601
227.77
223.761
219.752
215.015
210.277
203.717
197.522
190.962
184.767
179.3
171.647
162.172
153.426
145.044
137.026
128.644
119.534
111.516
104.227
97.6676
88.1924
79.8105
71.0641
61.2245
53.5714
45.5539
39.3586
34.621
28.7901
24.0525
18.586
13.1195
6.9242
2.55102
-2.18659
-6.19534
-10.2041
-18.2216
-24.7813
-29.519
-34.2566
-37.172
-42.2741
-48.105
-51.0204
-56.4869
-61.2245
-67.4198
-73.2507
-78.7172
-84.1837
-91.4723
-96.2099
-100.219
-107.143
-111.516
-112.974
-112.974
-111.516
-112.609
-114.796
-116.254
-117.711
-117.347
-116.983
-115.525
-113.703
-113.703
-116.618
-120.991
-126.458
-130.831
-134.84
-138.484
-140.306
-142.128
-143.586
-145.773
-148.324
-150.875
-153.061
-154.155
-154.519
-155.612
-155.248
-153.426
-150.51
-145.408
-139.577
-134.84
-130.102
-127.551
-126.093
-123.907
-122.085
-117.711
-112.974
-107.872
-99.8542
-93.2945
-87.0991
-80.1749
-75.4373
-68.1487
-60.1312
-51.3848
-40.0875
-28.4257
-17.4927
-5.10204
6.19534
17.4927
30.2478
41.1808
51.3848
64.1399
74.7085
86.3703
97.6676
106.05
114.067
121.72
129.009
135.204
140.671
146.866
155.612
162.536
168.003
171.647
172.741
174.563
177.114
179.665
182.945
186.589
189.14
192.055
194.242
194.971
194.606
193.149
191.327
190.962
191.327
191.327
190.598
189.14
186.224
181.851
174.927
165.816
156.341
146.501
137.026
128.644
121.356
114.431
106.778
99.4898
90.7434
81.6327
72.8863
66.691
61.9534
57.5802
53.9359
48.105
40.0875
31.3411
20.4082
9.11079
-2.18659
-13.1195
-23.688
-31.3411
-39.723
-47.3761
-53.5714
-60.1312
-65.5977
-68.5131
-71.4286
-73.2507
-73.9796
-72.8863
-72.1574
-72.5219
-75.4373
-79.8105
-86.3703
-92.5656
-98.3965
-104.592
-109.694
-115.16
-119.898
-124.636
-130.466
-137.391
-142.128
-146.137
-148.688
-149.781
-151.603
-154.155
-157.799
-161.808
-165.452
-170.554
-176.02
-180.758
-185.131
-189.14
-193.149
-196.429
-198.98
-201.166
-202.624
-202.259
-201.531
-199.344
-196.064
-192.055
-186.953
-181.122
-177.114
-172.376
-166.545
-161.079
-154.519
-145.773
-137.755
-127.551
-117.347
-105.685
-94.0233
-82.3615
-68.5131
-53.9359
-40.8163
-26.9679
-13.1195
0.728863
15.3061
28.7901
42.6385
56.4869
70.6997
85.6414
100.219
113.703
126.822
141.035
153.79
166.91
180.394
192.784
202.624
210.277
217.201
224.125
228.863
235.058
241.983
247.085
252.187
255.831
257.653
259.111
258.382
258.017
256.195
252.551
248.542
244.534
239.067
231.778
222.303
211.37
200.437
191.327
181.851
173.834
168.732
161.443
152.332
142.128
131.195
119.534
106.414
95.1166
84.5481
74.344
61.9534
50.656
38.6297
28.4257
18.9504
10.5685
3.27988
-5.8309
-12.7551
-19.3149
-24.4169
-30.2478
-36.4431
-43.7318
-52.4781
-60.4956
-69.9708
-78.7172
-86.3703
-93.6589
-101.312
-107.507
-113.338
-117.711
-121.72
-126.093
-129.009
-131.924
-135.569
-138.12
-141.764
-144.315
-147.959
-149.781
-149.417
-150.146
-150.875
-151.968
-153.426
-154.519
-154.883
-154.883
-155.248
-154.155
-154.519
-155.977
-158.892
-162.172
-165.087
-166.91
-167.638
-168.732
-169.096
-168.732
-165.816
-163.63
-161.443
-159.257
-157.799
-153.79
-149.417
-145.044
-138.848
-132.289
-123.542
-114.431
-106.05
-98.3965
-91.4723
-84.1837
-75.4373
-66.691
-56.8513
-48.8338
-39.3586
-30.9767
-23.3236
-15.3061
-8.74636
0.364431
10.5685
20.7726
30.6122
40.0875
48.4694
58.309
68.1487
79.4461
89.6501
97.6676
107.143
114.431
120.627
127.551
134.111
139.577
144.679
148.688
153.061
158.892
165.087
170.19
175.656
179.3
182.216
184.767
187.682
191.691
192.055
193.149
194.971
195.7
195.7
193.878
190.598
189.14
185.86
182.945
179.665
176.749
173.105
169.461
166.181
161.443
157.07
150.875
145.773
139.942
133.382
126.458
118.076
109.694
99.1254
87.828
77.9883
67.7843
59.0379
50.2915
41.5452
32.7988
24.7813
15.3061
5.8309
-3.64431
-14.2128
-24.0525
-34.9854
-43.7318
-51.7493
-59.4023
-65.9621
-73.2507
-80.5394
-87.0991
-94.0233
-100.219
-107.872
-114.431
-121.356
-127.551
-132.289
-137.755
-142.493
-147.23
-151.239
-153.79
-157.07
-159.257
-160.714
-162.901
-164.723
-164.723
-164.723
-164.359
-163.994
-163.63
-162.901
-162.536
-160.35
-158.528
-155.248
-153.061
-151.603
-148.688
-147.595
-145.773
-143.586
-141.035
-139.213
-137.755
-135.204
-130.831
-127.551
-123.542
-118.805
-114.796
-110.423
-107.507
-105.685
-103.134
-100.948
-97.3032
-91.1079
-83.0904
-74.344
-67.4198
-59.7668
-51.3848
-43.7318
-36.0787
-29.1545
-22.5948
-15.6706
-10.2041
-2.18659
6.9242
14.2128
22.9592
30.2478
37.5364
45.5539
52.1137
61.5889
71.793
80.5394
90.7434
100.583
109.694
118.44
126.458
135.204
142.493
147.595
154.883
161.808
166.91
173.834
180.394
187.318
192.784
197.157
203.353
207.726
212.828
219.023
222.303
224.49
226.676
226.312
225.583
222.303
216.108
209.548
200.802
193.513
186.589
179.665
174.563
168.367
161.443
154.519
147.23
141.399
133.382
123.542
112.609
100.948
88.9213
79.0816
69.6064
60.1312
49.5627
38.2653
27.6968
14.5773
1.09329
-10.5685
-21.8659
-32.07
-41.9096
-50.656
-56.4869
-66.3265
-75.4373
-83.8192
-94.7522
-105.685
-115.889
-124.636
-131.56
-138.484
-144.679
-149.417
-156.341
-161.443
-166.545
-172.012
-176.02
-179.3
-181.122
-180.394
-181.122
-181.487
-181.122
-183.673
-185.496
-187.318
-188.776
-188.411
-188.411
-186.224
-183.309
-181.122
-176.385
-171.647
-165.816
-160.35
-155.248
-149.781
-145.408
-141.035
-135.204
-131.195
-125
-120.262
-116.983
-112.974
-110.423
-105.321
-99.1254
-91.4723
-81.6327
-72.5219
-63.7755
-53.9359
-44.0962
-35.3499
-24.7813
-15.3061
-5.46647
4.73761
14.2128
23.688
33.1633
39.723
48.4694
56.1224
62.3178
69.6064
75.0729
80.5394
87.4636
92.93
100.219
106.414
112.609
119.169
124.271
130.102
135.569
141.035
146.866
152.332
157.434
161.443
163.994
166.181
168.003
169.825
169.461
170.19
171.283
169.825
169.461
166.181
163.994
161.443
155.977
152.332
149.417
147.595
144.679
141.764
137.755
132.289
126.093
119.534
114.067
107.872
100.583
93.6589
87.0991
78.7172
72.5219
65.5977
58.309
50.2915
41.9096
35.7143
27.6968
21.5015
16.035
9.47522
4.37318
-1.82216
-9.83965
-16.3994
-22.2303
-29.519
-36.8076
-43.7318
-50.2915
-57.9446
-64.8688
-70.6997
-75.8017
-82.3615
-88.1924
-92.93
-97.3032
-100.219
-103.499
-107.143
-110.058
-112.245
-113.703
-114.431
-116.618
-117.347
-119.169
-121.356
-121.356
-122.085
-122.449
-122.449
-122.813
-123.542
-124.271
-124.271
-122.813
-120.627
-120.262
-118.805
-116.618
-115.16
-112.609
-110.058
-105.685
-99.8542
-97.6676
-94.0233
-90.379
-87.4636
-85.277
-83.4548
-79.4461
-75.0729
-72.1574
-68.8776
-64.8688
-59.7668
-54.6647
-48.4694
-42.6385
-34.9854
-28.7901
-25.8746
-22.2303
-17.1283
-12.3907
-8.38192
-3.64431
1.45773
7.28863
12.7551
18.2216
22.5948
29.1545
35.7143
40.4519
45.1895
49.5627
53.5714
57.9446
60.4956
63.7755
68.8776
71.0641
73.2507
76.1662
77.9883
80.1749
82.7259
84.9125
90.0146
94.3878
96.5743
98.7609
99.8542
102.041
103.863
104.227
105.321
106.05
107.872
109.694
110.058
110.787
110.787
110.058
110.423
110.787
109.694
108.236
105.321
102.77
101.312
98.7609
95.481
92.5656
91.1079
91.1079
88.5569
84.9125
80.5394
75.0729
69.6064
64.1399
56.8513
49.9271
44.8251
38.2653
33.8921
29.519
24.7813
19.6793
15.3061
11.2974
5.46647
-2.18659
-9.47522
-17.8571
-24.4169
-31.3411
-39.723
-48.4694
-56.4869
-62.3178
-67.7843
-73.2507
-76.5306
-78.7172
-80.5394
-82.3615
-86.0058
-91.4723
-98.3965
-105.321
-111.152
-116.254
-121.356
-125.364
-128.644
-130.831
-130.102
-128.644
-125.729
-120.991
-116.618
-112.609
-110.058
-109.329
-110.058
-111.152
-110.058
-106.414
-102.77
-98.0321
-92.5656
-85.277
-76.5306
-68.1487
-61.2245
-55.3936
-48.8338
-41.9096
-36.0787
-32.07
-28.4257
-24.0525
-17.4927
-10.9329
-6.9242
-2.91545
0.728863
5.46647
11.6618
17.4927
22.5948
28.4257
35.3499
41.1808
45.9184
49.5627
51.3848
53.207
55.0292
55.0292
54.6647
54.3003
54.3003
54.3003
55.758
55.3936
56.4869
58.309
60.4956
62.6822
63.4111
62.6822
60.4956
56.8513
53.207
49.1983
45.9184
43.3673
40.0875
38.6297
37.9009
37.5364
37.5364
37.5364
36.4431
34.621
34.621
33.8921
34.621
35.3499
35.3499
35.7143
35.3499
33.5277
31.3411
30.2478
28.7901
28.0612
29.519
30.2478
31.3411
32.07
31.7055
29.8834
28.0612
26.6035
26.2391
27.3324
28.7901
30.2478
31.3411
32.07
30.9767
28.0612
25.5102
22.9592
20.7726
19.3149
18.2216
16.3994
15.6706
14.2128
11.6618
8.74636
6.55977
5.46647
5.8309
5.10204
2.55102
0
-3.64431
-9.11079
-13.8484
-18.2216
-22.9592
-26.2391
-28.4257
-29.8834
-32.07
-33.5277
-35.3499
-36.8076
-38.6297
-40.4519
-40.0875
-38.9942
-39.3586
-40.0875
-42.2741
-45.5539
-49.1983
-53.5714
-56.8513
-59.0379
-60.8601
-61.5889
-61.9534
-61.5889
-60.4956
-59.7668
-57.9446
-56.1224
-53.9359
-52.1137
-48.4694
-45.1895
-43.3673
-41.5452
-40.4519
-40.0875
-40.0875
-40.0875
-39.3586
-38.2653
-36.0787
-33.5277
-30.2478
-26.2391
-22.2303
-17.8571
-13.1195
-8.01749
-1.82216
4.37318
9.11079
12.0262
14.9417
17.4927
18.9504
20.0437
20.7726
22.2303
23.3236
24.4169
25.1458
26.2391
28.0612
31.3411
34.2566
37.172
39.723
40.8163
41.9096
41.9096
40.0875
38.6297
36.4431
35.7143
34.2566
32.4344
30.2478
27.6968
24.4169
21.5015
19.6793
20.0437
20.7726
20.0437
20.4082
21.137
21.137
20.4082
20.0437
20.4082
21.5015
21.5015
20.7726
19.6793
18.586
17.8571
18.586
19.3149
20.0437
21.5015
21.137
20.4082
18.9504
17.1283
16.035
16.035
15.6706
16.035
15.6706
14.2128
12.7551
11.6618
10.9329
9.11079
7.65306
8.01749
8.01749
7.28863
6.55977
6.19534
5.8309
6.55977
5.8309
5.8309
5.10204
3.64431
1.82216
-0.364431
-0.364431
-0.728863
-1.45773
-2.18659
-2.18659
-3.64431
-6.19534
-8.74636
-10.5685
-10.5685
-12.3907
-13.484
-14.9417
-18.2216
-19.3149
-20.4082
-23.688
-26.2391
-30.2478
-33.1633
-34.621
-37.172
-38.2653
-39.723
-40.4519
-40.4519
-40.0875
-42.2741
-43.3673
-44.8251
-46.6472
-45.9184
-45.5539
-45.1895
-45.5539
-46.6472
-45.9184
-45.5539
-44.4606
-44.4606
-44.0962
-42.2741
-41.1808
-39.723
-39.723
-37.9009
-34.2566
-29.8834
-27.3324
-25.1458
-22.9592
-21.5015
-17.8571
-12.7551
-8.74636
-5.46647
-2.91545
0.728863
4.00875
6.9242
9.83965
11.2974
14.2128
18.586
24.0525
27.3324
30.2478
33.8921
36.4431
38.9942
41.5452
43.3673
44.4606
45.9184
49.5627
52.1137
53.9359
55.3936
57.5802
60.1312
60.4956
60.8601
59.4023
57.9446
57.9446
57.5802
57.2157
56.1224
53.9359
51.3848
48.8338
47.7405
47.0117
46.6472
45.5539
44.4606
42.6385
40.8163
38.2653
35.3499
33.8921
31.3411
29.1545
25.8746
23.688
22.2303
18.9504
16.035
13.8484
11.6618
10.9329
9.47522
6.9242
4.00875
1.09329
-1.45773
-3.64431
-6.19534
-9.11079
-12.0262
-16.035
-17.1283
-17.4927
-19.6793
-22.2303
-24.4169
-26.6035
-28.7901
-30.6122
-33.1633
-35.3499
-37.5364
-41.1808
-44.0962
-47.3761
-51.0204
-53.207
-55.0292
