SAMPLES: 5522
BITSPERSAMPLE:	16
CHANNELS:	1
SAMPLERATE:	16000
NORMALIZED:	FALSE
174.378
138.81
114.573
100.094
97.8911
105.76
119.61
134.089
141.328
135.033
114.259
80.5792
38.401
-6.92477
-50.9915
-87.1892
-115.518
-133.774
-135.977
-122.757
-92.2254
-48.1586
-0.629525
46.5848
90.022
124.961
150.456
163.362
161.788
149.512
128.108
100.409
73.9692
52.5653
39.3453
34.3091
32.7353
34.9386
37.4567
36.8272
34.9386
25.4958
6.61001
-20.1448
-54.4539
-91.9106
-125.905
-154.234
-173.749
-183.192
-181.933
-168.713
-145.105
-115.203
-82.4677
-54.1391
-34.6239
-24.2367
-26.44
-39.0305
-61.3787
-91.5958
-124.016
-156.122
-185.71
-205.855
-215.297
-213.094
-200.818
-184.136
-163.362
-141.643
-122.128
-106.704
-99.1501
-98.8354
-106.075
-117.092
-129.053
-137.551
-140.069
-136.292
-125.59
-112.37
-96.632
-77.7463
-62.3229
-51.9358
-49.4177
-57.6015
-69.8772
-86.8744
-104.816
-120.554
-134.089
-140.384
-141.958
-138.81
-129.367
-118.665
-103.872
-88.1335
-76.802
-69.8772
-72.7101
-82.4677
-95.0582
-107.963
-115.203
-112.37
-95.373
-57.2867
3.14762
88.763
189.487
291.785
388.102
468.366
530.375
568.146
581.681
567.831
530.06
475.921
405.099
327.668
251.81
184.766
136.607
108.908
99.1501
106.075
125.59
153.604
178.47
188.543
181.303
153.604
110.482
57.9163
1.25905
-51.9358
-93.1697
-119.924
-128.108
-114.573
-79.3201
-25.8105
38.0862
101.353
159.585
206.799
235.757
246.774
234.183
202.707
158.955
107.019
57.2867
14.7938
-15.7381
-29.9024
-30.8467
-24.8662
-15.4234
-9.44287
-8.81335
-14.7938
-36.1977
-70.192
-116.462
-169.342
-219.704
-263.141
-294.932
-307.523
-299.654
-271.64
-222.852
-158.325
-87.1892
-20.4596
31.4762
63.2672
70.8215
52.2506
13.5348
-40.9191
-103.872
-165.88
-221.907
-264.715
-287.378
-289.581
-273.214
-241.423
-203.022
-163.991
-126.849
-97.5763
-78.3758
-72.7101
-82.4677
-105.131
-135.348
-161.473
-179.415
-186.339
-175.637
-153.604
-120.554
-80.5792
-40.6043
-4.40667
18.8857
25.181
14.7938
-10.7019
-45.3258
-82.153
-115.518
-140.699
-154.548
-157.696
-148.568
-129.367
-99.1501
-65.1558
-34.9386
-13.22
-8.49858
-21.0891
-45.9553
-78.3758
-112.685
-139.125
-154.234
-149.197
-112.685
-45.011
58.5458
189.487
324.835
450.74
554.611
629.21
671.073
676.11
641.486
569.405
469.94
354.422
236.387
128.108
41.8634
-12.2757
-36.8272
-34.6239
-12.9053
24.2367
69.2477
108.593
132.515
129.682
98.5206
48.4734
-10.0724
-68.3034
-116.777
-147.624
-155.493
-135.663
-89.7073
-20.4596
67.0444
159.899
246.144
312.874
350.645
360.088
339.629
293.044
225.055
142.587
57.9163
-18.571
-76.802
-108.278
-111.741
-93.1697
-61.3787
-28.3286
-2.20334
13.8495
12.5905
-6.61001
-45.6405
-101.353
-163.991
-219.704
-258.105
-270.696
-253.384
-204.281
-128.423
-38.0862
56.6572
141.014
203.651
237.016
232.295
188.228
112.37
14.4791
-91.9106
-197.356
-286.749
-352.219
-388.102
-390.62
-363.551
-313.818
-251.81
-188.857
-133.459
-93.4844
-72.7101
-74.2839
-92.8549
-126.22
-165.88
-202.392
-226.629
-234.183
-220.963
-188.857
-143.532
-91.2811
-43.752
-8.18382
10.3872
6.61001
-17.3119
-60.4344
-116.147
-173.434
-224.74
-258.735
-276.047
-273.528
-249.921
-211.835
-166.509
-122.443
-90.022
-73.9692
-74.5987
-95.373
-137.551
-196.097
-256.846
-302.487
-316.651
-297.45
-240.478
-135.033
18.571
219.389
446.648
663.834
836.638
958.766
1028.64
1034.94
974.504
851.117
680.831
494.177
304.375
121.498
-38.7158
-157.696
-220.963
-233.868
-213.724
-174.693
-118.351
-48.7882
18.571
61.6934
69.8772
50.6767
22.6629
-4.40667
-28.6434
-41.2339
-26.44
24.8662
110.796
219.389
336.481
450.11
548.001
611.268
623.544
583.884
496.38
370.79
219.075
54.1391
-103.872
-232.924
-319.484
-359.144
-353.793
-310.356
-237.646
-147.309
-61.0639
3.14762
34.6239
33.05
-0.314762
-56.6572
-122.128
-185.395
-229.462
-241.737
-211.52
-137.551
-28.9581
93.7992
211.52
311.3
370.161
378.974
329.871
218.13
59.1753
-119.61
-298.395
-460.183
-588.606
-669.814
-694.366
-657.853
-576.015
-465.219
-337.11
-208.687
-97.8911
-20.7743
16.6824
15.1086
-16.0529
-65.4706
-129.367
-193.579
-243.941
-269.437
-264.4
-233.239
-190.116
-141.958
-96.0025
-64.5263
-56.0277
-69.5625
-104.816
-154.234
-207.743
-254.013
-281.712
-281.712
-248.977
-192.005
-125.905
-61.0639
-11.6462
15.4234
16.3676
-22.6629
-98.5206
-203.651
-326.409
-442.556
-534.781
-577.274
-553.667
-459.553
-289.581
-47.8439
271.64
633.617
965.061
1220.02
1380.55
1455.15
1431.22
1299.34
1067.67
766.446
458.294
168.713
-95.0582
-316.966
-473.088
-535.726
-508.971
-427.447
-327.353
-213.724
-83.0973
39.0305
116.777
128.738
91.9106
50.0472
33.05
28.6434
36.5124
87.5039
191.376
340.573
510.23
661.316
784.388
863.708
865.596
775.26
609.38
396.601
157.066
-93.1697
-337.74
-536.355
-650.299
-670.759
-614.416
-504.879
-353.163
-177.526
1.25905
150.456
236.701
258.105
225.685
148.568
39.6601
-80.5792
-182.247
-241.108
-247.088
-204.91
-119.924
10.0724
162.103
301.228
394.712
427.133
395.342
304.06
163.047
-27.6991
-241.737
-435.631
-584.199
-670.759
-695.31
-668.24
-590.809
-463.015
-316.651
-180.044
-66.4149
5.35096
39.3453
36.1977
-7.23953
-78.3758
-160.529
-235.442
-291.785
-323.261
-320.743
-286.119
-225.685
-152.03
-89.3925
-43.752
-11.3314
-5.66572
-30.8467
-79.3201
-146.364
-205.54
-242.367
-257.161
-250.236
-221.907
-180.359
-137.236
-103.557
-87.8187
-97.8911
-133.774
-198.93
-295.877
-400.692
-491.659
-570.035
-622.6
-621.341
-555.87
-417.69
-197.041
89.7073
450.11
852.691
1209.63
1467.74
1613.79
1647.47
1576.02
1402.27
1116.46
749.764
366.698
5.98048
-320.428
-590.494
-778.407
-864.652
-836.638
-724.583
-581.996
-409.506
-207.428
-16.3676
135.977
215.612
218.76
201.763
200.818
203.022
209.002
242.052
315.077
432.798
564.369
671.388
744.098
774.001
730.249
594.901
389.046
144.161
-114.888
-363.865
-587.032
-758.892
-836.953
-805.792
-675.48
-471.199
-231.036
20.7743
262.827
457.664
570.035
586.088
523.135
406.043
255.587
91.2811
-66.1001
-180.988
-236.072
-233.239
-178.47
-80.8939
45.9553
175.952
275.102
326.409
339.629
309.097
228.517
103.557
-52.8801
-198.3
-300.283
-352.849
-360.088
-331.445
-272.899
-194.523
-104.816
-36.1977
-11.0167
-23.2924
-73.0249
-149.197
-241.737
-334.278
-408.876
-450.425
-459.868
-440.038
-390.935
-308.782
-203.966
-105.445
-29.2729
14.4791
30.2172
22.0334
-18.2562
-89.3925
-172.49
-248.347
-299.339
-320.743
-322.946
-314.448
-303.431
-288.637
-282.027
-288.952
-318.54
-369.846
-428.392
-492.288
-555.87
-614.101
-657.224
-669.814
-628.58
-525.968
-367.642
-144.791
151.715
540.132
978.911
1359.77
1607.81
1708.84
1703.18
1596.16
1375.51
1034.62
602.77
175.637
-203.966
-528.486
-795.404
-978.281
-1030.22
-943.658
-764.558
-556.185
-330.5
-70.8215
198.615
413.283
515.581
508.656
458.924
434.057
424.929
402.581
389.361
416.745
500.472
617.879
708.215
745.357
728.99
638.653
465.848
224.111
-47.2144
-311.615
-543.909
-726.157
-838.527
-838.527
-711.678
-480.013
-191.69
103.872
378.03
614.101
785.647
843.248
777.148
618.508
409.821
188.543
-26.44
-220.963
-368.901
-444.759
-446.333
-390.62
-289.581
-153.919
-13.5348
103.242
184.136
237.331
266.918
256.531
202.077
101.039
-4.40667
-81.5234
-130.941
-149.827
-172.175
-188.543
-190.116
-194.208
-204.91
-250.866
-324.205
-403.525
-479.068
-534.152
-562.48
-552.408
-496.065
-408.247
-305.634
-193.579
-80.2644
21.0891
96.632
128.423
117.721
75.543
6.92477
-80.2644
-178.155
-280.453
-366.383
-412.968
-429.651
-432.483
-428.077
-421.152
-406.043
-378.344
-360.403
-363.236
-372.049
-383.381
-401.322
-412.339
-424.614
-454.202
-463.33
-428.077
-354.737
-222.852
-23.6072
272.269
699.402
1167.45
1520.62
1697.83
1732.14
1655.02
1467.42
1150.77
697.513
195.153
-248.033
-600.567
-870.947
-1058.23
-1128.11
-1049.1
-825.622
-541.706
-280.453
-22.9777
250.866
507.397
675.48
690.274
588.92
492.603
449.481
418.634
375.826
339.629
354.108
435.002
528.801
573.812
560.277
493.233
359.144
160.529
-72.7101
-306.264
-495.751
-621.026
-686.182
-683.664
-578.218
-360.403
-69.5625
235.127
485.678
660.371
784.388
838.212
779.037
613.157
380.548
137.236
-80.5792
-267.863
-420.837
-516.525
-541.391
-500.472
-409.506
-268.807
-101.668
56.3425
202.707
323.261
405.729
442.556
440.667
385.584
288.637
185.71
84.3563
-0.314762
-77.7463
-160.529
-244.885
-325.15
-395.342
-477.494
-561.536
-628.58
-674.221
-675.48
-639.597
-569.405
-455.461
-310.67
-165.88
-33.3648
75.2282
150.456
192.005
193.894
153.604
74.5987
-23.6072
-129.997
-231.036
-321.687
-401.322
-440.353
-439.093
-413.598
-385.269
-368.901
-340.573
-299.969
-266.289
-248.977
-244.885
-255.272
-285.489
-328.612
-384.954
-457.35
-520.932
-531.948
-501.731
-410.765
-226.944
94.1139
619.138
1207.74
1641.49
1833.49
1834.12
1728.36
1500.16
1128.11
606.547
40.9191
-412.968
-731.508
-943.028
-1084.67
-1139.75
-1044.07
-802.014
-516.525
-287.378
-81.2087
159.585
419.893
611.898
633.302
520.617
418.004
406.358
415.486
380.233
318.225
293.359
338.999
397.545
402.266
344.035
251.18
117.406
-64.2115
-259.994
-445.074
-574.441
-620.397
-618.823
-579.163
-471.514
-268.492
13.5348
303.746
526.912
672.018
780.611
847.97
817.438
667.926
436.261
190.116
-30.8467
-230.406
-415.486
-550.834
-598.048
-559.018
-448.222
-286.119
-113.314
69.2477
272.584
463.015
605.288
685.238
704.123
671.703
590.494
463.33
305.319
157.381
25.8105
-112.055
-246.144
-380.548
-502.675
-601.511
-676.11
-718.288
-721.121
-669.185
-574.127
-438.149
-263.141
-81.2087
85.6154
222.537
309.097
345.294
335.222
279.824
185.08
69.8772
-61.3787
-189.172
-293.359
-385.899
-470.57
-522.82
-535.411
-517.469
-489.141
-465.219
-438.149
-401.322
-355.367
-317.28
-294.932
-298.709
-339.943
-400.063
-452.628
-522.82
-579.477
-588.291
-563.739
-455.776
-208.687
248.033
885.112
1483.79
1841.05
1902.42
1788.48
1575.39
1228.83
745.987
153.919
-390.935
-760.466
-967.579
-1079.95
-1142.9
-1113.63
-956.563
-693.736
-429.021
-222.222
-3.14762
274.158
550.834
710.733
698.772
590.494
515.895
488.826
420.208
284.86
142.273
77.4315
93.7992
125.59
125.59
85.6154
39.6601
-30.5319
-144.161
-277.306
-402.266
-478.439
-498.584
-484.105
-435.002
-302.172
-57.9163
251.495
541.706
749.764
880.705
951.841
938.936
802.959
554.611
253.698
-40.2896
-301.542
-524.709
-690.903
-756.689
-706.012
-561.221
-355.681
-130.312
111.111
368.587
587.661
733.711
813.031
833.176
820.585
773.686
677.369
533.837
372.679
223.481
51.3063
-141.958
-340.258
-530.375
-661.001
-754.485
-805.792
-777.778
-681.146
-523.45
-337.74
-152.345
6.29525
139.125
253.069
315.077
321.687
288.322
232.295
173.119
104.816
5.66572
-110.482
-231.98
-361.662
-486.308
-586.088
-637.079
-635.19
-587.661
-519.043
-446.963
-357.255
-267.548
-203.651
-163.362
-170.601
-227.888
-308.467
-396.286
-502.675
-615.675
-682.09
-709.789
-679.572
-539.188
-226.314
334.592
1055.71
1649.35
1908.4
1880.08
1698.46
1415.49
1002.2
453.573
-129.997
-577.274
-821.53
-933.585
-1000
-1044.7
-1015.11
-862.449
-644.633
-463.645
-292.414
-36.5124
317.91
651.558
819.326
788.48
685.238
627.007
555.87
384.64
132.83
-80.2644
-153.919
-113.629
-43.1224
14.1643
60.4344
72.0806
18.571
-97.8911
-256.846
-413.912
-524.709
-581.366
-587.347
-506.767
-296.191
27.6991
388.417
683.664
869.374
974.189
995.593
885.112
630.784
290.84
-47.2144
-324.52
-536.04
-692.477
-768.65
-729.934
-601.511
-420.523
-211.835
-26.44
137.551
323.261
516.21
711.678
881.649
994.649
1037.46
994.334
882.594
691.848
444.13
157.066
-161.788
-446.648
-668.87
-799.811
-841.675
-822.159
-724.268
-569.09
-378.659
-198.3
-46.8996
95.0582
208.058
288.637
340.258
362.606
371.105
374.882
350.331
279.194
163.362
12.2757
-147.938
-310.985
-478.124
-623.229
-692.792
-674.221
-614.101
-536.04
-456.091
-357.57
-245.829
-175.008
-152.66
-167.139
-183.506
-190.431
-247.403
-353.793
-474.347
-557.444
-587.976
-610.639
-608.75
-500.157
-104.501
625.433
1390.62
1832.23
1866.54
1691.22
1468.05
1160.53
676.11
73.3396
-425.559
-681.146
-743.469
-785.017
-896.443
-993.705
-959.081
-802.014
-650.929
-541.391
-355.052
11.6462
481.272
827.825
906.201
796.034
669.5
555.241
346.553
24.2367
-288.637
-434.057
-389.676
-262.827
-116.147
28.0138
123.702
111.741
-35.2534
-249.607
-440.982
-578.533
-660.371
-678.942
-590.809
-344.035
35.2534
432.798
729.619
879.761
926.031
900.85
768.02
512.748
202.392
-61.0639
-239.534
-364.495
-464.274
-528.486
-537.299
-495.121
-427.133
-345.609
-220.963
-27.0696
184.766
381.807
597.104
821.53
1012.91
1111.43
1067.99
895.184
648.096
384.954
104.186
-182.247
-423.985
-589.55
-627.951
-557.759
-454.517
-338.999
-227.258
-144.476
-107.019
-98.5206
-99.1501
-85.6154
-26.7548
59.8048
155.493
271.325
376.141
428.706
405.414
286.119
106.39
-77.4315
-246.774
-393.453
-505.194
-550.205
-517.469
-436.261
-357.885
-322.631
-318.54
-319.169
-315.707
-313.189
-305.949
-272.269
-206.169
-134.089
-113.629
-180.044
-302.172
-416.745
-486.308
-542.021
-593.642
-536.985
-185.71
526.597
1335.85
1838.53
1898.02
1701.29
1436.89
1102.3
617.564
33.9943
-435.946
-631.413
-607.806
-586.088
-684.293
-809.884
-827.825
-734.655
-666.352
-650.614
-525.338
-162.417
350.016
769.279
920.365
853.321
726.786
583.569
333.019
-44.6963
-395.971
-561.221
-532.893
-396.286
-213.409
-20.1448
117.721
102.927
-81.8382
-330.186
-521.246
-620.397
-657.539
-631.099
-497.01
-215.297
165.88
503.62
681.775
704.753
655.335
563.739
412.653
199.245
-9.44287
-131.571
-172.805
-201.133
-262.827
-352.219
-444.444
-513.063
-553.352
-543.28
-424.3
-179.729
146.679
487.252
810.198
1078.69
1235.76
1232.29
1038.09
716.399
358.2
50.362
-169.972
-316.966
-386.528
-402.581
-363.865
-300.598
-264.086
-245.2
-247.718
-262.512
-251.495
-178.155
-33.9943
148.568
323.261
458.294
540.447
556.5
500.787
365.124
181.303
-9.12811
-167.139
-264.086
-320.428
-346.868
-363.551
-374.252
-386.213
-421.782
-470.884
-512.433
-510.545
-450.74
-349.386
-218.13
-86.8744
32.4205
89.3925
50.0472
-63.2672
-220.648
-383.695
-516.21
-596.16
-645.578
-631.099
-478.124
-74.2839
613.472
1364.81
1815.55
1813.66
1537.61
1185.71
804.847
382.751
-46.5848
-327.668
-358.2
-245.515
-211.52
-365.754
-608.121
-794.145
-859.931
-883.223
-879.761
-692.477
-221.907
402.896
919.106
1126.85
1028.96
790.683
497.954
134.404
-267.548
-571.294
-659.427
-539.188
-299.024
-24.8662
210.261
308.152
176.267
-144.791
-486.937
-714.825
-791.627
-742.839
-602.77
-355.367
-6.61001
348.127
577.904
611.898
489.141
307.523
143.217
11.0167
-75.543
-80.5792
-8.81335
68.6182
78.3758
-11.961
-191.061
-401.952
-583.569
-692.792
-659.112
-435.631
-78.3758
310.041
635.19
854.265
958.766
931.067
757.003
467.107
162.417
-54.1391
-138.81
-109.537
-43.1224
-4.09191
-0.944287
-38.0862
-114.259
-222.537
-325.779
-377.715
-344.665
-222.852
-37.7715
174.064
354.108
447.277
454.832
408.562
322.631
228.517
143.217
88.4482
90.022
124.331
136.922
88.763
-28.9581
-193.894
-360.088
-507.082
-620.711
-668.87
-617.249
-489.141
-323.576
-133.459
0.314762
38.401
28.0138
-29.5877
-133.774
-248.662
-347.183
-417.06
-421.467
-361.662
-298.709
-249.607
-180.044
35.8829
527.856
1163.99
1546.43
1488.83
1202.71
915.329
689.959
435.316
107.019
-152.975
-195.467
-95.6878
-114.573
-364.81
-708.215
-924.772
-922.254
-842.619
-760.466
-529.745
-50.6767
541.391
977.652
1062.95
837.268
504.249
176.896
-155.493
-458.609
-607.177
-540.762
-334.907
-104.501
83.7268
217.816
225.37
15.7381
-344.35
-651.558
-755.115
-655.335
-451.684
-231.98
0.314762
241.423
409.821
420.523
275.417
70.5068
-82.153
-143.846
-137.236
-68.3034
55.7129
177.211
207.114
94.1139
-136.607
-401.007
-605.288
-728.36
-727.416
-505.823
-124.016
276.676
593.957
755.115
782.814
716.084
561.221
320.113
89.7073
-7.23953
5.0362
91.2811
182.247
170.601
80.8939
-56.3425
-237.646
-395.656
-478.754
-467.107
-343.091
-127.794
104.816
293.044
406.043
402.266
287.378
158.325
76.1725
67.6739
148.568
259.679
364.81
458.924
476.865
351.275
90.022
-226.944
-501.102
-664.778
-686.497
-566.257
-345.294
-100.409
73.0249
144.476
139.125
43.1224
-103.872
-233.554
-315.392
-301.857
-182.562
-44.0667
15.1086
-4.09191
-84.0415
-234.498
-416.431
-575.071
-597.734
-256.217
522.82
1381.18
1823.1
1718.29
1343.09
961.599
590.179
152.66
-265.659
-435.946
-274.158
3.77715
70.5068
-169.027
-503.935
-712.622
-814.92
-913.755
-945.231
-706.327
-131.256
545.483
964.432
972.301
687.126
316.336
-45.011
-408.562
-699.717
-770.538
-580.107
-236.701
106.075
357.885
461.756
324.205
-62.0082
-528.801
-830.343
-846.396
-659.112
-401.952
-132.2
134.404
344.35
395.342
233.868
-45.9553
-285.489
-369.531
-283.601
-86.5596
149.197
356.941
464.904
410.765
201.133
-112.685
-425.559
-632.987
-642.115
-436.575
-95.6878
260.308
491.974
566.572
522.82
407.302
230.091
25.4958
-126.534
-148.253
-25.181
149.512
266.918
290.211
227.258
88.763
-81.2087
-226.944
-292.414
-254.643
-136.292
2.20334
116.147
177.841
174.693
103.872
-13.8495
-104.186
-92.5401
44.0667
237.016
406.358
513.692
530.689
452.628
281.083
22.9777
-260.308
-470.884
-553.667
-505.194
-373.623
-229.147
-95.6878
-12.2757
-24.8662
-129.997
-248.033
-295.562
-266.604
-188.857
-93.7992
4.40667
103.242
136.292
54.7686
-115.518
-300.283
-426.503
-454.202
-420.523
-340.258
-24.8662
647.781
1394.4
1727.73
1493.55
988.983
578.218
341.517
145.105
-70.8215
-156.437
20.7743
282.657
270.066
-114.888
-584.828
-831.917
-850.488
-824.048
-747.875
-451.054
102.613
675.795
921.939
710.733
254.643
-150.142
-412.653
-577.274
-623.229
-455.776
-87.8187
297.136
514.951
532.578
404.784
155.493
-215.297
-582.625
-724.583
-574.756
-271.955
-35.5681
56.0277
74.5987
42.8077
-105.131
-371.734
-621.026
-659.742
-435.002
-84.9858
235.127
438.464
500.157
415.172
185.08
-134.404
-422.096
-572.867
-537.614
-339.943
-65.1558
216.871
480.013
604.658
498.898
246.774
-15.4234
-189.802
-252.439
-179.1
-25.181
163.991
339.314
377.085
257.476
41.5486
-170.601
-297.765
-325.464
-264.715
-128.108
56.972
205.225
238.59
170.286
22.3481
-132.515
-201.763
-157.381
-9.12811
207.114
412.968
524.709
510.545
373.623
159.27
-62.6377
-242.682
-362.921
-382.121
-276.047
-112.685
14.4791
45.9553
-16.6824
-129.367
-257.161
-368.272
-402.581
-314.448
-145.735
21.7186
126.849
143.532
84.6711
-19.2005
-151.401
-309.411
-426.188
-427.133
-314.762
-149.512
58.231
414.857
943.658
1411.39
1508.97
1206.48
775.574
486.623
378.974
310.985
207.743
178.155
285.175
340.888
113.629
-338.684
-711.048
-799.496
-674.536
-511.174
-344.665
-73.0249
304.375
564.684
504.879
150.456
-269.437
-506.767
-524.709
-425.559
-252.439
3.14762
287.378
474.032
466.163
291.785
64.5263
-149.827
-330.5
-434.372
-393.768
-222.222
-55.7129
-29.5877
-166.509
-381.807
-573.812
-706.327
-766.446
-700.346
-475.291
-146.364
180.359
383.066
400.063
265.974
48.4734
-172.49
-311.615
-324.835
-218.13
-42.1782
138.495
283.916
368.901
339.629
158.64
-94.4287
-301.542
-375.826
-291.785
-99.7797
116.147
289.267
384.954
344.35
180.359
9.44287
-91.5958
-90.022
-10.0724
84.0415
176.582
256.846
273.843
174.693
-15.1086
-209.317
-314.762
-282.027
-145.105
41.2339
224.111
357.885
395.971
313.818
152.345
-19.2005
-128.423
-154.548
-120.554
-46.5848
40.6043
106.075
105.131
25.181
-110.167
-241.108
-322.631
-344.98
-300.598
-208.058
-67.9887
52.5653
73.3396
-5.0362
-139.125
-265.659
-354.108
-398.804
-414.857
-372.364
-252.439
-101.983
22.6629
139.125
347.812
712.307
1090.02
1242.68
1090.02
797.608
582.94
476.235
377.4
241.108
169.657
210.261
231.98
60.4344
-256.217
-486.308
-507.082
-403.211
-343.091
-332.074
-228.832
10.7019
217.186
187.913
-51.9358
-287.693
-361.347
-301.228
-199.559
-69.2477
134.404
372.679
499.843
453.258
304.69
171.231
86.8744
-3.46239
-118.665
-186.339
-153.289
-87.1892
-109.537
-258.735
-461.442
-615.36
-673.277
-647.151
-550.519
-377.4
-146.364
69.5625
190.431
190.116
95.0582
-25.181
-121.184
-153.919
-101.353
9.44287
117.721
172.175
198.93
209.317
173.119
55.7129
-115.203
-260.308
-297.765
-207.428
-76.4873
36.8272
123.072
169.027
156.122
89.7073
-6.92477
-70.8215
-43.1224
43.1224
117.721
162.417
184.766
176.896
134.089
46.2701
-66.4149
-146.994
-144.476
-70.5068
33.6796
129.053
179.1
176.582
122.128
41.5486
-22.9777
-39.0305
-8.49858
32.1058
59.8048
62.9525
47.8439
9.12811
-51.621
-126.22
-200.504
-240.793
-241.423
-194.208
-113
-43.4372
-29.2729
-88.4482
-185.08
-274.473
-337.74
-383.381
-413.598
-404.155
-338.055
-229.147
-117.406
-3.14762
199.559
545.798
914.07
1096.32
995.279
741.265
555.87
501.102
461.756
356.941
273.214
301.857
353.163
232.609
-101.668
-452.628
-574.441
-457.035
-302.487
-242.367
-206.484
-80.8939
74.5987
77.1168
-149.512
-437.205
-554.297
-445.389
-238.275
-60.7491
101.668
283.286
435.002
452.943
321.687
161.788
89.0777
101.668
119.924
105.76
97.2616
113
81.5234
-70.192
-308.782
-506.138
-555.87
-471.829
-347.812
-233.239
-114.888
21.7186
122.128
109.852
-6.29525
-124.331
-143.846
-58.231
54.4539
135.033
188.228
218.445
209.002
141.328
27.6991
-79.9496
-134.089
-135.033
-99.1501
-39.0305
33.3648
96.3173
121.813
99.1501
40.9191
-10.7019
-41.5486
-42.4929
-11.961
27.3843
57.2867
53.5096
9.75763
-62.3229
-136.292
-185.395
-216.242
-229.462
-214.038
-165.88
-95.0582
-31.4762
-4.09191
-10.0724
-24.2367
-33.6796
-32.7353
-15.7381
21.0891
62.6377
83.7268
64.841
5.0362
-66.4149
-120.869
-147.309
-142.902
-113.944
-68.933
-24.2367
6.61001
16.0529
-8.18382
-55.0834
-113.944
-171.545
-205.54
-207.743
-184.766
-162.103
-157.066
-159.899
-144.476
-87.5039
5.0362
130.626
309.097
517.155
677.369
711.048
606.862
442.556
311.929
251.495
237.016
239.219
246.774
249.607
229.147
155.807
43.4372
-44.3815
-62.6377
-23.9219
24.8662
51.621
70.5068
91.9106
90.022
28.0138
-87.5039
-196.097
-230.721
-174.064
-76.4873
-3.46239
33.05
49.1029
46.8996
32.7353
16.3676
5.35096
4.40667
1.88857
-12.5905
-28.0138
-34.9386
-40.9191
-63.8968
-112.055
-164.621
-191.69
-180.044
-144.476
-107.019
-69.2477
-18.8857
35.2534
66.1001
56.972
23.6072
-0.944287
-2.20334
5.66572
6.29525
-9.44287
-35.8829
-64.2115
-94.1139
-120.239
-136.607
-134.718
-115.833
-88.1335
-50.362
-4.09191
42.1782
81.5234
109.852
126.534
140.384
153.604
152.345
127.479
87.5039
43.752
-1.57381
-56.3425
-124.646
-188.543
-220.334
-220.334
-200.818
-182.247
-179.415
-170.916
-137.866
-85.9301
-33.9943
-1.57381
10.3872
16.0529
29.2729
44.0667
43.752
16.0529
-28.3286
-71.1363
-96.0025
-104.186
-110.796
-113.944
-107.019
-92.2254
-80.2644
-80.8939
-97.5763
-121.813
-151.086
-184.451
-223.796
-263.456
-290.211
-299.654
-300.598
-296.191
-271.64
-204.596
-107.649
-14.1643
71.4511
164.621
272.584
368.272
402.266
366.698
312.559
297.45
332.704
374.882
372.993
330.815
295.247
287.693
288.322
267.233
230.406
206.799
210.261
227.258
225.685
196.097
164.621
145.42
127.164
90.9663
35.2534
-11.3314
-18.8857
3.46239
25.181
27.0696
8.49858
-19.83
-37.7715
-34.6239
-15.4234
-4.40667
-13.8495
-35.2534
-53.5096
-52.5653
-41.5486
-44.6963
-61.3787
-75.2282
-66.7296
-31.4762
7.86906
34.6239
57.2867
87.5039
121.184
140.069
129.682
94.7435
59.8048
40.2896
30.8467
7.5543
-41.5486
-99.7797
-148.883
-184.451
-211.52
-233.868
-238.59
-218.13
-185.71
-150.771
-115.203
-77.1168
-36.8272
-3.14762
22.6629
44.0667
60.7491
62.6377
40.9191
2.20334
-38.7158
-78.0611
-116.777
-159.899
-201.763
-219.389
-208.373
-185.08
-171.545
-172.805
-170.601
-146.679
-105.131
-70.5068
-55.7129
-49.7325
-35.5681
-13.8495
-2.83286
-16.3676
-52.2506
-92.5401
-116.462
-123.387
-123.702
-114.573
-90.9663
-54.4539
-17.6267
-7.23953
-29.2729
-67.9887
-105.76
-138.495
-172.175
-210.261
-239.849
-255.902
-262.512
-265.974
-269.122
-253.698
-203.336
-134.718
-63.8968
9.75763
106.075
233.554
348.442
399.748
386.213
352.219
351.904
394.397
439.723
445.389
412.653
382.436
375.197
365.124
325.15
265.659
224.74
223.796
243.941
251.18
231.665
200.189
174.693
152.345
108.593
38.0862
-28.3286
-49.7325
-16.3676
29.9024
42.1782
12.5905
-37.4567
-65.4706
-51.3063
-27.3843
-26.44
-49.7325
-74.2839
-68.933
-34.6239
-5.98048
-6.29525
-33.3648
-57.2867
-47.5291
-9.75763
33.9943
73.3396
107.649
145.105
174.064
171.86
137.236
87.1892
44.0667
21.4038
7.86906
-17.3119
-58.5458
-106.704
-149.827
-185.08
-219.075
-248.033
-260.308
-238.905
-189.172
-130.312
-81.2087
-48.1586
-23.6072
-1.25905
13.5348
11.6462
-7.5543
-40.9191
-67.6739
-82.153
-90.9663
-109.537
-151.401
-202.392
-234.813
-236.072
-216.871
-197.041
-192.32
-186.339
-157.381
-112.055
-70.8215
-55.0834
-60.4344
-60.4344
-45.6405
-34.9386
-49.1029
-88.1335
-125.905
-135.348
-122.757
-109.537
-107.963
-105.76
-87.5039
-52.2506
-24.5515
-22.0334
-46.8996
-84.3563
-121.184
-152.975
-179.729
-203.651
-215.297
-212.465
-203.651
-201.763
-204.281
-191.061
-150.771
-88.763
-31.1615
12.9053
62.9525
151.086
276.991
390.305
431.854
407.302
379.289
390.935
435.631
456.091
421.152
363.551
333.963
345.294
354.108
327.038
282.342
252.754
244.57
239.849
210.261
168.398
147.309
151.086
154.234
124.331
61.0639
9.12811
6.92477
35.2534
50.9915
24.8662
-28.3286
-72.0806
-82.4677
-61.6934
-47.5291
-59.8048
-83.412
-94.4287
-78.0611
-45.9553
-23.6072
-23.2924
-27.6991
-16.3676
14.4791
45.011
58.8606
67.9887
82.153
96.9468
99.4649
73.0249
25.181
-18.571
-49.4177
-64.841
-79.0054
-109.852
-156.437
-203.966
-227.573
-223.481
-208.058
-196.726
-187.913
-172.805
-130.941
-69.8772
-17.6267
11.3314
19.2005
27.0696
43.4372
53.1948
39.6601
12.9053
-7.23953
-11.3314
-15.4234
-39.9748
-79.9496
-111.741
-111.741
-94.4287
-92.8549
-109.223
-120.554
-104.816
-63.582
-28.3286
-22.0334
-39.3453
-56.972
-57.9163
-49.7325
-53.8244
-69.5625
-87.5039
-94.7435
-78.0611
-50.0472
-28.3286
-23.6072
-33.05
-42.8077
-47.8439
-61.6934
-92.2254
-133.774
-167.454
-180.674
-178.785
-180.044
-190.116
-206.799
-225.999
-242.682
-260.623
-268.807
-257.79
-217.816
-148.883
-74.5987
-11.961
37.4567
90.022
161.473
234.813
272.584
258.735
229.777
230.091
267.548
312.559
322.631
293.359
260.938
257.79
271.325
264.4
227.573
182.247
155.807
156.752
161.473
149.512
129.682
118.98
120.869
124.646
111.426
74.2839
37.4567
21.7186
22.3481
16.0529
-12.9053
-53.8244
-81.2087
-69.5625
-25.8105
8.18382
11.3314
0.314762
1.88857
33.3648
75.543
95.6878
90.9663
81.5234
88.4482
115.518
140.069
137.236
112.37
90.6516
79.6349
65.7853
30.8467
-16.3676
-54.1391
-66.1001
-58.231
-60.7491
-84.0415
-111.426
-120.239
-94.4287
-53.8244
-31.791
-26.1253
-18.571
10.7019
60.1196
100.409
107.334
86.5596
64.841
57.2867
57.6015
50.362
31.4762
3.77715
-22.6629
-42.4929
-63.8968
-90.3368
-115.203
-127.794
-129.367
-129.682
-135.033
-142.273
-141.643
-129.367
-121.498
-133.774
-159.899
-186.339
-194.523
-175.008
-146.364
-133.459
-132.83
-135.033
-128.108
-106.704
-92.2254
-98.2059
-116.777
-132.83
-137.866
-135.033
-133.459
-145.105
-163.991
-173.749
-176.267
-182.562
-203.022
-233.239
-256.531
-257.161
-238.275
-220.019
-210.891
-202.707
-175.952
-124.961
-70.5068
-39.6601
-35.2534
-27.6991
16.3676
90.6516
155.493
183.821
186.339
203.651
251.81
309.411
341.202
329.871
305.949
298.08
307.208
306.579
280.453
246.144
225.999
223.167
221.593
200.818
165.565
147.309
145.735
143.532
122.443
79.6349
38.401
23.6072
27.0696
24.2367
9.44287
-7.5543
-11.961
10.7019
46.2701
71.4511
79.0054
80.5792
94.7435
123.072
151.086
161.788
154.234
145.735
152.975
168.083
171.545
157.696
139.125
126.22
121.813
113
87.1892
55.7129
34.6239
25.8105
18.2562
3.46239
-20.4596
-41.2339
-41.2339
-24.2367
-7.23953
0.944287
-0.314762
-3.14762
2.5181
13.5348
13.5348
-4.09191
-26.7548
-43.1224
-46.8996
-46.8996
-56.972
-79.6349
-106.39
-122.128
-128.738
-135.348
-149.197
-169.027
-180.988
-178.155
-170.916
-174.378
-191.061
-214.353
-225.685
-220.334
-208.373
-195.467
-183.192
-168.713
-148.253
-132.515
-125.275
-128.108
-138.181
-144.476
-146.05
-139.125
-126.849
-119.924
-119.295
-119.295
-120.554
-127.164
-140.699
-160.529
-180.674
-191.061
-193.579
-193.894
-193.894
-190.746
-175.952
-151.086
-128.108
-118.036
-116.777
-111.426
-103.872
-96.3173
-86.8744
-81.8382
-73.9692
-58.231
-32.4205
14.1643
84.6711
160.529
211.206
227.573
226.944
232.609
258.105
284.545
285.175
264.086
247.088
248.347
259.994
259.994
241.737
217.816
203.022
197.356
191.69
180.044
170.286
175.323
189.172
190.116
167.139
128.738
100.094
92.5401
92.5401
80.2644
51.621
22.0334
14.7938
39.6601
77.7463
98.2059
95.373
95.373
113.629
146.05
173.434
174.064
157.381
150.142
155.493
155.178
141.014
119.924
108.908
116.462
124.016
113.944
91.2811
75.8577
81.2087
98.5206
109.852
103.242
84.3563
71.7658
66.7296
59.1753
40.9191
7.5543
-32.7353
-66.7296
-89.7073
-104.186
-116.147
-129.682
-140.699
-145.735
-145.105
-147.624
-153.604
-161.473
-168.713
-174.378
-188.228
-208.687
-226.629
-233.868
-231.036
-224.426
-223.796
-225.055
-219.075
-202.707
-181.303
-165.25
-156.437
-152.975
-151.086
-150.771
-157.066
-162.103
-158.325
-148.883
-141.643
-143.846
-152.975
-158.955
-154.548
-146.364
-152.345
-171.231
-194.523
-207.428
-204.281
-192.949
-186.025
-185.395
-180.674
-167.454
-147.309
-129.682
-124.646
-128.738
-128.738
-118.98
-103.872
-90.3368
-83.0973
-72.0806
-50.362
-21.4038
2.83286
18.8857
37.142
67.3591
108.593
145.735
168.083
178.785
192.949
215.297
238.59
249.921
242.367
229.462
224.74
227.888
231.35
229.777
223.481
221.593
228.832
241.108
248.977
249.921
248.033
246.459
243.626
233.554
213.409
191.69
174.693
162.732
152.975
141.328
129.367
127.479
138.81
158.955
175.323
182.562
184.136
189.487
198.615
203.966
197.671
180.674
164.306
156.752
152.345
143.532
127.479
111.426
104.501
106.075
112.055
114.573
108.593
101.983
97.5763
90.6516
76.4873
47.5291
11.3314
-21.7186
-46.8996
-65.4706
-82.4677
-100.094
-116.462
-127.164
-132.2
-137.551
-146.994
-161.158
-175.637
-187.284
-195.782
-205.225
-219.389
-234.498
-247.403
-258.735
-266.604
-270.066
-268.178
-259.679
-249.607
-242.367
-237.646
-234.813
-235.127
-234.813
-233.868
-231.98
-227.258
-220.019
-211.835
-205.855
-204.281
-202.707
-203.336
-204.596
-200.818
-195.467
-186.654
-177.841
-168.398
-155.493
-143.532
-135.977
-132.515
-134.404
-135.033
-131.885
-128.108
-124.331
-122.128
-117.721
-107.963
-95.6878
-80.5792
-63.582
-45.6405
-27.3843
-6.92477
10.0724
20.4596
21.4038
17.6267
16.6824
19.2005
28.9581
40.6043
50.9915
62.3229
81.2087
108.278
140.069
164.621
175.008
184.136
202.392
230.091
260.308
279.194
285.804
291.155
302.172
313.503
313.818
301.857
290.211
285.489
293.673
304.69
302.801
296.506
294.932
299.024
302.172
293.044
270.066
244.57
227.258
211.835
193.894
166.195
135.663
113.314
101.668
99.7797
96.632
89.7073
86.2449
86.2449
89.3925
96.3173
99.1501
98.2059
96.0025
96.9468
101.039
100.409
95.373
88.1335
82.4677
78.0611
67.6739
47.5291
25.181
11.961
5.0362
-1.25905
-14.1643
-38.401
-59.4901
-76.802
-96.632
-122.757
-158.011
-197.356
-226.944
-244.256
-256.531
-270.381
-288.322
-295.562
-290.526
-276.361
-262.512
-260.938
-262.197
-256.846
-242.997
-231.35
-230.091
-232.924
-231.98
-220.648
-204.596
-191.69
-183.821
-175.323
-165.25
-155.178
-148.883
-147.938
-148.568
-145.735
-140.699
-136.292
-136.292
-138.81
-137.551
-133.774
-126.849
-122.757
-125.275
-128.738
-128.108
-119.61
-106.704
-95.373
-85.6154
-74.9134
-60.1196
-43.1224
-31.1615
-25.181
-21.7186
-18.2562
-16.6824
-16.6824
-21.4038
-24.5515
-19.83
-12.9053
-7.23953
-7.86906
-14.1643
-21.0891
-25.181
-28.9581
-37.4567
-47.2144
-50.362
-43.752
-24.2367
-1.57381
21.4038
48.1586
73.9692
98.8354
122.443
139.44
155.178
175.008
200.504
227.573
250.551
267.233
283.916
303.431
322.946
334.592
335.222
330.815
327.668
329.871
331.13
327.668
316.336
305.005
293.044
280.138
263.141
239.219
213.094
188.857
168.713
151.086
137.236
129.682
128.738
135.663
144.161
148.883
152.345
152.975
151.086
149.827
146.679
136.607
124.646
117.406
117.406
119.61
119.924
114.888
104.816
91.5958
73.9692
50.9915
22.9777
-5.0362
-32.7353
-60.1196
-86.2449
-108.593
-129.367
-151.401
-174.064
-196.726
-220.963
-242.682
-257.476
-266.918
-272.269
-277.935
-281.083
-278.25
-270.066
-259.994
-252.754
-248.347
-244.256
-236.072
-225.999
-218.13
-214.353
-210.576
-203.651
-194.208
-185.71
-183.821
-186.025
-185.395
-183.506
-182.877
-187.598
-193.894
-198.93
-198.3
-196.726
-197.041
-198.615
-199.559
-195.782
-186.969
-175.952
-168.398
-165.565
-162.103
-154.548
-143.846
-135.977
-131.885
-129.367
-123.072
-111.426
-99.1501
-90.3368
-86.5596
-84.6711
-82.4677
-79.9496
-79.6349
-79.3201
-77.4315
-73.3396
-63.2672
-51.621
-41.8634
-32.1058
-23.9219
-16.3676
-11.3314
-9.12811
-6.29525
0.629525
13.8495
34.3091
57.2867
81.5234
109.537
141.014
172.175
200.818
226.629
251.81
279.194
305.949
327.038
341.832
351.59
361.032
368.901
374.567
376.771
374.567
374.252
376.771
379.603
381.492
380.862
379.603
380.233
383.066
383.066
379.603
372.993
364.81
355.996
342.776
324.205
303.431
284.23
272.584
265.974
262.827
258.105
250.866
244.885
237.331
224.74
205.225
178.785
149.827
120.869
93.7992
64.841
35.2534
4.40667
-24.2367
-49.1029
-74.9134
-102.927
-130.941
-154.548
-173.434
-193.579
-214.353
-236.387
-259.679
-278.879
-297.765
-316.651
-334.907
-348.127
-355.052
-358.2
-360.718
-363.236
-366.383
-367.328
-363.865
-358.514
-353.793
-349.071
-343.406
-334.592
-324.205
-318.225
-319.169
-322.002
-322.946
-319.484
-313.503
-309.411
-304.06
-294.932
-281.083
-265.345
-254.328
-247.403
-240.793
-231.665
-219.389
-205.225
-193.894
-180.674
-166.195
-153.289
-139.125
-130.312
-124.016
-113.629
-103.242
-90.9663
-82.7825
-77.1168
-68.6182
-56.972
-45.011
-35.2534
-26.1253
-17.6267
-2.83286
15.4234
30.2172
40.6043
48.1586
56.3425
67.3591
77.7463
85.6154
92.5401
100.094
113
129.997
146.05
161.473
175.008
189.487
206.799
220.963
232.924
242.682
248.977
257.79
264.715
267.233
268.492
267.233
269.437
276.361
281.712
284.86
287.063
293.359
305.949
318.225
327.668
330.5
331.13
334.592
335.851
330.5
317.91
304.375
300.598
304.375
307.208
303.431
297.765
294.618
293.359
290.526
283.286
268.807
252.439
240.793
228.832
211.835
188.543
159.27
129.367
104.501
82.4677
60.7491
35.8829
11.3314
-5.66572
-16.6824
-28.9581
-46.8996
-69.2477
-89.0777
-106.704
-126.534
-147.938
-171.86
-191.376
-202.707
-209.632
-218.13
-229.777
-238.59
-243.311
-243.941
-243.941
-248.347
-252.125
-255.902
-259.049
-263.141
-275.102
-288.008
-301.228
-309.411
-309.726
-313.818
-318.854
-324.205
-328.612
-327.353
-322.317
-319.484
-316.966
-314.762
-310.985
-302.172
-295.247
-292.099
-290.84
-288.952
-283.286
-275.732
-268.492
-261.568
-251.495
-237.016
-218.76
-200.504
-183.821
-167.139
-152.66
-140.699
-129.367
-121.184
-113.944
-102.298
-88.4482
-75.2282
-64.5263
-58.231
-51.9358
-44.0667
-35.8829
-25.181
-13.22
-1.57381
13.22
29.5877
47.2144
66.1001
81.8382
95.6878
109.537
125.275
144.476
162.103
178.47
191.376
203.336
219.075
234.498
248.033
258.735
266.918
274.473
283.286
291.155
297.765
302.487
305.634
308.152
310.041
308.467
305.634
302.172
298.709
296.821
293.044
287.063
283.601
281.083
282.027
283.916
280.768
274.788
269.751
266.604
267.548
270.066
266.604
258.735
251.81
247.088
241.423
235.757
229.147
221.278
213.724
206.799
196.726
183.821
171.86
158.64
143.846
128.423
108.908
88.1335
67.0444
48.1586
28.3286
6.92477
-13.22
-36.1977
-57.2867
-71.7658
-85.6154
-99.4649
-114.888
-132.515
-148.568
-160.529
-170.286
-180.674
-194.208
-208.687
-220.963
-232.924
-244.256
-253.069
-262.197
-271.01
-276.991
-285.175
-293.988
-301.542
-308.782
-311.615
-314.448
-319.799
-323.89
-329.241
-331.13
-328.612
-328.612
-330.815
-333.648
-337.74
-335.851
-329.241
-324.205
-317.595
-312.559
-308.467
-300.283
-292.414
-282.971
-273.214
-264.086
-251.18
-238.905
-224.74
-209.002
-193.579
-176.896
-162.103
-148.253
-137.551
-126.849
-113
-98.8354
-81.8382
-65.4706
-50.6767
-32.7353
-15.1086
5.35096
23.9219
39.6601
56.0277
70.192
85.9301
101.983
117.721
131.885
143.846
155.493
164.935
174.693
184.766
196.097
208.058
220.648
232.609
243.626
255.272
267.863
278.879
288.952
293.988
295.562
299.969
303.431
308.152
311.929
314.762
317.91
320.428
322.002
322.631
324.205
323.576
322.631
321.687
315.707
309.411
303.116
292.729
284.23
271.64
257.79
244.57
230.406
216.871
204.91
192.32
178.785
168.713
156.122
146.364
137.866
127.479
116.147
101.983
86.5596
73.9692
64.2115
54.1391
42.4929
30.2172
17.9415
6.29525
-1.88857
-12.2757
-24.2367
-33.9943
-43.4372
-54.4539
-67.3591
-83.0973
-98.8354
-112.37
-125.59
-139.44
-154.863
-172.175
-185.71
-197.356
-209.002
-219.389
-231.036
-241.423
-249.292
-254.013
-256.846
-260.623
-262.512
-266.918
-270.066
-272.269
-276.676
-279.824
-280.768
-279.824
-278.565
-276.676
-274.158
-271.64
-268.492
-262.197
-255.272
-251.18
-247.088
-241.108
-233.554
-220.334
-208.058
-198.93
-190.431
-186.339
-181.303
-175.008
-168.713
-161.788
-155.493
-148.568
-140.384
-131.885
-123.072
-113
-101.353
-90.022
-77.7463
-67.0444
-56.972
-47.2144
-38.7158
-28.9581
-18.2562
-6.92477
2.83286
12.2757
22.0334
33.3648
45.011
56.0277
67.6739
79.0054
89.0777
102.927
117.721
131.885
145.735
156.122
167.139
175.323
183.192
190.431
197.671
206.484
214.983
223.167
229.777
233.554
236.387
239.534
243.311
246.144
248.662
249.921
251.81
253.698
252.125
249.607
246.459
243.311
241.423
238.59
236.072
233.239
229.462
225.999
220.648
213.094
204.596
196.412
189.487
184.766
178.785
171.231
164.935
156.752
147.938
139.125
129.053
120.554
111.426
102.298
92.5401
81.5234
71.1363
60.1196
47.8439
35.5681
22.9777
11.3314
2.5181
-5.98048
-16.0529
-27.0696
-39.6601
-51.621
-62.3229
-74.2839
-85.9301
-96.3173
-106.704
-115.833
-125.59
-136.607
-144.791
-151.401
-157.696
-163.362
-170.916
-177.841
-185.395
-194.208
-201.448
-208.373
-215.297
-220.963
-226.629
-233.868
-240.478
-246.774
-250.866
-253.069
-255.902
-257.161
-256.846
-254.643
-251.495
-250.866
-251.495
-251.495
-250.236
-247.718
-245.515
-242.682
-237.646
-228.203
-217.186
-206.799
-197.671
-191.061
-184.136
-175.008
-164.306
-152.66
-141.328
-128.738
-115.833
-103.557
-92.2254
-82.7825
-71.7658
-59.8048
-45.3258
-28.0138
-10.7019
4.40667
20.4596
36.8272
53.1948
69.8772
84.9858
99.7797
113.944
128.108
142.587
154.548
165.88
175.952
186.654
197.671
209.946
220.019
230.091
239.534
246.774
251.81
253.069
253.384
254.328
255.902
256.846
256.846
255.587
255.272
251.81
246.459
242.682
237.96
232.924
227.573
221.278
212.15
201.448
189.487
177.526
165.25
151.715
141.328
132.515
126.534
122.128
116.462
110.482
101.668
90.9663
81.2087
72.0806
64.5263
56.972
49.1029
41.2339
34.6239
27.3843
19.83
12.5905
5.0362
-1.88857
-9.12811
-16.0529
-21.7186
-30.2172
-38.7158
-46.8996
-56.3425
-63.2672
-67.9887
-72.7101
-77.4315
-80.2644
-85.6154
-90.9663
-97.5763
-105.131
-108.908
-113
-115.518
-118.351
-123.387
-130.626
-138.181
-144.791
-150.456
-157.066
-163.362
-168.398
-173.119
-176.267
-176.582
-178.785
-179.729
-179.729
-181.303
-182.247
-181.618
-181.618
-180.044
-178.47
-179.415
-178.47
-177.841
-175.637
-170.601
-163.047
-156.752
-150.456
-142.902
-135.348
-128.738
-124.331
-118.351
-112.685
-105.76
-94.7435
-86.5596
-80.2644
-73.0249
-67.6739
-58.8606
-50.362
-42.1782
-35.2534
-28.0138
-18.8857
-9.12811
2.20334
10.3872
19.5153
28.6434
39.0305
50.9915
60.7491
72.0806
81.8382
92.8549
105.445
113.629
120.869
129.682
138.181
148.568
157.381
163.676
167.139
172.49
177.526
180.988
183.192
183.192
184.766
187.284
187.913
187.598
184.766
180.674
176.267
170.601
163.991
155.807
149.827
144.476
138.495
133.144
127.164
121.813
118.665
118.036
116.462
111.741
105.76
98.8354
91.5958
86.2449
80.5792
73.6544
66.7296
62.3229
56.3425
51.621
45.3258
37.142
29.5877
21.0891
11.0167
0.944287
-8.18382
-18.571
-24.5515
-30.5319
-38.0862
-44.0667
-49.4177
-54.1391
-57.6015
-60.7491
-65.1558
-70.192
-75.2282
-79.6349
-82.7825
-83.412
-84.6711
-86.8744
-87.5039
-91.2811
-97.5763
-101.353
-106.704
-113
-114.888
-116.462
-118.351
-116.777
-116.462
-116.777
-116.147
-117.092
-118.036
-118.036
-118.351
-118.351
-117.406
-117.092
-116.777
-115.518
-112.37
-108.908
-104.816
-101.353
-100.094
-100.409
-101.353
-99.1501
-96.9468
-93.1697
-88.763
-84.3563
-79.9496
-75.8577
-71.4511
-67.9887
-64.5263
-61.3787
-56.3425
-49.1029
-41.2339
-32.4205
-24.2367
-15.7381
-9.12811
-2.5181
5.66572
11.961
16.9972
19.5153
22.3481
25.8105
31.1615
37.4567
41.5486
47.5291
53.8244
60.4344
68.6182
75.2282
78.0611
80.2644
83.7268
88.4482
97.5763
105.76
111.426
115.833
119.61
126.22
130.626
133.144
134.089
132.515
132.515
134.404
134.718
132.515
129.367
125.905
121.813
118.036
113.314
107.963
104.816
104.816
103.557
101.668
98.8354
94.4287
91.5958
89.0777
86.2449
81.2087
73.6544
67.6739
63.2672
58.5458
52.5653
43.752
34.3091
26.7548
18.8857
11.961
5.0362
-3.14762
-9.75763
-15.1086
-21.7186
-29.5877
-37.4567
-44.0667
-49.1029
-52.2506
-54.4539
-59.1753
-64.841
-67.9887
-70.192
-70.8215
-73.3396
-77.4315
-78.3758
-78.0611
-75.8577
-78.0611
-82.4677
-86.5596
-89.3925
-88.1335
-88.763
-89.3925
-91.2811
-91.5958
-88.4482
-86.8744
-87.1892
-89.0777
-89.7073
-86.5596
-83.412
-81.8382
-83.0973
-84.3563
-82.7825
-80.5792
-78.6906
-78.0611
-79.0054
-77.7463
-75.2282
-72.3953
-70.192
-70.192
-68.933
-65.7853
-62.6377
-60.1196
-58.231
-56.6572
-53.8244
-50.362
-47.5291
-47.8439
-47.2144
-46.2701
-42.8077
-38.7158
-36.8272
-35.2534
-33.3648
-30.5319
-26.7548
-23.9219
-22.3481
-20.1448
-16.6824
-11.6462
-5.66572
0.314762
6.61001
12.5905
18.571
25.4958
32.4205
39.3453
47.2144
54.7686
63.582
72.3953
80.8939
89.7073
97.2616
104.186
110.167
114.888
119.924
124.016
129.682
135.663
139.754
143.217
144.476
146.05
146.994
146.679
146.05
146.05
148.253
150.456
150.771
149.512
146.994
142.902
138.81
135.348
129.997
124.331
119.295
113.944
108.278
100.724
91.9106
82.4677
73.0249
62.9525
53.1948
44.0667
34.3091
24.8662
16.9972
8.18382
0.314762
-9.75763
-20.7743
-31.1615
-40.6043
-49.1029
-56.0277
-62.9525
-68.6182
-74.5987
-81.5234
-88.1335
-94.4287
-100.724
-106.39
-110.482
-113
-114.259
-116.777
-119.295
-122.757
-125.275
-126.849
-128.738
-129.682
-128.108
-125.275
-122.757
-121.184
-119.924
-118.665
-116.777
-113
-108.908
-105.76
-103.557
-100.724
-96.632
-91.9106
-87.1892
-85.3006
-82.4677
-80.5792
-77.7463
-73.9692
-70.5068
-67.6739
-64.5263
-60.1196
-54.4539
-48.7882
-45.3258
-43.4372
-42.4929
-39.3453
-35.8829
-33.3648
-30.2172
-25.4958
-21.7186
-17.3119
-11.6462
-7.86906
-2.83286
1.57381
4.40667
8.18382
11.0167
12.2757
15.1086
17.3119
20.7743
25.4958
28.6434
32.7353
35.2534
37.7715
41.8634
45.6405
50.9915
56.3425
62.0082
69.2477
75.8577
80.2644
83.412
86.5596
89.3925
92.2254
95.6878
98.8354
100.409
101.983
102.298
103.557
105.445
106.39
106.075
105.76
106.704
107.649
109.852
110.796
110.482
109.852
107.334
103.872
101.353
101.039
98.8354
97.2616
94.7435
90.9663
86.8744
81.5234
74.5987
69.5625
63.2672
56.3425
50.6767
45.6405
41.5486
35.8829
29.5877
21.7186
13.5348
6.29525
0
-4.40667
-7.5543
-11.0167
-15.4234
-19.83
-23.6072
-27.6991
-32.7353
-38.0862
-44.6963
-51.621
-56.6572
-61.6934
-65.4706
-68.6182
-70.8215
-72.0806
-73.3396
-75.8577
-77.1168
-79.9496
-82.153
-85.3006
-87.5039
-87.5039
-88.1335
-88.4482
-88.1335
-88.4482
-88.4482
-90.3368
-93.1697
-96.0025
-97.8911
-97.5763
-96.632
-94.4287
-93.1697
-92.2254
-90.9663
-90.6516
-90.022
-87.8187
-86.5596
-85.3006
-82.7825
-78.6906
-74.9134
-71.7658
-68.933
-65.1558
-62.6377
-60.1196
-57.2867
-55.7129
-52.8801
-50.362
-45.011
-38.7158
-33.05
-26.44
-22.6629
-20.4596
-18.2562
-16.0529
-12.5905
-8.18382
-4.40667
2.20334
6.61001
11.961
16.9972
19.83
23.2924
25.8105
30.2172
36.5124
42.1782
47.2144
51.9358
55.7129
59.4901
62.3229
65.1558
68.6182
70.192
73.6544
76.802
80.2644
84.9858
88.1335
91.2811
94.4287
95.6878
97.5763
98.8354
98.8354
101.353
104.186
105.131
106.39
106.075
104.501
102.927
101.353
100.724
100.724
100.724
101.353
98.5206
96.3173
92.5401
87.1892
82.7825
78.0611
73.0249
68.6182
64.5263
61.6934
58.8606
55.3982
50.9915
44.3815
38.0862
30.5319
25.181
20.4596
15.7381
12.5905
8.81335
5.35096
2.83286
-3.77715
-11.0167
-16.0529
-22.0334
-25.8105
-29.5877
-32.7353
-35.8829
-38.7158
-40.9191
-45.011
-50.6767
-56.0277
-61.3787
-67.9887
-71.4511
-74.9134
-79.6349
-81.2087
-84.3563
-87.1892
-91.2811
-95.6878
-99.4649
-102.927
-103.557
-103.557
-104.186
-104.816
-105.76
-107.019
-107.019
-107.334
-107.334
-106.075
-104.501
-101.668
-97.2616
-94.1139
-92.2254
-89.3925
-86.5596
-82.153
-78.3758
-74.2839
-70.5068
-65.1558
-59.8048
-55.0834
-51.3063
-47.8439
-43.752
-40.2896
-35.5681
-30.5319
-27.3843
-22.0334
-18.2562
-12.9053
-7.86906
-3.46239
0.314762
3.77715
7.86906
10.7019
14.4791
17.3119
20.7743
26.1253
29.5877
34.6239
39.9748
44.3815
50.0472
53.5096
56.6572
59.8048
60.4344
62.3229
63.582
64.5263
67.3591
69.5625
72.7101
74.5987
76.4873
78.0611
79.6349
80.5792
81.5234
80.2644
79.9496
79.6349
81.2087
83.0973
81.8382
82.153
82.4677
82.153
81.2087
79.6349
78.0611
77.7463
77.4315
75.8577
74.2839
70.192
67.6739
63.8968
59.8048
57.6015
53.8244
50.362
47.2144
41.8634
36.1977
30.2172
23.9219
20.7743
16.3676
13.22
9.12811
4.72144
2.5181
-2.83286
-6.61001
-10.0724
-13.5348
-16.9972
-21.0891
-23.2924
-25.4958
-28.6434
-30.2172
-31.1615
-32.7353
-32.4205
-35.8829
-37.142
-39.6601
-42.8077
-43.752
-45.6405
-45.9553
-47.2144
-48.4734
-49.7325
-49.7325
-50.362
-51.3063
-51.621
-54.1391
-55.7129
-58.231
-59.1753
-59.8048
-59.4901
-58.231
-56.972
-56.3425
-56.6572
-56.6572
-56.0277
-55.0834
-53.1948
-50.9915
-49.4177
-48.1586
-47.8439
-45.9553
-45.011
-43.1224
-40.2896
-38.7158
-36.8272
-35.2534
-33.6796
-32.4205
-31.1615
-30.5319
-27.3843
-25.8105
-24.8662
-22.6629
-22.9777
-19.83
-17.9415
-17.6267
-15.7381
-16.3676
-16.0529
-13.5348
-12.5905
-10.0724
-6.92477
-6.29525
-4.09191
-3.77715
-5.0362
-3.77715
-3.14762
-1.25905
1.57381
3.14762
6.29525
9.12811
11.3314
13.5348
14.4791
16.3676
19.2005
23.6072
27.3843
29.9024
34.3091
38.401
44.0667
49.1029
52.8801
56.0277
56.6572
59.8048
62.0082
64.841
69.5625
71.7658
74.2839
76.1725
74.9134
73.9692
73.9692
73.3396
73.9692
73.9692
73.0249
73.0249
69.8772
67.9887
66.4149
63.8968
62.3229
59.8048
57.6015
55.3982
53.5096
52.5653
51.621
50.0472
45.9553
42.1782
37.142
32.7353
28.6434
25.4958
23.2924
19.2005
16.0529
12.5905
9.12811
5.0362
1.88857
-0.629525
-2.5181
-3.14762
-4.72144
-6.29525
-8.81335
-13.22
-16.6824
-20.4596
-23.6072
-26.44
-28.9581
-31.791
-34.6239
-38.401
-42.4929
-46.8996
-50.362
-53.8244
-57.6015
-62.0082
-67.0444
-70.192
-73.0249
-74.9134
-77.4315
-80.2644
-83.0973
-84.9858
-86.5596
-86.2449
-85.6154
-84.3563
-83.0973
-81.8382
-80.8939
-80.8939
-81.2087
-80.2644
-79.3201
-77.1168
-74.2839
-71.7658
-68.6182
-65.7853
-62.3229
-59.1753
-56.6572
-54.4539
-51.621
-48.7882
-44.6963
-40.9191
-38.7158
-36.1977
-34.3091
-31.4762
-28.3286
-25.4958
-22.0334
-19.2005
-15.1086
-10.3872
-4.72144
0.314762
5.98048
11.961
16.6824
21.7186
26.44
29.9024
33.9943
37.7715
40.9191
43.752
45.9553
48.7882
51.9358
55.3982
58.8606
62.6377
66.4149
70.192
73.6544
76.802
80.2644
82.4677
84.3563
85.3006
87.5039
90.022
90.9663
91.5958
91.9106
91.9106
92.8549
93.1697
91.9106
91.5958
90.022
88.763
86.5596
84.3563
81.5234
79.3201
78.3758
76.4873
74.9134
72.0806
67.9887
62.9525
58.5458
53.8244
48.7882
44.0667
40.2896
36.8272
33.6796
29.9024
24.8662
19.5153
13.22
7.23953
2.20334
-3.14762
-8.49858
-12.5905
-16.9972
-19.5153
-21.0891
-24.8662
-28.9581
-33.6796
-38.401
-42.4929
-47.2144
-52.8801
-57.6015
-61.6934
-63.8968
-67.3591
-71.1363
-75.2282
-78.0611
-80.8939
