SAMPLES: 7271
BITSPERSAMPLE:	16
CHANNELS:	1
SAMPLERATE:	16000
NORMALIZED:	FALSE
-129.28
-92.3427
52.5643
-17.7582
-11.3653
82.3981
53.2746
-25.5718
-29.8338
-35.5164
-34.0958
-41.9094
-144.907
-80.2671
127.859
98.7356
-41.9094
-50.4333
11.3653
-25.5718
-101.577
-63.9295
-2.13098
68.1915
104.418
-51.1436
-54.6953
-19.1789
-125.018
2.13098
49.723
-11.3653
62.5089
128.569
1.42066
-26.9925
47.592
-46.1713
-9.94459
27.7028
-14.9169
29.8338
67.4812
34.0958
110.811
38.3577
-167.637
-1.42066
104.418
103.708
85.2394
-16.3375
99.4459
143.486
-66.0605
-219.491
-40.4887
102.287
9.23427
16.3375
57.5366
103.708
51.854
-78.8464
-143.486
-44.0403
130.7
33.3854
14.2066
116.494
-30.5441
-207.416
-43.33
-10.6549
-172.61
31.2544
145.617
-11.3653
-9.23427
15.6272
-130.7
-91.6323
8.52394
-73.8741
28.4131
170.479
19.8892
-102.287
-70.3225
-8.52394
-73.8741
-120.045
29.1235
97.315
-1.42066
24.8615
117.914
-27.7028
-98.0253
-46.1713
-24.8615
44.7507
93.7633
108.68
88.0807
-19.8892
-22.7305
-58.9572
-93.7633
17.7582
-16.3375
38.3577
138.514
73.8741
-46.8817
-36.2267
44.7507
-5.68263
-73.8741
9.94459
75.2948
34.0958
56.1159
-71.0328
-36.2267
6.39295
-68.9018
-44.0403
-68.1915
34.8061
49.723
28.4131
37.6474
-50.4333
-60.3779
-22.7305
12.7859
8.52394
-76.0051
1.42066
124.307
-0.710328
-83.1084
-60.3779
-77.4258
-28.4131
-34.8061
-48.3023
68.1915
107.97
2.84131
-102.287
-66.7708
-11.3653
-49.0126
-3.55164
105.839
111.522
-3.55164
-53.2746
26.2821
-42.6197
-117.204
42.6197
129.99
26.2821
47.592
4.26197
-94.4736
-14.2066
24.1512
-29.8338
-2.13098
189.658
150.59
-18.4685
-3.55164
-39.7784
-105.129
-4.9723
44.0403
32.6751
69.6122
57.5366
-9.94459
-65.3502
-9.94459
-45.461
-76.0051
78.1361
82.3981
15.6272
39.7784
-4.26197
-34.8061
-68.1915
-59.6676
9.23427
17.7582
13.4962
-27.7028
-32.6751
15.6272
-43.33
-53.9849
63.2192
82.3981
42.6197
21.3098
-23.4408
-56.1159
-22.7305
-2.84131
26.2821
83.1084
24.8615
4.9723
-4.9723
-85.9497
-56.8263
-14.9169
10.6549
85.9497
21.3098
16.3375
45.461
-70.3225
-88.791
-12.7859
-2.84131
-1.42066
53.2746
17.7582
-6.39295
5.68263
-70.3225
-79.5568
11.3653
-22.0202
-31.2544
73.1638
57.5366
-4.26197
-41.199
-53.9849
-17.0479
-0.710328
2.13098
66.0605
89.5013
44.7507
30.5441
-32.6751
-68.1915
-0.710328
44.0403
17.7582
32.6751
79.5568
24.1512
-82.3981
-63.9295
-25.5718
-72.4535
-2.13098
59.6676
53.9849
17.7582
-49.0126
-35.5164
-51.1436
-93.053
-38.3577
31.9648
34.8061
38.3577
30.5441
-11.3653
-26.2821
-48.3023
-49.0126
1.42066
80.9774
72.4535
24.1512
43.33
66.0605
-5.68263
-76.7154
-12.0756
18.4685
-6.39295
4.26197
-0.710328
-20.5995
-34.8061
-58.9572
-70.3225
-32.6751
13.4962
1.42066
38.3577
68.1915
-17.7582
-29.1235
6.39295
-29.8338
7.81361
58.2469
58.2469
55.4056
58.9572
14.9169
-51.1436
-47.592
-72.4535
-43.33
56.8263
75.2948
36.2267
27.7028
18.4685
-34.8061
-77.4258
-33.3854
19.1789
26.9925
83.8187
64.6399
-8.52394
-22.0202
-48.3023
-85.2394
-54.6953
26.9925
69.6122
87.3704
49.0126
-19.8892
-14.9169
-17.7582
-58.9572
7.10328
93.053
73.8741
32.6751
26.9925
-12.0756
-80.2671
-63.2192
-42.6197
-19.1789
66.7708
39.7784
-17.7582
11.3653
2.13098
-24.8615
-4.9723
38.3577
31.9648
7.10328
12.7859
-29.1235
-14.9169
6.39295
-33.3854
-24.1512
-28.4131
-39.7784
-42.6197
-35.5164
-11.3653
-22.0202
0.710328
36.2267
22.7305
-10.6549
-19.8892
-7.81361
-38.3577
-41.199
4.26197
8.52394
3.55164
9.23427
-21.3098
-45.461
-49.0126
-45.461
-44.7507
-4.26197
46.8817
21.3098
24.8615
13.4962
-31.2544
-44.0403
-50.4333
-30.5441
-6.39295
14.2066
3.55164
-31.9648
-33.3854
-36.9371
-29.8338
-3.55164
-4.9723
34.8061
47.592
-4.9723
-6.39295
-28.4131
-41.199
-15.6272
-1.42066
14.2066
2.84131
-15.6272
-42.6197
-68.1915
-62.5089
-40.4887
-14.2066
-6.39295
-0.710328
-0.710328
-29.8338
-44.7507
-34.8061
-33.3854
-2.13098
21.3098
21.3098
36.2267
29.8338
13.4962
9.23427
36.9371
39.7784
49.0126
92.3427
92.3427
73.1638
68.9018
80.9774
51.1436
28.4131
66.0605
73.8741
73.8741
91.6323
73.8741
58.9572
53.9849
46.1713
53.9849
83.8187
118.625
110.811
104.418
104.418
60.3779
52.5643
77.4258
89.5013
114.363
115.073
115.783
110.101
73.8741
42.6197
22.0202
9.23427
9.94459
44.7507
68.1915
45.461
24.8615
-16.3375
-79.5568
-85.9497
-80.9774
-75.2948
-30.5441
-8.52394
-20.5995
-51.1436
-93.053
-153.431
-168.348
-160.534
-171.189
-141.355
-118.625
-95.8943
-124.307
-205.285
-218.071
-176.161
-149.879
-120.756
-56.1159
-27.7028
-48.3023
-90.2117
-142.776
-159.824
-133.542
-104.418
-90.2117
-59.6676
-59.6676
-90.922
-147.748
-169.058
-150.59
-149.879
-95.8943
-63.2192
-95.184
-138.514
-224.464
-306.862
-307.572
-276.318
-256.428
-202.444
-144.907
-181.134
-235.829
-221.622
-214.519
-201.733
-169.058
-132.121
-61.7986
-30.5441
-58.2469
-74.5845
-85.9497
-38.3577
17.7582
98.0253
230.857
377.184
583.179
755.079
825.401
759.341
735.19
805.512
890.752
1015.77
1127.29
1204.01
1132.97
903.537
661.316
511.436
429.749
414.121
478.051
557.608
568.263
409.859
191.789
-29.1235
-185.396
-251.456
-251.456
-131.411
-75.2948
-105.839
-197.471
-323.91
-441.114
-540.56
-504.333
-350.192
-181.134
-84.5291
-79.5568
-163.375
-246.484
-304.02
-306.151
-147.038
9.94459
74.5845
29.1235
-70.3225
-173.32
-301.889
-457.451
-548.373
-548.373
-604.489
-701.804
-847.422
-991.618
-1144.34
-1326.89
-1432.73
-1393.66
-1257.28
-1184.12
-1234.55
-1317.66
-1375.2
-1417.1
-1326.18
-1146.47
-1012.22
-993.749
-959.653
-966.757
-939.054
-784.913
-184.685
1011.51
1775.11
1647.25
951.84
811.195
1216.08
1363.83
1695.55
2554.34
3374.77
3019.61
1849.69
1071.17
924.847
833.215
745.134
1258.7
2011.65
1992.47
1089.64
327.461
-1.42066
-434.011
-953.26
-920.585
-203.154
222.333
8.52394
-347.35
-643.557
-1062.65
-1481.03
-1316.95
-508.595
350.902
684.756
621.537
484.444
211.678
-46.1713
143.486
789.175
1465.41
1701.24
1686.32
1797.84
1769.43
1363.12
786.333
529.905
548.373
636.454
718.142
650.661
247.905
-593.834
-1482.45
-1961.22
-1896.58
-1598.24
-1343.23
-1233.13
-1321.21
-1665.72
-2118.2
-2263.82
-2015.91
-1668.56
-1363.12
-1006.54
-677.653
-576.076
-762.182
-966.046
-911.351
-674.812
-361.557
58.9572
505.043
578.917
152.01
-342.378
-547.663
-543.401
-512.147
-365.819
-161.244
-226.595
-628.64
-1185.54
-1601.08
-1731.78
-1756.64
-1641.57
-1329.73
-939.764
-833.925
-797.699
-210.967
546.242
791.306
321.779
317.517
1235.97
2007.39
2153.72
2283.71
2958.52
3103.42
2150.16
1229.58
1406.45
2045.75
2114.65
2052.14
2393.1
2488.28
1547.09
395.653
88.791
215.94
0.710328
-335.275
-100.156
216.65
-125.018
-838.898
-1175.59
-1013.64
-939.054
-875.124
-343.089
421.225
720.273
431.88
142.066
150.59
279.159
473.789
954.681
1557.75
1786.48
1577.64
1353.18
1341.1
1356.02
1203.3
1012.93
989.487
878.676
546.953
139.224
-196.761
-561.87
-1063.36
-1402.19
-1505.9
-1537.86
-1704.08
-1966.19
-2106.12
-2156.56
-2143.77
-2046.46
-1839.04
-1601.08
-1524.36
-1581.9
-1461.86
-1159.97
-876.545
-676.232
-456.741
-135.673
20.5995
-6.39295
-58.2469
-83.1084
-93.7633
-204.575
-224.464
-79.5568
2.13098
-162.665
-527.774
-836.767
-1060.52
-1202.59
-1255.15
-1255.86
-1298.48
-1517.26
-1841.88
-2090.5
-2101.86
-1856.8
-1444.1
-539.139
521.381
926.978
255.008
-571.104
-149.169
919.875
1745.28
2335.56
3229.15
3826.54
2992.61
1411.42
755.079
1368.8
2043.61
2423.64
3034.52
3566.56
2862.62
1183.41
46.8817
-85.9497
74.5845
73.1638
477.341
1121.61
976.701
-68.1915
-1096.04
-1385.85
-1255.15
-971.019
-295.497
621.537
1140.79
854.525
179.713
-260.69
-253.587
138.514
855.945
1723.26
2278.73
2187.81
1744.57
1341.1
1286.4
1577.64
1772.27
1790.03
1646.54
1523.65
1240.23
556.187
-306.151
-1002.98
-1211.11
-1243.78
-1320.5
-1429.89
-1692
-2186.39
-2717.01
-2945.73
-2811.48
-2479.76
-2194.2
-2016.62
-1933.51
-1943.46
-1974.71
-1896.58
-1606.05
-1201.16
-755.789
-399.204
-264.952
-278.449
-427.618
-581.048
-586.731
-348.061
-24.1512
143.486
-12.7859
-402.046
-776.389
-1110.24
-1289.25
-1315.53
-1154.99
-1081.83
-1305.58
-1685.61
-2070.61
-2206.28
-2079.84
-1619.55
-470.948
795.568
1076.15
7.81361
-991.618
-553.346
548.373
1445.52
2204.15
3332.86
3897.57
2799.4
1064.78
578.207
1429.18
2166.5
2620.4
3352.75
3906.8
3041.63
1194.06
98.7356
154.141
445.376
483.733
909.93
1463.28
1135.81
-101.577
-1192.64
-1348.91
-1078.28
-723.824
-78.8464
763.603
1140.79
644.268
-147.038
-571.104
-385.708
269.214
1158.55
2040.77
2462.71
2215.51
1589.71
1229.58
1396.51
1787.19
2042.19
2093.34
2170.76
2063.5
1480.32
492.968
-404.887
-796.278
-886.49
-924.137
-980.963
-1059.81
-1449.78
-2211.96
-2872.57
-3016.05
-2775.96
-2462
-2123.88
-1911.49
-1943.46
-2252.45
-2460.58
-2213.38
-1709.76
-1179.14
-824.691
-637.875
-629.351
-822.56
-993.749
-1026.42
-799.83
-448.217
-192.499
-198.182
-509.305
-853.814
-1114.5
-1321.21
-1425.63
-1362.41
-1180.57
-1141.5
-1267.23
-1338.97
-1359.57
-1465.41
-1042.05
166.217
1034.24
468.106
-780.651
-603.069
625.799
1338.97
1352.46
1947.72
3007.53
2614.72
1009.38
225.884
1181.99
2077.71
2067.77
2300.04
2988.35
2721.98
1037.79
-178.292
42.6197
609.462
505.754
539.139
1181.28
1230.29
169.058
-928.399
-923.427
-330.303
27.7028
358.716
962.495
1332.58
934.792
291.945
46.1713
282
701.094
1259.41
1910.78
2190.65
1888.76
1327.6
1034.95
1101.01
1486.01
1933.51
1999.57
1535.73
871.573
483.733
304.731
69.6122
-309.703
-600.227
-701.094
-896.434
-1324.05
-1763.03
-1988.21
-2061.37
-2079.13
-2016.62
-1883.08
-1812.76
-1915.04
-2015.91
-1936.35
-1680.64
-1455.46
-1281.43
-968.888
-691.149
-591.703
-632.192
-676.943
-654.212
-649.24
-563.29
-372.212
-258.559
-414.832
-684.756
-801.961
-856.656
-947.578
-1078.99
-1108.82
-1179.86
-1245.92
-1115.93
-855.235
-739.452
-995.88
-546.242
578.207
1174.88
396.363
-599.517
28.4131
1143.63
1315.53
1012.22
1773.69
2719.14
1941.33
99.4459
-396.363
806.222
1485.3
1278.59
1393.66
1959.8
1327.6
-436.141
-1191.22
-493.678
167.637
-223.753
-444.665
9.23427
-14.9169
-880.097
-1562.72
-1164.94
-407.018
-36.2267
257.139
834.636
1200.45
921.296
398.494
339.537
888.621
1603.21
2181.42
2427.19
2362.55
1943.46
1457.59
1368.09
1731.78
2243.22
2458.45
2242.51
1633.04
902.117
392.811
335.985
456.031
375.053
33.3854
-343.089
-697.542
-1174.17
-1664.3
-1960.51
-1809.92
-1460.43
-1208.27
-1149.31
-1398.64
-1832.65
-2064.21
-1775.82
-1159.97
-613.013
-348.771
-385.708
-703.225
-991.618
-995.17
-715.3
-448.217
-424.066
-441.824
-492.257
-729.507
-1118.77
-1375.91
-1329.02
-1228.87
-1229.58
-1214.66
-1235.97
-1507.32
-1850.4
-1874.56
-1471.09
-1107.4
-872.993
132.121
1257.99
1227.45
-191.078
-846.711
546.242
1920.73
2016.62
1819.15
2734.05
3221.34
1765.88
-11.3653
199.602
1672.82
2123.88
1808.5
1964.77
2122.46
677.653
-1322.63
-1611.02
-463.134
202.444
-248.615
-484.444
-476.63
-1182.7
-2275.18
-2487.57
-1524.36
-577.497
-250.036
-46.8817
272.056
299.048
-61.7986
-311.834
43.33
901.406
1812.05
2473.36
2544.4
2106.83
1488.85
1137.95
1393.66
2091.21
2932.23
3185.11
2479.76
1235.97
289.814
178.292
421.935
616.565
755.789
614.434
-120.756
-1249.47
-2096.18
-2216.93
-1920.02
-1601.08
-1263.67
-1056.26
-1253.02
-1963.35
-2523.09
-2340.53
-1625.23
-788.464
-235.829
1.42066
-156.983
-632.192
-869.442
-643.557
-185.396
93.053
58.2469
-53.9849
-262.821
-682.625
-1084.67
-1243.78
-1055.55
-939.054
-1136.53
-1337.55
-1520.1
-1633.75
-1741.72
-1715.44
-1392.24
-1181.28
-508.595
696.122
1305.58
564.711
-723.114
-183.265
1578.35
2438.56
2177.16
2421.51
3513.99
3226.31
1370.93
416.252
1638.02
2965.62
2789.46
2257.42
2429.32
1966.19
56.8263
-1311.27
-813.326
315.386
221.622
-532.036
-785.623
-1129.42
-2089.08
-2894.59
-2474.78
-1454.04
-979.543
-1022.16
-1012.93
-846.001
-875.124
-952.55
-738.031
-97.315
752.948
1419.24
1696.26
1542.83
1228.16
1059.81
1292.09
1857.51
2518.82
2859.07
2442.82
1498.79
659.185
443.245
684.756
865.89
855.235
685.467
154.852
-735.19
-1581.9
-1989.63
-1867.45
-1539.99
-1239.52
-1187.67
-1461.86
-1944.17
-2398.07
-2321.35
-1750.25
-1049.87
-551.925
-380.026
-399.915
-590.283
-637.164
-286.262
253.587
562.58
487.285
260.69
43.33
-206.705
-436.141
-455.32
-422.645
-389.97
-570.394
-928.399
-1282.14
-1614.58
-1527.92
-1329.73
-1127.29
-1137.95
-995.17
82.3981
1008.67
759.341
-573.945
-780.651
832.505
2113.23
1988.92
1714.73
2693.56
3260.41
1961.22
439.693
1071.89
2800.11
3150.31
2378.89
2165.08
2260.97
1061.23
-480.182
-506.464
559.739
721.693
-294.076
-885.069
-1004.4
-1557.04
-2386.7
-2400.91
-1610.31
-1102.43
-1194.06
-1432.73
-1446.94
-1422.79
-1323.34
-959.653
-408.439
233.698
809.774
1128.71
1054.13
856.656
890.041
1250.89
1776.53
2299.33
2667.99
2361.84
1646.54
1037.79
834.636
820.429
701.094
792.016
805.512
382.157
-562.58
-1417.82
-1723.26
-1770.85
-1788.61
-1717.57
-1482.45
-1616
-2164.37
-2622.53
-2494.67
-1974.71
-1512.29
-1041.34
-709.618
-588.152
-738.741
-829.663
-387.839
307.572
767.865
741.583
554.766
527.064
367.24
54.6953
-56.8263
83.8187
210.967
-8.52394
-465.975
-788.464
-1092.48
-1247.34
-1086.8
-867.311
-739.452
-1101.01
-1059.81
102.287
1221.05
1040.63
-382.867
-543.401
1036.37
2187.81
1916.47
1677.8
2795.14
3302.32
1860.35
389.26
1243.07
3038.78
3263.96
2395.23
2188.52
2254.58
996.59
-429.038
-293.366
849.552
973.86
-156.272
-909.93
-1163.52
-1660.75
-2381.73
-2406.59
-1687.03
-1195.48
-1319.79
-1677.8
-1808.5
-1799.26
-1670.69
-1409.29
-916.323
-155.562
483.023
704.646
448.927
274.187
523.512
1019.32
1555.62
2016.62
2264.53
1978.26
1308.42
716.721
525.643
626.509
760.761
751.527
453.189
-123.597
-792.016
-1316.95
-1615.29
-1690.58
-1578.35
-1375.91
-1378.04
-1751.67
-2180.71
-2314.25
-2063.5
-1623.81
-1207.56
-811.195
-578.917
-519.25
-511.436
-336.696
201.023
723.114
922.716
806.222
675.522
660.605
540.56
414.832
402.756
426.907
259.98
-149.879
-483.733
-767.865
-1021.45
-1114.5
-926.268
-690.439
-791.306
-1229.58
-1345.36
-261.401
1111.66
1304.16
-7.10328
-682.625
586.021
1998.86
2074.87
1764.46
2788.04
3660.32
2517.4
654.923
902.117
2790.88
3472.79
2722.69
2320.64
2540.84
1527.21
-275.607
-639.295
556.187
1150.02
141.355
-870.152
-1098.88
-1468.96
-2384.57
-2762.47
-2105.41
-1334
-1299.9
-1748.83
-1959.8
-1931.38
-1844.72
-1755.22
-1335.42
-461.003
394.232
743.003
527.774
338.116
469.527
834.636
1348.91
1978.26
2427.9
2216.93
1398.64
745.134
743.714
923.427
794.147
456.741
208.126
-120.756
-787.044
-1495.24
-1737.46
-1586.16
-1542.83
-1809.92
-2104.7
-2236.82
-2292.94
-2263.11
-2077
-1792.87
-1564.85
-1311.27
-981.674
-647.819
-429.749
-204.575
152.721
483.733
696.832
761.472
888.621
956.812
787.754
620.116
630.061
746.555
593.834
192.499
-208.836
-497.94
-723.114
-870.862
-932.661
-880.097
-939.764
-1241.65
-1479.61
-1559.88
-551.215
947.578
1434.15
233.698
-1126.58
-218.781
1670.69
2436.43
2047.88
2530.9
3652.51
3094.9
1164.94
633.613
2404.46
3758.35
3442.25
2900.98
3046.6
2270.21
240.801
-659.185
434.011
1679.93
1165.65
-62.5089
-746.555
-1444.1
-2489.7
-2886.06
-1933.51
-924.137
-983.094
-1683.48
-2122.46
-2246.77
-2329.88
-2059.95
-1291.38
-277.028
441.114
663.447
442.534
58.9572
15.6272
462.424
1290.67
2101.86
2590.57
2383.15
1397.22
335.275
49.723
703.935
1376.62
1221.05
306.862
-695.411
-1327.6
-1670.69
-1691.29
-1449.07
-1310.56
-1633.04
-2219.78
-2596.96
-2631.06
-2435
-2247.48
-1978.26
-1560.59
-1194.77
-1017.9
-1055.55
-994.459
-684.756
-164.796
436.141
842.449
951.84
765.734
501.492
421.225
698.253
1027.13
1099.59
829.663
347.35
-58.2469
-351.612
-430.459
-347.35
-292.655
-429.749
-895.013
-1284.27
-1334
-1208.98
-1088.93
-1145.05
-296.917
1230.29
1713.31
308.993
-1209.69
-150.59
2105.41
2963.49
2435
2823.55
3880.52
3071.46
799.119
309.703
2618.27
4375.62
3812.33
2610.46
2235.4
1473.22
-261.401
-891.462
458.872
1817.02
1136.53
-603.779
-1624.52
-2035.09
-2523.8
-2631.77
-1826.96
-875.835
-789.175
-1623.81
-2447.79
-2614.01
-2096.89
-1280.72
-605.91
-17.7582
453.9
556.897
195.34
-187.527
127.149
1020.03
1810.63
2162.95
2114.65
1686.32
818.298
0
-22.7305
708.197
1222.47
749.396
-377.895
-1261.54
-1590.42
-1652.22
-1642.28
-1468.25
-1219.63
-1318.37
-1919.31
-2598.38
-2673.68
-2121.04
-1477.48
-1076.15
-792.016
-643.557
-887.91
-1198.32
-900.696
81.6877
914.903
1061.94
861.628
696.832
517.119
326.041
498.65
1055.55
1444.81
1208.27
689.729
377.895
221.622
0.710328
-147.748
17.0479
136.383
-86.66
-515.698
-909.22
-1153.57
-1364.54
-1265.8
-973.15
-713.88
-751.527
-541.98
623.668
1539.28
1054.84
-383.577
-221.622
1728.23
2944.31
2409.43
1996.02
3092.06
3359.14
1465.41
-203.154
1002.98
3163.09
3244.78
1902.97
1274.33
1093.91
-196.761
-1292.09
-530.615
1008.67
1015.77
-554.056
-1697.68
-2045.75
-2271.63
-2381.73
-1818.44
-927.689
-683.336
-1143.63
-1778.66
-2030.83
-1772.27
-1132.26
-480.182
17.7582
515.698
806.222
488.706
-179.713
-272.766
468.817
1347.49
1676.37
1577.64
1220.34
462.424
-422.645
-687.598
-4.9723
819.008
931.24
231.567
-722.404
-1408.58
-1635.18
-1394.37
-897.144
-442.534
-384.998
-723.824
-1295.64
-1812.76
-1933.51
-1544.96
-759.341
-49.0126
186.816
-201.733
-860.918
-1172.75
-827.532
3.55164
771.416
1056.26
760.761
201.733
-89.5013
147.038
658.474
1078.99
1231
1120.19
846.001
564.711
511.436
651.371
672.681
480.182
286.973
209.547
9.23427
-354.454
-554.766
-455.32
-343.799
-490.837
-621.537
-655.633
-783.492
-1019.32
-549.794
858.787
1568.4
480.182
-1218.21
-1054.13
632.902
1514.42
1107.4
1030.69
1772.27
1392.24
-411.28
-1234.55
350.902
2204.15
2239.66
1318.37
952.55
687.598
-316.806
-875.835
57.5366
1481.74
1606.76
511.436
-455.32
-946.157
-1231.71
-1245.21
-667.708
117.914
355.874
-205.995
-1159.97
-1785.05
-1650.8
-978.122
-353.743
-55.4056
14.9169
-104.418
-592.414
-1095.33
-995.88
-197.471
691.149
1063.36
960.364
598.096
137.804
-188.237
-12.0756
649.95
1400.06
1611.02
1022.87
129.28
-389.97
-213.098
140.645
329.592
274.897
71.7431
-301.179
-981.674
-1556.33
-1584.03
-1072.6
-666.288
-730.217
-1116.64
-1446.94
-1527.21
-1394.37
-971.729
-353.033
99.4459
47.592
-291.235
-407.728
-93.053
416.963
860.207
1164.23
1247.34
1053.42
798.409
747.265
977.412
1326.18
1564.85
1522.94
1128.71
620.827
216.65
76.7154
113.653
200.313
153.431
-311.834
-1093.2
-1813.47
-1989.63
-1927.12
-1938.49
-1964.77
-1567.69
-654.923
-501.492
-1621.68
-2933.66
-2387.41
-304.02
941.185
600.938
337.406
1184.12
1363.12
120.756
-478.761
1294.22
3435.86
3540.99
2485.44
2091.92
2063.5
1148.6
562.58
1634.47
3050.15
2736.89
931.951
-385.708
-821.139
-1061.23
-1137.24
-694.701
-203.864
-519.96
-1583.32
-2560.02
-2781.65
-2239.66
-1395.08
-865.89
-757.92
-814.036
-938.344
-1108.11
-966.757
-46.1713
1157.83
1728.94
1616
1455.46
1489.56
1375.91
1284.27
1728.94
2429.32
2541.55
1744.57
846.711
635.033
629.351
368.66
30.5441
56.1159
53.2746
-514.988
-1245.92
-1634.47
-1444.1
-1217.5
-1351.04
-1655.06
-1752.38
-1685.61
-1656.49
-1544.96
-1246.63
-811.905
-534.167
-434.721
-398.494
-213.809
105.129
364.398
671.97
1061.94
1406.45
1376.62
1088.93
967.467
1162.1
1406.45
1340.39
1126.58
880.807
473.079
-181.134
-644.268
-718.852
-708.908
-899.986
-1369.51
-1860.35
-2308.57
-2699.25
-2899.56
-2756.07
-2418.67
-2336.27
-2590.57
-2877.54
-2804.38
-2478.33
-1717.57
-264.242
841.029
456.741
-884.359
-823.27
1009.38
2452.05
2479.76
2540.13
3526.07
3504.76
1605.34
247.905
1559.17
3634.75
3816.59
2719.85
2122.46
1679.93
326.041
-616.565
339.537
1971.87
1987.5
441.824
-853.814
-1353.18
-1469.67
-1255.86
-417.673
407.018
296.207
-620.827
-1497.37
-1510.16
-638.585
429.749
929.82
812.615
589.572
484.444
345.93
296.917
726.666
1397.93
1667.85
1444.81
1186.25
1000.85
587.441
205.995
394.942
1052
1341.1
792.016
-174.03
-888.621
-882.938
-292.655
213.809
26.2821
-676.232
-1245.21
-1385.14
-1238.81
-952.55
-556.897
-351.612
-638.585
-1164.23
-1236.68
-700.384
-154.141
58.9572
105.839
79.5568
-143.486
-413.411
-349.481
0
142.776
-122.887
-492.257
-686.887
-811.195
-973.15
-1058.39
-1012.93
-1037.79
-1240.94
-1508.03
-1738.88
-1846.85
-1792.87
-1553.49
-1236.68
-1064.07
-1204.72
-1480.32
-1522.23
-1186.96
-735.9
-573.235
-611.593
-642.137
-533.456
-451.769
-499.361
-571.104
-582.469
-505.754
-228.726
606.62
1353.89
955.391
-440.403
-974.57
310.413
1775.11
1921.44
1475.35
1807.07
2063.5
1012.22
-170.479
626.509
2807.22
3819.43
3089.22
2156.56
1880.95
1496.66
1100.3
1759.48
3209.97
3734.91
2506.04
825.401
140.645
458.162
994.459
1259.41
1239.52
909.22
159.114
-800.54
-1292.09
-741.583
308.993
589.572
-185.396
-952.55
-965.336
-757.21
-830.374
-695.411
-4.9723
469.527
85.9497
-538.429
-581.048
-218.071
-45.461
63.9295
484.444
850.263
556.897
-191.078
-497.23
36.9371
835.346
1161.39
874.414
279.159
-307.572
-622.958
-506.464
-67.4812
231.567
-83.1084
-919.875
-1703.37
-2008.81
-1906.52
-1704.79
-1587.58
-1656.49
-1953.4
-2377.47
-2704.22
-2736.89
-2465.55
-2100.44
-1891.6
-1886.63
-1976.84
-2079.84
-2072.74
-1787.19
-1212.53
-640.006
-414.121
-527.774
-725.245
-713.88
-375.764
181.134
612.303
562.58
225.174
70.3225
250.746
477.341
562.58
581.759
568.973
433.3
183.975
28.4131
76.7154
235.829
287.683
198.892
37.6474
-110.811
-149.169
-120.756
-29.8338
470.948
1581.9
2352.61
1630.2
103.708
-49.723
1649.38
3148.17
3133.26
2761.05
3075.72
2923.71
1504.48
666.288
2101.15
4127.01
4207.98
2804.38
2032.96
2019.46
1449.78
764.313
1358.15
2623.95
2541.55
865.18
-622.247
-956.102
-752.948
-556.187
-251.456
-2.84131
-415.542
-1491.69
-2414.41
-2420.09
-1536.44
-620.827
-484.444
-1098.17
-1692
-1711.89
-1370.22
-962.495
-476.63
-19.1789
12.0756
-437.562
-744.424
-486.575
-52.5643
33.3854
-93.053
-52.5643
-17.7582
-433.3
-1069.75
-1230.29
-816.167
-462.424
-564.711
-916.323
-1265.09
-1555.62
-1795.71
-1744.57
-1336.84
-950.419
-1047.73
-1633.75
-2130.98
-2098.31
-1637.31
-1202.59
-1081.83
-1208.27
-1419.24
-1614.58
-1603.92
-1206.14
-623.668
-384.998
-652.081
-955.391
-817.588
-351.612
35.5164
272.056
479.472
598.807
522.802
461.003
706.777
1181.28
1539.99
1656.49
1633.04
1528.63
1380.88
1297.77
1436.28
1739.59
1996.73
2018.04
1745.99
1293.51
913.482
880.097
1150.02
1368.8
1233.13
796.988
362.267
96.6046
-34.0958
-41.199
81.6877
202.444
24.1512
-500.781
-782.782
-162.665
858.076
895.724
-263.532
-1029.98
-277.738
872.283
1046.31
789.885
1242.36
1718.28
900.696
-274.897
175.451
1916.47
2698.54
1944.88
1168.49
1083.96
862.338
341.668
555.477
1544.96
1863.9
828.953
-505.754
-1044.89
-858.787
-524.222
-322.489
-370.791
-779.94
-1471.09
-2136.67
-2386.7
-1997.44
-1284.98
-1029.98
-1564.14
-2272.34
-2399.49
-2067.05
-1785.77
-1520.1
-1075.44
-816.877
-1160.68
-1635.89
-1455.46
-789.885
-426.907
-498.65
-494.388
-302.6
-371.502
-760.761
-928.399
-570.394
-132.121
-83.8187
-281.29
-324.62
-127.149
-2.13098
-99.4459
-175.451
44.7507
360.847
402.046
198.892
94.4736
269.214
423.356
292.655
124.307
268.504
550.504
576.076
436.141
474.499
655.633
667.708
538.429
613.013
939.054
1089.64
917.034
787.044
860.918
916.323
863.759
933.371
1103.14
1039.92
769.996
639.295
734.479
749.396
596.676
490.126
462.424
375.764
196.051
114.363
117.204
57.5366
-66.7708
-122.176
-73.1638
-30.5441
-32.6751
-106.549
-247.905
-366.529
-318.227
-149.169
-106.549
-320.358
-627.22
-792.726
-762.892
-666.288
-659.895
-735.9
-614.434
-144.907
157.693
-312.544
-1086.8
-1070.46
-210.967
389.26
299.048
336.696
746.555
540.56
-534.167
-990.197
130.7
1598.24
1862.48
1175.59
648.53
416.963
137.093
232.988
1087.51
1870.29
1454.75
114.363
-819.008
-714.59
-96.6046
277.738
165.506
-313.255
-1013.64
-1709.76
-1983.95
-1528.63
-680.494
-340.958
-998.011
-2009.52
-2332.72
-1797.84
-1120.19
-783.492
-661.316
-675.522
-953.26
-1257.99
-990.197
-121.466
590.993
649.95
377.184
275.607
375.053
501.492
752.948
1216.08
1637.31
1656.49
1298.48
955.391
947.578
1243.78
1541.41
1562.01
1319.79
1005.11
739.452
534.877
420.514
501.492
630.771
463.844
-73.1638
-608.041
-784.913
-678.363
-496.519
-326.041
-288.393
-549.794
-980.963
-1132.97
-807.643
-353.033
-131.411
-106.549
-125.728
-227.305
-353.033
-237.96
162.665
468.106
353.033
37.6474
-100.156
-31.2544
42.6197
117.914
278.449
346.64
94.4736
-320.358
-473.789
-272.766
-51.854
-85.2394
-311.834
-534.167
-645.688
-686.887
-676.232
-559.739
-389.97
-354.454
-557.608
-767.154
-685.467
-382.867
-174.03
-169.768
-193.209
-181.844
-286.262
-365.109
-63.2192
593.124
999.432
685.467
26.9925
-238.67
125.018
692.57
1023.58
1085.38
989.487
672.681
118.625
-311.124
-125.018
634.323
1251.6
1141.5
445.376
-166.217
-301.889
-64.6399
410.57
970.308
1208.27
716.721
-196.761
-634.323
-213.098
530.615
902.827
769.285
331.723
-269.214
-745.845
-658.474
-9.23427
579.628
502.912
-169.058
-816.877
-990.197
-722.404
-335.275
-112.942
-170.479
-468.817
-787.754
-876.545
-639.295
-287.683
-139.935
-245.774
-371.502
-346.64
-245.774
-167.637
-49.0126
154.141
290.524
245.063
147.748
205.285
420.514
604.489
643.557
551.925
423.356
348.771
337.406
371.502
404.887
389.97
291.235
79.5568
-169.768
-305.441
-242.222
-110.101
-78.1361
-200.313
-411.28
-603.779
-713.169
-691.149
-547.663
-370.081
-306.151
-432.59
-632.192
-706.066
-584.6
-400.625
-269.214
-167.637
-88.0807
-114.363
-245.774
-296.917
-149.169
61.0882
187.527
243.643
274.187
218.071
89.5013
86.66
321.068
613.013
690.439
524.933
338.827
288.393
327.461
365.109
400.625
421.225
358.716
191.078
43.33
53.2746
144.197
135.673
10.6549
-59.6676
-7.81361
50.4333
9.23427
-79.5568
-115.783
-131.411
-171.189
-169.058
-71.0328
1.42066
-109.391
-313.965
-365.109
-191.078
-7.81361
-20.5995
-177.582
-291.235
-299.758
-275.607
-250.746
-204.575
-174.741
-228.015
-311.834
-302.6
-164.796
-36.2267
-39.7784
-116.494
-128.569
-45.461
29.8338
63.2192
100.867
143.486
119.335
43.33
22.7305
107.97
200.313
191.789
148.459
164.086
235.119
275.607
269.214
284.842
353.743
432.59
455.32
430.459
409.149
419.094
470.237
546.953
628.64
662.026
600.938
495.099
436.141
458.162
517.119
547.663
508.595
388.55
232.988
120.756
79.5568
52.5643
-31.2544
-170.479
-311.124
-416.252
-473.789
-509.305
-590.283
-746.555
-895.013
-931.951
-859.497
-781.361
-761.472
-789.175
-843.87
-903.537
-896.434
-747.265
-522.802
-367.24
-361.557
-441.824
-480.892
-396.363
-202.444
25.5718
193.92
234.408
172.61
100.867
105.839
203.864
322.489
370.791
323.199
233.698
169.768
146.328
135.673
98.7356
30.5441
-35.5164
-76.7154
-53.2746
31.2544
111.522
71.7431
-113.653
-289.814
-273.476
-61.0882
155.562
249.325
212.388
102.998
-40.4887
-125.018
-17.0479
279.159
542.691
553.346
336.696
71.0328
-76.0051
-49.723
147.748
394.232
483.733
301.889
-53.2746
-305.441
-304.02
-103.708
139.935
263.532
201.733
-25.5718
-263.532
-320.358
-115.073
226.595
451.058
414.121
190.368
7.10328
32.6751
262.821
564.711
750.107
708.908
482.313
282.711
279.869
455.32
635.033
639.295
470.237
234.408
61.0882
16.3375
85.2394
168.348
142.776
-49.723
-321.779
-483.023
-448.927
-294.076
-193.92
-230.857
-374.343
-525.643
-581.759
-523.512
-367.24
-223.753
-183.265
-237.96
-304.02
-287.683
-179.713
-36.2267
73.8741
134.252
135.673
87.3704
41.199
56.1159
140.645
235.829
245.774
146.328
13.4962
-76.7154
-105.129
-95.8943
-91.6323
-123.597
-203.864
-316.806
-409.149
-434.721
-414.832
-391.391
-387.839
-406.308
-426.907
-445.376
-443.955
-391.391
-278.449
-157.693
-100.867
-114.363
-142.776
-116.494
-28.4131
68.9018
141.355
179.003
169.058
121.466
71.7431
61.0882
121.466
194.63
208.126
150.59
58.2469
-7.10328
-9.23427
49.0126
120.756
144.907
83.8187
-22.0202
-81.6877
-58.2469
7.81361
61.7986
83.8187
80.9774
56.8263
22.0202
9.94459
57.5366
152.01
243.643
289.104
280.58
237.96
206.705
230.857
314.675
411.28
456.031
412.701
318.227
255.008
267.083
333.854
387.839
377.895
313.255
226.595
151.3
120.045
142.066
187.527
180.423
90.922
-28.4131
-88.791
-71.0328
-31.9648
-32.6751
-67.4812
-112.232
-161.244
-198.182
-201.733
-169.058
-138.514
-154.852
-206.705
-244.353
-237.25
-202.444
-173.32
-171.189
-185.396
-199.602
-200.313
-186.106
-165.506
-161.244
-181.844
-224.464
-263.532
-275.607
-259.27
-237.25
-232.988
-258.559
-300.469
-324.62
-321.779
-293.366
-250.746
-214.519
-191.789
-190.368
-192.499
-169.768
-115.783
-50.4333
-6.39295
2.84131
-6.39295
-15.6272
-10.6549
19.1789
66.0605
107.97
134.962
128.569
107.26
98.0253
121.466
167.637
207.416
223.043
208.836
187.527
169.768
166.217
179.003
187.527
188.947
176.161
163.375
150.59
142.066
152.01
176.872
210.257
230.146
232.277
224.464
230.146
258.559
301.179
354.454
401.335
436.852
449.638
431.169
394.232
372.212
392.101
433.3
451.058
409.149
329.592
250.746
205.995
198.182
192.499
157.693
78.1361
-24.8615
-100.867
-127.149
-115.073
-108.68
-139.224
-208.126
-294.076
-358.005
-385.708
-397.073
-429.749
-497.94
-578.917
-647.109
-687.598
-698.253
-709.618
-743.003
-789.885
-807.643
-770.706
-703.935
-656.343
-642.847
-637.164
-606.62
-544.111
-465.265
-389.97
-346.64
-323.199
-291.945
-229.436
-145.617
-70.3225
-22.7305
-10.6549
-18.4685
-12.7859
24.8615
85.2394
131.411
145.617
132.831
117.204
128.569
168.348
218.781
246.484
241.512
234.408
246.484
268.504
273.476
269.214
279.869
304.731
332.434
348.061
350.902
350.192
360.847
397.073
451.058
504.333
535.587
535.587
527.064
534.877
573.945
629.351
667.708
659.895
623.668
592.414
583.179
598.807
620.116
630.771
613.013
564.001
506.464
459.582
431.169
404.177
361.557
308.282
239.381
156.983
73.8741
12.0756
-28.4131
-66.0605
-101.577
-142.066
-179.713
-206.705
-218.781
-209.547
-192.499
-181.844
-196.051
-229.436
-266.373
-287.683
-277.028
-256.428
-265.663
-323.199
-400.625
-458.872
-488.706
-501.492
-513.567
-537.718
-586.731
-652.081
-706.066
-725.955
-720.273
-716.721
-736.61
-785.623
-842.449
-865.18
-842.449
-793.437
-751.527
-729.507
-718.852
-714.59
-693.991
-638.585
-561.87
-487.995
-451.769
-432.59
-394.232
-333.144
-262.821
-198.892
-146.328
-110.101
-89.5013
-49.723
28.4131
132.831
225.884
281.29
315.386
350.192
397.073
461.713
532.746
583.179
596.676
577.497
547.663
534.877
551.215
576.076
570.394
522.802
450.348
384.288
362.267
389.26
436.141
453.189
415.542
343.089
287.683
298.338
372.922
449.638
483.733
463.134
416.252
397.784
443.245
541.98
643.557
694.701
666.288
588.152
536.298
561.87
642.847
711.749
716.011
652.792
557.608
478.051
454.61
486.575
523.512
498.65
397.073
268.504
168.348
121.466
104.418
71.0328
4.26197
-91.6323
-194.63
-285.552
-360.136
-418.383
-466.686
-507.174
-546.242
-590.283
-630.061
-664.157
-700.384
-740.872
-762.892
-745.845
-710.328
-685.467
-682.625
-696.832
-709.618
-709.618
-673.391
-605.91
-543.401
-521.381
-544.111
-567.552
-555.477
-502.912
-432.59
-370.791
-343.799
-358.716
-389.26
-396.363
-370.081
-324.62
-278.449
-255.008
-265.663
-291.945
-291.235
-253.587
-202.444
-166.927
-149.879
-130.7
-111.522
-93.7633
-68.1915
-30.5441
4.9723
11.3653
3.55164
14.2066
46.1713
86.66
124.307
154.852
181.134
198.182
215.94
239.381
270.635
301.889
322.489
322.489
310.413
309.703
329.592
355.164
377.895
397.784
409.149
414.121
417.673
424.776
445.376
472.368
490.837
495.099
485.154
461.713
436.852
435.431
459.582
491.547
507.174
492.257
458.162
417.673
392.101
397.073
407.728
404.887
372.212
313.255
256.428
214.519
185.396
162.665
129.99
70.3225
2.13098
-52.5643
-89.5013
-110.101
-128.569
-152.01
-186.106
-220.202
-244.353
-257.139
-267.083
-279.159
-286.973
-290.524
-294.076
-294.786
-291.945
-284.842
-270.635
-255.008
-240.091
-225.174
-211.678
-200.313
-178.292
-146.328
-121.466
-112.232
-110.811
-106.549
-94.4736
-78.1361
-62.5089
-56.1159
-62.5089
-73.8741
-78.8464
-78.1361
-71.0328
-71.7431
-86.66
-110.101
-132.831
-149.879
-155.562
-157.693
-176.872
-200.313
-215.229
-224.464
-228.015
-223.043
-210.257
-204.575
-202.444
-187.527
-170.479
-157.693
-139.935
-108.68
-72.4535
-49.723
-28.4131
0.710328
30.5441
49.0126
58.9572
81.6877
105.129
110.101
105.129
102.287
101.577
93.7633
93.053
103.708
105.129
80.2671
39.068
8.52394
-4.9723
0.710328
22.7305
43.33
27.7028
-24.1512
-73.1638
-80.9774
-46.1713
2.84131
31.2544
31.2544
1.42066
-33.3854
-28.4131
27.7028
98.7356
137.804
129.28
92.3427
54.6953
54.6953
102.287
156.983
181.134
159.824
110.811
64.6399
51.1436
78.1361
117.914
137.804
118.625
73.1638
28.4131
9.94459
24.1512
47.592
71.0328
75.2948
54.6953
30.5441
19.8892
39.7784
78.8464
117.204
140.645
140.645
131.411
127.859
149.169
191.789
228.015
245.774
237.96
211.678
193.209
198.182
222.333
239.381
235.829
208.836
163.375
125.018
101.577
88.791
74.5845
51.1436
19.1789
-26.9925
-77.4258
-119.335
-146.328
-162.665
-179.003
-200.313
-228.015
-257.849
-281.29
-286.973
-267.083
-251.456
-258.559
-279.869
-291.945
-275.607
-240.091
-209.547
-192.499
-187.527
-186.106
-179.713
-153.431
-110.101
-73.1638
-58.2469
-57.5366
-63.9295
-67.4812
-56.1159
-42.6197
-47.592
-59.6676
-62.5089
-71.0328
-92.3427
-120.045
-133.542
-130.7
-129.99
-139.935
-156.272
-166.927
-168.348
-169.058
-159.824
-142.776
-132.121
-137.804
-142.776
-126.438
-86.66
-40.4887
-8.52394
8.52394
22.0202
47.592
78.1361
100.156
112.232
121.466
129.99
137.093
144.197
147.748
148.459
138.514
119.335
105.839
100.867
99.4459
88.791
74.5845
65.3502
64.6399
66.7708
63.2192
57.5366
60.3779
72.4535
85.9497
98.7356
113.653
134.962
159.114
186.816
210.967
225.884
232.277
236.539
243.643
262.111
280.58
283.421
267.083
243.643
224.464
217.36
216.65
203.154
171.899
128.569
90.922
62.5089
39.7784
20.5995
-2.84131
-36.2267
-73.8741
-105.839
-121.466
-125.018
-132.121
-138.514
-142.776
-145.617
-152.721
-161.244
-155.562
-134.252
-107.26
-90.2117
-86.66
-83.1084
-76.7154
-66.0605
-54.6953
-46.8817
-46.1713
-56.8263
-71.0328
-78.1361
-74.5845
-68.1915
-80.2671
-104.418
-129.28
-149.169
-163.375
-169.768
-170.479
-176.161
-186.816
-194.63
-196.051
-191.078
-176.872
-154.141
-128.569
-110.811
-98.7356
-90.922
-75.2948
-44.0403
-2.13098
37.6474
61.0882
69.6122
77.4258
94.4736
117.204
149.879
182.554
198.182
183.975
156.983
145.617
153.431
164.796
169.058
160.534
137.804
100.156
66.7708
58.2469
70.3225
80.9774
74.5845
53.9849
23.4408
-2.13098
-2.84131
9.94459
22.7305
22.7305
7.10328
-19.1789
-38.3577
-35.5164
-11.3653
16.3375
27.7028
24.1512
12.7859
0.710328
-2.84131
9.94459
34.0958
49.0126
40.4887
19.1789
0
-11.3653
-8.52394
0.710328
-1.42066
-20.5995
-51.1436
-82.3981
-107.26
-117.914
-113.653
-111.522
-130.7
-161.244
-179.713
-188.947
-193.92
-193.92
-183.265
-176.161
-184.685
-193.209
-186.816
-166.927
-147.038
-132.831
-120.045
-111.522
-102.998
-89.5013
-64.6399
-39.7784
-23.4408
-11.3653
-10.6549
-16.3375
-13.4962
10.6549
41.199
58.2469
63.9295
63.9295
63.2192
74.5845
104.418
139.935
156.272
148.459
134.962
127.149
133.542
156.272
184.685
201.023
195.34
176.161
159.824
160.534
178.292
200.313
209.547
203.154
186.106
174.03
178.292
197.471
220.912
242.932
253.587
245.063
236.539
246.484
274.187
299.758
313.965
313.255
296.207
269.925
247.905
236.539
230.857
218.071
188.237
147.748
104.418
68.1915
38.3577
14.9169
-7.81361
-37.6474
-82.3981
-133.542
-178.292
-210.257
-226.595
-240.091
-259.27
-283.421
-311.834
-336.696
-350.902
-351.612
-348.061
-348.771
-353.033
-357.295
-362.978
-364.398
-358.005
-354.454
-355.164
-353.033
-348.771
-342.378
-334.565
-326.041
-317.517
-307.572
-299.048
-290.524
-289.104
-291.235
-294.786
-294.076
-287.683
-276.318
-267.794
-264.952
-266.373
-267.794
-262.111
-247.194
-231.567
-214.519
-198.892
-186.816
-171.189
-151.3
-117.914
-78.1361
-44.7507
-19.1789
3.55164
32.6751
68.9018
115.073
164.796
211.678
246.484
270.635
294.076
322.489
358.005
392.101
418.383
438.983
453.189
467.396
483.023
500.071
513.567
523.512
533.456
538.429
538.429
536.298
535.587
538.429
547.663
556.187
551.925
534.167
512.147
495.809
492.257
494.388
490.126
472.368
437.562
394.942
356.585
328.172
306.151
286.262
256.428
213.809
161.244
107.26
63.2192
31.2544
4.9723
-26.9925
-73.8741
-132.831
-189.658
-230.146
-248.615
-262.111
-285.552
-329.592
-382.157
-422.645
-439.693
-437.562
-434.721
-441.114
-456.031
-476.63
-492.968
-502.202
-500.071
-487.285
-476.63
-471.658
-478.051
-488.706
-498.65
-502.912
-492.968
-476.63
-464.555
-465.265
-473.079
-479.472
-471.658
-453.9
-434.011
-423.356
-424.776
-429.038
-424.776
-406.308
-379.315
-350.902
-323.199
-303.31
-282.711
-257.849
-225.174
-183.975
-141.355
-98.0253
-58.2469
-24.8615
9.94459
46.8817
90.922
136.383
178.292
213.098
242.222
271.345
304.02
335.985
358.716
378.605
394.232
410.57
428.328
448.927
469.527
482.313
490.126
495.809
507.174
523.512
541.27
554.056
553.346
545.532
537.718
534.167
543.401
554.056
559.028
550.504
528.484
498.65
470.237
450.348
433.3
411.28
378.605
334.565
285.552
241.512
205.995
180.423
161.244
137.093
100.156
49.723
-2.84131
-44.0403
-69.6122
-86.66
-105.839
-135.673
-179.713
-230.857
-273.476
-294.076
-301.179
-306.862
-320.358
-345.93
-371.502
-389.97
-397.073
-389.26
-377.895
-373.633
-376.474
-387.129
-395.653
-393.522
-383.577
-370.081
-358.005
-353.743
-355.164
-360.136
-359.426
-346.64
-330.303
-316.096
-306.862
-303.31
-303.31
-304.02
-294.786
-277.028
-261.401
-247.905
-236.539
-222.333
-196.761
-164.796
-126.438
-85.2394
-50.4333
-25.5718
-4.26197
19.8892
48.3023
76.7154
102.998
120.045
128.569
132.121
134.962
144.197
156.983
169.768
179.003
181.134
180.423
181.134
188.237
198.892
213.098
223.753
224.464
218.071
210.257
207.416
210.257
217.36
223.043
225.884
225.884
224.464
226.595
235.829
249.325
260.69
262.111
259.27
252.877
244.353
235.119
225.884
218.781
210.257
200.313
186.816
171.899
156.983
137.804
118.625
102.998
85.9497
68.9018
47.592
24.8615
6.39295
-13.4962
-31.9648
-49.0126
-67.4812
-85.2394
-104.418
-125.728
-145.617
-160.534
-174.03
-186.106
-193.209
-201.023
-211.678
-223.043
-238.67
-251.456
-259.98
-264.952
-271.345
-274.897
-277.738
-278.449
-272.056
-261.401
-251.456
-247.194
-248.615
-245.774
-236.539
-221.622
-201.733
-183.975
-172.61
-160.534
-145.617
-120.045
-88.0807
-56.8263
-31.9648
-16.3375
-3.55164
11.3653
33.3854
61.7986
92.3427
115.783
129.99
134.252
136.383
147.038
164.086
186.106
205.285
212.388
211.678
212.388
216.65
224.464
237.25
245.063
245.063
236.539
225.884
218.781
220.202
225.884
230.857
229.436
221.622
212.388
204.575
196.051
188.947
179.003
161.244
139.935
115.783
94.4736
76.0051
56.8263
32.6751
10.6549
-8.52394
-26.2821
-44.0403
-57.5366
-70.3225
-83.8187
-96.6046
-104.418
-107.26
-110.811
-117.204
-122.887
-129.28
-140.645
-149.169
-149.169
-145.617
-141.355
-140.645
-139.224
-141.355
-147.748
-149.879
-142.776
-135.673
-131.411
-130.7
-140.645
-156.983
-168.348
-169.768
-166.217
-161.955
-161.244
-173.32
-194.63
-211.678
-211.678
-198.892
-188.947
-191.789
-201.023
-213.098
-222.333
-218.781
-198.182
-171.899
-156.272
-154.141
-159.114
-152.01
-125.728
-93.053
-58.2469
-32.6751
-17.7582
-12.0756
-2.13098
26.2821
66.0605
102.287
129.28
147.038
156.272
171.899
198.892
230.857
261.401
284.131
294.786
302.6
311.834
318.937
328.882
340.247
346.64
347.35
346.64
335.275
319.648
311.124
304.02
297.628
291.235
279.869
262.111
234.408
207.416
191.078
181.844
171.189
149.879
121.466
93.053
68.1915
50.4333
43.33
39.7784
27.7028
9.23427
-9.94459
-24.1512
-31.9648
-32.6751
-34.0958
-44.0403
-58.2469
-74.5845
-85.2394
-90.922
-91.6323
-91.6323
-95.8943
-107.97
-124.307
-137.093
-148.459
-156.272
-162.665
-166.927
-174.03
-185.396
-193.92
-198.892
-201.733
-203.154
-202.444
-201.023
-201.733
-207.416
-210.967
-213.098
-211.678
-210.967
-215.94
-218.781
-218.071
-214.519
-208.126
-199.602
-191.078
-181.134
-166.927
-148.459
-137.093
-126.438
-116.494
-115.783
-118.625
-108.68
-90.2117
-72.4535
-56.1159
-44.7507
-35.5164
-33.3854
-33.3854
-24.1512
-8.52394
4.26197
12.7859
17.7582
22.0202
25.5718
25.5718
26.2821
34.8061
47.592
53.9849
60.3779
67.4812
71.0328
76.7154
89.5013
100.156
115.783
134.252
144.907
148.459
151.3
156.272
158.403
162.665
180.423
204.575
210.967
212.388
210.257
194.63
175.451
163.375
157.693
165.506
179.713
178.292
164.796
147.748
122.887
95.184
74.5845
69.6122
74.5845
83.1084
88.791
83.8187
73.1638
47.592
15.6272
-4.9723
-0.710328
18.4685
38.3577
55.4056
63.2192
51.854
24.8615
-9.94459
-23.4408
-7.81361
8.52394
15.6272
27.7028
26.2821
0.710328
-26.2821
-41.199
-52.5643
-56.8263
-56.8263
-56.8263
-59.6676
-73.1638
-87.3704
-96.6046
-108.68
-117.914
-120.756
-124.307
-116.494
-102.998
-103.708
-101.577
-95.184
-100.156
-98.0253
-80.2671
-75.2948
-67.4812
-49.0126
-39.7784
-40.4887
-38.3577
-19.8892
0.710328
-0.710328
-12.0756
2.13098
2.84131
-36.2267
-42.6197
-9.94459
-8.52394
-19.8892
-16.3375
-22.7305
-24.8615
-31.2544
-60.3779
-62.5089
-40.4887
-51.1436
-58.9572
-32.6751
-33.3854
-54.6953
-32.6751
-10.6549
-31.9648
-36.2267
-7.10328
17.0479
19.8892
19.8892
26.2821
39.068
44.0403
27.7028
34.0958
52.5643
31.9648
17.0479
45.461
55.4056
33.3854
42.6197
61.0882
37.6474
12.0756
6.39295
-15.6272
-40.4887
-31.2544
-27.7028
-43.33
-39.068
-33.3854
-39.7784
-29.1235
-29.1235
-48.3023
-24.1512
-3.55164
-39.7784
-31.2544
9.94459
4.26197
7.81361
31.9648
32.6751
41.9094
64.6399
68.9018
80.2671
98.0253
112.942
127.859
122.176
104.418
110.101
116.494
82.3981
53.2746
61.7986
68.1915
57.5366
71.7431
88.0807
64.6399
39.068
20.5995
-12.7859
-22.0202
-3.55164
-7.81361
-4.9723
14.9169
-5.68263
-24.1512
-4.26197
-17.0479
-14.9169
43.33
41.9094
7.81361
34.8061
61.7986
51.854
59.6676
71.0328
53.2746
61.7986
77.4258
58.9572
53.9849
56.1159
44.7507
48.3023
47.592
22.7305
7.10328
-13.4962
-69.6122
-87.3704
-76.0051
-99.4459
-107.97
-107.97
-126.438
-140.645
-159.824
-200.313
-204.575
-191.078
-208.126
-189.658
-179.713
-201.733
-177.582
-166.927
-183.265
-152.721
-149.879
-186.106
-173.32
-156.983
-153.431
-107.97
-64.6399
-58.2469
-54.6953
-84.5291
-117.204
-103.708
-101.577
-101.577
-62.5089
-36.2267
-42.6197
-51.854
-50.4333
-56.1159
-71.0328
-65.3502
-56.1159
-51.1436
-16.3375
14.9169
21.3098
26.2821
41.199
45.461
54.6953
83.8187
98.0253
137.093
188.237
186.816
180.423
205.285
220.912
222.333
261.401
298.338
291.945
298.338
296.207
260.69
256.428
268.504
270.635
275.607
249.325
210.967
188.947
163.375
135.673
120.045
110.811
97.315
84.5291
34.0958
-25.5718
-24.1512
-36.9371
-58.9572
-34.8061
-19.8892
-15.6272
-34.0958
-74.5845
-80.9774
-64.6399
-81.6877
-71.0328
-3.55164
7.81361
7.10328
43.33
28.4131
-2.84131
-16.3375
-34.8061
-14.2066
17.0479
12.0756
39.7784
75.2948
20.5995
-57.5366
-88.0807
-103.708
-116.494
-107.97
-76.7154
-44.7507
-70.3225
-137.804
-182.554
-210.967
-234.408
-231.567
-195.34
-165.506
-139.935
-120.045
-151.3
-188.237
-176.161
-174.741
-191.789
-121.466
-61.7986
-86.66
-34.8061
12.7859
-72.4535
-81.6877
-3.55164
-28.4131
-36.9371
26.2821
18.4685
22.0202
59.6676
9.23427
-23.4408
31.9648
23.4408
1.42066
34.0958
31.2544
29.8338
51.1436
9.94459
-29.1235
30.5441
43.33
6.39295
24.1512
34.8061
42.6197
65.3502
46.8817
48.3023
85.2394
74.5845
68.9018
100.867
112.232
100.867
112.942
141.355
153.431
137.804
143.486
169.058
138.514
107.26
132.831
119.335
84.5291
118.625
112.232
63.9295
26.9925
5.68263
3.55164
-14.2066
-32.6751
-44.7507
-38.3577
-49.723
-102.998
-137.093
-130.7
-161.955
-176.161
-115.073
-119.335
-188.947
-169.058
-111.522
-186.106
-227.305
-162.665
-148.459
-152.01
-140.645
-125.018
-83.8187
-63.9295
-91.6323
-98.7356
-52.5643
-22.7305
-31.2544
14.2066
66.7708
46.1713
36.2267
39.068
24.1512
29.1235
75.2948
102.998
97.315
94.4736
85.9497
98.7356
90.922
41.9094
38.3577
73.8741
95.184
63.9295
5.68263
36.9371
102.287
68.9018
2.84131
-26.2821
-17.7582
11.3653
41.9094
26.9925
36.2267
73.8741
53.2746
27.7028
56.8263
95.184
88.791
122.887
129.28
127.859
147.038
110.811
104.418
159.824
187.527
170.479
172.61
185.396
198.182
174.03
146.328
141.355
139.935
117.204
104.418
118.625
102.998
82.3981
78.8464
53.2746
-4.26197
-52.5643
-73.8741
-64.6399
-4.26197
-0.710328
-73.1638
-80.2671
-112.232
-154.141
-138.514
-127.149
-165.506
-152.01
-98.7356
-138.514
-166.217
-194.63
-185.396
-159.114
-183.975
-202.444
-186.106
-133.542
-162.665
-205.995
-196.761
-170.479
-164.086
-210.967
-245.774
-212.388
-137.804
-164.086
-221.622
-221.622
-215.229
-230.857
-220.912
-167.637
-166.927
-161.955
-159.824
-193.209
-228.015
-197.471
-164.796
-120.756
-53.2746
-85.9497
-61.0882
4.26197
-68.1915
-139.935
-43.33
44.0403
22.7305
25.5718
66.0605
105.129
117.914
85.2394
90.2117
144.907
119.335
104.418
174.741
208.126
218.781
252.877
257.139
254.297
248.615
225.884
269.214
357.295
341.668
302.6
350.192
362.267
332.434
362.267
401.335
392.101
358.716
353.743
381.446
388.55
380.026
357.295
333.854
355.874
271.345
162.665
218.781
242.222
200.313
202.444
186.106
121.466
43.33
-14.2066
-21.3098
-9.94459
-47.592
-46.1713
-5.68263
-71.0328
-134.962
-144.907
-215.94
-248.615
-169.768
-220.912
-287.683
-255.718
-259.27
-232.988
-275.607
-379.315
-353.743
-264.952
-307.572
-346.64
-290.524
-251.456
-270.635
-315.386
-313.255
-286.973
-326.041
-350.192
-268.504
-252.877
-332.434
-284.131
-208.836
-259.98
-249.325
-283.421
-281.29
-181.134
-237.25
-228.726
-142.066
-136.383
-155.562
-145.617
-136.383
-166.927
-169.768
-154.852
-149.169
-96.6046
-33.3854
0
2.13098
-12.7859
34.0958
30.5441
-12.0756
-14.9169
-2.84131
79.5568
179.003
212.388
203.154
115.073
69.6122
128.569
115.783
76.0051
155.562
326.751
352.323
248.615
252.877
295.497
252.877
275.607
288.393
266.373
343.799
335.985
289.104
395.653
458.872
308.282
292.655
381.446
269.925
263.532
389.26
392.101
358.716
384.998
354.454
313.965
244.353
110.811
155.562
269.214
169.058
71.0328
154.852
119.335
-4.26197
-7.10328
14.9169
-101.577
-213.809
-142.776
-109.391
-214.519
-261.401
-198.182
-197.471
-286.973
-375.053
-416.963
-387.129
-358.005
-370.081
-342.378
-296.917
-338.116
-384.288
-350.192
-348.771
-399.204
-365.109
-309.703
-275.607
-178.292
-152.721
-186.816
-159.824
-174.741
-250.036
-208.836
-90.2117
-60.3779
-36.9371
46.1713
61.0882
-17.0479
-76.7154
-46.1713
30.5441
27.7028
42.6197
90.2117
105.839
179.003
124.307
62.5089
146.328
88.0807
-4.9723
108.68
206.705
110.101
112.942
245.063
202.444
170.479
182.554
105.839
173.32
240.801
131.411
127.149
254.297
208.126
156.983
226.595
129.99
23.4408
76.0051
92.3427
31.2544
85.9497
120.756
17.7582
4.9723
7.81361
-37.6474
-46.1713
-58.2469
-95.8943
-68.9018
-22.7305
-46.8817
-76.0051
-88.791
-40.4887
-90.2117
-129.28
-46.8817
-49.0126
-35.5164
-12.0756
-44.0403
-53.9849
-25.5718
-25.5718
-17.7582
32.6751
49.0126
-18.4685
-30.5441
42.6197
-2.13098
-84.5291
-0.710328
51.1436
-87.3704
-58.2469
31.9648
-78.8464
-80.2671
-22.0202
-122.887
-118.625
-119.335
-177.582
-51.854
-42.6197
-171.899
-165.506
-80.2671
-95.184
-198.182
-205.285
-95.8943
-71.0328
-100.867
-76.0051
-31.9648
-19.8892
-65.3502
-68.9018
-10.6549
15.6272
-12.7859
4.26197
81.6877
143.486
85.2394
11.3653
73.1638
141.355
58.2469
27.7028
151.3
139.224
152.01
185.396
132.831
167.637
120.045
29.1235
80.9774
154.141
176.872
148.459
138.514
167.637
137.804
53.9849
38.3577
93.053
103.708
122.176
190.368
183.265
132.121
159.114
132.121
146.328
142.776
73.1638
102.287
191.078
238.67
169.768
114.363
129.99
151.3
102.998
19.8892
-18.4685
32.6751
102.998
34.8061
-57.5366
-60.3779
-26.9925
-71.0328
-189.658
-175.451
-132.121
-210.257
-228.015
-172.61
-225.884
-300.469
-285.552
-210.967
-262.111
-321.068
-265.663
-298.338
-301.889
-308.282
-326.041
-218.781
-147.038
-249.325
-279.159
-169.768
-242.222
-303.31
-201.733
-194.63
-220.202
-144.907
-134.962
-151.3
-135.673
-208.836
-234.408
-169.058
-110.101
-143.486
-112.942
-36.2267
-16.3375
-40.4887
-112.232
-79.5568
-66.0605
-42.6197
53.9849
56.1159
66.7708
115.783
142.066
210.257
164.796
112.942
213.098
238.67
202.444
255.008
330.303
357.295
344.509
277.738
279.159
346.64
259.98
199.602
308.282
365.109
335.275
350.192
274.897
242.932
323.199
239.381
169.768
219.491
302.6
271.345
294.786
321.068
188.237
179.713
205.285
164.086
142.066
132.121
114.363
198.892
230.146
140.645
49.0126
61.7986
83.1084
-53.2746
-68.9018
53.2746
50.4333
-21.3098
-17.0479
-37.6474
-120.756
-197.471
-258.559
-259.27
-187.527
-203.864
-152.721
-145.617
-279.159
-264.952
-262.821
-373.633
-357.295
-225.884
-247.194
-235.829
-213.098
-310.413
-282.711
-262.111
-327.461
-276.318
-213.098
-279.869
-278.449
-222.333
-220.912
-186.816
-249.325
-306.862
-235.119
-199.602
-215.229
-213.098
-223.043
-166.927
-112.942
-191.078
-176.872
-78.1361
-117.204
-134.252
-61.7986
-90.922
-83.1084
-24.1512
36.2267
100.156
78.8464
41.199
126.438
120.756
27.7028
121.466
193.209
155.562
205.285
304.731
255.008
186.106
170.479
176.872
188.947
156.983
221.622
286.973
290.524
230.857
191.789
220.202
201.733
170.479
169.058
242.222
213.098
160.534
279.159
255.008
58.9572
147.748
198.182
83.1084
99.4459
112.942
117.204
142.066
94.4736
-9.23427
66.7708
93.053
-71.0328
-24.8615
85.2394
-6.39295
-27.7028
38.3577
-28.4131
-24.1512
-33.3854
-149.169
-117.914
-46.8817
-20.5995
-71.7431
-21.3098
11.3653
-101.577
-99.4459
-39.068
-94.4736
-103.708
4.9723
-19.8892
-27.7028
4.9723
0.710328
-74.5845
-81.6877
-103.708
-191.789
-69.6122
4.26197
-19.1789
53.9849
51.1436
-64.6399
-115.783
-133.542
-117.204
-78.8464
46.8817
110.101
41.9094
31.2544
-58.9572
-172.61
-162.665
-159.824
-164.086
-63.9295
34.0958
68.1915
9.23427
-91.6323
-127.149
-179.003
-230.857
-175.451
-48.3023
13.4962
-19.1789
49.0126
16.3375
-139.224
-169.768
-162.665
-94.4736
-24.1512
53.9849
112.232
127.859
95.184
-9.23427
-67.4812
-64.6399
-29.8338
7.10328
112.942
159.114
120.756
112.942
12.0756
-57.5366
-63.9295
5.68263
17.0479
-26.2821
164.086
217.36
56.1159
26.2821
27.7028
-36.9371
-58.2469
-35.5164
39.7784
148.459
101.577
52.5643
81.6877
-19.1789
-129.28
-164.796
-53.9849
72.4535
29.8338
2.84131
11.3653
-14.2066
-98.7356
-131.411
-149.169
-118.625
10.6549
67.4812
29.8338
12.0756
41.199
-36.9371
-41.199
-56.8263
-71.0328
20.5995
45.461
82.3981
31.9648
14.2066
57.5366
-11.3653
-66.7708
-80.9774
6.39295
73.1638
78.1361
44.0403
29.8338
100.867
43.33
-61.7986
-18.4685
97.315
61.0882
98.7356
175.451
90.922
85.9497
71.0328
29.8338
71.0328
99.4459
55.4056
85.2394
205.995
175.451
19.8892
-38.3577
62.5089
95.8943
-21.3098
-47.592
147.038
167.637
-17.0479
29.1235
49.723
-41.199
-62.5089
-118.625
-37.6474
128.569
30.5441
-80.2671
-19.8892
-17.7582
-134.962
-176.872
-132.831
-56.1159
12.7859
-37.6474
-99.4459
-75.2948
-69.6122
-127.149
-173.32
-173.32
-44.0403
-24.8615
-107.97
-53.2746
-38.3577
-133.542
-130.7
-82.3981
-92.3427
-107.97
-72.4535
7.10328
25.5718
-6.39295
-80.9774
-42.6197
-20.5995
-166.927
-85.9497
29.1235
-28.4131
4.9723
37.6474
4.26197
-41.9094
-127.149
-176.161
-17.0479
54.6953
-45.461
37.6474
104.418
-35.5164
4.26197
32.6751
-78.1361
50.4333
116.494
56.1159
107.26
72.4535
36.9371
114.363
126.438
20.5995
0
58.2469
54.6953
123.597
88.0807
83.1084
140.645
79.5568
39.068
-4.26197
-10.6549
80.9774
129.99
63.2192
90.2117
127.149
95.8943
-38.3577
-107.26
-22.0202
44.0403
47.592
12.7859
90.922
93.7633
7.10328
-27.7028
-39.7784
-37.6474
-27.7028
33.3854
144.197
122.176
28.4131
16.3375
33.3854
-45.461
-106.549
-17.7582
51.854
125.018
146.328
39.7784
7.10328
-16.3375
-115.073
-30.5441
50.4333
31.2544
90.2117
95.184
-16.3375
-32.6751
-42.6197
-152.01
-93.053
-25.5718
-40.4887
29.1235
-29.1235
-137.804
35.5164
39.7784
-223.043
-208.126
-67.4812
-5.68263
-7.81361
-83.8187
-132.121
18.4685
-9.94459
-259.98
-218.781
-14.9169
46.1713
-36.9371
-49.723
-1.42066
4.9723
-5.68263
-17.0479
-66.7708
7.81361
98.7356
-9.23427
-56.1159
42.6197
34.8061
-28.4131
0.710328
17.0479
7.10328
55.4056
33.3854
-17.0479
39.7784
78.8464
75.2948
48.3023
6.39295
-22.0202
63.2192
129.99
8.52394
-39.068
58.9572
63.9295
48.3023
0.710328
-38.3577
115.783
139.935
11.3653
12.0756
32.6751
-9.23427
-12.7859
9.23427
90.922
79.5568
-43.33
-11.3653
-18.4685
-39.068
-30.5441
-72.4535
9.23427
55.4056
-67.4812
-26.2821
68.1915
-71.0328
-127.859
4.26197
2.84131
-98.0253
-110.811
-112.232
5.68263
65.3502
-88.0807
-73.1638
-7.81361
-102.998
-122.887
-70.3225
-12.7859
-14.9169
12.7859
53.9849
-47.592
-81.6877
-81.6877
-156.272
-41.9094
96.6046
0.710328
4.26197
69.6122
-2.84131
-98.7356
-112.232
-31.9648
-7.10328
15.6272
-4.9723
29.8338
118.625
13.4962
-98.7356
-14.2066
27.7028
-102.998
-68.9018
94.4736
152.01
68.1915
33.3854
55.4056
49.723
17.0479
-77.4258
105.839
272.766
120.045
90.922
260.69
203.864
10.6549
44.7507
112.942
214.519
208.836
86.66
132.831
269.214
181.844
-16.3375
20.5995
86.66
143.486
189.658
92.3427
39.7784
139.224
153.431
14.9169
-76.0051
-17.7582
76.0051
-24.1512
-71.7431
79.5568
80.2671
-26.2821
-34.0958
-22.0202
-49.723
-102.998
-114.363
-49.723
-17.0479
-47.592
-74.5845
-68.9018
-120.045
-241.512
-210.967
-127.859
-192.499
-253.587
-145.617
0.710328
-159.114
-319.648
-287.683
-223.753
-169.058
-262.821
-316.806
-68.1915
45.461
-134.252
-207.416
-177.582
-153.431
-169.058
-125.728
-22.7305
-4.9723
-36.9371
42.6197
19.1789
-141.355
-173.32
-57.5366
-14.9169
-27.7028
-19.8892
66.7708
134.962
-29.8338
-112.942
-21.3098
24.8615
-81.6877
-76.7154
55.4056
62.5089
-7.10328
-60.3779
20.5995
33.3854
-96.6046
-52.5643
56.1159
30.5441
-33.3854
25.5718
163.375
93.7633
49.723
174.741
121.466
58.9572
115.073
132.831
198.892
213.809
127.859
191.078
257.849
150.59
90.922
176.872
194.63
138.514
255.718
321.779
218.071
171.189
183.975
205.995
231.567
163.375
134.962
261.401
324.62
217.36
129.28
132.121
104.418
73.8741
107.97
190.368
89.5013
5.68263
152.721
116.494
-58.9572
-68.9018
-22.7305
73.1638
150.59
4.26197
-65.3502
74.5845
-35.5164
-194.63
-63.9295
9.94459
-69.6122
-108.68
-95.184
-91.6323
-163.375
-271.345
-201.733
-100.867
-151.3
-201.023
-171.899
-203.154
-237.25
-153.431
-177.582
-209.547
-157.693
-184.685
-268.504
-240.091
-237.25
-290.524
-156.272
-142.066
-317.517
-227.305
-85.9497
-254.297
-330.303
-201.023
-184.685
-207.416
-122.176
-144.197
-149.879
-91.6323
-141.355
-192.499
-188.947
-135.673
-68.1915
21.3098
-14.2066
-78.1361
-12.7859
-9.94459
-75.2948
-76.7154
-58.9572
-4.9723
59.6676
66.7708
128.569
128.569
26.9925
24.1512
74.5845
61.0882
36.2267
122.887
229.436
240.801
191.789
98.7356
85.2394
97.315
104.418
205.995
257.849
213.809
259.27
296.207
259.98
219.491
164.796
203.154
274.897
238.67
227.305
232.988
220.202
245.774
246.484
188.947
100.867
144.197
174.03
171.899
188.947
178.292
193.209
148.459
142.066
119.335
29.1235
68.1915
125.018
37.6474
54.6953
120.045
-20.5995
-38.3577
68.1915
-27.7028
-136.383
-94.4736
-117.914
-147.038
-41.9094
-60.3779
-107.97
-60.3779
-114.363
-187.527
-191.078
-218.071
-204.575
-142.066
-123.597
-120.756
-164.086
-212.388
-169.768
-223.753
-286.262
-188.237
-126.438
-164.796
-135.673
-98.0253
-170.479
-194.63
-182.554
-144.907
-80.9774
-129.99
-174.741
-83.1084
9.23427
-75.2948
-173.32
-102.287
-25.5718
-30.5441
-34.8061
17.0479
67.4812
49.0126
15.6272
38.3577
79.5568
34.8061
-21.3098
19.8892
69.6122
85.9497
80.2671
87.3704
87.3704
27.7028
29.1235
49.0126
12.0756
6.39295
123.597
203.154
83.8187
1.42066
71.0328
153.431
50.4333
-51.1436
23.4408
112.942
75.2948
-11.3653
12.7859
83.8187
61.7986
-50.4333
-27.7028
53.9849
40.4887
-12.0756
19.1789
44.7507
29.1235
58.2469
14.2066
-46.1713
-35.5164
-26.9925
-19.8892
49.723
43.33
17.0479
11.3653
-56.8263
-73.1638
-25.5718
-31.9648
-63.2192
-4.26197
18.4685
39.068
14.9169
-75.2948
-21.3098
22.7305
-2.84131
-30.5441
-40.4887
39.7784
48.3023
4.26197
48.3023
2.84131
-61.0882
-11.3653
-30.5441
-73.8741
-2.84131
13.4962
-12.0756
26.2821
0.710328
-60.3779
-12.0756
28.4131
-29.8338
21.3098
88.0807
14.2066
-23.4408
0.710328
2.13098
9.94459
4.26197
-8.52394
29.1235
65.3502
24.8615
-5.68263
27.7028
35.5164
-3.55164
31.9648
125.018
93.053
51.854
70.3225
101.577
46.1713
2.13098
116.494
83.8187
30.5441
116.494
106.549
37.6474
12.7859
51.1436
110.811
47.592
-24.8615
31.2544
73.8741
9.94459
-53.2746
-36.2267
28.4131
45.461
-37.6474
-68.1915
18.4685
-9.23427
-111.522
-7.81361
45.461
-33.3854
-29.1235
0.710328
-21.3098
-80.2671
-115.783
-89.5013
-25.5718
-71.7431
-132.831
-43.33
-3.55164
-88.791
-171.189
-109.391
-46.1713
-126.438
-155.562
-80.2671
-15.6272
-102.998
-142.776
-86.66
-122.887
-139.224
-122.887
-133.542
-95.184
-86.66
-129.99
-95.8943
-72.4535
-143.486
-152.01
-103.708
-93.053
-86.66
-110.101
-144.907
-93.7633
-34.8061
-106.549
-147.748
-33.3854
19.1789
-69.6122
-63.2192
7.10328
54.6953
35.5164
8.52394
40.4887
100.156
111.522
16.3375
60.3779
115.783
54.6953
83.8187
172.61
132.121
99.4459
142.066
116.494
149.879
110.811
59.6676
134.252
241.512
240.801
107.97
121.466
157.693
121.466
124.307
125.018
129.99
202.444
203.864
150.59
171.189
137.093
111.522
125.728
156.272
119.335
75.2948
177.582
156.983
90.2117
124.307
95.184
41.199
53.9849
93.7633
91.6323
61.7986
67.4812
56.1159
6.39295
24.8615
18.4685
-0.710328
11.3653
-15.6272
-20.5995
-50.4333
-61.0882
-64.6399
-63.9295
12.0756
-10.6549
-104.418
-115.073
-98.7356
-87.3704
-66.7708
-110.811
-81.6877
-69.6122
-153.431
-174.741
-149.169
-135.673
-130.7
-149.879
-140.645
-100.156
-129.99
-200.313
-188.947
-137.804
-176.872
-183.975
-143.486
-166.217
-150.59
-95.8943
-181.134
-228.726
-149.169
-147.748
-210.257
-147.748
-34.0958
-75.2948
-156.983
-135.673
-114.363
-97.315
-125.018
-201.023
-85.9497
21.3098
-51.854
-78.1361
-26.9925
20.5995
0
-96.6046
-63.2192
58.2469
50.4333
42.6197
104.418
130.7
88.791
43.33
74.5845
100.867
76.0051
104.418
176.161
208.836
152.721
122.176
169.768
178.292
173.32
135.673
139.224
196.761
203.864
152.721
147.038
191.078
181.134
117.914
99.4459
186.106
160.534
110.811
136.383
150.59
146.328
82.3981
51.854
128.569
164.086
37.6474
19.8892
105.839
70.3225
-53.2746
-60.3779
46.1713
26.9925
-25.5718
-56.8263
-15.6272
20.5995
-67.4812
-101.577
-51.854
-36.9371
-61.0882
-85.9497
-99.4459
-82.3981
-107.26
-147.038
-115.073
-79.5568
-92.3427
-125.728
-85.2394
-39.068
-102.287
-137.093
-112.232
-80.9774
-43.33
-37.6474
-62.5089
-71.7431
-16.3375
-30.5441
-100.156
-73.1638
-9.23427
-33.3854
-33.3854
26.2821
26.2821
23.4408
-34.8061
-17.0479
45.461
24.1512
-9.94459
2.84131
56.8263
56.8263
44.0403
23.4408
46.8817
76.0051
71.7431
36.2267
36.9371
47.592
-16.3375
44.7507
73.8741
14.9169
88.791
117.914
22.7305
24.8615
50.4333
-7.81361
18.4685
50.4333
-12.0756
30.5441
82.3981
7.10328
-57.5366
-54.6953
-61.7986
-38.3577
-33.3854
-96.6046
-25.5718
52.5643
-12.7859
-111.522
-109.391
-84.5291
-100.156
-95.184
-85.2394
-40.4887
-27.7028
-78.8464
-127.859
-121.466
-123.597
-125.018
-90.2117
-80.9774
-46.1713
-11.3653
-82.3981
-113.653
-66.7708
-88.0807
-90.922
-34.8061
-49.723
-67.4812
19.1789
-8.52394
-47.592
1.42066
-31.9648
-39.068
7.81361
9.23427
10.6549
53.9849
68.9018
79.5568
88.791
50.4333
55.4056
97.315
84.5291
80.9774
146.328
165.506
116.494
115.783
125.018
98.7356
120.045
150.59
146.328
166.217
164.086
118.625
144.907
166.927
117.914
136.383
149.879
85.2394
85.9497
107.97
103.708
139.224
110.811
68.1915
54.6953
15.6272
-0.710328
21.3098
26.2821
52.5643
58.9572
28.4131
34.8061
-7.10328
-75.2948
-58.9572
-44.7507
-62.5089
-39.068
-54.6953
-63.9295
-55.4056
-95.8943
-130.7
-137.804
-127.149
-98.0253
-114.363
-152.721
-88.791
-50.4333
-125.018
-200.313
-175.451
-119.335
-120.045
-166.927
-147.748
-30.5441
-75.2948
-214.519
-164.086
-84.5291
-143.486
-156.272
-98.7356
-69.6122
-70.3225
-95.184
-81.6877
-88.0807
-125.728
-103.708
-66.7708
-54.6953
-23.4408
-4.26197
-12.0756
-19.8892
-39.7784
-39.068
-14.9169
-31.9648
-36.2267
14.9169
29.8338
4.9723
5.68263
36.2267
28.4131
-43.33
-14.9169
58.9572
31.9648
22.7305
61.0882
78.8464
51.854
36.9371
50.4333
51.854
42.6197
40.4887
68.1915
80.9774
81.6877
104.418
101.577
80.2671
81.6877
111.522
122.887
96.6046
88.791
93.053
105.839
95.184
92.3427
116.494
99.4459
52.5643
67.4812
127.149
100.867
66.0605
123.597
154.141
90.2117
68.9018
101.577
99.4459
105.129
103.708
75.2948
89.5013
120.756
85.2394
48.3023
75.2948
73.8741
36.2267
46.1713
53.9849
47.592
37.6474
25.5718
18.4685
15.6272
-1.42066
-52.5643
-66.7708
-34.0958
-35.5164
-52.5643
-55.4056
-61.0882
-69.6122
-90.2117
-105.839
-93.7633
-80.2671
-84.5291
-88.0807
-117.204
-126.438
-107.26
-107.97
-115.783
-121.466
-116.494
-118.625
-120.756
-119.335
-123.597
-129.99
-114.363
-102.287
-129.99
-136.383
-112.232
-100.867
-91.6323
-95.8943
-95.184
-77.4258
-85.9497
-88.791
-63.9295
-34.0958
-31.2544
-24.1512
2.84131
9.23427
-30.5441
-31.2544
29.8338
45.461
36.9371
28.4131
43.33
88.791
59.6676
10.6549
71.0328
107.97
77.4258
71.7431
89.5013
103.708
85.9497
58.2469
66.0605
113.653
97.315
61.0882
90.2117
115.073
80.2671
45.461
79.5568
104.418
76.7154
63.2192
78.8464
77.4258
72.4535
60.3779
30.5441
42.6197
49.0126
38.3577
56.8263
43.33
18.4685
34.8061
45.461
2.84131
-17.7582
13.4962
9.94459
-21.3098
-39.7784
-18.4685
-13.4962
-49.723
-54.6953
-36.2267
-50.4333
-72.4535
-62.5089
-41.9094
-40.4887
-62.5089
-46.8817
-26.9925
-68.1915
-91.6323
-73.8741
-72.4535
-73.8741
-61.7986
-62.5089
-58.9572
-45.461
-66.0605
-76.7154
-58.2469
-62.5089
-73.8741
-61.0882
-32.6751
-36.9371
-44.7507
-34.0958
-41.9094
-36.9371
-34.8061
-44.7507
-26.2821
-17.0479
-14.2066
-4.9723
-9.94459
-13.4962
1.42066
8.52394
-12.0756
-1.42066
31.9648
25.5718
14.2066
34.0958
53.2746
57.5366
44.7507
33.3854
63.9295
76.0051
43.33
57.5366
93.7633
99.4459
88.791
90.2117
109.391
115.783
94.4736
76.0051
100.867
112.232
86.66
74.5845
95.184
106.549
80.9774
68.1915
94.4736
92.3427
67.4812
80.9774
93.7633
84.5291
73.1638
61.7986
64.6399
54.6953
18.4685
17.0479
28.4131
7.10328
-3.55164
2.13098
7.10328
-13.4962
-30.5441
-22.7305
-34.0958
-56.8263
-58.9572
-59.6676
-60.3779
-57.5366
-76.7154
-78.8464
-69.6122
-82.3981
-100.156
-111.522
-104.418
-109.391
-137.804
-139.935
-126.438
-142.776
-154.141
-146.328
-156.272
-154.141
-158.403
-163.375
-144.197
-139.935
-143.486
-134.252
-117.914
-117.204
-120.045
-126.438
-119.335
-99.4459
-99.4459
-107.26
-98.7356
-71.7431
-62.5089
-70.3225
-47.592
-23.4408
-31.2544
-19.8892
-9.23427
-0.710328
21.3098
17.0479
21.3098
53.2746
65.3502
48.3023
58.9572
89.5013
91.6323
88.791
98.0253
102.998
110.811
125.728
119.335
122.887
142.776
135.673
134.962
158.403
164.796
168.348
180.423
191.078
205.285
