SAMPLES: 9777
BITSPERSAMPLE:	16
CHANNELS:	1
SAMPLERATE:	16000
NORMALIZED:	FALSE
182.554
-443.955
-350.902
265.663
-9.23427
-432.59
162.665
600.227
125.018
-159.114
-26.2821
-65.3502
-198.182
-58.9572
79.5568
180.423
176.872
110.811
114.363
-86.66
-265.663
-330.303
95.184
377.895
34.8061
233.698
512.857
17.7582
-294.076
-174.741
26.9925
78.1361
-106.549
195.34
549.794
270.635
-356.585
-421.225
16.3375
-181.844
-279.159
235.829
166.217
189.658
420.514
-257.139
-344.509
205.995
-307.572
-517.829
245.063
316.096
-106.549
4.26197
187.527
-236.539
-400.625
-220.912
-257.849
-27.7028
150.59
82.3981
77.4258
119.335
70.3225
-99.4459
-280.58
-377.895
-183.975
354.454
141.355
-188.947
314.675
197.471
-425.487
-362.267
-58.9572
-73.1638
208.836
196.761
143.486
618.696
120.045
-549.084
-174.741
82.3981
-3.55164
68.9018
175.451
291.235
543.401
-16.3375
-656.343
-78.1361
155.562
-259.98
9.23427
525.643
328.172
150.59
92.3427
-261.401
-220.912
-26.2821
-72.4535
162.665
380.026
231.567
-19.1789
-123.597
-174.741
-235.829
-46.1713
-141.355
-137.804
313.965
164.796
-135.673
17.7582
5.68263
-375.053
-29.8338
218.781
-287.683
96.6046
348.061
-181.134
-52.5643
235.829
-361.557
-378.605
139.935
-156.272
-34.0958
252.167
-13.4962
-70.3225
-17.7582
-155.562
-129.99
-26.2821
-90.922
205.285
298.338
-28.4131
63.9295
24.1512
-160.534
-66.0605
-179.713
-41.9094
222.333
127.149
96.6046
34.0958
-39.068
-128.569
-184.685
23.4408
68.1915
102.998
235.829
142.776
-31.2544
32.6751
-58.2469
-291.945
77.4258
159.114
33.3854
246.484
90.2117
-210.967
-66.0605
73.8741
-229.436
-180.423
69.6122
120.045
133.542
71.0328
12.0756
-134.962
-90.2117
80.2671
-76.7154
-139.224
166.217
188.237
58.2469
110.811
-59.6676
-242.932
-45.461
-26.9925
-242.222
39.068
224.464
7.81361
-19.1789
-104.418
-97.315
-119.335
-210.967
-34.8061
130.7
277.028
82.3981
-93.7633
66.0605
-99.4459
-277.028
41.199
129.28
-9.23427
126.438
137.093
-1.42066
-154.141
-218.071
-78.8464
84.5291
16.3375
98.0253
183.265
88.0807
171.899
-122.176
-362.267
58.2469
289.814
-68.1915
-110.811
255.718
294.076
-121.466
-340.958
-63.2192
56.1159
-86.66
-80.9774
160.534
156.272
92.3427
125.018
-218.781
-177.582
183.265
-55.4056
-117.914
183.265
291.235
20.5995
-98.7356
64.6399
-176.161
-198.892
24.8615
91.6323
87.3704
93.7633
71.7431
-80.2671
-80.9774
-228.015
-164.796
39.7784
-81.6877
96.6046
299.048
24.8615
-132.121
16.3375
-130.7
-202.444
22.0202
53.9849
69.6122
148.459
17.0479
-52.5643
-22.0202
-230.857
-323.199
-3.55164
166.927
19.1789
112.232
179.003
79.5568
-13.4962
-272.766
-245.063
60.3779
94.4736
42.6197
242.222
274.897
-44.0403
-135.673
-151.3
-254.297
-80.2671
115.783
122.887
250.746
308.282
-7.81361
-179.003
-126.438
-174.03
-98.7356
121.466
205.995
338.116
218.781
-102.287
-51.854
-203.154
-346.64
-36.9371
201.023
70.3225
138.514
343.799
-88.791
-303.31
-76.0051
-171.189
-132.831
186.106
207.416
142.776
175.451
-74.5845
-166.927
-139.935
-203.864
-198.182
-26.2821
247.194
91.6323
1.42066
12.0756
-176.161
-246.484
-201.023
-20.5995
86.66
117.204
85.9497
107.97
9.94459
-241.512
-168.348
-88.0807
-107.97
89.5013
212.388
9.23427
71.7431
50.4333
-233.698
-71.0328
101.577
27.7028
32.6751
175.451
162.665
-15.6272
-29.1235
1.42066
3.55164
-19.8892
9.23427
128.569
149.169
86.66
-8.52394
-15.6272
31.9648
-31.2544
3.55164
149.169
127.859
119.335
112.942
0.710328
31.2544
19.1789
-69.6122
-26.9925
30.5441
44.7507
41.199
62.5089
19.1789
-56.8263
-44.7507
-46.1713
-76.7154
-16.3375
51.854
49.723
72.4535
39.068
-58.9572
-95.184
-136.383
-179.003
-83.1084
39.7784
-26.2821
4.26197
63.2192
-115.783
-188.947
-132.121
-96.6046
-112.232
-66.7708
85.9497
69.6122
-53.9849
-112.942
-137.804
-165.506
-206.705
-90.922
43.33
43.33
108.68
72.4535
-58.9572
-117.914
-134.252
-127.859
-79.5568
68.9018
110.811
71.0328
62.5089
31.2544
-66.7708
-180.423
-107.97
6.39295
68.9018
139.935
168.348
61.7986
-44.7507
-43.33
-139.935
-144.907
25.5718
105.839
102.287
134.252
181.844
48.3023
-103.708
-57.5366
9.94459
34.0958
98.7356
177.582
167.637
106.549
2.13098
-61.0882
0.710328
56.1159
61.0882
154.141
218.781
145.617
138.514
70.3225
-9.94459
87.3704
142.776
110.811
165.506
221.622
156.272
54.6953
16.3375
-9.23427
-6.39295
53.2746
47.592
50.4333
102.998
46.8817
-33.3854
-50.4333
-72.4535
-40.4887
-39.7784
-41.199
71.7431
91.6323
19.8892
-1.42066
-11.3653
-35.5164
-42.6197
-34.8061
-57.5366
-24.8615
-14.9169
-58.9572
-61.7986
-64.6399
-75.2948
-73.8741
-114.363
-122.176
-36.9371
-76.0051
-142.066
-109.391
-116.494
-156.983
-161.955
-131.411
-144.907
-151.3
-134.252
-195.34
-242.222
-200.313
-182.554
-246.484
-250.746
-183.265
-152.01
-190.368
-250.036
-287.683
-316.096
-322.489
-331.013
-254.297
-190.368
-270.635
-326.041
-321.068
-285.552
-272.766
-264.242
-198.182
-165.506
-165.506
-126.438
-58.9572
3.55164
139.224
289.814
477.341
670.55
672.681
599.517
680.494
779.94
764.313
899.275
1125.16
1177.72
1093.2
982.384
862.338
670.55
502.912
529.194
641.426
661.316
706.066
723.824
554.056
323.199
138.514
35.5164
40.4887
138.514
190.368
153.431
68.9018
-80.9774
-279.869
-425.487
-448.217
-435.431
-376.474
-270.635
-232.277
-301.179
-390.68
-427.618
-361.557
-247.194
-161.244
-70.3225
-62.5089
-193.92
-367.95
-437.562
-470.948
-609.462
-707.487
-676.943
-703.225
-840.318
-978.832
-1121.61
-1279.3
-1437.7
-1481.74
-1320.5
-1086.8
-1002.98
-1083.96
-1184.12
-1231
-1314.82
-1383.72
-1228.87
-1020.03
-904.248
-836.767
-821.85
-790.595
-775.678
-872.283
-935.502
-765.023
-399.915
34.0958
647.819
1432.73
1846.14
1505.19
1061.94
1160.68
1492.4
1765.88
2145.19
2826.4
3254.72
2896.01
2233.27
1743.86
1322.63
944.736
1017.9
1539.28
2024.44
2042.9
1613.16
1105.27
556.187
14.9169
-285.552
-238.67
39.068
259.98
216.65
-12.0756
-306.862
-724.535
-1164.94
-1275.04
-902.827
-423.356
-124.307
61.7986
57.5366
-152.01
-272.056
-88.791
306.862
747.265
1084.67
1247.34
1260.83
1124.45
986.646
868.731
708.197
630.771
706.066
769.285
537.008
135.673
-334.565
-892.883
-1267.23
-1321.21
-1263.67
-1286.4
-1383.72
-1642.99
-2022.3
-2268.08
-2310.7
-2207.7
-2019.46
-1748.12
-1478.19
-1356.02
-1370.93
-1358.15
-1324.76
-1343.23
-1180.57
-770.706
-459.582
-380.736
-272.056
-144.197
-213.809
-401.335
-473.789
-354.454
-250.036
-208.126
-151.3
-190.368
-409.859
-753.658
-1028.56
-1205.43
-1226.03
-1146.47
-1200.45
-1204.72
-951.84
-706.777
-811.905
-588.862
424.776
1337.55
1121.61
527.774
1008.67
1810.63
1865.32
1841.17
2641
3372.64
2976.99
2226.17
2071.32
2184.97
1900.13
1627.36
1937.06
2445.66
2334.85
1699.82
1211.82
913.482
493.678
-34.8061
-144.907
231.567
443.245
98.0253
-213.809
-251.456
-476.63
-922.006
-1044.89
-580.338
-112.942
-3.55164
15.6272
179.713
180.423
3.55164
87.3704
522.802
1025.71
1338.97
1475.35
1455.46
1392.24
1275.04
1065.49
869.442
831.794
885.069
746.555
441.114
180.423
-122.176
-698.253
-1196.9
-1359.57
-1402.9
-1485.3
-1579.06
-1630.91
-1801.39
-2062.08
-2153
-2097.6
-2046.46
-1882.37
-1662.88
-1559.17
-1459.72
-1299.19
-1190.51
-1146.47
-984.515
-716.011
-603.069
-649.24
-684.756
-722.404
-784.202
-733.059
-491.547
-289.814
-438.272
-787.754
-1021.45
-1147.18
-1255.86
-1277.17
-1145.76
-1013.64
-1113.79
-1391.53
-1630.2
-1677.8
-1471.09
-1343.94
-1069.04
65.3502
1351.75
1302.74
216.65
56.1159
873.704
1228.16
1225.32
2099.73
3398.21
3405.31
2399.49
1763.74
1809.92
1670.69
1409.29
1925.7
2877.54
3225.6
2611.88
1718.99
1129.42
719.562
299.758
237.96
797.699
1316.24
1105.98
485.864
56.1159
-209.547
-603.069
-865.18
-413.411
397.073
711.038
541.27
446.796
343.799
48.3023
59.6676
557.608
1170.62
1643.7
1934.93
1918.6
1541.41
1194.77
1135.1
1134.39
1068.33
1134.39
1160.68
802.671
303.31
-196.051
-750.817
-1248.76
-1459.72
-1401.48
-1416.39
-1601.79
-1891.6
-2268.79
-2597.67
-2642.42
-2449.21
-2253.16
-2138.8
-2022.3
-1964.06
-2017.33
-1983.95
-1788.61
-1555.62
-1378.04
-1137.24
-898.565
-884.359
-1039.92
-1130.84
-1114.5
-1129.42
-977.412
-731.638
-682.625
-767.154
-957.522
-1206.85
-1435.57
-1353.18
-1112.37
-1186.96
-1297.77
-1038.5
-656.343
-819.719
-964.626
-108.68
1128
1382.3
485.864
274.897
1180.57
1673.53
1431.31
1652.22
2784.49
3184.4
2287.97
1471.8
1549.94
1767.3
1429.89
1451.2
2275.18
2806.51
2171.47
1157.83
818.298
744.424
385.708
132.831
445.376
931.951
795.568
244.353
-41.9094
-88.791
-298.338
-562.58
-242.932
454.61
769.996
581.759
340.958
363.688
405.597
452.479
802.671
1350.33
1714.73
1706.21
1608.89
1579.06
1508.74
1380.17
1297.06
1383.01
1330.44
1069.04
763.603
433.3
52.5643
-518.54
-1007.25
-1138.66
-1062.65
-1110.24
-1370.22
-1640.86
-2000.28
-2300.04
-2264.53
-1991.76
-1768.01
-1754.51
-1785.05
-1831.23
-1868.87
-1778.66
-1594.69
-1433.44
-1315.53
-1140.79
-1032.11
-1082.54
-1168.49
-1252.31
-1329.73
-1443.39
-1373.06
-1183.41
-1162.81
-1335.42
-1487.43
-1492.4
-1550.65
-1629.49
-1605.34
-1238.81
-809.064
-657.764
-809.774
-524.222
650.661
1435.57
870.862
-31.9648
492.257
1532.18
1565.56
1319.08
2037.93
2835.63
2155.14
1036.37
919.875
1396.51
1294.93
1019.32
1486.01
2153.72
1983.95
1068.33
424.066
429.749
491.547
267.083
343.089
799.119
914.192
306.862
-257.139
-166.217
78.1361
0
47.592
659.895
1135.81
1000.85
671.26
718.852
976.701
1128.71
1400.06
1764.46
2025.86
2067.05
1886.63
1567.69
1527.92
1819.86
1860.35
1435.57
1154.99
1187.67
811.195
167.637
-131.411
-176.161
-470.948
-908.51
-1167.07
-1338.26
-1559.17
-1890.18
-2116.07
-2086.23
-1924.99
-1912.91
-2006.68
-1935.64
-1809.92
-1812.05
-1858.22
-1695.55
-1307.71
-1051.29
-1113.79
-1164.94
-1098.88
-1124.45
-1221.76
-1194.06
-1118.77
-1206.85
-1326.89
-1412.84
-1559.88
-1802.1
-1871
-1725.39
-1656.49
-1562.01
-1267.23
-966.757
-1103.14
-1362.41
-715.3
769.996
1616
923.427
142.776
755.789
1650.8
1440.55
1050.58
1981.82
2984.8
2292.23
1069.04
988.777
1409.29
997.301
534.167
1194.77
2072.03
1720.41
492.257
-120.756
-19.1789
-129.28
-436.852
-241.512
323.199
328.172
-363.688
-796.988
-572.525
-343.799
-465.265
-335.275
377.184
998.011
985.225
703.935
802.671
1130.84
1289.96
1527.21
2060.66
2584.88
2591.99
2168.63
1877.4
2003.84
2260.26
2106.12
1703.37
1552.78
1508.03
1108.82
564.001
366.529
245.063
-232.988
-806.222
-1029.27
-1020.74
-1216.08
-1558.46
-1737.46
-1714.73
-1741.01
-1898.71
-1949.14
-1804.94
-1608.18
-1545.67
-1522.23
-1327.6
-1097.46
-1034.95
-1067.62
-1026.42
-942.605
-979.543
-1076.86
-1115.93
-1202.59
-1378.04
-1517.26
-1625.23
-1840.46
-2011.65
-1936.35
-1810.63
-1718.28
-1510.87
-1342.52
-1487.43
-1440.55
-352.323
1058.39
1186.25
174.741
-83.8187
890.752
1467.54
1189.8
1418.53
2543.69
2879.67
1807.07
937.633
1158.55
1494.53
1233.84
1253.73
2015.2
2412.27
1603.92
431.169
38.3577
199.602
122.176
-110.811
-47.592
96.6046
-251.456
-980.963
-1332.58
-1105.98
-855.235
-900.696
-875.835
-518.54
-208.836
-286.262
-444.665
-174.741
405.597
839.608
1123.03
1505.19
1839.04
1722.55
1389.4
1557.75
2186.39
2462
2109.67
1726.1
1576.22
1330.44
925.558
765.023
884.359
710.328
90.922
-429.749
-559.028
-685.467
-1026.42
-1253.73
-1198.32
-1194.06
-1408.58
-1617.42
-1674.24
-1664.3
-1662.17
-1582.61
-1365.96
-1122.32
-1007.96
-1050.58
-1084.67
-1008.67
-891.462
-843.87
-855.945
-828.953
-828.953
-998.011
-1276.46
-1425.63
-1407.16
-1391.53
-1279.3
-993.749
-852.394
-1091.77
-1289.96
-591.703
751.527
1272.2
425.487
-290.524
491.547
1562.01
1495.95
1203.3
1961.22
2668.7
1826.25
598.807
623.668
1277.17
1201.16
906.379
1503.76
2223.33
1691.29
389.97
-132.831
397.784
842.449
716.721
618.696
769.285
512.147
-370.081
-872.993
-495.809
-43.33
-265.663
-620.827
-394.942
-115.073
-458.872
-914.192
-652.081
-2.84131
261.401
293.366
465.265
617.275
506.464
328.172
525.643
1044.89
1410.71
1229.58
700.384
350.192
242.932
156.983
91.6323
192.499
158.403
-342.378
-902.117
-1070.46
-961.074
-917.744
-951.129
-922.716
-926.978
-1010.09
-1083.25
-1075.44
-1080.41
-1110.95
-1010.8
-806.933
-662.026
-682.625
-860.207
-1044.89
-1110.24
-962.495
-733.059
-706.777
-868.731
-1059.1
-1241.65
-1403.61
-1408.58
-1224.61
-993.039
-767.154
-649.95
-772.837
-1032.11
-835.346
391.391
1724.68
1624.52
373.633
123.597
1359.57
2059.24
1584.03
1648.67
2785.91
2935.08
1541.41
759.341
1397.22
1778.66
1208.98
1193.35
2158.69
2427.9
1224.61
-26.2821
-112.232
405.597
644.268
615.855
568.263
364.398
-276.318
-965.336
-892.172
-129.28
384.998
176.872
-125.728
-15.6272
99.4459
-137.804
-259.27
183.265
790.595
1022.16
900.696
743.003
724.535
702.515
524.222
529.194
971.729
1336.13
929.82
44.7507
-471.658
-541.27
-568.973
-593.124
-509.305
-642.137
-1226.74
-1878.82
-2116.07
-1905.81
-1634.47
-1571.25
-1591.14
-1601.08
-1678.51
-1801.39
-1768.01
-1444.81
-1093.91
-992.328
-973.86
-826.112
-794.147
-1036.37
-1166.36
-916.323
-645.688
-723.114
-934.792
-1010.09
-1064.07
-1271.49
-1450.49
-1457.59
-1361.7
-1082.54
-699.673
-544.822
-809.064
-884.359
55.4056
1557.75
1990.34
922.006
358.005
1442.68
2457.03
2083.39
1841.88
2987.64
3642.56
2271.63
811.195
1233.84
2221.91
1946.3
1422.08
2020.88
2525.93
1479.61
6.39295
-98.0253
767.865
1120.19
765.023
491.547
442.534
19.8892
-784.913
-1044.18
-348.061
367.95
245.063
-164.086
-61.7986
178.292
-49.723
-245.063
332.434
1197.61
1461.86
1281.43
1225.32
1259.41
1092.48
971.019
1271.49
1786.48
1893.02
1210.4
214.519
-308.993
-326.041
-388.55
-597.386
-716.721
-1020.74
-1837.62
-2670.12
-2829.24
-2511.01
-2373.21
-2425.06
-2316.38
-2170.76
-2285.84
-2498.22
-2363.26
-1831.23
-1277.88
-965.336
-841.739
-771.416
-825.401
-967.467
-922.716
-545.532
-213.809
-342.378
-703.225
-982.384
-1202.59
-1466.83
-1550.65
-1444.81
-1429.18
-1412.84
-1280.01
-1193.35
-1390.82
-1383.72
-406.308
1037.08
1454.04
401.335
-220.202
877.966
2163.66
2076.29
1704.79
2659.47
3540.28
2523.8
1026.42
1221.05
2304.3
2276.6
1728.23
2174.31
2766.02
1885.92
286.973
-17.0479
956.102
1508.74
1081.83
586.021
475.21
132.831
-587.441
-809.774
-139.224
557.608
406.308
-130.7
-147.038
120.045
2.84131
-108.68
531.325
1498.08
1786.48
1480.32
1417.1
1701.24
1782.92
1625.23
1878.11
2567.13
2807.22
2046.46
962.495
506.464
546.242
495.809
273.476
12.0756
-561.159
-1555.62
-2339.82
-2427.19
-2249.61
-2423.64
-2770.28
-2887.48
-2932.23
-3103.42
-3163.8
-2869.73
-2389.54
-1986.79
-1730.36
-1642.28
-1611.02
-1506.61
-1299.19
-993.749
-618.696
-399.915
-578.917
-1000.85
-1256.57
-1243.78
-1272.91
-1434.86
-1520.81
-1488.14
-1528.63
-1653.64
-1691.29
-1764.46
-1691.29
-766.444
590.993
691.86
-725.245
-1228.16
347.35
1723.26
1356.73
1070.46
2311.41
3036.65
1703.37
426.907
1227.45
2603.35
2538
2008.1
2475.49
2876.12
1823.41
436.141
570.394
1772.27
2139.51
1315.53
566.132
494.388
323.91
-313.965
-497.23
209.547
763.603
230.146
-585.31
-497.23
92.3427
130.7
-60.3779
520.671
1473.22
1616.71
1126.58
1235.97
1986.79
2380.31
2286.55
2555.76
3229.15
3335.7
2582.75
1851.12
1849.69
2123.88
1972.58
1469.67
983.094
358.716
-562.58
-1235.97
-1273.62
-1214.66
-1662.17
-2328.46
-2732.63
-2964.91
-3207.13
-3288.82
-3087.8
-2824.98
-2657.34
-2567.84
-2548.66
-2528.06
-2356.16
-2025.15
-1625.94
-1288.54
-1169.91
-1382.3
-1691.29
-1728.94
-1536.44
-1454.75
-1630.2
-1787.9
-1851.83
-1869.58
-1814.89
-1700.53
-1742.44
-1696.26
-764.313
431.169
180.423
-1424.92
-1673.53
199.602
1434.15
721.693
332.434
1551.36
1949.85
393.522
-549.794
735.9
2105.41
1771.56
1219.63
1800.68
2178.58
1218.21
324.62
968.177
2305.73
2514.56
1546.38
738.031
752.948
890.752
588.862
493.678
1020.74
1309.85
522.091
-390.68
-171.189
651.371
745.134
424.066
855.235
1647.96
1551.36
846.001
1026.42
2096.89
2660.89
2322.06
2211.96
2731.21
2998.3
2533.74
2033.67
2123.88
2367.52
2178.58
1700.53
1362.41
1004.4
381.446
-126.438
-146.328
-191.078
-771.416
-1517.26
-1866.74
-1890.18
-1976.13
-2128.14
-2233.98
-2339.82
-2495.38
-2520.24
-2325.61
-2079.13
-1934.22
-1853.25
-1759.48
-1635.89
-1564.14
-1659.33
-1749.54
-1677.8
-1578.35
-1674.95
-1868.16
-2069.19
-2337.69
-2426.48
-2084.81
-1667.14
-1808.5
-2306.44
-1941.33
-493.678
282
-902.117
-2354.03
-1503.76
581.759
956.812
-149.169
2.13098
1264.38
813.326
-1044.89
-1130.84
864.469
1791.45
752.948
233.698
1133.68
1400.06
297.628
-177.582
1061.23
2256
1748.12
515.698
259.27
846.001
927.689
551.925
800.54
1505.19
1348.2
231.567
-249.325
494.388
1121.61
849.552
662.026
1212.53
1568.4
1095.33
752.948
1467.54
2524.51
2655.92
2020.88
1879.53
2476.91
2777.38
2411.56
2323.48
2832.08
2868.31
1979.68
1266.52
1353.89
1440.55
1049.15
724.535
735.9
426.907
-510.726
-1368.09
-1415.68
-959.653
-837.477
-1233.84
-1703.37
-1913.62
-2018.75
-2121.04
-1912.2
-1329.73
-980.963
-1336.13
-1824.12
-1687.03
-1272.2
-1289.25
-1537.15
-1468.25
-1378.04
-1694.13
-2082.68
-2136.67
-2055.69
-2139.51
-2160.82
-1996.02
-1821.99
-1983.24
-2007.39
-1003.69
251.456
-89.5013
-1869.58
-2025.15
93.053
1295.64
132.121
-613.724
660.605
1010.8
-850.263
-1825.54
-172.61
1206.85
325.33
-571.104
191.789
755.079
-253.587
-1012.22
-42.6197
1307.71
1287.11
317.517
-196.761
158.403
580.338
583.89
665.577
1145.05
1336.13
637.164
-64.6399
309.703
1283.56
1554.2
1144.34
1079.7
1492.4
1518.68
1101.72
1241.65
2156.56
2770.99
2397.36
1940.62
2190.65
2498.22
2113.94
1797.84
2417.25
3011.79
2338.4
1104.56
828.953
1268.65
1213.95
696.122
546.242
562.58
-63.9295
-1059.1
-1402.9
-951.129
-644.978
-1027.13
-1571.96
-1667.85
-1622.39
-1893.73
-2000.28
-1341.1
-573.945
-785.623
-1630.2
-1827.67
-1271.49
-970.308
-1151.44
-1120.9
-895.013
-1193.35
-1916.47
-2162.95
-1809.92
-1638.73
-1986.79
-2251.03
-1989.63
-1640.15
-1785.05
-2162.95
-1497.37
198.892
795.568
-933.371
-2393.81
-842.449
1566.98
1432.73
-138.514
201.733
1489.56
583.179
-1401.48
-1047.02
1047.02
1424.92
69.6122
-216.65
778.52
652.792
-729.507
-939.764
686.887
1915.76
1167.78
-307.572
-644.978
53.2746
397.073
291.235
679.784
1329.02
887.91
-448.217
-734.479
566.842
1554.91
1108.82
595.965
1102.43
1574.09
1037.08
647.819
1542.83
2651.66
2464.13
1646.54
1787.19
2533.74
2407.3
1606.05
1628.78
2560.73
2833.5
1903.68
1014.35
983.094
1135.1
796.988
447.507
492.968
327.461
-425.487
-1076.15
-1019.32
-746.555
-901.406
-1330.44
-1569.83
-1529.34
-1436.28
-1476.77
-1531.47
-1361.7
-1061.94
-1020.03
-1277.17
-1408.58
-1287.82
-1199.03
-1167.78
-970.308
-821.85
-1198.32
-1856.8
-2086.94
-1759.48
-1556.33
-1849.69
-2259.55
-2351.19
-2147.32
-1911.49
-1850.4
-1668.56
-616.565
507.885
-117.914
-2047.17
-2025.86
603.779
2177.16
882.228
-320.358
749.396
1358.86
-283.421
-1344.65
315.386
2040.77
1234.55
-157.693
240.091
1092.48
455.32
-416.252
382.157
1898
1856.09
281.29
-762.182
-224.464
726.666
873.704
642.847
761.472
782.071
-28.4131
-847.422
-246.484
1280.72
1721.84
803.381
267.083
805.512
1152.15
772.837
1010.09
2236.82
2795.85
1833.36
1062.65
1821.28
2709.19
2265.24
1505.9
1981.11
2775.96
2306.44
1189.8
841.739
1071.17
858.787
448.927
517.829
602.358
-109.391
-1074.73
-1128
-510.016
-367.95
-970.308
-1517.97
-1503.76
-1303.45
-1372.35
-1478.9
-1334
-1253.02
-1531.47
-1741.01
-1409.29
-1016.48
-1182.7
-1544.25
-1419.95
-1132.26
-1290.67
-1569.83
-1479.61
-1373.06
-1708.34
-2055.69
-1949.85
-1814.18
-2128.14
-2384.57
-2167.92
-1811.34
-1790.03
-1865.32
-1064.78
288.393
334.565
-1562.72
-2572.1
-533.456
1887.34
1439.12
-264.242
255.008
1598.24
568.263
-1190.51
-209.547
2190.65
2302.88
720.273
617.275
1734.62
1503.05
280.58
537.008
2252.45
2942.89
1655.77
125.018
71.0328
953.26
1204.72
896.434
1004.4
1184.12
371.502
-827.532
-534.877
1064.78
1641.57
604.489
-75.2948
581.048
1114.5
718.142
686.177
1727.52
2459.87
1743.86
853.814
1240.94
2121.75
2107.54
1506.61
1530.05
1967.61
1596.11
639.295
468.817
1091.77
1179.86
416.252
-110.811
-17.7582
-49.0126
-524.222
-787.754
-479.472
-407.018
-972.439
-1618.84
-1750.25
-1449.78
-1314.11
-1481.03
-1629.49
-1618.13
-1712.6
-1959.09
-1920.73
-1488.14
-1122.32
-1219.63
-1587.58
-1694.13
-1525.07
-1381.59
-1334
-1281.43
-1235.26
-1390.11
-1747.41
-2011.65
-1920.73
-1668.56
-1688.45
-2055.69
-2290.81
-2057.82
-1719.7
-1888.76
-1765.88
-343.089
782.782
-549.084
-2878.96
-2223.33
972.439
2259.55
690.439
85.9497
1646.54
1736.04
-311.834
-529.905
2255.29
3954.4
2431.45
906.379
1765.88
2723.4
1841.17
1145.05
2442.82
3810.91
2919.45
851.683
174.741
1238.81
2045.03
1674.95
1224.61
1342.52
1091.06
-56.8263
-693.991
387.129
1833.36
1579.06
188.237
-209.547
522.091
684.756
201.733
659.895
1893.02
1819.86
280.58
-336.696
780.651
1664.3
1142.21
661.316
1307
1731.07
826.112
-165.506
249.325
1295.64
1383.01
630.771
112.942
-56.1159
-461.713
-926.268
-787.044
-244.353
-288.393
-1278.59
-2236.11
-2206.28
-1642.99
-1486.72
-1729.65
-1831.94
-1912.91
-2364.68
-2695.7
-2258.13
-1532.18
-1460.43
-1916.47
-2145.19
-2098.31
-2165.08
-2181.42
-1827.67
-1390.11
-1380.88
-1813.47
-2242.51
-2367.52
-2261.68
-2003.13
-1797.84
-1772.98
-1944.17
-2312.83
-2611.17
-2442.82
-1709.05
-1083.25
-306.151
750.107
681.915
-1264.38
-2422.22
-22.7305
3231.28
3350.62
1417.82
1415.68
2797.98
2217.64
764.313
1887.34
4475.07
4556.76
2505.33
1922.86
3040.91
3106.98
2077
2325.61
3881.23
4154.71
2346.21
640.006
861.628
2132.41
2658.05
2253.87
1725.39
1297.77
418.383
-559.028
-310.413
1211.11
2003.13
812.615
-882.938
-1171.33
-407.018
-22.0202
80.9774
652.081
1108.11
375.053
-742.293
-456.031
922.006
1503.76
858.787
430.459
774.258
882.938
422.645
177.582
420.514
450.348
69.6122
-218.781
-263.532
-609.462
-1270.07
-1380.88
-897.855
-784.913
-1498.79
-2332.72
-2509.59
-2178.58
-1893.02
-1889.47
-2079.84
-2391.67
-2782.36
-2998.3
-2794.43
-2286.55
-2082.68
-2509.59
-3050.15
-3067.2
-2620.4
-2292.94
-2199.89
-2087.65
-1969.03
-2050.72
-2102.57
-1810.63
-1397.22
-1201.88
-1195.48
-1164.23
-1088.93
-1043.47
-991.618
-849.552
-662.736
-462.424
-139.935
39.068
110.811
1086.09
2520.95
2286.55
242.932
-231.567
2353.32
4412.56
3270.35
1704.08
2774.54
3987.78
2481.89
914.903
2472.65
4695.98
3955.82
1954.11
2167.92
3513.28
3002.56
1569.11
2017.33
3730.64
3697.97
1604.63
215.94
934.792
1976.84
1616.71
708.197
586.731
615.144
-413.411
-1572.67
-995.88
632.192
792.726
-704.646
-1517.26
-762.182
-139.935
-522.091
-447.507
740.162
1222.47
-40.4887
-1069.04
-174.03
1172.04
1008.67
52.5643
12.0756
527.064
179.713
-703.935
-544.111
458.872
492.257
-676.943
-1415.68
-958.943
-586.731
-1162.1
-1717.57
-1456.17
-1249.47
-2072.74
-3018.18
-2859.07
-2155.85
-2206.28
-2873.28
-3040.91
-2729.79
-2846.28
-3254.01
-3046.6
-2328.46
-2096.89
-2493.25
-2655.21
-2226.88
-1721.84
-1534.31
-1338.26
-912.061
-569.683
-577.497
-673.391
-289.814
514.278
1010.8
797.699
473.789
735.9
1137.24
1027.84
838.898
1126.58
1376.62
926.978
351.612
355.164
616.565
565.421
512.147
1455.46
2669.41
2100.44
-268.504
-1301.32
889.331
3451.48
3187.24
1447.65
1441.26
2346.21
1410
-100.156
970.308
3437.99
3464.98
1239.52
466.686
1784.34
2190.65
1020.74
948.998
2683.62
3377.61
1593.27
-246.484
194.63
1677.08
1890.89
1142.21
946.867
1003.69
7.10328
-1348.2
-1008.67
870.862
1573.38
14.9169
-1579.06
-1434.86
-659.185
-742.293
-821.85
110.101
575.366
-890.752
-2501.78
-1807.79
53.2746
308.993
-907.089
-1372.35
-834.636
-950.419
-1765.88
-1647.25
-561.87
-243.643
-1159.26
-1873.85
-1560.59
-1189.09
-1572.67
-1935.64
-1463.28
-917.744
-1348.2
-2261.68
-2385.28
-1660.04
-1225.32
-1490.27
-1655.77
-1377.33
-1350.33
-1760.19
-1716.86
-863.759
-127.859
-299.758
-790.595
-719.562
-269.925
16.3375
250.746
698.963
1017.9
782.071
290.524
346.64
1101.72
1748.12
1672.82
1301.32
1243.78
1370.22
1208.98
978.832
1270.78
1719.7
1433.44
672.681
386.419
465.265
171.189
-335.985
-363.688
-229.436
-739.452
-1536.44
-1143.63
539.849
1201.16
-573.235
-2660.89
-2013.07
532.746
1578.35
717.431
664.867
1837.62
1510.87
-382.157
-296.917
2525.22
4185.96
2757.49
1262.25
1962.64
2782.36
2012.36
1596.11
2997.58
4100.72
2813.61
652.081
195.34
1253.73
1819.86
1338.97
751.527
370.081
-540.56
-1977.55
-2458.45
-1218.21
-75.2948
-1072.6
-3153.86
-3769.71
-2840.6
-2388.12
-2704.93
-2229.01
-1255.15
-1808.5
-3411.71
-3279.59
-1196.9
-9.23427
-798.409
-1485.3
-853.814
-316.806
-699.673
-706.066
313.965
990.908
404.177
-320.358
14.2066
717.431
666.288
339.537
583.179
944.736
647.109
26.9925
-55.4056
380.026
425.487
-76.7154
-204.575
137.093
61.7986
-495.809
-635.744
-55.4056
397.784
140.645
-155.562
119.335
443.245
375.053
328.882
585.31
820.429
681.205
331.723
240.801
431.88
539.139
401.335
132.831
24.8615
81.6877
-58.9572
-291.945
-183.265
85.9497
-14.2066
-483.023
-728.797
-453.189
-245.063
-466.686
-501.492
-399.204
-828.243
-1363.12
-1221.05
-738.031
-784.913
-1278.59
-1113.08
189.658
1061.94
93.053
-1490.98
-1445.52
353.033
1732.49
1500.92
1002.98
1290.67
1154.99
-50.4333
-546.242
925.558
2589.15
2209.83
652.081
229.436
855.945
882.938
473.789
971.019
2001.7
1711.18
-71.0328
-1165.65
-391.391
792.016
848.132
182.554
-240.801
-546.242
-1231.71
-1617.42
-736.61
523.512
370.791
-1005.82
-1763.03
-1270.78
-586.731
-355.874
-10.6549
552.635
287.683
-865.18
-1206.14
28.4131
1315.53
1217.5
377.895
131.411
417.673
392.811
255.008
704.646
1257.28
965.336
124.307
-119.335
421.935
733.769
505.043
544.111
872.283
647.819
-82.3981
-407.018
57.5366
626.509
566.842
188.237
60.3779
-55.4056
-370.791
-486.575
-148.459
298.338
259.27
-316.806
-765.734
-774.968
-661.316
-583.89
-556.187
-633.613
-883.648
-1294.93
-1534.31
-1365.96
-1049.87
-911.351
-991.618
-1150.73
-1204.01
-1155.7
-1100.3
-885.779
-561.87
-441.824
-563.29
-657.054
-568.973
-475.21
-483.733
-429.038
-292.655
-375.764
-681.205
-883.648
-915.613
-965.336
-1160.68
-1338.97
-1443.39
-1574.8
-1649.38
-1440.55
-741.583
88.791
9.94459
-1213.95
-1924.99
-745.134
1118.77
1746.7
1356.02
1412.13
1748.83
1224.61
683.336
1750.96
3529.62
3812.33
2722.69
2185.68
2599.8
2756.78
2523.8
2901.69
3643.27
3423.78
2169.34
1210.4
1268.65
1692
1738.88
1510.16
1248.05
734.479
-127.859
-783.492
-575.366
173.32
284.131
-572.525
-1335.42
-1319.79
-1149.31
-1235.26
-927.689
-66.7708
199.602
-649.24
-1282.14
-652.792
308.993
478.051
318.227
551.215
720.983
276.318
-125.728
309.703
989.487
969.598
424.776
142.776
188.947
34.8061
-334.565
-416.963
-147.038
-132.831
-566.842
-1009.38
-1204.01
-1275.04
-1372.35
-1359.57
-1199.03
-1258.7
-1742.44
-2143.06
-2067.05
-1854.67
-1844.72
-1890.18
-1818.44
-1896.58
-2276.6
-2415.12
-1978.26
-1635.18
-1812.05
-1979.68
-1822.7
-1710.47
-1792.16
-1640.86
-1176.3
-983.094
-1200.45
-1181.99
-788.464
-528.484
-422.645
-122.887
304.731
448.927
299.758
338.827
710.328
1066.91
1260.12
1399.35
1481.03
1449.07
1316.95
1270.78
1511.58
1782.21
1668.56
1245.92
861.628
657.054
514.278
439.693
683.336
1054.84
1069.04
928.399
929.82
698.253
218.781
363.688
1401.48
2207.7
1944.17
1424.92
1539.28
1701.24
1369.51
1331.87
2059.24
2638.87
2328.46
1715.44
1634.47
1853.96
1797.13
1712.6
2011.65
2302.17
1964.06
1166.36
724.535
1000.85
1371.64
1251.6
900.696
666.998
326.751
-281.29
-603.069
-255.718
68.1915
-397.073
-1167.78
-1407.87
-1365.96
-1589.71
-1756.64
-1505.19
-1396.51
-1953.4
-2548.66
-2372.5
-1840.46
-1804.94
-2143.06
-2243.22
-2118.2
-2180.71
-2381.02
-2322.06
-2042.9
-2057.11
-2437.85
-2572.1
-2182.13
-1847.56
-2029.41
-2237.53
-1893.73
-1452.62
-1525.07
-1615.29
-1159.97
-720.983
-894.303
-1143.63
-813.326
-307.572
-214.519
-223.753
66.0605
232.988
-10.6549
-115.073
299.758
779.23
840.318
699.673
773.547
968.888
1030.69
1119.48
1333.29
1413.55
1220.34
1015.77
1098.88
1351.75
1392.95
1143.63
892.883
855.945
971.729
1010.09
908.51
851.683
850.263
723.114
613.013
798.409
1137.24
1196.19
911.351
765.023
958.943
1134.39
1153.57
1233.13
1294.93
1074.73
720.983
679.784
1015.06
1208.98
914.903
506.464
427.618
541.27
595.965
724.535
957.522
935.502
536.298
272.766
468.817
712.459
684.046
634.323
676.943
524.933
181.844
86.66
305.441
378.605
167.637
33.3854
132.831
159.114
-62.5089
-315.386
-388.55
-384.288
-465.265
-605.91
-767.865
-1012.93
-1345.36
-1628.07
-1743.15
-1727.52
-1739.59
-1886.63
-2142.35
-2385.99
-2476.91
-2395.94
-2260.26
-2213.38
-2251.03
-2324.19
-2389.54
-2329.17
-2105.41
-1851.12
-1689.16
-1588.29
-1481.74
-1319.08
-1069.04
-780.651
-571.104
-414.832
-183.265
82.3981
242.932
362.267
614.434
875.124
940.474
956.812
1148.6
1360.99
1370.22
1330.44
1451.91
1616.71
1625.23
1542.83
1509.45
1471.09
1356.02
1302.03
1432.73
1601.79
1555.62
1290.67
1057.68
1039.21
1124.45
1167.78
1179.14
1166.36
1036.37
767.865
587.441
675.522
874.414
903.537
750.107
630.771
601.648
543.401
464.555
515.698
635.744
581.759
360.847
225.174
267.083
294.786
204.575
134.252
153.431
118.625
-51.854
-211.678
-278.449
-347.35
-467.396
-549.794
-578.917
-664.867
-877.966
-1125.87
-1257.28
-1231
-1127.29
-1081.12
-1184.12
-1383.01
-1515.13
-1485.3
-1346.78
-1206.85
-1169.91
-1252.31
-1350.33
-1318.37
-1086.09
-803.381
-708.908
-798.409
-869.442
-844.58
-772.837
-662.736
-481.603
-309.703
-313.255
-480.892
-602.358
-536.298
-358.005
-203.864
-94.4736
7.81361
76.0051
73.1638
80.2671
193.92
344.509
397.784
384.288
462.424
620.116
654.212
518.54
418.383
454.61
492.257
485.154
561.159
716.721
746.555
585.31
479.472
622.958
870.152
969.598
924.137
918.454
997.301
1030.69
1016.48
1094.62
1234.55
1244.49
1125.87
1077.57
1132.97
1119.48
1010.8
979.543
1051.29
1042.76
910.641
813.326
784.202
730.217
669.129
666.998
664.867
563.29
410.57
306.862
247.905
171.189
83.1084
-5.68263
-109.391
-203.154
-282
-401.335
-567.552
-700.384
-793.437
-893.593
-960.364
-967.467
-1034.24
-1233.13
-1418.53
-1463.99
-1448.36
-1469.67
-1466.12
-1440.55
-1520.1
-1661.46
-1652.22
-1473.93
-1347.49
-1356.02
-1395.79
-1404.32
-1375.2
-1279.3
-1092.48
-891.462
-813.326
-853.814
-841.739
-674.812
-433.3
-230.857
-110.811
-71.0328
-90.2117
-76.0051
71.7431
343.089
575.366
603.069
467.396
381.446
458.162
604.489
713.169
772.837
774.258
677.653
537.718
507.885
624.378
728.086
698.963
607.331
580.338
613.724
613.013
579.628
581.048
617.986
632.192
631.482
653.502
656.343
593.834
532.746
576.786
685.467
730.928
681.205
581.048
469.527
418.383
517.829
687.598
727.376
584.6
416.252
353.743
375.764
456.741
592.414
652.081
481.603
232.988
201.733
372.922
477.341
436.141
370.081
278.449
105.839
-12.0756
74.5845
220.912
188.947
18.4685
-117.914
-208.126
-297.628
-328.172
-256.428
-204.575
-298.338
-468.817
-574.655
-605.91
-620.827
-592.414
-502.202
-459.582
-575.366
-772.127
-855.945
-763.603
-620.116
-557.608
-586.731
-681.205
-811.905
-911.351
-892.883
-759.341
-657.764
-720.983
-880.097
-962.495
-929.82
-872.283
-825.401
-769.996
-747.976
-789.175
-808.353
-733.769
-623.668
-542.691
-465.265
-368.66
-287.683
-223.043
-137.093
-36.9371
94.4736
298.338
520.671
616.565
597.386
624.378
737.321
860.207
1002.98
1214.66
1365.96
1287.82
1096.04
1075.44
1243.07
1358.15
1338.26
1289.25
1208.27
1016.48
840.318
846.001
929.82
850.973
627.93
468.817
389.97
285.552
199.602
210.967
205.995
32.6751
-195.34
-274.187
-249.325
-294.786
-392.811
-438.983
-500.781
-652.081
-754.369
-703.935
-649.24
-713.88
-768.575
-717.431
-692.57
-765.023
-794.147
-701.804
-627.22
-652.081
-665.577
-597.386
-542.691
-546.242
-530.615
-458.872
-407.728
-392.101
-335.275
-250.746
-224.464
-250.036
-241.512
-180.423
-132.121
-100.156
-34.8061
36.2267
33.3854
-7.10328
24.8615
114.363
157.693
157.693
189.658
210.257
154.852
107.26
155.562
215.229
186.106
116.494
88.0807
90.922
108.68
140.645
189.658
223.043
220.202
208.836
218.071
274.897
364.398
423.356
424.776
403.466
409.149
442.534
486.575
563.29
654.212
686.177
648.53
620.116
653.502
718.142
760.051
775.678
770.706
725.245
637.875
551.925
535.587
594.545
617.275
512.857
345.219
241.512
214.519
189.658
161.955
160.534
116.494
-26.9925
-169.058
-184.685
-127.859
-135.673
-211.678
-270.635
-306.862
-385.708
-463.134
-459.582
-433.3
-507.885
-649.24
-704.646
-676.232
-706.777
-812.615
-861.628
-847.422
-904.958
-1030.69
-1061.94
-978.832
-934.082
-968.888
-986.646
-973.86
-1006.54
-1039.21
-965.336
-825.401
-749.396
-734.479
-696.832
-642.137
-619.406
-570.394
-413.411
-211.678
-114.363
-132.831
-125.728
-20.5995
117.914
223.753
294.786
326.751
301.889
279.869
334.565
414.121
424.066
399.915
415.542
419.804
366.529
341.668
397.784
423.356
360.136
323.199
369.371
398.494
363.688
345.93
382.867
408.439
407.728
421.225
446.086
454.61
495.809
579.628
628.64
614.434
610.172
660.605
718.852
759.341
802.671
831.794
805.512
776.389
808.353
839.608
800.54
737.321
716.721
700.384
650.661
588.862
529.194
451.769
360.136
279.869
205.995
142.066
108.68
70.3225
-16.3375
-107.97
-141.355
-156.272
-195.34
-215.94
-213.098
-262.111
-348.061
-348.771
-269.214
-264.242
-353.743
-398.494
-377.184
-407.728
-478.761
-488.706
-475.92
-532.746
-617.275
-648.53
-672.681
-748.686
-819.008
-829.663
-837.477
-882.938
-925.558
-958.943
-1024.29
-1065.49
-996.59
-886.49
-857.366
-915.613
-961.784
-923.427
-821.85
-696.832
-593.834
-539.849
-517.829
-490.837
-413.411
-272.766
-137.093
-85.2394
-80.2671
-9.23427
125.728
225.884
279.159
356.585
446.086
483.733
518.54
620.827
726.666
730.928
706.777
783.492
904.248
934.792
898.565
882.938
870.862
839.608
841.739
875.124
843.16
739.452
655.633
639.295
637.164
600.227
537.008
465.975
389.97
338.116
326.751
336.696
338.827
303.31
235.119
175.451
163.375
186.106
194.63
183.265
149.169
80.2671
15.6272
22.0202
60.3779
17.7582
-99.4459
-168.348
-183.265
-223.043
-269.925
-277.028
-314.675
-443.245
-561.159
-568.263
-543.401
-586.021
-647.819
-674.101
-729.507
-832.505
-866.6
-806.222
-784.913
-848.842
-885.069
-836.056
-781.361
-779.23
-772.127
-715.3
-655.633
-609.462
-528.484
-419.094
-354.454
-338.116
-293.366
-182.554
-57.5366
37.6474
102.998
149.169
188.947
252.167
367.24
484.444
529.905
505.754
489.416
527.064
593.124
647.819
664.157
632.192
582.469
564.001
599.517
649.95
661.316
626.509
580.338
553.346
559.028
600.227
633.613
617.986
577.497
568.263
590.993
604.489
595.255
583.179
573.945
561.159
549.794
544.822
532.036
495.809
451.058
422.645
403.466
375.764
331.013
282.711
217.36
139.224
76.7154
44.7507
25.5718
-19.8892
-112.232
-223.043
-301.179
-348.771
-397.073
-446.086
-506.464
-592.414
-680.494
-718.142
-709.618
-727.376
-799.83
-871.573
-889.331
-880.097
-882.228
-888.621
-890.752
-925.558
-983.805
-990.908
-922.716
-869.442
-880.097
-912.061
-919.875
-899.986
-860.918
-800.54
-732.348
-691.149
-683.336
-665.577
-613.013
-539.849
-469.527
-416.963
-377.895
-336.696
-289.814
-242.932
-208.126
-178.292
-135.673
-88.791
-53.2746
-14.2066
41.199
85.2394
107.26
132.121
192.499
272.766
334.565
377.184
438.272
513.567
575.366
637.875
723.824
807.643
857.366
896.434
963.205
1052.71
1126.58
1161.39
1184.12
1223.19
1265.8
1295.64
1322.63
1353.18
1359.57
1329.02
1286.4
1260.83
1243.78
1199.74
1125.16
1044.89
985.936
934.082
860.918
769.285
686.177
620.116
556.187
485.864
409.859
342.378
276.318
202.444
133.542
83.8187
26.2821
-85.2394
-215.229
-286.973
-317.517
-392.101
-510.726
-603.069
-667.708
-762.892
-868.731
-908.51
-907.089
-962.495
-1069.04
-1137.24
-1143.63
-1154.28
-1184.12
-1190.51
-1181.28
-1204.01
-1243.07
-1238.1
-1185.54
-1132.26
-1101.72
-1091.06
-1088.93
-1076.86
-1029.98
-968.888
-914.192
-865.18
-826.112
-798.409
-767.865
-713.88
-649.95
-600.938
-564.001
-519.25
-468.817
-436.852
-414.832
-373.633
-315.386
-261.401
-220.912
-188.237
-157.693
-127.149
-82.3981
-23.4408
44.7507
112.942
173.32
219.491
259.98
326.751
421.225
514.988
588.862
654.923
711.749
757.21
809.064
890.041
994.459
1064.78
1083.96
1103.85
1147.89
1179.14
1197.61
1238.81
1282.85
1274.33
1229.58
1223.9
1245.92
1224.61
1173.46
1145.05
1116.64
1053.42
988.066
962.495
931.24
838.898
735.19
675.522
635.744
573.945
497.23
417.673
331.013
242.932
182.554
129.99
49.0126
-39.7784
-119.335
-203.864
-289.104
-348.061
-404.177
-502.912
-614.434
-681.915
-711.749
-763.603
-836.056
-880.097
-908.51
-953.26
-990.908
-978.122
-945.447
-960.364
-1004.4
-1002.27
-955.391
-919.165
-905.668
-887.91
-865.89
-853.814
-833.215
-769.996
-690.439
-659.185
-668.419
-668.419
-628.64
-569.683
-519.25
-481.603
-468.106
-470.237
-455.32
-414.832
-352.323
-284.131
-232.277
-215.94
-203.864
-153.431
-70.3225
3.55164
53.2746
110.811
172.61
218.781
262.821
328.172
390.68
416.963
441.114
505.043
576.076
597.386
573.945
563.29
579.628
603.779
629.351
640.006
620.116
568.263
520.671
508.595
519.25
534.167
537.008
505.754
454.61
430.459
447.507
464.555
451.058
426.197
419.804
410.57
387.129
377.895
384.998
371.502
321.068
280.58
280.58
272.056
214.519
154.141
132.121
110.101
46.1713
-21.3098
-47.592
-71.0328
-127.149
-176.161
-191.078
-217.36
-291.945
-361.557
-370.791
-343.799
-335.985
-353.033
-388.55
-441.824
-479.472
-457.451
-392.811
-347.35
-352.323
-392.811
-445.376
-468.106
-421.935
-335.985
-284.131
-299.048
-340.958
-375.053
-387.839
-360.136
-288.393
-228.726
-237.96
-287.683
-309.703
-295.497
-259.98
-209.547
-152.01
-134.252
-159.824
-163.375
-119.335
-73.8741
-48.3023
-7.10328
59.6676
99.4459
95.184
98.0253
133.542
177.582
228.726
292.655
326.751
301.179
262.111
282.711
356.585
421.225
448.217
440.403
407.728
385.708
413.411
483.733
548.373
568.973
548.373
508.595
478.761
487.995
529.194
551.925
529.194
485.864
445.376
390.68
329.592
308.993
318.937
296.917
225.884
152.721
107.26
70.3225
36.2267
24.1512
23.4408
-10.6549
-68.9018
-120.756
-156.983
-180.423
-189.658
-196.051
-228.015
-282.711
-330.303
-365.109
-406.308
-443.245
-443.245
-436.141
-472.368
-543.401
-599.517
-622.247
-630.771
-630.771
-630.061
-654.212
-706.066
-750.817
-755.079
-726.666
-700.384
-696.832
-706.777
-716.721
-706.777
-667.708
-613.013
-559.028
-515.698
-475.92
-426.197
-365.819
-295.497
-224.464
-181.844
-145.617
-80.2671
12.0756
82.3981
122.176
166.927
223.753
265.663
298.338
353.743
420.514
458.162
470.948
484.444
518.54
559.028
594.545
635.033
664.157
671.26
676.232
698.963
734.479
757.92
765.734
765.023
751.527
727.376
714.59
718.852
720.983
704.646
686.887
670.55
643.557
602.358
566.842
553.346
530.615
488.706
443.245
400.625
353.033
299.758
259.27
239.381
204.575
142.776
76.7154
19.1789
-31.9648
-74.5845
-103.708
-139.935
-200.313
-269.925
-322.489
-359.426
-382.157
-389.26
-399.204
-438.272
-488.706
-518.54
-523.512
-522.802
-527.774
-526.353
-528.484
-547.663
-562.58
-556.187
-533.456
-518.54
-517.119
-523.512
-529.194
-520.671
-500.781
-488.706
-493.678
-497.23
-492.968
-496.519
-500.781
-486.575
-458.162
-447.507
-456.741
-458.162
-442.534
-422.645
-394.232
-354.454
-321.779
-308.993
-299.758
-280.58
-256.428
-220.202
-159.114
-90.922
-46.1713
-19.1789
16.3375
63.2192
117.204
175.451
252.167
327.461
371.502
398.494
427.618
461.713
500.781
540.56
576.786
592.414
595.965
597.386
592.414
583.89
579.628
581.048
576.076
563.29
537.718
506.464
478.761
451.769
421.935
393.522
362.267
326.041
286.262
251.456
226.595
199.602
173.32
143.486
111.522
90.2117
78.8464
68.9018
53.9849
33.3854
9.94459
-8.52394
-22.7305
-31.2544
-33.3854
-32.6751
-38.3577
-53.2746
-61.7986
-54.6953
-51.1436
-57.5366
-73.1638
-81.6877
-86.66
-95.8943
-109.391
-125.728
-147.748
-180.423
-205.995
-218.781
-231.567
-248.615
-271.345
-304.731
-348.061
-370.791
-362.978
-353.743
-362.267
-375.053
-386.419
-400.625
-402.756
-374.343
-326.041
-295.497
-288.393
-280.58
-260.69
-228.015
-185.396
-138.514
-98.0253
-69.6122
-52.5643
-24.1512
9.23427
38.3577
76.0051
125.728
153.431
152.721
164.086
191.789
210.967
225.884
254.297
273.476
258.559
247.905
262.111
277.738
277.738
275.607
277.738
273.476
258.559
253.587
262.821
262.111
243.643
220.202
196.761
176.161
164.796
164.086
155.562
127.149
100.156
81.6877
64.6399
53.9849
53.2746
47.592
21.3098
-16.3375
-36.2267
-35.5164
-42.6197
-61.7986
-82.3981
-102.287
-127.149
-149.169
-157.693
-167.637
-193.92
-230.857
-268.504
-292.655
-295.497
-294.786
-308.993
-338.827
-369.371
-386.419
-386.419
-372.922
-356.585
-358.005
-372.922
-387.129
-387.839
-371.502
-344.509
-312.544
-284.131
-267.794
-260.69
-246.484
-214.519
-168.348
-118.625
-80.2671
-58.2469
-40.4887
-19.1789
17.0479
61.0882
106.549
140.645
164.086
186.106
213.809
245.063
274.187
298.338
314.675
335.275
360.847
381.446
387.839
389.26
398.494
419.094
436.141
444.665
448.927
443.245
433.3
427.618
434.721
446.086
443.245
426.197
411.28
402.756
397.073
392.811
388.55
378.605
358.716
337.406
321.068
310.413
296.207
283.421
266.373
242.932
213.098
183.975
165.506
147.038
117.204
84.5291
59.6676
33.3854
-4.26197
-36.9371
-61.0882
-92.3427
-137.804
-175.451
-196.761
-227.305
-273.476
-316.096
-345.93
-380.026
-421.225
-455.32
-470.948
-491.547
-534.877
-581.759
-613.724
-630.061
-636.454
-642.137
-654.212
-676.943
-701.804
-711.749
-704.646
-694.701
-680.494
-671.26
-674.101
-674.812
-665.577
-635.033
-598.096
-568.973
-544.822
-517.829
-488.706
-457.451
-417.673
-365.109
-307.572
-255.718
-210.967
-166.927
-120.045
-66.7708
-3.55164
61.7986
124.307
179.003
227.305
271.345
310.413
357.295
414.832
475.92
537.008
585.31
619.406
648.53
683.336
728.797
774.968
809.774
828.953
828.953
817.588
814.746
826.112
841.739
843.87
826.822
801.25
769.996
734.479
708.908
691.86
667.708
635.033
595.255
545.532
490.837
442.534
409.149
382.867
340.247
290.524
240.091
185.396
140.645
111.522
93.7633
68.1915
21.3098
-26.9925
-66.0605
-101.577
-125.728
-146.328
-176.872
-218.071
-263.532
-295.497
-316.806
-336.696
-358.716
-388.55
-422.645
-460.293
-491.547
-517.829
-541.98
-568.973
-599.517
-630.061
-661.316
-685.467
-695.411
-700.384
-706.777
-716.011
-723.824
-727.376
-724.535
-720.273
-710.328
-701.094
-681.915
-651.371
-632.902
-615.855
-594.545
-567.552
-530.615
-485.154
-436.141
-398.494
-370.791
-333.144
-286.973
-234.408
-180.423
-133.542
-101.577
-84.5291
-64.6399
-26.2821
27.7028
80.2671
126.438
159.824
186.106
219.491
270.635
323.199
367.95
406.308
442.534
484.444
528.484
578.917
630.771
670.55
706.777
731.638
743.714
757.21
774.968
791.306
796.278
790.595
791.306
798.409
789.885
774.968
756.5
729.507
702.515
678.363
659.895
633.613
625.089
636.454
621.537
565.421
467.396
326.751
158.403
2.13098
-112.942
-168.348
-166.217
-156.983
-169.768
-206.705
-255.718
-296.207
-302.6
-268.504
-210.967
-160.534
-137.804
-153.431
-214.519
-306.862
-394.942
-439.693
-465.975
-497.23
-534.167
-578.207
-651.371
-718.142
-730.928
-693.991
-607.331
-490.126
-394.942
-370.791
-421.935
-519.25
-621.537
-698.253
-721.693
-686.177
-606.62
-524.933
-480.182
-471.658
-495.099
-522.802
-515.698
-469.527
-391.391
-294.076
-199.602
-129.28
-76.0051
-44.0403
-33.3854
-26.9925
-21.3098
-22.7305
-8.52394
33.3854
90.2117
157.693
240.091
324.62
391.391
444.665
486.575
502.912
503.623
502.202
495.099
498.65
522.802
554.766
591.703
616.565
637.164
656.343
656.343
640.716
631.482
625.799
613.013
603.069
593.124
568.263
527.064
482.313
443.955
412.701
390.68
370.081
341.668
316.096
288.393
252.877
220.912
174.741
113.653
56.1159
-1.42066
-20.5995
7.81361
26.2821
24.1512
12.7859
-36.9371
-105.129
-166.927
-250.746
-331.723
-386.419
-440.403
-490.837
-505.754
-510.726
-537.008
-565.421
-572.525
-581.759
-610.172
-619.406
-608.751
-591.703
-577.497
-573.945
-578.207
-613.724
-663.447
-711.749
-728.086
-711.749
-676.943
-600.227
-539.139
-469.527
-381.446
-335.985
-335.985
-347.35
-344.509
-362.978
-333.854
-227.305
-152.01
-118.625
-66.0605
-49.723
-49.0126
-14.9169
18.4685
71.7431
150.59
180.423
181.844
247.905
301.179
356.585
441.114
484.444
530.615
553.346
565.421
584.6
596.676
603.069
595.255
609.462
647.109
664.157
644.268
674.812
710.328
652.081
627.93
679.784
629.351
593.124
629.351
545.532
554.056
621.537
525.643
483.023
524.222
490.837
387.129
379.315
335.985
288.393
295.497
202.444
193.92
183.265
143.486
125.018
46.8817
-29.8338
16.3375
13.4962
-103.708
-89.5013
-123.597
-189.658
-216.65
-321.068
-311.834
-308.282
-437.562
-452.479
-416.963
-528.484
-605.91
-588.152
-657.764
-662.026
-628.64
-666.998
-643.557
-624.378
-667.708
-715.3
-671.97
-715.3
-767.865
-726.666
-742.293
-699.673
-693.28
-710.328
-657.054
-588.862
-605.2
-700.384
-599.517
-511.436
-565.421
-489.416
-475.92
-453.189
-307.572
-274.897
-257.849
-208.836
-168.348
-181.134
-181.134
-117.204
-66.7708
46.1713
63.9295
116.494
321.779
316.806
237.96
424.776
554.056
399.204
438.272
551.925
516.409
624.378
725.245
690.439
728.086
816.167
759.341
710.328
759.341
708.197
727.376
765.023
691.149
775.678
798.409
762.892
830.374
816.877
733.769
716.011
662.026
517.829
562.58
535.587
415.542
466.686
518.54
380.026
342.378
491.547
285.552
104.418
139.224
53.2746
-3.55164
76.7154
88.791
-27.7028
48.3023
-46.1713
-328.882
-312.544
-291.235
-448.927
-448.927
-272.056
-431.88
-558.318
-404.887
-507.174
-513.567
-446.796
-573.235
-620.827
-551.925
-568.973
-715.3
-653.502
-595.965
-624.378
-519.25
-694.701
-696.832
-520.671
-669.129
-689.729
-576.076
-549.794
-627.93
-478.761
-414.121
-529.905
-416.252
-442.534
-461.003
-348.061
-282
-307.572
-252.877
-209.547
-325.33
-210.967
-134.252
-138.514
-30.5441
117.204
174.741
66.0605
107.97
153.431
95.184
188.947
375.053
387.129
319.648
445.376
429.749
340.247
441.114
400.625
421.225
555.477
605.91
553.346
541.27
561.87
456.741
561.87
565.421
438.272
529.905
589.572
460.293
418.383
492.257
355.164
321.779
383.577
289.814
295.497
315.386
127.859
171.189
169.058
-85.2394
44.0403
92.3427
-98.7356
14.2066
25.5718
-167.637
-7.10328
-77.4258
-301.889
-113.653
-68.9018
-164.796
-67.4812
-82.3981
-202.444
-67.4812
-196.761
-372.922
-191.078
-169.058
-152.721
-72.4535
-209.547
-224.464
-145.617
-317.517
-380.026
-242.222
-263.532
-353.033
-188.947
-207.416
-472.368
-297.628
-311.124
-510.726
-261.401
-337.406
-462.424
-189.658
-251.456
-489.416
-156.983
-102.287
-404.177
-119.335
-79.5568
-179.713
34.8061
22.0202
-95.184
105.129
206.705
-7.81361
65.3502
186.816
161.955
191.789
259.98
250.746
235.119
312.544
305.441
382.867
441.824
319.648
380.736
519.25
454.61
370.081
392.101
380.736
362.978
348.771
218.781
230.146
334.565
266.373
159.824
290.524
361.557
112.232
122.887
234.408
125.018
111.522
96.6046
67.4812
200.313
114.363
-200.313
-60.3779
-22.7305
-220.912
-141.355
-174.741
-142.066
19.1789
-209.547
-438.272
-237.96
-203.864
-303.31
-321.068
-245.774
-80.2671
-223.043
-453.189
-382.157
-245.063
-457.451
-475.92
-211.678
-276.318
-247.905
-267.794
-413.411
-342.378
-276.318
-435.431
-476.63
-193.92
-117.204
-239.381
-218.071
-121.466
-93.053
-122.887
-305.441
-228.726
15.6272
-51.854
-103.708
-56.1159
0.710328
-160.534
-198.182
-83.1084
-205.995
-118.625
-24.1512
-13.4962
85.2394
58.9572
-27.7028
102.998
170.479
-46.8817
53.2746
218.071
174.741
158.403
213.098
289.104
260.69
190.368
120.756
282
373.633
289.104
376.474
446.086
583.89
538.429
426.197
534.167
502.202
546.242
525.643
586.731
588.152
554.056
691.149
438.983
399.204
624.378
557.608
176.161
230.146
553.346
176.872
108.68
382.867
152.721
2.84131
129.28
6.39295
-171.189
1.42066
-97.315
-205.285
-75.2948
-193.209
-292.655
-235.829
-277.028
-353.743
-268.504
-346.64
-400.625
-267.794
-329.592
-426.197
-243.643
-321.779
-511.436
-335.275
-338.116
-443.955
-360.847
-340.958
-331.723
-284.131
-352.323
-429.038
-340.958
-405.597
-505.754
-264.952
-382.867
-530.615
-333.144
-303.31
-418.383
-478.761
-468.817
-405.597
-362.978
-418.383
-419.094
-272.766
-193.209
-276.318
-137.804
-132.121
-165.506
-14.2066
4.26197
-41.9094
2.84131
70.3225
51.854
154.141
192.499
213.809
296.917
249.325
220.912
355.164
321.779
210.967
494.388
536.298
301.179
374.343
460.293
362.267
251.456
289.104
407.728
456.031
441.114
440.403
421.225
327.461
271.345
299.048
223.753
210.967
247.905
284.131
321.779
245.774
148.459
162.665
258.559
104.418
132.831
284.842
134.252
93.053
121.466
80.9774
72.4535
55.4056
24.8615
45.461
87.3704
-58.9572
-28.4131
83.1084
-202.444
-27.7028
58.9572
-242.222
-125.728
27.7028
-95.184
-255.718
-97.315
-107.97
-126.438
-90.922
-232.988
-142.066
-66.0605
-291.945
-295.497
-191.789
-294.076
-205.285
-174.03
-307.572
-225.884
-129.28
-276.318
-304.02
-149.169
-190.368
-269.925
-238.67
-233.698
-147.038
-187.527
-334.565
-172.61
-101.577
-272.766
-156.272
-11.3653
-188.237
-238.67
16.3375
-51.854
-190.368
-21.3098
43.33
28.4131
124.307
29.8338
-132.831
171.899
219.491
-129.28
95.8943
412.701
110.811
54.6953
331.013
75.2948
83.1084
362.978
173.32
158.403
331.013
220.912
164.796
252.877
231.567
251.456
289.104
226.595
176.161
331.013
176.161
122.176
269.925
150.59
78.8464
82.3981
304.02
127.859
-7.81361
196.051
100.867
-142.066
-130.7
-9.23427
-25.5718
28.4131
-42.6197
-22.7305
-179.713
-298.338
-166.217
-288.393
-282.711
-165.506
-120.045
-206.705
-219.491
-289.814
-487.285
-300.469
-326.041
-395.653
-163.375
-289.104
-278.449
-62.5089
-251.456
-378.605
-269.925
-178.292
-217.36
-290.524
-267.083
-119.335
7.10328
-259.98
-205.995
-53.2746
-142.066
-33.3854
-93.7633
-112.942
25.5718
100.867
82.3981
86.66
166.217
67.4812
161.244
204.575
53.2746
192.499
223.043
200.313
289.104
250.036
283.421
257.139
266.373
305.441
232.988
216.65
225.174
303.31
277.028
343.089
387.839
293.366
194.63
237.25
314.675
88.791
230.857
496.519
230.146
164.796
380.026
224.464
-82.3981
189.658
278.449
130.7
359.426
235.829
157.693
261.401
88.791
-44.0403
140.645
153.431
60.3779
277.028
174.741
54.6953
17.7582
-63.9295
140.645
-2.84131
-167.637
79.5568
59.6676
-98.0253
-57.5366
-131.411
-212.388
-115.073
-183.265
-317.517
-142.066
-289.814
-366.529
-125.728
-435.431
-353.743
-279.159
-542.691
-393.522
-367.24
-477.341
-445.376
-456.741
-633.613
-456.741
-534.167
-747.976
-512.147
-456.741
-565.421
-650.661
-528.484
-616.565
-628.64
-464.555
-473.789
-413.411
-430.459
-391.391
-410.57
-347.35
-319.648
-350.902
-164.086
-49.0126
-36.2267
-100.867
-137.804
-121.466
129.28
125.018
-24.1512
246.484
455.32
353.033
161.955
313.255
492.968
434.011
508.595
633.613
603.069
655.633
673.391
595.965
632.902
708.197
808.353
745.134
695.411
760.051
634.323
708.197
782.071
564.711
618.696
738.031
684.046
557.608
344.509
323.91
580.338
518.54
226.595
192.499
375.053
414.121
62.5089
-120.045
123.597
315.386
-16.3375
-262.111
147.038
257.849
-106.549
-301.889
-205.995
26.9925
-200.313
-318.937
-253.587
-255.718
-169.768
-203.154
-322.489
-463.844
-322.489
-316.096
-436.852
-371.502
-299.758
-417.673
-378.605
-193.92
-427.618
-634.323
-421.225
-307.572
-540.56
-498.65
-302.6
-494.388
-399.204
-360.136
-582.469
-496.519
-462.424
-369.371
-424.776
-464.555
-338.827
-324.62
-375.053
-412.701
-416.252
-401.335
-256.428
-166.927
-333.854
-330.303
47.592
-112.942
-257.849
-109.391
-129.28
49.0126
76.0051
-140.645
107.97
360.847
44.7507
29.8338
266.373
277.028
179.713
247.194
236.539
309.703
455.32
173.32
226.595
553.346
407.018
234.408
402.046
495.099
461.713
360.136
343.089
492.968
462.424
425.487
407.728
487.285
346.64
228.726
622.247
316.096
94.4736
546.953
403.466
147.038
332.434
350.192
152.01
274.897
210.967
18.4685
219.491
177.582
-24.1512
-33.3854
133.542
35.5164
-177.582
2.84131
-46.1713
-250.746
-96.6046
-68.9018
-408.439
-217.36
-38.3577
-309.703
-289.814
-355.164
-284.131
-137.093
-323.199
-562.58
-247.905
-125.018
-485.864
-221.622
-345.93
-414.832
-197.471
-262.821
-353.033
-421.225
-73.8741
-253.587
-336.696
-63.9295
-259.98
-360.847
-125.728
-102.287
-335.275
-99.4459
-141.355
-226.595
142.066
-147.038
-338.116
152.01
120.045
-242.222
-133.542
137.804
38.3577
110.101
29.1235
-1.42066
316.806
166.927
134.252
26.2821
232.277
295.497
191.078
327.461
65.3502
341.668
586.021
219.491
46.1713
429.749
519.25
261.401
388.55
223.753
282
605.2
210.967
102.287
456.741
272.056
115.073
330.303
242.932
80.2671
269.214
107.97
-31.9648
336.696
-18.4685
-264.952
198.182
198.892
-178.292
-202.444
2.13098
41.9094
-126.438
-439.693
-183.265
41.9094
-213.098
-370.081
-182.554
-83.1084
-300.469
-327.461
-250.036
-246.484
-351.612
-265.663
-242.222
-310.413
-221.622
-392.101
-376.474
-136.383
-397.784
-466.686
-144.907
-228.015
-438.983
-316.806
-181.134
-260.69
-323.199
-303.31
-183.265
-93.7633
-373.633
-358.716
4.26197
-225.884
-293.366
-66.7708
-98.7356
-114.363
102.998
-144.907
-281.29
332.434
48.3023
-246.484
170.479
158.403
52.5643
237.96
127.859
3.55164
307.572
316.096
154.852
215.94
282
431.169
500.071
102.287
132.831
603.779
350.902
205.995
438.272
453.189
532.746
551.215
354.454
295.497
593.834
412.701
228.726
512.147
428.328
460.293
538.429
343.799
306.151
420.514
415.542
147.748
269.214
438.983
191.789
201.023
222.333
174.03
76.0051
-49.0126
105.839
118.625
-125.728
-80.9774
-205.995
-88.791
-46.8817
-397.784
-263.532
-314.675
-202.444
-253.587
-494.388
-524.222
-337.406
-216.65
-593.834
-544.822
-441.114
-485.154
-426.197
-416.252
-565.421
-542.691
-230.857
-479.472
-762.182
-344.509
-202.444
-588.862
-517.119
-78.8464
-283.421
-538.429
-269.925
-277.028
-401.335
-181.134
-112.942
-454.61
-245.063
142.066
-255.718
-390.68
76.0051
-144.907
-283.421
58.9572
-95.8943
-125.728
178.292
34.0958
-236.539
105.129
49.0126
-86.66
126.438
86.66
291.945
209.547
3.55164
143.486
311.834
146.328
31.2544
531.325
399.204
123.597
400.625
407.018
321.068
343.799
404.887
451.058
568.263
491.547
176.161
487.995
661.316
384.288
321.068
510.016
773.547
517.119
125.728
185.396
688.308
437.562
117.914
360.847
438.272
526.353
237.96
10.6549
174.741
324.62
247.194
-22.0202
30.5441
374.343
137.804
-276.318
-98.0253
-9.94459
-78.8464
-132.831
-262.111
-26.2821
-24.8615
-279.869
-303.31
-284.131
-208.836
-234.408
-328.882
-412.701
-117.914
-238.67
-631.482
-401.335
-308.282
-353.743
-434.721
-564.001
-396.363
-38.3577
-457.451
-583.179
-239.381
-458.872
-397.784
-251.456
-489.416
-600.227
34.0958
-172.61
-798.409
-191.078
-29.1235
-546.242
-313.965
-128.569
-274.187
-181.134
-164.796
-107.97
3.55164
-143.486
-237.25
110.811
56.1159
-194.63
-90.2117
344.509
255.718
-120.045
244.353
292.655
98.0253
188.237
98.7356
115.783
571.104
426.907
139.935
473.789
343.089
286.262
375.764
156.983
392.811
649.95
390.68
147.748
574.655
505.043
6.39295
215.94
405.597
415.542
263.532
106.549
328.882
517.119
184.685
-95.8943
196.051
372.212
55.4056
-5.68263
134.252
203.154
92.3427
-284.842
-36.2267
260.69
-114.363
-237.25
-89.5013
-51.1436
-145.617
-333.854
-105.839
-11.3653
-127.149
-51.854
-214.519
-353.033
-228.726
-247.905
-281.29
-240.801
-224.464
19.8892
-116.494
-548.373
-215.229
-66.7708
-718.142
-229.436
190.368
-458.872
-110.101
102.998
-495.099
-298.338
-71.7431
-413.411
-178.292
-77.4258
-405.597
18.4685
65.3502
-456.031
-228.015
13.4962
-214.519
-102.287
-43.33
-272.766
117.204
256.428
-203.864
-194.63
177.582
125.018
-96.6046
53.9849
174.741
213.098
257.849
-4.26197
216.65
480.892
71.0328
72.4535
305.441
534.167
442.534
147.038
166.217
547.663
698.963
8.52394
76.7154
797.699
461.003
194.63
424.066
298.338
510.016
380.736
-8.52394
382.867
510.016
67.4812
132.831
324.62
71.0328
252.877
102.998
-142.066
333.854
59.6676
-274.897
44.7507
-114.363
-181.134
44.0403
-227.305
-353.033
-31.9648
-105.129
-461.003
-453.9
-220.912
-147.038
-365.109
-495.809
-380.736
-90.2117
-121.466
-696.122
-606.62
-36.9371
-222.333
-685.467
-331.013
-108.68
-411.99
-149.879
-314.675
-649.24
-181.134
-21.3098
-426.197
-431.169
-31.9648
-101.577
-293.366
-269.925
-230.146
-73.8741
-134.962
-291.945
-131.411
-96.6046
-29.1235
-16.3375
-260.69
6.39295
185.396
-181.134
-225.884
176.872
116.494
-119.335
109.391
161.955
152.721
42.6197
61.7986
241.512
119.335
248.615
173.32
216.65
448.217
235.119
226.595
259.98
237.96
305.441
331.013
376.474
410.57
476.63
386.419
324.62
399.204
317.517
416.963
419.094
267.794
422.645
575.366
302.6
254.297
444.665
348.771
221.622
169.768
363.688
221.622
237.96
359.426
147.748
161.955
59.6676
107.26
-16.3375
-96.6046
125.728
129.28
-88.791
-225.174
53.2746
-138.514
-284.842
-128.569
-151.3
-117.204
-308.993
-308.282
-203.154
-332.434
-389.26
-129.99
-220.202
-379.315
-161.955
-404.177
-489.416
-240.801
-267.794
-508.595
-305.441
-24.1512
-247.194
-461.713
-561.159
-181.134
-159.824
-534.877
-483.733
-198.182
22.7305
-255.718
-478.761
-362.267
-116.494
-209.547
-424.776
-367.24
-184.685
115.783
-167.637
-552.635
-90.922
183.265
-365.109
-337.406
-12.7859
-57.5366
66.7708
3.55164
-74.5845
174.741
205.995
-232.277
114.363
436.852
-63.9295
217.36
470.237
237.96
316.806
228.726
117.204
514.988
441.824
-31.2544
645.688
807.643
-27.7028
389.97
694.701
181.134
355.164
577.497
177.582
359.426
664.157
106.549
82.3981
514.278
404.887
43.33
-27.7028
345.219
375.764
35.5164
-80.9774
160.534
411.28
35.5164
-288.393
76.0051
210.967
-333.854
-190.368
175.451
-95.8943
-35.5164
-149.879
-282.711
52.5643
-143.486
-498.65
-155.562
93.053
-181.844
-260.69
-267.083
-271.345
-8.52394
-236.539
-554.056
-246.484
51.1436
-161.955
-483.023
-372.922
71.0328
19.1789
-500.781
-416.252
-179.003
-16.3375
-149.879
-650.661
-160.534
335.275
-206.705
-520.671
-220.912
-77.4258
-12.7859
-98.7356
-480.892
29.1235
420.514
-329.592
-359.426
112.232
-8.52394
-51.1436
1.42066
44.0403
284.842
205.285
-203.154
36.9371
309.703
86.66
37.6474
252.877
333.144
88.0807
226.595
203.154
83.8187
363.688
283.421
212.388
421.935
370.791
61.7986
257.849
561.159
179.713
29.1235
454.61
406.308
68.9018
233.698
280.58
255.718
359.426
97.315
97.315
391.391
302.6
-120.756
23.4408
338.827
148.459
-45.461
-152.01
57.5366
177.582
-132.121
-262.821
58.9572
-27.7028
-284.131
-210.257
-93.053
-223.753
-470.237
-156.983
-196.761
-477.341
-263.532
-360.847
-564.001
-306.862
-262.111
-477.341
-377.895
-433.3
-456.741
-254.297
-437.562
-571.814
-389.26
-220.202
-267.083
-451.769
-548.373
-198.182
-21.3098
-429.038
-372.922
-24.1512
-64.6399
-210.257
-209.547
-139.935
138.514
34.8061
-252.877
89.5013
248.615
34.0958
122.176
213.098
156.272
228.015
306.862
279.869
345.93
175.451
286.262
755.079
346.64
37.6474
522.091
715.3
283.421
316.096
335.275
326.041
749.396
348.061
122.176
565.421
582.469
247.194
234.408
325.33
338.116
520.671
343.089
144.197
245.774
304.02
184.685
79.5568
165.506
173.32
133.542
152.721
128.569
-123.597
-121.466
190.368
-61.7986
-201.733
8.52394
-118.625
-46.8817
39.068
-297.628
-328.882
-11.3653
-178.292
-316.096
-156.983
-295.497
-223.043
-29.1235
-321.779
-458.872
-139.935
-234.408
-486.575
-249.325
-230.857
-295.497
-228.015
-418.383
-416.252
-245.063
-428.328
-513.567
-322.489
-356.585
-299.048
-331.013
-451.769
-277.028
-343.799
-414.832
-281.29
-375.764
-449.638
-220.912
-27.7028
-213.098
-398.494
-290.524
14.2066
-106.549
-426.197
-213.809
110.811
109.391
-117.914
-182.554
27.7028
186.106
-12.0756
-34.0958
278.449
262.821
213.098
316.806
192.499
383.577
394.232
80.9774
387.839
644.978
348.061
189.658
568.973
649.95
271.345
152.01
539.139
777.099
300.469
132.121
547.663
664.867
437.562
96.6046
266.373
719.562
526.353
89.5013
189.658
621.537
416.963
91.6323
58.9572
272.766
395.653
62.5089
66.7708
258.559
198.892
-25.5718
-115.783
2.13098
95.8943
-61.0882
-137.804
47.592
36.9371
-138.514
-245.063
-161.955
-156.272
-247.905
-397.784
-250.746
-31.9648
-243.643
-382.157
-298.338
-165.506
-303.31
-451.058
-495.099
-211.678
-144.197
-365.819
-378.605
-416.252
-181.134
-267.794
-615.144
-532.746
-198.892
-323.199
-382.867
-318.937
-473.079
-144.907
-207.416
-559.739
-481.603
-198.892
-283.421
-393.522
-136.383
-230.857
-189.658
-180.423
-352.323
-95.184
-125.018
-361.557
-140.645
-54.6953
79.5568
-2.13098
-179.003
115.783
231.567
53.9849
-90.922
228.726
250.036
114.363
302.6
343.089
377.895
298.338
284.842
380.026
396.363
329.592
360.136
510.726
516.409
419.804
438.983
537.718
426.197
313.255
353.743
479.472
575.366
407.728
259.27
394.942
551.925
303.31
57.5366
280.58
491.547
349.481
199.602
196.761
196.051
228.015
223.753
110.101
28.4131
102.998
95.8943
205.995
-23.4408
-200.313
78.8464
-14.9169
-24.8615
-146.328
-282
-149.169
-44.0403
-157.693
-383.577
-145.617
-68.9018
-292.655
-453.189
-399.915
-296.917
-436.141
-453.189
-458.162
-339.537
-362.267
-510.726
-475.21
-456.741
-459.582
-588.152
-435.431
-279.869
-420.514
-436.141
-448.217
-197.471
-232.277
-636.454
-474.499
-178.292
-160.534
-365.109
-290.524
-59.6676
-68.9018
-58.9572
-176.872
-181.134
112.232
215.229
-11.3653
-6.39295
302.6
262.111
58.9572
22.7305
227.305
327.461
223.753
160.534
211.678
470.237
369.371
122.887
274.897
442.534
313.255
348.771
417.673
220.912
286.973
534.877
261.401
14.9169
317.517
453.9
311.124
174.03
269.925
293.366
216.65
147.748
132.831
210.257
228.726
342.378
205.285
89.5013
68.9018
86.66
168.348
-17.0479
14.9169
171.189
63.2192
-64.6399
112.942
19.8892
-161.244
71.0328
-8.52394
-114.363
-109.391
-89.5013
-78.8464
-63.9295
-163.375
-168.348
19.8892
-239.381
-220.912
-115.073
-257.139
-169.768
-205.995
-353.743
-232.277
7.81361
-173.32
-337.406
-186.106
-262.111
-254.297
-172.61
-286.262
-315.386
-127.859
38.3577
-236.539
-356.585
-237.96
-228.015
-171.189
-244.353
-247.194
-68.1915
-28.4131
-246.484
-228.015
-110.811
-197.471
-189.658
-164.796
-143.486
46.1713
120.045
-137.804
-134.962
75.2948
70.3225
-66.0605
-94.4736
51.854
249.325
196.761
12.0756
127.149
257.849
98.0253
-39.068
119.335
155.562
208.836
243.643
183.975
386.419
438.983
238.67
162.665
348.061
367.24
236.539
278.449
341.668
357.295
282
197.471
294.786
322.489
167.637
169.058
273.476
301.179
226.595
190.368
253.587
232.988
174.03
103.708
73.8741
151.3
142.066
2.13098
-25.5718
24.1512
-71.7431
-151.3
-105.839
-72.4535
-95.184
-149.879
-114.363
-120.045
-134.962
-154.141
-294.076
-255.008
-223.753
-330.303
-289.104
-210.967
-286.262
-323.199
-257.139
-276.318
-380.026
-387.839
-331.723
-289.814
-257.849
-338.827
-292.655
-208.126
-259.98
-341.668
-343.089
-245.063
-267.083
-294.076
-232.277
-125.018
-98.0253
-171.899
-146.328
-103.708
-137.093
-132.121
-63.9295
-40.4887
0.710328
68.9018
88.791
62.5089
36.2267
49.0126
83.8187
156.983
93.053
104.418
264.242
190.368
182.554
279.159
190.368
156.272
259.27
330.303
277.028
237.96
314.675
416.963
356.585
217.36
252.877
298.338
378.605
358.716
198.182
358.716
434.721
255.718
189.658
215.94
267.794
203.154
147.038
170.479
275.607
230.857
80.2671
191.789
180.423
56.1159
20.5995
-24.1512
102.287
145.617
-94.4736
-76.7154
78.1361
-84.5291
-240.801
-176.161
-106.549
-90.2117
-122.176
-220.912
-172.61
-129.99
-288.393
-354.454
-244.353
-220.912
-279.869
-250.036
-224.464
-323.199
-361.557
-321.068
-367.95
-327.461
-282.711
-314.675
-254.297
-191.789
-245.774
-269.925
-200.313
-194.63
-191.078
-181.844
-193.92
-115.073
-91.6323
-142.776
-92.3427
-62.5089
-113.653
-107.97
-17.7582
-9.94459
8.52394
103.708
99.4459
100.867
98.0253
83.8187
133.542
129.99
116.494
169.768
220.912
191.789
137.804
154.141
191.078
179.713
164.086
188.947
217.36
239.381
203.864
157.693
196.761
205.285
152.721
197.471
217.36
116.494
97.315
144.197
117.204
63.9295
86.66
118.625
94.4736
84.5291
33.3854
-16.3375
36.9371
41.9094
15.6272
31.9648
61.0882
51.854
-35.5164
-45.461
-3.55164
-16.3375
-47.592
-49.723
-14.9169
-26.2821
-52.5643
-52.5643
-53.9849
-57.5366
-98.0253
-112.942
-64.6399
-39.068
-91.6323
-120.756
-44.7507
-29.1235
-100.867
-117.204
-93.053
-90.2117
-100.867
-95.8943
-89.5013
-78.1361
-55.4056
-92.3427
-94.4736
-70.3225
-126.438
-98.7356
-40.4887
-96.6046
-105.129
-40.4887
-46.1713
-98.0253
-72.4535
-11.3653
-26.9925
-85.2394
-81.6877
-12.0756
7.10328
-53.2746
-56.8263
12.7859
41.199
-14.2066
-37.6474
6.39295
19.1789
8.52394
25.5718
40.4887
34.8061
79.5568
95.8943
66.0605
81.6877
80.2671
72.4535
111.522
109.391
64.6399
105.129
152.721
115.783
68.9018
74.5845
121.466
166.927
123.597
76.0051
153.431
177.582
117.204
113.653
120.756
100.156
122.176
134.252
78.1361
61.7986
80.2671
80.2671
80.9774
34.0958
-18.4685
29.1235
68.9018
-0.710328
-47.592
-4.26197
7.81361
-22.7305
-71.0328
-110.811
-56.1159
-43.33
-136.383
-145.617
-96.6046
-127.149
-165.506
-149.879
-121.466
-115.783
-142.066
-169.058
-166.927
-177.582
-224.464
-209.547
-173.32
-201.733
-198.892
-146.328
-169.058
-223.043
-208.836
-198.182
-189.658
-151.3
-153.431
-139.224
-71.0328
-79.5568
-119.335
-81.6877
-75.2948
-93.053
-65.3502
-39.068
-24.1512
-12.7859
-17.0479
-1.42066
49.0126
49.0126
9.94459
46.1713
102.287
94.4736
82.3981
120.045
164.086
174.03
180.423
185.396
198.182
215.94
199.602
208.126
248.615
246.484
240.091
270.635
269.214
255.718
265.663
264.952
261.401
268.504
266.373
267.794
270.635
237.96
232.988
247.905
223.753
203.864
210.967
205.995
176.161
156.272
147.748
129.28
98.0253
68.9018
61.7986
43.33
3.55164
-23.4408
-37.6474
-51.1436
-70.3225
-104.418
-115.073
-111.522
-147.038
-176.872
-177.582
-201.733
-242.222
-257.849
-258.559
-273.476
-295.497
-296.917
-306.151
-326.041
-341.668
-353.033
-351.612
-343.799
-323.91
-314.675
-303.31
-283.421
-290.524
-300.469
-275.607
-266.373
-269.214
-225.884
-198.182
-192.499
-158.403
-144.197
-140.645
-119.335
-105.129
-94.4736
-77.4258
-51.1436
-29.8338
-9.23427
9.23427
24.1512
49.723
58.9572
61.0882
72.4535
92.3427
105.129
107.97
134.252
159.114
161.244
179.713
194.63
161.244
162.665
186.106
159.824
164.796
184.685
191.078
220.912
218.781
198.182
221.622
220.912
193.92
208.836
215.94
208.836
230.857
232.277
210.967
213.098
193.92
160.534
161.955
156.983
150.59
172.61
178.292
170.479
172.61
148.459
132.121
123.597
93.7633
88.0807
92.3427
82.3981
71.7431
62.5089
57.5366
40.4887
11.3653
-1.42066
-4.9723
-20.5995
-33.3854
-48.3023
-61.0882
-57.5366
-72.4535
-109.391
-127.149
-131.411
-161.244
-174.03
-175.451
-189.658
-168.348
-164.796
-186.816
-175.451
-193.92
-217.36
-207.416
-222.333
-240.801
-232.277
-218.071
-216.65
-228.015
-228.726
-213.098
-216.65
-214.519
-193.209
-187.527
-179.003
-157.693
-156.272
-161.955
-145.617
-124.307
-117.914
-108.68
-98.0253
-84.5291
-61.0882
-47.592
-34.8061
-12.0756
-5.68263
7.10328
17.7582
17.7582
41.199
63.9295
79.5568
97.315
110.811
130.7
142.776
137.804
152.721
170.479
165.506
164.086
181.844
196.051
198.182
204.575
213.809
208.836
201.733
201.023
197.471
189.658
201.733
205.995
181.844
181.844
193.209
177.582
155.562
155.562
152.01
133.542
127.859
120.756
100.156
93.7633
80.9774
51.1436
36.2267
30.5441
17.7582
1.42066
-16.3375
-24.1512
-26.9925
-52.5643
-75.2948
-68.1915
-72.4535
-100.867
-121.466
-114.363
-107.26
-136.383
-150.59
-138.514
-152.01
-170.479
-177.582
-193.92
-197.471
-196.761
-210.257
-206.705
-196.051
-208.126
-204.575
-189.658
-198.182
-203.154
-189.658
-189.658
-185.396
-174.741
-166.217
-140.645
-132.121
-140.645
-116.494
-100.867
-115.073
-104.418
-71.7431
-51.854
-45.461
-24.8615
9.23427
24.1512
19.8892
38.3577
56.8263
63.9295
86.66
114.363
132.831
164.796
182.554
174.03
191.789
205.285
186.106
191.789
217.36
229.436
236.539
254.297
281.29
284.131
262.111
262.111
268.504
257.849
249.325
262.111
271.345
262.821
252.167
244.353
230.857
200.313
170.479
159.824
148.459
132.121
128.569
122.887
104.418
76.0051
41.199
19.1789
4.9723
-20.5995
-43.33
-45.461
-44.7507
-66.0605
-96.6046
-105.129
-116.494
-156.272
-186.106
-190.368
-202.444
-229.436
-237.25
-237.96
-253.587
-274.187
-282
-292.655
-299.758
-299.758
-299.048
-297.628
-298.338
-292.655
-288.393
-291.945
-287.683
-279.869
-269.925
-257.139
-246.484
-243.643
-239.381
-228.015
-213.809
-205.995
-192.499
-164.796
-148.459
-140.645
-119.335
-101.577
-85.2394
-78.8464
-68.9018
-36.2267
-21.3098
-13.4962
14.9169
30.5441
36.2267
51.1436
71.0328
93.053
107.97
124.307
154.852
178.292
185.396
191.078
208.836
223.043
228.726
234.408
242.932
257.139
264.242
269.214
279.159
283.421
287.683
294.076
286.973
290.524
294.076
289.104
286.973
284.842
286.973
280.58
268.504
269.214
259.27
230.146
220.912
213.809
187.527
169.768
161.244
154.852
142.066
123.597
111.522
101.577
80.2671
53.9849
41.199
27.7028
3.55164
-15.6272
-24.8615
-41.199
-65.3502
-80.2671
-93.7633
-121.466
-144.907
-150.59
-157.693
-174.03
-180.423
-185.396
-193.209
-205.995
-218.071
-214.519
-225.174
-235.829
-230.857
-228.015
-237.96
-237.25
-226.595
-237.96
-250.036
-242.932
-236.539
-237.25
-235.829
-220.912
-213.809
-214.519
-201.023
-188.237
-189.658
-183.265
-164.086
-150.59
-147.038
-130.7
-115.783
-110.101
-100.867
-85.2394
-66.7708
-63.2192
-54.6953
-33.3854
-27.7028
-23.4408
-3.55164
7.81361
3.55164
14.9169
34.0958
41.199
49.723
61.0882
68.1915
70.3225
80.2671
91.6323
102.287
111.522
118.625
119.335
125.018
142.066
143.486
138.514
148.459
154.852
154.852
162.665
170.479
173.32
174.741
182.554
185.396
177.582
173.32
181.134
176.161
159.824
160.534
164.796
154.141
146.328
142.776
133.542
114.363
97.315
92.3427
78.8464
66.7708
72.4535
68.9018
53.9849
54.6953
53.9849
34.0958
27.7028
34.0958
20.5995
2.13098
2.13098
0.710328
-15.6272
-29.8338
-31.9648
-45.461
-60.3779
-57.5366
-58.2469
-73.1638
-73.1638
-68.9018
-86.66
-98.0253
-98.0253
-107.97
-115.783
-122.887
-132.121
-134.962
-129.28
-125.728
-125.018
-123.597
-124.307
-123.597
-119.335
-117.204
-111.522
-102.287
-93.7633
-86.66
-75.2948
-66.0605
-68.9018
-68.9018
-69.6122
-73.1638
-73.8741
-68.1915
-61.7986
-51.854
-35.5164
-31.2544
-32.6751
-23.4408
-12.0756
-14.2066
-22.0202
-14.2066
-7.10328
-2.13098
9.94459
24.8615
29.8338
39.068
53.2746
52.5643
50.4333
62.5089
71.0328
71.0328
74.5845
80.2671
77.4258
68.1915
68.1915
68.1915
61.0882
58.2469
61.7986
63.2192
61.7986
63.2192
63.9295
63.9295
62.5089
63.2192
58.9572
53.2746
51.854
49.723
33.3854
13.4962
4.26197
0
-6.39295
-7.81361
-8.52394
-12.0756
-9.94459
-10.6549
-16.3375
-22.7305
-28.4131
-28.4131
-26.2821
-28.4131
-30.5441
-26.2821
-24.8615
-27.7028
-31.2544
-34.8061
-37.6474
-35.5164
-32.6751
-35.5164
-36.9371
-30.5441
-27.7028
-31.2544
-30.5441
-30.5441
-33.3854
-32.6751
-31.2544
-30.5441
-29.8338
-26.9925
-22.7305
-16.3375
-10.6549
-7.81361
-4.9723
2.13098
8.52394
6.39295
4.9723
9.23427
7.81361
2.84131
4.9723
7.81361
12.0756
17.0479
22.0202
26.9925
31.9648
34.0958
34.0958
36.9371
39.068
47.592
51.854
51.854
55.4056
60.3779
59.6676
58.2469
56.8263
56.1159
58.2469
56.8263
56.8263
56.1159
56.8263
54.6953
51.854
54.6953
55.4056
54.6953
52.5643
54.6953
52.5643
48.3023
48.3023
43.33
41.199
41.9094
36.9371
36.2267
36.9371
31.2544
25.5718
19.8892
14.2066
6.39295
-1.42066
-14.2066
-22.7305
-26.2821
-34.8061
-34.8061
-35.5164
-44.0403
-54.6953
-60.3779
-70.3225
-78.8464
-87.3704
-96.6046
-99.4459
-101.577
-101.577
-102.998
-103.708
-108.68
-112.942
-115.783
-117.204
-116.494
-116.494
-111.522
-105.839
-98.0253
-90.2117
-85.9497
-79.5568
-79.5568
-85.2394
-85.9497
-78.8464
-77.4258
-75.2948
-61.0882
-52.5643
-44.7507
-38.3577
-35.5164
-34.0958
-36.2267
-41.199
-36.2267
-28.4131
-18.4685
-6.39295
7.81361
17.0479
26.2821
36.2267
42.6197
47.592
51.1436
59.6676
68.1915
78.1361
90.922
102.998
106.549
107.97
112.232
112.232
112.232
112.232
108.68
114.363
120.756
122.887
126.438
127.149
122.887
112.942
105.839
102.998
99.4459
91.6323
89.5013
94.4736
93.053
89.5013
85.9497
79.5568
72.4535
65.3502
62.5089
60.3779
58.2469
55.4056
50.4333
48.3023
41.9094
36.9371
27.7028
18.4685
12.7859
7.10328
4.26197
3.55164
-1.42066
-3.55164
-7.81361
-18.4685
-25.5718
-34.0958
-46.8817
-52.5643
-54.6953
-58.2469
-60.3779
-61.7986
-66.0605
-74.5845
-79.5568
-81.6877
-88.791
-90.2117
-90.2117
-89.5013
-89.5013
-88.0807
-88.0807
-93.7633
-95.8943
-97.315
-100.867
-100.867
-100.867
-100.867
-97.315
-95.8943
-93.053
-86.66
-85.2394
-83.8187
-82.3981
-81.6877
-78.8464
-75.2948
-70.3225
-66.0605
-60.3779
-50.4333
-41.9094
-35.5164
-26.2821
-20.5995
-17.7582
-8.52394
-0.710328
5.68263
12.0756
23.4408
31.2544
34.0958
41.9094
46.8817
45.461
49.723
52.5643
53.9849
61.0882
63.9295
66.7708
71.7431
75.2948
74.5845
73.8741
73.8741
73.8741
71.0328
69.6122
66.7708
68.9018
68.9018
66.0605
64.6399
61.7986
56.8263
53.9849
48.3023
42.6197
38.3577
34.8061
32.6751
28.4131
19.1789
16.3375
13.4962
4.9723
0
-4.9723
-8.52394
-10.6549
-14.2066
-19.1789
-22.0202
-26.2821
-30.5441
-34.8061
-35.5164
-35.5164
-36.9371
-34.8061
-33.3854
-34.0958
-34.8061
-37.6474
-37.6474
-37.6474
-38.3577
-34.0958
-30.5441
-27.7028
-26.9925
-25.5718
-24.8615
-23.4408
-21.3098
-15.6272
-13.4962
-11.3653
-3.55164
-2.13098
0
7.10328
8.52394
10.6549
14.2066
16.3375
17.7582
22.0202
24.8615
27.7028
31.2544
33.3854
33.3854
36.9371
41.9094
43.33
49.0126
55.4056
56.1159
60.3779
59.6676
56.1159
53.2746
47.592
49.0126
49.723
49.0126
53.9849
53.9849
51.854
52.5643
46.1713
41.199
37.6474
29.8338
23.4408
17.7582
10.6549
8.52394
4.9723
3.55164
2.13098
-7.81361
-17.7582
-27.7028
-36.9371
-41.9094
-49.0126
-54.6953
-61.7986
-67.4812
-73.8741
-80.2671
-83.1084
-85.9497
-89.5013
-88.791
-93.053
-96.6046
-101.577
-108.68
-112.942
-116.494
-120.756
-122.887
-125.728
-125.728
-122.176
-119.335
-116.494
-111.522
-109.391
-105.839
-102.287
-100.156
-96.6046
-94.4736
-86.66
-78.1361
-70.3225
-61.7986
-58.2469
-52.5643
-42.6197
-32.6751
-21.3098
-12.0756
-1.42066
5.68263
14.2066
22.0202
31.9648
44.0403
53.9849
63.9295
72.4535
80.9774
84.5291
93.7633
102.287
107.97
119.335
125.728
129.99
142.776
145.617
148.459
152.721
151.3
153.431
156.983
160.534
161.244
161.955
162.665
161.955
163.375
158.403
153.431
147.748
142.066
138.514
132.121
126.438
120.045
110.101
100.156
92.3427
87.3704
80.2671
78.1361
81.6877
80.9774
76.0051
67.4812
55.4056
43.33
31.2544
19.8892
7.81361
-2.13098
-12.7859
-26.9925
-37.6474
-48.3023
-58.9572
-72.4535
-83.1084
-88.0807
-93.7633
-96.6046
-100.867
-105.129
-113.653
-119.335
-124.307
-132.831
-137.804
-145.617
-154.852
-159.114
-163.375
-166.217
-170.479
-174.741
-177.582
-175.451
-172.61
-170.479
-165.506
-162.665
-161.955
-159.824
-158.403
-153.431
-146.328
-140.645
-134.962
-127.149
-120.756
-118.625
-111.522
-100.867
-93.053
-81.6877
-69.6122
-58.9572
-46.1713
-35.5164
-23.4408
-11.3653
-1.42066
7.10328
15.6272
26.2821
39.7784
50.4333
61.7986
74.5845
87.3704
95.8943
103.708
112.232
118.625
126.438
134.252
144.197
154.141
161.244
164.796
164.796
162.665
161.244
156.983
155.562
155.562
149.879
146.328
143.486
141.355
139.935
137.093
135.673
131.411
126.438
124.307
121.466
115.073
108.68
98.0253
88.791
80.2671
68.9018
58.9572
49.0126
36.9371
27.7028
22.0202
15.6272
10.6549
4.9723
1.42066
-4.26197
-11.3653
-19.8892
-30.5441
-39.068
-46.1713
-53.2746
-58.2469
-63.2192
-66.0605
-70.3225
-77.4258
-83.8187
-92.3427
-100.156
-103.708
-107.26
-107.26
-108.68
-108.68
-107.26
-110.101
-110.811
-113.653
-116.494
-116.494
-115.783
-114.363
-110.101
-105.839
-103.708
-102.998
-100.867
-98.7356
-97.315
-93.7633
-85.9497
-77.4258
-69.6122
-59.6676
-53.9849
-47.592
-43.33
-41.9094
-36.9371
-32.6751
-27.7028
-21.3098
-15.6272
-6.39295
0.710328
8.52394
17.0479
22.0202
30.5441
36.9371
43.33
49.723
54.6953
60.3779
63.9295
68.9018
77.4258
84.5291
93.053
100.867
107.26
112.942
116.494
118.625
121.466
122.887
125.018
124.307
122.887
119.335
111.522
107.97
101.577
95.8943
92.3427
86.66
82.3981
78.1361
68.9018
60.3779
48.3023
35.5164
23.4408
11.3653
2.13098
-4.9723
-11.3653
-19.1789
-24.8615
-33.3854
-40.4887
-46.8817
-54.6953
-58.2469
-58.9572
-62.5089
-64.6399
-68.1915
-70.3225
-71.7431
-77.4258
-77.4258
-78.8464
-79.5568
-76.0051
-76.7154
-77.4258
-77.4258
-79.5568
-83.1084
-80.9774
-80.9774
-78.1361
-75.2948
-74.5845
-71.0328
-66.7708
-64.6399
-58.9572
-53.9849
-49.723
-41.199
-38.3577
-39.7784
-36.9371
-38.3577
-38.3577
-36.2267
-31.9648
-26.2821
-22.7305
-17.0479
-8.52394
-3.55164
-1.42066
4.9723
9.23427
15.6272
22.7305
27.7028
34.8061
40.4887
43.33
48.3023
52.5643
56.1159
61.7986
66.7708
70.3225
75.2948
78.1361
80.9774
81.6877
83.8187
88.0807
88.0807
90.922
95.8943
97.315
98.0253
99.4459
95.8943
92.3427
90.2117
86.66
83.8187
79.5568
75.2948
71.0328
64.6399
58.9572
54.6953
46.8817
40.4887
35.5164
29.1235
22.7305
17.7582
12.7859
7.10328
0.710328
-4.26197
-6.39295
-11.3653
-19.8892
-22.7305
-29.1235
-36.2267
-40.4887
-47.592
-55.4056
-61.7986
-65.3502
-72.4535
-76.7154
-80.9774
-83.8187
-86.66
-89.5013
-89.5013
-91.6323
-93.053
-93.7633
-93.7633
-94.4736
-95.184
-94.4736
-94.4736
-92.3427
-92.3427
-92.3427
-90.2117
-90.2117
-89.5013
-87.3704
-85.2394
-82.3981
-77.4258
-72.4535
-68.9018
-62.5089
-56.1159
-50.4333
-44.7507
-38.3577
-31.9648
-26.9925
-19.8892
-12.0756
-5.68263
0.710328
7.81361
17.7582
23.4408
31.2544
38.3577
44.0403
49.0126
55.4056
59.6676
63.2192
65.3502
68.9018
72.4535
78.1361
81.6877
83.8187
87.3704
90.2117
91.6323
94.4736
100.867
104.418
109.391
115.783
119.335
123.597
125.728
125.728
122.887
121.466
117.914
112.942
110.811
104.418
100.156
94.4736
89.5013
83.8187
76.0051
70.3225
63.9295
55.4056
46.1713
38.3577
29.8338
21.3098
12.7859
4.9723
-1.42066
-7.81361
-16.3375
-24.1512
-32.6751
-41.199
-49.723
-56.1159
-64.6399
-71.7431
-76.7154
-85.2394
-91.6323
-100.867
-107.97
-113.653
-119.335
-123.597
-129.28
-131.411
-133.542
-134.962
-136.383
-134.252
-133.542
-129.99
-123.597
-116.494
-108.68
-100.867
-95.184
-88.791
-85.2394
-82.3981
-78.8464
-74.5845
-69.6122
-63.9295
-60.3779
-56.1159
-53.2746
-49.723
-44.7507
-37.6474
-31.2544
-24.8615
-17.7582
-12.7859
-6.39295
-1.42066
4.9723
9.23427
12.0756
15.6272
19.1789
22.7305
28.4131
31.9648
38.3577
44.7507
52.5643
62.5089
68.9018
75.2948
78.8464
79.5568
78.1361
78.8464
80.9774
85.2394
88.0807
90.922
95.184
98.0253
100.156
105.839
109.391
111.522
114.363
118.625
120.756
120.045
117.204
115.073
110.811
105.839
102.287
100.867
95.184
90.2117
83.8187
76.7154
69.6122
61.0882
53.9849
45.461
36.2267
29.1235
19.1789
7.10328
-2.84131
-8.52394
-16.3375
-22.7305
-28.4131
-36.2267
-45.461
-53.9849
-63.9295
-72.4535
-79.5568
-84.5291
-88.791
-93.053
-96.6046
-101.577
-105.129
-108.68
-111.522
-113.653
-113.653
-112.232
-112.942
-110.101
-107.26
-103.708
-102.287
-98.0253
-94.4736
-91.6323
-85.2394
-79.5568
-75.2948
-67.4812
-56.8263
-46.1713
-34.8061
-24.8615
-19.8892
-12.0756
-8.52394
-5.68263
-2.84131
1.42066
6.39295
14.9169
24.1512
32.6751
40.4887
44.0403
46.8817
46.8817
46.8817
49.0126
49.0126
48.3023
49.723
50.4333
50.4333
51.1436
49.723
49.0126
48.3023
47.592
46.1713
45.461
42.6197
40.4887
38.3577
35.5164
35.5164
31.9648
29.1235
29.8338
29.1235
31.9648
33.3854
34.0958
33.3854
34.0958
35.5164
36.2267
36.9371
35.5164
35.5164
34.0958
34.0958
34.0958
29.8338
25.5718
22.7305
17.7582
12.0756
7.81361
4.26197
-0.710328
-6.39295
-12.7859
-17.7582
-23.4408
-26.9925
-28.4131
-34.0958
-40.4887
-45.461
-53.9849
-63.2192
-71.7431
-76.7154
-80.9774
-83.1084
-82.3981
-81.6877
-78.8464
-76.0051
-75.2948
-76.7154
-78.1361
-78.1361
-77.4258
-73.8741
-71.0328
-66.7708
-60.3779
-54.6953
-45.461
-36.9371
-29.1235
-23.4408
-15.6272
-10.6549
-2.13098
1.42066
7.10328
14.9169
22.7305
31.2544
37.6474
44.7507
50.4333
53.9849
56.1159
61.0882
64.6399
66.0605
71.0328
73.1638
73.8741
76.7154
80.2671
82.3981
84.5291
83.1084
82.3981
83.8187
84.5291
85.2394
86.66
85.2394
86.66
85.9497
82.3981
79.5568
76.0051
70.3225
64.6399
59.6676
53.9849
50.4333
46.1713
42.6197
36.9371
29.8338
22.7305
18.4685
12.0756
4.9723
0
-5.68263
-12.0756
-19.1789
-26.2821
-31.9648
-38.3577
-43.33
-46.8817
-49.723
-52.5643
-54.6953
-55.4056
-59.6676
-62.5089
-65.3502
-69.6122
-73.1638
-76.0051
-78.1361
-80.9774
-82.3981
-82.3981
-81.6877
-80.2671
-80.9774
-78.8464
-80.2671
-80.2671
-78.1361
-79.5568
-79.5568
-74.5845
-69.6122
-64.6399
-60.3779
-55.4056
-52.5643
-51.1436
-50.4333
-47.592
-46.8817
-44.0403
-39.7784
-38.3577
-34.8061
-31.9648
-29.1235
-26.9925
-26.9925
-22.0202
-17.7582
-12.7859
-5.68263
0
4.9723
12.0756
16.3375
22.0202
25.5718
28.4131
32.6751
34.8061
36.2267
40.4887
41.9094
43.33
44.0403
45.461
49.0126
53.2746
58.9572
64.6399
68.9018
72.4535
76.7154
80.9774
82.3981
83.1084
84.5291
82.3981
79.5568
78.1361
74.5845
71.7431
67.4812
64.6399
63.2192
65.3502
69.6122
73.1638
75.2948
78.1361
76.0051
68.9018
60.3779
55.4056
50.4333
44.0403
37.6474
32.6751
27.7028
19.8892
13.4962
9.94459
6.39295
4.26197
4.9723
4.26197
2.13098
0.710328
-4.26197
-9.94459
-17.0479
-25.5718
-29.8338
-33.3854
-38.3577
-44.0403
-47.592
-52.5643
-56.8263
-60.3779
-63.2192
-61.7986
-61.0882
-61.0882
-66.0605
-62.5089
-55.4056
-62.5089
-70.3225
-72.4535
-73.8741
-80.2671
-82.3981
-80.9774
-69.6122
-61.0882
-63.9295
-61.7986
-58.9572
-60.3779
-61.0882
-57.5366
-51.1436
-45.461
-41.199
-39.068
-37.6474
-34.0958
-32.6751
-30.5441
-22.7305
-19.8892
-16.3375
-6.39295
0.710328
6.39295
10.6549
14.2066
19.1789
22.0202
25.5718
27.7028
31.2544
34.8061
34.8061
32.6751
38.3577
41.199
44.0403
48.3023
46.1713
46.8817
45.461
40.4887
41.199
41.199
39.7784
44.7507
47.592
46.8817
47.592
44.0403
39.068
34.8061
26.9925
26.2821
24.1512
24.1512
26.9925
25.5718
26.2821
24.8615
19.1789
13.4962
10.6549
5.68263
2.84131
0.710328
0.710328
0
-2.13098
-2.13098
-4.9723
-7.81361
-11.3653
-13.4962
-14.2066
-15.6272
-16.3375
-16.3375
-17.0479
-19.8892
-22.7305
-22.0202
-22.7305
-22.0202
-21.3098
-20.5995
-19.1789
-19.1789
-21.3098
-22.0202
-21.3098
-22.7305
-20.5995
-19.1789
-16.3375
-12.0756
-9.94459
-8.52394
-5.68263
-4.26197
-4.26197
-2.13098
1.42066
3.55164
2.84131
4.9723
5.68263
6.39295
7.10328
8.52394
12.0756
16.3375
20.5995
23.4408
26.9925
27.7028
26.9925
25.5718
24.1512
24.1512
24.1512
24.1512
26.9925
27.7028
29.1235
30.5441
30.5441
30.5441
29.1235
24.8615
20.5995
15.6272
14.2066
15.6272
15.6272
19.1789
21.3098
19.1789
12.0756
6.39295
-2.13098
-10.6549
-16.3375
-19.8892
-22.0202
-22.0202
-21.3098
-22.0202
-24.1512
-26.2821
-27.7028
-31.9648
-35.5164
-37.6474
-39.7784
-43.33
-46.1713
-47.592
-47.592
-48.3023
-44.7507
-42.6197
-43.33
-45.461
-46.8817
-49.723
-50.4333
-48.3023
-49.0126
-46.1713
-43.33
-39.068
-35.5164
-33.3854
-29.8338
-24.8615
-22.0202
-22.0202
-18.4685
-15.6272
-13.4962
-10.6549
-5.68263
-0.710328
5.68263
11.3653
15.6272
17.0479
18.4685
19.1789
19.1789
19.8892
23.4408
26.9925
30.5441
33.3854
38.3577
41.9094
41.9094
43.33
45.461
46.8817
46.1713
46.8817
46.8817
49.0126
48.3023
46.1713
44.7507
46.1713
47.592
48.3023
50.4333
53.2746
53.9849
51.854
50.4333
50.4333
48.3023
46.8817
46.8817
45.461
44.7507
44.0403
44.0403
42.6197
42.6197
43.33
39.7784
37.6474
36.9371
33.3854
27.7028
23.4408
21.3098
19.8892
16.3375
11.3653
8.52394
4.26197
-1.42066
-7.81361
-12.0756
-14.9169
-20.5995
-24.8615
-26.2821
-27.7028
-30.5441
-32.6751
-37.6474
-43.33
-49.0126
-54.6953
-59.6676
-63.2192
-67.4812
-72.4535
-75.2948
-78.1361
-80.2671
-81.6877
-82.3981
-83.8187
-82.3981
-83.1084
-85.9497
-88.0807
-88.0807
-88.0807
-88.791
-87.3704
-83.8187
-83.8187
-82.3981
-80.2671
-76.0051
-71.7431
-67.4812
-61.0882
-55.4056
-50.4333
-44.7507
-41.199
-35.5164
-29.8338
-25.5718
-20.5995
-15.6272
-9.23427
-3.55164
1.42066
7.81361
16.3375
23.4408
31.2544
39.068
46.1713
51.854
57.5366
63.2192
69.6122
73.8741
77.4258
80.9774
82.3981
83.1084
84.5291
84.5291
85.9497
86.66
87.3704
88.791
91.6323
93.053
94.4736
93.7633
95.184
95.8943
95.8943
95.184
93.7633
92.3427
88.0807
81.6877
76.7154
71.7431
65.3502
60.3779
56.1159
52.5643
50.4333
48.3023
45.461
41.199
36.2267
31.2544
24.1512
17.7582
12.7859
8.52394
2.84131
-3.55164
-9.94459
-16.3375
-23.4408
-29.1235
-36.2267
-41.199
-46.1713
-50.4333
-52.5643
-56.8263
-60.3779
-65.3502
-71.0328
-75.2948
-78.8464
-84.5291
-86.66
-89.5013
-90.922
-93.7633
-96.6046
-96.6046
-98.0253
-99.4459
-100.156
-99.4459
-96.6046
-93.7633
