SAMPLES: 6037
BITSPERSAMPLE:	16
CHANNELS:	1
SAMPLERATE:	16000
NORMALIZED:	FALSE
99.4115
132.549
191.135
252.903
295.318
321.563
331.637
312.815
259.53
185.038
89.3378
-1.32549
-75.2876
-137.851
-174.964
-182.122
-166.746
-125.656
-90.1331
-73.1669
-75.2876
-88.5425
-110.28
-156.938
-216.85
-280.473
-317.321
-317.056
-288.426
-240.708
-172.578
-78.7339
12.7247
89.3378
136.525
147.924
123.8
75.5527
8.48311
-64.4186
-135.73
-196.967
-226.393
-223.212
-198.028
-162.24
-128.042
-102.593
-80.3245
-85.8915
-115.052
-152.961
-192.196
-228.779
-257.409
-257.144
-231.43
-181.592
-121.945
-62.0328
0.795292
60.7073
103.918
111.606
94.1095
50.8987
-9.8086
-88.8076
-163.83
-222.682
-252.903
-263.507
-236.467
-159.058
-18.0266
189.545
360.797
498.648
593.553
678.384
712.051
672.817
585.865
450.665
336.674
217.91
96.4954
-36.8485
-151.636
-220.826
-237.792
-221.356
-223.742
-219.766
-164.625
-41.6203
82.9755
164.095
198.293
225.863
269.604
294.258
278.617
222.682
179.206
181.061
213.668
245.745
260.326
258.735
256.614
246.806
206.511
124.861
29.4258
-55.9355
-129.898
-190.87
-225.333
-238.588
-194.847
-94.1095
-31.0164
0.265097
17.4964
46.9222
40.0297
-11.1341
-108.16
-228.779
-277.292
-309.369
-344.626
-363.448
-346.217
-287.896
-181.592
-78.2037
-20.1474
15.3756
34.1976
58.3214
55.9355
14.8454
-67.5998
-129.367
-147.659
-157.468
-156.938
-161.444
-150.84
-112.666
-85.8915
-90.9284
-110.546
-136.525
-172.048
-217.91
-259.53
-291.077
-291.607
-270.134
-240.708
-191.4
-133.344
-75.8178
-26.5097
9.27841
5.56704
-28.6305
-74.7574
-124.596
-160.384
-193.256
-210.752
-211.017
-157.733
-32.0768
113.462
270.929
411.696
545.04
646.837
694.82
681.83
602.566
497.588
366.895
234.611
99.6766
-29.6909
-146.864
-225.068
-251.842
-247.601
-234.346
-222.682
-162.24
-58.0563
61.5026
163.83
235.671
301.416
357.616
401.092
418.324
402.948
369.281
336.939
315.201
298.234
270.399
234.346
196.967
161.179
136.525
99.1464
52.4893
2.91607
-45.3316
-94.1095
-141.562
-171.783
-178.145
-168.867
-159.323
-140.502
-91.7237
7.15763
90.6633
118.764
100.472
61.2375
15.1105
-43.476
-118.498
-226.923
-308.308
-352.049
-363.448
-338.264
-316.526
-304.067
-260.326
-181.857
-123.8
-90.6633
-71.3112
-55.4053
-23.8588
2.91607
-16.7011
-67.3347
-114.787
-162.505
-200.148
-241.239
-295.849
-334.288
-332.962
-312.02
-281.268
-251.047
-227.188
-191.135
-159.323
-138.116
-123.535
-112.931
-116.643
-127.777
-137.32
-161.179
-194.581
-229.309
-245.215
-262.181
-294.523
-318.912
-353.64
-183.447
188.484
513.493
677.854
774.879
959.652
1064.37
1050.05
892.583
688.458
502.624
275.171
55.6704
-158.263
-374.317
-569.959
-594.348
-489.37
-382.005
-353.905
-286.57
-53.2846
245.215
443.508
449.87
444.568
473.199
503.95
522.772
474.259
397.646
361.328
428.927
521.181
529.664
462.33
365.304
271.725
170.723
29.956
-133.609
-277.822
-374.582
-395.26
-372.462
-337.999
-273.315
-169.132
-53.0195
12.7247
31.8117
19.3521
-10.869
-47.4524
-113.727
-178.941
-149.25
-27.8352
82.4453
115.317
113.462
129.367
118.764
60.4422
-70.2508
-252.373
-428.132
-560.681
-634.908
-666.985
-661.948
-606.012
-449.34
-214.729
10.6039
149.25
211.548
255.289
270.929
195.642
8.74821
-214.729
-399.767
-521.446
-564.922
-534.436
-459.944
-346.747
-188.749
-13.2549
127.777
187.159
169.927
83.2405
-38.4391
-156.407
-268.013
-339.855
-370.606
-353.11
-314.405
-248.661
-161.444
-97.2907
-84.0358
-126.717
-187.159
-229.309
-170.723
-16.1709
224.272
478.501
712.582
939.505
1121.1
1193.73
1122.69
971.847
751.816
490.96
193.786
-108.16
-370.871
-543.715
-607.338
-565.983
-430.783
-273.846
-98.3511
103.123
336.674
532.58
608.663
590.637
530.725
473.464
410.636
346.747
296.114
267.218
277.292
334.818
415.407
457.558
434.494
353.905
234.081
99.1464
-50.6336
-221.091
-368.22
-442.182
-437.676
-373.787
-274.906
-160.384
-56.4657
22.7984
75.2876
79.5292
32.8721
-49.3081
-152.961
-194.316
-181.857
-159.854
-148.189
-143.418
-121.945
-107.099
-82.9755
-110.811
-159.058
-195.642
-251.312
-311.224
-351.254
-372.727
-391.549
-362.918
-305.392
-233.551
-148.985
-56.4657
17.2313
47.9826
30.2211
-50.8987
-154.287
-272.52
-386.777
-478.766
-556.704
-568.103
-511.638
-406.129
-271.725
-156.142
-66.5394
-16.9662
7.95292
-9.5435
-63.0932
-131.488
-194.051
-229.309
-251.842
-237.527
-222.682
-222.152
-221.886
-217.115
-228.249
-261.916
-292.667
-299.825
-54.61
403.743
783.097
946.132
1038.39
1187.64
1213.88
1091.14
845.13
605.217
385.451
123.005
-112.401
-265.362
-370.871
-502.89
-520.121
-392.874
-238.588
-157.468
-66.0092
158.528
440.857
617.677
642.331
663.539
714.437
722.655
674.408
606.543
550.607
496.527
462.33
453.581
411.961
301.151
144.478
-4.77175
-131.488
-255.024
-366.63
-440.857
-449.605
-394.2
-307.513
-192.726
-38.4391
116.113
214.729
234.876
220.031
173.109
81.3849
-40.5599
-166.746
-232.755
-219.235
-158.528
-94.3746
-64.9488
-68.13
-70.781
-76.0829
-122.475
-205.45
-311.754
-431.048
-512.698
-525.953
-500.504
-450.665
-369.015
-266.688
-139.441
-9.01331
76.6131
118.498
120.619
52.7544
-93.3142
-278.087
-435.555
-556.439
-641.535
-698.001
-683.156
-573.405
-432.109
-294.788
-187.954
-89.3378
-23.5937
-24.1239
-65.2139
-128.837
-195.377
-274.376
-343.566
-360.797
-330.046
-308.573
-323.419
-305.657
-257.144
-218.44
-225.863
-235.671
47.9826
565.453
953.82
1036.8
1049.26
1182.07
1165.9
942.421
609.989
393.669
257.144
30.4862
-203.065
-316.261
-350.989
-461.799
-494.672
-354.435
-156.672
-73.697
13.7851
283.919
649.488
883.834
894.968
923.599
1010.55
1020.89
867.663
649.223
481.682
344.361
254.758
196.437
139.441
56.9959
-47.4524
-138.911
-183.447
-232.755
-328.986
-407.72
-391.019
-290.547
-194.316
-101.002
38.7042
217.91
357.351
374.317
320.238
250.782
131.488
-16.1709
-150.31
-257.94
-331.637
-355.23
-309.634
-243.359
-181.592
-165.156
-185.833
-208.101
-239.118
-278.617
-321.563
-352.844
-351.784
-294.258
-205.981
-100.207
-1.59058
49.5732
50.6336
26.2446
-10.0737
-84.566
-207.041
-371.666
-554.318
-677.324
-711.786
-698.531
-671.226
-603.627
-474.259
-325.539
-189.279
-98.3511
-53.5497
-22.2682
-6.62743
-42.6807
-111.076
-186.363
-270.664
-327.925
-340.385
-326.865
-330.576
-375.378
-427.072
-421.77
-391.019
-341.18
-337.469
-110.811
436.88
941.626
1159.01
1134.88
1237.47
1269.29
1065.43
687.927
393.669
294.788
134.404
-90.6633
-255.289
-280.208
-371.136
-459.679
-424.951
-260.06
-128.042
-60.9724
176.025
552.728
909.284
998.091
977.414
1028.84
1046.34
904.512
628.546
414.877
283.389
217.115
187.424
166.481
141.297
89.6029
7.95292
-70.2508
-141.562
-259.265
-394.465
-451.461
-367.69
-216.584
-82.9755
68.6602
266.953
471.873
565.983
509.252
364.509
168.337
-53.2846
-282.594
-460.739
-571.55
-543.715
-399.502
-245.745
-107.895
-33.4023
-30.7513
-104.183
-195.642
-303.536
-393.404
-422.565
-412.491
-343.566
-239.118
-160.914
-132.814
-124.861
-175.229
-264.567
-356.821
-436.35
-482.477
-505.806
-526.748
-544.245
-511.638
-442.712
-406.659
-390.488
-358.412
-311.489
-256.879
-220.296
-169.662
-116.378
-69.9857
-64.4186
-118.498
-187.689
-270.399
-359.207
-418.324
-414.877
-399.502
-410.901
-440.592
-392.874
-318.382
-251.842
-254.228
-103.123
460.474
1046.6
1320.18
1267.96
1290.49
1349.61
1194.79
859.711
549.812
477.44
385.717
152.431
-68.13
-131.223
-240.708
-431.578
-496.527
-366.895
-181.857
-73.9621
151.636
541.859
954.615
1112.88
1051.64
1019.3
982.451
813.849
525.423
318.117
246.54
259
291.872
304.862
291.607
225.863
79.5292
-120.354
-282.594
-432.109
-568.634
-606.808
-472.668
-223.742
9.8086
211.017
386.777
528.339
548.221
382.005
111.871
-139.706
-358.677
-543.715
-663.273
-657.441
-538.413
-395.26
-250.517
-145.273
-40.0297
0.530195
-42.1505
-117.173
-183.182
-186.363
-182.917
-170.192
-164.891
-165.686
-199.618
-294.523
-424.156
-568.103
-711.256
-808.547
-792.906
-686.602
-555.909
-461.534
-384.921
-298.5
-229.574
-221.356
-283.654
-328.19
-308.043
-243.094
-151.371
-58.0563
37.9089
101.002
106.834
55.4053
-55.6704
-214.994
-403.743
-551.402
-620.063
-593.553
-506.336
-397.646
-314.936
-275.701
-241.239
-214.729
-169.662
-104.183
255.554
876.412
1350.14
1472.88
1418.54
1461.75
1389.64
1099.62
710.991
511.108
463.92
304.332
48.7779
-122.21
-168.867
-325.539
-498.913
-491.49
-289.486
-115.052
22.2682
332.962
758.178
1068.34
1081.33
1002.6
979.269
900.535
689.518
459.944
377.233
390.753
427.337
445.629
433.699
367.69
193.786
-78.4688
-336.939
-501.829
-604.952
-641.801
-542.124
-311.224
-72.9018
102.328
250.252
367.955
383.596
226.393
-45.0665
-286.57
-452.786
-546.631
-590.637
-564.922
-469.752
-319.442
-134.935
-25.4493
-39.7646
-155.877
-258.205
-296.114
-259.795
-203.065
-187.159
-173.109
-187.954
-244.685
-353.64
-483.007
-647.633
-820.741
-905.837
-870.58
-746.249
-595.409
-444.833
-347.012
-308.043
-320.238
-340.385
-351.784
-359.737
-365.304
-320.503
-171.253
28.1003
203.065
286.57
254.493
123.8
-29.4258
-171.783
-312.285
-419.384
-455.967
-446.689
-382.8
-273.315
-193.256
-175.494
-199.353
-233.816
-239.118
-230.104
-218.97
-170.988
221.621
962.303
1566.99
1730.02
1572.82
1482.69
1345.37
1059.06
695.35
511.638
550.872
485.923
271.725
61.5026
-45.5967
-250.782
-495.202
-596.469
-515.614
-366.895
-152.961
269.869
791.05
1160.33
1165.1
998.621
881.714
781.772
599.915
374.848
272.52
327.13
495.732
635.703
656.381
537.882
270.929
-117.438
-510.047
-747.839
-821.802
-774.349
-622.448
-378.824
-114.522
96.4954
209.957
197.497
70.2508
-150.575
-397.116
-563.067
-570.754
-459.944
-334.023
-210.222
-68.3951
39.4995
68.13
-13.52
-176.025
-321.298
-396.055
-373.787
-286.57
-182.917
-157.733
-235.937
-356.026
-505.01
-672.287
-821.271
-915.381
-912.2
-785.483
-598.059
-407.455
-236.202
-127.777
-135.73
-218.175
-285.775
-330.576
-334.023
-294.788
-202.004
-58.0563
90.9284
187.424
202.269
147.924
26.5097
-129.898
-267.748
-347.543
-349.133
-288.161
-197.763
-101.797
-71.0461
-113.462
-168.602
-239.383
-318.912
-391.284
-391.019
-339.325
-263.242
-163.565
200.414
953.29
1609.67
1746.99
1458.3
1258.95
1153.7
970.521
729.548
620.063
762.685
826.838
621.388
256.614
-8.48311
-293.463
-627.485
-777.53
-675.998
-457.823
-208.101
238.057
802.98
1166.16
1074.97
729.548
523.302
490.695
432.109
305.922
338.529
563.067
827.634
941.095
836.912
562.802
143.153
-355.761
-754.467
-849.637
-732.994
-574.201
-386.247
-151.371
19.8823
21.738
-98.6162
-252.903
-398.971
-545.305
-637.294
-569.694
-335.878
-84.3009
59.6469
134.139
163.83
91.4586
-39.2344
-194.051
-310.694
-337.204
-274.641
-161.974
-64.1535
-38.9693
-181.857
-412.756
-664.864
-909.814
-1085.84
-1088.75
-923.599
-690.048
-419.914
-225.598
-142.092
-139.441
-170.458
-230.635
-309.369
-337.999
-312.02
-187.689
8.74821
144.743
156.407
77.4084
-37.3787
-152.166
-225.863
-258.205
-280.738
-253.168
-154.022
-66.5394
-26.5097
-32.0768
-83.2405
-179.471
-286.04
-344.361
-338.529
-268.809
-211.813
-147.129
-86.9519
-20.6776
24.389
246.54
859.18
1455.12
1640.16
1398.12
1199.04
1123.22
1003.66
812.523
699.857
846.721
944.011
744.128
312.815
-46.9222
-345.422
-612.375
-729.018
-646.042
-448.81
-196.437
223.477
681.565
934.998
805.896
478.236
279.943
255.024
279.943
308.308
450.665
711.521
950.374
1001.27
801.124
421.77
-15.9058
-415.938
-666.72
-688.193
-552.728
-377.499
-233.286
-157.468
-207.041
-362.653
-534.171
-669.106
-733.259
-708.075
-592.227
-393.404
-166.216
15.9058
98.3511
86.6868
7.95292
-97.5558
-191.665
-221.091
-89.6029
101.267
175.494
107.364
-6.36233
-164.625
-405.334
-666.189
-900.27
-989.343
-907.428
-771.168
-648.428
-518.795
-416.468
-379.089
-361.328
-323.154
-257.144
-139.706
11.6643
138.911
221.356
225.068
145.008
22.5333
-82.1802
-172.313
-211.813
-169.397
-69.9857
12.7247
35.2579
-0.530195
-97.5558
-195.112
-292.402
-363.979
-344.096
-248.131
-166.216
-99.6766
-26.2446
-31.8117
-110.546
-200.414
-232.225
-254.758
-201.739
-65.2139
344.361
1093.53
1640.16
1667.73
1305.87
1046.6
897.354
789.725
743.333
827.104
1067.81
1126.66
815.969
235.141
-298.5
-737.501
-977.149
-925.19
-648.693
-305.922
76.8782
519.856
795.557
735.115
331.372
-82.1802
-198.823
-4.50665
291.607
593.023
932.877
1206.72
1282.28
1058.53
616.881
111.606
-301.946
-549.016
-572.61
-362.123
-120.619
-36.3183
-134.404
-352.579
-663.539
-969.461
-1115.79
-1032.02
-760.299
-408.78
-105.244
84.8311
155.082
97.5558
-56.9959
-217.645
-303.536
-313.345
-168.072
96.4954
329.781
415.142
312.285
57.7912
-286.305
-590.107
-815.969
-903.982
-848.311
-744.658
-675.998
-640.21
-626.425
-632.522
-626.425
-595.674
-468.427
-203.86
127.247
341.976
366.63
248.926
67.5998
-85.6264
-187.424
-233.816
-218.44
-132.814
-10.6039
69.7206
71.8414
-44.5363
-245.745
-388.633
-411.961
-339.855
-227.719
-104.183
-2.12078
41.6203
33.4023
-40.0297
-149.25
-250.252
-284.449
-266.953
-199.883
-59.912
227.188
839.033
1467.58
1684.43
1338.48
883.834
727.692
776.205
948.518
1102.27
1332.38
1474.21
1261.33
629.341
-147.659
-716.293
-956.736
-819.416
-474.789
-130.693
115.848
345.157
458.088
308.573
-101.002
-503.95
-543.449
-189.545
330.311
748.105
1031.76
1200.36
1183.92
925.72
494.141
88.8076
-104.979
-85.3613
59.6469
235.406
310.694
168.072
-192.196
-609.724
-966.545
-1178.36
-1150.79
-889.667
-509.252
-203.065
-106.304
-203.33
-401.887
-582.419
-674.673
-633.317
-432.109
-128.837
182.652
437.676
540.268
429.988
136.79
-168.072
-356.026
-417.263
-362.653
-294.523
-262.181
-342.506
-543.449
-817.825
-1038.12
-1090.88
-1001.54
-753.937
-437.941
-137.851
72.3716
125.391
10.869
-194.051
-352.579
-406.924
-322.623
-135.465
53.5497
168.072
196.702
122.21
-28.8956
-190.075
-305.922
-328.19
-227.453
-31.5466
132.814
212.608
202.269
92.519
-84.566
-233.551
-247.336
-157.203
-63.0932
-29.1607
-43.2109
-113.992
-157.203
-112.666
269.604
964.159
1430.2
1353.06
949.844
814.114
915.381
1084.51
1226.61
1401.57
1628.49
1575.47
1101.21
375.378
-211.813
-536.822
-525.953
-286.305
-81.3849
-42.6807
-9.27841
101.002
54.3449
-254.493
-653.465
-742.007
-439.001
20.1474
389.428
651.874
869.519
929.696
800.064
550.077
344.892
291.342
365.039
464.716
510.577
458.088
241.504
-117.438
-484.863
-753.672
-901.331
-872.17
-669.636
-434.76
-354.17
-468.427
-716.558
-980.595
-1147.87
-1157.94
-977.944
-638.089
-243.624
20.4125
176.555
211.813
121.149
-7.15763
-74.7574
-19.8823
70.781
173.639
165.686
57.261
-135.995
-426.276
-721.33
-876.147
-834.791
-646.307
-383.331
-227.453
-230.635
-344.892
-480.091
-599.385
-641.801
-601.241
-504.745
-305.922
-87.4821
32.0768
9.27841
-80.0594
-160.649
-174.434
-69.7206
94.9048
249.191
388.633
481.152
463.655
375.113
273.05
205.45
138.911
94.9048
110.811
171.518
201.209
100.737
-124.331
-355.495
-537.087
-607.603
-530.195
-244.95
431.313
1100.15
1343.51
1060.92
742.538
723.451
894.968
1192.41
1469.7
1786.76
1903.93
1594.03
892.583
182.652
-262.446
-316.526
-42.9458
201.739
187.689
-21.738
-138.381
-290.812
-599.65
-999.417
-1159.8
-878.267
-410.371
-30.7513
162.24
289.486
322.358
258.47
174.964
187.954
323.419
519.326
679.709
733.259
681.83
477.175
209.162
-4.77175
-96.7605
-117.968
-123.005
-124.066
-196.702
-407.455
-739.091
-1074.44
-1301.1
-1384.87
-1307.99
-1069.4
-761.625
-543.449
-519.591
-640.74
-704.364
-512.433
-204.39
65.2139
285.51
462.33
559.09
564.657
481.152
271.725
124.066
69.9857
18.0266
-12.1945
-3.18117
-49.8383
-177.615
-347.277
-581.623
-748.9
-773.289
-732.464
-738.826
-755.262
-751.816
-715.232
-621.123
-551.137
-502.359
-370.871
-147.924
75.5527
235.406
353.11
450.135
494.672
543.715
584.009
647.633
697.736
661.683
568.899
451.461
337.469
157.203
-49.3081
-252.373
-439.531
-576.056
-557.765
-466.836
-176.82
340.12
681.83
576.322
200.679
107.099
319.442
749.43
1147.87
1458.04
1754.68
1777.48
1366.31
719.739
312.815
244.155
486.984
762.95
757.913
458.618
169.132
-14.8454
-309.369
-679.444
-964.424
-897.619
-580.298
-327.395
-295.053
-351.784
-356.026
-373.522
-377.499
-301.946
-101.532
189.014
469.752
579.238
537.617
459.414
418.589
441.917
493.876
551.137
535.231
468.957
327.925
67.5998
-260.856
-578.442
-823.127
-976.884
-1032.55
-1018.77
-998.091
-1031.23
-1171.73
-1364.46
-1384.6
-1203.01
-914.321
-630.666
-388.898
-161.179
40.0297
207.041
242.829
218.44
239.118
325.009
445.629
551.137
606.808
593.553
497.588
285.245
25.7144
-179.206
-291.607
-398.176
-518.265
-655.321
-770.108
-793.966
-774.879
-757.648
-752.081
-697.471
-586.66
-437.145
-283.919
-162.505
-32.3419
132.018
309.899
498.913
725.041
883.039
915.381
877.472
831.345
794.497
722.655
603.892
435.82
303.006
202.534
115.582
-22.0031
-184.508
-365.834
-426.011
-148.454
222.152
344.626
107.364
-64.1535
26.5097
322.889
661.683
903.186
1139.12
1245.16
1072.85
641.535
346.747
393.669
691.374
964.689
927.045
600.445
250.782
70.781
-127.512
-401.887
-651.079
-707.81
-542.654
-372.992
-390.753
-587.721
-799.799
-956.736
-979.004
-792.111
-417.528
-49.043
159.058
162.24
91.7237
154.817
339.059
524.628
589.841
589.311
578.177
564.392
530.725
390.753
164.625
-82.9755
-277.292
-374.848
-424.951
-507.396
-672.552
-897.089
-1120.83
-1255.77
-1211.49
-994.38
-723.981
-516.94
-445.894
-461.269
-440.327
-355.23
-202.004
-4.77175
195.907
374.582
544.245
645.247
586.66
426.011
270.134
210.487
280.208
350.459
290.282
131.223
-69.4555
-284.184
-466.041
-557.235
-562.802
-515.879
-474.524
-517.205
-607.338
-664.599
-662.478
-568.634
-398.706
-187.954
28.1003
209.427
311.489
341.71
370.606
395.79
432.639
505.806
562.802
569.429
569.959
542.389
464.45
331.372
119.029
-98.086
-206.776
-10.869
370.076
581.358
389.958
-3.97646
-135.73
40.5599
340.12
528.869
637.559
747.574
733.789
475.054
153.226
101.267
342.241
670.431
776.47
592.758
296.114
159.058
145.273
61.2375
-54.3449
-93.8444
16.436
97.8209
-26.2446
-357.351
-688.988
-828.959
-773.554
-564.657
-278.882
-14.8454
77.1433
-49.043
-266.688
-330.576
-159.854
118.498
350.724
479.031
542.124
532.58
429.458
229.839
23.3286
-74.4923
-48.5128
18.2917
44.0062
-30.2211
-238.322
-530.99
-824.187
-1004.98
-970.786
-786.013
-665.394
-698.001
-764.541
-773.024
-701.713
-580.828
-489.37
-399.237
-223.477
-15.6407
111.076
188.749
264.037
350.989
442.447
476.115
430.783
379.884
357.351
275.436
140.502
40.5599
-8.21802
-28.1003
-57.7912
-160.649
-330.576
-474.259
-551.137
-548.751
-469.752
-358.677
-242.564
-112.666
-5.56704
26.2446
-1.59058
-18.2917
14.0502
97.2907
247.336
425.746
578.442
627.22
571.815
472.138
345.157
200.679
38.4391
-84.0358
-73.4319
64.6837
182.387
315.996
488.839
518.53
287.365
-29.1607
-97.8209
129.102
502.624
727.427
751.816
736.705
628.281
306.452
-70.5159
-172.048
29.956
356.821
531.255
434.494
225.598
90.6633
-15.3756
-169.397
-281.003
-297.969
-227.984
-165.686
-223.212
-395.525
-511.108
-498.383
-416.998
-320.768
-254.493
-213.668
-196.437
-190.605
-180.796
-65.7441
162.24
370.341
454.377
434.494
379.089
316.526
252.373
179.206
182.917
298.5
419.649
365.834
100.737
-272.255
-606.278
-763.745
-767.457
-681.83
-576.587
-475.319
-432.639
-529.399
-710.726
-862.361
-863.157
-689.253
-410.901
-138.646
74.2272
210.487
190.075
38.7042
-54.61
26.2446
223.742
409.045
472.668
429.458
369.811
283.919
119.824
-48.7779
-120.089
-118.498
-104.713
-146.599
-269.339
-371.401
-384.126
-348.868
-317.587
-282.859
-256.614
-247.071
-221.091
-204.39
-173.374
-68.3951
100.737
263.772
360.797
364.244
288.956
219.235
165.421
108.16
81.9151
119.824
168.867
217.91
243.89
315.201
524.628
656.646
498.913
142.622
9.27841
236.732
611.845
829.224
776.205
659.827
525.953
246.806
-120.619
-212.608
73.9621
502.624
718.149
538.413
161.709
-107.364
-187.424
-252.108
-262.711
-154.817
8.48311
94.6397
-47.9826
-378.294
-654.79
-658.237
-483.803
-291.342
-135.465
-14.0502
35.523
-37.1136
-197.232
-268.278
-95.435
188.484
383.861
435.025
405.069
336.939
239.118
132.549
95.7001
194.051
329.516
324.214
109.75
-222.152
-524.893
-666.985
-677.324
-607.868
-476.38
-405.069
-486.719
-679.975
-827.104
-861.301
-766.661
-598.325
-415.938
-211.017
-73.1669
-89.0727
-182.652
-206.776
-111.341
97.0256
307.248
422.83
454.907
427.602
328.456
188.749
112.666
108.16
177.615
269.604
247.866
95.435
-82.4453
-214.199
-297.969
-316.526
-303.536
-285.245
-256.879
-238.322
-256.084
-264.302
-236.467
-223.477
-188.219
-101.532
25.1842
134.139
177.88
157.998
121.149
133.874
173.109
205.185
222.152
233.021
252.108
272.255
374.317
593.023
740.152
602.301
280.738
117.438
264.832
568.369
738.561
711.256
628.281
510.842
261.916
-10.3388
-37.9089
211.017
507.926
567.308
333.227
26.7748
-111.871
-115.317
-123.005
-141.297
-131.753
-78.999
-64.1535
-198.558
-450.665
-616.616
-580.298
-422.035
-237.262
-84.8311
-6.36233
-49.043
-221.091
-384.391
-318.647
-6.36233
333.757
506.071
483.272
358.412
236.467
169.927
157.733
214.994
332.697
419.914
358.677
137.851
-149.515
-389.958
-504.215
-519.06
-486.984
-410.901
-367.16
-463.92
-691.109
-906.103
-969.991
-841.949
-625.099
-464.981
-369.811
-317.587
-334.023
-392.344
-380.15
-238.057
14.3153
261.121
356.291
303.801
227.719
194.581
188.219
227.453
291.077
360.797
398.441
317.056
110.015
-111.606
-235.671
-261.121
-218.175
-163.3
-136.26
-133.874
-189.014
-315.466
-439.531
-451.726
-312.02
-97.8209
71.5763
143.948
148.72
120.884
81.9151
40.2948
51.694
137.055
217.91
218.705
172.048
174.434
315.731
605.482
781.507
610.254
235.406
59.912
240.443
572.875
753.937
727.692
695.35
629.341
347.012
-31.8117
-115.317
179.206
555.379
665.924
445.098
149.25
-1.59058
-36.5834
-73.9621
-74.2272
-28.6305
23.5937
4.24156
-176.025
-469.752
-689.253
-693.495
-548.486
-353.64
-196.172
-131.223
-187.954
-347.277
-510.842
-484.863
-182.387
205.981
443.243
456.763
349.663
245.48
208.632
238.057
331.372
483.803
617.677
623.509
463.92
217.115
-19.087
-189.279
-291.607
-297.969
-209.957
-162.505
-278.352
-539.208
-795.822
-901.861
-827.634
-670.961
-538.678
-455.702
-433.964
-478.766
-527.544
-499.443
-364.509
-137.055
80.3245
191.4
202.269
174.699
159.589
164.625
194.051
243.359
309.103
349.398
293.728
128.307
-46.6571
-154.287
-190.34
-157.998
-109.75
-96.2303
-153.226
-260.856
-368.485
-437.145
-432.639
-373.522
-277.292
-163.83
-89.6029
-84.8311
-123.8
-176.82
-218.97
-204.39
-113.197
13.2549
97.2907
121.68
110.546
132.284
313.345
559.62
622.183
390.753
117.173
135.73
431.843
740.682
819.946
780.977
765.601
633.317
305.922
55.6704
150.31
487.779
756.323
705.954
428.927
189.81
119.824
130.958
140.767
150.84
124.861
98.8813
19.6172
-185.833
-421.505
-532.846
-481.152
-348.868
-216.054
-129.633
-130.693
-259.53
-480.356
-617.942
-452.521
-56.4657
286.305
395.525
287.365
144.213
96.4954
157.468
292.667
470.017
636.499
698.266
610.784
425.216
197.232
11.9294
-98.6162
-147.659
-90.1331
-15.3756
-58.3214
-271.195
-577.647
-816.765
-876.147
-761.89
-610.519
-514.554
-512.168
-614.761
-736.175
-756.057
-657.971
-449.075
-203.33
-76.8782
-76.348
-126.982
-157.998
-141.297
-85.6264
-6.62743
86.9519
192.461
224.272
138.646
14.3153
-86.6868
-124.331
-68.9253
31.2815
117.438
131.753
51.9591
-75.0225
-193.521
-225.068
-170.192
-89.0727
-37.9089
-51.4289
-105.774
-162.505
-200.944
-225.863
-220.561
-139.441
-14.5804
23.3286
-47.4524
-161.444
-161.709
143.418
539.738
630.401
330.046
25.9795
75.8178
391.284
668.31
719.209
760.299
879.328
770.638
362.918
72.3716
210.752
616.351
896.029
791.05
485.923
287.1
263.242
254.228
208.632
185.833
189.81
230.9
146.069
-152.431
-444.038
-516.675
-408.515
-265.627
-171.253
-126.186
-143.153
-291.342
-559.885
-730.343
-561.741
-170.458
159.854
257.409
126.717
-49.043
-130.958
-105.774
33.9325
273.315
517.205
639.945
590.372
434.229
252.373
133.874
79.5292
47.4524
78.4688
138.911
166.481
101.002
-94.9048
-374.848
-581.889
-580.298
-437.676
-311.224
-311.224
-439.796
-601.241
-685.276
-680.24
-604.422
-473.199
-350.194
-282.594
-285.51
-324.479
-362.653
-344.096
-248.396
-125.921
-5.56704
69.4555
67.8649
-2.91607
-103.653
-176.29
-143.153
-7.95292
138.646
210.752
155.347
2.38588
-157.203
-222.682
-178.145
-77.9386
5.83214
1.06039
-73.1669
-151.371
-195.112
-223.742
-221.091
-202.799
-178.941
-183.447
-227.188
-273.846
-247.601
26.5097
344.361
407.189
150.045
-108.16
-32.607
275.171
576.587
705.424
826.308
949.578
821.006
443.508
212.078
377.499
756.853
1021.68
942.686
670.431
452.786
401.887
394.2
339.325
281.003
237.262
255.024
190.34
-28.8956
-237.792
-284.714
-214.729
-150.84
-131.223
-110.015
-109.75
-217.645
-421.505
-545.305
-409.575
-123.8
110.546
152.696
15.6407
-145.538
-215.524
-172.843
-15.9058
219.501
406.659
457.293
360.532
210.487
88.5425
50.8987
44.0062
21.2078
72.3716
162.505
177.085
55.6704
-143.683
-331.372
-419.384
-389.693
-330.841
-274.906
-271.99
-391.019
-590.107
-702.243
-676.793
-553.523
-413.287
-371.136
-407.189
-434.229
-427.602
-407.985
-352.844
-289.221
-248.661
-199.883
-157.998
-154.817
-159.323
-156.938
-170.192
-152.696
-74.2272
23.5937
98.3511
101.267
24.1239
-33.6674
20.1474
122.74
178.941
200.944
172.578
91.9888
27.8352
0.265097
3.97646
16.1709
-9.8086
-97.8209
-168.602
-209.162
-273.05
-351.519
-322.093
-61.7677
260.06
332.697
44.5363
-213.934
-104.713
242.299
530.725
654.26
802.715
916.972
749.43
339.059
112.401
344.626
803.775
1077.36
956.206
617.412
340.385
254.758
260.591
258.47
265.097
302.476
354.965
273.846
32.3419
-196.702
-271.725
-207.041
-117.438
-25.9795
53.2846
42.6807
-123.27
-382.27
-532.315
-430.783
-154.817
66.2743
102.062
-25.4493
-181.061
-254.493
-210.752
-46.392
168.337
330.046
352.049
252.638
118.233
16.7011
-0.530195
33.9325
78.7339
130.428
161.179
116.643
-34.7277
-234.611
-383.066
-398.971
-288.956
-171.518
-160.119
-266.423
-451.726
-633.317
-678.384
-586.66
-428.132
-273.05
-218.175
-299.03
-443.773
-537.617
-543.184
-453.316
-339.855
-279.147
-243.89
-230.37
-256.879
-311.489
-349.928
-339.059
-246.54
-85.8915
57.5261
112.931
81.3849
24.1239
23.3286
119.824
240.178
327.13
359.472
312.02
211.813
121.945
82.9755
96.7605
108.16
58.0563
-42.9458
-144.213
-220.031
-301.946
-372.992
-399.767
-206.246
208.632
467.101
314.936
-38.7042
-131.488
113.197
442.712
617.146
711.256
873.23
888.341
580.563
207.571
170.988
476.115
828.164
921.478
704.364
408.515
234.081
196.702
205.45
240.708
305.392
407.72
452.521
280.738
-20.9427
-220.031
-216.584
-103.918
24.1239
112.666
113.197
-10.3388
-271.46
-522.242
-538.943
-312.55
-50.8987
81.1198
43.7411
-103.388
-229.309
-271.99
-219.501
-63.0932
130.163
251.312
225.863
80.3245
-112.401
-237.262
-209.162
-94.3746
3.97646
28.1003
21.2078
-30.7513
-191.4
-396.851
-501.299
-399.767
-200.679
-93.5793
-172.578
-314.936
-405.599
-484.598
-536.027
-471.608
-286.57
-111.341
-81.65
-272.52
-534.436
-655.055
-608.133
-472.934
-323.684
-225.863
-234.081
-287.631
-372.992
-470.017
-453.316
-280.473
-50.1034
143.418
237.792
218.44
179.206
166.216
162.505
203.86
328.986
455.702
487.779
405.599
240.178
93.8444
30.2211
3.44626
1.06039
25.7144
12.1945
-88.2774
-235.141
-375.378
-360.267
-14.0502
409.84
507.396
240.443
-27.305
6.89253
275.436
506.071
566.513
690.578
858.12
752.346
379.619
107.364
164.891
437.411
673.877
655.321
473.729
334.288
270.134
208.897
150.045
151.901
241.239
398.706
408.25
176.82
-78.999
-180.266
-146.334
-63.8884
18.2917
69.4555
51.1638
-102.328
-356.556
-497.057
-386.777
-141.562
51.1638
101.797
24.389
-79.5292
-147.659
-197.763
-175.76
-36.3183
143.948
240.973
199.088
31.5466
-167.276
-250.252
-208.101
-125.656
-27.0399
30.4862
-34.7277
-187.689
-360.002
-446.424
-390.223
-259.265
-180.266
-195.642
-234.081
-297.174
-369.281
-398.176
-369.015
-294.258
-213.138
-210.222
-308.043
-428.662
-516.94
-536.292
-492.551
-433.699
-389.693
-336.939
-306.983
-367.955
-461.534
-496.792
-402.418
-186.363
37.6438
163.565
192.991
176.82
133.609
111.341
160.119
270.929
398.176
478.236
448.545
333.492
230.104
154.022
99.1464
68.3951
56.9959
60.1771
38.4391
-53.5497
-193.521
-266.423
-239.913
-120.354
32.607
166.481
274.906
290.547
203.595
88.2774
123.005
317.587
536.822
666.72
664.864
596.469
476.645
327.13
218.175
279.413
475.054
637.029
675.998
577.117
434.494
336.674
316.261
333.757
372.462
412.756
390.223
291.342
111.341
-89.6029
-203.86
-196.172
-143.948
-123.535
-148.454
-196.172
-221.886
-232.49
-241.239
-239.383
-175.76
-80.8547
-29.956
-19.6172
-43.476
-58.0563
-47.7175
-24.389
12.7247
40.2948
23.0635
-59.912
-151.371
-201.474
-203.33
-171.518
-156.407
-184.773
-239.118
-283.389
-293.993
-266.953
-230.9
-214.199
-217.645
-233.286
-243.094
-239.648
-235.141
-248.926
-284.184
-330.311
-374.317
-401.357
-425.216
-450.665
-471.608
-491.49
-506.601
-502.624
-486.719
-467.632
-438.471
-397.381
-336.674
-246.806
-135.73
-46.6571
18.2917
64.4186
96.2303
147.659
217.38
289.751
341.976
363.448
348.868
313.08
286.835
275.171
266.953
244.685
208.632
157.998
126.451
98.3511
40.825
-34.1976
-99.1464
-106.569
-75.0225
-23.3286
18.8219
53.2846
99.6766
113.992
100.737
106.834
176.025
270.664
349.928
386.247
395.525
418.854
427.867
405.599
377.499
410.371
487.779
564.922
616.086
606.278
559.885
493.876
422.565
361.858
321.298
276.231
197.232
106.569
15.9058
-66.5394
-115.317
-134.935
-160.384
-192.726
-216.85
-206.246
-158.793
-119.559
-113.197
-127.777
-123.8
-96.4954
-51.9591
8.21802
54.0798
66.0092
46.9222
10.3388
-31.2815
-72.6367
-111.606
-135.73
-137.851
-127.512
-121.945
-137.32
-189.014
-277.557
-350.459
-349.398
-268.013
-164.095
-115.052
-149.78
-229.574
-296.644
-321.298
-303.006
-263.242
-234.081
-247.071
-303.271
-371.666
-423.36
-444.038
-449.605
-453.847
-450.4
-432.374
-402.683
-380.945
-379.089
-375.908
-344.626
-264.037
-147.394
-36.3183
39.4995
68.3951
62.2979
53.8148
82.7104
163.565
263.772
328.986
325.805
273.05
224.272
200.148
203.86
221.356
238.588
250.517
231.165
173.639
94.9048
27.305
-3.71136
-3.71136
6.09724
7.68782
-9.5435
-44.0062
-75.0225
-70.781
-8.48311
85.3613
168.072
204.125
192.726
168.867
173.904
239.118
351.519
467.101
536.822
540.268
494.937
446.159
430.518
450.4
470.548
463.125
437.145
403.743
352.314
266.953
157.733
67.8649
29.956
35.7881
49.8383
40.2948
-4.50665
-78.999
-150.84
-177.085
-145.538
-82.9755
-36.3183
-35.7881
-67.8649
-102.858
-117.703
-104.979
-71.8414
-36.3183
-9.8086
5.03685
-2.38588
-34.9928
-80.5896
-114.257
-119.029
-101.267
-78.7339
-78.7339
-114.787
-169.662
-208.632
-206.776
-171.253
-135.73
-128.307
-157.203
-206.511
-252.903
-274.641
-266.688
-243.89
-235.406
-260.326
-316.261
-383.066
-435.555
-464.981
-468.692
-449.34
-416.468
-386.777
-373.257
-382.005
-396.055
-383.861
-335.613
-260.856
-177.615
-103.388
-49.8383
-17.2313
6.62743
32.0768
73.4319
130.958
191.4
240.708
270.134
280.208
284.184
287.365
291.342
303.801
319.972
320.238
286.835
222.682
156.142
111.076
94.6397
86.9519
64.6837
29.6909
-15.6407
-62.8281
-101.532
-121.415
-118.764
-91.4586
-29.6909
51.9591
120.884
147.924
137.585
123.005
142.092
204.39
295.583
394.73
464.716
475.054
420.179
332.962
263.507
246.275
279.678
325.805
345.952
326.335
282.594
237.527
195.907
149.515
103.123
76.0829
75.2876
89.868
98.086
88.5425
59.6469
13.52
-38.9693
-72.9018
-69.9857
-49.8383
-40.0297
-49.3081
-62.8281
-69.1904
-74.7574
-90.3982
-116.113
-132.549
-123.005
-101.532
-94.3746
-108.425
-123.535
-124.596
-120.354
-121.149
-124.861
-118.233
-111.871
-128.307
-168.072
-197.497
-199.088
-182.652
-169.132
-173.904
-193.521
-221.621
-262.181
-320.503
-378.029
-409.31
-407.72
-383.861
-355.761
-337.469
-329.516
-332.697
-348.868
-360.797
-340.12
-275.701
-194.847
-135.73
-112.931
-104.448
-86.4217
-54.61
-15.1105
35.523
88.2774
126.717
153.226
183.712
231.695
278.882
292.667
265.362
229.574
220.031
230.9
235.141
217.91
189.545
170.723
163.3
148.72
111.341
60.9724
18.2917
-2.65097
-3.18117
5.30195
6.62743
-8.48311
-36.5834
-67.0696
-79.2641
-63.6233
-30.4862
0
42.4156
116.908
185.303
201.474
166.481
125.921
120.619
150.045
187.159
225.068
270.134
280.738
230.37
170.192
155.347
183.712
218.44
226.923
211.813
218.44
249.457
264.832
248.396
217.115
180.001
150.84
143.418
142.357
144.213
143.683
121.415
79.2641
39.4995
12.4596
-8.74821
-31.0164
-56.2006
-73.1669
-68.13
-56.9959
-67.5998
-95.9652
-119.824
-131.753
-134.139
-129.367
-119.029
-102.593
-95.7001
-114.257
-143.683
-162.77
-176.025
-187.954
-198.558
-211.813
-228.249
-258.47
-303.271
-339.325
-355.495
-362.123
-371.931
-384.391
-395.525
-402.418
-398.176
-387.837
-378.294
-359.737
-328.456
-284.714
-232.225
-181.857
-145.273
-118.764
-91.1935
-55.9355
-3.44626
59.3818
112.401
144.743
161.974
181.857
210.487
236.732
247.601
244.155
238.322
238.588
234.876
218.175
199.353
184.508
170.723
151.636
127.247
101.002
76.348
55.6704
38.174
28.6305
24.9191
16.1709
-2.38588
-20.1474
-28.3654
-27.0399
-15.9058
-2.91607
6.62743
14.5804
20.1474
22.2682
23.3286
20.9427
16.436
20.4125
29.956
44.0062
53.0195
47.1873
35.2579
31.0164
42.6807
65.479
88.0123
106.569
129.898
158.793
178.676
185.038
190.34
205.981
225.068
239.913
244.155
236.997
225.068
213.668
197.232
179.736
168.867
152.431
126.451
98.3511
71.5763
50.8987
41.6203
32.0768
16.9662
2.12078
-9.01331
-18.2917
-22.5333
-24.389
-24.1239
-15.3756
-7.95292
-12.4596
-25.1842
-41.6203
-58.3214
-69.7206
-78.7339
-91.1935
-108.16
-133.079
-169.397
-207.041
-234.876
-257.675
-278.617
-297.439
-316.526
-330.311
-337.734
-345.422
-352.579
-350.724
-335.348
-310.959
-281.268
-252.903
-226.923
-199.353
-170.988
-138.381
-94.3746
-45.8618
-3.71136
31.0164
55.4053
68.6602
84.0358
104.183
121.68
136.79
143.418
135.995
121.945
103.653
82.1802
67.0696
57.5261
49.043
39.7646
25.1842
5.03685
-13.52
-25.9795
-34.4626
-29.6909
-16.9662
-7.15763
1.59058
7.42272
9.5435
12.1945
20.6776
29.956
40.0297
51.9591
57.261
57.5261
51.694
36.0532
21.4729
17.2313
19.3521
23.0635
24.389
19.8823
15.6407
15.3756
20.9427
36.0532
59.912
85.8915
108.16
126.982
145.008
163.83
184.773
204.92
221.886
236.997
244.95
242.034
236.732
230.9
224.537
214.464
200.679
183.182
165.686
148.454
125.391
104.448
87.217
72.3716
61.5026
53.0195
43.2109
31.2815
21.738
14.3153
11.3992
9.01331
2.65097
-7.68782
-19.3521
-31.8117
-44.5363
-57.261
-71.0461
-86.1566
-104.713
-127.777
-155.082
-182.652
-205.715
-226.923
-245.215
-264.567
-281.003
-293.463
-304.597
-313.08
-318.912
-318.647
-311.489
-299.03
-279.413
-253.963
-224.803
-194.051
-159.058
-120.354
-79.5292
-38.9693
-2.38588
29.956
57.261
81.9151
103.918
123.535
139.176
147.394
147.924
138.911
119.824
96.2303
74.4923
58.0563
46.6571
36.3183
23.0635
8.74821
-7.68782
-22.7984
-34.4626
-39.4995
-37.1136
-27.305
-12.1945
1.85568
12.1945
19.087
22.5333
24.389
28.3654
32.0768
33.4023
32.3419
26.5097
17.4964
5.83214
-7.42272
-19.8823
-28.8956
-35.2579
-38.9693
-40.2948
-40.0297
-34.9928
-26.7748
-13.2549
8.21802
33.4023
59.912
82.9755
102.328
119.294
132.018
143.153
154.552
161.444
163.035
161.709
155.612
145.008
133.079
119.824
105.509
91.1935
78.999
68.3951
59.3818
51.1638
47.9826
48.7779
54.8751
64.6837
72.9018
81.1198
89.3378
94.9048
99.4115
97.8209
94.1095
91.9888
89.6029
89.0727
86.1566
74.2272
53.2846
27.305
-1.59058
-28.3654
-53.0195
-75.2876
-94.1095
-112.136
-129.898
-150.31
-171.518
-189.014
-202.534
-209.957
-212.078
-211.283
-209.427
-204.125
-195.112
-181.857
-165.156
-146.069
-123.8
-100.737
-76.6131
-52.2242
-29.6909
-11.3992
6.89253
22.5333
36.0532
46.1269
50.3685
49.5732
43.2109
30.7513
14.5804
-2.38588
-19.3521
-32.0768
-44.2712
-59.1167
-73.697
-84.8311
-88.8076
-90.3982
-87.217
-78.999
-69.1904
-56.2006
-42.9458
-30.4862
-19.087
-5.30195
6.36233
16.9662
25.4493
27.5701
27.305
23.3286
15.9058
6.89253
-2.38588
-10.0737
-16.9662
-19.3521
-20.6776
-19.6172
-13.52
-3.97646
7.68782
23.0635
40.0297
57.261
77.6735
100.737
121.149
140.767
158.263
168.867
177.35
180.266
177.085
174.169
168.337
155.877
138.646
119.029
98.086
77.6735
60.4422
44.2712
31.5466
23.5937
17.7615
11.3992
3.97646
1.32549
3.18117
12.7247
24.1239
32.8721
44.0062
53.2846
58.8516
62.8281
65.2139
68.13
72.1065
73.9621
69.1904
56.4657
38.7042
19.3521
-1.06039
-22.7984
-47.4524
-75.2876
-102.593
-128.307
-157.203
-186.628
-211.813
-229.309
-235.937
-236.732
-236.202
-233.286
-225.598
-210.752
-189.014
-163.565
-134.404
-101.002
-66.5394
-33.6674
-6.89253
14.3153
34.9928
52.4893
67.8649
78.4688
82.1802
81.1198
72.3716
58.3214
43.7411
27.8352
14.8454
6.36233
-2.38588
-16.1709
-32.0768
-44.5363
-50.1034
-46.6571
-34.9928
-22.5333
-14.0502
-6.62743
0.530195
6.62743
16.7011
31.5466
45.5967
56.2006
61.7677
58.5865
50.8987
43.2109
34.7277
28.8956
26.7748
25.4493
19.6172
10.869
5.03685
1.32549
0.265097
6.09724
14.5804
19.8823
25.7144
31.0164
39.2344
53.0195
67.0696
80.8547
93.0491
103.653
112.136
113.727
111.871
109.75
107.895
104.979
100.737
91.9888
75.2876
50.3685
24.654
3.44626
-14.3153
-24.9191
-31.2815
-38.7042
-45.0665
-48.7779
-51.9591
-48.2477
-37.9089
-28.3654
-18.5568
-6.62743
9.27841
26.2446
40.0297
52.4893
63.8884
72.9018
81.65
85.8915
81.9151
71.0461
52.2242
33.6674
17.4964
-2.65097
-23.8588
-47.4524
-72.3716
-97.0256
-122.475
-143.418
-156.938
-169.662
-179.736
-184.773
-187.954
-182.917
-172.048
-159.323
-145.273
-130.693
-111.871
-89.868
-69.9857
-52.4893
-38.174
-24.9191
-8.74821
6.62743
21.2078
30.4862
31.0164
27.305
18.8219
6.62743
-3.18117
-8.21802
-12.9898
-24.1239
-38.174
-52.2242
-62.2979
-69.4555
-72.3716
-69.7206
-62.2979
-51.9591
-38.9693
-25.9795
-13.2549
-0.530195
14.8454
33.1372
49.8383
61.5026
68.13
69.1904
68.9253
68.6602
65.7441
63.6233
61.7677
57.5261
55.1402
53.2846
51.4289
55.9355
61.7677
66.0092
69.4555
71.0461
75.0225
82.7104
94.3746
108.425
117.703
124.596
131.753
134.139
135.73
137.585
136.79
137.32
134.935
124.066
114.257
105.509
94.3746
84.3009
76.6131
67.5998
58.5865
49.8383
40.0297
29.1607
16.436
7.42272
1.85568
-1.85568
-2.91607
-3.71136
-5.03685
-3.71136
-5.30195
-8.48311
-7.95292
-8.74821
-7.15763
-3.97646
-7.95292
-15.9058
-23.0635
-30.2211
-35.523
-42.1505
-54.3449
-70.781
-90.9284
-107.099
-121.945
-138.381
-151.636
-165.951
-178.145
-189.014
-200.148
-205.45
-204.655
-197.763
-188.219
-175.229
-157.468
-139.441
-122.21
-104.713
-91.4586
-77.6735
-60.7073
-44.2712
-29.4258
-19.6172
-15.6407
-15.9058
-18.5568
-18.5568
-20.6776
-23.5937
-24.389
-27.8352
-31.2815
-32.3419
-33.9325
-32.607
-30.4862
-31.2815
-30.2211
-28.6305
-23.8588
-16.9662
-11.1341
-5.30195
-0.795292
8.48311
20.4125
28.8956
34.4626
37.6438
39.7646
46.392
57.7912
66.8045
75.0225
79.2641
81.3849
82.4453
83.2405
89.6029
98.6162
108.16
114.257
115.582
115.582
115.317
115.582
114.787
115.052
113.462
114.522
119.294
123.27
124.596
120.354
116.378
114.522
115.848
118.233
119.559
119.824
120.354
119.559
114.787
106.834
95.1699
82.9755
67.5998
51.1638
34.1976
20.4125
10.3388
1.06039
-6.09724
-14.5804
-21.4729
-25.1842
-28.3654
-28.6305
-27.0399
-20.4125
-11.9294
-2.65097
5.03685
7.42272
3.97646
-1.32549
-5.03685
-10.0737
-14.3153
-23.3286
-34.7277
-45.5967
-59.912
-73.4319
-89.3378
-105.244
-118.233
-131.223
-142.092
-148.189
-151.105
-151.901
-151.901
-153.226
-150.575
-145.008
-137.32
-130.958
-126.186
-119.029
-109.485
-101.002
-92.7841
-86.9519
-82.4453
-77.6735
-74.7574
-70.2508
-63.3583
-56.7308
-48.7779
-45.3316
-43.2109
-40.2948
-39.2344
-36.0532
-31.0164
-27.5701
-24.389
-21.2078
-19.087
-17.4964
-18.0266
-24.1239
-28.8956
-30.4862
-26.5097
-20.6776
-17.7615
-15.9058
-12.4596
-7.42272
-3.71136
0.530195
7.42272
16.7011
26.7748
36.0532
44.2712
53.0195
60.7073
68.13
71.0461
72.1065
77.6735
82.7104
86.9519
92.519
98.086
102.858
107.895
117.173
123.27
123.535
125.921
127.512
130.693
137.32
140.236
141.297
144.743
142.357
135.465
128.572
118.233
106.039
95.7001
82.7104
71.5763
63.3583
55.1402
48.2477
42.4156
34.7277
25.1842
18.0266
14.3153
14.8454
15.9058
14.5804
14.8454
19.6172
24.389
24.1239
18.0266
10.3388
6.62743
0.795292
-7.68782
-15.3756
-22.0031
-29.4258
-37.6438
-45.5967
-52.4893
-58.0563
-65.479
-75.2876
-80.0594
-80.5896
-81.9151
-81.3849
-79.7943
-78.4688
-78.2037
-82.7104
-88.2774
-90.3982
-93.5793
-97.5558
-101.267
-102.593
-99.4115
-94.9048
-96.2303
-98.8813
-99.9417
-99.9417
-97.8209
-94.9048
-89.6029
-81.65
-72.6367
-63.0932
-53.0195
-42.4156
-32.3419
-29.1607
-30.7513
-33.6674
-38.4391
-41.8854
-42.4156
-42.9458
-42.4156
-41.3552
-42.4156
-41.0901
-38.9693
-40.2948
-40.2948
-34.1976
-24.1239
-14.5804
-3.44626
7.42272
12.4596
15.6407
19.6172
20.9427
23.5937
28.3654
32.8721
38.7042
42.6807
46.1269
51.1638
55.4053
60.4422
66.8045
72.6367
77.9386
85.0962
93.5793
103.653
112.136
120.619
132.814
139.971
138.646
133.344
126.451
117.438
107.63
97.5558
90.1331
84.566
75.5527
62.8281
49.8383
35.7881
24.389
15.3756
6.36233
0.265097
-0.265097
-1.85568
-6.62743
-9.5435
-11.1341
-14.3153
-18.0266
-20.6776
-20.1474
-19.3521
-21.2078
-22.0031
-22.0031
-26.5097
-33.1372
-37.3787
-40.2948
-42.1505
-41.8854
-40.2948
-35.523
-27.305
-16.9662
-10.0737
-10.6039
-13.2549
-12.7247
-12.1945
-12.4596
-11.9294
-13.52
-15.3756
-17.2313
-22.0031
-27.5701
-33.4023
-39.2344
-42.6807
-44.0062
-40.2948
-35.2579
-31.8117
-30.7513
-29.4258
-26.2446
-22.0031
-21.2078
-21.738
-18.0266
-14.8454
-10.869
-2.12078
7.95292
12.7247
12.7247
9.01331
0.530195
-6.62743
-12.4596
-18.0266
-22.0031
-20.6776
-15.1105
-11.1341
-10.0737
-11.9294
-13.52
-12.9898
-10.3388
-6.09724
1.59058
10.869
16.7011
18.2917
15.6407
12.9898
10.6039
5.30195
0
-2.91607
-2.65097
-0.795292
0.530195
2.91607
6.62743
9.8086
12.4596
14.8454
19.087
23.0635
25.1842
27.8352
31.8117
36.3183
40.2948
38.4391
34.7277
32.3419
27.305
20.9427
14.5804
8.48311
3.97646
1.59058
-1.85568
-8.48311
-15.6407
-22.0031
-27.0399
-29.956
-29.956
-28.6305
-24.9191
-22.5333
-23.8588
-26.5097
-28.1003
-29.6909
-31.0164
-27.5701
-22.2682
-19.3521
-17.7615
-18.5568
-22.2682
-22.5333
-22.5333
-23.5937
-20.6776
-15.6407
-10.3388
-1.32549
9.5435
16.1709
19.3521
21.2078
22.0031
20.9427
22.5333
25.7144
25.7144
25.9795
24.9191
23.0635
23.5937
20.9427
13.7851
9.01331
8.48311
10.0737
12.4596
15.6407
17.2313
17.2313
18.8219
19.087
18.5568
22.2682
24.654
23.8588
22.7984
22.0031
20.6776
18.5568
17.2313
16.1709
17.2313
20.4125
22.2682
22.2682
22.5333
21.2078
18.0266
15.9058
15.1105
16.1709
16.1709
16.7011
14.8454
12.9898
13.7851
9.8086
3.18117
-3.71136
-7.95292
-11.3992
-14.0502
-14.5804
-13.52
-15.3756
-19.6172
-21.4729
-21.738
-18.0266
-15.1105
-16.436
-15.3756
-11.6643
-7.15763
-0.795292
4.50665
6.36233
7.68782
8.74821
10.3388
11.1341
12.4596
11.9294
8.74821
4.50665
2.38588
2.38588
1.32549
-3.44626
-8.21802
-10.6039
-14.5804
-21.4729
-27.305
-31.2815
-38.4391
-46.6571
-51.4289
-56.2006
-60.9724
-66.8045
-73.1669
-77.6735
-80.0594
-81.1198
-82.1802
-81.9151
-82.4453
-82.1802
-79.2641
-76.6131
-74.2272
-69.7206
-64.1535
-60.1771
-54.61
-47.1873
-41.3552
-34.1976
-28.3654
-24.1239
-16.436
-9.01331
-3.97646
0.265097
2.91607
5.30195
9.27841
14.8454
20.6776
25.1842
30.2211
32.607
33.1372
33.9325
37.1136
39.7646
40.5599
41.8854
44.5363
46.9222
48.7779
50.1034
52.4893
55.6704
58.5865
62.563
67.0696
72.6367
78.2037
80.8547
82.7104
85.0962
88.0123
90.1331
91.4586
91.7237
91.9888
91.1935
90.3982
90.9284
90.9284
89.6029
88.0123
84.566
80.3245
75.2876
69.7206
63.6233
55.1402
47.9826
40.0297
32.8721
27.5701
19.6172
11.6643
6.36233
1.59058
-3.71136
-6.36233
-10.0737
-15.9058
-21.4729
-26.7748
-30.2211
-32.0768
-33.4023
-35.7881
-37.3787
-37.6438
-37.1136
-36.3183
-35.7881
-37.3787
-37.3787
-36.8485
-39.2344
-41.3552
-41.8854
-44.2712
-47.9826
-51.4289
-56.4657
-61.7677
-64.4186
-68.9253
-74.4923
-79.5292
-83.5056
-87.4821
-91.7237
-95.1699
-96.7605
-97.8209
-98.086
-99.1464
-101.267
-99.4115
-98.086
-95.1699
-91.9888
-89.868
-84.566
-77.4084
-70.5159
-62.2979
-53.2846
-46.6571
-41.0901
-37.3787
-32.0768
-23.5937
-15.6407
-9.5435
-3.44626
2.91607
7.42272
10.3388
12.1945
14.0502
17.2313
21.2078
26.5097
29.6909
33.1372
38.7042
40.0297
39.7646
39.7646
40.0297
40.2948
39.7646
37.9089
39.7646
41.3552
41.3552
42.4156
44.8014
50.3685
55.6704
59.3818
63.8884
69.1904
75.5527
80.5896
84.566
87.217
92.519
96.7605
96.7605
97.5558
99.1464
98.6162
95.7001
90.3982
86.6868
84.0358
79.2641
74.2272
68.6602
64.1535
59.3818
52.2242
44.5363
39.4995
36.0532
32.607
26.7748
21.738
18.8219
16.7011
13.52
9.5435
5.56704
2.12078
-0.795292
-4.24156
-7.15763
-9.27841
-10.0737
-11.1341
-14.5804
-15.9058
-16.7011
-18.5568
-19.3521
-18.8219
-17.7615
-18.2917
-21.4729
-24.654
-28.1003
-32.0768
-37.1136
-42.1505
-49.043
-55.9355
-61.7677
-69.7206
-77.6735
-85.8915
-92.519
-96.4954
-101.002
-101.797
-101.002
-101.267
-100.737
-98.3511
-95.435
-90.6633
-87.4821
-83.5056
-77.9386
-72.9018
-67.0696
-62.0328
-58.5865
-55.6704
-51.4289
-46.9222
-41.6203
-35.2579
-29.4258
-23.3286
-17.2313
-10.3388
-6.36233
-3.18117
0.795292
5.83214
10.0737
12.9898
13.52
12.7247
11.1341
9.5435
8.21802
6.62743
3.97646
3.44626
5.56704
6.36233
7.68782
7.68782
7.15763
8.21802
11.6643
17.2313
23.8588
29.4258
35.2579
40.2948
46.6571
53.0195
56.2006
59.912
63.3583
68.6602
73.1669
76.8782
79.7943
81.3849
81.1198
80.8547
81.1198
79.7943
77.4084
73.4319
70.781
68.6602
65.479
61.7677
56.9959
52.4893
46.6571
41.3552
37.9089
33.6674
28.3654
24.9191
21.4729
19.3521
16.436
12.7247
9.01331
7.42272
6.36233
3.97646
2.12078
-0.265097
-1.85568
-1.85568
-1.32549
-0.795292
-1.06039
-1.06039
-0.795292
0
-1.59058
-3.71136
-5.03685
-7.95292
-10.869
-13.7851
-17.7615
-21.2078
-26.2446
-30.7513
-34.1976
-39.2344
-43.7411
-48.2477
-51.694
-54.8751
-58.5865
-60.7073
-62.2979
-63.3583
-63.8884
-64.1535
-63.6233
-62.8281
-62.0328
-59.912
-56.2006
-53.8148
-51.694
-50.3685
-47.9826
-45.0665
-41.8854
-39.4995
-36.5834
-33.9325
-30.2211
-25.9795
-22.0031
-19.087
-15.9058
-12.9898
-10.869
-8.21802
-5.83214
-4.24156
-3.44626
-3.18117
-2.91607
-2.91607
-3.44626
-4.77175
-6.36233
-8.21802
-8.48311
-8.48311
-8.74821
-7.42272
-4.77175
-0.530195
4.77175
9.27841
12.9898
16.436
19.8823
24.1239
28.3654
33.4023
39.2344
44.0062
47.4524
50.3685
51.9591
54.3449
55.9355
55.1402
55.1402
53.5497
51.1638
48.7779
44.8014
42.9458
41.0901
39.4995
38.7042
37.9089
36.5834
34.9928
32.8721
31.0164
29.1607
25.9795
23.0635
19.3521
13.52
9.27841
6.09724
3.18117
1.32549
-2.38588
-4.24156
-3.97646
-3.71136
-2.12078
-1.06039
1.32549
2.91607
3.44626
5.03685
6.89253
8.48311
9.5435
10.0737
10.3388
9.5435
7.15763
3.71136
0.795292
-1.59058
-5.30195
-9.8086
-14.0502
-19.6172
-24.1239
-28.8956
-32.8721
-36.3183
-40.5599
-43.476
-46.392
-47.7175
-47.1873
-45.8618
-44.2712
-42.1505
-39.4995
-37.9089
-35.7881
-34.4626
-32.3419
-29.956
-28.1003
-28.1003
-28.3654
-27.5701
-24.654
-20.4125
-15.1105
-7.95292
-2.12078
3.97646
10.0737
16.1709
22.2682
26.5097
27.305
26.2446
24.389
22.0031
19.3521
16.436
14.0502
11.1341
7.95292
5.56704
1.85568
-1.59058
-4.77175
-7.15763
-8.74821
-8.21802
-7.95292
-8.74821
-7.68782
-5.83214
-3.44626
0
3.44626
7.42272
11.9294
15.6407
19.6172
22.5333
25.4493
28.8956
29.4258
28.3654
26.2446
23.3286
22.0031
20.9427
19.3521
18.0266
16.1709
14.0502
13.2549
12.7247
13.2549
12.7247
11.6643
9.8086
7.15763
3.44626
-1.32549
-6.36233
-11.9294
-15.6407
-18.8219
-21.738
-22.7984
-23.3286
-23.0635
-20.9427
-18.8219
-16.1709
-13.52
-9.5435
-5.83214
-1.59058
3.44626
7.42272
10.0737
11.1341
11.3992
10.6039
8.74821
7.15763
5.56704
4.24156
3.44626
2.12078
0.530195
-1.06039
-3.44626
-4.77175
-6.89253
-9.01331
-10.869
-12.7247
-14.5804
-16.1709
-17.7615
-18.8219
-19.8823
-21.2078
-22.7984
-24.1239
-24.9191
-25.4493
-25.4493
-24.389
-22.5333
-20.4125
-17.4964
-14.3153
-10.6039
-6.09724
-1.06039
4.50665
10.3388
16.1709
20.6776
24.1239
27.0399
29.4258
32.607
34.1976
35.7881
36.8485
35.2579
33.4023
29.6909
25.9795
22.7984
19.6172
16.1709
12.7247
9.27841
6.62743
3.97646
1.06039
-1.85568
-3.44626
-5.83214
-6.62743
-7.68782
-7.68782
-5.83214
-3.71136
-0.795292
2.91607
6.36233
9.5435
10.869
11.6643
12.4596
12.9898
13.7851
13.52
13.52
13.2549
12.7247
11.1341
9.27841
8.48311
7.15763
6.89253
6.09724
4.24156
2.38588
-0.795292
-4.77175
-8.21802
-11.9294
-15.6407
-18.5568
-21.2078
-24.389
-27.0399
-29.1607
-32.0768
-32.607
-33.1372
-33.1372
-32.607
-32.8721
-31.2815
-29.6909
-27.5701
-25.1842
-23.5937
-21.738
-20.6776
-20.9427
-20.9427
-21.738
-22.2682
-21.4729
-19.6172
-17.7615
-15.9058
-15.3756
-15.1105
-14.5804
-14.0502
-12.9898
-12.7247
-11.9294
-9.8086
-8.74821
-8.74821
-8.48311
-8.48311
-7.42272
-5.30195
-4.24156
-3.44626
-1.59058
-1.59058
-0.530195
1.32549
2.65097
5.30195
8.21802
10.869
13.2549
15.3756
18.0266
20.4125
22.7984
26.5097
30.2211
33.6674
36.3183
36.8485
36.8485
37.1136
37.6438
38.9693
39.4995
38.9693
37.3787
35.7881
34.1976
32.8721
30.7513
28.1003
25.4493
22.7984
19.8823
16.9662
13.52
10.0737
7.42272
5.83214
5.56704
5.83214
5.03685
4.50665
2.65097
1.32549
2.38588
3.97646
5.30195
6.36233
7.42272
7.68782
9.5435
11.6643
12.9898
14.0502
15.1105
15.6407
15.9058
15.9058
13.2549
10.0737
6.89253
4.24156
1.32549
-1.32549
-5.83214
-10.6039
-15.3756
-20.6776
-23.8588
-24.9191
-26.7748
-29.4258
-32.3419
-35.523
-36.8485
-37.6438
-38.9693
-41.8854
-43.476
-43.476
-42.6807
-42.1505
-41.3552
-41.0901
-38.7042
-34.1976
-29.6909
-25.1842
-23.3286
-22.2682
-22.2682
-21.4729
-20.6776
-18.8219
-16.436
-13.52
-9.27841
-6.09724
-3.71136
-2.65097
-2.12078
-1.85568
-1.85568
-1.59058
-1.32549
-1.85568
-1.85568
-1.85568
-3.18117
-4.77175
-5.03685
-5.30195
-4.77175
-3.71136
-2.65097
0
2.91607
6.62743
8.74821
10.3388
10.6039
10.869
11.9294
13.7851
16.9662
20.6776
24.654
28.8956
32.8721
35.7881
37.3787
38.9693
40.0297
40.825
41.8854
42.6807
42.6807
41.3552
40.2948
38.4391
35.7881
33.6674
31.5466
29.6909
27.5701
24.654
20.6776
16.436
12.4596
8.21802
5.03685
2.65097
0.265097
-0.265097
0
1.06039
2.65097
4.50665
6.09724
8.21802
10.6039
12.9898
14.0502
15.3756
16.436
17.7615
17.4964
16.7011
15.9058
14.3153
12.1945
10.3388
7.68782
4.50665
1.32549
-2.65097
-6.36233
-10.869
-16.1709
-21.4729
-26.2446
-30.7513
-34.7277
-38.174
-41.6203
-44.2712
-46.1269
-47.1873
-48.7779
-49.043
-48.7779
-47.4524
-45.3316
-44.0062
-41.8854
-39.4995
-37.1136
-33.9325
-31.0164
-29.1607
-27.0399
-25.4493
-24.1239
-21.4729
-20.6776
-19.8823
-18.0266
-17.4964
-16.1709
-14.8454
-14.0502
-12.7247
-11.9294
-11.1341
-10.869
-10.0737
-8.74821
-7.42272
-6.36233
-4.77175
-4.24156
-2.91607
-1.59058
-0.795292
1.06039
2.65097
3.97646
5.83214
6.62743
6.62743
6.89253
6.36233
5.83214
6.36233
6.36233
7.68782
9.8086
11.3992
14.3153
17.4964
19.8823
23.0635
24.9191
27.305
29.956
31.8117
34.1976
36.0532
36.5834
37.3787
36.8485
36.0532
34.4626
33.4023
32.3419
30.7513
28.6305
25.7144
22.5333
18.8219
14.5804
11.1341
7.42272
4.77175
3.18117
1.32549
0.795292
0.795292
1.32549
1.85568
3.18117
4.24156
5.83214
8.48311
12.4596
15.3756
18.8219
20.6776
21.738
22.7984
22.2682
21.738
20.4125
19.087
16.436
13.52
10.3388
6.36233
2.38588
-2.12078
-7.95292
-12.9898
-17.7615
-22.2682
-23.8588
-25.9795
-27.305
-28.6305
-29.1607
-28.3654
-27.5701
-24.9191
-21.738
-18.5568
-14.3153
-10.0737
-6.36233
-3.18117
-1.32549
-1.06039
-1.85568
-3.71136
-5.30195
-7.68782
-10.0737
-12.1945
-14.0502
-16.9662
-19.6172
-21.738
-24.1239
-24.389
-24.654
-22.5333
-19.087
-14.8454
-9.8086
-6.36233
-3.44626
-1.06039
0.530195
2.65097
5.56704
7.95292
10.0737
10.869
9.01331
6.62743
3.18117
-0.530195
-3.18117
-6.36233
-9.27841
-11.3992
-13.7851
-15.1105
-15.3756
-15.6407
-15.6407
-14.5804
-12.1945
-8.74821
-4.50665
0.795292
5.30195
7.95292
10.3388
11.9294
12.9898
13.7851
14.3153
14.5804
15.1105
15.1105
13.52
12.7247
10.0737
7.68782
6.09724
3.18117
2.65097
2.12078
1.06039
0.265097
-0.265097
-1.59058
-1.85568
-2.12078
-2.12078
-1.06039
-0.795292
0.265097
2.12078
4.24156
6.36233
9.27841
12.1945
14.5804
15.6407
16.9662
18.5568
18.0266
17.4964
16.436
15.1105
