SAMPLES: 8140
BITSPERSAMPLE:	16
CHANNELS:	1
SAMPLERATE:	16000
NORMALIZED:	FALSE
-30.0903
86.3702
57.3944
-52.3794
-0.557227
-7.80118
-79.6835
12.259
67.4245
-65.1956
-15.0451
101.973
-16.1596
-72.9968
-17.274
7.24395
-37.3342
-54.051
54.051
25.0752
-54.051
22.8463
25.6325
-95.8431
-23.9608
75.7829
-84.6985
-56.8372
106.988
-11.7018
-74.1112
53.4938
8.91564
-84.6985
-17.8313
23.4035
-5.57227
-33.9909
-6.68673
46.8071
3.90059
-48.4788
8.91564
7.80118
-55.7227
17.274
55.7227
-35.1053
-10.5873
51.8221
-32.3192
-12.8162
60.7378
-22.2891
-56.8372
23.4035
22.2891
-39.5631
28.4186
42.9065
-26.1897
15.0451
3.34336
-51.8221
7.24395
12.8162
-29.533
52.9366
83.0269
-25.6325
-64.6384
10.5873
-15.0451
-44.5782
38.4487
35.1053
-10.5873
36.2198
37.3342
-65.7528
-33.9909
35.1053
-17.274
-2.22891
70.7679
40.1204
-21.7319
-13.3735
-7.24395
-10.0301
-11.1445
-2.78614
18.3885
34.5481
18.9457
-16.1596
2.78614
7.24395
-14.4879
3.34336
27.3041
3.90059
7.24395
37.8915
-16.1596
-17.274
45.1354
0.557227
-32.3192
17.274
22.8463
-16.1596
1.11445
45.1354
5.57227
-13.9307
1.67168
-9.47286
-11.7018
-8.35841
11.7018
20.6174
9.47286
9.47286
7.24395
-21.7319
-21.1746
1.11445
11.7018
0.557227
0.557227
28.9758
-21.7319
-34.5481
13.9307
-6.1295
-29.533
0
20.0602
-13.9307
-18.9457
7.24395
-6.1295
-32.3192
-31.762
7.24395
1.11445
-31.762
3.90059
-3.90059
-32.3192
-0.557227
-1.67168
-32.8764
-16.1596
1.11445
-7.80118
-12.8162
-7.80118
2.22891
-24.518
-16.7168
22.2891
8.91564
-4.45782
-4.45782
7.80118
-17.274
-24.518
17.8313
-1.11445
-10.0301
14.4879
5.57227
-15.6024
-6.1295
-6.1295
-9.47286
24.518
20.0602
3.34336
16.1596
12.259
4.45782
5.01505
3.34336
14.4879
31.2047
15.0451
0.557227
14.4879
15.0451
-3.34336
-2.78614
21.7319
17.8313
3.90059
-4.45782
10.0301
16.1596
-8.35841
8.35841
12.8162
-0.557227
13.9307
12.259
1.67168
-2.22891
5.57227
12.259
1.11445
-0.557227
16.7168
0.557227
-16.1596
-2.22891
-22.8463
-22.8463
4.45782
-19.503
-9.47286
10.5873
-25.6325
-23.9608
-3.90059
-20.6174
-3.34336
10.0301
-8.35841
0
-2.78614
-7.80118
-13.9307
-21.7319
-3.34336
-6.1295
-16.7168
-5.01505
-3.34336
-19.503
-15.0451
0.557227
-7.24395
0.557227
5.57227
-8.35841
2.22891
2.22891
-2.78614
4.45782
-0.557227
0
2.22891
-9.47286
-4.45782
11.7018
-1.11445
2.78614
21.7319
6.68673
10.5873
29.533
7.80118
7.24395
21.7319
8.91564
13.3735
22.2891
17.274
12.259
13.9307
9.47286
8.35841
13.3735
8.35841
16.7168
27.3041
17.274
18.9457
25.6325
15.0451
5.01505
15.6024
19.503
7.80118
12.259
13.3735
6.68673
-1.11445
-4.45782
-4.45782
-11.7018
-11.1445
-6.68673
-4.45782
-13.3735
-11.7018
-1.11445
-10.5873
-21.1746
-13.9307
-16.7168
-32.3192
-24.518
-20.6174
-37.8915
-34.5481
-30.0903
-49.5932
-46.8071
-41.792
-50.1505
-40.1204
-34.5481
-31.762
-25.0752
-24.518
-26.1897
-12.259
-6.1295
-13.3735
-3.90059
5.01505
-7.24395
-11.1445
8.91564
2.78614
-2.22891
12.259
13.3735
18.9457
22.8463
28.9758
30.6475
32.8764
40.6776
46.8071
53.4938
52.9366
66.31
69.0962
60.7378
69.6534
72.4395
61.8522
57.3944
64.6384
62.9667
51.8221
45.6926
50.7077
39.0059
20.0602
5.57227
-32.3192
-60.7378
-41.792
-26.7469
-37.8915
-44.021
-45.6926
-50.1505
-66.8673
-83.5841
-85.813
-72.9968
-62.9667
-49.5932
-28.4186
-42.9065
-58.5089
-65.7528
-84.6985
-83.5841
-81.9124
-89.1564
-76.3401
-58.5089
-49.036
-56.28
-65.7528
-69.0962
-69.0962
-65.7528
-53.4938
-30.0903
-20.6174
-20.6174
-20.6174
-8.91564
-7.80118
-6.1295
20.0602
46.8071
69.6534
98.6292
129.834
129.834
135.963
166.611
168.283
181.656
229.578
254.096
246.294
259.668
264.683
237.936
235.707
232.921
218.99
197.816
196.144
198.93
177.198
153.237
128.719
105.873
61.295
39.5631
30.6475
7.24395
0.557227
4.45782
-1.11445
-33.9909
-45.6926
-55.1655
-76.8974
-89.1564
-99.1864
-99.1864
-115.346
-119.804
-129.277
-148.78
-156.024
-164.382
-167.168
-179.427
-181.656
-187.228
-208.403
-222.334
-232.364
-254.653
-304.246
-320.963
-327.65
-353.282
-352.725
-339.351
-350.496
-377.8
-379.472
-391.731
-413.463
-442.438
-464.17
-464.17
-432.408
-390.616
-392.288
-385.601
-359.412
-315.391
-297.559
-314.833
-318.177
-312.604
-273.041
-241.837
-162.153
-125.933
-157.138
-172.183
-182.213
-164.382
-190.014
-125.376
58.5089
567.815
1217.54
1463.84
1332.33
1083.81
1101.08
1134.51
1079.91
1096.07
1285.52
1617.07
1594.78
1230.91
678.703
208.403
-181.099
-400.089
-213.418
72.4395
211.189
128.162
154.909
110.331
-240.165
-684.275
-933.356
-736.654
-372.785
30.0903
373.899
567.815
469.185
191.129
90.828
69.0962
93.0569
210.075
515.992
812.437
908.28
836.955
558.342
240.165
-66.31
-242.951
-216.761
-79.6835
-5.57227
-84.1413
-184.999
-337.122
-575.059
-837.513
-914.41
-845.314
-772.317
-639.697
-502.619
-427.951
-501.505
-625.766
-667.558
-601.248
-482.002
-380.029
-239.608
-116.46
-50.7077
-57.3944
-101.973
-174.412
-212.304
-145.994
-91.9425
-28.9758
-8.91564
-105.873
-237.936
-312.604
-333.222
-390.059
-438.538
-448.568
-450.24
-455.812
-453.026
-469.185
-504.291
-518.779
-522.679
-440.767
-298.117
-182.771
-133.735
-135.406
-98.6292
-29.533
13.3735
8.35841
-16.7168
-31.762
-7.80118
1.67168
-50.1505
-170.512
-307.589
-363.312
-389.502
-443.553
-568.929
-724.953
-632.453
225.12
1386.94
1854.45
1457.71
946.172
1039.79
1228.69
1169.06
1100.52
1481.67
2255.1
2496.94
1860.02
883.205
237.936
-263.011
-569.486
-294.773
309.818
551.655
337.122
366.656
445.782
43.4637
-844.199
-1414.24
-1107.21
-442.996
130.948
556.67
867.046
734.425
294.773
70.2106
147.108
239.05
245.18
544.411
1034.77
1336.79
1175.75
704.335
310.376
-64.0811
-419.592
-540.51
-328.207
-115.346
-226.234
-463.056
-608.492
-765.073
-1037.56
-1199.15
-1136.19
-964.56
-742.784
-561.685
-422.378
-395.631
-500.39
-560.013
-469.743
-307.589
-206.174
-220.105
-248.523
-210.632
-191.686
-251.309
-359.969
-399.532
-355.511
-341.023
-317.62
-317.62
-419.035
-560.013
-605.706
-518.779
-469.743
-509.306
-529.366
-510.42
-507.077
-561.685
-627.995
-644.712
-597.348
-481.444
-325.978
-205.617
-160.481
-222.891
-302.017
-254.096
-86.9274
50.7077
121.476
208.403
291.987
293.102
161.039
240.165
260.225
127.048
-10.5873
-150.451
-20.0602
-28.9758
-145.436
-431.294
-575.616
-460.27
-617.408
-765.073
-152.123
1448.79
2491.36
2330.32
1586.43
1314.5
1612.06
1586.43
1498.94
1758.05
2678.59
3113.79
2324.75
1125.04
247.966
-237.379
-776.218
-779.004
-137.635
407.333
325.978
94.1714
177.198
-105.873
-975.705
-1812.1
-1544.08
-578.959
127.048
625.766
982.949
1050.37
515.992
-8.91564
49.5932
359.969
531.595
620.194
972.919
1305.58
1106.65
387.273
-246.294
-566.143
-818.01
-1002.45
-952.301
-628.552
-565.586
-948.958
-1342.36
-1494.48
-1482.22
-1518.44
-1330.66
-753.371
-314.833
-170.512
-207.846
-257.996
-293.102
-377.8
-376.128
-241.279
114.232
295.888
1.67168
-382.258
-476.987
-534.938
-747.242
-680.932
-412.905
-227.349
-171.069
-101.973
-130.391
-382.258
-601.248
-714.365
-539.396
-271.37
-234.035
-327.092
-356.068
-395.074
-581.745
-662.543
-567.257
-425.722
-276.385
-55.1655
196.144
268.584
127.605
-66.8673
-25.6325
237.936
411.791
407.333
484.788
613.507
520.45
222.891
-67.4245
-165.496
-250.752
-336.565
-326.535
-162.71
-44.5782
-266.912
-578.959
-741.112
-742.784
-711.579
24.518
1609.27
2840.74
2866.93
1942.49
1475.54
1691.18
1804.86
1572.5
1683.38
2633.46
3267.02
2605.59
1055.95
-105.873
-643.04
-1011.37
-1054.83
-557.784
74.6684
86.9274
-154.909
-191.129
-357.74
-1125.04
-1995.43
-1792.04
-669.787
369.999
811.88
1021.4
1117.8
755.043
191.686
-7.80118
275.827
544.968
621.866
743.341
967.346
853.672
78.0118
-816.338
-1257.66
-1310.04
-1336.79
-1308.93
-1049.26
-838.07
-1000.22
-1425.94
-1655.52
-1561.35
-1255.99
-858.13
-490.36
-108.102
155.466
221.776
95.8431
-34.5481
-62.9667
-75.2257
50.7077
248.523
262.454
-90.828
-493.146
-649.17
-665.887
-656.971
-667.001
-551.655
-327.65
-123.704
-76.8974
-212.861
-412.348
-553.884
-476.429
-245.737
-37.8915
-12.8162
-129.277
-235.707
-323.192
-364.427
-405.104
-376.128
-207.289
46.8071
317.062
455.812
432.966
240.165
96.4003
179.984
368.327
534.938
541.625
492.032
522.122
487.017
242.394
-179.427
-341.023
-317.062
-473.086
-447.453
-274.713
-180.542
-218.433
-434.08
-598.462
-643.04
-565.028
-330.993
382.815
1900.14
3151.68
3026.86
2070.1
1507.86
1563.02
1609.27
1570.82
1834.39
2549.87
2889.22
2074.56
493.703
-791.263
-1308.37
-1552.99
-1424.27
-807.422
-200.602
-88.0419
-343.809
-507.077
-784.576
-1357.96
-1874.51
-1534.6
-272.484
982.392
1512.87
1496.16
1354.06
919.425
387.273
171.069
386.158
737.769
814.109
775.66
703.778
383.93
-420.707
-1451.02
-1980.94
-1906.27
-1669.45
-1492.81
-1288.31
-1113.34
-1141.76
-1434.3
-1731.31
-1661.65
-1296.11
-702.106
-24.518
499.276
752.814
543.297
103.644
-269.141
-437.423
-399.532
-245.737
44.5782
261.34
144.322
-327.65
-807.422
-1026.97
-1007.47
-795.72
-457.484
-67.9817
211.189
327.65
170.512
-173.855
-451.911
-621.308
-530.48
-246.294
51.8221
182.213
96.4003
-57.9516
-222.334
-324.863
-305.361
-103.087
245.737
635.239
877.633
898.808
747.242
500.947
386.716
431.294
526.023
616.293
605.149
562.8
479.773
173.855
-261.897
-597.905
-645.269
-499.276
-344.366
-314.276
-374.457
-406.219
-448.568
-461.384
-547.754
-548.312
-96.9575
1271.04
2926
3451.47
2714.25
1699.54
1458.82
1622.09
1559.12
1480
1979.83
2812.33
2609.5
1020.28
-853.115
-1727.4
-1842.19
-1719.05
-1252.09
-545.525
-16.1596
-114.232
-400.089
-608.492
-1014.71
-1659.98
-1820.46
-731.639
881.533
1829.93
1837.18
1498.94
1077.12
455.255
-118.689
-184.442
286.972
684.275
688.176
469.185
198.373
-426.836
-1559.68
-2467.96
-2578.85
-2122.48
-1662.77
-1323.97
-950.63
-825.811
-1093.84
-1535.16
-1750.25
-1442.66
-863.702
-227.349
415.134
968.461
1189.68
792.377
94.1714
-359.969
-465.285
-408.448
-198.93
168.84
412.905
197.816
-436.866
-997.994
-1287.19
-1287.19
-1040.9
-612.95
-75.2257
285.3
358.297
162.71
-124.262
-341.58
-484.788
-409.005
-38.4487
387.273
551.098
468.071
263.568
64.0811
-69.0962
-86.3702
109.217
433.523
799.064
990.75
963.446
791.82
487.574
218.433
159.924
362.755
552.769
537.724
391.174
165.496
-105.873
-402.318
-681.489
-858.13
-699.877
-284.743
-35.1053
97.5148
41.792
-102.53
-303.689
-502.619
-448.011
-173.855
626.323
1981.5
3420.82
3817.56
2853.56
1435.42
754.486
1068.2
1506.19
1842.19
2214.98
2660.76
2343.14
772.317
-1192.47
-2397.19
-2431.18
-1973.7
-1259.33
-377.8
257.996
225.677
-385.044
-1046.47
-1614.29
-1965.34
-1775.88
-609.049
1051.49
2102.98
2066.76
1329.54
561.685
-150.451
-720.495
-818.01
-317.62
414.577
751.142
524.908
-99.1864
-953.416
-1957.54
-2764.4
-2859.69
-2243.95
-1428.73
-891.564
-634.682
-654.742
-1064.3
-1623.2
-1872.84
-1423.16
-359.969
621.866
1180.76
1304.47
1008.02
426.279
-278.056
-656.414
-534.381
-84.1413
367.213
514.321
307.032
-211.189
-875.961
-1370.78
-1329.54
-859.802
-223.448
380.029
786.248
869.274
542.182
50.1505
-372.785
-477.544
-179.427
300.345
737.769
946.729
855.344
454.14
-25.6325
-306.475
-282.514
45.1354
556.113
1049.26
1271.59
1076.01
559.456
130.391
3.90059
39.5631
147.108
327.65
556.113
581.188
223.448
-358.854
-918.31
-1189.68
-1160.15
-905.494
-456.926
-205.06
-290.873
-527.694
-725.51
-675.917
-730.525
-246.852
1555.22
3601.92
4231.58
2898.14
1389.72
1082.14
1386.94
1351.28
1193.02
1949.18
3062.52
2802.3
656.971
-1518.44
-2360.97
-2318.07
-2012.7
-1389.17
-256.882
408.448
156.581
-461.941
-931.684
-1439.32
-2251.76
-2329.77
-863.702
1156.25
2091.83
1823.8
1267.69
794.606
129.277
-612.393
-592.333
191.129
930.569
996.322
602.363
263.011
-439.095
-1700.66
-2699.77
-2646.83
-1824.92
-1132.29
-843.085
-637.468
-570.601
-1025.86
-1768.64
-2008.25
-1315.61
-309.818
242.394
498.161
832.497
1084.36
809.094
81.9124
-398.417
-250.752
177.755
475.315
576.173
578.959
317.62
-313.719
-874.29
-987.964
-800.178
-554.998
-207.846
268.584
614.064
505.962
103.644
-161.039
-113.117
59.6233
129.277
257.439
470.3
507.077
256.325
5.57227
-37.8915
72.4395
141.536
180.542
399.532
650.841
760.615
599.019
378.915
291.43
226.791
144.322
55.7227
113.117
174.412
22.2891
-348.824
-683.718
-896.579
-1096.07
-1198.04
-1209.18
-1097.18
-1030.87
-1007.47
-957.316
-837.513
-663.658
-444.667
-146.551
653.07
2309.71
3637.58
3676.59
2496.38
1525.13
1600.36
1919.09
1933.58
1699.54
2056.73
2486.91
1701.77
-334.336
-2090.16
-2381.59
-1925.22
-1385.82
-859.802
-218.99
-0.557227
-417.363
-900.479
-1131.73
-1244.85
-1529.03
-1162.38
264.126
1823.25
2342.03
1797.06
1130.06
701.549
416.806
235.707
525.465
1118.36
1348.49
966.232
327.65
-126.491
-795.72
-1737.99
-2315.84
-2106.32
-1432.07
-972.919
-877.076
-976.262
-1174.08
-1574.17
-1880.08
-1690.63
-909.395
82.4696
524.351
515.435
396.189
421.264
436.309
196.701
95.8431
213.418
498.161
684.275
587.875
169.397
-415.692
-799.064
-860.359
-642.483
-511.535
-513.764
-588.432
-493.146
-225.677
-210.075
-426.836
-646.384
-544.411
-242.394
-35.6625
-45.1354
-219.548
-312.604
-270.255
-133.735
60.7378
284.743
424.05
529.923
663.1
725.51
670.902
505.405
420.149
507.077
666.444
663.1
340.466
-10.0301
-149.337
-275.827
-581.188
-926.112
-1096.07
-1107.21
-1076.01
-1143.43
-1242.62
-1204.73
-1069.32
-930.569
-748.356
-412.905
44.5782
372.785
1009.7
2493.59
3862.7
3983.06
2830.71
1861.14
1988.74
2479.1
2473.53
2109.11
2335.34
2698.09
1895.69
-196.701
-1907.95
-2086.82
-1560.24
-1170.73
-905.494
-429.622
-280.843
-785.133
-1331.77
-1452.69
-1374.12
-1531.26
-1211.97
108.102
1619.86
2106.88
1515.66
867.046
596.79
453.026
300.903
597.348
1268.81
1555.78
1101.64
312.604
-234.035
-823.025
-1663.32
-2225.01
-2040.01
-1385.27
-1013.6
-1120.03
-1362.98
-1605.93
-1987.63
-2287.98
-2022.18
-1121.7
-139.307
313.719
376.128
412.905
517.107
495.932
196.144
125.376
546.64
1035.89
1167.39
971.247
585.089
41.2348
-442.996
-676.474
-645.269
-527.137
-430.737
-444.11
-463.613
-459.712
-685.947
-1042.57
-1211.97
-997.437
-634.125
-393.96
-275.827
-258.553
-245.737
-196.144
-112.003
113.674
449.125
699.877
902.151
1050.37
1067.09
936.699
703.778
503.176
394.517
399.532
377.243
220.105
-18.9457
-405.661
-838.07
-1082.14
-1174.64
-1234.26
-1237.04
-1180.76
-1087.15
-1005.8
-1061.52
-1130.06
-904.937
-460.27
-72.4395
73.554
368.327
747.799
1362.42
2760.5
3883.87
3854.34
2659.09
1725.18
1872.84
2411.12
2631.23
2275.16
2275.16
2404.44
1660.54
-215.09
-1751.92
-1931.35
-1510.09
-1019.17
-719.38
-300.345
-260.782
-801.293
-1388.61
-1620.42
-1484.45
-1480.55
-961.774
395.074
1814.33
2203.28
1636.58
990.193
635.796
557.227
504.848
841.413
1453.25
1795.94
1440.99
534.938
-278.614
-1068.2
-1769.2
-2173.74
-2066.76
-1574.72
-1302.8
-1417.03
-1741.34
-2072.89
-2403.88
-2533.16
-2114.68
-1169.62
-265.797
151.566
236.822
188.343
191.129
185.557
144.879
392.845
893.235
1241.5
1118.91
711.022
324.863
-96.4003
-475.315
-617.408
-553.884
-482.559
-525.465
-673.688
-794.606
-913.853
-1173.52
-1431.52
-1432.07
-1022.51
-550.541
-305.361
-211.189
-175.527
-49.5932
81.9124
231.807
540.51
920.539
1202.5
1341.25
1364.09
1239.83
963.446
621.308
396.746
314.276
335.451
320.406
96.9575
-254.096
-617.408
-940.6
-1146.22
-1247.07
-1293.32
-1227.57
-1115.01
-950.63
-800.178
-685.39
-478.101
-222.891
13.9307
156.581
421.821
807.422
1440.43
2780.01
4023.18
4062.19
2731.53
1446
1435.42
2113.01
2444
2138.64
2106.88
2389.39
1896.8
114.232
-1700.1
-2158.7
-1730.75
-1175.19
-776.775
-309.818
-145.994
-713.251
-1474.42
-1820.46
-1676.7
-1587.54
-1214.2
-62.9667
1361.31
1970.36
1557.45
941.714
509.863
305.361
231.249
586.203
1338.46
1813.77
1512.87
626.881
-147.108
-811.88
-1484.45
-1919.65
-1857.24
-1466.06
-1221.44
-1276.05
-1572.5
-1983.17
-2446.78
-2694.75
-2365.43
-1407.56
-402.318
88.5991
179.427
119.247
157.138
197.816
168.283
332.665
814.666
1337.35
1403.1
1081.58
601.805
61.8522
-382.815
-565.586
-500.39
-362.198
-241.279
-280.843
-495.375
-810.766
-1169.06
-1481.11
-1505.63
-1114.45
-592.333
-231.807
-83.5841
-46.2499
-13.3735
16.7168
83.0269
333.222
737.769
1107.77
1349.05
1433.19
1317.84
1020.84
671.459
304.246
81.9124
141.536
273.599
232.364
-20.0602
-387.273
-813.552
-1197.48
-1444.33
-1460.49
-1252.09
-972.919
-781.79
-677.031
-571.715
-482.002
-432.966
-318.734
-82.4696
265.24
747.242
1196.92
2091.83
3280.95
3670.46
2801.74
1458.26
1156.25
1732.42
2277.39
2272.37
2167.06
2454.59
2282.96
947.844
-962.889
-1822.13
-1534.05
-938.928
-493.146
-174.969
-5.01505
-520.45
-1364.65
-1965.34
-1956.98
-1735.21
-1482.22
-613.507
677.588
1588.65
1503.4
913.853
413.463
208.403
249.081
576.73
1342.36
2020.51
2034.44
1253.2
351.053
-295.888
-924.997
-1449.91
-1614.84
-1376.91
-1133.96
-1178.54
-1535.16
-2009.36
-2470.75
-2806.75
-2712.58
-2072.33
-1072.66
-321.52
-100.301
-172.74
-218.433
-125.376
27.8614
387.83
952.301
1448.23
1578.07
1325.09
875.404
376.686
-49.036
-291.43
-220.105
-0.557227
41.792
-235.707
-693.748
-1109.44
-1398.64
-1530.15
-1468.29
-1213.08
-854.229
-540.51
-403.433
-363.312
-376.686
-371.671
-180.542
243.508
801.293
1252.09
1453.81
1397.53
1184.11
904.38
607.378
393.96
382.258
509.863
629.667
514.321
80.2407
-460.827
-927.226
-1205.28
-1400.31
-1422.04
-1209.74
-944.5
-750.028
-706.564
-742.227
-777.889
-708.236
-519.336
-172.183
431.294
1069.32
1666.11
2606.71
3463.72
3386.83
2261.23
1225.34
1369.66
2163.71
2710.91
2652.4
2616.18
2690.85
1967.57
238.493
-1310.6
-1493.93
-889.892
-354.954
-115.346
50.7077
-112.003
-935.027
-1912.96
-2414.47
-2209.41
-1864.48
-1336.23
-318.177
756.157
1159.59
752.257
257.439
86.9274
205.617
445.782
960.103
1764.18
2276.83
2004.9
1136.74
323.192
-341.023
-919.982
-1229.24
-1157.92
-983.506
-1070.43
-1423.72
-1892.34
-2305.25
-2742.67
-3034.1
-2796.17
-2018.28
-1149
-705.45
-580.631
-536.61
-405.661
-167.725
44.5782
417.363
943.386
1381.92
1509.53
1362.42
1021.4
528.809
188.343
149.894
288.086
317.062
179.427
-111.445
-468.628
-761.172
-1081.58
-1368.55
-1439.88
-1228.69
-923.326
-727.739
-685.39
-716.594
-725.51
-594.004
-260.782
182.771
637.468
952.301
1140.64
1264.35
1241.5
1097.74
924.44
820.238
830.269
864.259
811.323
566.7
122.59
-319.848
-688.733
-967.904
-1197.48
-1337.9
-1262.68
-1159.03
-1025.86
-990.75
-1015.27
-893.792
-744.456
-537.167
-325.978
190.572
851.443
1581.41
2619.53
3327.2
3160.04
2139.2
1473.87
1743.56
2379.92
2724.84
2635.13
2774.43
2831.83
2042.8
296.445
-1063.75
-1140.09
-624.652
-255.21
-229.578
-134.849
-279.728
-956.202
-1903.49
-2521.45
-2489.69
-2186.56
-1518.44
-465.285
528.251
855.901
539.396
148.222
30.6475
241.837
593.447
1139.53
1821.02
2274.6
2087.37
1394.18
645.269
-106.988
-763.959
-1114.45
-1099.41
-1019.73
-1132.29
-1442.1
-1842.75
-2285.75
-2792.82
-3070.32
-2844.65
-2131.39
-1398.64
-980.72
-787.919
-642.483
-354.397
-178.87
-102.53
183.328
710.465
1197.48
1330.1
1230.91
1012.48
745.013
489.803
293.659
242.394
296.445
258.553
23.4035
-262.454
-534.381
-831.383
-1141.2
-1295
-1235.37
-1064.3
-933.356
-912.181
-824.696
-650.841
-487.017
-314.833
-21.1746
373.342
698.763
967.904
1199.15
1344.59
1323.41
1143.43
979.048
902.708
930.012
879.305
694.862
436.866
98.072
-254.653
-683.718
-1050.93
-1284.97
-1288.31
-1113.34
-951.187
-870.389
-947.844
-993.536
-944.5
-736.654
-339.909
200.045
834.726
1817.68
2983.39
3444.22
2832.94
1796.5
1529.03
2023.29
2552.66
2678.59
2757.16
3122.7
2937.7
1592
-208.403
-1062.63
-870.946
-463.056
-309.261
-214.532
-104.759
-441.881
-1272.15
-2239.5
-2787.81
-2903.15
-2603.92
-1720.16
-526.023
373.899
496.489
132.063
-234.593
-307.589
-104.201
372.785
1142.87
1882.87
2221.11
1989.86
1441.55
698.206
-144.879
-809.651
-1073.78
-955.087
-849.214
-940.6
-1201.94
-1607.04
-2196.59
-2866.93
-3185.67
-2833.5
-2094.06
-1459.38
-1101.08
-891.564
-661.429
-535.495
-503.176
-315.948
165.496
711.022
1070.43
1276.61
1407
1356.29
1048.7
757.829
694.862
834.726
855.344
655.299
441.881
260.782
46.8071
-322.077
-738.326
-1009.7
-1030.31
-913.853
-845.314
-810.208
-807.422
-799.621
-691.519
-426.279
-102.53
214.532
505.405
787.919
1095.51
1303.91
1340.69
1208.63
1040.9
971.804
953.416
927.783
805.751
525.465
134.849
-332.665
-770.645
-1094.95
-1304.47
-1335.12
-1274.94
-1198.04
-1204.17
-1294.44
-1341.25
-1314.5
-1111.11
-724.395
-176.641
402.318
1250.98
2320.29
2922.66
2648.5
1821.58
1487.8
1849.44
2397.75
2618.97
2698.09
2978.38
2868.05
1878.41
350.496
-576.173
-646.941
-437.981
-369.442
-346.038
-221.219
-399.532
-1018.61
-1902.37
-2574.95
-2886.44
-2771.09
-2064.53
-985.178
2.22891
369.999
255.767
17.274
-76.3401
46.2499
362.198
960.66
1667.22
2230.02
2357.63
2055.05
1434.3
606.82
-155.466
-615.736
-683.161
-595.676
-565.586
-663.1
-917.196
-1436.53
-2175.42
-2763.29
-2834.06
-2379.36
-1818.23
-1407
-1075.45
-703.221
-461.384
-554.441
-761.73
-674.245
-199.487
385.044
852
1151.23
1313.38
1267.69
958.988
565.586
373.342
448.568
610.164
704.335
700.435
572.272
219.548
-335.451
-897.136
-1239.83
-1273.26
-1142.87
-985.178
-828.597
-682.046
-616.851
-679.26
-757.272
-660.872
-329.879
146.551
654.742
1060.4
1245.96
1161.26
939.485
746.684
646.941
660.314
709.35
714.365
610.164
371.113
6.68673
-479.215
-906.609
-1152.35
-1211.97
-1103.87
-963.446
-902.708
-891.006
-875.404
-848.657
-782.347
-561.685
-150.451
421.821
1326.76
2315.28
2800.62
2489.69
1855.01
1652.74
1923.55
2277.39
2414.47
2593.34
2901.48
2833.5
2021.62
843.085
74.6684
-182.213
-249.638
-339.351
-309.261
-170.512
-254.653
-773.989
-1584.75
-2241.73
-2586.09
-2530.37
-2081.24
-1360.75
-621.308
-156.024
7.80118
-91.3853
-235.15
-274.156
-116.46
294.216
868.717
1431.52
1737.43
1672.24
1278.84
718.823
156.024
-293.102
-605.706
-735.54
-679.817
-549.983
-553.884
-911.067
-1473.31
-1961.44
-2202.72
-2217.76
-2065.08
-1729.63
-1307.26
-892.678
-658.085
-644.155
-717.151
-698.763
-566.7
-395.074
-120.918
275.27
722.724
1025.3
1037
809.651
575.616
517.664
580.631
646.384
657.528
624.652
524.908
327.65
26.7469
-318.734
-633.01
-879.305
-990.75
-904.937
-679.26
-494.818
-449.682
-449.682
-386.158
-209.517
32.3192
219.548
342.138
438.538
570.601
710.465
784.576
814.666
739.441
556.67
330.993
122.59
-32.8764
-148.222
-213.975
-270.255
-330.436
-409.005
-504.291
-623.537
-695.977
-695.42
-624.095
-450.24
-171.069
151.566
458.598
969.018
1603.14
1958.65
1737.43
1238.72
1127.27
1473.87
1908.5
2070.1
2150.9
2367.1
2403.88
1928.56
1128.39
604.034
483.116
483.116
384.487
293.659
309.261
222.891
-178.87
-842.528
-1477.21
-1933.02
-2081.24
-1938.59
-1573.61
-1121.14
-733.868
-459.155
-455.812
-625.766
-787.362
-765.63
-471.971
-47.3643
383.372
726.067
932.798
930.012
690.405
329.321
-22.8463
-324.863
-519.893
-510.42
-315.948
-126.491
-191.686
-515.435
-926.669
-1270.48
-1501.73
-1611.5
-1536.28
-1357.96
-1154.02
-989.636
-882.091
-798.507
-793.492
-895.464
-1049.26
-1008.58
-678.703
-211.189
198.93
441.324
530.48
508.191
508.748
567.257
621.866
656.971
677.031
697.091
684.275
603.477
442.438
205.617
-78.569
-330.436
-449.682
-407.333
-278.056
-176.641
-143.765
-144.879
-96.9575
27.8614
129.277
169.397
197.258
251.309
318.734
407.89
499.276
539.396
488.131
319.848
114.789
-22.8463
-67.9817
-105.873
-206.731
-292.544
-282.514
-213.418
-166.611
-181.099
-221.219
-227.906
-187.228
-89.7136
79.6835
268.026
509.863
896.579
1287.19
1412.01
1175.75
861.473
794.049
953.973
1128.39
1235.37
1434.86
1701.21
1740.78
1392.51
932.798
674.245
586.203
520.45
419.035
380.029
394.517
322.077
66.8673
-327.092
-747.799
-1103.31
-1304.47
-1309.48
-1155.69
-923.326
-655.856
-469.185
-478.101
-645.826
-799.621
-796.835
-645.826
-444.11
-279.728
-119.804
30.0903
113.674
113.674
39.0059
-99.7437
-281.4
-401.761
-375.571
-240.165
-106.43
-69.6534
-141.536
-278.614
-417.92
-508.191
-536.053
-570.601
-679.817
-780.118
-757.272
-617.408
-495.375
-513.206
-640.254
-745.013
-764.516
-699.877
-549.426
-362.755
-217.319
-140.978
-47.9215
145.436
337.122
409.005
334.894
205.06
154.909
176.641
198.373
184.999
132.063
63.5239
13.3735
-6.1295
-7.80118
-45.1354
-111.445
-112.56
-7.80118
156.581
269.698
304.803
308.147
283.629
235.707
180.542
153.795
162.153
165.496
132.62
82.4696
38.4487
-15.0451
-101.415
-197.816
-264.126
-268.584
-198.373
-78.569
42.9065
112.003
119.804
126.491
149.894
173.298
181.656
176.641
191.129
266.912
516.55
853.115
1043.69
941.714
712.136
665.887
797.392
916.082
894.35
925.554
1150.12
1381.92
1336.23
1030.87
787.919
712.694
665.329
471.414
236.822
127.605
131.506
163.825
103.644
-45.6926
-279.171
-547.197
-762.287
-873.175
-844.199
-718.266
-572.272
-500.39
-499.276
-541.068
-572.272
-590.104
-672.573
-800.736
-888.777
-787.919
-547.197
-366.098
-325.978
-370.556
-421.821
-488.688
-542.739
-509.863
-372.228
-252.981
-200.602
-169.397
-66.8673
88.5991
124.262
-6.1295
-202.831
-280.843
-225.677
-170.512
-170.512
-198.93
-212.861
-215.09
-225.677
-264.683
-324.306
-379.472
-382.815
-291.987
-129.277
37.8915
125.376
119.247
83.0269
46.2499
13.3735
-33.9909
-66.8673
-36.2198
44.5782
133.177
199.487
227.349
188.9
121.476
82.4696
101.973
140.978
185.557
259.668
328.207
342.138
276.385
173.298
88.0419
23.4035
-48.4788
-124.819
-176.084
-186.671
-179.427
-196.701
-221.776
-234.593
-239.05
-212.304
-153.237
-56.8372
45.6926
132.063
217.876
289.201
331.55
316.505
244.066
133.735
55.7227
32.3192
35.1053
40.1204
106.43
345.481
629.667
753.371
613.507
402.875
370.556
504.291
629.11
648.613
729.968
936.142
1085.48
948.401
603.477
339.351
241.837
226.791
187.786
203.945
317.62
431.294
439.095
307.589
115.346
-85.813
-277.499
-438.538
-508.748
-457.484
-326.535
-224.005
-241.837
-371.113
-551.098
-662.543
-694.862
-719.38
-756.715
-758.386
-650.841
-493.703
-376.686
-322.077
-308.704
-338.794
-409.005
-465.842
-424.607
-276.385
-157.138
-129.277
-144.879
-92.4997
29.533
106.43
76.3401
-26.1897
-116.46
-163.825
-166.054
-134.292
-97.5148
-103.087
-148.78
-180.542
-172.74
-154.352
-183.885
-240.165
-271.927
-247.966
-185.557
-122.033
-59.6233
8.91564
77.4546
109.217
109.774
93.0569
74.6684
69.0962
75.7829
105.316
145.436
190.572
231.249
240.722
191.686
94.1714
-2.78614
-60.7378
-71.3251
-64.6384
-62.4095
-66.31
-74.1112
-88.0419
-127.048
-171.069
-174.412
-133.735
-69.0962
11.1445
130.948
269.141
369.442
420.707
432.408
440.767
447.453
431.294
398.417
357.74
307.589
225.677
100.301
-25.0752
-104.759
-140.978
-155.466
-178.313
-202.831
-129.277
91.9425
362.198
478.101
396.189
310.933
347.71
425.164
393.96
302.574
339.909
507.077
612.393
548.312
437.981
422.935
455.812
401.761
283.629
235.15
297.002
383.372
385.044
283.071
95.2859
-143.207
-369.442
-546.64
-664.215
-716.594
-694.305
-636.911
-615.736
-640.254
-654.742
-626.323
-604.034
-638.025
-675.359
-635.796
-518.221
-390.616
-293.102
-195.587
-112.003
-101.415
-159.924
-181.656
-113.117
-27.8614
-7.80118
-24.518
13.3735
107.545
193.915
207.289
153.237
68.539
-26.1897
-81.3552
-69.0962
0.557227
65.7528
84.6985
61.295
8.35841
-47.9215
-93.6142
-105.873
-85.2558
-42.9065
29.533
119.804
183.885
179.984
119.804
65.1956
60.1805
82.4696
108.659
137.078
167.725
183.328
153.795
94.1714
32.8764
-29.533
-88.0419
-127.048
-137.078
-122.033
-101.415
-87.4847
-94.1714
-122.033
-143.765
-128.162
-75.2257
-7.24395
62.9667
123.147
184.442
252.981
318.177
366.098
370.556
337.122
285.858
228.463
172.183
103.087
18.9457
-60.7378
-122.59
-167.725
-201.159
-247.966
-327.092
-436.309
-536.053
-560.013
-503.176
-359.412
-114.789
154.909
296.445
204.502
7.24395
-63.5239
34.5481
149.894
190.014
265.24
456.926
641.369
638.582
480.887
355.511
336.008
342.695
313.719
308.147
370.556
437.981
418.478
291.987
101.973
-120.918
-331.55
-492.589
-567.257
-552.212
-475.872
-361.083
-271.37
-262.454
-332.665
-405.661
-409.562
-367.213
-325.978
-284.186
-216.204
-117.575
-25.0752
33.4336
47.3643
13.9307
-45.6926
-68.539
-5.57227
118.689
217.319
235.15
210.075
198.93
221.776
240.165
241.837
239.608
220.662
179.427
119.247
84.1413
80.7979
65.1956
18.3885
-32.8764
-43.4637
-27.8614
-32.8764
-67.4245
-103.087
-112.003
-96.4003
-57.3944
-6.1295
44.5782
71.8823
76.3401
88.0419
105.873
110.331
76.3401
18.3885
-30.6475
-59.6233
-80.7979
-98.6292
-117.575
-139.864
-166.054
-186.114
-178.313
-163.825
-156.581
-145.994
-123.147
-89.7136
-69.6534
-53.4938
-21.1746
20.6174
50.1505
71.3251
112.56
160.481
162.153
99.1864
31.762
12.259
33.9909
31.2047
-13.3735
-67.9817
-133.735
-215.09
-301.46
-353.282
-367.77
-412.905
-497.047
-571.715
-592.89
-557.784
-474.758
-275.827
9.47286
236.264
291.43
220.105
201.716
278.614
365.541
415.134
523.794
740.555
935.585
948.401
786.805
639.697
583.974
560.571
482.559
377.8
330.436
343.252
373.899
339.909
213.418
12.259
-197.258
-355.511
-454.14
-499.833
-490.36
-412.905
-319.291
-267.469
-264.126
-256.882
-226.234
-225.677
-278.056
-335.451
-308.147
-180.542
-13.9307
113.117
164.382
149.337
97.5148
61.8522
69.0962
111.445
156.024
181.099
196.144
193.358
169.397
123.147
62.4095
-10.5873
-85.2558
-132.62
-143.207
-133.735
-142.093
-168.84
-198.93
-225.677
-243.508
-241.279
-195.587
-130.948
-93.6142
-85.813
-79.1263
-59.0661
-37.8915
-44.021
-44.5782
-11.7018
24.518
46.8071
31.2047
-3.90059
-57.3944
-146.551
-218.433
-235.15
-215.647
-201.716
-217.876
-226.791
-201.716
-167.168
-148.78
-140.978
-116.46
-63.5239
2.22891
68.539
127.048
152.68
147.108
137.635
150.451
188.343
216.761
222.891
208.96
172.183
109.217
38.4487
-25.0752
-87.4847
-162.71
-244.066
-297.559
-319.291
-346.038
-411.234
-512.649
-592.89
-619.637
-584.531
-499.833
-342.695
-43.4637
325.978
611.836
665.887
552.769
485.902
533.824
638.582
710.465
821.91
1038.67
1208.63
1150.12
880.419
629.11
521.007
460.27
338.794
216.761
206.731
284.743
314.833
196.701
-33.9909
-306.475
-552.212
-709.35
-756.715
-700.435
-586.76
-464.17
-382.815
-367.77
-405.661
-428.508
-391.731
-336.565
-312.047
-294.216
-202.831
-25.0752
149.337
241.837
247.409
219.548
192.801
166.611
143.765
134.292
133.177
123.147
98.072
78.0118
69.6534
39.5631
-44.021
-178.87
-310.933
-386.716
-388.945
-332.665
-236.822
-135.963
-73.554
-66.8673
-109.217
-153.237
-163.268
-139.864
-101.973
-51.8221
16.7168
88.5991
126.491
94.7286
28.9758
-22.2891
-42.3493
-45.1354
-47.9215
-60.7378
-80.7979
-108.659
-143.765
-167.168
-174.969
-171.626
-162.153
-146.551
-112.003
-61.295
-11.7018
11.7018
2.22891
-10.0301
9.47286
66.8673
122.033
148.78
142.65
127.048
119.247
118.132
124.819
115.346
92.4997
44.021
-12.8162
-66.31
-133.177
-218.99
-312.047
-359.969
-357.183
-347.71
-383.372
-474.2
-563.357
-596.233
-548.312
-411.791
-129.277
324.306
774.546
976.262
840.299
620.194
572.272
683.718
795.72
870.389
1069.88
1345.7
1447.68
1204.73
797.949
518.221
394.517
289.201
153.237
105.873
182.771
266.912
207.289
-15.6024
-345.481
-717.151
-1006.91
-1126.71
-1049.26
-858.13
-654.185
-475.872
-385.044
-409.562
-512.649
-586.76
-566.143
-482.559
-361.083
-173.855
82.4696
314.833
413.463
352.168
208.403
54.6083
-56.8372
-79.6835
0
133.735
197.258
153.237
47.9215
-58.5089
-151.566
-253.538
-329.321
-341.023
-290.315
-214.532
-138.75
-75.2257
-47.9215
-75.2257
-129.834
-152.68
-128.719
-69.0962
-8.35841
49.036
106.988
154.352
193.358
213.418
217.876
200.602
164.382
138.75
130.948
138.192
140.421
126.491
110.331
92.4997
69.6534
37.3342
0
-30.0903
-57.3944
-76.8974
-72.9968
-44.021
-16.1596
-10.0301
-30.0903
-47.3643
-50.1505
-52.3794
-55.7227
-63.5239
-36.777
6.68673
28.4186
29.533
-5.01505
-55.7227
-120.361
-194.472
-240.165
-284.743
-323.749
-349.939
-396.189
-447.453
-520.45
-610.721
-700.992
-761.172
-748.913
-653.628
-461.941
-55.1655
565.586
1113.34
1254.32
965.118
726.624
833.055
1107.21
1222
1191.35
1364.09
1627.66
1554.66
981.277
303.689
-47.3643
-158.253
-282.514
-406.219
-352.725
-167.168
-75.7829
-249.638
-573.944
-936.699
-1254.32
-1380.25
-1255.43
-904.937
-526.023
-232.364
-31.2047
39.0059
-34.5481
-174.412
-211.746
-91.3853
94.7286
279.728
526.023
808.537
953.973
835.841
519.893
195.587
-74.6684
-265.24
-327.65
-225.677
-40.6776
32.3192
-64.0811
-242.951
-405.104
-549.983
-671.459
-726.067
-637.468
-430.179
-192.801
32.8764
183.328
226.791
148.78
49.036
21.7319
72.9968
173.298
282.514
414.02
526.58
583.974
517.664
316.505
60.1805
-152.123
-229.578
-193.358
-92.4997
-8.35841
22.8463
-7.80118
-109.774
-257.996
-424.607
-513.206
-482.559
-372.228
-245.18
-137.635
-64.6384
-61.8522
-120.361
-211.746
-260.782
-221.219
-104.201
55.7227
204.502
298.117
320.406
256.325
140.421
23.9608
-79.6835
-152.68
-187.786
-192.801
-202.273
-264.683
-409.005
-576.173
-697.649
-829.154
-981.277
-1112.23
-1035.33
-694.305
-247.966
421.821
1243.17
1872.84
1895.13
1376.35
1063.75
1301.68
1769.75
1948.07
1932.46
2159.26
2381.59
1939.71
711.022
-491.474
-999.108
-976.262
-880.976
-778.446
-541.625
-329.879
-396.746
-787.362
-1224.23
-1641.03
-1945.84
-1852.22
-1229.24
-261.897
508.748
829.711
824.139
660.872
411.234
163.268
136.521
419.592
811.323
1077.68
1227.01
1273.26
1078.23
500.947
-296.445
-918.31
-1185.22
-1135.07
-935.027
-706.007
-585.089
-704.892
-1000.78
-1284.97
-1385.82
-1346.82
-1198.04
-891.564
-397.303
187.786
587.875
669.787
505.405
280.843
140.421
182.213
385.601
627.438
789.034
797.392
697.649
476.987
143.765
-211.189
-501.505
-622.98
-541.068
-342.695
-174.969
-157.695
-307.032
-517.664
-670.902
-735.54
-695.977
-558.342
-342.138
-90.828
114.232
215.09
208.96
119.247
5.57227
-22.2891
98.072
362.755
609.049
708.793
683.161
562.242
425.164
279.728
145.994
52.3794
-16.1596
-71.8823
-159.924
-288.644
-427.951
-606.82
-792.934
-921.654
-991.307
-1004.68
-1013.6
-979.048
-775.103
-445.782
8.35841
851.443
1844.98
2435.64
2194.36
1522.9
1403.66
1847.21
2261.23
2194.36
2068.43
2326.98
2378.25
1542.4
47.9215
-1014.15
-1232.59
-1116.13
-1085.48
-1017.5
-761.73
-588.989
-773.431
-1228.69
-1595.9
-1856.68
-1887.33
-1407.56
-432.966
603.477
1110
1094.39
908.28
737.769
533.824
377.8
506.52
882.091
1196.37
1228.69
1113.9
868.717
313.719
-577.845
-1439.88
-1801.52
-1664.99
-1337.9
-1104.98
-997.994
-1037.56
-1252.65
-1534.05
-1682.83
-1555.22
-1257.1
-770.088
-101.415
567.815
969.575
913.295
603.477
326.535
219.548
220.105
327.65
560.013
752.257
734.983
459.712
90.2708
-268.026
-553.327
-698.206
-697.649
-553.884
-333.222
-159.924
-150.451
-280.285
-512.649
-720.495
-750.585
-567.815
-262.454
0.557227
171.069
232.921
211.189
129.277
25.6325
-9.47286
81.3552
282.514
487.574
635.239
711.022
692.633
596.233
453.583
298.674
167.168
127.048
132.063
71.3251
-90.828
-330.993
-557.784
-719.938
-809.094
-844.199
-854.229
-776.218
-683.718
-630.781
-497.604
-256.882
33.4336
665.887
1692.86
2513.65
2555.44
1876.18
1478.32
1785.36
2194.36
2094.06
1679.48
1765.85
2112.45
1754.15
437.423
-884.32
-1367.44
-1254.32
-1103.87
-1057.62
-866.488
-672.016
-741.112
-1048.14
-1309.48
-1474.98
-1637.69
-1432.63
-626.881
516.55
1289.42
1396.41
1184.11
946.172
702.106
396.189
297.559
544.968
890.449
992.979
836.955
602.363
151.009
-622.98
-1504.51
-2006.58
-1950.3
-1627.66
-1325.09
-1121.14
-1004.12
-1083.81
-1323.41
-1491.14
-1385.82
-1091.05
-745.013
-309.818
255.767
823.025
1147.33
1089.38
699.877
321.52
132.063
164.939
344.366
463.613
480.887
416.249
320.963
25.0752
-529.366
-1053.72
-1213.08
-970.133
-581.188
-287.529
-213.418
-247.409
-325.421
-442.438
-585.646
-658.643
-553.327
-318.177
50.7077
396.189
512.649
387.83
168.84
59.6233
116.46
247.966
373.899
495.932
582.86
599.577
523.794
394.517
237.379
44.021
-81.9124
-78.569
35.1053
45.6926
-216.204
-569.486
-757.829
-707.679
-606.263
-590.104
-564.471
-393.96
-189.457
-120.361
-83.5841
20.0602
232.921
840.856
1911.29
2812.33
2839.07
2050.6
1471.64
1695.64
2104.65
1964.23
1453.25
1471.64
1953.08
1769.75
477.544
-966.789
-1545.19
-1414.24
-1210.3
-1114.45
-870.946
-564.471
-497.604
-673.131
-864.259
-1039.23
-1275.49
-1202.5
-440.21
738.326
1536.83
1575.84
1233.7
924.997
625.209
218.99
-11.7018
178.87
547.197
659.757
489.803
263.011
-140.421
-893.792
-1771.98
-2207.73
-2016.61
-1578.62
-1232.03
-1000.22
-830.269
-857.015
-1098.29
-1301.13
-1233.14
-927.226
-553.327
-122.59
446.339
927.783
936.142
481.444
32.8764
-30.6475
46.2499
30.6475
-27.8614
26.1897
212.861
246.852
-66.8673
-609.607
-972.362
-994.651
-841.97
-698.206
-627.995
-604.592
-553.327
-446.339
-446.896
-588.989
-663.1
-497.604
-134.849
222.891
410.676
391.731
317.62
293.102
314.833
381.701
485.345
564.471
584.531
592.89
568.372
462.499
250.752
0.557227
-111.445
-65.1956
-12.259
-62.9667
-119.247
-101.415
-151.009
-323.749
-526.023
-590.661
-410.676
-109.774
117.018
254.653
373.342
408.448
304.246
224.005
338.794
527.694
961.774
1877.3
2757.16
2933.24
2204.95
1384.71
1285.52
1629.89
1632.12
1167.95
1122.81
1688.4
1821.02
736.097
-819.681
-1647.72
-1573.05
-1199.15
-980.72
-745.013
-428.508
-235.15
-254.653
-385.044
-595.676
-980.163
-1106.1
-444.667
747.799
1587.54
1524.02
987.964
585.646
324.306
-47.3643
-407.89
-414.577
-158.81
-21.7319
-54.051
-104.201
-396.189
-1127.83
-1987.63
-2362.09
-2022.73
-1467.18
-1113.9
-895.464
-646.384
-488.688
-618.522
-883.762
-950.63
-766.187
-480.887
-113.117
343.252
704.892
651.956
227.906
-142.093
-305.918
-382.258
-470.857
-445.782
-221.219
2.78614
8.91564
-257.996
-611.278
-849.214
-951.187
-927.226
-748.356
-509.863
-313.162
-186.671
-135.406
-157.138
-274.156
-361.64
-264.126
25.6325
386.716
580.631
586.76
564.471
551.098
539.396
485.345
386.716
299.788
324.863
439.652
507.634
408.448
191.686
-22.2891
-173.298
-199.487
-200.045
-175.527
-112.003
-58.5089
-30.0903
-46.8071
-79.6835
-64.0811
16.1596
173.855
391.174
573.387
625.766
546.64
469.743
520.45
603.477
780.118
1416.47
2228.91
2584.42
2115.23
1332.33
1102.75
1394.18
1492.81
1109.44
945.615
1369.11
1675.58
943.943
-395.631
-1237.04
-1310.6
-1029.2
-862.031
-692.633
-421.821
-243.508
-275.827
-419.592
-629.11
-979.048
-1183.55
-757.272
235.15
999.108
1009.7
576.173
284.186
168.84
-99.1864
-456.926
-527.137
-260.225
-32.3192
-1.11445
-69.6534
-294.216
-829.711
-1461.61
-1764.74
-1567.48
-1189.12
-967.346
-817.452
-629.11
-509.306
-631.338
-868.717
-961.774
-862.031
-654.185
-319.848
119.804
414.02
368.884
36.2198
-201.159
-199.487
-198.93
-258.553
-259.111
-88.0419
101.415
149.894
-39.0059
-348.267
-576.173
-709.35
-696.534
-607.378
-465.285
-356.068
-294.216
-210.632
-206.174
-313.719
-404.547
-334.894
-125.933
162.71
378.357
468.628
490.917
459.155
425.722
405.104
407.333
381.143
341.58
365.541
438.538
437.981
292.544
62.9667
-141.536
-198.373
-149.894
-110.331
-93.0569
-40.1204
40.1204
117.018
138.75
106.988
119.247
232.364
413.463
556.113
623.537
593.447
497.604
387.83
365.541
411.791
402.318
648.055
1298.34
2012.15
2138.08
1531.82
945.057
948.401
1331.22
1337.9
1026.97
1053.16
1458.82
1488.91
603.477
-511.535
-1097.74
-1065.42
-854.229
-719.38
-552.212
-369.442
-306.475
-422.378
-590.104
-853.115
-1152.35
-1131.73
-570.043
186.671
548.869
441.881
269.141
241.279
113.117
-213.418
-476.429
-395.074
-132.62
6.68673
40.6776
-15.6024
-284.743
-812.437
-1282.18
-1395.85
-1240.95
-1083.25
-995.765
-814.666
-550.541
-439.652
-579.516
-770.088
-806.308
-700.435
-498.161
-179.984
167.168
330.993
298.674
226.791
164.939
61.8522
-100.858
-188.9
-97.5148
105.873
220.105
135.406
-22.2891
-207.289
-420.149
-617.965
-699.877
-633.01
-484.23
-278.056
-113.117
-59.6233
-105.316
-171.626
-192.801
-100.301
89.7136
290.315
480.33
624.652
690.405
645.269
528.251
332.665
110.331
-15.6024
-1.67168
94.1714
130.948
59.6233
-98.6292
-274.156
-417.363
-476.987
-448.568
-372.785
-248.523
-74.1112
151.566
320.406
330.436
265.24
254.096
357.183
507.634
528.251
433.523
276.942
133.177
54.6083
64.0811
92.4997
119.804
447.453
1064.86
1591.44
1521.79
1027.53
758.943
995.765
1344.59
1261.56
1082.69
1201.38
1454.92
1152.35
256.325
-500.39
-761.73
-591.218
-392.288
-286.972
-230.692
-198.373
-198.373
-263.011
-392.845
-654.185
-865.931
-680.932
-94.1714
390.059
437.423
255.767
203.388
211.746
53.4938
-188.343
-323.192
-232.364
-84.6985
21.7319
90.2708
12.8162
-287.529
-682.046
-916.082
-967.904
-955.645
-916.082
-767.302
-537.167
-386.158
-399.532
-487.017
-558.342
-638.025
-692.633
-609.607
-318.177
-36.777
76.8974
98.6292
98.6292
54.051
-111.445
-312.047
-403.433
-343.809
-217.319
-143.207
-142.093
-205.617
-359.969
-568.372
-729.968
-770.088
-695.977
-506.52
-224.005
14.4879
124.819
111.445
52.3794
26.7469
49.036
125.376
247.409
412.905
565.028
617.965
561.128
381.143
107.545
-163.268
-296.445
-244.623
-120.918
-42.9065
-65.7528
-108.102
-118.689
-121.476
-138.75
-152.123
-35.1053
222.334
523.236
747.242
835.841
807.422
733.311
662.543
601.248
567.257
505.405
403.99
244.623
61.295
-100.301
-220.105
-251.309
-207.289
-21.1746
302.574
641.369
767.302
660.872
554.998
610.164
810.208
900.479
863.702
822.467
814.109
713.808
364.427
-14.4879
-224.563
-203.388
-101.415
-42.3493
-3.34336
-15.0451
-25.0752
-45.1354
-83.0269
-156.581
-262.454
-292.544
-211.746
-117.018
-124.819
-209.517
-256.325
-241.837
-266.912
-319.848
-352.168
-351.053
-315.391
-272.484
-215.09
-182.213
-224.563
-293.102
-319.848
-332.107
-379.472
-435.752
-396.746
-263.568
-164.382
-158.253
-183.885
-169.397
-143.765
-152.68
-190.572
-187.228
-146.551
-111.445
-77.4546
-55.7227
-55.7227
-115.903
-200.045
-265.797
-324.306
-381.143
-409.005
-410.119
-390.616
-361.64
-330.436
-285.858
-289.758
-295.33
-257.439
-160.481
-46.8071
1.11445
38.4487
101.415
186.114
227.349
200.602
156.024
114.232
74.6684
39.5631
10.0301
-21.1746
-74.6684
-145.994
-164.382
-156.581
-178.313
-224.005
-232.364
-142.093
-21.7319
83.0269
184.442
317.062
457.484
543.854
586.203
619.079
661.986
698.206
699.877
670.344
597.348
444.11
226.791
-7.80118
-187.228
-305.918
-406.219
-462.499
-457.484
-386.716
-305.918
-212.861
-69.0962
95.2859
229.02
302.017
367.213
474.758
553.327
565.028
549.426
541.625
524.351
409.005
290.315
256.325
277.499
281.4
235.15
253.538
304.803
289.758
201.159
142.093
186.114
195.03
93.0569
-42.9065
-116.46
-151.009
-224.563
-276.385
-256.882
-218.433
-237.379
-274.156
-248.523
-202.273
-203.945
-231.249
-208.403
-140.978
-103.644
-113.117
-114.789
-95.2859
-99.1864
-124.819
-125.933
-95.2859
-90.828
-119.247
-115.346
-76.3401
-56.8372
-95.2859
-136.521
-133.177
-108.659
-89.7136
-90.828
-92.4997
-84.6985
-74.1112
-74.6684
-112.003
-169.397
-218.99
-236.822
-226.234
-201.716
-174.412
-164.939
-168.283
-177.755
-174.969
-164.939
-167.168
-169.954
-153.795
-118.689
-99.1864
-109.774
-128.719
-154.909
-216.761
-297.559
-336.565
-322.635
-307.589
-314.276
-300.345
-245.737
-198.93
-201.159
-213.418
-181.656
-86.9274
34.5481
168.283
302.574
403.99
461.941
484.788
505.962
501.505
461.941
411.234
383.93
353.282
261.897
117.575
-30.0903
-157.138
-263.568
-342.695
-379.472
-391.731
-386.716
-342.695
-264.683
-166.611
-46.2499
108.102
258.553
312.604
267.469
234.035
269.141
336.008
377.243
408.448
470.857
506.52
500.947
471.971
440.767
418.478
390.616
441.324
553.884
620.194
593.447
526.58
510.42
475.872
336.565
139.864
-17.274
-91.3853
-119.247
-102.53
-50.1505
-39.0059
-95.8431
-157.695
-153.237
-109.774
-105.316
-112.56
-78.0118
-17.274
12.8162
-9.47286
-39.0059
-79.6835
-165.496
-245.737
-268.584
-236.822
-209.517
-207.289
-182.771
-145.436
-117.575
-116.46
-129.834
-140.978
-154.909
-130.948
-76.3401
-41.792
-58.5089
-108.659
-151.009
-191.686
-246.294
-296.445
-315.391
-311.49
-294.216
-258.553
-205.06
-172.183
-191.686
-237.936
-275.27
-290.873
-297.002
-272.484
-209.517
-149.337
-132.62
-168.283
-234.035
-308.147
-374.457
-405.104
-391.174
-337.68
-268.026
-206.174
-182.213
-212.304
-250.195
-246.852
-173.855
-67.4245
35.6625
135.963
223.448
290.315
313.719
300.345
271.37
243.508
230.692
234.035
252.424
245.18
191.129
98.072
1.11445
-71.3251
-117.575
-133.177
-125.376
-120.361
-133.735
-167.725
-197.816
-198.373
-158.253
-51.2649
109.774
244.066
276.385
201.716
145.994
184.442
274.713
383.93
470.3
573.944
669.787
694.862
682.603
639.14
616.293
630.781
684.275
771.202
796.835
737.212
641.369
565.586
509.306
401.761
251.309
112.003
26.1897
6.68673
35.1053
86.3702
89.7136
10.0301
-84.6985
-122.033
-96.4003
-62.4095
-53.4938
-55.1655
-61.8522
-80.2407
-114.232
-170.512
-247.409
-329.321
-376.128
-375.571
-362.755
-349.381
-324.863
-261.34
-198.93
-208.403
-273.599
-353.282
-397.86
-409.562
-400.646
-377.8
-372.785
-390.059
-396.189
-376.686
-383.372
-446.339
-522.122
-541.068
-482.002
-390.059
-290.315
-207.846
-166.611
-169.397
-193.358
-209.517
-222.334
-243.508
-240.165
-185.557
-98.072
-36.777
-33.4336
-67.9817
-124.819
-177.755
-195.03
-166.054
-119.804
-94.7286
-83.5841
-50.1505
4.45782
47.3643
75.7829
110.888
164.939
224.563
275.827
325.978
372.228
402.318
407.333
388.387
353.839
315.948
288.086
277.499
268.026
230.692
167.725
104.759
59.6233
15.0451
-40.1204
-105.316
-166.054
-206.174
-222.891
-223.448
-218.99
-186.114
-77.4546
79.6835
189.457
193.358
128.719
108.659
167.168
270.255
397.303
521.007
630.781
672.016
634.125
568.372
497.047
449.682
433.523
473.086
543.297
549.983
476.987
377.243
314.276
270.812
186.671
65.1956
-40.1204
-86.3702
-58.5089
19.503
81.3552
62.9667
-25.0752
-105.873
-124.262
-104.759
-95.8431
-104.759
-110.888
-118.689
-153.237
-224.005
-318.177
-404.547
-453.026
-454.697
-427.951
-395.631
-358.854
-318.177
-288.644
-295.888
-336.008
-381.143
-404.547
-401.204
-366.098
-306.475
-252.981
-230.135
-230.135
-236.264
-252.981
-302.574
-366.656
-385.044
-338.794
-257.996
-179.984
-131.506
-113.674
-125.376
-163.825
-193.915
-206.731
-202.273
-172.183
-114.232
-36.2198
22.8463
37.3342
7.80118
-39.5631
-78.569
-85.2558
-69.6534
-49.5932
-22.2891
27.8614
99.7437
151.009
158.81
152.68
179.427
255.767
346.038
416.249
452.469
470.3
469.743
444.11
395.631
325.978
263.568
234.035
242.394
265.797
253.538
195.587
118.689
49.036
-2.22891
-52.9366
-103.644
-143.207
-161.596
-164.382
-175.527
-216.761
-280.285
-299.231
-200.602
-1.67168
184.442
249.638
201.159
135.963
142.65
221.219
328.207
416.249
476.987
514.878
514.321
485.345
415.134
317.62
253.538
276.942
377.8
439.652
387.83
276.385
188.343
166.054
138.75
52.9366
-72.9968
-175.527
-180.542
-100.858
-23.9608
-29.533
-118.689
-205.06
-222.891
-205.617
-199.487
-225.12
-273.041
-310.933
-339.909
-361.083
-391.731
-452.469
-499.833
-502.619
-459.712
-410.676
-392.288
-377.8
-351.053
-306.475
-275.27
-273.041
-285.858
-295.888
-274.156
-221.219
-171.626
-157.138
-159.924
-147.108
-112.003
-95.8431
-115.346
-140.421
-147.108
-113.117
-48.4788
14.4879
49.036
41.2348
20.0602
2.22891
-19.503
-49.036
-64.0811
-27.8614
41.2348
99.7437
118.689
106.988
88.0419
67.9817
48.4788
42.9065
57.9516
107.545
184.442
257.996
300.345
297.002
276.942
273.041
285.858
303.132
305.361
300.345
300.345
299.788
286.415
245.737
180.542
122.033
89.1564
90.828
115.346
127.605
113.117
65.7528
2.22891
-59.0661
-123.704
-189.457
-244.066
-268.026
-256.325
-239.608
-253.538
-295.33
-310.376
-227.906
-48.4788
128.162
200.602
155.466
95.8431
104.201
169.954
254.096
313.719
362.198
395.631
402.875
393.96
334.894
250.195
205.617
251.867
367.213
419.035
367.77
284.186
239.608
245.18
220.662
137.635
18.9457
-89.7136
-112.56
-53.4938
12.259
-6.68673
-119.804
-230.692
-287.529
-307.032
-329.321
-358.297
-362.755
-336.008
-309.261
-319.848
-380.029
-454.14
-492.032
-472.529
-413.463
-361.083
-327.65
-286.415
-231.249
-180.542
-185.557
-252.424
-327.092
-346.038
-275.27
-163.825
-72.4395
-28.9758
-22.2891
-28.9758
-47.3643
-80.7979
-119.804
-138.75
-109.217
-27.3041
75.2257
137.078
115.346
40.1204
-22.2891
-30.6475
-11.1445
2.22891
23.4035
70.2106
140.421
190.014
183.328
125.933
45.1354
-9.47286
-12.8162
31.2047
101.415
165.496
210.632
233.478
232.364
203.945
169.954
161.039
189.457
238.493
273.041
276.385
252.424
214.532
172.183
130.391
109.774
112.003
133.735
158.253
173.855
168.84
127.605
65.1956
5.57227
-37.3342
-74.1112
-109.774
-136.521
-149.337
-154.909
-179.427
-240.722
-311.49
-323.749
-209.517
-10.0301
146.551
162.153
72.4395
6.68673
12.8162
62.4095
132.62
218.433
322.077
391.731
398.417
359.412
266.912
177.198
156.024
245.18
378.915
414.577
354.397
274.156
243.508
244.066
200.602
101.973
-35.6625
-131.506
-119.804
-31.762
12.259
-71.3251
-220.105
-322.635
-349.939
-353.282
-364.984
-372.228
-359.969
-325.978
-295.888
-304.246
-368.327
-449.682
-471.971
-408.448
-314.276
-252.981
-224.563
-197.816
-168.84
-176.084
-229.02
-298.674
-347.153
-325.978
-229.02
-105.873
-43.4637
-61.295
-101.973
-117.575
-120.361
-139.307
-162.153
-142.65
-67.4245
26.1897
99.1864
125.376
98.6292
53.4938
34.5481
59.0661
100.858
127.605
146.551
181.099
218.99
226.234
188.343
137.635
110.888
103.644
113.674
137.635
166.611
188.9
197.816
200.045
193.915
178.313
162.71
164.382
188.9
216.204
221.776
202.831
182.213
177.755
183.328
179.984
150.451
130.391
150.451
191.129
203.388
151.009
66.8673
-5.01505
-61.295
-108.659
-154.352
-200.602
-241.279
-281.957
-303.689
-316.505
-355.511
-400.089
-363.312
-192.243
16.1596
113.117
61.295
-24.518
-41.2348
12.259
97.5148
177.198
250.752
308.704
327.092
322.077
273.041
186.114
126.491
162.153
297.559
392.845
369.442
269.141
182.771
162.153
158.253
114.789
20.0602
-87.4847
-128.162
-82.4696
-19.503
-29.533
-121.476
-215.647
-245.18
-219.548
-187.228
-177.755
-188.9
-194.472
-182.771
-170.512
-198.373
-255.21
-294.216
-284.186
-231.249
-184.999
-166.054
-165.496
-158.81
-144.879
-153.237
-187.228
-226.234
-229.578
-175.527
-93.6142
-33.4336
-24.518
-49.5932
-70.7679
-67.9817
-47.3643
-31.2047
-23.9608
-7.24395
33.4336
76.8974
94.1714
78.0118
49.5932
36.777
39.0059
42.3493
40.6776
45.1354
65.7528
88.5991
90.828
71.8823
46.8071
34.5481
29.533
22.2891
6.1295
-11.7018
-13.3735
3.34336
33.9909
50.1505
36.2198
12.8162
10.0301
41.792
78.569
92.4997
88.5991
101.415
143.765
180.542
186.671
161.596
132.063
130.391
161.039
190.572
178.87
123.704
61.295
17.8313
-7.80118
-34.5481
-73.554
-118.689
-155.466
-179.984
-198.373
-222.891
-261.34
-280.285
-223.448
-75.2257
93.6142
172.74
128.719
50.7077
42.9065
86.9274
127.605
168.84
249.638
349.381
387.83
358.297
280.843
174.969
93.0569
96.9575
200.602
284.186
276.385
220.105
186.114
194.472
188.343
129.834
15.6024
-103.644
-134.292
-57.3944
35.6625
28.4186
-65.7528
-148.78
-176.084
-186.671
-210.632
-231.807
-237.936
-213.418
-171.069
-146.551
-177.755
-251.867
-310.376
-314.276
-268.026
-226.234
-217.876
-213.975
-187.228
-145.436
-127.048
-150.451
-193.358
-208.96
-161.039
-74.1112
-12.8162
-7.24395
-26.7469
-28.4186
-5.01505
6.68673
-27.3041
-78.0118
-104.201
-90.2708
-49.5932
-10.0301
6.1295
-7.24395
-42.3493
-74.1112
-94.7286
-106.43
-112.003
-100.858
-55.1655
-2.22891
17.8313
6.1295
-7.80118
-16.1596
-35.6625
-57.3944
-63.5239
-42.9065
2.78614
51.2649
75.7829
73.554
55.7227
49.5932
63.5239
83.0269
105.316
135.963
176.641
211.746
234.593
249.081
241.279
208.403
186.114
201.159
239.608
258.553
237.936
200.602
167.168
136.521
103.644
74.6684
44.5782
12.8162
-5.01505
-6.68673
-27.3041
-86.3702
-161.039
-206.174
-173.298
-52.3794
84.6985
148.78
115.346
45.1354
8.35841
25.0752
81.3552
150.451
226.791
293.102
315.948
293.659
231.807
150.451
98.6292
123.704
211.189
272.484
273.599
245.737
208.96
174.969
133.735
75.2257
2.22891
-60.1805
-69.0962
-31.762
-2.22891
-20.0602
-85.813
-164.939
-237.379
-289.758
-305.361
-291.43
-264.126
-232.921
-207.289
-211.746
-254.096
-304.246
-336.008
-339.909
-327.65
-304.803
-261.34
-206.174
-162.153
-147.108
-168.283
-208.96
-244.623
-249.081
-206.731
-139.307
-83.0269
-46.8071
-27.8614
-23.4035
-37.8915
-76.8974
-124.819
-155.466
-155.466
-115.903
-59.6233
-16.1596
-3.90059
-26.1897
-60.7378
-92.4997
-115.346
-123.147
-113.674
-88.5991
-45.1354
-3.90059
17.274
8.91564
-21.1746
-55.7227
-79.1263
-79.6835
-51.8221
-2.22891
48.4788
90.828
116.46
127.605
134.849
141.536
154.352
182.213
217.319
261.897
305.361
331.55
329.879
292.544
249.081
222.891
221.219
238.493
250.195
250.195
242.951
226.791
190.572
137.635
85.2558
41.792
22.8463
24.518
27.3041
12.8162
-30.6475
-83.0269
-118.132
-113.674
-54.051
28.4186
91.3853
111.445
99.7437
94.1714
98.6292
114.789
147.665
198.93
252.424
273.599
266.355
234.593
195.587
165.496
153.237
173.855
201.716
222.334
220.105
199.487
174.412
138.75
95.8431
45.1354
-7.24395
-32.3192
-30.6475
-26.7469
-46.8071
-89.7136
-137.635
-189.457
-242.394
-280.843
-294.773
-289.758
-278.614
-268.584
-263.011
-277.499
-312.604
-348.824
-372.228
-371.671
-353.282
-319.291
-280.843
-254.653
-243.508
-248.523
-273.041
-291.987
-296.445
-276.385
-227.906
-183.885
-152.123
-132.62
-128.719
-137.635
-155.466
-174.412
-178.313
-167.725
-133.735
-81.9124
-45.6926
-31.2047
-42.3493
-66.31
-80.2407
-83.5841
-69.0962
-41.2348
-8.91564
28.9758
63.5239
93.0569
100.301
81.9124
59.0661
43.4637
47.9215
67.9817
99.7437
135.406
156.581
166.611
165.496
162.153
162.71
169.397
191.129
224.563
261.897
288.644
298.117
287.529
263.011
241.279
231.249
232.921
244.623
252.981
250.195
227.349
190.014
152.68
126.491
109.774
96.4003
86.3702
76.3401
59.6233
29.533
-11.7018
-50.7077
-78.0118
-78.0118
-45.1354
5.57227
50.7077
66.8673
53.4938
28.9758
14.4879
19.503
44.021
81.9124
119.247
147.665
165.496
163.825
144.879
117.018
95.2859
90.2708
103.087
127.048
144.322
144.322
122.59
80.2407
33.4336
-8.91564
-40.1204
-59.0661
-66.31
-66.8673
-69.6534
-81.3552
-105.316
-140.421
-177.755
-208.403
-225.677
-226.234
-211.746
-189.457
-174.412
-176.084
-191.129
-211.189
-224.005
-227.349
-222.334
-206.174
-183.328
-160.481
-144.322
-146.551
-160.481
-178.87
-191.129
-191.129
-174.969
-145.436
-114.789
-91.3853
-80.7979
-82.4696
-96.9575
-112.003
-123.147
-124.262
-110.888
-91.9425
-66.31
-44.021
-35.6625
-40.1204
-54.6083
-68.539
-71.8823
-64.0811
-46.2499
-24.518
-1.67168
11.7018
12.8162
-0.557227
-22.8463
-42.9065
-49.5932
-40.1204
-18.9457
8.91564
31.2047
46.8071
55.7227
55.7227
54.051
57.9516
75.2257
109.774
150.451
190.572
220.105
239.608
248.523
246.852
239.05
232.364
235.15
244.066
249.081
244.623
228.463
203.945
173.298
139.864
105.873
72.4395
41.792
21.1746
10.0301
2.22891
-4.45782
-10.5873
-8.35841
0.557227
7.24395
12.8162
16.7168
26.7469
41.792
63.5239
85.813
108.102
128.162
135.963
138.192
135.963
124.819
120.918
118.689
120.918
124.262
115.903
106.988
90.2708
71.3251
50.7077
22.8463
0.557227
-18.3885
-31.762
-39.5631
-46.8071
-55.1655
-65.7528
-76.8974
-88.0419
-98.072
-104.759
-113.674
-117.575
-118.689
-122.033
-122.59
-132.063
-145.994
-156.581
-167.168
-171.069
-168.84
-164.939
-154.352
-148.222
-145.994
-147.108
-157.138
-166.054
-169.954
-162.153
-142.65
-123.147
-101.973
-88.0419
-83.5841
-86.9274
-95.8431
-99.1864
-100.301
-95.2859
-83.0269
-67.9817
-50.7077
-45.6926
-50.1505
-59.0661
-74.1112
-81.3552
-81.3552
-74.6684
-64.0811
-60.1805
-57.9516
-57.9516
-56.8372
-58.5089
-62.9667
-67.4245
-70.2106
-66.8673
-56.28
-41.2348
-25.6325
-12.8162
0.557227
15.0451
32.3192
51.2649
71.3251
96.4003
127.048
154.352
179.427
198.373
212.304
222.334
225.677
225.12
220.662
215.647
208.403
195.03
174.969
153.237
130.948
109.217
88.0419
72.9968
57.3944
42.9065
30.0903
20.6174
14.4879
8.91564
6.68673
13.3735
31.2047
61.8522
88.0419
105.873
117.018
120.361
128.162
139.307
150.451
159.367
163.268
164.939
162.153
155.466
144.879
130.948
120.918
110.888
103.087
94.7286
79.6835
64.6384
51.8221
41.2348
28.9758
15.0451
0.557227
-12.8162
-22.2891
-28.4186
-32.3192
-37.3342
-48.4788
-62.9667
-80.7979
-101.415
-124.262
-147.665
-167.168
-181.656
-196.701
-211.746
-227.349
-244.066
-259.668
-271.927
-279.171
-279.171
-276.942
-268.584
-254.653
-235.707
-211.746
-192.801
-174.969
-153.795
-133.177
-111.445
-93.6142
-82.4696
-72.4395
-62.9667
-55.7227
-51.2649
-49.036
-46.2499
-40.1204
-32.8764
-25.6325
-17.8313
-17.274
-20.6174
-22.2891
-21.7319
-18.9457
-20.6174
-24.518
-27.3041
-27.3041
-23.9608
-23.4035
-26.7469
-30.6475
-31.762
-29.533
-20.0602
-8.35841
5.57227
21.7319
40.1204
60.1805
79.6835
96.4003
114.789
137.078
156.581
176.641
191.686
202.273
211.746
214.532
211.746
207.289
196.144
184.442
169.954
151.566
129.834
105.873
80.7979
56.8372
30.0903
3.34336
-18.9457
-35.6625
-44.021
-47.9215
-53.4938
-56.28
-51.2649
-33.4336
-5.01505
21.1746
36.777
47.3643
61.8522
80.7979
99.1864
113.674
128.719
142.65
153.795
162.71
162.71
151.566
138.75
128.719
124.819
123.147
116.46
105.316
99.1864
93.0569
88.0419
76.3401
59.0661
46.2499
41.792
39.5631
35.6625
22.2891
6.68673
-4.45782
-17.8313
-32.8764
-49.036
-66.31
-83.5841
-98.072
-108.659
-118.132
-132.063
-147.108
-159.924
-171.069
-177.755
-181.656
-182.771
-176.641
-167.168
-157.695
-149.337
-143.765
-139.307
-132.063
-123.147
-115.903
-109.774
-103.644
-95.8431
-88.5991
-83.5841
-79.6835
-80.7979
-84.1413
-87.4847
-89.1564
-86.3702
-81.9124
-75.7829
-69.0962
-66.8673
-68.539
-70.7679
-70.2106
-69.6534
-71.3251
-74.1112
-75.2257
-73.554
-68.539
-60.7378
-54.051
-49.5932
-42.3493
-31.762
-17.8313
-5.01505
8.35841
23.9608
39.0059
51.8221
61.295
66.31
73.554
84.6985
96.9575
105.316
106.988
106.988
107.545
108.102
105.873
101.415
94.7286
89.7136
83.5841
75.7829
62.9667
44.5782
28.4186
17.8313
8.35841
-1.11445
-10.0301
-16.1596
-21.7319
-25.6325
-25.6325
-12.8162
13.9307
43.4637
61.295
65.7528
65.7528
72.9968
84.1413
96.9575
112.003
128.162
147.108
162.71
169.954
164.939
153.237
147.108
148.78
158.81
166.054
165.496
163.268
162.71
161.596
149.894
129.277
105.873
85.2558
76.3401
72.4395
69.6534
62.4095
48.4788
33.4336
17.274
0.557227
-19.503
-36.777
-45.6926
-46.8071
-49.036
-55.1655
-67.4245
-84.6985
-103.087
-119.804
-129.277
-133.735
-136.521
-135.406
-131.506
-129.277
-127.605
-126.491
-130.391
-135.963
-139.307
-139.307
-132.62
-123.704
-118.132
-114.232
-110.888
-114.232
-121.476
-130.391
-138.75
-137.078
-128.719
-117.018
-106.43
-100.858
-99.1864
-104.201
-108.102
-110.888
-107.545
-99.7437
-95.2859
-93.0569
-89.7136
-88.0419
-86.9274
-88.5991
-94.1714
-96.4003
-95.8431
-86.3702
-76.3401
-67.4245
-57.9516
-46.8071
-35.6625
-25.0752
-17.274
-10.5873
2.22891
17.274
33.9909
51.2649
65.7528
71.3251
74.1112
78.569
80.2407
81.9124
84.1413
89.7136
95.8431
99.7437
101.973
102.53
101.415
99.1864
91.9425
87.4847
87.4847
88.0419
91.3853
91.9425
93.0569
97.5148
103.644
106.43
106.43
106.988
114.789
128.719
140.978
149.894
152.68
156.581
161.596
166.054
168.84
170.512
171.069
169.954
173.298
173.298
164.939
156.581
143.765
135.406
132.62
125.933
114.232
101.973
91.3853
83.0269
76.8974
65.7528
50.1505
35.6625
23.4035
8.35841
-6.68673
-19.503
-35.1053
-50.1505
-67.9817
-88.5991
-108.102
-120.918
-133.177
-149.337
-164.382
-177.198
-187.786
-193.358
-197.816
-201.159
-201.159
-196.701
-189.457
-181.099
-170.512
-159.924
-153.795
-147.665
-138.192
-128.162
-114.789
-103.087
-99.7437
-96.4003
-93.6142
-91.3853
-90.828
-92.4997
-92.4997
-90.2708
-84.1413
-77.4546
-75.7829
-75.7829
-75.2257
-74.1112
-69.6534
-61.8522
-56.28
-51.2649
-42.3493
-32.8764
-23.4035
-17.274
-17.274
-20.0602
-20.0602
-14.4879
-7.24395
0.557227
8.91564
14.4879
16.7168
17.274
13.9307
14.4879
21.1746
30.0903
41.2348
51.2649
58.5089
67.9817
76.8974
83.5841
86.3702
87.4847
92.4997
99.7437
106.988
113.674
114.232
108.102
99.1864
90.828
80.7979
72.4395
63.5239
55.7227
51.2649
49.5932
47.9215
43.4637
36.2198
29.533
24.518
23.4035
24.518
28.9758
40.1204
54.6083
66.31
73.554
76.3401
75.2257
76.8974
83.0269
88.0419
94.7286
103.087
106.988
108.659
101.415
90.2708
79.6835
70.2106
62.4095
55.7227
52.9366
53.4938
53.4938
52.3794
46.2499
33.4336
17.274
2.22891
-6.1295
-8.91564
-8.35841
-12.259
-23.9608
-37.8915
-52.9366
-70.7679
-88.5991
-102.53
-107.545
-105.873
-99.7437
-95.8431
-95.8431
-100.858
-107.545
-107.545
-105.316
-99.7437
-91.3853
-78.569
-62.9667
-49.036
-41.2348
-40.1204
-44.021
-45.1354
-44.021
-41.2348
-37.3342
-31.762
-27.8614
-27.8614
-31.2047
-39.5631
-50.1505
-57.3944
-59.0661
-56.28
-52.3794
-48.4788
-42.9065
-40.1204
-39.5631
-42.9065
-49.036
-52.9366
-51.8221
-48.4788
-44.5782
-44.021
-44.5782
-42.9065
-43.4637
-45.6926
-44.5782
-44.5782
-40.1204
-30.0903
-16.1596
-0.557227
12.8162
23.4035
33.4336
44.5782
56.8372
65.7528
69.6534
74.1112
78.569
82.4696
85.813
87.4847
84.1413
79.6835
72.4395
62.9667
54.6083
46.2499
39.0059
34.5481
32.3192
30.0903
25.0752
21.1746
19.503
21.1746
23.4035
24.518
25.6325
28.4186
33.4336
35.1053
36.2198
37.3342
35.6625
34.5481
30.6475
27.3041
27.8614
31.762
35.6625
39.5631
39.5631
37.3342
35.1053
37.3342
42.3493
47.9215
51.2649
54.051
52.3794
48.4788
44.021
40.1204
38.4487
39.0059
36.2198
31.2047
21.1746
6.68673
-6.68673
-18.3885
-30.0903
-40.6776
-46.8071
-50.7077
-53.4938
-56.8372
-57.9516
-61.295
-66.31
-69.6534
-71.3251
-67.9817
-62.9667
-57.3944
-50.7077
-44.5782
-42.9065
-40.6776
-39.0059
-35.1053
-30.0903
-22.8463
-16.1596
-8.91564
-5.01505
-3.34336
-1.67168
-2.78614
-4.45782
-6.1295
-6.68673
-5.57227
-5.01505
-8.35841
-11.1445
-18.3885
-25.0752
-28.4186
-30.6475
-31.2047
-32.8764
-35.1053
-36.777
-41.2348
-45.6926
-45.6926
-46.2499
-42.9065
-41.792
-41.2348
-39.5631
-40.1204
-40.6776
-39.0059
-37.3342
-33.4336
-27.8614
-20.0602
-10.5873
-4.45782
-0.557227
1.11445
1.11445
2.78614
7.80118
18.3885
28.9758
41.2348
50.7077
57.3944
60.7378
61.295
62.9667
64.0811
62.4095
62.4095
60.1805
59.6233
54.6083
46.2499
38.4487
27.3041
17.274
12.8162
10.5873
13.9307
16.1596
16.7168
15.6024
13.9307
9.47286
5.57227
5.57227
8.91564
16.1596
20.6174
23.4035
25.6325
27.3041
30.0903
30.0903
28.9758
30.0903
31.762
36.777
41.2348
41.792
42.3493
42.3493
39.5631
37.8915
38.4487
40.1204
42.3493
41.2348
39.0059
34.5481
26.1897
18.9457
10.0301
4.45782
-0.557227
-7.24395
-14.4879
-21.7319
-27.8614
-33.9909
-36.777
-38.4487
-40.1204
-40.1204
-41.2348
-42.3493
-42.9065
-45.1354
-48.4788
-54.6083
-56.8372
-54.6083
-52.3794
-46.8071
-42.3493
-38.4487
-35.1053
-33.9909
-33.9909
-34.5481
-33.4336
-35.6625
-38.4487
-37.3342
-36.2198
-35.6625
-36.2198
-37.8915
-40.6776
-41.2348
-41.2348
-43.4637
-43.4637
-43.4637
-44.5782
-46.2499
-49.036
-55.1655
-60.7378
-65.1956
-66.31
-67.9817
-68.539
-65.7528
-64.6384
-62.9667
-60.1805
-55.1655
-47.3643
-41.2348
-34.5481
-26.1897
-17.274
-9.47286
-4.45782
1.67168
6.68673
12.8162
23.9608
36.2198
45.1354
55.1655
65.1956
75.2257
84.1413
90.828
95.8431
101.973
109.217
111.445
112.003
113.117
114.232
117.018
119.247
120.918
122.59
122.033
119.247
114.789
110.331
105.873
104.759
104.201
101.973
100.301
95.8431
91.3853
86.3702
79.6835
74.1112
68.539
64.0811
61.8522
57.9516
53.4938
50.7077
47.9215
44.021
37.8915
28.9758
21.1746
12.8162
1.11445
-6.68673
-12.8162
-16.7168
-20.0602
-26.7469
-35.1053
-46.8071
-59.0661
-67.9817
-72.9968
-77.4546
-80.7979
-85.2558
-94.1714
-101.415
-111.445
-120.361
-127.605
-133.735
-134.849
-137.078
-138.192
-138.75
-139.864
-139.864
-138.75
-135.406
-132.063
-128.162
-125.376
-122.59
-118.132
-117.018
-113.674
-109.774
-106.43
-101.415
-98.6292
-94.1714
-86.3702
-78.569
-70.7679
-61.8522
-54.6083
-49.5932
-45.6926
-41.792
-36.2198
-29.533
-20.6174
-9.47286
-2.22891
4.45782
9.47286
11.1445
12.8162
13.3735
15.0451
20.6174
26.1897
32.3192
39.0059
44.5782
47.3643
50.1505
54.6083
58.5089
63.5239
69.6534
78.0118
86.3702
94.7286
104.759
112.56
118.132
124.262
127.605
132.063
135.963
137.078
142.093
147.108
150.451
151.009
151.566
152.123
151.009
150.451
151.009
150.451
149.337
146.551
141.536
136.521
128.162
118.689
108.659
101.415
94.1714
86.3702
80.7979
72.9968
64.0811
57.3944
51.2649
45.6926
39.0059
32.3192
23.4035
13.9307
6.1295
-3.90059
-12.259
-21.1746
-31.2047
-42.3493
-52.9366
-62.9667
-74.1112
-84.6985
-95.2859
-105.316
-113.117
-117.575
-123.147
-130.948
-137.078
-143.765
-148.78
-151.566
-154.909
-158.253
-160.481
-161.039
-164.939
-167.168
-169.397
-172.183
-173.298
-173.855
-173.855
-171.069
-168.283
-164.382
-162.71
-156.581
-151.009
-145.436
-138.192
-130.391
-123.147
-113.117
-101.415
-91.9425
-82.4696
-73.554
-64.0811
-54.051
-42.3493
-34.5481
-26.7469
-17.274
-10.0301
-4.45782
0.557227
6.1295
13.3735
22.2891
31.2047
37.3342
45.1354
54.051
60.1805
65.1956
72.4395
80.2407
88.0419
95.8431
102.53
107.545
114.789
118.132
121.476
127.048
130.948
134.849
139.307
143.765
148.78
152.68
159.924
165.496
171.626
179.984
187.786
195.03
198.93
201.716
203.388
201.716
197.258
193.915
190.572
183.885
175.527
165.496
156.024
145.994
134.292
122.59
112.56
100.858
87.4847
74.6684
61.295
46.8071
35.1053
22.8463
13.3735
6.68673
-2.22891
-10.5873
-20.0602
-28.9758
-39.5631
-51.8221
-64.6384
-77.4546
-89.1564
-100.301
-111.445
-123.147
-134.849
-145.436
-153.237
-157.695
-159.924
-163.268
-167.168
-169.397
-172.74
-175.527
-178.313
-179.427
-177.755
-173.298
-168.84
-164.939
-163.268
-163.268
-164.939
-166.054
-167.725
-168.283
-168.84
-166.054
-163.825
-162.71
-160.481
-155.466
-149.337
-141.536
-133.735
-125.376
-114.789
-105.873
-95.8431
-85.2558
-74.1112
-61.295
-47.9215
-33.4336
-19.503
-7.80118
1.67168
8.35841
17.274
26.1897
33.4336
42.3493
49.036
57.3944
63.5239
66.8673
72.9968
78.0118
82.4696
88.0419
92.4997
97.5148
99.7437
100.301
104.759
109.774
115.903
122.033
129.277
136.521
145.436
151.566
155.466
158.253
158.253
159.367
159.924
160.481
157.138
153.795
151.566
149.337
148.78
148.78
149.337
151.009
152.68
150.451
147.665
144.322
138.75
135.406
132.62
128.719
126.491
122.033
118.132
112.56
104.759
95.2859
81.9124
71.3251
60.7378
47.3643
35.1053
21.7319
6.68673
-6.68673
-19.503
-31.2047
-41.792
-52.3794
-61.295
-69.6534
-78.569
-88.0419
-95.8431
-104.759
-112.003
-118.132
-124.262
-128.162
-133.177
-139.864
-146.551
-153.237
-158.253
-162.71
-167.725
-171.626
-173.855
-174.412
-174.412
-173.855
-173.298
-172.74
-170.512
-166.611
-161.596
-154.352
-149.894
-144.879
-140.978
-135.963
-132.62
-129.834
-126.491
-121.476
-116.46
-108.659
-100.858
-94.7286
-88.5991
-81.3552
-75.2257
-66.8673
-59.6233
-51.2649
-40.6776
-29.533
-18.3885
-8.91564
-1.11445
5.01505
10.5873
16.1596
21.1746
26.7469
32.8764
37.3342
45.1354
54.051
62.9667
70.2106
74.6684
81.3552
86.3702
91.9425
98.072
103.644
110.331
115.346
120.918
126.491
130.391
133.735
135.963
138.75
141.536
142.65
141.536
142.65
142.65
142.65
141.536
139.864
138.192
135.963
133.735
134.849
135.406
134.849
132.62
130.391
127.048
122.59
117.018
113.117
108.659
104.759
99.7437
93.6142
88.5991
80.7979
71.3251
61.8522
52.3794
44.021
35.1053
26.1897
18.3885
11.1445
5.01505
-0.557227
-8.91564
-17.274
-25.0752
-33.4336
-40.6776
-46.2499
-52.9366
-60.7378
-69.6534
-76.8974
-84.1413
-93.0569
-99.7437
-105.873
-112.003
-116.46
-120.918
-123.704
-128.162
-132.62
-136.521
-140.421
-142.65
-144.879
-144.879
-141.536
-139.307
-137.078
-134.292
-133.177
-130.948
-129.834
-128.162
-126.491
-121.476
-117.575
-115.346
-113.117
-109.217
-105.873
-100.858
-96.4003
-90.828
-83.5841
-77.4546
-71.3251
-63.5239
-55.1655
-49.036
-44.5782
-39.5631
-33.4336
-27.8614
-22.2891
-13.3735
-6.1295
2.78614
10.0301
15.6024
23.4035
30.0903
35.1053
41.2348
46.8071
50.1505
55.7227
59.6233
63.5239
67.9817
71.8823
74.6684
78.569
82.4696
86.3702
89.1564
90.828
92.4997
94.1714
96.4003
98.6292
99.7437
102.53
105.316
108.102
111.445
114.789
115.903
116.46
117.018
116.46
115.903
114.232
111.445
109.217
105.873
101.973
99.1864
94.1714
90.2708
86.9274
83.0269
80.7979
76.8974
74.1112
70.7679
67.4245
62.9667
59.0661
54.6083
49.5932
43.4637
36.777
31.2047
25.6325
18.3885
11.1445
2.78614
-5.01505
-12.259
-21.1746
-28.9758
-36.2198
-42.9065
-47.3643
-52.9366
-56.28
-56.8372
-60.1805
-62.9667
-65.7528
-70.7679
-76.3401
-79.6835
-85.2558
-90.2708
-95.2859
-102.53
-107.545
-110.888
-113.674
-113.674
-112.56
-109.774
-105.873
-102.53
-98.6292
-95.2859
-91.9425
-89.7136
-89.1564
-86.9274
-85.813
-84.1413
-83.0269
-81.3552
-77.4546
-71.3251
-66.31
-61.295
-55.7227
-50.7077
-46.8071
-42.3493
-38.4487
-33.9909
-27.8614
-21.1746
-14.4879
-7.80118
-3.34336
2.22891
7.24395
12.259
17.8313
20.6174
22.2891
24.518
26.1897
29.533
31.2047
32.8764
35.1053
36.2198
37.8915
40.6776
44.021
47.3643
50.1505
52.9366
55.7227
57.9516
56.8372
57.3944
56.28
53.4938
52.3794
52.3794
52.9366
52.3794
50.1505
47.9215
45.6926
42.3493
41.2348
39.5631
38.4487
37.8915
37.8915
39.0059
40.6776
41.2348
39.5631
36.777
32.8764
30.0903
27.8614
24.518
20.6174
16.1596
13.3735
10.0301
7.24395
3.90059
1.11445
0
0
0
0
-0.557227
-1.11445
-0.557227
0
0
-2.78614
-6.68673
-11.1445
-14.4879
-17.274
-19.503
-22.8463
-24.518
-24.518
-23.4035
-22.8463
-21.7319
-21.1746
-20.6174
-20.6174
-21.1746
-22.8463
-24.518
-25.6325
-25.6325
-25.6325
-25.0752
-23.4035
-21.7319
-18.9457
-16.1596
-11.1445
-5.01505
2.78614
10.5873
17.274
21.7319
23.4035
23.9608
23.4035
24.518
25.6325
26.7469
30.0903
33.4336
36.2198
39.0059
41.2348
42.3493
42.9065
44.021
46.2499
45.6926
43.4637
41.2348
38.4487
34.5481
28.4186
21.7319
16.7168
11.1445
5.57227
2.22891
-2.78614
-7.24395
-12.259
-18.9457
-26.1897
-35.1053
-43.4637
-52.3794
-59.0661
-62.9667
-66.8673
-70.2106
-72.4395
-75.2257
-78.0118
-80.7979
-83.0269
-83.5841
-85.813
-88.0419
-90.2708
-91.3853
-91.3853
-90.828
-89.7136
-88.0419
-84.1413
-78.0118
-71.3251
-65.1956
-59.0661
-55.7227
-54.051
-49.5932
-45.6926
-42.3493
-37.3342
-30.6475
-23.9608
-15.0451
-6.1295
1.67168
11.7018
21.1746
29.533
36.777
44.021
50.1505
55.1655
60.1805
64.6384
67.9817
70.7679
72.9968
76.3401
79.1263
83.5841
86.9274
91.3853
95.2859
99.1864
100.301
100.858
97.5148
93.6142
90.2708
86.3702
83.5841
80.2407
76.3401
72.9968
69.0962
64.0811
58.5089
53.4938
49.036
46.2499
42.3493
40.1204
37.8915
33.9909
30.0903
27.3041
22.2891
18.9457
15.0451
10.0301
8.35841
8.35841
7.24395
