SAMPLES: 11556
BITSPERSAMPLE:	16
CHANNELS:	1
SAMPLERATE:	16000
NORMALIZED:	FALSE
86.3749
92.8692
100.013
107.157
125.99
177.296
268.866
337.706
323.419
243.538
193.532
235.745
324.717
383.167
388.362
372.776
331.212
246.136
146.123
107.806
160.41
235.095
251.981
179.244
55.8514
-53.2537
-102.611
-81.8288
-34.4201
-23.3797
-67.5412
-122.094
-157.813
-175.347
-174.049
-147.422
-94.1681
-50.6559
-44.811
-56.5008
-56.5008
-35.0695
-9.74152
20.1325
57.7997
89.622
86.3749
50.0065
16.2359
1.29887
0
-5.84491
-13.6381
-24.6785
-59.0986
-122.094
-187.037
-217.561
-216.262
-211.716
-225.354
-255.877
-289.648
-317.574
-324.717
-308.482
-272.113
-235.095
-214.963
-208.469
-208.469
-194.83
-159.112
-99.3636
-42.8627
-12.9887
-5.84491
-10.391
-8.44265
1.29887
20.1325
44.811
68.1907
71.4378
48.0582
12.9887
-11.0404
-8.44265
7.79322
20.7819
14.2876
-10.391
-34.4201
-54.5525
-62.3458
-58.4491
-48.7076
-37.6672
-42.2133
-56.5008
-74.685
-74.0356
-52.6042
-25.328
-11.0404
-9.09209
-6.49435
-5.84491
0
9.74152
31.8223
56.5008
71.4378
74.0356
66.8918
63.6446
62.3458
79.2311
107.806
129.887
129.887
109.755
104.559
111.703
128.588
142.226
155.215
173.399
179.244
175.347
159.112
153.267
159.761
174.049
192.233
200.026
191.583
164.307
139.629
133.134
147.422
163.658
168.853
162.359
145.473
131.835
134.433
156.514
182.491
196.779
187.687
168.204
153.267
153.267
171.451
187.037
183.79
155.864
120.795
92.8692
72.7367
55.8514
43.5121
29.874
5.19548
-40.265
-93.5186
-132.485
-151.318
-164.307
-181.192
-205.871
-238.343
-270.814
-296.792
-312.378
-315.625
-311.079
-303.286
-298.74
-298.091
-301.987
-305.884
-296.142
-274.711
-255.228
-248.084
-250.032
-248.734
-243.538
-237.044
-233.797
-233.797
-237.044
-239.642
-242.239
-251.331
-258.475
-263.671
-264.32
-268.217
-275.36
-275.36
-258.475
-250.682
-261.722
-268.217
-254.579
-222.107
-202.624
-200.026
-180.543
-134.433
-89.622
-79.2311
-98.7141
-119.496
-102.611
-53.2537
0
15.5864
-2.59774
9.09209
56.5008
94.8175
83.7771
120.795
353.942
718.925
911.807
739.706
450.058
420.184
718.925
1036.5
1144.3
1141.06
1132.61
1015.07
698.143
396.805
399.403
701.39
970.256
914.404
557.215
124.692
-126.64
-104.559
76.6333
182.491
61.6963
-194.83
-389.661
-452.656
-439.667
-391.609
-312.378
-233.797
-216.911
-263.021
-275.36
-213.015
-122.094
-37.6672
64.9435
205.871
310.43
302.637
222.756
183.79
209.118
241.59
246.785
233.797
187.687
66.2424
-118.847
-261.722
-293.545
-276.659
-313.677
-435.121
-574.75
-681.257
-744.253
-765.684
-744.253
-684.504
-626.705
-624.756
-664.372
-673.464
-606.572
-466.294
-313.028
-209.118
-162.359
-138.979
-105.858
-58.4491
3.89661
81.8288
162.359
227.302
233.147
154.566
51.9548
9.09209
44.1616
101.312
122.094
79.8805
6.49435
-62.9952
-124.692
-155.215
-142.876
-114.95
-115.599
-158.462
-214.963
-243.538
-220.808
-170.801
-116.898
-85.076
-78.5816
-79.8805
-71.4378
-32.4717
25.328
83.7771
130.536
151.968
127.939
92.2198
92.8692
123.393
161.06
171.451
147.422
100.662
57.1503
19.483
5.19548
22.0808
41.5638
43.5121
16.2359
-29.2246
-61.6963
-51.9548
-44.1616
-59.748
-59.748
-5.84491
79.8805
87.6737
-18.1842
-95.4669
172.1
807.248
1209.25
898.818
244.188
83.1277
573.451
1103.39
1222.89
1142.36
1192.36
1112.48
623.458
59.0986
24.6785
527.341
984.543
957.917
446.811
-169.503
-534.485
-464.995
-119.496
77.9322
-125.341
-546.175
-802.052
-821.535
-752.046
-678.66
-577.997
-489.025
-501.364
-566.307
-544.876
-403.949
-292.895
-259.125
-155.215
79.2311
261.722
225.354
105.208
88.9726
171.451
225.354
235.095
270.165
277.309
153.916
-68.8401
-187.037
-131.835
-59.748
-115.599
-286.401
-451.357
-547.474
-571.503
-563.06
-540.979
-514.353
-530.588
-587.739
-650.084
-650.084
-580.595
-460.449
-314.976
-218.86
-209.118
-241.59
-201.974
-67.5412
86.3749
190.284
234.446
259.774
268.866
240.291
213.015
248.734
331.861
378.621
335.758
226.653
121.444
51.3054
6.49435
1.29887
33.7706
46.7593
-7.79322
-124.692
-223.406
-244.837
-201.325
-136.381
-96.1164
-116.249
-187.037
-264.969
-288.999
-218.86
-92.2198
-7.14378
-12.3393
-79.8805
-135.082
-133.784
-90.9209
-20.7819
50.0065
83.1277
41.5638
-53.9031
-96.1164
-51.9548
19.483
72.0873
70.139
-14.2876
-154.566
-178.595
145.473
789.713
1233.28
980.647
328.614
31.1729
386.414
963.762
1302.77
1407.33
1418.37
1231.33
684.504
129.887
104.559
618.262
1150.15
1236.52
805.949
111.053
-379.919
-366.931
44.811
389.012
243.538
-280.556
-716.976
-826.081
-751.396
-626.705
-494.22
-428.627
-491.622
-631.9
-677.361
-568.905
-418.236
-327.965
-218.86
-16.2359
128.588
93.5186
-2.59774
20.1325
155.864
265.619
284.453
272.113
255.228
146.772
-28.5751
-128.588
-101.961
-54.5525
-111.053
-270.165
-465.645
-618.262
-687.752
-682.556
-635.797
-602.026
-602.026
-630.601
-672.165
-692.947
-653.981
-523.445
-346.798
-215.612
-169.503
-172.75
-154.566
-95.4669
7.14378
138.33
268.866
350.695
353.942
299.39
250.682
280.556
364.333
453.955
485.777
402
248.734
135.732
142.876
238.343
293.545
230.549
113.002
16.2359
-45.4604
-50.6559
-11.6898
15.5864
-1.29887
-42.8627
-70.139
-76.6333
-90.9209
-116.249
-98.7141
-41.5638
5.19548
-11.0404
-60.3975
-79.2311
-53.9031
-20.7819
9.09209
45.4604
43.5121
-6.49435
-69.4895
-65.5929
-13.6381
-5.19548
-38.9661
-79.8805
-116.898
-137.68
-135.732
-135.732
-161.709
-227.952
-322.12
-346.149
-316.275
-300.039
-318.873
-374.075
-463.047
-562.411
-461.099
-19.483
553.319
674.114
187.687
-287.7
-157.813
430.575
865.697
1014.42
1093.65
1135.86
854.007
276.659
11.0404
368.879
998.831
1295.62
1063.13
502.663
-39.6155
-229.251
2.59774
404.598
476.685
98.0647
-385.764
-618.262
-573.451
-474.737
-371.477
-284.453
-272.763
-391.609
-515.002
-453.955
-240.291
-50.0065
42.2133
161.709
322.769
393.558
335.108
297.441
398.104
537.732
595.532
580.595
576.698
540.979
391.609
206.52
125.99
166.905
190.934
94.1681
-111.053
-303.286
-423.432
-498.117
-545.525
-564.359
-576.698
-654.63
-772.178
-857.904
-850.76
-765.034
-663.073
-563.71
-496.818
-461.748
-435.771
-353.942
-208.469
-86.3749
-33.1212
-5.19548
51.9548
81.1794
56.5008
42.8627
101.961
186.388
173.399
89.622
33.1212
42.8627
50.0065
27.2763
30.5234
38.3167
-20.1325
-148.071
-255.877
-270.814
-222.107
-195.48
-232.498
-294.843
-374.724
-464.346
-515.651
-475.386
-366.931
-283.803
-274.062
-325.367
-366.281
-347.448
-281.205
-189.635
-103.26
-62.9952
-100.013
-189.635
-255.877
-238.343
-179.244
-171.451
-211.066
-217.561
-202.624
-179.893
-157.163
-162.359
-220.158
-278.608
-119.496
403.949
1103.39
1298.87
719.574
42.2133
103.91
859.202
1495
1650.21
1568.39
1493.7
1195.61
620.86
322.769
693.597
1400.83
1736.59
1456.03
761.138
86.3749
-177.296
94.1681
637.745
852.059
461.099
-196.779
-574.75
-555.916
-363.034
-144.824
10.391
1.29887
-225.354
-475.386
-474.088
-201.325
92.2198
217.561
263.021
307.183
290.297
200.026
182.491
333.81
499.416
520.847
410.443
319.522
237.693
66.8918
-96.7658
-116.898
-0.649435
28.5751
-156.514
-450.058
-668.918
-728.666
-690.349
-609.819
-579.296
-661.125
-829.328
-970.905
-988.44
-935.836
-850.76
-774.127
-696.194
-632.55
-658.527
-701.39
-660.475
-505.26
-327.315
-213.664
-181.192
-190.284
-171.451
-148.071
-96.1164
-29.874
7.14378
-0.649435
-35.0695
-63.6446
-103.91
-132.485
-128.588
-100.662
-92.8692
-164.956
-296.142
-364.982
-322.12
-258.475
-231.199
-246.785
-257.826
-246.785
-255.228
-264.969
-224.705
-118.847
-29.2246
-27.9257
-91.5703
-133.134
-100.662
-7.79322
103.26
163.008
151.318
93.5186
43.5121
43.5121
87.0243
132.485
146.123
98.7141
0
-98.0647
-133.134
-98.0647
-50.0065
-9.74152
1.29887
-74.685
-231.848
-199.377
226.003
901.416
1228.08
813.093
164.956
81.1794
696.844
1349.53
1589.17
1528.77
1444.34
1258.61
837.122
505.26
668.918
1256.01
1671
1519.03
883.232
200.026
-78.5816
135.082
570.853
726.718
370.178
-265.619
-709.832
-739.706
-529.939
-293.545
-183.79
-264.32
-505.91
-700.74
-648.786
-390.31
-122.743
3.24717
65.5929
142.876
181.192
153.267
191.583
402.65
633.199
663.073
510.456
372.776
341.603
309.131
202.624
111.703
83.7771
6.49435
-204.572
-455.903
-607.871
-648.136
-670.217
-696.844
-724.12
-805.949
-955.968
-1113.78
-1159.89
-1086.5
-984.543
-909.209
-860.501
-852.059
-888.427
-884.53
-791.661
-621.509
-463.047
-364.333
-298.74
-236.394
-180.543
-157.813
-109.105
-7.79322
107.806
161.709
109.105
12.3393
0
107.157
216.911
241.59
165.606
36.3684
-74.0356
-114.95
-72.0873
9.74152
29.874
-50.0065
-145.473
-170.801
-148.071
-143.525
-163.658
-168.853
-134.433
-100.013
-93.5186
-94.1681
-87.0243
-54.5525
-28.5751
-15.5864
-9.09209
-9.74152
-10.391
5.19548
31.1729
68.1907
96.1164
55.8514
-31.1729
-111.703
-130.536
-96.1164
-49.3571
-19.483
-18.1842
-114.95
-270.814
-175.347
345.499
1036.5
1210.55
657.878
85.076
266.268
1029.35
1544.36
1535.26
1382
1396.29
1248.21
752.695
401.351
685.154
1350.82
1645.67
1276.14
501.364
-124.692
-217.561
160.41
582.543
561.112
27.9257
-619.561
-889.726
-755.293
-505.26
-334.459
-322.769
-461.748
-681.257
-789.713
-658.527
-367.58
-123.393
-22.0808
46.7593
121.444
138.979
116.249
216.911
469.541
659.826
652.682
525.393
475.386
485.777
422.133
290.947
231.199
266.268
225.354
46.1099
-186.388
-336.407
-416.288
-482.53
-531.887
-559.813
-582.543
-696.844
-868.295
-962.463
-907.261
-805.949
-751.396
-734.511
-738.408
-722.821
-711.131
-639.693
-487.726
-363.684
-344.201
-342.902
-258.475
-149.37
-77.9322
-57.1503
-10.391
48.0582
26.6268
-50.6559
-61.0469
27.9257
107.157
111.703
49.3571
-40.265
-146.123
-227.952
-237.044
-187.037
-155.864
-193.532
-244.837
-266.918
-281.205
-315.625
-333.81
-302.637
-248.734
-223.406
-239.642
-268.217
-275.36
-266.918
-248.084
-197.428
-126.64
-111.703
-165.606
-209.768
-194.181
-126.64
-82.4782
-93.5186
-146.772
-200.675
-248.734
-264.32
-214.963
-161.06
-121.444
-101.961
-92.8692
-152.617
-161.709
129.238
744.902
1235.23
1050.79
430.575
203.273
771.529
1471.62
1664.5
1527.47
1495
1511.24
1178.72
681.257
605.923
1117.03
1633.98
1600.21
1033.25
333.16
-27.2763
118.847
571.503
833.875
532.537
-163.008
-690.349
-696.844
-388.362
-125.341
-77.9322
-214.314
-454.604
-655.28
-613.067
-314.976
27.9257
183.141
196.779
230.549
297.441
336.407
400.701
605.273
846.214
904.663
753.345
589.687
548.773
524.094
412.391
281.855
233.147
192.233
5.19548
-297.441
-537.083
-613.716
-625.406
-679.309
-759.839
-800.104
-828.679
-976.75
-1187.82
-1254.06
-1100.79
-918.301
-883.881
-954.02
-1015.07
-996.233
-953.371
-887.778
-756.592
-601.377
-480.582
-400.052
-329.264
-313.677
-309.131
-233.147
-82.4782
55.8514
51.9548
-67.5412
-141.577
-87.6737
-4.54604
11.6898
-49.3571
-148.721
-233.797
-286.401
-274.062
-214.314
-181.842
-216.262
-274.711
-311.729
-348.747
-370.178
-331.212
-234.446
-171.451
-227.952
-329.264
-338.356
-227.952
-118.197
-82.4782
-77.9322
-74.0356
-92.2198
-130.536
-100.013
5.19548
72.0873
50.0065
-3.89661
-24.6785
-29.874
-43.5121
-31.8223
28.5751
74.0356
69.4895
42.8627
9.09209
-70.7884
-111.703
170.152
835.823
1386.54
1204.05
489.674
157.813
650.084
1387.19
1686.58
1676.19
1731.39
1714.51
1261.2
646.188
577.997
1196.91
1832.06
1824.26
1189.12
379.919
-77.9322
64.9435
586.44
929.991
649.435
-87.6737
-677.361
-749.448
-476.685
-198.727
-85.076
-177.945
-437.719
-694.895
-717.626
-450.708
-101.312
90.9209
135.732
161.709
185.089
183.79
231.199
434.472
693.597
794.908
682.556
514.353
417.587
340.953
240.291
196.129
238.343
235.745
64.2941
-235.745
-486.427
-605.273
-638.395
-631.9
-631.9
-692.947
-845.564
-1033.9
-1147.55
-1145.6
-1070.92
-998.831
-981.946
-1033.25
-1100.14
-1080.66
-962.463
-826.081
-749.448
-708.534
-618.262
-477.984
-350.695
-303.936
-298.091
-251.331
-140.927
-20.1325
37.6672
36.3684
7.79322
9.09209
16.8853
1.29887
-27.9257
-54.5525
-65.5929
-98.7141
-159.112
-218.86
-238.343
-237.044
-269.516
-318.223
-357.189
-396.805
-405.247
-374.724
-354.592
-381.218
-441.616
-461.748
-395.506
-307.832
-284.453
-317.574
-344.85
-323.419
-244.837
-155.864
-96.7658
-74.685
-63.6446
-61.6963
-46.7593
-38.3167
-31.8223
7.79322
59.0986
100.013
101.312
66.8918
46.7593
51.3054
64.9435
138.33
351.994
766.333
1260.55
1400.18
929.341
376.023
526.692
1322.9
1996.36
2073.65
1832.06
1641.12
1375.5
964.411
857.254
1350.18
1917.78
1943.76
1435.9
827.38
476.036
455.254
708.534
994.285
952.721
421.483
-222.756
-473.438
-310.43
-57.1503
45.4604
-27.2763
-238.992
-516.95
-675.412
-530.588
-162.359
105.858
100.013
-16.8853
-61.0469
-30.5234
39.6155
201.325
429.277
538.382
417.587
187.037
61.0469
60.3975
56.5008
17.5347
5.19548
-25.9774
-176.646
-432.524
-655.929
-730.614
-704.637
-686.453
-730.614
-809.196
-950.773
-1168.98
-1341.73
-1341.08
-1198.86
-1093.65
-1119.63
-1238.47
-1312.51
-1306.66
-1240.42
-1105.99
-931.29
-768.931
-688.401
-678.01
-683.206
-652.033
-559.813
-400.701
-222.107
-129.238
-160.41
-272.113
-307.832
-214.963
-87.6737
-22.7302
-22.7302
-46.7593
-101.312
-160.41
-162.359
-67.5412
19.483
15.5864
-46.7593
-86.3749
-79.2311
-87.0243
-106.507
-85.076
-39.6155
-29.874
-62.3458
-106.507
-117.548
-90.2715
-70.7884
-59.748
-22.7302
35.0695
61.0469
29.874
-14.2876
6.49435
73.3862
120.795
129.238
111.703
96.7658
83.7771
117.548
190.284
240.291
242.889
225.354
216.262
259.125
435.771
777.374
1252.76
1533.97
1298.22
807.897
692.298
1185.87
1822.31
2080.79
1945.71
1729.45
1501.49
1162.49
901.416
1029.35
1463.18
1688.53
1407.98
807.248
287.05
109.755
257.826
518.249
575.399
235.095
-324.068
-692.298
-675.412
-450.708
-271.464
-264.32
-395.506
-578.647
-701.39
-626.055
-361.735
-87.6737
40.265
53.2537
42.8627
56.5008
87.6737
167.554
342.252
529.939
564.359
392.259
179.244
83.1277
62.9952
16.8853
-51.3054
-109.755
-200.026
-391.609
-656.579
-854.656
-915.703
-915.054
-936.485
-1011.82
-1109.88
-1231.98
-1365.76
-1446.29
-1401.48
-1269
-1196.26
-1213.79
-1246.92
-1207.95
-1113.13
-1007.27
-876.737
-721.522
-550.721
-422.782
-341.603
-295.493
-279.906
-226.003
-94.1681
69.4895
131.835
46.1099
-68.1907
-56.5008
74.685
161.06
140.927
68.1907
-11.6898
-90.2715
-136.381
-93.5186
12.3393
68.8401
3.89661
-110.404
-165.606
-143.525
-85.076
-33.1212
4.54604
-1.29887
-58.4491
-125.341
-139.629
-79.8805
-14.2876
8.44265
3.89661
1.9483
-9.74152
-10.391
24.0291
81.8288
123.393
122.094
116.249
129.238
103.91
35.0695
2.59774
42.8627
107.806
125.341
86.3749
55.8514
127.289
326.666
716.327
1209.25
1359.27
946.227
459.8
602.026
1313.16
1891.8
1924.93
1692.43
1580.72
1394.99
968.308
711.131
1024.16
1582.02
1724.9
1261.85
552.02
96.1164
69.4895
332.511
583.842
507.209
27.2763
-534.485
-752.046
-614.366
-384.466
-256.527
-255.877
-364.333
-536.433
-637.745
-546.175
-263.021
7.79322
126.64
165.606
198.727
227.302
240.291
317.574
492.272
657.878
664.372
508.508
366.931
292.895
214.314
104.559
25.328
-11.0404
-78.5816
-244.837
-510.456
-739.706
-856.605
-853.358
-771.529
-777.374
-979.997
-1232.63
-1330.69
-1278.74
-1191.71
-1154.05
-1144.3
-1099.49
-1070.27
-1112.48
-1110.53
-963.112
-774.127
-652.682
-579.296
-527.991
-472.139
-424.081
-396.805
-339.005
-225.354
-146.772
-153.267
-175.347
-192.233
-188.336
-146.772
-101.961
-93.5186
-136.381
-209.768
-268.866
-273.412
-246.785
-188.986
-92.8692
-35.0695
-114.95
-272.763
-342.902
-255.228
-110.404
-60.3975
-104.559
-164.956
-198.078
-231.199
-252.63
-211.066
-120.145
-68.1907
-113.651
-174.049
-198.078
-179.244
-127.289
-62.3458
-1.29887
7.79322
-46.7593
-87.0243
-58.4491
-23.3797
0.649435
64.2941
142.876
161.06
186.388
394.207
928.043
1556.05
1656.06
1100.14
655.929
1027.41
1845.04
2324.98
2245.75
2039.23
1969.74
1691.13
1148.85
905.312
1352.77
1945.71
2003.51
1442.4
661.125
169.503
157.813
540.33
889.077
749.448
88.9726
-570.853
-721.522
-503.962
-272.763
-196.779
-248.734
-404.598
-594.882
-636.446
-429.277
-108.456
77.9322
157.163
247.435
335.108
339.005
313.677
424.081
628.004
735.81
671.516
552.02
474.737
375.373
193.532
34.4201
7.79322
24.6785
-82.4782
-356.54
-668.918
-884.53
-996.233
-1031.3
-1024.81
-1039.75
-1152.1
-1383.95
-1613.2
-1667.1
-1546.95
-1394.99
-1326.15
-1362.51
-1429.41
-1422.91
-1322.25
-1152.75
-944.928
-779.322
-703.338
-664.372
-613.067
-527.341
-435.121
-350.045
-257.176
-196.779
-209.118
-274.062
-296.142
-238.992
-175.347
-168.204
-198.078
-244.188
-320.821
-403.299
-448.11
-409.144
-337.706
-314.327
-309.131
-307.183
-346.798
-402.65
-366.931
-232.498
-117.548
-103.91
-159.112
-165.606
-109.755
-56.5008
-14.937
45.4604
104.559
100.013
60.3975
70.7884
138.979
204.572
246.136
256.527
222.756
157.163
156.514
250.032
344.201
339.655
270.165
231.848
300.688
487.076
754.643
1211.2
1659.31
1613.2
1032.6
644.24
1091.05
1981.43
2455.51
2223.67
1864.53
1730.09
1532.02
1178.08
1115.08
1565.79
1990.52
1888.56
1286.53
623.458
251.331
262.372
566.957
800.753
577.997
-75.3345
-631.251
-747.5
-554.617
-348.097
-290.947
-364.982
-543.577
-721.522
-742.954
-528.64
-224.055
-37.0178
37.6672
88.3232
149.37
180.543
199.377
308.482
503.962
623.458
546.824
406.546
331.861
272.763
151.318
-5.19548
-68.1907
-87.0243
-187.687
-409.144
-654.63
-820.236
-921.548
-942.98
-922.847
-938.434
-1078.06
-1317.7
-1496.95
-1504.09
-1374.2
-1298.87
-1302.77
-1330.69
-1352.12
-1365.11
-1348.88
-1228.08
-1038.45
-881.933
-831.926
-807.897
-736.459
-637.096
-531.887
-439.667
-346.149
-296.142
-300.688
-319.522
-268.866
-135.732
-73.3862
-122.094
-201.974
-233.797
-206.52
-201.325
-207.17
-181.192
-176.646
-219.509
-231.848
-179.244
-152.617
-207.17
-255.877
-226.003
-159.112
-128.588
-131.186
-101.312
-61.0469
-54.5525
-57.7997
-37.0178
-7.79322
12.9887
32.4717
54.5525
89.622
133.134
153.267
149.37
142.876
142.226
185.089
256.527
315.625
348.747
354.592
314.327
351.994
581.244
1014.42
1583.97
1831.41
1422.26
798.805
835.173
1601.51
2320.43
2412.65
2093.78
1914.53
1764.51
1341.08
967.658
1219.64
1830.11
2036.63
1619.69
879.984
321.47
188.336
422.782
733.862
739.057
239.642
-476.036
-829.328
-737.758
-508.508
-376.023
-402.65
-552.02
-743.603
-833.225
-719.574
-437.07
-195.48
-109.755
-43.5121
104.559
227.952
228.601
240.94
383.167
581.244
659.177
583.193
511.755
467.593
351.344
174.049
87.6737
111.703
78.5816
-140.927
-457.852
-696.194
-779.971
-780.621
-861.151
-1033.9
-1178.08
-1261.2
-1340.43
-1437.85
-1516.43
-1486.56
-1365.11
-1310.56
-1370.96
-1413.17
-1357.97
-1220.29
-1039.1
-913.106
-855.955
-791.661
-675.412
-532.537
-414.989
-376.672
-394.207
-364.333
-272.763
-201.974
-175.997
-159.112
-127.939
-113.002
-166.255
-248.734
-286.401
-290.297
-293.545
-271.464
-240.94
-290.297
-398.104
-459.151
-408.495
-329.913
-340.304
-389.012
-400.701
-388.362
-365.632
-305.234
-222.756
-168.204
-133.784
-124.042
-91.5703
-41.5638
-13.6381
4.54604
12.3393
50.0065
126.64
177.296
127.939
23.3797
12.3393
93.5186
187.037
244.837
254.579
231.848
253.929
448.11
784.517
1289.78
1728.8
1650.21
1086.5
747.5
1283.93
2265.88
2778.28
2513.96
2096.38
1952.2
1781.4
1516.43
1589.82
2139.89
2510.07
2224.96
1468.37
779.322
521.496
642.941
957.917
1077.41
682.556
-113.651
-731.913
-796.207
-527.991
-302.637
-333.16
-545.525
-829.978
-1041.69
-1018.96
-759.19
-428.627
-274.711
-276.659
-238.343
-105.858
7.79322
48.0582
160.41
376.672
557.215
536.433
408.495
350.045
331.861
260.423
159.761
128.588
100.662
-51.3054
-344.201
-638.395
-791.012
-842.317
-892.973
-981.296
-1095.6
-1248.86
-1450.84
-1594.36
-1608.65
-1503.44
-1399.53
-1423.56
-1519.68
-1574.88
-1539.81
-1430.71
-1259.25
-1096.25
-1007.27
-948.825
-879.335
-763.086
-613.716
-476.036
-372.776
-300.039
-238.992
-205.221
-170.801
-114.95
-18.8336
82.4782
75.9839
-41.5638
-138.979
-129.238
-66.8918
-38.3167
-33.7706
-40.265
-102.611
-194.83
-237.693
-209.768
-187.687
-201.974
-228.601
-261.073
-316.275
-370.827
-364.333
-283.154
-186.388
-118.197
-113.651
-151.968
-174.698
-119.496
-44.811
-10.391
46.1099
137.031
196.129
129.887
25.9774
38.3167
172.75
291.596
294.843
244.188
222.107
331.861
541.629
869.593
1349.53
1641.77
1380.7
789.064
747.5
1532.02
2393.82
2548.38
2121.7
1843.1
1791.14
1595.01
1357.97
1636.58
2265.23
2464.61
1968.44
1147.55
610.469
550.071
800.753
1075.46
1027.41
485.128
-304.585
-763.086
-700.74
-426.679
-281.855
-371.477
-622.808
-902.065
-1037.8
-941.031
-622.159
-316.275
-224.055
-244.837
-203.923
-92.8692
-8.44265
98.0647
301.338
526.692
619.561
528.64
419.535
395.506
397.454
320.171
237.693
233.147
205.221
8.44265
-345.499
-619.561
-672.165
-579.296
-600.078
-850.11
-1172.23
-1363.81
-1402.13
-1392.39
-1380.7
-1399.53
-1434.6
-1495
-1579.43
-1637.88
-1576.83
-1413.17
-1260.55
-1172.88
-1163.14
-1143.66
-1035.2
-838.421
-633.199
-498.117
-463.697
-478.634
-433.173
-334.459
-218.21
-110.404
-29.874
-10.391
-100.662
-217.561
-248.084
-207.17
-165.606
-150.669
-144.824
-176.646
-272.763
-364.982
-359.138
-281.205
-263.021
-314.976
-357.189
-354.592
-338.356
-366.931
-378.621
-319.522
-224.055
-187.037
-233.147
-253.28
-205.871
-142.876
-125.341
-113.002
-31.8223
23.3797
-3.24717
-52.6042
-40.9144
17.5347
51.3054
92.2198
195.48
398.104
611.118
922.847
1422.26
1673.59
1281.34
720.873
944.278
1958.05
2791.92
2749.06
2252.89
2086.63
2084.04
1796.99
1578.78
2047.02
2794.52
2873.75
2141.19
1317.7
1026.76
1152.75
1366.41
1469.67
1259.9
587.089
-177.945
-437.07
-221.457
-22.7302
-133.134
-396.805
-642.941
-881.283
-1023.51
-890.375
-532.537
-315.625
-358.488
-445.512
-383.816
-218.86
-76.6333
101.312
325.367
474.737
452.007
346.149
361.086
470.84
509.806
426.679
346.149
311.079
201.974
-49.3571
-333.16
-480.582
-532.537
-626.055
-800.104
-1018.96
-1197.56
-1319
-1438.5
-1570.33
-1670.35
-1691.13
-1683.34
-1709.31
-1762.57
-1791.14
-1765.81
-1728.15
-1680.09
-1578.78
-1434.6
-1325.5
-1220.94
-1067.02
-904.663
-783.219
-704.637
-601.377
-479.283
-390.96
-340.304
-270.814
-172.75
-134.433
-153.267
-187.037
-206.52
-208.469
-193.532
-155.864
-116.249
-111.703
-170.152
-244.837
-272.763
-241.59
-175.347
-162.359
-235.095
-318.223
-322.12
-237.693
-151.318
-118.197
-139.629
-146.123
-85.7254
-9.09209
42.8627
74.0356
95.4669
96.1164
87.6737
90.9209
129.887
174.698
178.595
168.204
167.554
149.37
163.008
316.275
573.451
776.075
885.829
1074.81
1363.81
1433.95
1174.83
1049.49
1504.09
2204.83
2467.85
2176.91
1852.84
1817.77
1855.44
1800.88
1862.58
2178.85
2402.26
2178.85
1629.43
1173.53
1051.44
1189.76
1332.64
1200.16
709.183
79.8805
-294.194
-282.504
-144.824
-154.566
-328.614
-555.916
-778.023
-914.404
-862.45
-621.509
-389.012
-346.798
-405.247
-393.558
-281.205
-151.968
-16.2359
195.48
421.483
506.559
399.403
283.154
330.562
466.944
524.094
452.007
326.666
169.503
-36.3684
-248.084
-391.609
-470.84
-560.462
-716.327
-911.807
-1096.9
-1283.28
-1447.59
-1529.42
-1540.46
-1550.2
-1610.6
-1700.87
-1762.57
-1758.67
-1727.5
-1714.51
-1692.43
-1609.95
-1495
-1397.58
-1298.22
-1162.49
-998.182
-866.346
-778.673
-664.372
-528.64
-435.121
-395.506
-312.378
-149.37
-37.6672
-60.3975
-142.226
-170.801
-139.629
-114.301
-100.662
-64.9435
-40.265
-80.5299
-166.255
-206.52
-163.658
-96.7658
-83.1277
-140.927
-246.136
-330.562
-312.378
-209.768
-114.301
-108.456
-182.491
-220.808
-149.37
-27.9257
74.0356
135.732
128.588
52.6042
-16.2359
-11.6898
92.2198
207.819
194.181
57.1503
-48.0582
8.44265
218.86
481.231
687.752
971.555
1357.32
1400.83
904.014
538.382
1100.79
2182.1
2662.68
2195.74
1626.19
1652.81
1819.07
1649.56
1578.78
2050.27
2534.1
2350.95
1663.85
1097.55
974.152
1132.61
1362.51
1445.64
1081.31
289.648
-359.787
-427.978
-159.112
-15.5864
-143.525
-402
-695.545
-948.825
-981.946
-705.936
-338.356
-203.923
-280.556
-313.677
-198.078
-50.6559
70.139
280.556
572.152
751.396
690.999
543.577
534.485
661.774
750.747
716.327
642.941
557.865
385.764
137.031
-62.3458
-139.629
-166.255
-269.516
-490.323
-759.19
-991.038
-1159.89
-1261.85
-1293.67
-1339.13
-1461.88
-1615.79
-1727.5
-1772.96
-1776.85
-1749.58
-1696.97
-1655.41
-1637.88
-1615.79
-1521.63
-1380.7
-1270.29
-1159.24
-1018.96
-867.645
-741.655
-647.487
-565.008
-477.335
-355.241
-214.963
-112.352
-109.755
-214.314
-303.936
-287.7
-222.107
-189.635
-202.624
-252.63
-348.747
-467.593
-540.979
-498.117
-400.052
-419.535
-557.865
-650.084
-612.417
-494.22
-394.207
-357.189
-353.942
-370.827
-378.621
-298.091
-125.341
5.19548
0.649435
-63.6446
-85.076
-53.2537
5.84491
65.5929
123.393
129.238
90.9209
155.215
367.58
605.273
705.936
783.868
1081.96
1457.98
1488.51
1149.5
1036.5
1533.97
2175.61
2303.55
1985.97
1798.29
1894.4
1909.34
1745.03
1761.92
2092.48
2341.21
2176.26
1724.9
1328.09
1168.98
1217.04
1338.49
1289.13
917.652
408.495
101.312
70.7884
94.8175
26.6268
-87.0243
-196.129
-345.499
-504.611
-541.629
-405.897
-222.756
-143.525
-136.381
-87.6737
17.5347
89.622
130.536
252.63
457.852
594.233
572.152
498.766
500.065
553.319
565.658
525.393
463.047
354.592
155.864
-48.7076
-161.06
-229.251
-361.086
-559.164
-761.787
-932.589
-1070.27
-1192.36
-1285.88
-1352.77
-1422.91
-1530.07
-1631.38
-1669.7
-1687.88
-1712.56
-1722.95
-1704.12
-1675.54
-1665.8
-1654.76
-1574.88
-1420.31
-1294.32
-1241.07
-1177.43
-1044.94
-875.438
-722.821
-615.664
-556.566
-516.95
-448.76
-341.603
-247.435
-231.199
-300.688
-369.529
-368.23
-322.12
-306.533
-344.85
-402.65
-464.995
-516.95
-528.64
-490.973
-454.604
-481.231
-566.307
-598.13
-483.829
-320.821
-261.722
-311.079
-351.994
-300.688
-177.945
-74.0356
-28.5751
-14.2876
-35.0695
-70.139
-51.3054
39.6155
126.64
138.979
148.721
266.918
470.84
635.147
787.115
1122.22
1540.46
1595.01
1179.37
922.198
1380.05
2174.96
2492.53
2189.25
1893.75
1957.4
2000.26
1777.5
1707.36
2110.01
2556.83
2487.34
1953.5
1453.44
1260.55
1295.62
1443.04
1520.98
1282.63
692.298
132.485
-12.9887
140.927
219.509
68.8401
-161.709
-361.735
-512.404
-562.411
-446.811
-238.992
-127.939
-146.123
-174.049
-134.433
-46.1099
44.811
170.152
316.924
421.483
444.863
403.299
374.075
376.672
403.299
420.834
420.184
367.58
207.17
-29.874
-208.469
-204.572
-176.646
-307.183
-566.957
-789.064
-902.065
-1002.08
-1141.71
-1250.81
-1269.65
-1330.69
-1501.49
-1630.08
-1604.1
-1507.99
-1487.86
-1547.6
-1592.41
-1572.93
-1539.16
-1480.71
-1356.67
-1218.99
-1143.01
-1113.13
-1030
-868.944
-712.43
-608.521
-536.433
-468.892
-393.558
-325.367
-248.734
-182.491
-179.244
-233.147
-290.947
-323.419
-353.293
-394.207
-417.587
-419.535
-461.748
-573.451
-694.246
-730.614
-687.752
-668.918
-711.781
-730.614
-675.412
-611.118
-585.141
-572.152
-499.416
-398.104
-348.097
-335.108
-279.906
-186.388
-146.123
-178.595
-201.325
-148.721
-61.0469
42.2133
164.307
301.987
499.416
930.64
1468.37
1511.24
911.157
518.249
1129.37
2223.67
2645.15
2182.1
1771.01
1918.43
1954.8
1497.6
1316.4
1968.44
2708.79
2613.33
1822.31
1182.62
1135.86
1433.95
1742.43
1807.38
1435.25
715.677
173.399
188.336
481.231
593.584
445.512
192.882
-88.9726
-339.005
-406.546
-204.572
85.7254
184.44
83.1277
-6.49435
19.483
92.8692
177.945
337.706
546.175
648.136
548.773
381.218
354.592
472.789
562.411
511.105
417.587
361.086
266.918
79.8805
-98.0647
-150.019
-163.658
-274.711
-476.685
-651.383
-767.632
-903.364
-1063.13
-1143.01
-1131.32
-1172.88
-1335.24
-1494.35
-1515.13
-1432.65
-1370.96
-1363.81
-1361.22
-1358.62
-1373.56
-1360.57
-1269.65
-1154.05
-1097.55
-1084.56
-1031.3
-949.474
-909.858
-874.139
-757.891
-581.894
-472.789
-485.777
-544.227
-528.64
-444.214
-360.436
-306.533
-308.482
-364.982
-443.564
-489.674
-479.932
-457.202
-484.479
-556.566
-618.262
-649.435
-673.464
-717.626
-736.459
-702.039
-674.763
-681.907
-659.177
-559.164
-439.018
-411.742
-446.811
-425.38
-339.655
-262.372
-203.923
-151.968
-153.916
-236.394
-284.453
-124.042
168.204
351.994
450.058
805.299
1326.8
1337.84
705.286
324.068
985.842
2111.96
2527.6
2043.12
1587.22
1654.11
1652.16
1277.44
1174.18
1780.75
2416.55
2282.11
1548.9
972.204
922.198
1156.64
1442.4
1627.48
1432.65
791.661
190.284
139.629
499.416
744.253
644.24
379.919
138.979
-48.7076
-122.743
20.1325
288.999
420.184
361.086
294.843
313.028
376.672
447.461
565.658
750.097
888.427
849.461
699.441
623.458
646.837
635.147
540.979
479.283
481.231
401.351
148.721
-133.784
-226.003
-156.514
-159.761
-336.407
-546.175
-687.752
-824.782
-965.71
-1035.2
-1020.91
-1037.8
-1165.09
-1330.04
-1409.92
-1404.08
-1388.49
-1359.27
-1298.87
-1248.86
-1255.36
-1276.14
-1251.46
-1153.4
-1020.91
-921.548
-880.634
-915.703
-992.337
-992.337
-829.978
-611.118
-526.692
-609.17
-719.574
-718.925
-619.561
-501.364
-404.598
-360.436
-399.403
-507.209
-592.934
-603.975
-568.256
-557.215
-586.44
-627.354
-670.217
-724.769
-792.96
-813.742
-783.868
-755.942
-755.942
-740.356
-694.246
-645.538
-610.469
-562.411
-471.49
-401.351
-415.638
-417.587
-319.522
-224.705
-248.084
-318.223
-262.372
-32.4717
208.469
398.753
866.996
1480.06
1447.59
628.004
97.4152
775.425
2034.68
2573.06
2102.22
1619.69
1661.9
1566.44
1031.95
868.295
1620.99
2442.53
2356.15
1488.51
730.614
616.963
902.065
1270.29
1514.48
1363.81
710.482
57.7997
-39.6155
283.154
563.71
559.813
392.908
214.314
62.9952
-5.19548
114.95
378.621
545.525
570.204
583.842
628.653
650.734
661.125
783.219
997.532
1175.48
1151.45
992.337
897.519
873.49
818.938
713.729
681.257
709.183
632.55
343.551
19.483
-112.352
-125.341
-183.79
-339.005
-499.416
-640.343
-801.403
-984.543
-1074.81
-1038.45
-1042.99
-1157.29
-1294.97
-1359.27
-1350.18
-1311.86
-1274.84
-1246.27
-1210.55
-1211.85
-1210.55
-1137.81
-1043.64
-998.831
-984.543
-950.773
-917.002
-905.312
-899.467
-829.328
-688.401
-603.325
-644.889
-687.752
-622.808
-526.692
-502.013
-553.319
-581.894
-531.238
-484.479
-520.197
-604.624
-663.723
-700.091
-741.655
-761.787
-743.603
-734.511
-800.104
-911.157
-944.928
-863.099
-765.034
-731.264
-731.264
-709.832
-669.567
-627.354
-570.204
-466.294
-376.672
-366.931
-369.529
-324.068
-274.062
-238.992
-144.824
43.5121
224.055
305.234
439.667
856.605
1322.25
1280.04
737.109
493.571
1067.02
1872.32
2068.45
1672.94
1392.39
1455.38
1385.89
1063.77
1024.16
1489.8
1903.49
1765.81
1228.73
766.333
630.601
776.075
1057.28
1224.18
1018.31
494.869
101.961
119.496
351.994
498.766
491.622
446.811
384.466
288.999
235.095
333.81
558.514
751.396
822.185
829.978
851.409
887.128
942.98
1038.45
1167.03
1268.35
1259.25
1150.15
1037.8
978.699
937.135
858.553
761.138
671.516
541.629
309.78
25.328
-160.41
-173.399
-161.709
-303.286
-557.215
-758.54
-847.513
-922.198
-1022.21
-1076.11
-1048.84
-1042.99
-1152.75
-1277.44
-1300.17
-1239.77
-1174.18
-1137.81
-1132.61
-1149.5
-1154.05
-1113.78
-1022.86
-946.876
-963.112
-1022.86
-1020.26
-922.198
-791.012
-714.378
-728.666
-791.661
-807.248
-737.758
-649.435
-612.417
-642.941
-688.401
-678.66
-659.177
-687.102
-710.482
-707.884
-719.574
-770.879
-826.081
-822.185
-774.127
-778.023
-866.346
-935.836
-910.508
-844.915
-809.845
-798.156
-766.333
-716.327
-700.74
-737.109
-722.172
-592.285
-430.575
-363.034
-420.184
-512.404
-529.939
-386.414
-132.485
90.2715
195.48
311.079
735.16
1301.47
1360.57
752.695
336.407
911.807
1990.52
2430.19
1958.7
1448.89
1469.02
1514.48
1167.03
981.296
1483.31
2124.95
2068.45
1304.71
600.078
478.634
776.724
1137.16
1271.59
1010.52
412.391
-87.0243
-92.2198
235.095
468.892
444.214
308.482
180.543
89.622
75.3345
219.509
509.806
750.747
833.225
794.908
750.097
791.661
929.991
1128.72
1310.56
1404.73
1360.57
1225.48
1117.68
1108.59
1122.87
1040.39
915.703
844.265
757.241
511.755
165.606
-42.2133
-48.0582
-21.4314
-137.68
-381.868
-605.923
-782.569
-950.773
-1042.34
-987.141
-917.002
-987.791
-1179.37
-1350.18
-1365.76
-1253.41
-1121.57
-1039.75
-1036.5
-1108.59
-1176.78
-1104.04
-915.703
-791.012
-808.547
-858.553
-858.553
-813.742
-748.799
-652.682
-513.054
-478.634
-611.768
-739.706
-683.855
-513.703
-453.955
-535.784
-614.366
-619.561
-639.044
-728.017
-784.517
-763.736
-755.293
-842.317
-927.393
-904.663
-883.881
-987.141
-1126.12
-1137.16
-1016.37
-911.157
-918.301
-965.06
-968.308
-954.02
-920.249
-816.989
-663.073
-584.491
-629.303
-681.907
-637.096
-529.29
-456.553
-360.436
-133.784
103.91
162.359
152.617
476.685
1121.57
1446.29
1045.59
520.847
778.673
1645.67
2134.04
1863.88
1472.27
1502.14
1582.67
1251.46
913.106
1201.45
1834
2021.04
1554.75
915.054
602.026
673.464
940.382
1187.17
1158.59
735.81
201.325
-11.6898
153.267
409.793
535.784
504.611
359.138
171.451
68.1907
179.893
468.892
721.522
805.949
779.971
771.529
816.34
909.209
1075.46
1270.29
1396.93
1374.2
1254.71
1187.17
1203.4
1198.21
1098.84
972.204
904.663
816.34
566.307
235.745
49.3571
69.4895
96.1164
-55.8514
-303.286
-500.065
-658.527
-828.03
-941.681
-922.198
-848.812
-918.951
-1154.7
-1339.78
-1339.78
-1226.13
-1118.98
-1080.66
-1114.43
-1191.06
-1228.73
-1143.66
-959.865
-821.535
-841.018
-939.732
-946.227
-801.403
-626.055
-531.238
-511.105
-518.899
-531.887
-526.042
-476.036
-399.403
-363.684
-410.443
-491.622
-535.784
-556.566
-604.624
-669.567
-729.315
-769.58
-808.547
-861.8
-909.209
-967.009
-1070.27
-1175.48
-1183.92
-1102.09
-1033.9
-1039.75
-1086.5
-1112.48
-1086.5
-999.48
-870.243
-752.046
-744.253
-839.07
-877.387
-762.437
-598.13
-520.847
-482.53
-342.252
-125.341
18.8336
97.4152
287.05
676.711
1025.46
1017.66
790.362
816.34
1232.63
1628.78
1652.81
1444.99
1356.02
1417.07
1372.26
1193.01
1171.58
1437.2
1678.79
1576.83
1191.06
829.328
741.005
898.818
1084.56
1093
855.955
494.22
248.734
242.239
386.414
529.29
567.606
486.427
334.459
229.9
299.39
544.227
807.248
904.014
857.254
835.173
925.445
1074.81
1215.74
1328.09
1394.99
1402.13
1341.73
1265.75
1235.87
1238.47
1220.94
1146.25
1009.87
828.03
629.952
464.346
368.23
313.677
231.199
57.1503
-192.882
-426.679
-575.399
-642.941
-699.441
-807.897
-966.359
-1133.91
-1268.35
-1334.59
-1309.91
-1236.52
-1186.52
-1214.44
-1302.12
-1365.11
-1328.74
-1202.75
-1057.93
-983.894
-1009.87
-1049.49
-994.934
-824.133
-631.251
-547.474
-571.503
-594.882
-531.238
-405.247
-311.729
-304.585
-352.643
-392.908
-414.989
-431.874
-459.151
-490.323
-535.134
-633.199
-753.994
-826.731
-834.524
-850.76
-960.514
-1114.43
-1176.13
-1139.76
-1096.25
-1091.7
-1118.98
-1141.06
-1157.94
-1142.36
-1046.89
-912.456
-859.202
-913.755
-944.278
-860.501
-724.12
-661.125
-650.084
-539.031
-290.947
-58.4491
6.49435
16.2359
203.273
587.739
895.571
892.324
731.913
790.362
1146.25
1463.83
1490.45
1356.02
1345.63
1449.54
1409.27
1226.78
1184.57
1413.82
1635.93
1530.72
1162.49
841.668
758.54
840.369
922.847
877.387
670.217
376.672
166.905
170.152
299.39
393.558
381.868
296.142
212.365
188.986
268.866
457.852
665.021
775.425
815.69
866.996
983.894
1128.72
1248.86
1363.16
1468.37
1537.86
1532.67
1500.19
1487.21
1480.71
1431.35
1331.34
1235.23
1123.52
948.825
720.223
545.525
481.231
416.937
210.417
-96.7658
-333.81
-449.409
-533.836
-685.803
-854.007
-974.152
-1087.15
-1217.69
-1311.86
-1300.82
-1237.82
-1224.18
-1283.93
-1344.33
-1356.02
-1319
-1226.78
-1105.34
-1012.47
-1005.97
-1034.55
-987.141
-834.524
-677.361
-603.325
-605.273
-613.716
-563.71
-470.84
-379.919
-348.747
-407.196
-494.22
-542.928
-550.721
-566.957
-609.17
-667.619
-721.522
-789.713
-887.778
-974.802
-1018.31
-1027.41
-1052.73
-1111.18
-1163.14
-1168.33
-1139.76
-1125.47
-1133.26
-1116.38
-1056.63
-977.4
-920.899
-896.22
-864.398
-814.391
-748.149
-666.97
-598.13
-547.474
-487.726
-372.126
-193.532
-25.9774
101.961
263.671
516.95
755.293
831.926
800.753
882.582
1168.33
1466.42
1548.25
1461.88
1407.33
1438.5
1454.08
1409.27
1410.57
1509.94
1584.62
1502.14
1295.62
1085.21
963.762
939.083
949.474
917.652
770.879
522.795
305.884
235.095
288.999
353.293
337.057
252.63
171.451
140.278
189.635
315.625
468.892
595.532
663.723
712.43
795.558
924.146
1081.96
1233.93
1352.12
1424.21
1430.71
1398.23
1376.15
1373.56
1371.61
1319.65
1197.56
1055.33
913.106
772.828
635.797
485.128
327.315
155.864
-40.9144
-237.693
-416.288
-564.359
-679.958
-811.144
-985.842
-1161.84
-1280.04
-1309.91
-1304.71
-1333.94
-1385.24
-1422.26
-1424.86
-1396.93
-1353.42
-1283.93
-1196.91
-1135.21
-1098.19
-1046.24
-961.164
-843.616
-726.068
-629.303
-561.761
-533.186
-494.22
-396.155
-266.918
-193.532
-224.055
-308.482
-357.189
-363.034
-364.982
-385.764
-437.07
-522.146
-639.693
-769.58
-856.605
-876.737
-897.519
-972.854
-1088.45
-1179.37
-1185.87
-1132.61
-1090.4
-1078.71
-1061.83
-1018.31
-958.566
-898.818
-851.409
-806.598
-748.149
-688.401
-667.619
-665.021
-614.366
-455.254
-219.509
-59.748
-54.5525
-81.8288
44.811
358.488
715.028
914.404
908.56
861.8
935.836
1122.87
1291.73
1361.87
1393.69
1454.73
1479.41
1364.46
1181.32
1161.19
1358.62
1555.4
1523.57
1243.02
926.094
783.219
815.041
883.232
843.616
647.487
385.764
224.055
201.325
238.992
265.619
259.125
242.889
215.612
188.336
224.055
346.798
518.899
666.32
766.333
855.955
946.876
1037.15
1144.95
1273.54
1393.04
1454.08
1444.34
1407.33
1380.05
1339.13
1264.45
1174.83
1080.01
973.503
838.421
690.999
569.554
413.69
174.049
-68.8401
-221.457
-286.401
-387.713
-610.469
-862.45
-1010.52
-1091.05
-1191.06
-1291.73
-1344.33
-1348.88
-1345.63
-1371.61
-1417.07
-1430.71
-1385.89
-1274.19
-1128.07
-1035.85
-1046.24
-1078.06
-1009.87
-855.306
-684.504
-566.957
-529.29
-526.042
-496.818
-418.236
-319.522
-251.331
-259.125
-312.378
-340.953
-355.89
-397.454
-451.357
-502.013
-563.71
-645.538
-752.695
-859.202
-914.404
-935.186
-1000.13
-1096.9
-1135.21
-1100.79
-1044.29
-1037.8
-1085.21
-1083.26
-994.934
-911.807
-889.726
-872.191
-828.03
-779.971
-746.201
-725.419
-690.349
-629.303
-524.094
-335.108
-112.352
18.8336
61.6963
237.044
615.664
911.807
862.45
666.32
782.569
1251.46
1610.6
1544.36
1314.46
1293.03
1422.26
1396.93
1226.78
1226.13
1459.93
1633.33
1499.55
1157.94
868.944
781.92
838.421
887.778
810.495
561.761
249.383
68.8401
66.8918
125.99
139.629
107.806
67.5412
30.5234
16.2359
65.5929
211.716
398.104
545.525
647.487
737.109
832.576
949.474
1103.39
1267.05
1394.99
1464.48
1483.96
1485.91
1493.05
1471.62
1390.44
1281.98
1187.82
1117.03
1048.19
911.807
683.206
442.265
271.464
163.658
63.6446
-95.4669
-333.16
-554.617
-694.246
-802.702
-924.795
-1039.1
-1112.48
-1143.66
-1179.37
-1256.01
-1320.3
-1297.57
-1215.74
-1141.71
-1109.23
-1116.38
-1120.28
-1065.07
-945.577
-819.587
-741.655
-716.327
-687.752
-593.584
-459.8
-377.971
-355.241
-342.252
-309.78
-256.527
-232.498
-276.01
-355.241
-403.949
-428.627
-487.076
-588.388
-697.493
-778.673
-832.576
-904.014
-1000.78
-1076.76
-1120.92
-1170.28
-1211.85
-1207.95
-1178.08
-1153.4
-1152.1
-1156.64
-1118.33
-1059.88
-1028.06
-1003.38
-946.227
-878.036
-838.421
-824.782
-807.248
-737.109
-585.79
-392.908
-229.9
-120.145
4.54604
266.268
652.682
867.645
714.378
517.6
724.12
1265.1
1628.78
1539.16
1296.92
1302.12
1428.11
1319.65
1087.8
1145.6
1488.51
1676.19
1451.49
1026.11
753.994
746.85
846.863
879.984
780.621
542.928
266.918
124.692
144.175
198.727
211.066
200.026
178.595
148.071
130.536
187.037
359.787
579.945
757.241
878.036
968.957
1045.59
1130.02
1258.61
1412.52
1537.86
1603.45
1614.5
1598.26
1567.09
1504.74
1421.61
1357.97
1288.48
1161.19
1000.13
831.926
662.424
497.467
333.81
192.233
79.2311
-74.0356
-310.43
-548.773
-687.102
-747.5
-814.391
-911.807
-1010.52
-1087.8
-1154.7
-1211.85
-1221.59
-1180.02
-1149.5
-1163.79
-1155.99
-1100.79
-1032.6
-970.256
-911.807
-844.265
-777.374
-725.419
-674.763
-598.779
-514.353
-463.697
-453.955
-451.357
-431.874
-427.978
-448.76
-473.438
-492.272
-513.054
-576.049
-672.815
-750.747
-803.351
-876.088
-984.543
-1083.26
-1130.67
-1154.05
-1226.13
-1320.3
-1334.59
-1260.55
-1198.86
-1223.54
-1251.46
-1202.1
-1104.69
-1033.9
-1012.47
-982.595
-907.91
-838.421
-818.288
-811.144
-789.713
-720.873
-554.617
-344.201
-197.428
-131.186
2.59774
347.448
733.862
809.196
583.193
523.445
914.404
1437.85
1607.35
1428.76
1296.92
1361.87
1370.96
1183.27
1073.52
1279.39
1576.83
1584.62
1260.55
886.479
722.821
774.776
891.025
908.56
735.16
433.823
205.871
177.945
253.929
275.36
220.158
187.687
206.52
216.262
210.417
262.372
437.07
676.711
865.697
977.4
1049.49
1134.56
1268.35
1427.46
1554.1
1615.79
1633.98
1632.68
1618.39
1562.54
1465.13
1352.12
1245.62
1162.49
1072.22
943.629
757.241
529.29
331.212
207.17
117.548
2.59774
-169.503
-372.776
-552.02
-706.585
-835.823
-896.87
-917.002
-954.02
-1028.71
-1120.28
-1170.28
-1160.54
-1123.52
-1080.66
-1044.94
-1025.46
-1027.41
-1031.3
-992.337
-911.157
-834.524
-767.632
-700.74
-649.435
-613.067
-590.336
-557.215
-495.519
-442.265
-427.978
-448.76
-509.157
-576.049
-603.975
-598.779
-615.015
-689.051
-785.167
-867.645
-938.434
-998.182
-1043.64
-1060.53
-1063.77
-1128.07
-1226.78
-1243.67
-1178.72
-1111.83
-1085.21
-1082.61
-1053.38
-989.739
-949.474
-933.888
-875.438
-783.219
-713.729
-698.792
-736.459
-775.425
-705.936
-466.944
-184.44
-16.8853
33.7706
172.1
537.083
841.018
731.913
424.73
529.939
1139.11
1645.67
1565.79
1170.28
1053.38
1245.62
1272.24
1015.07
941.681
1269
1587.22
1481.36
1051.44
722.821
690.999
809.845
872.841
802.052
594.233
312.378
130.536
137.68
218.21
223.406
177.296
163.658
187.687
207.819
220.158
307.832
500.714
709.183
848.812
928.692
983.245
1049.49
1171.58
1330.69
1460.58
1511.88
1502.79
1468.37
1430.06
1374.85
1287.18
1209.25
1164.44
1054.68
844.265
633.849
502.663
410.443
274.711
88.3232
-51.9548
-86.3749
-168.853
-418.236
-687.752
-781.27
-733.862
-719.574
-818.288
-965.71
-1024.16
-1013.12
-1044.29
-1093
-1066.37
-991.687
-936.485
-900.117
-883.881
-874.789
-852.059
-817.639
-737.109
-611.768
-527.991
-530.588
-542.928
-503.312
-440.966
-390.96
-361.735
-351.994
-349.396
-374.724
-439.667
-488.375
-501.364
-519.548
-555.267
-602.676
-676.711
-763.736
-825.432
-852.059
-861.8
-902.065
-996.233
-1066.37
-1032.6
-941.031
-898.818
-935.836
-989.089
-976.75
-898.818
-829.978
-816.989
-803.351
-764.385
-719.574
-685.154
-683.206
-703.338
-666.32
-490.973
-240.94
-78.5816
-75.3345
-64.9435
188.986
613.716
808.547
596.181
398.753
647.487
1139.11
1340.43
1121.57
901.416
1012.47
1203.4
1085.21
811.144
822.185
1133.26
1350.82
1220.94
870.243
583.193
513.703
595.532
682.556
645.538
424.081
146.123
16.2359
60.3975
120.145
111.053
86.3749
99.3636
127.289
155.215
235.095
385.115
550.721
678.01
796.207
932.589
1035.2
1098.19
1178.72
1302.77
1417.72
1439.8
1389.79
1349.53
1321.6
1256.66
1156.64
1086.5
1057.28
974.152
791.661
600.727
476.685
396.805
296.792
156.514
34.4201
-61.6963
-208.469
-407.196
-555.267
-592.934
-583.842
-623.458
-724.769
-826.731
-882.582
-899.467
-900.117
-880.634
-853.358
-837.771
-807.248
-744.902
-695.545
-700.091
-737.758
-730.614
-639.044
-521.496
-469.541
-496.818
-540.979
-527.341
-439.667
-346.798
-319.522
-379.27
-466.294
-510.456
-513.703
-517.6
-553.319
-611.768
-670.866
-730.614
-800.104
-863.099
-908.56
-946.876
-996.233
-1058.58
-1104.04
-1094.95
-1044.29
-1002.08
-1000.78
-1023.51
-1017.02
-950.123
-864.398
-813.742
-804.65
-797.506
-765.684
-718.275
-673.464
-645.538
-616.963
-550.721
-427.978
-257.176
-104.559
-26.6268
20.1325
143.525
364.333
572.802
666.97
687.102
762.437
909.209
1009.87
1018.31
1018.31
1082.61
1149.5
1117.03
1017.66
996.883
1094.3
1204.05
1207.95
1070.27
876.088
737.109
690.349
696.194
674.114
577.348
429.926
311.729
268.866
280.556
305.234
320.171
313.677
300.039
323.419
393.558
483.18
563.06
644.24
768.931
921.548
1024.81
1056.63
1083.91
1153.4
1246.92
1298.22
1280.69
1242.37
1208.6
1160.54
1079.36
976.101
867.645
753.345
644.889
566.957
503.962
395.506
201.325
-9.74152
-129.887
-161.709
-201.974
-312.378
-468.243
-598.779
-685.154
-776.724
-860.501
-877.387
-845.564
-831.277
-879.984
-959.865
-985.842
-932.589
-843.616
-772.828
-756.592
-779.322
-791.661
-749.448
-641.642
-528.64
-475.386
-472.139
-476.685
-448.11
-398.753
-381.868
-394.856
-409.793
-438.369
-493.571
-568.256
-626.055
-650.734
-675.412
-730.614
-795.558
-844.915
-893.623
-956.618
-1023.51
-1055.98
-1050.79
-1034.55
-1019.61
-1005.33
-999.48
-1018.31
-1026.76
-983.245
-898.169
-829.328
-811.144
-812.443
-795.558
-753.345
-713.08
-683.206
-644.24
-589.038
-502.663
-385.764
-251.981
-129.238
-26.6268
96.7658
285.751
511.755
655.929
663.073
645.538
741.655
936.485
1081.96
1095.6
1061.18
1089.75
1144.3
1124.82
1065.07
1078.71
1196.26
1289.13
1220.94
1033.9
859.852
776.724
764.385
755.942
695.545
561.761
400.701
290.947
265.619
279.906
276.01
266.918
287.05
336.407
386.414
430.575
496.818
607.871
757.241
917.002
1052.73
1125.47
1146.25
1182.62
1267.7
1364.46
1403.43
1378.75
1332.64
1291.73
1243.02
1176.13
1081.31
957.917
833.875
728.017
636.446
513.054
337.706
153.267
12.3393
-91.5703
-207.17
-357.189
-509.806
-633.849
-735.16
-816.34
-874.789
-919.6
-966.359
-1016.37
-1043.64
-1042.34
-1038.45
-1039.1
-1015.07
-954.02
-892.324
-862.45
-862.45
-842.317
-790.362
-726.068
-674.114
-645.538
-612.417
-561.761
-512.404
-480.582
-472.139
-485.128
-509.806
-548.123
-590.336
-610.469
-605.923
-611.118
-674.114
-796.207
-889.726
-898.169
-880.634
-923.497
-1012.47
-1069.62
-1052.08
-1017.66
-1032.6
-1061.83
-1041.69
-974.802
-926.094
-919.6
-911.157
-861.8
-776.075
-694.895
-654.63
-641.642
-602.026
-518.899
-431.874
-403.299
-403.299
-325.367
-168.853
-45.4604
11.6898
188.986
540.979
764.385
582.543
255.228
344.201
905.312
1376.8
1324.85
1045.59
1018.31
1188.47
1157.29
917.652
920.899
1302.77
1654.11
1548.9
1101.44
733.212
661.774
798.805
939.083
941.681
742.304
442.915
235.745
206.52
255.877
277.958
279.257
295.493
309.78
291.596
291.596
351.344
464.995
614.366
791.012
967.009
1035.2
975.451
942.98
1068.97
1261.2
1359.27
1343.03
1308.61
1302.12
1254.06
1145.6
1048.84
1009.22
977.4
878.686
714.378
532.537
368.879
234.446
126.64
29.2246
-94.1681
-249.383
-413.69
-543.577
-607.222
-643.59
-692.947
-783.219
-904.014
-989.089
-994.285
-957.917
-949.474
-951.422
-939.732
-919.6
-913.106
-896.22
-831.926
-750.097
-695.545
-687.102
-663.723
-592.934
-519.548
-486.427
-466.944
-435.771
-422.133
-442.915
-476.036
-494.869
-506.559
-539.031
-581.894
-607.222
-626.705
-672.815
-759.839
-847.513
-909.858
-963.762
-1024.81
-1077.41
-1087.8
-1081.96
-1087.15
-1097.55
-1087.8
-1059.88
-1022.21
-985.193
-952.072
-913.755
-876.737
-830.627
-766.983
-705.936
-670.217
-633.849
-585.141
-542.278
-525.393
-524.743
-455.903
-266.268
-18.8336
189.635
348.097
428.627
372.776
265.619
344.85
694.895
1109.88
1289.13
1185.87
1055.98
1030.65
1008.57
976.75
1099.49
1414.47
1663.85
1572.28
1216.39
928.692
881.283
987.791
1078.71
1083.91
954.02
693.597
437.07
313.028
311.729
331.861
334.459
340.953
342.252
281.855
183.141
168.204
294.843
477.335
629.952
750.097
837.771
854.656
818.288
837.771
963.762
1116.38
1185.87
1167.03
1118.33
1064.42
995.584
931.29
920.899
928.043
879.984
753.994
586.44
424.73
292.895
198.727
156.514
141.577
48.0582
-161.06
-389.012
-531.238
-583.842
-611.118
-663.723
-722.821
-764.385
-822.834
-920.899
-1017.02
-1050.14
-998.182
-907.261
-842.967
-830.627
-849.461
-866.346
-852.059
-783.219
-666.97
-538.382
-455.254
-433.823
-450.058
-449.409
-396.805
-316.924
-262.372
-259.774
-293.545
-343.551
-387.063
-420.834
-456.553
-497.467
-550.071
-606.572
-668.918
-745.551
-837.122
-904.663
-920.899
-911.807
-913.755
-931.939
-941.031
-938.434
-954.02
-979.348
-952.721
-854.656
-759.839
-741.005
-777.374
-776.075
-715.028
-635.797
-570.204
-513.054
-437.07
-372.776
-365.632
-403.949
-396.805
-239.642
79.8805
392.908
448.76
216.911
-24.0291
42.2133
383.816
679.958
739.057
708.534
784.517
864.398
738.408
477.984
441.616
794.908
1261.2
1408.62
1119.63
730.614
605.273
790.362
1015.72
1024.16
835.173
663.723
641.642
654.63
548.773
357.839
290.297
433.173
625.406
658.527
519.548
400.701
433.173
562.411
679.309
765.034
844.265
920.899
948.825
913.106
881.283
896.87
965.71
1046.89
1080.01
1033.25
928.692
830.627
788.414
781.92
752.695
678.01
574.101
479.283
384.466
278.608
179.893
100.013
35.0695
-37.6672
-124.692
-212.365
-294.843
-369.529
-435.121
-481.881
-506.559
-524.094
-559.164
-622.159
-689.051
-709.183
-657.228
-574.101
-537.083
-574.101
-629.303
-629.303
-562.411
-490.323
-466.944
-471.49
-463.047
-436.42
-411.742
-416.288
-443.564
-470.84
-489.674
-498.117
-515.651
-544.227
-577.348
-621.509
-666.32
-716.976
-759.19
-774.776
-776.724
-802.052
-862.45
-921.548
-939.732
-909.209
-868.944
-858.553
-873.49
-883.881
-871.542
-834.524
-783.868
-731.913
-682.556
-653.332
-636.446
-620.21
-598.13
-555.916
-496.818
-430.575
-372.126
-340.304
-335.108
-335.108
-319.522
-281.205
-233.797
-201.974
-178.595
-157.163
-140.278
-120.795
-101.312
-65.5929
-11.6898
47.4088
108.456
159.112
203.273
257.176
324.068
399.403
466.294
510.456
544.876
591.635
654.63
717.626
748.799
759.839
791.012
850.11
911.807
939.083
941.031
959.215
1016.37
1083.91
1118.33
1125.47
1136.51
1174.18
1224.83
1263.15
1281.34
1285.23
1283.28
1274.84
1263.8
1252.11
1250.16
1246.27
1230.68
1198.86
1154.7
1111.18
1063.77
1002.08
924.795
842.317
774.776
716.976
637.096
519.548
394.856
291.596
225.354
171.451
99.3636
1.29887
-103.26
-190.934
-257.176
-311.729
-362.385
-414.34
-466.944
-515.002
-565.658
-621.509
-669.567
-700.74
-709.832
-707.235
-716.327
-733.212
-743.603
-747.5
-748.149
-754.643
-765.684
-772.178
-768.282
-765.034
-777.374
-810.495
-859.852
-905.962
-930.64
-933.238
-935.186
-955.319
-991.687
-1024.81
-1041.04
-1041.04
-1041.04
-1043.64
-1043.64
-1028.06
-1000.78
-980.647
-970.905
-959.215
-939.083
-907.91
-871.542
-838.421
-800.753
-753.345
-698.143
-648.136
-615.015
-583.193
-539.68
-487.076
-430.575
-376.672
-327.315
-281.855
-245.486
-211.716
-170.152
-119.496
-64.2941
-16.8853
14.937
38.9661
72.0873
114.95
160.41
194.181
219.509
252.63
294.843
344.85
396.155
439.667
481.881
523.445
565.008
607.222
645.538
684.504
722.821
750.747
780.621
810.495
837.771
870.892
893.623
899.467
901.416
912.456
942.98
981.946
1003.38
1011.17
1016.37
1022.86
1039.75
1056.63
1066.37
1074.17
1071.57
1060.53
1045.59
1031.3
1022.21
1004.03
974.152
944.928
918.951
893.623
865.697
822.185
767.632
709.183
654.63
609.819
561.112
494.869
418.886
351.994
290.947
232.498
167.554
99.3636
38.3167
-18.1842
-71.4378
-122.094
-171.451
-214.963
-256.527
-310.43
-361.735
-403.949
-437.07
-462.398
-490.973
-519.548
-544.227
-570.204
-589.687
-602.676
-616.314
-629.303
-647.487
-672.165
-696.194
-719.574
-736.459
-755.293
-781.92
-813.093
-844.265
-871.542
-893.623
-917.002
-945.577
-971.555
-994.934
-1013.12
-1020.91
-1029.35
-1033.25
-1024.16
-1006.62
-983.894
-958.566
-935.186
-908.56
-876.737
-847.513
-815.69
-781.27
-741.655
-700.74
-668.918
-644.889
-619.561
-587.739
-548.123
-509.157
-474.088
-444.863
-422.782
-401.351
-372.126
-333.81
-289.648
-243.538
-202.624
-160.41
-118.197
-79.2311
-43.5121
-3.24717
42.8627
92.2198
141.577
194.181
249.383
310.43
376.672
438.369
498.117
557.215
610.469
659.177
702.689
743.603
781.27
816.989
846.214
871.542
893.623
909.209
921.548
936.485
956.618
970.905
975.451
973.503
973.503
978.699
985.193
988.44
989.739
991.038
985.842
971.555
952.072
931.939
915.054
900.117
883.232
864.398
839.719
810.495
778.673
753.345
730.614
704.637
674.763
634.498
590.986
546.175
500.065
453.306
414.989
374.724
326.016
273.412
213.015
151.968
93.5186
38.3167
-16.2359
-62.9952
-110.404
-161.06
-206.52
-251.331
-292.895
-333.16
-374.075
-411.742
-441.616
-468.243
-494.22
-517.6
-532.537
-539.031
-540.979
-547.474
-562.411
-575.399
-590.336
-605.273
-620.21
-640.992
-664.372
-691.648
-720.223
-745.551
-766.333
-787.765
-812.443
-837.771
-865.047
-889.077
-905.962
-920.249
-925.445
-920.249
-910.508
-894.272
-876.088
-864.398
-847.513
-832.576
-812.443
-779.971
-735.81
-692.298
-653.332
-620.21
-591.635
-557.215
-516.95
-477.335
-443.564
-418.236
-398.104
-380.569
-363.034
-340.304
-314.327
-283.154
-247.435
-214.963
-188.336
-170.152
-149.37
-125.341
-99.3636
-62.9952
-22.0808
19.483
64.9435
110.404
156.514
209.768
271.464
333.16
386.414
430.575
464.995
497.467
529.939
566.307
607.871
650.084
689.7
718.925
732.563
741.655
753.994
771.529
795.558
817.639
835.173
845.564
855.306
861.8
866.996
875.438
883.881
889.726
887.778
876.088
861.151
851.409
845.564
849.461
857.904
854.656
839.07
810.495
770.23
726.068
683.206
641.642
607.871
572.802
533.186
494.869
454.604
412.391
369.529
326.016
287.05
251.981
224.055
198.078
170.152
139.629
109.105
74.0356
35.0695
-5.84491
-50.6559
-88.9726
-116.249
-136.381
-155.215
-178.595
-205.871
-233.797
-258.475
-281.855
-306.533
-343.551
-379.919
-415.638
-455.254
-486.427
-513.054
-542.928
-570.853
-605.923
-648.786
-694.246
-738.408
-775.425
-805.299
-831.277
-855.306
-878.036
-898.169
-911.807
-922.198
-928.043
-925.445
-918.951
-909.858
-898.818
-891.025
-882.582
-873.49
-861.151
-839.07
-813.093
-785.816
-754.643
-724.769
-694.895
-663.723
-626.705
-590.336
-555.267
-520.197
-485.128
-451.357
-415.638
-376.672
-330.562
-281.855
-234.446
-188.336
-143.525
-102.611
-64.9435
-29.2246
11.6898
59.0986
109.755
159.761
201.325
240.94
283.154
333.16
376.672
412.391
448.11
482.53
515.002
544.227
568.905
589.038
613.716
637.096
657.878
676.711
692.947
703.988
714.378
726.068
731.913
737.758
739.706
737.758
737.758
734.511
723.471
713.08
704.637
689.7
675.412
657.878
637.745
624.107
608.521
589.038
572.152
554.617
539.031
520.847
503.962
489.025
477.335
459.8
442.265
423.432
402.65
384.466
363.684
339.655
317.574
298.091
278.608
255.228
233.147
209.768
184.44
156.514
130.536
106.507
83.1277
59.748
33.1212
10.391
-8.44265
-35.0695
-64.9435
-90.2715
-111.053
-129.887
-151.968
-175.997
-194.181
-210.417
-230.549
-255.228
-278.608
-304.585
-324.068
-346.149
-372.776
-396.805
-417.587
-442.265
-472.139
-498.766
-526.692
-555.267
-581.894
-605.923
-624.107
-639.693
-656.579
-670.866
-681.257
-692.947
-706.585
-717.626
-727.367
-725.419
-720.873
-725.419
-729.315
-724.12
-718.925
-713.08
-713.08
-712.43
-698.143
-679.958
-662.424
-648.136
-629.303
-603.325
-579.945
-557.865
-532.537
-509.157
-477.984
-445.512
-415.638
-383.167
-352.643
-322.12
-288.999
-254.579
-215.612
-173.399
-135.082
-90.9209
-42.2133
7.79322
62.3458
109.755
155.215
205.221
255.877
301.987
345.499
392.908
439.667
485.128
528.64
573.451
611.118
646.837
681.257
711.781
741.655
768.931
790.362
808.547
822.834
832.576
834.524
835.173
832.576
828.679
821.535
813.093
805.299
796.857
787.765
779.322
768.282
754.643
741.005
724.769
707.235
690.999
669.567
645.538
623.458
602.676
579.296
548.773
520.197
492.921
460.449
429.277
396.805
361.086
329.913
296.142
261.073
226.653
190.284
153.916
114.95
74.0356
37.0178
3.89661
-31.1729
-64.9435
-100.013
-134.433
-161.06
-187.687
-216.262
-243.538
-266.268
-285.102
-309.131
-335.758
-364.333
-392.908
-419.535
-447.461
-473.438
-500.065
-519.548
-541.629
-564.359
-582.543
-603.325
-625.406
-650.084
-673.464
-689.7
-705.936
-716.327
-724.769
-731.264
-737.109
-747.5
-761.138
-770.23
-774.127
-774.127
-766.983
-756.592
-741.005
-720.873
-703.338
-687.752
-677.361
-666.97
-650.734
-634.498
-611.768
-588.388
-567.606
-540.33
-520.847
-500.714
-476.036
-446.811
-412.391
-379.919
-347.448
-311.729
-272.113
-235.095
-197.428
-159.112
-122.743
-84.4265
-44.811
-1.29887
48.0582
94.8175
140.927
187.037
236.394
284.453
331.861
379.919
426.679
472.789
514.353
552.02
589.038
620.21
647.487
669.567
692.947
718.275
741.655
767.632
791.012
806.598
819.587
822.834
823.484
823.484
820.236
811.144
800.104
789.064
773.477
755.942
733.212
709.183
688.401
669.567
650.084
631.9
618.912
604.624
586.44
564.359
539.68
518.249
494.22
465.645
437.07
410.443
383.816
355.89
329.913
305.234
283.154
259.774
231.848
205.221
182.491
159.761
135.732
108.456
80.5299
53.9031
22.7302
-14.2876
-50.6559
-84.4265
-116.898
-151.318
-187.037
-222.107
-253.929
-285.751
-323.419
-363.684
-400.701
-434.472
-467.593
-498.117
-530.588
-559.813
-585.79
-615.015
-642.291
-667.619
-689.7
-709.183
-722.821
-732.563
-738.408
-739.706
-740.356
-741.655
-739.706
-740.356
-741.005
-739.057
-729.965
-714.378
-698.143
-680.608
-663.073
-642.941
-624.756
-613.067
-600.727
-587.739
-570.853
-550.721
-531.238
-510.456
-487.726
-463.697
-445.512
-427.328
-407.845
-387.713
-366.281
-345.499
-324.717
-300.039
-269.516
-235.095
-198.727
-161.06
-124.692
-90.2715
-57.1503
-25.328
7.79322
46.1099
88.9726
137.68
188.986
237.693
287.7
333.81
378.621
420.834
461.748
500.714
543.577
585.79
624.107
661.774
699.441
733.862
765.034
786.466
804.001
816.989
822.834
822.185
813.742
805.299
798.805
789.064
774.776
755.942
734.511
709.832
679.309
645.538
612.417
579.296
546.175
515.002
485.128
455.903
426.029
395.506
372.126
350.045
325.367
302.637
280.556
264.969
253.28
240.94
233.147
226.653
220.808
211.716
198.078
181.192
163.658
141.577
118.197
96.7658
77.9322
61.0469
42.2133
21.4314
2.59774
-14.937
-40.265
-68.8401
-101.312
-133.134
-160.41
-190.284
-216.911
-242.239
-263.021
-280.556
-298.091
-315.625
-339.005
-368.23
-395.506
-419.535
-440.317
-459.8
-479.283
-496.168
-511.105
-524.094
-538.382
-552.669
-566.307
-579.945
-591.635
-604.624
-614.366
-622.159
-628.004
-627.354
-623.458
-617.613
-615.015
-618.912
-621.509
-624.756
-621.509
-611.768
-596.831
-579.296
-558.514
-537.732
-518.249
-495.519
-472.139
-448.11
-423.432
-403.949
-385.764
-370.827
-355.89
-333.81
-308.482
-278.608
-250.682
-229.251
-209.768
-192.233
-173.399
-146.123
-115.599
-81.1794
-46.1099
-10.391
25.9774
64.9435
105.208
148.071
190.934
230.549
268.866
304.585
339.005
378.621
416.288
453.306
489.674
521.496
548.773
571.503
588.388
605.273
618.912
631.9
644.24
650.084
652.682
649.435
644.889
641.642
640.343
638.395
631.9
621.509
612.417
602.026
591.635
582.543
574.75
565.008
553.319
539.031
524.743
511.105
494.22
478.634
460.449
444.863
429.277
409.793
389.661
370.178
352.643
335.108
315.625
293.545
272.763
250.682
225.354
202.624
181.192
161.709
146.123
126.64
105.208
80.5299
55.8514
33.7706
11.0404
-12.9887
-40.9144
-69.4895
-100.662
-131.186
-159.112
-185.089
-209.118
-231.848
-257.826
-283.154
-310.43
-337.057
-361.086
-383.167
-404.598
-424.73
-448.76
-473.438
-494.22
-511.105
-523.445
-537.083
-551.37
-565.658
-579.296
-595.532
-609.819
-620.21
-625.406
-629.303
-632.55
-637.096
-640.992
-641.642
-639.044
-633.199
-624.756
-614.366
-602.676
-589.687
-576.049
-562.411
-544.876
-525.393
-503.962
-480.582
-459.151
-439.018
-416.937
-391.609
-365.632
-341.603
-318.873
-297.441
-275.36
-255.877
-237.044
-214.314
-187.687
-159.761
-133.784
-103.91
-70.7884
-43.5121
-10.391
24.6785
62.3458
101.961
139.629
177.296
215.612
255.877
294.194
332.511
368.879
406.546
444.214
477.335
507.209
531.887
554.617
574.101
587.739
605.923
620.21
629.303
638.395
640.992
639.693
637.096
629.303
620.21
611.118
598.779
587.739
573.451
558.514
547.474
535.784
524.094
515.002
502.663
492.272
481.231
466.944
459.151
448.76
439.018
433.173
425.38
413.69
400.701
382.517
367.58
353.293
335.758
316.275
295.493
276.01
257.176
235.745
214.963
194.181
166.905
142.226
114.95
85.076
53.2537
18.8336
-14.2876
-42.2133
-71.4378
-98.0647
-122.094
-152.617
-183.141
-215.612
-251.331
-282.504
-308.482
-333.16
-355.89
-379.919
-398.104
-413.041
-428.627
-446.162
-462.398
-480.582
-497.467
-509.806
-522.795
-530.588
-539.031
-543.577
-542.928
-543.577
-544.876
-547.474
-552.669
-555.916
-557.865
-555.916
-551.37
-546.175
-539.031
-531.238
-524.094
-514.353
-503.312
-494.869
-483.18
-473.438
-466.944
-456.553
-445.512
-435.121
-424.081
-413.69
-398.753
-381.218
-364.982
-350.695
-336.407
-324.068
-306.533
-285.751
-264.32
-237.693
-210.417
-179.893
-150.019
-117.548
-81.8288
-45.4604
-8.44265
31.1729
71.4378
111.053
152.617
194.83
234.446
270.165
301.987
335.758
367.58
395.506
424.081
451.357
477.335
500.714
522.795
539.68
551.37
557.215
561.112
565.008
566.307
571.503
572.152
571.503
573.451
572.802
573.451
575.399
576.049
574.75
570.204
563.71
555.916
550.721
542.928
535.784
526.042
515.651
509.157
502.663
494.869
484.479
471.49
459.151
447.461
435.121
420.834
404.598
384.466
362.385
337.706
311.079
283.803
257.176
227.302
196.779
167.554
140.278
111.703
81.8288
50.0065
10.391
-29.874
-74.0356
-118.197
-157.163
-194.83
-226.003
-254.579
-281.855
-308.482
-335.758
-363.034
-391.609
-416.288
-440.966
-466.294
-487.076
-503.312
-514.353
-524.094
-532.537
-538.382
-544.876
-550.721
-556.566
-565.658
-573.451
-578.647
-577.997
-575.399
-570.204
-566.957
-561.761
-555.916
-555.916
-559.164
-562.411
-563.06
-560.462
-557.215
-550.721
-542.278
-532.537
-518.899
-505.26
-493.571
-480.582
-465.645
-451.357
-437.07
-421.483
-403.949
-382.517
-355.241
-324.068
-292.246
-260.423
-229.251
-196.129
-161.709
-126.64
-89.622
-48.7076
-7.79322
35.0695
80.5299
122.094
166.255
211.716
255.877
298.74
339.655
372.126
403.949
433.173
457.852
485.128
510.456
531.887
553.968
570.204
585.79
596.831
604.624
608.521
607.222
606.572
604.624
601.377
594.233
583.842
568.256
554.617
540.33
526.042
514.353
501.364
485.777
471.49
455.903
442.265
431.225
419.535
409.793
398.104
387.063
377.971
366.931
355.89
343.551
329.264
317.574
305.234
291.596
280.556
267.567
251.981
237.693
219.509
200.675
181.842
161.709
142.226
117.548
93.5186
68.8401
40.9144
11.6898
-18.8336
-50.6559
-80.5299
-111.703
-142.876
-170.152
-198.078
-227.302
-253.28
-281.205
-309.131
-335.108
-361.735
-385.115
-407.196
-429.277
-446.162
-461.099
-470.191
-476.685
-485.777
-489.025
-494.869
-498.117
-498.117
-499.416
-497.467
-490.323
-485.777
-481.881
-477.335
-475.386
-470.191
-463.047
-457.852
-450.708
-444.863
-444.214
-438.369
-432.524
-428.627
-419.535
-409.793
-398.753
-386.414
-377.971
-366.931
-356.54
-348.097
-332.511
-320.821
-311.729
-294.194
-284.453
-273.412
-254.579
-240.94
-221.457
-198.078
-177.296
-149.37
-122.743
-97.4152
-66.2424
-33.7706
0
37.0178
70.7884
105.858
140.927
170.152
199.377
227.302
252.63
280.556
303.936
325.367
349.396
370.827
390.31
414.34
436.42
455.254
476.036
490.973
507.209
520.847
527.341
536.433
540.33
541.629
543.577
539.68
534.485
530.588
522.795
513.054
505.91
496.168
489.025
481.231
471.49
462.398
450.058
437.719
431.874
417.587
405.897
397.454
385.115
374.724
360.436
344.85
330.562
313.028
294.843
277.958
254.579
234.446
214.314
190.934
171.451
150.019
126.64
105.858
82.4782
59.0986
35.7189
8.44265
-13.6381
-35.7189
-56.5008
-78.5816
-102.611
-125.341
-150.019
-174.049
-200.026
-227.302
-250.032
-269.516
-290.297
-310.43
-327.965
-345.499
-358.488
-370.178
-381.218
-391.609
-401.351
-407.845
-413.69
-421.483
-428.627
-437.719
-446.811
-449.409
-452.656
-459.8
-465.645
-468.892
-468.243
-471.49
-476.036
-476.036
-476.685
-476.685
-472.139
-470.191
-471.49
-468.892
-463.697
-458.501
-453.306
-446.162
-437.07
-432.524
-426.679
-414.989
-407.196
-396.805
-383.167
-364.333
-344.85
-329.913
-311.079
-290.297
-268.217
-245.486
-221.457
-196.129
-168.853
-139.629
-111.053
-81.8288
-50.6559
-17.5347
16.8853
52.6042
87.0243
120.795
151.968
179.893
214.963
246.785
274.711
305.884
337.057
365.632
390.31
411.092
436.42
460.449
480.582
502.663
520.847
532.537
544.876
553.968
561.761
567.606
569.554
572.152
573.451
572.152
570.853
569.554
564.359
559.813
553.319
544.227
535.134
524.094
511.755
498.117
478.634
462.398
448.11
431.874
416.288
402.65
385.764
366.281
344.201
323.419
307.183
292.895
274.711
255.877
234.446
213.664
196.129
179.244
159.112
138.979
116.898
96.7658
78.5816
55.202
31.8223
7.14378
-13.6381
-32.4717
-51.9548
-69.4895
-88.9726
-111.053
-137.68
-166.905
-191.583
-213.015
-234.446
-256.527
-279.906
-301.338
-322.769
-339.005
-353.293
-368.23
-387.063
-403.949
-423.432
-441.616
-454.604
-468.892
-483.18
-496.818
-510.456
-515.651
-523.445
-534.485
-540.979
-550.071
-560.462
-563.71
-568.256
-572.152
-574.75
-579.296
-577.348
-573.451
-568.256
-556.566
-549.422
-544.876
-537.083
-528.64
-513.703
-494.869
-477.984
-460.449
-443.564
-427.978
-408.495
-389.012
-364.982
-335.108
-309.78
-283.803
-254.579
-226.003
-190.934
-157.163
-124.042
-88.9726
-51.3054
-15.5864
22.7302
59.0986
98.0647
137.68
174.049
211.716
246.785
278.608
314.327
343.551
373.425
401.351
426.029
451.357
476.036
499.416
520.197
539.031
554.617
572.152
585.141
598.13
611.768
619.561
625.406
631.9
637.096
641.642
644.24
641.642
640.343
636.446
631.9
627.354
620.21
610.469
601.377
590.986
579.945
567.606
552.669
535.784
516.95
496.168
476.685
452.007
425.38
400.701
374.075
347.448
321.47
299.39
272.113
246.136
215.612
185.089
158.462
127.939
102.611
72.0873
39.6155
9.74152
-24.0291
-55.202
-83.7771
-113.002
-143.525
-172.75
-201.325
-226.003
-251.981
-275.36
-295.493
-316.275
-336.407
-355.89
-381.868
-404.598
-426.679
-444.863
-459.151
-476.036
-488.375
-507.209
-524.743
-537.083
-544.227
-547.474
-549.422
-550.721
-554.617
-555.916
-557.865
-557.865
-557.215
-554.617
-550.071
-546.824
-545.525
-546.175
-544.876
-539.68
-526.692
-513.703
-498.766
-483.18
-468.243
-452.656
-437.07
-422.782
-400.052
-375.373
-357.189
-339.655
-326.666
-309.78
-291.596
-273.412
-249.383
-224.055
-198.078
-174.049
-150.669
-127.289
-102.611
-73.3862
-42.8627
-12.3393
22.0808
51.3054
74.0356
98.7141
122.743
140.927
161.06
185.089
216.262
246.136
267.567
288.999
307.183
328.614
348.097
368.23
385.115
402
419.535
433.173
451.357
468.892
481.231
487.726
494.869
506.559
518.249
522.146
526.042
527.991
530.588
535.784
540.979
546.175
550.721
549.422
542.928
536.433
527.341
521.496
515.651
505.26
494.22
480.582
462.398
445.512
426.679
405.897
383.167
357.839
339.005
323.419
307.832
292.246
270.165
245.486
223.406
201.974
183.79
163.008
135.732
113.002
94.8175
74.685
48.0582
22.0808
-4.54604
-27.9257
-53.9031
-85.076
-116.898
-150.019
-175.997
-198.078
-222.107
-243.538
-269.516
-295.493
-314.976
-336.407
-369.529
-402.65
-422.782
-429.926
-440.966
-463.047
-482.53
-492.272
-498.766
-502.663
-512.404
-522.146
-522.795
-527.991
-526.042
-531.238
-542.928
-536.433
-479.932
-392.259
-351.994
-413.041
-518.899
-545.525
-523.445
-488.375
-487.076
-503.312
-449.409
-390.96
-428.627
-540.979
-594.233
-544.227
-416.288
-313.677
-299.39
-315.625
-297.441
-250.032
-229.9
-240.291
-260.423
-220.808
-92.2198
14.937
10.391
-59.0986
-59.748
22.7302
107.806
124.692
103.26
145.473
239.642
281.205
190.934
84.4265
77.9322
138.979
211.066
243.538
241.59
233.797
263.021
293.545
286.401
277.958
264.32
290.297
397.454
518.899
539.031
472.139
428.627
438.369
486.427
503.312
483.18
500.065
577.997
611.118
531.238
433.173
402
452.656
521.496
520.847
481.881
459.8
461.099
459.151
414.989
353.942
326.666
336.407
355.241
354.592
320.821
282.504
265.619
250.682
226.653
223.406
242.239
275.36
300.039
285.751
239.642
185.089
142.876
118.197
101.961
88.3232
67.5412
40.9144
10.391
-21.4314
-63.6446
-109.105
-136.381
-153.916
-165.606
-163.008
-155.864
-168.204
-203.923
-242.889
-266.268
-277.958
-280.556
-283.803
-287.7
-270.814
-279.257
-326.016
-362.385
-366.931
-361.735
-372.776
-402.65
-424.081
-426.679
-432.524
-457.202
-483.18
-480.582
-470.84
-479.932
-496.168
-502.663
-496.818
-491.622
-487.076
-489.674
-483.18
-463.697
-459.8
-448.11
-431.225
-427.328
-433.823
-433.823
-405.247
-375.373
-361.086
-351.994
-324.068
-285.102
-261.722
-264.32
-270.165
-233.147
-170.801
-144.175
-137.68
-119.496
-90.9209
-50.6559
-25.9774
-12.3393
18.8336
53.2537
81.8288
118.197
165.606
193.532
200.026
207.17
209.768
221.457
227.952
231.848
261.073
303.286
324.717
309.78
298.091
306.533
307.183
298.74
308.482
352.643
417.587
438.369
425.38
430.575
447.461
453.955
452.007
455.903
474.737
507.858
522.795
508.508
492.272
468.892
432.524
411.092
398.104
394.856
398.753
399.403
411.742
407.845
376.023
340.953
320.171
315.625
314.976
320.821
321.47
317.574
302.637
259.774
211.066
172.1
153.916
155.864
158.462
158.462
140.927
96.1164
46.7593
11.6898
-16.8853
-51.9548
-70.7884
-62.9952
-48.0582
-48.0582
-88.3232
-145.473
-187.037
-219.509
-233.797
-233.147
-221.457
-203.923
-189.635
-201.974
-243.538
-288.999
-326.666
-350.045
-350.695
-337.057
-322.769
-320.171
-340.953
-379.919
-426.029
-464.995
-492.272
-500.714
-490.323
-474.737
-455.254
-440.317
-445.512
-469.541
-494.869
-504.611
-487.726
-451.357
-421.483
-398.104
-376.672
-369.529
-383.167
-405.247
-417.587
-400.701
-361.086
-317.574
-282.504
-261.073
-256.527
-260.423
-261.722
-259.774
-238.992
-197.428
-153.267
-110.404
-81.1794
-71.4378
-67.5412
-62.3458
-50.6559
-24.0291
17.5347
66.2424
107.806
134.433
148.071
152.617
147.422
139.629
146.123
177.945
224.705
257.826
270.814
277.309
276.659
275.36
272.763
274.711
294.194
329.913
368.23
390.96
400.701
402.65
397.454
391.609
389.012
403.299
435.121
455.903
471.49
481.881
477.984
468.243
450.708
428.627
422.782
431.225
444.863
452.656
440.317
416.937
391.609
364.333
347.448
333.16
318.873
313.677
311.729
303.936
286.401
254.579
224.055
203.923
186.388
178.595
164.307
137.031
114.301
94.1681
70.7884
42.2133
8.44265
-14.2876
-22.0808
-25.9774
-35.0695
-55.8514
-82.4782
-102.611
-114.95
-124.692
-138.979
-159.761
-175.347
-188.336
-205.871
-231.199
-262.372
-287.7
-300.039
-300.039
-305.884
-318.873
-333.81
-348.747
-359.787
-371.477
-385.764
-402
-413.041
-413.041
-411.742
-422.782
-441.616
-457.202
-468.243
-468.892
-470.191
-474.737
-474.737
-466.944
-452.007
-437.07
-429.277
-424.73
-418.886
-409.793
-398.753
-389.661
-381.218
-369.529
-353.293
-333.81
-313.677
-302.637
-290.947
-276.01
-253.28
-228.601
-202.624
-175.347
-144.824
-109.105
-76.6333
-51.9548
-37.0178
-23.3797
-7.14378
16.8853
44.1616
68.8401
94.8175
122.094
147.422
170.801
190.284
205.221
224.705
253.28
283.803
311.729
332.511
347.448
363.684
380.569
394.856
405.247
413.69
422.133
434.472
446.811
452.656
457.852
461.099
464.346
472.139
481.231
483.829
485.777
487.726
485.777
481.881
470.84
455.903
442.915
433.173
425.38
414.989
396.805
373.425
351.994
329.264
307.183
290.297
277.309
268.217
259.774
240.291
213.015
181.842
151.318
124.692
101.961
81.8288
61.6963
40.9144
20.1325
-1.29887
-23.3797
-43.5121
-61.6963
-74.0356
-80.5299
-87.6737
-99.3636
-113.651
-130.536
-146.123
-158.462
-174.049
-190.284
-206.52
-222.756
-235.745
-244.188
-252.63
-259.774
-266.918
-272.763
-279.257
-288.999
-304.585
-314.976
-319.522
-319.522
-320.821
-325.367
-331.212
-340.953
-348.747
-357.839
-364.982
-367.58
-368.23
-369.529
-370.178
-374.075
-376.672
-377.971
-379.27
-379.27
-376.672
-371.477
-364.333
-357.189
-351.344
-346.149
-339.005
-326.666
-313.028
-298.74
-282.504
-266.268
-248.084
-226.003
-201.974
-179.244
-162.359
-147.422
-130.536
-113.002
-94.8175
-75.9839
-57.7997
-39.6155
-20.1325
0
14.937
24.0291
30.5234
42.8627
57.1503
70.7884
87.0243
102.611
118.847
137.68
153.916
170.801
187.687
199.377
209.768
222.756
239.642
259.774
279.257
294.843
311.729
329.264
343.551
356.54
366.281
376.672
387.063
397.454
409.793
418.886
422.133
422.782
420.184
419.535
418.886
418.886
417.587
414.34
413.69
407.845
398.104
389.012
376.672
366.281
359.138
351.344
344.85
334.459
320.821
301.987
282.504
263.671
242.889
221.457
199.377
177.945
159.761
138.979
118.197
96.7658
74.685
56.5008
38.9661
24.0291
14.2876
3.24717
-9.74152
-22.7302
-36.3684
-52.6042
-67.5412
-85.076
-103.26
-120.795
-140.927
-156.514
-174.049
-190.934
-209.118
-226.003
-238.343
-248.734
-258.475
-270.165
-283.803
-298.091
-310.43
-322.769
-335.758
-349.396
-360.436
-367.58
-371.477
-379.27
-389.012
-398.104
-405.897
-409.144
-412.391
-415.638
-414.989
-413.69
-413.041
-411.092
-407.845
-405.897
-402
-399.403
-394.207
-385.764
-376.023
-363.684
-351.994
-337.706
-323.419
-307.183
-288.999
-270.165
-249.383
-228.601
-209.118
-188.986
-171.451
-154.566
-138.979
-126.64
-111.703
-95.4669
-75.9839
-53.2537
-33.1212
-14.2876
2.59774
24.0291
40.265
57.1503
77.9322
97.4152
121.444
141.577
159.112
173.399
187.037
201.325
216.262
233.797
250.682
268.217
286.401
300.688
314.976
331.212
348.097
359.787
370.827
380.569
389.661
399.403
405.247
409.144
414.34
422.133
432.524
439.667
442.915
441.616
442.915
442.915
437.719
432.524
425.38
417.587
411.742
404.598
396.805
384.466
372.776
359.138
344.201
329.264
309.131
290.947
273.412
255.877
240.94
220.808
199.377
177.296
154.566
135.082
114.95
93.5186
74.685
57.1503
40.9144
22.0808
1.29887
-21.4314
-41.5638
-61.6963
-83.1277
-102.611
-120.795
-138.979
-157.163
-177.296
-197.428
-213.015
-227.952
-242.889
-257.826
-273.412
-287.05
-301.987
-315.625
-328.614
-342.902
-353.942
-366.281
-376.672
-388.362
-401.351
-412.391
-417.587
-423.432
-428.627
-432.524
-435.771
-437.719
-439.018
-444.214
-444.863
-440.966
-435.771
-428.627
-422.782
-416.288
-405.897
-398.104
-391.609
-380.569
-368.879
-355.89
-339.005
-323.419
-307.183
-287.05
-268.866
-250.032
-229.251
-209.118
-189.635
-168.204
-148.721
-127.939
-106.507
-85.076
-63.6446
-38.3167
-17.5347
3.24717
26.6268
47.4088
66.8918
87.0243
107.806
129.238
153.267
175.997
192.233
211.716
231.199
249.383
269.516
285.102
300.039
317.574
335.758
350.695
365.632
377.322
388.362
400.701
412.391
422.782
429.926
435.771
437.719
439.667
442.265
442.265
443.564
442.265
437.07
436.42
431.225
422.782
414.34
405.247
392.259
380.569
370.178
353.942
339.655
324.717
307.832
292.246
277.309
260.423
242.239
224.705
209.118
190.934
174.049
158.462
142.226
126.64
106.507
87.6737
69.4895
49.3571
31.1729
11.6898
-9.09209
-31.1729
-50.0065
-70.139
-90.9209
-109.755
-129.238
-146.772
-162.359
-178.595
-196.779
-211.066
-226.653
-240.291
-251.331
-264.969
-276.01
-288.999
-297.441
-305.884
-316.924
-323.419
-331.861
-338.356
-342.252
-347.448
-350.695
-353.293
-353.942
-353.293
-353.942
-353.293
-354.592
-354.592
-353.942
-353.942
-352.643
-350.045
-346.798
-343.551
-339.005
-330.562
-323.419
-318.873
-311.079
-301.338
-289.648
-277.958
-266.918
-255.228
-240.291
-224.055
-207.819
-192.882
-177.945
-159.112
-140.278
-121.444
-103.26
-85.076
-67.5412
-50.0065
-37.0178
-24.6785
-12.3393
1.9483
18.8336
32.4717
44.1616
59.0986
74.0356
90.2715
101.312
114.301
129.887
143.525
156.514
169.503
182.491
196.779
209.768
220.808
231.199
241.59
252.63
263.021
272.113
279.906
287.7
296.792
303.936
311.079
313.677
318.223
326.666
331.212
332.511
332.511
333.81
335.758
335.758
334.459
331.861
327.315
324.068
318.873
313.028
303.286
294.843
290.297
282.504
276.01
268.217
261.073
255.228
246.785
235.745
224.705
213.015
201.325
187.687
170.801
151.968
135.082
118.197
100.013
81.8288
63.6446
50.0065
35.7189
19.483
4.54604
-12.9887
-29.2246
-39.6155
-53.9031
-70.139
-83.1277
-96.1164
-109.755
-125.341
-143.525
-159.112
-172.1
-185.738
-198.727
-208.469
-220.158
-229.9
-240.291
-252.63
-261.073
-274.711
-285.102
-289.648
-297.441
-303.286
-308.482
-314.976
-320.171
-326.016
-331.861
-332.511
-332.511
-330.562
-328.614
-327.315
-326.666
-322.12
-318.873
-315.625
-310.43
-307.183
-301.987
-294.194
-287.7
-281.205
-273.412
-264.969
-253.28
-241.59
-229.9
-215.612
-202.624
-189.635
-175.997
-161.709
-148.721
-135.082
-122.743
-111.053
-97.4152
-81.8288
-66.8918
-50.0065
-36.3684
-20.7819
-0.649435
17.5347
35.7189
54.5525
70.7884
88.9726
107.157
120.145
135.082
151.318
166.255
182.491
196.129
208.469
222.756
233.147
244.837
257.826
267.567
276.659
285.751
292.895
301.987
308.482
313.028
322.12
326.016
326.666
331.861
336.407
340.304
344.201
344.201
343.551
341.603
335.758
330.562
322.769
312.378
305.234
296.792
288.349
276.659
264.32
251.981
239.642
227.952
214.963
200.026
187.037
175.347
161.06
147.422
130.536
113.651
96.7658
80.5299
67.5412
54.5525
40.265
27.2763
13.6381
0.649435
-12.3393
-29.2246
-46.1099
-60.3975
-75.9839
-92.2198
-105.208
-118.847
-133.134
-147.422
-160.41
-172.1
-183.79
-192.233
-198.727
-205.221
-212.365
-218.86
-224.055
-229.251
-236.394
-242.239
-248.734
-254.579
-259.774
-264.969
-270.165
-273.412
-276.659
-278.608
-280.556
-280.556
-279.906
-276.659
-274.062
-270.814
-268.866
-264.32
-257.826
-252.63
-246.136
-238.992
-229.9
-221.457
-212.365
-205.221
-198.727
-190.934
-181.842
-170.152
-157.163
-145.473
-135.082
-127.289
-116.898
-105.858
-96.1164
-87.0243
-77.2828
-68.1907
-57.1503
-48.7076
-41.5638
-32.4717
-22.7302
-11.0404
2.59774
15.5864
26.6268
38.3167
51.9548
64.9435
77.9322
90.2715
100.013
107.806
114.95
122.094
129.238
136.381
146.123
151.318
155.215
159.112
166.255
170.801
178.595
188.986
198.078
204.572
210.417
216.911
221.457
227.952
235.095
243.538
246.136
246.785
248.084
251.981
257.826
262.372
264.969
264.969
264.969
265.619
264.969
261.073
257.176
254.579
251.331
244.188
238.343
231.199
224.055
218.21
211.716
204.572
192.882
181.192
170.801
161.06
153.267
145.473
134.433
122.094
111.703
98.7141
81.1794
65.5929
48.0582
30.5234
11.6898
-3.24717
-18.8336
-35.0695
-51.3054
-69.4895
-84.4265
-101.312
-118.197
-133.784
-150.019
-164.307
-176.646
-188.336
-200.675
-212.365
-222.756
-232.498
-242.239
-250.032
-256.527
-263.671
-268.866
-270.165
-274.711
-277.958
-279.257
-279.906
-279.257
-279.257
-277.958
-278.608
-278.608
-274.062
-272.763
-270.814
-264.969
-260.423
-255.877
-251.981
-244.837
-235.745
-227.952
-220.158
-213.015
-205.871
-201.325
-192.233
-179.893
-167.554
-155.215
-144.175
-134.433
-124.692
-116.898
-109.105
-103.26
-99.3636
-90.2715
-81.1794
-75.3345
-66.8918
-59.0986
-50.6559
-39.6155
-31.1729
-21.4314
-14.2876
-4.54604
9.09209
22.0808
34.4201
47.4088
60.3975
73.3862
87.0243
100.662
114.95
131.186
145.473
160.41
174.049
187.687
200.026
208.469
220.158
235.095
250.032
263.021
270.165
277.958
288.349
300.039
311.729
320.171
326.666
331.861
335.758
335.758
334.459
333.16
332.511
331.861
331.861
331.212
326.666
322.769
318.873
313.028
304.585
293.545
280.556
268.217
255.877
244.837
232.498
218.21
202.624
184.44
166.905
150.669
131.835
111.053
90.9209
74.685
57.7997
43.5121
25.328
5.19548
-9.74152
-27.9257
-44.811
-60.3975
-76.6333
-93.5186
-111.703
-127.289
-144.824
-161.709
-177.945
-194.181
-209.118
-222.756
-235.095
-248.084
-261.722
-274.062
-284.453
-290.297
-298.74
-307.832
-316.924
-323.419
-327.315
-333.16
-336.407
-336.407
-335.758
-333.16
-330.562
-327.315
-327.965
-328.614
-328.614
-325.367
-320.171
-315.625
-307.832
-298.091
-288.349
-274.711
-262.372
-248.734
-239.642
-233.147
-224.705
-216.262
-205.871
-197.428
-186.388
-168.204
-147.422
-129.887
-112.352
-95.4669
-80.5299
-66.8918
-51.3054
-36.3684
-20.7819
-5.19548
10.391
26.6268
44.811
62.9952
80.5299
98.0647
111.053
123.393
136.381
146.123
154.566
162.359
174.049
188.336
200.026
209.118
218.86
231.199
243.538
253.28
263.021
271.464
277.958
281.205
286.401
290.297
291.596
296.792
300.039
302.637
302.637
300.039
300.039
297.441
293.545
287.7
284.453
281.855
277.309
272.113
266.268
262.372
259.125
251.981
245.486
240.291
233.147
228.601
222.107
215.612
207.819
199.377
188.336
173.399
157.813
140.278
124.042
109.755
96.1164
83.7771
70.139
56.5008
43.5121
29.874
14.2876
-1.9483
-18.1842
-36.3684
-51.9548
-66.8918
-78.5816
-87.6737
-97.4152
-107.806
-116.898
-128.588
-144.175
-160.41
-175.347
-190.284
-204.572
-218.86
-231.848
-242.889
-252.63
-263.671
-274.711
-283.803
-293.545
-305.234
-314.976
-321.47
-326.016
-329.264
-326.666
-324.717
-321.47
-316.924
-313.028
-311.079
-311.079
-311.079
-310.43
-309.131
-306.533
-300.688
-292.246
-281.855
-269.516
-258.475
-248.084
-236.394
-224.055
-212.365
-201.325
-190.284
-178.595
-164.956
-148.071
-133.134
-116.898
-98.7141
-80.5299
-61.0469
-46.1099
-30.5234
-16.2359
-0.649435
16.2359
31.8223
50.0065
68.1907
87.0243
103.26
116.249
126.64
134.433
143.525
153.267
160.41
168.853
177.945
188.336
200.026
212.365
224.705
235.745
244.837
252.63
259.125
264.32
268.217
274.062
279.906
288.349
292.895
298.74
303.936
306.533
307.183
306.533
306.533
303.936
302.637
300.688
296.142
287.7
280.556
272.113
264.969
255.877
245.486
237.044
227.952
213.664
201.325
190.284
179.244
169.503
157.813
147.422
137.68
122.743
109.105
93.5186
77.9322
59.748
43.5121
26.6268
10.391
-4.54604
-19.483
-31.8223
-46.7593
-58.4491
-68.8401
-79.2311
-90.2715
-101.961
-110.404
-118.847
-127.939
-133.784
-141.577
-152.617
-162.359
-174.698
-187.687
-197.428
-204.572
-208.469
-213.015
-218.86
-222.756
-227.952
-236.394
-242.889
-246.785
-253.929
-257.176
-263.021
-267.567
-270.165
-270.814
-269.516
-267.567
-265.619
-261.073
-256.527
-252.63
-246.785
-240.94
-235.745
-231.848
-229.251
-224.055
-220.808
-214.314
-203.923
-194.83
-184.44
-171.451
-159.761
-146.772
-137.031
-127.289
-116.249
-107.157
-95.4669
-83.7771
-75.3345
-66.2424
-53.2537
-43.5121
-31.8223
-22.0808
-12.3393
0.649435
12.9887
25.9774
38.9661
50.6559
61.6963
73.3862
82.4782
90.9209
100.662
111.053
124.692
136.381
144.824
153.267
161.06
169.503
177.296
182.491
188.986
192.882
197.428
206.52
211.066
215.612
220.808
224.705
227.952
230.549
232.498
236.394
238.992
240.94
243.538
240.291
238.992
241.59
244.837
245.486
243.538
244.188
244.837
243.538
240.94
235.745
226.653
218.21
210.417
200.675
188.986
178.595
169.503
161.709
151.968
142.876
132.485
122.094
112.352
106.507
96.1164
83.7771
74.0356
63.6446
50.6559
35.7189
18.8336
4.54604
-5.84491
-17.5347
-27.9257
-41.5638
-54.5525
-63.6446
-73.3862
-81.8288
-91.5703
-102.611
-112.352
-122.743
-135.082
-146.772
-159.761
-172.75
-185.738
-200.026
-215.612
-226.653
-233.147
-238.343
-243.538
-250.032
-254.579
-253.929
-251.981
-250.032
-250.682
-253.28
-253.929
-253.28
-254.579
-253.929
-256.527
-259.774
-257.176
-256.527
-253.929
-250.032
-245.486
-238.343
-228.601
-222.107
-214.314
-203.923
-194.181
-185.738
-176.646
-169.503
-161.06
-151.968
-144.824
-137.031
-127.289
-116.898
-104.559
-92.2198
-78.5816
-66.2424
-52.6042
-37.0178
-21.4314
-6.49435
8.44265
24.0291
37.6672
51.9548
66.2424
80.5299
94.1681
105.858
117.548
129.238
140.927
153.267
163.658
170.801
175.997
183.79
191.583
200.026
207.819
214.314
219.509
227.302
235.095
241.59
248.084
248.084
248.734
248.734
248.734
248.734
247.435
242.889
239.642
237.693
236.394
236.394
235.095
232.498
232.498
231.199
227.952
222.756
214.963
205.221
198.078
188.986
176.646
164.307
153.267
143.525
134.433
122.743
111.053
100.662
91.5703
81.8288
73.3862
61.6963
50.6559
40.265
29.874
20.7819
8.44265
-6.49435
-21.4314
-37.0178
-50.6559
-60.3975
-69.4895
-79.2311
-88.3232
-94.8175
-101.312
-107.806
-117.548
-125.99
-130.536
-134.433
-138.33
-143.525
-153.267
-164.307
-174.698
-185.089
-192.882
-201.325
-207.17
-210.417
-214.314
-214.963
-214.314
-215.612
-215.612
-218.21
-222.107
-222.756
-222.107
-224.055
-224.705
-224.055
-224.055
-222.107
-221.457
-221.457
-219.509
-214.963
-205.871
-192.882
-183.79
-179.244
-175.997
-170.152
-164.956
-159.112
-151.968
-144.175
-133.784
-124.692
-116.249
-109.105
-99.3636
-87.6737
-75.9839
-65.5929
-54.5525
-42.2133
-28.5751
-16.8853
-3.24717
8.44265
20.7819
29.874
37.0178
45.4604
55.202
64.9435
77.2828
88.3232
98.0647
110.404
123.393
137.68
150.669
157.813
167.554
177.945
190.284
204.572
213.664
220.808
226.653
231.848
238.343
243.538
245.486
247.435
248.734
246.136
242.889
240.291
238.992
242.239
243.538
240.291
236.394
232.498
226.653
221.457
214.963
209.768
202.624
191.583
181.192
174.698
166.905
159.112
150.019
136.381
123.393
112.352
101.312
90.2715
78.5816
68.8401
61.0469
53.9031
44.1616
33.1212
19.483
3.24717
-10.391
-24.0291
-36.3684
-44.811
-50.6559
-57.1503
-63.6446
-70.7884
-81.1794
-88.9726
-96.1164
-100.662
-103.91
-109.105
-120.145
-131.835
-141.577
-150.669
-155.864
-161.06
-168.204
-172.1
-174.049
-175.347
-176.646
-178.595
-180.543
-182.491
-183.79
-181.192
-179.893
-175.347
-170.801
-172.75
-170.152
-166.255
-163.658
-159.761
-159.112
-159.112
-153.267
-147.422
-142.876
-138.979
-137.68
-132.485
-127.289
-122.094
-114.95
-107.157
-99.3636
-90.9209
-86.3749
-81.8288
-77.9322
-72.7367
-66.2424
-59.0986
-51.9548
-47.4088
-42.2133
-33.1212
-29.2246
-25.9774
-22.0808
-19.483
-12.9887
-5.19548
0.649435
3.89661
6.49435
7.79322
11.6898
18.8336
24.0291
31.8223
40.9144
48.7076
55.202
60.3975
65.5929
70.7884
75.9839
83.1277
90.9209
94.8175
101.961
109.755
112.352
116.249
117.548
118.197
124.042
125.99
129.238
136.381
137.68
142.226
144.824
144.175
144.175
143.525
144.824
144.175
141.577
140.927
143.525
142.226
143.525
143.525
140.278
137.68
133.134
130.536
129.887
127.939
125.99
125.99
122.743
121.444
119.496
112.352
101.961
92.2198
88.9726
88.9726
85.7254
81.8288
76.6333
66.8918
59.0986
47.4088
33.7706
25.9774
18.1842
12.3393
4.54604
-4.54604
-12.9887
-22.7302
-35.0695
-46.1099
-55.202
-59.0986
-60.3975
-64.2941
-68.8401
-75.9839
-83.7771
-90.9209
-100.013
-109.755
-117.548
-124.042
-130.536
-135.732
-144.824
-151.318
-157.163
-164.956
-168.853
-172.1
-177.945
-181.192
-183.141
-183.141
-177.945
-177.296
-175.347
-172.75
-170.152
-166.905
-165.606
-161.709
-159.761
-159.761
-160.41
-159.761
-160.41
-160.41
-159.761
-161.06
-159.761
-156.514
-151.318
-144.175
-139.629
-133.134
-124.692
-114.95
-101.312
-88.9726
-76.6333
-62.3458
-48.0582
-35.0695
-22.0808
-11.0404
-0.649435
4.54604
9.74152
19.483
28.5751
36.3684
47.4088
56.5008
65.5929
75.3345
82.4782
88.3232
94.1681
101.312
108.456
113.651
121.444
129.238
136.381
145.473
155.864
164.956
174.049
181.842
188.336
190.934
196.779
201.325
201.974
201.974
202.624
205.221
203.923
205.221
205.871
203.923
202.624
198.727
194.181
184.44
175.997
168.204
161.06
157.813
155.215
151.318
149.37
145.473
140.278
138.33
134.433
130.536
122.743
113.651
105.858
94.8175
83.7771
70.139
58.4491
43.5121
31.8223
23.3797
12.9887
3.24717
-7.14378
-16.8853
-26.6268
-33.7706
-42.8627
-51.3054
-60.3975
-72.0873
-80.5299
-87.6737
-96.1164
-102.611
-107.806
-111.703
-118.197
-123.393
-128.588
-132.485
-142.226
-151.968
-161.06
-168.853
-170.801
-172.75
-174.698
-175.347
-177.945
-178.595
-179.893
-180.543
-178.595
-177.945
-174.698
-172.1
-168.853
-168.204
-167.554
-166.905
-168.204
-164.956
-159.112
-153.267
-146.123
-142.876
-140.927
-137.031
-134.433
-133.134
-129.887
-127.289
-124.042
-120.795
-118.847
-111.703
-105.858
-97.4152
-87.0243
-76.6333
-68.8401
-61.6963
-51.3054
-42.8627
-37.0178
-30.5234
-24.0291
-16.8853
-10.391
-1.9483
9.09209
22.0808
32.4717
42.8627
50.6559
58.4491
66.2424
72.7367
79.2311
85.076
92.8692
100.013
106.507
113.002
120.145
127.289
135.732
145.473
152.617
157.813
165.606
171.451
174.049
177.945
182.491
185.089
187.687
187.037
189.635
192.233
192.882
194.181
194.181
194.181
192.882
190.934
192.233
192.233
190.284
185.738
181.842
174.049
166.905
159.761
151.318
144.824
136.381
127.939
123.393
117.548
110.404
102.611
96.1164
90.9209
85.076
76.6333
68.8401
57.7997
46.1099
33.7706
20.7819
9.09209
-3.24717
-13.6381
-20.7819
-27.9257
-37.0178
-44.811
-49.3571
-55.202
-64.9435
-75.3345
-83.7771
-92.2198
-100.662
-109.755
-118.847
-125.99
-133.784
-139.629
-144.175
-148.721
-156.514
-159.761
-160.41
-161.709
-164.956
-169.503
-172.75
-173.399
-178.595
-183.141
-185.089
-188.336
-188.986
-189.635
-190.284
-187.687
-185.089
-183.141
-177.945
-177.296
-175.347
-171.451
-168.204
-164.956
-162.359
-161.709
-157.813
-151.968
-146.772
-140.278
-133.134
-126.64
-116.898
-107.806
-98.7141
-89.622
-82.4782
-74.0356
-64.9435
-60.3975
-53.2537
-44.811
-38.3167
-28.5751
-21.4314
-11.6898
-1.29887
5.84491
15.5864
26.6268
39.6155
51.9548
62.9952
72.0873
80.5299
89.622
97.4152
105.858
113.002
119.496
127.939
135.082
143.525
152.617
157.163
162.359
169.503
172.75
179.244
185.089
188.986
192.233
193.532
195.48
198.727
199.377
198.727
197.428
197.428
196.129
195.48
192.882
191.583
188.986
185.089
185.089
183.141
181.192
177.945
174.698
171.451
164.956
157.813
151.318
142.226
130.536
120.795
110.404
98.7141
86.3749
74.685
64.2941
55.202
47.4088
39.6155
33.1212
24.0291
18.8336
11.6898
3.24717
-4.54604
-13.6381
-26.6268
-38.3167
-50.6559
-62.9952
-74.685
-87.0243
-99.3636
-107.806
-115.599
-121.444
-127.939
-137.68
-142.876
-148.071
-154.566
-160.41
-164.956
-170.801
-175.997
-182.491
-187.687
-190.284
-194.83
-197.428
-198.078
-199.377
-199.377
-200.675
-203.923
-203.923
-203.273
-201.974
-198.727
-195.48
-192.233
-188.986
-185.738
-181.192
-177.296
-174.049
-170.801
-163.008
-155.864
-148.071
-137.68
-127.939
-121.444
-114.301
-107.806
-101.312
-95.4669
-87.0243
-77.2828
-64.9435
-51.9548
-40.265
-28.5751
-17.5347
-9.74152
-2.59774
5.84491
13.6381
23.3797
34.4201
44.811
57.1503
65.5929
70.7884
76.6333
82.4782
87.0243
93.5186
99.3636
106.507
114.95
123.393
132.485
139.629
144.175
151.318
155.864
159.761
165.606
168.204
170.152
174.049
175.347
175.347
174.049
173.399
173.399
174.698
174.698
175.997
175.347
173.399
170.152
166.255
161.709
158.462
155.864
153.267
150.669
147.422
145.473
142.876
138.979
131.186
122.094
115.599
108.456
99.3636
92.2198
85.7254
81.1794
74.685
64.9435
55.202
46.1099
37.6672
31.1729
25.9774
20.1325
18.1842
15.5864
11.0404
4.54604
-5.84491
-15.5864
-24.6785
-37.0178
-47.4088
-57.1503
-66.8918
-72.7367
-77.9322
-84.4265
-88.9726
-94.1681
-96.7658
-100.013
-106.507
-109.105
-114.95
-122.094
-126.64
-133.134
-137.031
-138.979
-142.226
-143.525
-146.123
-148.721
-149.37
-150.019
-151.318
-151.318
-151.968
-150.669
-146.772
-144.824
-144.824
-142.876
-140.927
-135.082
-131.835
-129.238
-123.393
-117.548
-114.301
-107.806
-103.26
-98.0647
-92.8692
-87.6737
-81.8288
-77.2828
-72.0873
-66.8918
-61.0469
-52.6042
-44.1616
-36.3684
-31.1729
-25.9774
-22.0808
-21.4314
-19.483
-18.1842
-14.2876
-10.391
-7.14378
-0.649435
7.14378
13.6381
22.7302
29.2246
31.8223
35.7189
38.3167
41.5638
42.2133
40.265
42.2133
46.1099
50.0065
55.8514
61.0469
68.1907
76.6333
81.8288
83.7771
85.7254
87.0243
88.3232
88.3232
88.3232
90.9209
90.9209
90.9209
92.8692
94.8175
96.7658
101.312
105.858
110.404
113.651
118.197
122.743
125.99
125.341
125.341
124.692
125.341
124.042
122.743
121.444
118.847
118.197
117.548
118.847
120.145
120.145
122.094
123.393
121.444
118.847
116.898
112.352
108.456
103.91
98.7141
93.5186
86.3749
79.8805
72.7367
65.5929
53.9031
42.8627
35.0695
23.3797
15.5864
5.84491
-1.29887
-8.44265
-16.2359
-21.4314
-26.6268
-33.1212
-41.5638
-48.7076
-60.3975
-66.2424
-75.3345
-85.7254
-92.8692
-102.611
-107.806
-115.599
-122.094
-127.289
-135.732
-140.278
-144.175
-144.824
-147.422
-149.37
-149.37
-148.071
-148.721
-150.019
-150.019
-150.669
-153.267
-157.163
-160.41
-163.658
-170.152
-174.698
-175.347
-175.347
-174.049
-172.1
-168.853
-165.606
-160.41
-155.215
-148.071
-140.927
-133.784
-128.588
-123.393
-117.548
-113.651
-108.456
-103.26
-96.7658
-88.3232
-77.9322
-64.9435
-53.2537
-42.2133
-32.4717
-25.328
-16.2359
-7.14378
-0.649435
7.79322
14.937
22.7302
31.8223
40.9144
52.6042
61.6963
70.139
81.8288
90.9209
100.662
110.404
115.599
122.743
127.289
129.238
133.784
137.031
140.278
143.525
146.772
151.968
157.163
163.658
168.853
174.698
178.595
184.44
186.388
186.388
187.037
184.44
182.491
181.192
176.646
174.049
170.801
166.905
165.606
163.658
160.41
159.112
153.916
150.019
142.876
134.433
126.64
115.599
105.208
96.7658
87.0243
76.6333
70.139
61.6963
56.5008
53.9031
48.0582
44.1616
37.6672
27.9257
20.7819
10.391
-0.649435
-12.3393
-24.6785
-33.7706
-42.2133
-51.9548
-58.4491
-64.9435
-72.7367
-76.6333
-82.4782
-88.3232
-94.8175
-102.611
-108.456
-116.249
-123.393
-127.289
-132.485
-138.979
-141.577
-144.175
-145.473
-144.175
-146.123
-146.123
-146.123
-147.422
-146.123
-145.473
-147.422
-147.422
-150.669
-151.318
-151.318
-152.617
-150.019
-148.071
-147.422
-144.175
-139.629
-133.134
-125.99
-120.145
-114.95
-109.105
-105.208
-101.312
-99.3636
-98.0647
-93.5186
-89.622
-83.1277
-74.0356
-66.8918
-60.3975
-53.2537
-46.1099
-40.265
-31.8223
-23.3797
-15.5864
-10.391
-4.54604
0.649435
5.19548
11.0404
16.2359
19.483
25.9774
33.1212
39.6155
48.7076
56.5008
62.3458
70.139
78.5816
85.076
88.9726
88.3232
85.7254
88.3232
91.5703
94.1681
95.4669
98.0647
99.3636
103.91
107.157
111.053
118.197
124.692
127.939
125.341
127.289
129.887
129.887
129.238
125.99
122.094
118.847
116.249
110.404
106.507
103.26
99.3636
98.7141
100.662
99.3636
96.7658
96.7658
95.4669
91.5703
89.622
83.7771
76.6333
70.7884
63.6446
57.7997
57.7997
55.202
51.3054
42.8627
34.4201
29.2246
27.2763
22.0808
14.937
10.391
6.49435
1.29887
-3.24717
-6.49435
-9.74152
-12.9887
-18.1842
-22.7302
-27.9257
-31.8223
-35.7189
-40.265
-45.4604
-51.9548
-53.9031
-56.5008
-57.1503
-57.7997
-59.748
-62.9952
-68.8401
-72.7367
-75.9839
-79.2311
-80.5299
-81.1794
-83.1277
-85.076
-89.622
-96.7658
-106.507
-112.352
-116.898
-118.197
-114.301
-113.651
-111.053
-106.507
-103.26
-101.312
-99.3636
-100.013
-102.611
-106.507
-108.456
-112.352
-114.95
-114.301
-113.651
-111.053
-103.91
-96.7658
-92.2198
-87.0243
-85.076
-83.1277
-77.9322
-72.0873
-66.2424
-57.7997
-50.6559
-46.1099
-41.5638
-40.265
-32.4717
-26.6268
-18.8336
-9.09209
-3.89661
7.14378
18.1842
27.2763
35.7189
40.9144
48.0582
57.1503
65.5929
69.4895
74.0356
77.2828
80.5299
88.3232
90.9209
98.7141
103.91
109.755
116.898
117.548
118.847
118.847
118.197
116.898
118.197
119.496
121.444
125.341
124.042
121.444
119.496
115.599
111.703
105.858
100.662
94.8175
89.622
87.6737
85.076
83.1277
83.7771
82.4782
82.4782
81.8288
79.8805
74.0356
66.8918
59.0986
50.6559
46.1099
42.2133
37.6672
33.7706
29.2246
24.6785
18.1842
11.6898
7.14378
1.29887
-1.29887
-3.89661
-7.79322
-10.391
-14.2876
-17.5347
-20.7819
-27.9257
-33.7706
-40.265
-46.1099
-51.9548
-56.5008
-60.3975
-66.8918
-70.139
-72.0873
-72.0873
-73.3862
-75.3345
-73.3862
-75.3345
-74.685
-73.3862
-75.3345
-74.685
-77.9322
-80.5299
-82.4782
-87.0243
-90.9209
-92.8692
-92.8692
-90.2715
-87.0243
-87.6737
-87.0243
-85.076
-83.1277
-77.2828
-75.9839
-75.9839
-72.7367
-74.0356
-73.3862
-70.139
-69.4895
-66.2424
-63.6446
-59.0986
-53.9031
-51.3054
-48.0582
-43.5121
-40.265
-35.7189
-32.4717
-31.8223
-29.874
-26.6268
-20.7819
-13.6381
-9.09209
-3.89661
1.29887
5.84491
12.3393
18.1842
22.0808
23.3797
25.328
26.6268
29.2246
29.2246
32.4717
37.6672
42.2133
50.6559
55.8514
61.6963
66.8918
69.4895
73.3862
74.0356
72.7367
71.4378
70.139
68.8401
68.8401
71.4378
75.3345
78.5816
83.1277
85.076
87.0243
86.3749
86.3749
85.7254
82.4782
78.5816
74.0356
71.4378
67.5412
66.2424
64.2941
61.0469
57.1503
55.202
53.9031
53.2537
51.9548
50.0065
48.0582
44.811
40.265
36.3684
31.1729
26.6268
22.0808
15.5864
10.391
6.49435
3.24717
2.59774
0.649435
-3.24717
-5.84491
-9.74152
-14.2876
-20.1325
-23.3797
-27.9257
-30.5234
-31.8223
-31.1729
-33.1212
-34.4201
-35.7189
-37.6672
-40.9144
-44.811
-49.3571
-53.9031
-54.5525
-54.5525
-54.5525
-53.2537
-51.3054
-50.6559
-50.6559
-51.3054
-51.3054
-52.6042
-52.6042
-53.2537
-53.9031
-51.9548
-52.6042
-51.9548
-49.3571
-48.0582
-46.1099
-42.8627
-39.6155
-37.0178
-37.6672
-38.3167
-38.9661
-38.9661
-37.6672
-38.3167
-37.6672
-35.7189
-31.8223
-28.5751
-25.328
-22.0808
-20.1325
-18.8336
-14.937
-12.9887
-11.0404
-9.74152
-8.44265
-5.84491
-3.89661
-3.24717
-1.29887
1.9483
4.54604
5.84491
6.49435
7.14378
5.84491
6.49435
6.49435
6.49435
7.79322
9.74152
12.3393
14.2876
17.5347
16.8853
17.5347
18.1842
18.8336
20.7819
24.6785
28.5751
31.8223
35.7189
37.6672
38.9661
39.6155
38.3167
36.3684
33.1212
30.5234
28.5751
24.6785
22.0808
18.1842
13.6381
13.6381
14.2876
16.2359
18.8336
22.7302
27.2763
31.1729
33.7706
32.4717
28.5751
25.328
22.7302
22.0808
21.4314
22.7302
23.3797
24.6785
25.9774
25.328
22.0808
18.1842
13.6381
9.74152
6.49435
3.24717
1.9483
1.29887
-0.649435
-0.649435
0
0
0
-1.9483
0
1.29887
4.54604
8.44265
11.0404
14.937
17.5347
18.1842
17.5347
15.5864
11.6898
7.14378
3.24717
-1.9483
-6.49435
-9.74152
-12.9887
-13.6381
-14.937
-14.937
-14.2876
-14.2876
-11.6898
-10.391
-7.79322
-4.54604
-2.59774
-2.59774
-1.9483
-3.89661
-6.49435
-7.14378
-7.79322
-7.79322
-8.44265
-11.0404
-12.3393
-16.8853
-21.4314
-22.7302
-26.6268
-27.9257
-31.8223
-37.6672
-40.9144
-44.811
-48.0582
-49.3571
-50.6559
-50.6559
-50.6559
-50.0065
-50.6559
-50.6559
-49.3571
-47.4088
-44.1616
-39.6155
-35.7189
-33.7706
-32.4717
-31.8223
-31.8223
-30.5234
-30.5234
-31.1729
-31.1729
-32.4717
-32.4717
-32.4717
-33.1212
-30.5234
-27.2763
-24.0291
-18.8336
-14.937
-10.391
-5.84491
-1.9483
2.59774
8.44265
14.2876
19.483
23.3797
27.2763
31.8223
33.7706
37.0178
41.5638
45.4604
49.3571
51.3054
51.3054
50.6559
48.7076
47.4088
46.7593
46.7593
48.0582
50.6559
51.9548
52.6042
53.2537
52.6042
52.6042
51.3054
48.7076
48.0582
46.1099
44.811
44.811
41.5638
38.3167
35.7189
33.7706
34.4201
35.7189
36.3684
34.4201
33.1212
31.8223
29.2246
25.328
19.483
18.1842
16.2359
14.2876
13.6381
11.6898
11.6898
10.391
11.0404
10.391
8.44265
7.79322
7.14378
5.19548
4.54604
3.24717
0.649435
0.649435
0.649435
-0.649435
-2.59774
-4.54604
-6.49435
-8.44265
-11.0404
-13.6381
-14.937
-15.5864
-16.8853
-19.483
-21.4314
-24.6785
-26.6268
-28.5751
-30.5234
-31.8223
-32.4717
-33.1212
-31.8223
-31.1729
-31.8223
-32.4717
-35.0695
-38.9661
-39.6155
-42.2133
-42.8627
-42.8627
-42.2133
-40.265
-37.6672
-35.7189
-35.0695
-33.1212
-33.7706
-35.0695
-36.3684
-38.3167
-40.265
-42.2133
-42.8627
-44.811
-46.1099
-47.4088
-47.4088
-44.1616
-41.5638
-36.3684
-33.1212
-30.5234
-27.9257
-27.2763
-24.6785
-22.0808
-18.8336
-13.6381
-11.0404
-8.44265
-2.59774
-1.29887
1.29887
3.89661
3.89661
5.84491
6.49435
7.14378
7.79322
9.09209
8.44265
8.44265
7.79322
8.44265
9.09209
9.09209
10.391
12.3393
16.8853
22.7302
27.2763
33.1212
38.3167
42.2133
47.4088
51.3054
51.3054
52.6042
54.5525
54.5525
55.8514
55.202
52.6042
51.3054
48.0582
44.811
40.9144
37.6672
36.3684
36.3684
36.3684
38.3167
42.2133
46.1099
48.7076
50.0065
50.6559
51.9548
51.3054
51.9548
50.6559
49.3571
48.0582
48.7076
48.0582
46.1099
41.5638
35.7189
30.5234
20.7819
14.2876
7.79322
3.24717
1.9483
1.29887
2.59774
3.89661
3.89661
3.24717
1.29887
-1.29887
-3.24717
-5.84491
-8.44265
-11.0404
-13.6381
-17.5347
-19.483
-24.0291
-27.2763
-29.2246
-33.1212
-34.4201
-38.3167
-42.2133
-44.1616
-48.0582
-51.9548
-55.8514
-59.748
-61.6963
-64.2941
-67.5412
-68.1907
-68.8401
-68.8401
-67.5412
-68.8401
-70.7884
-70.7884
-73.3862
-72.0873
-71.4378
-70.7884
-66.2424
-61.6963
-59.0986
-55.202
-55.8514
-55.8514
-56.5008
-59.748
-61.0469
-60.3975
-60.3975
-56.5008
-51.3054
-49.3571
-42.8627
-39.6155
-37.6672
-33.1212
-33.1212
-31.8223
-30.5234
-29.874
-24.6785
-19.483
-12.3393
-5.84491
0.649435
5.84491
11.0404
15.5864
18.8336
22.0808
25.328
27.9257
30.5234
31.8223
33.7706
33.7706
35.0695
38.3167
40.9144
46.1099
49.3571
53.2537
57.1503
61.6963
64.2941
66.2424
68.1907
69.4895
71.4378
71.4378
72.0873
74.0356
76.6333
79.2311
83.1277
85.076
85.076
83.7771
82.4782
79.8805
77.9322
76.6333
75.3345
75.3345
74.0356
71.4378
69.4895
65.5929
64.2941
61.6963
59.748
55.8514
51.9548
48.7076
46.1099
43.5121
40.265
38.9661
35.7189
32.4717
31.1729
28.5751
25.328
21.4314
16.2359
11.0404
7.79322
3.24717
0
-5.19548
-11.0404
-15.5864
-18.8336
-20.1325
-22.0808
-25.9774
-30.5234
