SAMPLES: 9513
BITSPERSAMPLE:	16
CHANNELS:	1
SAMPLERATE:	16000
NORMALIZED:	FALSE
104.349
77.4806
59.3602
51.862
-16.2459
-84.9788
-64.9838
-42.4894
-16.2459
31.867
28.7428
9.37266
16.8708
-30.6173
-85.6036
-132.467
-149.338
-88.7278
-8.74781
64.9838
78.7303
80.6048
12.4969
-84.3539
-132.467
-120.595
-73.1067
43.7391
191.202
237.441
148.088
12.4969
-106.848
-203.699
-53.1117
157.461
160.585
84.9788
43.1142
-8.12297
-88.7278
-128.718
-103.724
-43.1142
8.74781
16.8708
-49.9875
-121.22
-104.974
-59.3602
-34.3664
-30.6173
-34.3664
-40.6148
14.3714
81.2297
79.98
106.848
66.2334
6.24844
28.7428
14.3714
1.24969
38.7403
35.6161
21.8695
59.985
65.6086
38.1155
-28.118
-89.9775
-76.8558
11.2472
111.847
103.099
54.3614
-22.4944
-84.3539
-83.1042
-78.1055
-49.3627
-6.87328
24.9938
18.1205
2.49938
-15.6211
-42.4894
-106.223
-118.095
-73.7316
12.4969
124.969
160.585
149.338
74.3564
-29.3677
-98.7253
-56.8608
3.74906
69.3577
128.093
88.7278
54.3614
-20.6198
-104.974
-120.595
-114.971
-153.712
-111.847
-11.872
-7.49813
37.4906
44.9888
-41.8645
-84.3539
-144.339
-138.09
-22.4944
140.59
204.324
153.712
108.723
31.867
-31.867
-104.349
-94.9763
9.37266
148.088
193.077
125.594
38.7403
-73.7316
-116.221
-100.6
-81.2297
-49.3627
59.985
114.346
65.6086
22.4944
-28.7428
-45.6136
-18.7453
3.12422
-10.6223
31.2422
96.8508
146.838
175.581
69.9825
-74.9813
-133.092
-32.4919
79.3552
78.1055
99.975
110.597
48.7378
-68.7328
-177.456
-128.718
27.4931
104.974
78.1055
32.4919
18.7453
11.872
-54.9863
-127.468
-126.843
-39.3652
52.4869
80.6048
80.6048
10.6223
-39.3652
-43.1142
-76.8558
-131.217
-129.343
-18.1205
68.108
67.4831
-49.9875
-164.959
-104.974
-18.1205
-24.9938
-69.9825
-98.1005
-53.7366
38.7403
32.4919
-85.6036
-103.724
-3.12422
52.4869
-11.872
-73.1067
-68.7328
-40.6148
-16.2459
-49.3627
-35.6161
44.9888
46.8633
0
-30.6173
-84.3539
-32.4919
79.3552
81.2297
12.4969
-23.1192
9.37266
48.7378
46.8633
-24.9938
-30.6173
48.113
60.6098
66.2334
36.8658
-36.8658
-56.2359
-21.2447
24.9938
79.3552
130.592
130.592
97.4756
24.3689
-89.3527
-118.095
-11.2472
81.2297
124.969
151.837
164.334
149.963
26.2434
-99.3502
-102.474
-10.6223
85.6036
89.9775
106.848
158.085
140.59
24.9938
-126.843
-180.58
-128.093
48.7378
156.836
135.591
128.093
52.4869
-76.8558
-204.949
-186.828
-39.3652
94.9763
163.709
125.594
94.3514
11.2472
-141.215
-221.195
-148.713
-34.9913
34.9913
85.6036
50.6123
-4.99875
-70.6073
-166.208
-203.074
-129.343
-27.4931
78.7303
125.594
47.4881
-61.8595
-205.574
-286.178
-219.32
-70.6073
52.4869
97.4756
42.4894
-56.2359
-100.6
-170.582
-221.82
-191.827
-97.4756
70.6073
154.336
64.9838
-67.4831
-109.973
-161.835
-222.444
-158.71
-10.6223
188.078
258.06
89.3527
-72.4819
-76.8558
-61.2347
-53.1117
18.7453
137.466
241.815
258.06
127.468
-11.2472
-65.6086
-109.973
-63.7341
116.846
268.683
272.432
196.201
121.22
92.4769
93.7266
59.3602
61.8595
178.08
309.923
305.549
171.832
48.7378
11.2472
36.2409
69.9825
88.7278
138.09
242.439
259.935
146.213
23.7441
-23.7441
36.2409
136.841
152.462
79.98
63.1092
79.98
81.8545
28.7428
-99.975
-142.464
-63.1092
46.8633
61.2347
-19.995
-78.7303
-81.8545
-94.9763
-138.715
-168.708
-132.467
-54.9863
-32.4919
-78.1055
-161.835
-220.57
-243.689
-255.561
-255.561
-197.451
-126.843
-118.095
-169.958
-232.442
-267.433
-282.429
-336.166
-341.165
-206.823
-106.223
-89.3527
-170.582
-294.926
-389.903
-414.271
-356.786
-233.067
-71.857
-59.3602
-107.473
-188.703
-284.304
-261.185
-157.461
-97.4756
-97.4756
-24.3689
32.4919
36.2409
-16.2459
-108.723
-103.724
-71.857
-79.3552
-33.1167
103.099
194.951
148.713
30.6173
-73.7316
-51.862
43.1142
81.8545
111.222
187.453
324.294
438.015
451.762
362.409
296.176
318.67
420.52
555.486
666.083
748.563
761.06
714.821
561.735
381.155
302.424
363.659
494.876
583.604
572.357
466.758
340.54
211.197
114.346
102.474
106.848
94.3514
129.343
188.078
218.07
177.456
38.7403
-101.85
-134.341
-46.8633
81.8545
164.334
179.955
101.225
-1.87453
-99.975
-164.959
-156.211
-120.595
-65.6086
-54.3614
-123.719
-256.811
-369.283
-409.898
-405.524
-388.653
-402.399
-406.773
-360.535
-339.915
-438.64
-592.977
-690.452
-691.077
-583.604
-501.75
-519.245
-593.602
-677.331
-647.338
-566.733
-537.991
-549.863
-536.116
-497.376
-484.879
-483.004
-450.512
-366.158
-306.173
-309.923
-343.664
-345.539
-278.055
-184.954
-158.71
-237.441
-309.923
-275.556
-146.213
-24.9938
-57.4856
-193.702
-284.304
-222.444
-118.72
-138.09
-193.702
-156.836
-74.3564
-112.472
-131.842
129.343
632.342
931.642
706.698
286.178
194.326
545.489
992.252
1282.8
1405.27
1420.27
1311.55
991.002
627.343
544.239
831.042
1285.93
1526.49
1417.77
1092.85
776.681
598.6
499.875
418.02
356.786
429.893
578.605
634.841
456.761
96.2259
-219.945
-320.545
-190.577
27.4931
251.187
359.91
263.684
5.62359
-274.931
-376.156
-239.315
19.3702
233.692
319.295
287.428
163.084
-2.49938
-91.2272
-69.3577
22.4944
108.723
138.715
104.349
4.99875
-169.333
-408.023
-587.353
-634.216
-567.358
-534.866
-642.964
-825.419
-970.382
-1022.87
-1020.99
-1019.75
-1019.12
-974.756
-909.773
-876.656
-954.761
-1032.87
-1022.87
-977.256
-888.528
-851.662
-797.926
-696.701
-627.343
-697.326
-759.185
-664.834
-537.366
-412.397
-364.284
-319.92
-274.306
-269.308
-306.173
-303.674
-248.063
-224.319
-243.689
-303.049
-329.293
-346.163
-360.535
-363.659
-348.038
-343.039
-371.157
-389.278
-369.283
-239.315
111.847
629.218
1026.62
992.252
519.87
140.59
310.547
969.133
1672.08
2070.73
2102.6
1803.92
1300.3
812.922
726.068
1179.08
1887.03
2311.92
2180.7
1660.83
1129.09
886.653
847.288
871.657
868.533
839.79
829.793
793.552
616.096
236.816
-168.708
-381.155
-296.801
-17.4956
259.31
368.033
234.316
-101.225
-459.26
-584.229
-354.286
98.7253
431.767
436.141
169.333
-101.225
-166.833
-58.7353
82.4794
229.943
422.394
633.592
675.456
423.019
-26.8683
-416.771
-486.128
-306.173
-106.223
-92.4769
-319.92
-722.944
-1239.07
-1722.07
-1920.77
-1675.83
-1195.33
-892.277
-1016.62
-1415.9
-1713.95
-1715.82
-1495.88
-1235.32
-1011
-889.153
-873.532
-943.514
-1065.98
-1138.47
-1154.09
-1063.48
-839.79
-588.603
-441.14
-433.642
-583.604
-807.298
-863.534
-705.449
-382.404
-84.9788
-58.7353
-315.546
-680.455
-930.392
-934.766
-694.201
-457.386
-421.145
-531.742
-587.353
-504.249
-273.682
176.831
716.696
1029.12
774.181
274.931
213.697
891.652
1835.17
2288.8
2201.32
1932.02
1700.82
1392.15
1145.34
1320.29
1992.63
2686.2
2804.3
2298.8
1625.84
1274.68
1247.81
1344.04
1364.03
1283.43
1186.58
1049.11
818.545
438.64
46.2384
-178.08
-139.34
81.8545
249.938
249.938
109.348
-90.6023
-302.424
-426.768
-309.298
46.2384
389.903
438.64
188.078
-114.346
-202.449
-60.6098
186.828
389.278
486.753
517.371
509.248
432.392
214.946
-76.2309
-273.057
-215.571
-1.87453
58.1105
-199.325
-647.338
-1070.36
-1388.4
-1588.98
-1633.97
-1458.39
-1223.44
-1220.32
-1565.23
-1994.5
-2115.1
-1862.66
-1484
-1260.93
-1257.19
-1369.66
-1453.39
-1443.39
-1339.67
-1187.83
-1024.12
-858.535
-733.567
-675.456
-677.956
-678.58
-607.973
-473.007
-351.787
-251.812
-180.58
-203.699
-356.786
-591.102
-739.815
-707.948
-588.603
-529.868
-589.228
-697.326
-708.573
-569.233
-178.705
452.387
976.006
896.026
228.693
-209.323
268.683
1424.64
2259.44
2258.81
1795.18
1422.14
1179.71
925.394
984.754
1679.58
2658.09
3057.99
2503.75
1536.49
1024.74
1207.2
1615.22
1798.3
1709.57
1512.12
1235.94
832.917
390.527
119.345
144.339
339.915
478.63
435.516
244.939
25.6186
-145.589
-261.81
-283.054
-127.468
172.457
404.274
328.668
-29.3677
-358.66
-356.786
-32.4919
330.542
528.618
547.988
511.747
476.131
388.028
225.569
111.222
176.831
352.412
383.654
108.098
-312.422
-626.718
-766.683
-896.026
-1127.22
-1322.17
-1335.92
-1255.94
-1329.04
-1620.84
-1890.78
-1880.15
-1648.96
-1477.13
-1518.37
-1673.33
-1757.69
-1724.57
-1620.22
-1460.88
-1277.18
-1158.46
-1146.59
-1185.33
-1157.21
-993.502
-751.687
-555.486
-479.255
-499.875
-542.364
-530.492
-478.63
-442.389
-461.76
-498
-521.745
-549.863
-592.977
-616.096
-552.987
-404.899
-41.8645
555.486
985.379
679.83
-193.702
-584.229
187.453
1554.61
2279.43
2032.62
1466.51
1060.98
692.327
389.903
732.317
1881.4
2995.5
2998.63
1879.53
732.942
512.372
1133.47
1822.67
2073.86
1902.02
1512.75
1026.62
578.605
379.28
527.368
821.67
932.892
773.557
484.254
236.191
123.719
101.85
108.723
178.08
368.033
592.352
605.474
308.048
-92.4769
-220.57
77.4806
546.738
811.047
740.44
490.502
306.173
301.175
410.522
540.49
614.846
599.85
479.255
273.682
48.7378
-119.345
-208.073
-304.299
-514.871
-829.168
-1085.35
-1183.45
-1214.07
-1337.17
-1566.48
-1732.69
-1714.57
-1626.47
-1651.46
-1802.05
-1938.27
-1937.64
-1822.04
-1662.71
-1489.63
-1395.28
-1501.5
-1757.06
-1896.4
-1695.83
-1240.94
-867.908
-811.047
-994.126
-1176.58
-1199.7
-1065.98
-830.417
-588.603
-507.373
-643.589
-804.174
-779.805
-597.351
-423.644
-123.719
457.386
890.402
547.988
-340.54
-612.972
304.299
1524.62
1838.92
1324.04
909.773
856.036
633.592
213.072
421.145
1562.11
2629.34
2466.26
1277.81
353.037
498.625
1246.56
1773.93
1850.79
1652.71
1312.8
846.038
448.638
434.891
841.04
1264.68
1272.18
846.038
372.407
251.187
464.259
700.45
736.691
645.464
627.343
691.702
677.331
516.121
359.91
418.02
704.824
988.503
1064.11
958.51
831.042
769.183
753.562
774.181
851.662
931.017
885.404
648.588
316.171
66.8583
-15.6211
-48.113
-211.197
-513.622
-792.302
-909.773
-936.641
-1033.49
-1227.19
-1414.65
-1492.75
-1485.88
-1517.12
-1612.1
-1694.58
-1732.07
-1751.44
-1750.81
-1669.58
-1512.12
-1430.89
-1535.24
-1713.95
-1726.44
-1484
-1180.33
-1075.98
-1184.08
-1280.3
-1249.69
-1129.72
-1014.75
-966.633
-974.756
-969.758
-856.036
-654.211
-541.74
-509.248
-181.205
478.005
804.174
231.192
-579.855
-408.023
797.301
1711.45
1424.02
684.829
524.869
715.446
419.27
-94.3514
230.567
1414.02
2144.46
1485.25
180.58
-355.536
201.825
973.507
1265.31
1135.34
869.158
476.756
-24.9938
-231.192
185.579
941.015
1282.18
872.907
155.586
-146.213
182.454
739.19
1040.36
967.258
795.426
737.941
752.312
728.568
713.572
812.297
1018.5
1192.2
1200.95
1096.6
1009.12
1027.24
1156.59
1345.29
1466.51
1379.66
1089.1
763.559
597.976
618.595
674.206
642.964
505.499
193.702
-316.171
-794.176
-924.144
-656.711
-343.039
-409.898
-862.284
-1299.68
-1435.27
-1369.66
-1282.18
-1229.69
-1249.69
-1375.91
-1575.86
-1680.2
-1575.23
-1395.9
-1350.91
-1439.02
-1495.88
-1452.14
-1370.28
-1300.3
-1250.31
-1234.07
-1250.94
-1261.56
-1202.2
-1128.47
-1126.59
-1087.23
-868.533
-571.107
-500.5
-529.868
-134.966
572.357
707.323
-51.2372
-595.476
135.591
1461.51
1802.67
984.129
361.785
570.482
737.941
281.805
43.1142
811.672
1811.42
1664.58
386.778
-579.855
-312.422
532.367
907.273
719.195
414.896
93.1017
-402.399
-829.793
-635.466
146.213
739.19
496.751
-297.426
-827.918
-636.716
38.7403
632.967
816.671
655.461
427.393
293.052
279.305
428.643
773.557
1177.83
1392.15
1287.8
1014.75
877.906
1041.61
1390.28
1649.59
1673.96
1551.49
1401.52
1213.45
991.627
872.282
947.888
1094.73
1014.12
568.608
-36.2409
-448.013
-456.136
-197.451
1.87453
-112.472
-511.747
-955.386
-1177.21
-1081.6
-794.176
-572.357
-639.84
-1002.87
-1399.65
-1493.38
-1219.07
-902.274
-902.899
-1186.58
-1442.76
-1486.5
-1369.66
-1229.07
-1112.22
-1056.61
-1126.59
-1270.31
-1359.04
-1340.29
-1283.43
-1153.46
-897.276
-644.214
-661.085
-737.941
-321.17
413.022
535.491
-230.567
-646.088
256.811
1619.6
1849.54
923.519
374.906
803.549
1140.34
664.209
283.679
878.53
1717.7
1515.87
398.025
-313.672
3.74906
616.096
659.21
313.047
68.108
-110.597
-491.752
-906.648
-863.534
-373.657
-33.7416
-313.672
-914.146
-1200.32
-976.006
-529.243
-199.95
-121.845
-219.32
-317.421
-294.926
-88.103
254.936
571.107
724.819
726.068
720.445
824.794
1083.48
1380.28
1570.86
1709.57
1800.17
1744.56
1544.61
1390.28
1469.01
1667.71
1693.33
1399.03
1015.37
807.923
672.957
419.895
163.709
96.8508
167.458
88.7278
-308.048
-766.058
-917.271
-754.186
-572.982
-582.979
-786.678
-1099.1
-1325.29
-1303.42
-1052.24
-791.052
-799.8
-1127.84
-1460.26
-1472.76
-1222.19
-966.633
-864.784
-938.515
-1132.22
-1312.17
-1350.29
-1221.57
-1029.12
-889.778
-799.8
-734.816
-800.425
-837.916
-389.903
375.531
549.238
-193.702
-712.947
54.3614
1406.52
1745.81
870.407
276.181
719.82
1187.2
849.163
505.499
1073.48
1895.78
1703.95
563.609
-148.713
272.432
1024.12
1101.6
614.221
199.95
-39.3652
-359.285
-694.826
-661.71
-258.06
-49.9875
-467.383
-1139.72
-1388.4
-1100.35
-684.204
-478.63
-522.994
-689.203
-833.542
-866.033
-674.206
-273.682
107.473
218.695
108.723
57.4856
223.694
559.235
883.529
1074.11
1191.58
1385.28
1532.12
1429.02
1172.21
1103.47
1385.28
1693.33
1603.35
1098.48
704.199
693.577
744.189
582.979
378.03
341.165
302.424
23.1192
-415.521
-627.968
-487.378
-326.168
-403.649
-620.47
-834.791
-1056.61
-1169.71
-1052.24
-781.055
-632.967
-807.298
-1175.96
-1383.4
-1228.44
-876.656
-602.349
-611.722
-899.775
-1215.32
-1265.31
-1027.24
-744.814
-589.853
-524.869
-472.382
-502.999
-625.469
-383.029
386.778
907.273
373.032
-552.362
-388.028
867.283
1691.45
1192.2
417.396
534.241
1012.87
828.543
368.658
747.313
1711.45
1889.53
911.647
-1.87453
181.83
974.131
1242.81
816.046
354.911
117.471
-146.838
-471.132
-475.506
-98.1005
118.72
-276.806
-1022.87
-1424.64
-1227.19
-804.799
-597.351
-677.956
-897.901
-1104.72
-1191.58
-1078.48
-762.309
-400.525
-219.32
-265.559
-348.663
-259.935
63.7341
449.888
674.206
718.57
824.794
1067.86
1177.21
1018.5
834.791
977.881
1341.54
1469.63
1129.09
689.203
639.84
795.426
726.068
484.254
379.905
414.271
313.672
-16.2459
-279.305
-226.818
-84.3539
-210.572
-505.499
-647.338
-669.208
-709.198
-776.056
-747.313
-631.092
-659.835
-907.273
-1157.21
-1097.85
-789.178
-557.361
-600.475
-860.41
-1069.73
-1044.74
-852.912
-674.831
-611.097
-626.093
-592.977
-466.133
-360.535
-311.797
65.6086
791.052
1014.75
246.813
-527.993
23.1192
1442.14
2041.99
1262.81
426.768
652.962
1191.58
1041.61
682.954
1084.73
1845.16
1752.69
752.312
61.8595
416.146
1160.96
1305.3
782.304
232.442
-64.3589
-283.054
-487.378
-424.269
-99.3502
3.12422
-486.128
-1298.43
-1662.71
-1300.92
-700.45
-484.254
-801.05
-1261.56
-1465.88
-1349.66
-1098.48
-807.923
-536.116
-464.884
-629.843
-756.686
-584.229
-137.466
304.299
491.752
451.137
416.771
629.218
925.394
1013.5
893.527
841.665
1006
1113.47
945.389
634.216
582.979
754.811
692.327
318.67
39.99
117.471
286.178
229.318
-46.2384
-241.815
-227.443
-196.826
-311.172
-452.387
-483.004
-461.135
-483.629
-616.721
-729.818
-701.7
-634.216
-711.697
-864.159
-854.786
-685.454
-582.979
-688.578
-856.661
-833.542
-618.595
-496.751
-592.352
-720.445
-621.095
-309.298
-53.1117
-110.597
-264.934
132.467
871.657
976.006
179.33
-256.186
649.213
1907.02
1990.75
993.502
532.367
1129.09
1594.6
1205.32
877.906
1400.27
2000.12
1662.08
717.946
345.539
836.041
1371.53
1227.82
699.2
332.417
112.472
-151.212
-348.663
-216.821
51.2372
-69.9825
-811.672
-1626.47
-1714.57
-1090.98
-581.73
-774.181
-1406.52
-1783.3
-1603.97
-1255.31
-1069.73
-962.884
-788.553
-736.691
-945.389
-1051.61
-717.321
-109.348
253.062
143.089
-89.3527
-3.12422
414.271
784.804
801.05
624.219
561.735
690.452
756.061
612.972
494.876
546.113
596.101
397.401
108.723
49.9875
181.83
206.823
11.872
-192.452
-206.823
-128.718
-177.456
-327.418
-389.278
-324.919
-350.537
-528.618
-659.21
-587.353
-417.396
-431.767
-638.59
-779.805
-686.078
-517.371
-469.258
-514.246
-534.241
-473.007
-435.516
-504.249
-546.738
-444.264
-247.438
-59.3602
-19.995
-132.467
-203.074
195.576
919.77
1097.85
403.024
-216.196
378.03
1584.6
1932.64
1210.95
744.189
1213.45
1607.72
1210.95
834.791
1352.16
2102.6
1973.88
1081.6
537.366
799.8
1277.81
1349.04
1018.5
618.595
231.192
-66.2334
-173.082
-59.985
96.2259
-41.8645
-616.096
-1294.68
-1468.38
-1049.11
-605.474
-682.954
-1184.08
-1587.1
-1583.35
-1383.4
-1215.95
-996.001
-765.434
-786.678
-1099.1
-1227.19
-840.415
-233.067
87.4781
23.7441
-99.3502
-84.9788
60.6098
246.813
429.268
551.737
567.358
468.008
280.555
162.459
213.072
403.024
486.128
264.934
-82.4794
-236.816
-165.584
-64.9838
-23.1192
-45.6136
-169.333
-397.401
-582.354
-557.361
-343.664
-225.569
-385.529
-638.59
-761.685
-705.449
-599.85
-572.357
-630.467
-705.449
-722.944
-694.201
-631.092
-532.367
-476.131
-462.384
-444.889
-409.898
-339.29
-259.31
-221.82
-174.331
-33.7416
104.974
69.9825
103.099
635.466
1242.81
1027.87
150.587
39.99
1230.94
2308.17
1996.38
1016.62
907.273
1575.86
1757.06
1297.18
1247.19
1844.54
2111.97
1527.74
808.548
766.058
1255.94
1601.47
1419.65
942.889
455.511
96.2259
-19.3702
109.348
319.295
314.921
-126.843
-875.406
-1375.91
-1195.33
-594.226
-304.299
-654.836
-1272.18
-1577.73
-1466.51
-1212.82
-935.391
-659.835
-614.846
-966.008
-1332.79
-1198.45
-589.228
-38.1155
11.872
-351.787
-687.328
-619.22
-148.713
321.795
388.653
104.974
-113.722
-88.7278
-6.24844
28.118
138.715
349.913
331.167
-102.474
-547.988
-502.999
-67.4831
224.319
76.8558
-284.929
-529.868
-591.727
-506.123
-294.926
-102.474
-216.821
-620.47
-934.141
-876.656
-556.111
-349.913
-468.008
-786.053
-978.505
-891.027
-616.096
-354.286
-278.055
-383.654
-519.87
-550.487
-445.514
-228.693
-44.3639
-39.99
-109.348
-69.3577
58.7353
88.103
138.09
622.969
1256.56
1203.45
404.899
78.7303
1003.5
2092.6
2036.37
1174.08
881.655
1364.03
1614.6
1300.92
1176.58
1607.1
1884.53
1468.38
815.421
656.711
1035.99
1443.39
1393.4
879.155
288.678
-21.8695
27.4931
169.958
232.442
180.58
-79.98
-609.848
-1088.48
-1016.62
-456.761
-102.474
-404.899
-1016.62
-1305.3
-1101.6
-791.052
-629.218
-571.732
-618.595
-838.54
-1093.48
-1007.87
-534.866
-119.97
-134.966
-451.137
-645.464
-522.369
-151.212
234.941
338.665
116.846
-174.956
-246.188
-84.3539
131.217
304.924
363.034
221.82
-121.22
-416.146
-323.044
64.3589
331.792
258.685
-70.6073
-398.025
-520.495
-372.407
-122.469
-60.6098
-309.298
-706.073
-923.519
-842.289
-618.595
-479.255
-541.74
-782.929
-1018.5
-1009.75
-732.942
-439.89
-384.279
-539.24
-675.456
-633.592
-466.758
-300.55
-169.333
-96.8508
-141.84
-204.324
-119.345
69.3577
190.577
274.306
695.451
1206.57
1045.99
216.196
-82.4794
904.149
2035.74
1967.63
982.254
524.244
956.636
1309.05
1128.47
1023.49
1335.92
1482.13
1085.35
561.11
487.378
850.412
1202.82
1147.21
727.943
253.687
-11.872
45.6136
245.564
379.905
318.67
21.8695
-489.878
-889.778
-766.683
-221.195
126.218
-163.709
-809.798
-1175.96
-929.768
-463.009
-236.816
-283.054
-484.254
-807.923
-1034.74
-834.791
-298.05
57.4856
-75.6061
-418.645
-574.856
-437.391
-178.705
199.95
507.998
351.787
-119.345
-331.167
50.6123
542.364
647.963
363.659
78.7303
48.113
92.4769
111.847
154.336
209.323
150.587
-36.2409
-289.303
-444.264
-379.28
-198.075
-160.585
-368.658
-679.83
-926.643
-952.262
-827.293
-666.083
-571.107
-657.336
-941.64
-1196.58
-1114.1
-744.814
-423.019
-409.898
-627.968
-787.303
-714.821
-519.87
-288.678
-63.1092
-9.37266
-203.074
-391.777
-218.07
197.451
436.141
296.801
331.167
849.163
1081.6
476.756
-114.971
488.003
1602.72
1746.44
841.04
260.56
706.073
1229.69
1027.87
639.215
804.174
1117.85
997.876
611.097
464.884
626.093
869.158
977.881
847.288
569.233
240.565
103.099
220.57
422.394
511.122
395.526
29.9925
-459.26
-627.343
-244.314
259.31
254.936
-273.682
-777.306
-767.308
-424.894
-171.207
-104.349
-172.457
-419.895
-751.062
-777.306
-403.024
-15.6211
-19.3702
-339.29
-549.863
-434.891
-162.459
71.2322
286.178
392.402
198.7
-104.974
-130.592
183.079
546.113
644.214
381.155
9.37266
-93.7266
50.6123
172.457
155.586
24.3689
-156.211
-338.665
-469.258
-476.756
-353.037
-274.931
-459.885
-787.928
-986.628
-969.133
-798.55
-652.962
-704.199
-933.517
-1144.71
-1154.09
-963.509
-741.69
-642.964
-649.838
-681.08
-712.947
-652.337
-411.772
-154.961
-64.3589
-120.595
-183.704
-158.085
-79.98
64.9838
245.564
363.034
256.186
76.8558
359.285
879.78
834.166
114.346
-188.078
507.373
1202.2
987.878
315.546
251.812
657.336
669.208
294.301
293.677
772.932
1014.12
755.436
416.771
388.653
617.971
956.636
1144.09
983.504
565.484
297.426
474.881
782.929
886.653
790.427
606.723
262.434
-110.597
-62.4844
454.886
805.424
460.51
-254.936
-571.107
-274.306
89.3527
138.715
-13.7466
-193.077
-438.015
-608.598
-396.151
56.2359
270.557
36.2409
-341.165
-446.138
-216.821
148.088
375.531
375.531
221.82
-6.24844
-124.344
5.62359
299.3
493.627
387.403
-21.2447
-423.644
-429.268
-90.6023
158.71
47.4881
-328.668
-704.199
-806.048
-664.834
-487.378
-450.512
-611.722
-882.904
-1092.85
-1087.85
-967.258
-864.159
-848.538
-933.517
-1015.37
-1027.87
-1016
-972.882
-809.173
-586.728
-468.008
-494.876
-557.986
-532.992
-347.413
-126.218
-16.8708
-4.37391
-18.7453
-52.4869
-109.973
-85.6036
39.99
180.58
141.215
-116.846
-374.906
-136.216
523.619
659.21
-81.2297
-819.795
-445.514
535.491
837.916
257.436
-219.945
16.8708
298.05
171.832
124.969
569.233
983.504
896.651
534.866
376.156
612.972
1098.48
1510.87
1508.37
1104.72
628.593
580.48
967.883
1345.91
1394.65
1116.6
647.338
174.956
108.723
567.983
1088.48
1031.62
391.777
-210.572
-188.703
265.559
563.609
556.111
353.037
38.7403
-269.308
-261.185
124.969
508.623
512.997
148.713
-216.821
-267.433
-18.1205
288.678
474.881
421.145
131.217
-179.33
-238.065
-20.6198
254.311
344.289
93.7266
-342.414
-599.225
-525.494
-328.668
-240.565
-328.043
-546.738
-787.303
-927.893
-894.151
-726.693
-589.853
-694.201
-971.632
-1146.59
-1132.84
-1013.5
-877.281
-804.799
-871.032
-1032.87
-1142.84
-1062.86
-794.801
-505.499
-438.015
-611.722
-778.555
-743.564
-497.376
-278.055
-265.559
-380.53
-478.63
-551.737
-607.973
-556.111
-418.645
-395.526
-536.741
-702.949
-808.548
-828.543
-725.444
-283.054
184.329
-68.7328
-941.64
-1224.69
-281.805
744.189
708.573
-31.2422
-348.663
0.624844
383.654
513.622
706.073
1027.24
1127.84
1004.75
961.635
1125.97
1390.9
1751.44
2002.62
1855.79
1418.4
1147.21
1339.67
1728.32
1904.52
1753.31
1445.89
1089.1
831.667
958.51
1438.39
1717.07
1376.53
714.196
343.664
521.745
879.155
988.503
800.425
479.255
139.34
-81.8545
-8.74781
240.565
345.539
160.585
-174.331
-449.888
-509.873
-295.551
20.6198
71.2322
-256.186
-584.229
-661.085
-604.224
-536.741
-423.019
-346.788
-478.63
-777.931
-1014.75
-937.891
-682.329
-611.722
-766.058
-931.017
-1023.49
-1015.37
-876.656
-769.808
-800.425
-912.272
-1007.87
-1030.37
-945.389
-832.917
-782.929
-770.432
-833.542
-928.518
-916.021
-771.057
-647.963
-626.718
-688.578
-771.057
-792.302
-752.937
-691.077
-616.096
-587.978
-712.947
-810.422
-716.071
-595.476
-642.964
-786.053
-834.791
-784.804
-737.941
-728.568
-711.697
-655.461
-662.959
-697.951
-361.785
134.341
36.8658
-610.472
-724.194
122.469
884.779
814.796
343.664
342.414
773.557
997.876
967.258
1131.59
1525.24
1717.07
1687.08
1644.59
1685.2
1860.78
2237.57
2508.12
2353.79
1965.13
1779.56
2003.87
2286.93
2306.3
2126.97
1918.27
1612.1
1265.93
1270.93
1605.85
1715.82
1253.44
578.605
292.427
490.502
659.21
484.879
171.832
-70.6073
-317.421
-540.49
-503.624
-326.168
-336.791
-615.471
-947.888
-1074.11
-979.755
-832.292
-786.053
-822.294
-904.149
-1014.12
-1050.36
-1020.99
-971.007
-851.662
-702.324
-721.07
-916.021
-1023.49
-901.025
-695.451
-622.969
-713.572
-832.917
-847.288
-796.676
-723.569
-616.096
-576.106
-678.58
-826.668
-866.658
-787.303
-696.076
-701.7
-807.923
-900.4
-899.15
-849.788
-836.666
-892.902
-965.384
-976.631
-921.02
-906.648
-981.005
-1001.62
-919.145
-843.539
-861.035
-936.016
-971.007
-907.898
-787.303
-710.447
-707.948
-727.943
-729.193
-706.698
-622.344
-491.127
-370.532
-313.672
-339.915
-374.281
-124.969
444.889
694.201
266.808
-161.21
297.426
1228.44
1562.73
1199.08
959.76
1322.79
1750.19
1810.8
1803.92
2101.97
2460.01
2556.86
2486.25
2418.15
2488.13
2757.44
3036.74
2986.13
2618.72
2291.3
2291.3
2449.39
2430.64
2192.58
1890.15
1573.36
1185.33
942.889
1011.62
1122.22
884.779
275.556
-291.802
-431.142
-244.314
-176.831
-387.403
-712.947
-1037.87
-1287.8
-1293.43
-1060.36
-912.272
-1074.11
-1442.14
-1678.96
-1590.85
-1275.93
-1036.62
-1096.6
-1364.03
-1531.49
-1400.9
-1167.21
-1056.61
-1050.36
-1039.74
-1047.24
-1125.34
-1165.96
-1033.49
-764.184
-644.839
-806.673
-1026.62
-1054.11
-889.153
-689.828
-614.846
-696.076
-826.043
-913.522
-885.404
-782.304
-719.82
-772.932
-875.406
-956.636
-1014.12
-1007.87
-952.262
-926.018
-976.006
-1055.99
-1097.85
-1064.73
-976.006
-891.652
-871.032
-877.281
-837.916
-726.068
-567.983
-484.254
-481.755
-444.264
-289.928
-104.349
3.12422
46.2384
102.474
211.822
359.91
504.874
593.602
649.213
719.195
834.791
964.134
1218.45
1593.35
1685.83
1322.79
1059.74
1505.25
2231.94
2410.65
2016.37
1755.19
1972.01
2238.82
2225.69
2161.96
2307.55
2455.01
2380.03
2151.96
1964.51
1932.64
2087.6
2262.56
2110.72
1607.72
1116.6
1034.12
1235.94
1308.42
1076.61
689.828
281.805
-116.846
-259.935
-49.9875
161.835
-101.85
-761.06
-1242.81
-1207.2
-911.647
-823.544
-1016
-1292.18
-1531.49
-1677.71
-1598.98
-1338.42
-1182.83
-1289.05
-1516.5
-1639.59
-1574.61
-1364.03
-1125.97
-987.878
-1048.49
-1242.81
-1325.29
-1135.97
-851.037
-728.568
-777.931
-873.532
-935.391
-919.77
-791.677
-631.092
-546.113
-609.848
-780.43
-874.781
-790.427
-626.718
-538.615
-582.354
-736.691
-886.028
-911.022
-814.796
-715.446
-724.819
-844.789
-964.134
-967.883
-881.03
-785.429
-762.934
-798.55
-822.919
-767.308
-627.968
-516.746
-441.765
-373.032
-281.18
-144.339
12.4969
157.461
276.806
416.771
564.234
715.446
861.66
982.879
1086.6
1178.46
1244.69
1290.3
1345.29
1405.9
1448.39
1442.14
1429.64
1379.03
1290.93
1195.33
1245.94
1547.11
1668.33
1250.94
683.579
726.068
1282.18
1571.48
1307.8
909.148
819.795
933.517
1003.5
1029.12
1145.34
1234.69
1142.21
950.387
833.542
856.036
992.252
1127.84
1022.24
729.818
492.377
469.883
541.74
501.125
330.542
132.467
-37.4906
-266.183
-465.509
-459.26
-309.923
-353.662
-701.075
-1061.61
-1130.34
-952.887
-836.041
-901.025
-1042.24
-1157.84
-1257.19
-1256.56
-1071.61
-854.161
-827.293
-1024.12
-1245.31
-1277.18
-1079.11
-819.795
-746.688
-939.765
-1171.58
-1214.7
-1082.85
-939.14
-893.527
-900.4
-942.889
-1043.49
-1127.84
-1049.74
-809.798
-669.208
-777.306
-963.509
-976.631
-787.928
-572.982
-487.378
-514.246
-551.112
-546.738
-485.504
-359.285
-222.444
-156.836
-156.211
-176.831
-175.581
-101.85
29.3677
128.718
133.092
100.6
135.591
262.434
401.15
486.128
532.992
567.983
600.475
649.213
758.56
893.527
967.258
962.884
923.519
943.514
1037.24
1104.1
1090.35
1014.75
932.892
891.652
890.402
871.657
788.553
667.333
563.609
495.501
462.384
434.266
331.792
157.461
138.715
359.91
444.264
141.84
-153.712
43.7391
466.758
556.111
326.168
223.069
398.025
536.741
511.122
538.615
726.068
868.533
836.666
749.813
688.578
683.579
801.05
964.759
947.263
697.326
436.141
405.524
536.741
572.982
445.514
279.305
119.345
-104.974
-283.679
-231.817
-58.1105
-123.719
-519.245
-895.401
-922.269
-743.564
-709.198
-867.283
-1048.49
-1184.08
-1292.18
-1310.92
-1219.07
-1130.97
-1179.08
-1354.04
-1521.49
-1548.36
-1394.65
-1193.45
-1121.59
-1209.7
-1311.55
-1300.92
-1184.08
-1029.12
-892.902
-812.297
-807.923
-816.671
-752.937
-571.732
-378.03
-296.176
-301.8
-276.181
-164.959
-27.4931
91.852
199.325
278.68
277.431
244.314
301.175
452.387
571.107
589.853
531.117
438.64
426.768
535.491
691.702
737.316
605.474
463.634
483.629
618.595
689.203
652.337
604.224
574.231
543.614
551.737
616.721
650.462
601.725
532.367
505.499
506.748
503.624
502.999
484.254
415.521
343.039
319.92
304.924
229.318
128.093
88.7278
114.971
86.8533
-48.113
-145.589
-136.216
-146.838
-252.437
-254.936
-7.49813
153.087
-106.223
-469.258
-352.412
141.84
398.65
260.56
98.7253
136.841
236.816
291.802
386.153
554.861
686.078
684.204
585.479
462.384
408.648
544.864
805.424
861.66
576.731
218.695
124.969
287.428
411.772
354.286
179.33
-42.4894
-287.428
-417.396
-304.299
-116.846
-146.213
-440.515
-752.312
-852.287
-738.565
-591.102
-570.482
-697.951
-906.023
-1052.24
-1006
-822.294
-706.073
-756.061
-891.652
-997.251
-1001
-881.03
-708.573
-609.848
-649.838
-754.811
-797.301
-732.942
-553.612
-343.664
-258.06
-319.295
-394.276
-354.286
-203.699
-6.24844
134.341
173.707
154.961
118.72
148.088
298.675
476.131
534.241
486.753
430.517
423.644
479.255
562.359
611.097
581.105
485.504
403.649
415.521
472.382
479.88
431.767
365.534
312.422
265.559
244.939
271.807
311.797
306.173
238.065
159.96
151.212
224.319
298.675
291.177
214.321
143.089
143.089
211.197
268.683
269.933
230.567
157.461
79.98
63.1092
110.597
128.718
53.1117
-68.7328
-164.959
-217.446
-257.436
-316.171
-365.534
-384.279
-418.645
-529.243
-652.962
-559.235
-281.805
-220.57
-488.003
-650.462
-410.522
-71.857
26.2434
-64.9838
-98.1005
7.49813
137.466
229.943
315.546
448.638
608.598
694.201
624.219
497.376
557.986
831.667
1011.62
872.907
582.354
428.018
459.26
517.996
505.499
443.639
313.672
71.857
-177.456
-236.816
-103.724
4.37391
-124.969
-459.26
-727.943
-727.943
-546.113
-425.519
-488.628
-686.703
-876.656
-915.396
-765.434
-573.607
-510.497
-602.974
-738.565
-786.053
-687.328
-492.377
-328.043
-316.171
-422.394
-483.629
-402.399
-230.567
-61.2347
41.8645
54.3614
9.37266
-3.12422
74.3564
237.441
419.895
514.246
496.751
434.266
412.397
488.628
652.962
795.426
802.299
695.451
584.229
571.732
666.708
766.058
764.184
639.84
467.383
373.032
404.899
465.509
431.142
299.925
171.207
96.8508
52.4869
14.3714
-26.2434
-91.2272
-198.7
-317.421
-391.152
-423.644
-458.01
-509.248
-576.106
-646.713
-682.954
-674.206
-666.708
-682.954
-707.323
-712.947
-693.577
-671.707
-645.464
-614.846
-601.725
-604.849
-594.226
-539.865
-461.76
-430.517
-466.758
-481.13
-389.278
-249.938
-151.212
-103.099
-93.7266
-116.221
-50.6123
231.192
508.623
444.264
171.832
168.708
512.997
796.051
764.809
593.602
558.61
659.21
726.693
739.19
794.801
900.4
928.518
827.293
677.956
625.469
736.691
879.78
837.291
586.103
341.79
285.554
367.408
381.155
256.186
104.349
-19.995
-154.961
-258.685
-233.692
-151.212
-196.826
-391.777
-556.111
-557.986
-458.635
-416.771
-453.637
-481.13
-512.997
-570.482
-556.736
-424.269
-286.803
-242.439
-265.559
-281.805
-234.316
-114.971
27.4931
133.717
164.959
151.212
167.458
238.69
343.664
440.515
501.75
524.869
512.372
505.499
527.993
579.855
619.22
604.849
551.737
480.505
418.645
383.029
364.284
315.546
201.2
55.6111
-28.118
-46.2384
-109.348
-251.812
-405.524
-499.875
-546.738
-607.973
-701.075
-816.671
-924.144
-984.754
-984.754
-962.259
-992.877
-1053.49
-1078.48
-1064.11
-1021.62
-958.51
-881.03
-816.046
-789.178
-761.06
-689.828
-585.479
-476.131
-367.408
-258.685
-180.58
-149.338
-94.9763
51.2372
231.192
323.669
301.8
282.429
353.662
461.135
515.496
504.249
469.258
433.642
401.775
405.524
434.266
443.639
410.522
331.792
246.813
213.697
253.062
291.802
329.293
380.53
307.423
91.2272
-10.6223
159.335
388.028
427.393
272.432
125.594
141.84
248.688
321.17
368.033
434.266
475.506
451.137
405.524
396.776
487.378
652.962
725.444
635.466
531.742
516.121
554.236
598.6
611.097
606.098
570.482
466.758
336.791
320.545
449.263
536.741
421.145
191.827
55.6111
112.472
244.939
251.187
127.468
-17.4956
-131.842
-179.955
-134.966
-82.4794
-129.968
-264.934
-409.273
-479.255
-456.761
-401.15
-400.525
-475.506
-586.103
-666.083
-661.71
-600.475
-557.986
-571.107
-625.469
-694.201
-714.821
-645.464
-532.992
-476.756
-534.241
-665.459
-714.196
-587.978
-406.773
-357.411
-450.512
-526.118
-499.25
-433.642
-373.657
-319.295
-271.807
-250.562
-281.805
-309.923
-265.559
-172.457
-86.8533
-57.4856
-95.6011
-136.216
-112.472
-37.4906
24.3689
61.8595
76.8558
56.2359
28.7428
57.4856
159.335
258.685
267.433
198.075
164.959
236.191
341.165
391.777
384.904
338.665
299.3
294.926
321.795
374.906
406.773
361.785
254.936
193.702
231.817
289.303
273.682
161.835
52.4869
39.99
73.1067
55.6111
-30.6173
-96.2259
-99.3502
-108.723
-152.462
-176.206
-164.334
-159.96
-177.456
-106.848
22.4944
26.8683
-84.9788
-117.471
25.6186
193.077
239.94
188.078
166.833
249.938
352.412
380.53
377.406
450.512
567.358
602.349
529.868
483.629
579.23
714.196
706.073
562.984
453.012
419.27
414.271
379.28
318.045
279.93
214.946
80.6048
-67.4831
-114.346
-60.6098
-46.2384
-149.963
-307.423
-396.151
-385.529
-351.162
-354.286
-371.782
-394.901
-447.388
-488.003
-448.638
-339.915
-246.188
-240.565
-313.672
-354.286
-285.554
-146.838
-46.8633
-56.2359
-123.719
-164.959
-159.96
-136.216
-95.6011
-39.3652
-21.2447
-91.852
-183.079
-190.577
-99.3502
9.9975
34.3664
-47.4881
-155.586
-191.202
-138.09
-50.6123
-4.37391
-46.2384
-130.592
-185.579
-170.582
-91.852
-21.8695
-8.74781
-45.6136
-91.2272
-97.4756
-67.4831
-20.6198
14.3714
6.87328
-43.7391
-98.7253
-118.72
-90.6023
-38.7403
-9.37266
-32.4919
-79.3552
-86.8533
-33.7416
49.9875
100.6
97.4756
83.7291
88.103
109.348
130.592
159.96
181.83
171.207
139.34
103.724
88.7278
99.3502
119.345
120.595
78.1055
-4.99875
-70.6073
-79.98
-68.7328
-71.2322
-81.2297
-106.848
-184.954
-284.304
-321.17
-276.181
-223.694
-251.812
-354.911
-434.891
-418.645
-345.539
-318.045
-354.911
-392.402
-353.037
-212.447
-123.719
-218.695
-338.665
-257.436
-30.6173
104.974
61.8595
-29.3677
18.1205
177.456
274.306
279.305
337.416
463.634
540.49
541.74
525.494
576.731
716.071
822.919
807.298
742.314
712.322
712.947
727.318
731.692
716.071
684.204
602.974
461.135
378.655
437.391
499.25
433.642
263.684
107.473
78.1055
149.338
169.333
93.1017
17.4956
-35.6161
-88.7278
-116.221
-114.346
-103.724
-93.1017
-137.466
-236.816
-279.93
-238.69
-184.329
-167.458
-205.574
-279.93
-316.171
-298.05
-278.055
-261.185
-247.438
-285.554
-363.659
-404.274
-371.782
-296.176
-255.561
-292.427
-341.79
-341.79
-309.923
-268.058
-216.196
-189.328
-217.446
-254.311
-224.319
-157.461
-124.344
-146.838
-183.704
-188.078
-174.331
-176.831
-181.83
-170.582
-177.456
-219.32
-249.313
-232.442
-190.577
-165.584
-186.203
-236.191
-261.185
-228.693
-169.333
-143.714
-163.084
-199.95
-199.95
-153.087
-101.225
-73.7316
-66.8583
-69.9825
-74.3564
-44.9888
0.624844
10.6223
-6.24844
-8.74781
6.24844
25.6186
25.6186
2.49938
-8.12297
14.3714
30.6173
6.87328
-19.3702
-32.4919
-29.9925
-21.2447
-44.9888
-76.2309
-71.857
-85.6036
-129.343
-136.841
-111.847
-111.847
-148.713
-170.582
-146.838
-119.345
-149.963
-160.585
-61.2347
30.6173
-18.1205
-111.222
-55.6111
123.719
237.441
211.197
156.836
208.698
321.17
372.407
384.279
448.638
531.742
569.858
554.236
547.988
630.467
761.685
823.544
780.43
729.193
729.818
761.06
783.554
781.68
776.681
750.437
659.835
544.239
525.494
601.1
624.219
532.367
405.524
339.915
348.038
359.91
331.792
294.301
252.437
183.704
104.349
66.8583
87.4781
116.221
91.2272
-1.87453
-104.974
-143.089
-119.97
-103.099
-123.094
-178.705
-249.938
-314.921
-354.286
-351.162
-323.044
-343.039
-438.64
-533.617
-562.359
-534.866
-515.496
-552.362
-621.095
-667.958
-679.205
-656.086
-622.969
-614.221
-648.588
-701.7
-705.449
-641.715
-572.982
-551.112
-576.731
-617.971
-618.595
-563.609
-483.629
-417.396
-399.275
-428.018
-451.762
-423.019
-348.038
-269.933
-226.193
-232.442
-276.806
-299.925
-266.183
-190.577
-128.718
-138.715
-199.95
-244.939
-233.692
-176.206
-116.221
-98.7253
-134.966
-185.579
-204.949
-173.082
-102.474
-29.9925
-8.12297
-58.1105
-119.345
-123.094
-44.3639
54.9863
75.6061
21.2447
-30.6173
-28.118
28.118
103.724
148.088
140.59
108.098
94.3514
115.596
170.582
229.318
252.437
209.323
141.215
140.59
218.07
303.674
310.547
239.315
186.828
217.446
332.417
471.132
519.87
443.014
373.032
427.393
572.357
703.574
762.309
764.809
772.307
782.929
787.928
856.036
995.376
1122.84
1139.09
1049.74
977.256
1037.87
1197.83
1293.43
1244.06
1122.84
1022.87
982.254
997.876
1029.74
1016
897.276
686.703
499.25
458.635
502.999
476.131
328.668
123.094
-33.1167
-101.225
-138.715
-194.326
-278.68
-386.778
-523.619
-647.338
-694.826
-684.829
-669.833
-717.946
-840.415
-957.261
-995.376
-963.509
-911.647
-894.151
-956.011
-1064.73
-1138.47
-1122.84
-1045.36
-992.877
-1031.62
-1129.72
-1187.83
-1156.59
-1075.36
-1013.5
-1017.87
-1064.11
-1090.35
-1063.48
-978.505
-887.903
-836.041
-821.67
-809.798
-769.808
-696.701
-609.223
-524.869
-450.512
-414.271
-411.772
-388.028
-304.299
-188.703
-113.097
-110.597
-139.34
-123.719
-56.8608
14.9963
53.7366
48.7378
26.8683
19.3702
35.6161
64.9838
100.6
123.719
118.72
101.225
104.974
155.586
236.191
293.052
296.176
279.305
289.928
355.536
457.386
550.487
593.602
576.106
561.735
619.22
747.313
860.41
884.779
853.537
847.913
888.528
934.141
951.637
952.262
941.64
901.025
850.412
812.922
786.678
769.183
736.691
666.083
577.981
513.622
479.255
463.009
434.266
367.408
281.18
199.95
169.958
236.191
307.423
248.063
87.4781
12.4969
107.473
256.186
303.674
236.191
181.205
196.201
214.321
231.817
289.928
366.158
384.279
321.795
246.188
245.564
326.793
379.28
339.915
249.938
158.085
96.2259
76.8558
67.4831
39.99
-21.2447
-140.59
-279.305
-361.785
-368.658
-361.785
-418.02
-542.989
-671.707
-736.691
-746.688
-762.309
-802.299
-849.163
-912.272
-976.631
-1001.62
-975.381
-917.896
-892.902
-932.892
-972.882
-952.887
-890.402
-831.667
-796.051
-783.554
-774.181
-744.189
-702.949
-652.962
-596.101
-547.363
-517.371
-493.002
-454.261
-390.527
-311.172
-249.938
-219.32
-194.951
-146.213
-78.7303
3.74906
96.8508
153.712
156.211
154.336
196.201
281.805
363.034
378.03
356.786
364.909
384.904
409.273
443.014
476.131
498.625
476.131
423.644
398.65
428.643
468.633
464.259
415.521
354.286
309.923
289.928
295.551
304.924
294.301
248.063
184.954
146.213
161.835
208.073
228.068
199.95
124.344
74.9813
103.099
164.334
201.825
185.579
130.592
83.1042
84.3539
127.468
184.329
209.323
167.458
96.8508
54.3614
69.3577
118.72
156.836
143.089
82.4794
4.99875
-43.7391
-40.6148
-13.7466
-6.24844
-33.1167
-86.8533
-130.592
-141.215
-133.717
-127.468
-151.212
-190.577
-209.948
-174.956
-81.8545
-29.9925
-113.097
-231.192
-220.57
-89.9775
35.6161
54.3614
3.12422
-6.24844
28.118
46.2384
71.857
172.457
302.424
345.539
276.181
213.072
270.557
412.397
503.624
492.377
444.264
407.398
386.153
384.904
423.644
483.629
491.127
388.028
239.315
190.577
266.808
346.788
322.419
185.579
49.9875
6.87328
36.8658
60.6098
45.6136
-3.74906
-102.474
-216.821
-266.808
-222.444
-150.587
-148.713
-263.059
-401.15
-439.265
-386.778
-325.544
-319.92
-378.655
-458.01
-512.997
-530.492
-504.874
-463.634
-462.384
-523.619
-608.598
-661.085
-632.967
-562.984
-536.116
-578.605
-639.215
-659.21
-646.088
-614.221
-566.108
-527.368
-519.87
-542.364
-565.484
-531.742
-449.263
-389.903
-365.534
-343.039
-315.546
-296.801
-271.182
-214.946
-133.717
-76.2309
-76.2309
-93.7266
-68.7328
-1.24969
61.2347
94.3514
105.599
110.597
118.095
137.466
183.079
244.314
276.806
269.308
249.938
255.561
297.426
348.663
371.782
365.534
361.785
371.782
384.904
401.15
422.394
448.013
465.509
468.008
458.635
458.01
488.003
530.492
552.987
544.239
521.745
526.743
569.233
595.476
577.356
547.988
544.239
569.858
588.603
571.107
539.24
511.747
475.506
460.51
473.007
466.133
432.392
399.9
376.781
331.167
248.688
197.451
287.428
436.141
400.525
156.211
-13.7466
92.4769
311.172
373.657
237.441
103.099
101.85
126.843
103.724
129.343
236.816
284.929
176.831
-8.74781
-89.9775
6.24844
139.965
146.838
20.6198
-141.215
-259.935
-292.427
-256.811
-218.07
-229.943
-337.416
-536.116
-696.076
-686.703
-562.359
-502.374
-611.097
-814.796
-926.018
-882.279
-807.923
-778.555
-776.056
-812.297
-894.776
-961.01
-934.766
-805.424
-687.328
-709.198
-822.294
-880.405
-828.543
-714.196
-627.968
-624.844
-671.707
-712.322
-711.072
-659.835
-567.983
-482.379
-461.135
-502.999
-550.487
-522.369
-400.525
-266.808
-199.95
-201.2
-215.571
-189.328
-104.974
7.49813
118.095
198.075
236.816
249.938
262.434
323.044
426.143
531.117
593.602
585.479
556.736
595.476
688.578
751.062
762.309
737.316
719.82
737.941
751.687
744.814
747.313
741.065
710.447
686.078
676.706
674.206
656.711
614.221
576.106
565.484
571.107
559.235
537.991
514.871
494.251
476.756
463.009
448.638
431.142
414.271
392.402
363.659
333.667
317.421
301.175
268.058
223.694
197.451
199.95
178.705
111.847
57.4856
66.8583
90.6023
48.113
-48.7378
-114.346
-104.974
-89.9775
-133.717
-195.576
-232.442
-262.434
-278.68
-282.429
-291.802
-320.545
-353.662
-379.28
-413.647
-471.757
-482.379
-345.539
-205.574
-301.8
-571.732
-684.829
-491.127
-224.944
-171.207
-304.299
-381.155
-336.791
-334.916
-376.781
-289.303
-86.8533
-10.6223
-162.459
-361.16
-352.412
-137.466
32.4919
23.7441
-70.6073
-143.714
-178.705
-165.584
-114.346
-24.3689
50.6123
-14.9963
-199.325
-308.048
-225.569
-45.6136
35.6161
-81.2297
-267.433
-327.418
-252.437
-164.334
-120.595
-121.22
-178.08
-289.928
-383.654
-359.285
-219.32
-103.724
-138.715
-279.305
-377.406
-353.037
-238.69
-124.344
-93.1017
-146.213
-223.069
-254.936
-189.953
-53.7366
48.7378
53.1117
-8.12297
-55.6111
-8.74781
126.218
246.813
279.305
247.438
225.569
257.436
341.165
431.767
485.504
494.251
471.757
473.007
518.62
565.484
592.977
606.723
604.849
576.731
529.868
511.747
551.112
579.855
529.868
438.015
387.403
381.155
360.535
298.05
235.566
205.574
169.333
93.7266
9.9975
-34.9913
-41.8645
-59.3602
-106.223
-158.085
-194.951
-211.197
-218.07
-226.818
-233.692
-236.191
-253.062
-269.933
-267.433
-248.688
-216.821
-208.073
-218.07
-208.073
-168.083
-129.968
-116.221
-113.722
-94.9763
-61.2347
-43.1142
-52.4869
-58.1105
-38.1155
-9.37266
1.24969
-8.12297
-19.3702
-8.12297
28.118
43.7391
11.2472
-34.9913
-46.8633
-21.8695
-6.24844
-38.7403
-96.8508
-133.717
-146.213
-132.467
-102.474
-87.4781
-118.72
-181.205
-209.948
-166.833
-99.3502
-83.1042
-106.223
-118.095
-109.973
-116.846
-129.343
-89.3527
-7.49813
48.113
28.118
-18.1205
-11.2472
62.4844
141.215
176.831
162.459
114.971
84.3539
91.852
126.218
173.707
196.826
161.21
83.7291
21.2447
36.2409
111.847
159.335
119.345
29.9925
-33.1167
-29.9925
6.24844
33.1167
29.3677
-11.872
-69.9825
-119.345
-126.218
-85.6036
-44.9888
-55.6111
-109.973
-153.712
-144.964
-100.6
-71.857
-78.7303
-109.973
-138.715
-141.84
-118.72
-82.4794
-53.1117
-57.4856
-91.852
-104.974
-68.7328
-16.2459
1.87453
-17.4956
-42.4894
-36.2409
0
38.7403
58.1105
53.7366
37.4906
34.3664
74.3564
129.343
149.963
123.094
89.9775
98.7253
146.838
177.456
154.336
114.346
97.4756
96.8508
92.4769
80.6048
76.2309
78.7303
69.9825
46.8633
28.118
30.6173
41.8645
33.1167
13.1217
-3.12422
-9.37266
-8.12297
-14.9963
-9.37266
17.4956
23.7441
-4.37391
-28.7428
-13.7466
34.3664
69.9825
58.1105
27.4931
16.8708
24.9938
26.2434
15.6211
16.2459
24.3689
17.4956
-8.74781
-37.4906
-51.2372
-44.3639
-49.3627
-84.9788
-127.468
-156.211
-146.838
-136.216
-173.082
-244.314
-297.426
-313.672
-273.057
-164.959
-73.1067
-128.718
-320.545
-405.524
-244.939
-3.12422
72.4819
-41.2397
-125.594
-74.3564
-19.3702
-22.4944
36.8658
197.451
309.923
242.439
99.3502
97.4756
264.309
423.019
438.64
356.161
278.055
241.815
245.564
277.431
328.043
371.782
323.044
160.585
23.7441
51.862
199.325
281.18
171.832
-35.6161
-138.715
-93.7266
-19.3702
4.37391
-18.7453
-89.3527
-197.451
-294.301
-286.803
-166.833
-68.108
-112.472
-253.687
-343.664
-308.048
-199.325
-113.097
-113.722
-183.079
-256.186
-285.554
-242.439
-141.215
-69.9825
-82.4794
-158.085
-223.694
-192.452
-74.9813
21.8695
21.2447
-33.7416
-58.1105
-31.2422
17.4956
66.2334
111.222
129.968
96.8508
42.4894
39.3652
103.099
168.708
181.205
143.089
99.975
86.2284
95.6011
122.469
151.837
156.211
117.471
54.3614
16.8708
29.3677
72.4819
96.8508
68.7328
19.995
-4.37391
5.62359
38.1155
63.1092
84.9788
107.473
97.4756
56.8608
48.113
99.975
174.956
199.95
153.712
111.847
132.467
177.456
199.325
190.577
189.328
192.452
171.207
137.466
119.97
136.841
154.336
134.341
81.8545
34.9913
13.7466
1.87453
-14.9963
-39.3652
-56.8608
-75.6061
-114.971
-161.835
-181.205
-164.959
-155.586
-189.953
-244.314
-266.183
-251.812
-239.94
-248.688
-273.682
-296.176
-313.047
-323.044
-313.047
-292.427
-287.428
-315.546
-356.161
-362.409
-330.542
-300.55
-297.426
-316.796
-334.916
-332.417
-316.796
-296.176
-269.308
-232.442
-201.825
-199.325
-201.825
-174.331
-119.345
-61.2347
-31.867
-27.4931
-6.24844
48.113
104.974
144.339
173.707
206.198
250.562
290.552
320.545
352.412
373.657
387.403
398.65
416.771
441.14
459.26
456.136
437.391
427.393
434.891
446.763
446.138
426.143
398.65
371.782
358.66
354.911
343.039
317.421
276.806
236.816
218.07
213.697
209.323
184.329
138.715
105.599
89.9775
89.9775
91.2272
73.1067
43.7391
14.9963
-0.624844
0
7.49813
8.12297
-4.99875
-26.8683
-51.2372
-60.6098
-58.1105
-57.4856
-67.4831
-91.852
-120.595
-139.965
-153.087
-165.584
-181.205
-204.324
-230.567
-256.186
-280.555
-296.801
-305.549
-307.423
-314.296
-334.291
-360.535
-378.03
-372.407
-361.16
-359.285
-373.657
-391.152
-395.526
-387.403
-364.909
-331.792
-308.673
-304.924
-309.923
-303.049
-269.933
-221.82
-193.077
-191.202
-200.575
-198.7
-181.83
-146.213
-103.724
-77.4806
-81.2297
-104.974
-107.473
-82.4794
-45.6136
-22.4944
-34.9913
-58.7353
-68.7328
-65.6086
-52.4869
-28.7428
5.62359
36.2409
34.9913
7.49813
3.12422
39.3652
98.1005
148.088
161.835
159.96
168.083
178.705
205.574
259.31
313.047
344.289
336.166
315.546
327.418
379.28
434.891
463.634
458.635
438.64
425.519
427.393
450.512
478.63
484.254
453.637
399.275
358.66
359.91
383.029
393.027
366.158
310.547
261.81
243.064
244.939
255.561
251.187
220.57
169.333
117.471
94.3514
104.974
114.971
89.9775
33.7416
-18.7453
-39.99
-36.8658
-31.2422
-44.3639
-81.2297
-125.594
-163.709
-191.202
-197.451
-198.075
-214.321
-247.438
-293.677
-333.042
-344.914
-339.915
-332.417
-328.668
-333.667
-348.038
-366.158
-371.782
-349.288
-309.923
-282.429
-286.803
-303.049
-302.424
-289.303
-269.933
-239.315
-201.825
-175.581
-171.207
-186.203
-190.577
-166.833
-135.591
-121.22
-120.595
-132.467
-143.089
-140.59
-129.968
-114.971
-101.85
-105.599
-128.093
-143.089
-143.714
-126.843
-107.473
-106.848
-121.845
-131.217
-125.594
-99.3502
-69.3577
-53.1117
-59.985
-79.3552
-89.3527
-70.6073
-22.4944
23.7441
40.6148
31.867
24.9938
45.6136
90.6023
131.217
151.212
156.211
149.963
141.215
143.089
159.335
181.205
182.454
168.083
166.833
193.702
218.695
220.57
205.574
188.703
188.078
207.448
239.94
260.56
246.188
201.825
172.457
186.203
223.069
256.186
268.683
253.062
219.32
193.077
205.574
248.063
288.053
288.053
247.438
208.073
184.329
188.703
213.072
223.694
199.95
149.963
102.474
78.1055
86.2284
97.4756
85.6036
48.7378
-3.74906
-45.6136
-51.2372
-38.7403
-43.7391
-76.2309
-127.468
-167.458
-171.207
-153.087
-136.216
-142.464
-171.207
-205.574
-216.196
-190.577
-158.085
-138.715
-151.212
-183.079
-196.826
-182.454
-156.836
-134.341
-132.467
-145.589
-157.461
-159.335
-148.088
-124.969
-107.473
-109.348
-124.344
-134.341
-127.468
-109.348
-98.1005
-103.724
-111.222
-111.847
-106.848
-95.6011
-83.7291
-71.2322
-61.2347
-56.8608
-61.8595
-58.1105
-38.1155
-16.8708
-5.62359
-1.24969
2.49938
12.4969
29.9925
41.8645
51.2372
60.6098
63.1092
57.4856
51.862
54.3614
67.4831
83.1042
90.6023
88.7278
85.6036
79.98
77.4806
81.2297
90.6023
90.6023
68.108
31.867
18.1205
31.2422
50.6123
48.113
14.3714
-14.9963
-29.3677
-37.4906
-39.3652
-41.2397
-47.4881
-59.985
-88.7278
-114.346
-113.722
-93.1017
-79.3552
-89.3527
-119.345
-144.964
-144.964
-132.467
-123.094
-115.596
-119.97
-133.092
-145.589
-149.338
-130.592
-101.85
-89.9775
-103.724
-123.094
-122.469
-103.724
-78.7303
-57.4856
-46.2384
-42.4894
-41.8645
-41.8645
-26.2434
3.12422
26.8683
32.4919
19.995
4.99875
11.2472
41.2397
77.4806
101.225
106.223
94.9763
96.8508
116.846
144.339
174.956
193.077
191.827
181.83
178.705
196.201
234.941
273.682
294.301
294.926
286.803
284.304
303.049
338.04
368.033
380.53
370.532
358.66
363.659
388.653
418.02
430.517
417.396
389.903
367.408
363.659
369.908
367.408
345.539
303.049
252.437
208.073
185.579
174.331
158.085
119.345
55.6111
-8.12297
-48.113
-66.8583
-76.8558
-94.9763
-132.467
-181.83
-230.567
-259.935
-268.058
-274.306
-294.301
-330.542
-372.407
-403.024
-415.521
-421.145
-428.643
-444.889
-476.131
-506.123
-517.996
-514.871
-506.123
-506.748
-523.619
-543.614
-555.486
-555.486
-541.115
-520.495
-509.873
-516.121
-529.243
-527.368
-506.123
-472.382
-443.014
-424.269
-409.898
-397.401
-378.655
-347.413
-299.3
-256.186
-227.443
-207.448
-183.704
-146.838
-100.6
-53.1117
-12.4969
19.3702
39.99
61.2347
93.7266
136.841
178.08
205.574
224.319
236.816
247.438
265.559
298.05
331.167
348.038
344.914
341.79
345.539
359.285
371.782
382.404
393.652
400.525
399.275
403.024
419.27
436.141
443.639
440.515
439.265
442.389
448.013
454.261
459.26
461.135
462.384
460.51
456.136
461.135
469.258
477.381
481.755
473.632
458.01
449.888
448.638
447.388
438.015
420.52
400.525
375.531
351.162
329.918
307.423
283.054
254.311
218.695
184.329
157.461
127.468
88.7278
40.6148
-8.12297
-51.2372
-89.9775
-133.092
-177.456
-217.446
-258.06
-302.424
-348.038
-379.905
-405.524
-438.015
-469.258
-498.625
-522.369
-539.24
-560.485
-584.229
-602.974
-614.221
-614.846
-611.097
-615.471
-621.72
-630.467
-628.593
-613.597
-602.974
-592.977
-580.48
-567.983
-554.236
-536.116
-517.371
-493.627
-466.133
-439.265
-411.147
-383.654
-354.286
-315.546
-278.68
-235.566
-198.075
-168.083
-133.092
-98.1005
-52.4869
0
43.1142
70.6073
94.9763
122.469
161.835
205.574
242.439
274.306
295.551
308.673
323.669
338.04
353.037
367.408
374.906
379.28
376.156
373.657
375.531
375.531
368.033
349.913
343.664
346.163
348.038
336.166
319.92
301.8
286.803
280.555
273.057
264.309
248.688
224.944
209.948
199.325
189.953
176.831
158.71
147.463
131.842
118.095
107.473
93.7266
76.2309
56.8608
39.3652
26.8683
21.8695
9.9975
0
-4.99875
-15.6211
-20.6198
-25.6186
-34.3664
-38.7403
-39.99
-38.7403
-32.4919
-28.7428
-26.2434
-25.6186
-24.3689
-19.3702
-9.37266
-1.24969
2.49938
0.624844
-5.62359
-5.62359
-6.87328
-8.74781
-10.6223
-16.8708
-23.7441
-30.6173
-39.3652
-41.8645
-42.4894
-49.9875
-56.8608
-64.9838
-70.6073
-73.7316
-79.3552
-89.9775
-95.6011
-99.3502
-99.3502
-95.6011
-92.4769
-87.4781
-84.3539
-82.4794
-74.3564
-61.8595
-50.6123
-41.2397
-37.4906
-34.3664
-24.3689
-10.6223
0.624844
9.37266
11.872
18.1205
31.2422
41.2397
48.113
53.7366
58.7353
61.8595
64.3589
64.3589
69.3577
77.4806
76.8558
69.3577
64.3589
61.2347
56.8608
53.7366
43.1142
28.118
19.3702
12.4969
4.99875
-6.87328
-26.2434
-41.2397
-53.7366
-69.3577
-85.6036
-104.974
-122.469
-139.965
-163.084
-183.704
-199.325
-214.321
-228.068
-241.19
-263.684
-278.68
-288.053
-296.801
-301.175
-309.298
-317.421
-318.045
-318.67
-318.67
-314.921
-307.423
-296.176
-284.929
-273.057
-261.185
-247.438
-227.443
-206.198
-184.329
-159.96
-140.59
-121.22
-97.4756
-74.3564
-49.3627
-21.8695
9.37266
37.4906
61.8595
83.7291
107.473
136.841
159.96
178.08
192.452
211.197
234.941
249.313
254.936
259.31
273.682
294.301
306.798
307.423
301.8
297.426
306.798
323.044
331.167
331.792
336.166
339.29
338.04
336.166
340.54
364.284
386.153
375.531
346.788
336.791
354.911
384.279
391.152
373.657
367.408
374.281
368.658
348.663
339.915
345.539
351.162
333.667
291.802
267.433
274.931
277.431
254.311
214.321
176.831
154.336
131.842
94.3514
63.7341
48.113
23.7441
-17.4956
-60.6098
-89.9775
-98.7253
-111.222
-148.088
-190.577
-214.946
-221.195
-227.443
-241.19
-261.81
-284.304
-304.299
-323.044
-332.417
-324.919
-322.419
-341.165
-375.531
-403.024
-414.271
-416.771
-421.77
-434.891
-452.387
-469.883
-486.753
-497.376
-498.625
-496.751
-501.75
-509.873
-511.122
-505.499
-499.25
-494.251
-491.127
-488.628
-481.13
-469.883
-452.387
-431.142
-408.023
-386.778
-371.157
-359.285
-335.541
-299.925
-260.56
-220.57
-183.079
-157.461
-140.59
-112.472
-67.4831
-16.2459
28.118
54.9863
72.4819
89.9775
114.346
145.589
192.452
240.565
264.309
266.183
268.058
287.428
324.294
363.034
383.654
383.029
381.78
391.777
409.898
436.141
457.386
459.26
445.514
428.018
425.519
435.516
446.138
436.141
406.773
370.532
348.663
350.537
351.162
338.04
314.296
274.931
237.441
224.944
231.192
246.188
246.813
212.447
167.458
140.59
141.84
166.208
188.703
183.079
150.587
106.848
85.6036
102.474
119.97
137.466
172.457
173.082
94.3514
13.1217
23.7441
120.595
201.2
166.833
81.2297
49.3627
55.6111
55.6111
79.3552
143.714
192.452
171.207
78.1055
18.7453
73.1067
167.458
214.321
199.95
137.466
79.98
64.3589
71.2322
103.099
139.965
121.22
41.2397
-49.9875
-104.349
-76.2309
-20.6198
-33.7416
-123.719
-223.694
-267.433
-249.938
-231.817
-247.438
-283.054
-339.29
-401.15
-436.766
-429.268
-398.025
-394.901
-450.512
-525.494
-561.735
-547.363
-509.873
-498
-527.993
-574.231
-609.223
-614.846
-602.974
-582.979
-571.107
-579.23
-608.598
-632.342
-619.845
-577.356
-540.49
-530.492
-533.617
-522.369
-488.628
-443.639
-396.151
-351.787
-321.17
-293.677
-249.313
-196.201
-141.215
-95.6011
-59.3602
-24.3689
13.7466
61.2347
119.97
174.331
202.449
221.82
249.938
291.177
336.166
368.658
389.278
400.525
409.898
423.644
445.514
470.507
489.878
497.376
494.876
493.002
502.999
526.118
542.364
539.865
525.494
514.871
519.87
529.868
531.742
526.743
516.746
498
471.757
456.761
459.26
472.382
469.883
439.89
403.024
381.155
378.03
383.654
379.905
354.286
318.67
286.803
262.434
249.313
237.441
220.57
192.452
157.461
128.093
113.097
111.847
108.723
91.2272
59.985
31.867
13.1217
1.87453
-8.74781
-26.2434
-54.3614
-84.3539
-111.222
-125.594
-133.717
-138.715
-149.338
-159.96
-166.833
-172.457
-177.456
-185.579
-183.079
-179.33
-186.828
-213.072
-240.565
-249.313
-245.564
-247.438
-268.683
-291.802
-303.674
-304.299
-307.423
-310.547
-313.047
-319.92
-332.417
-351.162
-365.534
-367.408
-367.408
-369.283
-379.905
-397.401
-409.273
-419.27
-430.517
-437.391
-433.642
-429.268
-436.766
-447.388
-447.388
-429.268
-407.398
-397.401
-409.898
-425.519
-426.768
-410.522
-384.904
-357.411
-334.291
-326.168
-324.919
-317.421
-284.929
-235.566
-188.703
-158.71
-141.84
-121.22
-89.3527
-46.8633
-1.24969
39.99
78.7303
119.345
157.461
197.451
240.565
282.429
315.546
331.167
339.29
358.66
390.527
431.142
463.009
474.256
478.005
474.881
483.629
506.123
527.993
541.115
547.988
541.74
524.869
513.622
507.373
509.248
516.121
516.746
504.249
486.128
469.258
452.387
431.767
416.771
410.522
402.399
386.778
356.786
318.045
283.679
255.561
228.068
210.572
198.075
182.454
159.335
121.845
84.3539
63.7341
53.7366
39.99
14.9963
-16.8708
-49.3627
-85.6036
-119.97
-141.84
-143.714
-137.466
-146.838
-182.454
-231.817
-272.432
-292.427
-292.427
-296.176
-308.048
-333.667
-368.033
-398.025
-414.271
-403.024
-379.905
-366.158
-371.782
-388.653
-393.027
-376.781
-354.911
-332.417
-309.298
-288.053
-274.306
-278.055
-284.929
-271.807
-238.69
-207.448
-181.205
-169.333
-169.333
-166.208
-154.336
-129.343
-97.4756
-68.7328
-49.9875
-42.4894
-42.4894
-39.99
-26.8683
-1.87453
24.9938
39.99
46.8633
51.862
54.9863
63.7341
81.8545
105.599
121.845
116.221
97.4756
88.7278
95.6011
107.473
118.095
114.971
98.1005
83.7291
68.7328
60.6098
63.7341
76.8558
89.9775
91.2272
73.7316
53.7366
45.6136
49.9875
59.985
64.3589
63.7341
66.2334
65.6086
66.8583
70.6073
69.3577
64.9838
56.2359
51.2372
58.7353
73.7316
93.1017
106.848
101.225
83.7291
63.1092
43.7391
41.8645
54.9863
64.3589
66.2334
50.6123
18.1205
-2.49938
-5.62359
6.24844
18.7453
11.2472
-11.872
-41.8645
-62.4844
-73.7316
-83.1042
-88.7278
-98.1005
-118.72
-138.715
-146.838
-145.589
-129.968
-115.596
-116.846
-117.471
-117.471
-123.094
-123.094
-118.72
-109.973
-86.8533
-62.4844
-43.7391
-18.1205
7.49813
29.3677
49.3627
69.9825
92.4769
116.221
134.966
143.714
150.587
161.835
173.082
181.83
186.203
186.828
189.953
197.451
196.826
188.703
178.705
169.333
168.083
168.708
164.959
158.71
152.462
138.715
124.969
121.845
128.718
138.09
147.463
147.463
140.59
136.216
128.718
119.97
118.095
123.094
121.845
108.723
88.103
68.7328
59.3602
49.3627
36.2409
27.4931
19.995
6.87328
-5.62359
-23.1192
-36.2409
-42.4894
-50.6123
-61.2347
-70.6073
-77.4806
-88.7278
-108.723
-131.842
-154.961
-173.082
-193.702
-210.572
-219.32
-232.442
-258.685
-293.677
-331.167
-366.158
-388.653
-403.649
-416.771
-431.142
-441.765
-448.638
-449.888
-439.89
-425.519
-409.273
-397.401
-395.526
-389.903
-369.283
-338.665
-303.049
-281.18
-274.931
-268.058
-251.187
-221.195
-183.704
-144.964
-106.848
-77.4806
-58.7353
-38.1155
-3.74906
46.2384
89.3527
113.722
129.343
143.089
165.584
201.825
235.566
257.436
270.557
270.557
276.806
301.8
338.04
366.783
373.657
369.908
373.032
389.903
414.896
439.265
458.01
464.884
459.885
455.511
461.76
474.256
483.004
477.381
461.76
449.263
438.015
424.894
408.648
386.778
359.285
321.795
283.679
254.311
238.065
223.069
202.449
178.08
146.213
116.221
90.6023
71.2322
50.6123
24.3689
-5.62359
-41.2397
-70.6073
-89.3527
-99.3502
-113.097
-133.092
-156.836
-179.955
-193.702
-199.95
-203.074
-211.197
-228.693
-254.311
-281.18
-299.3
-304.299
-305.549
-318.045
-340.54
-365.534
-381.78
-384.279
-381.155
-378.03
-378.03
-383.654
-390.527
-393.027
-384.904
-361.16
-339.915
-336.166
-343.039
-342.414
-325.544
-295.551
-266.183
-243.689
-227.443
-219.945
-209.323
-186.828
-151.212
-114.346
-92.4769
-83.7291
-82.4794
-73.1067
-44.3639
-9.37266
14.9963
26.2434
26.8683
29.3677
48.113
76.2309
106.848
130.592
144.964
150.587
152.462
166.833
194.951
216.196
221.82
217.446
213.072
219.945
230.567
244.314
251.812
249.313
239.94
218.695
199.95
193.077
191.827
181.83
166.208
139.965
109.973
94.3514
91.2272
89.9775
83.7291
69.9825
53.7366
43.1142
36.2409
36.8658
45.6136
46.8633
35.6161
19.995
11.872
16.8708
28.7428
34.3664
29.3677
18.1205
9.9975
7.49813
11.872
21.8695
28.118
29.3677
28.118
23.7441
31.867
54.3614
78.1055
96.2259
106.848
109.348
112.472
114.346
109.973
102.474
90.6023
74.9813
54.9863
36.2409
29.9925
31.2422
30.6173
23.1192
9.37266
-1.24969
0
0.624844
-1.87453
-9.37266
-22.4944
-31.867
-39.3652
-46.8633
-52.4869
-54.9863
-64.9838
-79.3552
-96.8508
-116.221
-124.344
-127.468
-133.717
-135.591
-134.341
-132.467
-128.093
-117.471
-105.599
-89.9775
-75.6061
-71.2322
-70.6073
-69.3577
-64.3589
-58.1105
-53.7366
-48.113
-42.4894
-34.3664
-26.8683
-24.3689
-15.6211
-5.62359
0
1.87453
0.624844
4.37391
18.7453
33.1167
44.9888
51.862
51.2372
47.4881
43.1142
36.8658
36.8658
38.1155
33.1167
20.6198
6.24844
-0.624844
-3.12422
-6.87328
-14.3714
-23.7441
-36.8658
-53.1117
-69.9825
-83.7291
-91.852
-100.6
-111.847
-128.718
-146.838
-157.461
-157.461
-153.712
-153.087
-153.087
-154.336
-152.462
-148.713
-138.09
-121.845
-106.223
-92.4769
-87.4781
-85.6036
-77.4806
-63.1092
-46.2384
-30.6173
-18.1205
-4.37391
11.2472
30.6173
50.6123
71.2322
87.4781
99.3502
105.599
114.971
127.468
140.59
151.212
153.087
149.338
142.464
142.464
153.712
169.333
183.704
190.577
188.703
193.702
209.323
234.316
259.31
279.93
288.053
289.303
293.677
299.925
306.798
309.298
298.05
281.18
258.685
238.69
230.567
228.693
223.694
207.448
182.454
158.085
144.964
143.089
144.339
134.966
112.472
82.4794
54.3614
38.7403
31.867
24.9938
9.37266
-18.1205
-52.4869
-79.3552
-92.4769
-98.1005
-104.349
-123.719
-154.961
-186.828
-214.321
-231.817
-244.314
-258.685
-279.305
-304.924
-328.043
-346.163
-355.536
-362.409
-374.281
-391.777
-409.273
-420.52
-418.02
-409.273
-407.398
-414.896
-424.894
-437.391
-437.391
-423.019
-404.899
-388.653
-380.53
-375.531
-365.534
-345.539
-316.796
-284.304
-253.687
-230.567
-213.072
-193.077
-165.584
-131.842
-95.6011
-66.2334
-43.1142
-25.6186
-9.37266
6.87328
25.6186
48.113
72.4819
100.6
124.344
148.713
178.08
206.198
234.941
256.811
274.306
290.552
304.924
319.295
330.542
336.791
339.29
344.914
346.163
350.537
358.66
366.158
371.157
368.658
366.158
371.157
380.53
391.152
396.776
393.027
382.404
373.657
359.91
346.788
334.291
321.17
309.923
296.176
279.93
262.434
243.689
231.192
222.444
214.321
204.949
189.953
174.331
157.461
138.09
116.221
101.225
88.103
68.7328
44.3639
17.4956
-4.99875
-25.6186
-47.4881
-66.2334
-83.1042
-103.099
-121.845
-139.34
-154.336
-164.959
-176.206
-187.453
-202.449
-217.446
-232.442
-247.438
-262.434
-278.68
-291.802
-302.424
-310.547
-317.421
-326.793
-330.542
-332.417
-335.541
-336.791
-336.166
-335.541
-331.792
-333.667
-338.04
-341.165
-341.79
-342.414
-341.165
-335.541
-330.542
-323.669
-314.921
-308.048
-291.802
-270.557
-250.562
-233.067
-217.446
-192.452
-169.958
-149.963
-131.217
-116.846
-101.85
-83.1042
-66.8583
-51.862
-36.8658
-21.8695
-8.12297
10.6223
29.3677
50.6123
77.4806
98.1005
111.222
120.595
134.966
156.211
174.331
183.079
193.077
201.825
208.073
214.946
225.569
235.566
244.314
253.687
256.186
264.934
278.68
285.554
295.551
301.175
301.175
303.674
304.924
304.299
299.925
296.176
288.678
283.054
281.18
269.308
262.434
259.31
251.187
244.314
233.067
218.07
203.074
186.828
169.958
159.335
143.089
126.843
111.847
94.9763
79.98
67.4831
55.6111
43.7391
29.3677
15.6211
1.87453
-11.2472
-23.1192
-36.2409
-53.7366
-64.9838
-79.3552
-96.8508
-114.346
-132.467
-147.463
-163.084
-178.705
-189.953
-197.451
-200.575
-198.075
-192.452
-191.827
-189.328
-185.579
-178.08
-169.333
-166.833
-165.584
-163.084
-160.585
-155.586
-152.462
-151.212
-144.339
-136.841
-128.093
-116.846
-110.597
-103.099
-92.4769
-81.2297
-66.2334
-49.9875
-39.3652
-31.867
-23.7441
-19.3702
-11.2472
-4.37391
-4.37391
-1.87453
1.24969
3.74906
4.37391
0.624844
0.624844
3.12422
4.37391
7.49813
9.37266
9.37266
9.9975
10.6223
7.49813
1.87453
-9.37266
-21.8695
-26.2434
-28.118
-30.6173
-31.867
-29.9925
-24.9938
-21.8695
-21.8695
-27.4931
-36.2409
-44.3639
-54.3614
-63.1092
-66.8583
-69.9825
-73.1067
-69.3577
-64.9838
-64.3589
-56.8608
-46.2384
-36.8658
-27.4931
-16.2459
-2.49938
9.37266
15.6211
16.8708
22.4944
28.118
29.9925
31.2422
29.3677
29.9925
35.6161
44.9888
54.9863
69.9825
84.3539
96.8508
112.472
126.218
133.717
141.84
146.838
148.713
144.964
138.09
131.842
131.217
126.218
118.095
114.971
113.722
116.221
115.596
109.973
101.85
94.3514
90.6023
86.8533
86.8533
86.2284
84.9788
84.3539
75.6061
61.2347
47.4881
38.7403
33.1167
26.2434
17.4956
8.74781
9.37266
12.4969
11.872
8.12297
3.74906
-4.37391
-9.37266
-14.3714
-22.4944
-26.8683
-28.7428
-31.2422
-30.6173
-31.867
-31.867
-27.4931
-24.3689
-26.2434
-31.2422
-34.3664
-33.1167
-26.2434
-22.4944
-17.4956
-17.4956
-18.1205
-15.6211
-16.2459
-19.995
-31.867
-43.1142
-56.2359
-73.7316
-93.1017
-107.473
-111.222
-109.348
-108.098
-106.848
-104.974
-101.225
-96.2259
-88.103
-84.9788
-84.3539
-86.2284
-91.852
-98.7253
-105.599
-118.095
-133.092
-144.339
-154.961
-164.959
-173.082
-175.581
-177.456
-180.58
-183.704
-184.329
-175.581
-164.334
-153.712
-144.339
-134.966
-126.843
-121.845
-118.095
-115.596
-114.971
-111.847
-109.348
-106.848
-101.225
-88.7278
-71.857
-50.6123
-27.4931
-10.6223
5.62359
25.6186
43.7391
58.1105
68.108
73.1067
81.2297
95.6011
106.223
113.722
123.719
137.466
153.712
167.458
178.08
184.954
193.077
203.074
209.323
211.822
212.447
214.946
219.945
228.068
233.692
239.315
253.062
267.433
280.555
291.177
296.801
306.798
313.672
311.797
302.424
289.303
278.68
264.934
244.314
221.82
203.699
188.703
174.331
158.71
138.715
124.969
113.097
100.6
89.9775
78.1055
59.3602
38.1155
16.8708
-1.24969
-17.4956
-37.4906
-58.1105
-78.7303
-97.4756
-113.722
-126.218
-134.966
-146.838
-161.21
-179.33
-197.451
-216.196
-234.316
-244.314
-250.562
-256.186
-262.434
-264.934
-261.81
-259.935
-259.31
-263.059
-265.559
-264.309
-264.934
-265.559
-269.308
-271.182
-268.058
-260.56
-252.437
-244.314
-230.567
-209.948
-185.579
-167.458
-149.963
-133.092
-117.471
-98.7253
-79.98
-63.1092
-50.6123
-37.4906
-20.6198
-3.12422
13.7466
29.9925
43.1142
53.7366
62.4844
68.7328
73.1067
74.9813
73.7316
74.9813
77.4806
79.98
82.4794
91.2272
105.599
121.845
135.591
141.84
149.338
151.837
154.336
152.462
146.213
136.841
126.218
115.596
107.473
94.9763
79.3552
68.108
63.1092
60.6098
64.9838
67.4831
69.9825
71.2322
66.8583
56.2359
43.7391
28.118
9.9975
-3.74906
-14.3714
-23.7441
-33.1167
-42.4894
-43.7391
-41.8645
-39.99
-36.2409
-33.1167
-28.7428
-19.995
-13.7466
-15.6211
-22.4944
-28.118
-31.867
-31.2422
-28.7428
-23.1192
-15.6211
-4.99875
9.37266
23.1192
33.7416
38.1155
43.7391
49.9875
51.2372
53.7366
58.7353
60.6098
61.2347
61.8595
61.8595
61.8595
63.7341
67.4831
71.2322
74.3564
79.98
83.7291
86.8533
90.6023
93.1017
91.852
89.9775
85.6036
83.7291
85.6036
85.6036
81.8545
74.9813
62.4844
51.2372
41.2397
30.6173
20.6198
13.1217
6.24844
1.87453
-1.24969
-3.12422
-7.49813
-11.872
-16.8708
-23.7441
-29.3677
-36.8658
-40.6148
-44.3639
-52.4869
-68.108
-85.6036
-98.7253
-103.099
-104.349
-104.974
-106.223
-107.473
-106.223
-103.724
-101.225
-101.85
-104.974
-106.848
-110.597
-116.846
-116.846
-117.471
-115.596
-114.971
-120.595
-124.344
-129.343
-133.092
-134.341
-135.591
-131.842
-126.843
-124.344
-120.595
-118.72
-113.097
-106.848
-101.85
-93.1017
-86.2284
-83.1042
-82.4794
-84.9788
-88.103
-84.9788
-80.6048
-75.6061
-66.8583
-59.3602
-51.2372
-44.3639
-37.4906
-28.118
-11.2472
0.624844
13.1217
26.8683
34.9913
46.2384
51.2372
56.8608
66.2334
75.6061
89.9775
107.473
121.845
137.466
147.463
150.587
153.712
157.461
160.585
166.833
169.958
169.333
166.833
162.459
158.71
154.336
154.336
153.087
150.587
149.338
144.964
141.84
138.09
133.092
126.843
124.969
123.094
121.845
123.094
122.469
118.72
120.595
121.22
119.345
119.345
119.97
121.845
123.719
120.595
115.596
108.723
104.974
103.724
101.85
103.724
101.85
100.6
97.4756
89.9775
82.4794
73.7316
63.7341
55.6111
47.4881
38.7403
27.4931
12.4969
-1.87453
-14.3714
-30.6173
-46.2384
-58.7353
-71.2322
-84.3539
-98.7253
-114.971
-130.592
-143.089
-153.712
-162.459
-171.832
-182.454
-192.452
-202.449
-211.822
-219.945
-225.569
-228.693
-229.318
-226.193
-225.569
-229.943
-231.192
-233.692
-236.191
-231.817
-228.068
-223.069
-213.697
-207.448
-204.324
-199.95
-199.95
-196.826
-186.203
-176.831
-166.208
-156.211
-153.712
-149.963
-146.838
-145.589
-141.215
-133.092
-124.344
-113.097
-103.099
-94.9763
-87.4781
-79.3552
-70.6073
-60.6098
-46.2384
-29.9925
-13.7466
1.87453
12.4969
22.4944
31.2422
43.1142
56.8608
72.4819
92.4769
110.597
126.843
138.715
149.338
161.21
171.207
179.955
190.577
197.451
205.574
210.572
212.447
217.446
224.319
234.941
248.063
258.06
262.434
264.309
264.309
259.935
256.186
253.687
250.562
248.063
241.815
231.817
221.195
213.697
209.948
209.948
211.197
207.448
198.7
187.453
173.082
159.96
146.838
134.341
124.969
116.221
103.724
91.2272
78.1055
64.9838
58.1105
53.1117
46.8633
38.7403
26.8683
14.9963
4.37391
-8.12297
-18.7453
-26.2434
-32.4919
-42.4894
-54.9863
-68.108
-80.6048
-93.1017
-102.474
-107.473
-116.221
-128.093
-139.965
-152.462
-164.334
-173.707
-181.205
-184.954
-190.577
-196.201
-202.449
-208.073
-214.321
-218.695
-217.446
-213.697
-212.447
-212.447
-210.572
-209.948
-209.948
-206.198
-201.825
-196.826
-191.827
-188.703
-186.828
-183.704
-178.705
-169.333
-161.21
-151.837
-144.339
-138.09
-134.341
-131.842
-128.093
-122.469
-113.722
-106.223
-100.6
-94.9763
-90.6023
-87.4781
-81.2297
-72.4819
-60.6098
-48.7378
-38.7403
-31.867
-23.7441
-14.3714
-3.12422
9.9975
24.3689
38.7403
51.862
64.9838
72.4819
76.8558
80.6048
84.9788
94.9763
103.724
111.847
112.472
109.348
104.974
99.975
98.1005
99.3502
102.474
103.099
100.6
98.1005
92.4769
89.9775
91.2272
96.8508
103.099
109.348
114.971
115.596
115.596
116.846
118.095
123.719
131.217
136.841
138.09
134.341
128.093
123.094
117.471
113.097
113.097
114.346
114.971
112.472
106.848
102.474
95.6011
93.7266
97.4756
101.85
106.848
111.847
111.847
111.222
111.847
112.472
117.471
124.344
128.718
133.717
134.341
131.842
132.467
128.093
124.969
124.344
123.719
123.719
117.471
109.973
100.6
88.7278
78.1055
69.3577
61.2347
55.6111
49.9875
43.7391
34.9913
23.1192
9.9975
-4.37391
-19.3702
-28.118
-34.9913
-44.9888
-56.2359
-69.3577
-82.4794
-95.6011
-107.473
-120.595
-129.343
-138.715
-151.212
-161.21
-178.08
-193.702
-210.572
-228.068
-238.69
-245.564
-252.437
-262.434
-274.306
-283.679
-295.551
-308.673
-315.546
-320.545
-325.544
-326.793
-329.918
-328.043
-324.919
-325.544
-322.419
-319.92
-316.796
-309.298
-299.925
-291.802
-278.68
-265.559
-251.812
-234.941
-219.32
-201.825
-185.579
-168.708
-149.338
-129.968
-111.222
-90.6023
-71.2322
-51.2372
-23.1192
1.24969
24.3689
45.6136
64.3589
88.103
109.348
131.842
157.461
178.705
198.7
220.57
243.064
263.684
280.555
294.301
307.423
319.295
330.542
344.914
356.786
366.783
379.905
388.653
394.901
401.15
403.649
404.274
404.274
404.899
401.775
395.526
388.653
375.531
359.91
343.664
330.542
316.796
299.925
279.93
259.935
244.314
226.193
205.574
187.453
163.709
141.215
124.344
106.223
90.6023
74.3564
53.7366
32.4919
12.4969
-6.87328
-26.8683
-48.7378
-68.7328
-88.103
-106.848
-123.719
-139.965
-153.712
-165.584
-179.955
-190.577
-199.325
-209.948
-220.57
-229.318
-239.94
-246.813
-243.689
-243.064
-241.815
-239.94
-241.815
-238.065
-233.692
-229.318
-221.82
-216.196
-206.198
-197.451
-191.827
-184.954
-180.58
-177.456
-176.206
-174.331
-170.582
-165.584
-161.835
-158.085
-149.338
-145.589
-141.215
-133.092
-128.093
-116.846
-108.098
-101.225
-93.1017
-86.8533
-79.3552
-77.4806
-78.7303
-77.4806
-76.2309
-73.1067
-69.9825
-67.4831
-62.4844
-56.8608
-54.3614
-51.862
-47.4881
-43.7391
-41.8645
-39.3652
-38.1155
-36.2409
-34.3664
-31.867
-26.2434
-20.6198
-11.872
-4.37391
3.12422
11.2472
18.1205
22.4944
22.4944
21.8695
23.1192
29.3677
33.7416
34.9913
43.1142
49.3627
60.6098
71.857
79.3552
88.103
94.9763
102.474
112.472
119.97
125.594
132.467
134.966
136.841
134.966
133.717
135.591
137.466
142.464
146.838
153.712
159.335
165.584
168.708
169.958
173.082
175.581
176.206
174.956
172.457
169.958
166.833
159.335
153.087
145.589
136.216
129.968
123.094
119.345
116.221
113.097
107.473
98.1005
91.2272
81.2297
73.7316
66.2334
57.4856
51.862
48.113
44.3639
39.3652
32.4919
24.3689
17.4956
6.24844
-3.12422
-12.4969
-21.8695
-31.2422
-41.8645
-51.862
-61.2347
-69.3577
-76.8558
-81.2297
-85.6036
-87.4781
-87.4781
-88.103
-86.2284
-85.6036
-86.2284
-88.7278
-93.7266
-103.724
-112.472
-119.345
-124.969
-129.968
-136.841
-140.59
-139.34
-136.216
-129.968
-127.468
-126.843
-121.22
-119.345
-118.095
-117.471
-121.22
-124.969
-127.468
-128.093
-129.343
-129.968
-129.968
-129.968
-128.718
-128.093
-128.718
-129.343
-128.718
-128.093
-124.969
-120.595
-117.471
-114.971
-112.472
-109.973
-105.599
-99.3502
-92.4769
-86.8533
-81.2297
-76.8558
-74.3564
-68.7328
-63.7341
-57.4856
-53.1117
-48.7378
-42.4894
-39.99
-33.7416
-26.2434
-18.1205
-8.74781
-1.87453
8.12297
19.3702
31.2422
38.1155
42.4894
45.6136
49.3627
58.1105
66.2334
76.8558
88.103
99.3502
114.346
128.718
139.965
151.212
159.335
164.959
172.457
181.83
190.577
201.825
211.197
218.695
222.444
224.319
230.567
233.692
236.816
243.689
246.813
250.562
256.811
258.06
258.685
261.185
258.685
259.31
255.561
249.938
243.064
229.943
218.695
205.574
191.827
189.328
183.704
179.33
179.955
171.832
161.21
150.587
132.467
112.472
90.6023
68.108
49.9875
33.1167
16.2459
-1.24969
-19.995
-38.7403
-54.3614
-69.3577
-84.3539
-98.7253
-117.471
-134.966
-151.837
-173.082
-193.077
-213.697
-234.941
-249.938
-261.185
-269.308
-275.556
-284.929
-294.301
-306.173
-317.421
-324.919
-334.291
-342.414
-346.788
-351.787
-353.037
-349.913
-348.038
-342.414
-332.417
-320.545
-304.299
-289.303
-277.431
-269.308
-265.559
-261.185
-255.561
-246.813
-231.817
-214.946
-196.201
-174.956
-151.212
-128.093
-104.974
-87.4781
-73.7316
-60.6098
-46.2384
-31.2422
-14.3714
1.24969
15.6211
31.2422
44.9888
57.4856
73.1067
87.4781
100.6
115.596
129.968
143.089
156.836
169.333
175.581
182.454
190.577
196.201
205.574
215.571
219.945
222.444
223.694
224.944
228.068
229.318
228.693
231.817
229.943
225.569
223.694
220.57
218.07
217.446
215.571
214.946
214.946
213.697
207.448
201.825
192.452
186.203
184.954
184.329
184.954
185.579
182.454
180.58
180.58
176.206
173.082
168.083
161.835
153.087
142.464
133.092
120.595
110.597
97.4756
83.1042
69.9825
54.3614
39.3652
26.2434
12.4969
1.24969
-9.9975
-19.3702
-27.4931
-34.9913
-43.7391
-56.2359
-67.4831
-79.98
-92.4769
-102.474
-113.097
-123.719
-128.718
-134.966
-141.84
-149.963
-159.335
-167.458
-176.206
-183.704
-194.326
-204.324
-217.446
-230.567
-237.441
-243.064
-243.064
-238.065
-231.817
-224.944
-218.695
-212.447
-206.823
-202.449
-200.575
-197.451
-192.452
-189.328
-181.205
-176.206
-170.582
-164.959
-158.085
-151.212
-146.213
-139.34
-133.717
-126.843
-119.345
-112.472
-103.724
-93.1017
-83.1042
-72.4819
-60.6098
-53.1117
-44.3639
-36.2409
-29.3677
-23.1192
-13.7466
-4.37391
11.2472
28.118
42.4894
58.7353
71.2322
78.1055
83.7291
88.7278
91.852
93.7266
93.1017
92.4769
89.9775
86.8533
91.2272
94.9763
95.6011
99.975
101.225
104.349
113.722
122.469
130.592
134.966
143.714
151.837
153.712
154.336
154.961
149.963
141.215
135.591
131.217
124.969
123.094
121.22
118.095
113.722
113.722
116.846
115.596
111.847
114.346
114.971
114.971
115.596
113.097
109.348
101.225
93.7266
89.3527
80.6048
69.9825
59.3602
44.9888
34.3664
28.7428
28.7428
32.4919
36.8658
43.1142
48.113
51.862
52.4869
51.2372
44.3639
36.2409
30.6173
19.3702
11.2472
6.24844
-5.62359
-11.872
-16.8708
-22.4944
-26.8683
-26.8683
-24.9938
-23.7441
-24.3689
-23.7441
-23.7441
-28.118
-28.7428
-25.6186
-28.7428
-32.4919
-36.2409
-41.8645
-46.2384
-47.4881
-51.2372
-49.3627
-45.6136
-46.2384
-49.9875
-55.6111
-54.9863
-55.6111
-61.8595
-67.4831
-76.8558
-83.1042
-84.9788
-90.6023
-91.852
-94.9763
-99.3502
-102.474
-106.848
-112.472
-118.095
-123.094
-128.718
-135.591
-143.714
-148.088
-150.587
-154.336
-153.087
-156.211
-160.585
-161.21
-161.835
-162.459
-160.585
-158.71
-156.211
-154.336
-153.712
-149.963
-146.213
-141.215
-136.841
-136.216
-133.717
-128.718
-121.845
-111.847
-101.85
-93.1017
-86.2284
-81.2297
-70.6073
-59.3602
-44.9888
-29.3677
-15.6211
-1.24969
16.8708
35.6161
54.3614
77.4806
96.2259
110.597
121.845
134.341
144.964
156.211
167.458
173.707
178.08
183.704
191.202
196.201
207.448
215.571
217.446
224.944
231.192
235.566
244.314
249.938
248.688
251.812
252.437
248.063
245.564
243.689
241.19
235.566
229.318
221.82
211.822
203.074
199.95
191.202
181.83
169.958
153.712
141.84
131.217
118.72
108.098
96.8508
83.1042
72.4819
59.985
46.8633
36.8658
26.8683
18.1205
8.74781
-0.624844
-9.37266
-19.995
-30.6173
-40.6148
-54.3614
-68.108
-80.6048
-93.7266
-107.473
-123.094
-134.966
-144.339
-153.087
-161.21
-173.082
-183.704
-191.202
-196.201
-201.825
-204.949
-211.822
-216.821
-218.07
-220.57
-220.57
-223.069
-227.443
-228.693
-228.068
-224.944
-216.821
-210.572
-206.823
-201.2
-200.575
-199.95
-194.951
-195.576
-193.077
-187.453
-186.203
-178.08
-169.958
-163.084
-153.087
-143.089
-133.717
-123.719
-114.346
-102.474
-89.9775
-79.3552
-66.2334
-53.7366
-44.3639
-33.7416
-27.4931
-19.3702
-8.74781
4.37391
18.1205
28.7428
41.2397
55.6111
67.4831
78.1055
88.7278
94.3514
99.3502
104.349
110.597
119.97
128.093
136.216
146.838
154.961
161.835
166.833
169.958
173.082
176.831
181.83
185.579
183.079
183.704
183.079
182.454
184.329
188.078
187.453
186.828
187.453
187.453
191.827
194.326
193.077
189.953
180.58
171.832
165.584
155.586
148.088
137.466
125.594
116.221
103.099
90.6023
83.1042
69.9825
58.1105
47.4881
33.7416
23.1192
14.3714
2.49938
-8.74781
-21.2447
-30.6173
-38.1155
-49.9875
-58.1105
-68.108
-77.4806
-83.7291
-88.103
-96.2259
-102.474
-106.223
-113.097
-113.097
-113.097
-114.971
-118.095
-122.469
-122.469
-121.845
-117.471
-113.722
-111.847
-111.847
-110.597
-109.973
-109.348
-106.223
-100.6
-92.4769
-83.7291
-71.2322
-61.8595
-56.2359
-49.3627
-46.8633
-44.9888
-36.8658
-29.9925
-22.4944
-14.3714
-9.37266
-3.74906
3.12422
8.12297
9.9975
13.1217
14.3714
16.2459
20.6198
24.9938
25.6186
23.1192
16.2459
10.6223
10.6223
9.9975
10.6223
12.4969
13.7466
14.3714
13.1217
13.1217
9.9975
3.74906
-2.49938
-7.49813
-11.872
-15.6211
-20.6198
-28.118
-37.4906
-46.8633
-56.2359
-61.8595
-67.4831
-70.6073
-69.3577
-69.9825
-69.9825
-68.7328
-68.7328
-68.108
-68.108
-70.6073
-71.857
-73.1067
-74.3564
-72.4819
-69.9825
-66.8583
-59.985
-53.1117
-48.7378
-40.6148
-32.4919
-26.8683
-21.2447
-11.872
-5.62359
1.24969
6.87328
14.9963
27.4931
38.1155
48.7378
60.6098
69.9825
75.6061
80.6048
88.103
93.1017
98.7253
109.348
120.595
131.217
141.84
149.338
153.712
153.087
153.087
154.336
157.461
163.709
173.707
180.58
184.954
186.203
182.454
179.33
174.331
166.208
160.585
153.712
146.838
141.84
136.216
127.468
119.345
113.097
109.348
104.974
99.3502
91.2272
79.98
64.9838
51.2372
38.7403
24.9938
11.872
0.624844
-14.3714
-31.867
-46.8633
-62.4844
-77.4806
-93.1017
-107.473
-119.345
-131.217
-142.464
-148.088
-155.586
-163.709
-168.083
-176.831
-188.703
-196.201
-202.449
-207.448
-211.822
-213.697
-213.072
-211.822
-211.197
-211.822
-213.072
-213.697
-209.948
-204.949
-201.2
-194.951
-191.827
-187.453
-180.58
-173.707
-163.084
-151.837
-137.466
-126.843
-121.845
-114.346
-104.349
-97.4756
-87.4781
-78.7303
-68.108
-51.2372
-40.6148
-29.3677
-17.4956
-9.37266
0.624844
11.872
16.2459
23.1192
31.867
37.4906
46.8633
55.6111
62.4844
72.4819
76.2309
77.4806
80.6048
83.1042
87.4781
94.3514
98.7253
103.724
105.599
106.223
106.848
106.848
108.098
113.097
118.095
121.845
121.845
121.845
121.845
119.97
120.595
123.719
127.468
130.592
133.092
131.842
129.343
129.968
129.968
131.842
136.841
139.965
141.215
138.715
131.842
124.344
118.095
114.971
113.097
112.472
110.597
106.848
100.6
95.6011
91.2272
86.8533
84.3539
83.7291
81.8545
78.7303
73.7316
68.7328
63.7341
60.6098
58.7353
54.9863
51.2372
45.6136
33.7416
23.7441
13.1217
0
-9.37266
-16.8708
-26.8683
-36.2409
-48.113
-60.6098
-68.7328
-76.8558
-81.8545
-83.7291
-87.4781
-89.3527
-93.1017
-99.3502
-101.85
-104.349
-108.723
-111.222
-116.221
-121.845
-129.343
-138.715
-144.339
-149.338
-155.586
-156.836
-157.461
-158.71
-156.836
-154.961
-158.085
-159.335
-161.835
-164.334
-168.083
-169.333
-163.084
-160.585
-155.586
-144.964
-136.216
-125.594
-116.846
-111.222
-105.599
-96.8508
-90.6023
-85.6036
-78.7303
-72.4819
-65.6086
-59.3602
-51.2372
-42.4894
-34.3664
-24.9938
-16.2459
-8.12297
3.12422
9.9975
14.9963
24.3689
28.7428
31.867
37.4906
38.7403
41.2397
47.4881
58.1105
68.7328
79.3552
91.2272
102.474
108.723
113.097
114.346
113.722
114.346
113.722
114.971
119.97
123.719
124.969
124.344
123.094
123.094
123.094
119.345
117.471
117.471
117.471
118.095
117.471
120.595
119.97
113.722
108.098
101.85
96.2259
89.9775
87.4781
84.9788
86.2284
84.3539
81.8545
82.4794
78.7303
78.7303
77.4806
73.7316
71.857
66.8583
63.7341
61.8595
57.4856
55.6111
54.9863
50.6123
48.113
41.8645
33.7416
25.6186
19.3702
11.872
6.24844
2.49938
-2.49938
-8.74781
-16.8708
-23.1192
-28.7428
-34.3664
-37.4906
-40.6148
-43.7391
-46.2384
-50.6123
-54.3614
-57.4856
-64.3589
-69.3577
-74.9813
-79.3552
-79.98
-81.8545
-81.2297
-79.98
-81.8545
-84.3539
-89.9775
-95.6011
-101.225
-103.099
-102.474
-100.6
-99.3502
-99.3502
-99.3502
-100.6
-100.6
-99.975
-100.6
-99.3502
-100.6
-98.7253
-94.9763
-93.1017
-91.852
-89.9775
-88.7278
-88.7278
-86.8533
-84.3539
-83.7291
-82.4794
-81.2297
-78.1055
-74.3564
-71.2322
-66.8583
-61.8595
-56.8608
-49.9875
-44.3639
-39.3652
-34.3664
-33.7416
-34.9913
-31.867
-29.3677
-24.9938
-18.7453
-14.9963
-9.9975
-6.87328
-5.62359
-4.37391
1.24969
8.12297
16.2459
24.3689
30.6173
34.9913
37.4906
39.3652
43.1142
47.4881
51.2372
54.3614
57.4856
62.4844
65.6086
68.108
71.857
74.9813
78.7303
80.6048
84.3539
88.103
93.7266
99.3502
103.099
107.473
108.098
109.348
111.222
113.097
113.097
114.346
118.72
119.345
117.471
118.095
116.846
115.596
114.971
114.346
114.346
112.472
108.723
104.349
99.3502
96.8508
94.9763
92.4769
91.852
89.3527
87.4781
87.4781
84.9788
81.2297
78.7303
73.1067
69.3577
61.8595
54.9863
51.2372
45.6136
39.99
32.4919
21.8695
13.7466
9.37266
3.74906
-1.24969
-1.87453
-5.62359
-12.4969
-19.995
-31.2422
-43.7391
-55.6111
-65.6086
-76.2309
-84.9788
-93.1017
-99.975
-109.348
-119.345
-128.093
-137.466
-144.339
-149.963
-155.586
-159.335
-163.709
-169.958
-177.456
-183.704
-189.328
-193.702
-192.452
-194.951
-194.326
-193.702
-196.201
-196.201
-197.451
-197.451
-194.951
-187.453
-181.83
-175.581
-163.709
-156.836
-150.587
-141.84
-133.092
-120.595
-108.098
-96.8508
-84.9788
-73.7316
-61.8595
-51.2372
-37.4906
-22.4944
-5.62359
12.4969
30.6173
45.6136
57.4856
70.6073
83.7291
94.9763
107.473
119.97
129.968
138.09
145.589
152.462
160.585
167.458
175.581
181.205
186.203
191.827
191.202
195.576
198.075
196.826
200.575
199.95
201.2
202.449
199.325
194.951
189.328
183.704
176.206
171.832
165.584
159.96
153.712
143.714
133.092
122.469
111.847
103.099
89.9775
76.8558
63.1092
49.3627
36.2409
23.1192
10.6223
3.12422
-6.24844
-12.4969
-17.4956
-23.7441
-26.2434
-32.4919
-41.2397
-44.9888
-52.4869
-57.4856
-60.6098
-68.108
-74.3564
-78.1055
-84.3539
-90.6023
-95.6011
-99.975
-104.349
-109.973
-113.722
-118.095
-123.719
-128.718
-133.092
-135.591
-134.341
-132.467
-128.093
-119.345
-112.472
-103.099
-93.7266
-88.103
-81.8545
-75.6061
