SAMPLES: 8989
BITSPERSAMPLE:	16
CHANNELS:	1
SAMPLERATE:	16000
NORMALIZED:	FALSE
73.8994
110.587
67.6101
75.4717
15.1992
-87.0021
-127.358
-80.1887
-33.0189
-19.9161
-37.2117
12.5786
79.1405
53.4591
-16.2474
-20.9644
73.8994
77.044
27.7778
23.0608
26.2055
-23.5849
-49.7904
-47.6939
-48.218
-19.392
-7.33753
-12.5786
16.7715
40.3564
-4.71698
28.826
68.1342
75.4717
85.4298
74.4235
41.4046
0
-6.28931
-15.1992
19.392
47.6939
16.2474
9.95807
12.0545
-23.5849
-52.4109
0.524109
40.8805
105.87
106.394
20.9644
9.43396
24.6331
-2.62055
-25.6813
24.109
42.9769
36.6876
-14.1509
-69.1824
-31.9706
15.1992
17.8197
7.33753
36.1635
36.1635
10.4822
18.8679
-4.71698
12.5786
52.4109
42.9769
-3.14465
-24.109
-41.4046
-70.7547
-39.8323
-16.2474
-9.43396
15.1992
18.3438
-17.8197
-28.3019
-32.4948
-46.1216
-21.4885
2.62055
13.6268
16.2474
31.9706
-17.8197
-40.8805
-36.1635
-38.26
-4.19287
-21.4885
-27.2537
-5.24109
-44.0252
-55.5556
-24.109
-53.4591
-5.24109
-72.327
-54.5073
12.0545
-28.3019
4.19287
11.5304
16.7715
-30.9224
-59.7484
-15.1992
30.3983
-5.24109
-37.2117
-17.8197
-22.5367
-31.4465
-67.086
-49.2662
20.4403
0.524109
-14.1509
-6.81342
30.9224
32.4948
30.3983
16.2474
1.57233
-10.4822
-45.0734
-41.9287
-36.6876
-23.5849
-24.6331
7.86164
-1.57233
47.6939
55.5556
23.0608
0.524109
-4.19287
20.9644
40.3564
53.9832
15.7233
46.6457
11.0063
-57.652
-55.5556
-50.8386
-29.3501
-7.33753
25.6813
57.1279
55.0314
41.4046
17.2956
23.0608
16.2474
13.1027
1.04822
23.0608
11.5304
-37.7358
-17.2956
-12.5786
9.95807
39.8323
19.392
21.4885
28.826
6.28931
40.8805
52.4109
37.2117
36.1635
27.2537
13.6268
4.19287
-15.1992
-8.38574
-18.3438
-45.0734
-38.7841
-50.3145
-30.9224
2.09644
71.2788
154.612
131.027
37.7358
-1.57233
-23.5849
-106.918
-131.551
-84.3816
-14.1509
82.2851
51.3627
-6.28931
8.38574
-45.0734
-43.501
0.524109
37.2117
91.195
99.5807
71.2788
31.4465
-44.5493
-82.2851
-36.6876
-17.2956
31.9706
19.9161
-14.6751
11.5304
-8.38574
26.2055
56.6038
58.7002
121.593
87.5262
12.5786
-37.2117
-87.5262
-98.5325
-102.725
-49.7904
-3.66876
18.8679
39.8323
23.0608
26.7296
33.543
7.86164
24.6331
20.9644
-37.7358
-64.4654
-78.6164
-86.478
-49.2662
-38.7841
-39.3082
-21.4885
-22.5367
-2.62055
-9.95807
3.66876
41.9287
45.5975
24.109
-9.95807
-44.5493
-48.7421
-77.5681
-88.0503
-40.3564
-24.6331
-34.0671
-35.6394
-11.0063
-17.8197
-51.3627
-34.0671
-17.8197
22.0126
35.6394
-45.5975
-28.3019
-25.1572
-70.7547
-57.652
-45.5975
-2.62055
19.9161
6.81342
-0.524109
-7.33753
3.66876
3.14465
-6.28931
12.5786
5.24109
-60.2725
-49.7904
-10.4822
38.26
77.044
59.7484
82.2851
64.4654
23.5849
7.86164
11.0063
50.3145
27.7778
-14.1509
-5.7652
-1.57233
15.1992
38.26
50.3145
69.7065
71.8029
24.109
18.3438
36.1635
48.7421
38.7841
29.8742
23.5849
4.71698
-13.6268
-27.7778
-37.2117
-30.9224
22.5367
20.9644
47.6939
103.774
100.629
87.5262
29.8742
-13.1027
3.66876
37.2117
42.4528
8.38574
26.2055
46.6457
22.0126
17.8197
30.3983
49.7904
65.5136
3.66876
-48.218
-18.8679
-2.09644
7.33753
12.5786
1.57233
-7.33753
-23.5849
-47.1698
-33.543
15.7233
36.6876
44.5493
66.5618
78.6164
72.8512
42.9769
15.1992
20.9644
16.7715
22.5367
20.4403
15.1992
38.26
44.0252
34.0671
19.392
17.2956
11.5304
-5.24109
-18.3438
-24.109
5.24109
27.2537
15.7233
-6.28931
-19.392
-20.9644
-42.9769
-49.2662
-63.9413
-82.2851
-82.2851
-101.153
-110.063
-92.2432
-96.4361
-92.7673
-131.027
-166.667
-132.075
-122.642
-84.9057
-64.4654
-57.652
-20.9644
-49.7904
-93.8155
-95.3878
-137.317
-157.757
-164.57
-216.981
-206.499
-203.878
-225.367
-216.981
-226.415
-212.264
-200.21
-201.782
-202.83
-232.18
-229.036
-218.029
-221.698
-189.727
-168.239
-175.052
-149.895
-179.245
-170.86
-105.87
-94.8637
-65.5136
-50.3145
-49.2662
-31.4465
-59.2243
-93.8155
-92.2432
-98.5325
-77.5681
-16.2474
89.0985
220.126
354.822
483.753
616.876
735.325
854.822
938.679
981.656
990.042
947.589
851.153
719.078
578.092
412.474
273.585
157.233
84.9057
60.2725
74.9476
139.937
203.878
275.157
331.761
361.111
372.642
341.195
303.983
229.036
123.166
2.62055
-81.2369
-168.763
-204.927
-199.686
-187.107
-117.4
-53.9832
68.6583
182.914
285.639
352.725
368.973
347.484
286.164
201.258
82.8092
-13.1027
-128.407
-252.096
-384.172
-501.572
-592.767
-665.094
-679.245
-675.577
-624.214
-577.044
-548.218
-516.771
-483.229
-496.331
-526.73
-547.694
-585.43
-570.755
-578.092
-591.719
-592.243
-585.43
-596.96
-600.105
-537.736
-460.168
-421.384
-410.901
-360.587
-330.713
-313.417
-320.755
-348.532
-367.925
-407.233
-458.071
-525.157
-561.321
-585.43
-606.394
-639.413
-641.509
-609.015
-530.922
-422.956
-244.235
35.6394
350.105
651.992
911.95
1212.79
1484.28
1687.11
1787.21
1832.29
1821.28
1681.87
1447.06
1149.9
822.851
482.704
185.01
-33.543
-157.233
-215.409
-191.824
-57.652
112.683
269.916
403.564
516.247
577.044
549.79
487.421
393.606
248.952
74.9476
-94.3396
-210.692
-254.193
-247.379
-167.191
5.7652
213.836
441.3
653.04
867.925
1042.45
1126.31
1126.83
1058.18
924.528
730.608
514.675
323.899
141.509
-58.7002
-223.27
-374.214
-513.103
-652.516
-765.723
-836.478
-910.377
-975.367
-1019.92
-1038.78
-1033.54
-1034.59
-996.855
-918.763
-837.002
-716.981
-581.761
-439.727
-325.996
-252.621
-185.01
-149.895
-157.757
-189.203
-248.952
-348.532
-468.553
-573.375
-642.558
-668.239
-679.245
-652.516
-620.545
-588.574
-547.694
-542.977
-531.447
-544.549
-581.761
-617.4
-685.01
-767.296
-821.279
-894.13
-973.27
-1022.01
-1008.91
-907.757
-697.589
-309.224
137.841
590.671
967.505
1327.57
1708.6
2032.49
2261.01
2386.27
2409.85
2258.39
1955.45
1572.33
1185.53
771.488
360.587
-9.43396
-309.224
-494.759
-552.411
-448.113
-218.553
19.392
236.373
433.438
577.568
661.95
653.04
569.182
418.239
179.245
-71.8029
-274.109
-399.371
-434.486
-414.046
-290.356
-61.3208
221.698
556.08
918.763
1253.67
1479.56
1567.61
1592.77
1528.3
1336.48
1051.36
679.245
286.164
-135.22
-523.061
-796.646
-960.692
-1051.36
-1119.5
-1131.55
-1091.72
-1044.03
-976.939
-877.883
-791.929
-752.096
-766.771
-808.176
-852.725
-896.226
-930.818
-931.866
-897.275
-808.7
-672.432
-481.132
-276.73
-123.166
7.86164
80.7128
63.9413
-15.1992
-132.075
-274.633
-434.486
-605.346
-746.855
-828.616
-870.545
-886.268
-864.78
-819.706
-768.868
-745.807
-729.036
-697.589
-691.824
-742.138
-849.581
-979.036
-1059.22
-1045.6
-942.348
-644.13
-174.004
352.201
838.574
1312.37
1814.47
2289.31
2672.96
2910.38
3041.93
2968.55
2682.91
2245.81
1725.37
1204.93
648.847
127.358
-285.115
-609.539
-793.501
-795.073
-637.317
-384.172
-136.792
102.201
356.394
567.086
690.776
720.65
681.342
556.604
361.635
159.853
-16.2474
-134.696
-216.981
-226.415
-108.491
102.725
378.931
707.547
1055.56
1356.39
1560.27
1662.47
1708.6
1656.18
1464.36
1160.9
746.331
273.585
-236.897
-722.222
-1110.59
-1430.82
-1653.04
-1770.96
-1800.31
-1734.8
-1625.79
-1448.64
-1243.71
-1057.65
-912.998
-807.652
-730.084
-701.258
-722.222
-766.771
-810.797
-851.153
-840.671
-777.778
-690.252
-582.809
-468.553
-350.105
-268.344
-248.428
-281.447
-372.642
-487.421
-631.027
-772.013
-869.497
-964.885
-1027.25
-1062.89
-1092.77
-1095.91
-1083.33
-1059.75
-1029.87
-1003.14
-1000
-983.753
-959.119
-876.834
-767.82
-503.669
-94.3396
360.587
813.941
1247.38
1748.43
2210.17
2593.29
2856.39
3034.07
3046.12
2822.85
2429.25
1956.5
1445.49
895.702
384.696
-55.5556
-412.474
-661.426
-748.952
-651.992
-446.017
-240.566
-39.8323
203.354
421.384
574.948
673.48
724.319
704.927
603.249
486.897
416.143
388.365
362.683
383.124
485.325
651.468
862.683
1121.59
1407.23
1656.18
1818.66
1888.89
1917.71
1894.65
1745.28
1443.92
1051.89
606.918
97.4843
-411.426
-866.352
-1265.72
-1622.64
-1903.56
-2048.74
-2063.94
-1973.27
-1802.94
-1574.95
-1343.82
-1130.5
-912.998
-715.933
-561.321
-469.078
-449.161
-477.987
-529.874
-568.134
-588.574
-607.442
-617.925
-647.275
-678.721
-686.059
-680.294
-702.306
-757.338
-836.478
-921.384
-1001.57
-1077.57
-1148.85
-1218.03
-1298.74
-1377.88
-1441.3
-1485.32
-1498.43
-1488.99
-1469.08
-1431.34
-1347.48
-1201.78
-1012.58
-692.872
-211.216
310.273
811.845
1256.81
1724.32
2153.56
2477.46
2689.2
2806.08
2790.36
2531.45
2095.39
1581.24
1045.6
494.759
-15.7233
-390.985
-666.143
-864.256
-923.48
-800.839
-561.845
-337.526
-145.178
60.7966
278.302
433.438
517.296
574.948
601.153
557.652
505.241
527.254
628.931
750.524
877.883
1048.22
1261.01
1472.22
1671.38
1883.65
2050.31
2083.86
1997.9
1884.17
1747.38
1546.12
1268.34
933.962
555.031
124.738
-289.308
-622.642
-895.702
-1155.14
-1393.08
-1558.7
-1623.69
-1588.05
-1480.08
-1313.94
-1127.88
-954.403
-792.977
-616.876
-427.149
-264.675
-155.66
-104.822
-90.6709
-109.015
-139.937
-162.998
-215.409
-305.556
-420.86
-547.17
-648.847
-742.138
-853.774
-988.994
-1128.93
-1260.48
-1338.05
-1382.6
-1394.13
-1404.61
-1426.1
-1435.53
-1448.64
-1419.81
-1385.22
-1355.87
-1328.62
-1275.68
-1157.76
-990.566
-673.48
-178.197
358.491
849.057
1276.21
1732.7
2165.09
2497.9
2708.07
2814.99
2752.62
2437.11
1936.06
1349.58
742.138
87.5262
-504.193
-948.637
-1266.77
-1468.03
-1512.05
-1352.73
-1061.32
-778.826
-527.778
-266.771
-16.2474
162.474
254.193
311.321
335.954
309.748
305.031
366.876
499.476
664.57
859.539
1131.03
1440.78
1726.94
1971.7
2152.52
2258.39
2227.99
2071.28
1865.83
1618.97
1291.4
897.275
504.193
126.834
-265.199
-599.581
-822.851
-984.801
-1123.69
-1215.93
-1236.37
-1200.73
-1109.01
-984.801
-836.478
-698.113
-587.002
-473.27
-364.256
-289.308
-229.036
-166.143
-102.201
-68.1342
-44.5493
-19.9161
-7.86164
-24.109
-89.6226
-196.541
-317.086
-455.451
-629.455
-813.941
-1007.86
-1197.59
-1382.6
-1533.54
-1604.3
-1623.69
-1621.07
-1596.96
-1523.06
-1429.25
-1317.61
-1217.51
-1129.45
-1032.49
-948.113
-835.954
-681.866
-353.249
112.159
615.828
1085.95
1531.45
2028.83
2488.47
2834.38
3053.98
3163.52
3050.84
2672.43
2119.5
1479.56
772.537
-12.5786
-753.669
-1326.52
-1755.77
-2057.65
-2141.51
-1966.46
-1650.94
-1329.14
-995.807
-617.925
-242.138
48.7421
225.891
354.298
424.004
411.95
383.124
429.245
543.501
636.792
755.765
981.132
1276.73
1556.08
1806.6
2054.51
2235.32
2269.92
2175.05
2019.92
1789.31
1437.11
995.807
536.688
78.6164
-383.648
-775.157
-1051.36
-1261.01
-1429.77
-1519.39
-1487.95
-1340.67
-1156.18
-956.499
-744.759
-549.266
-376.31
-244.759
-124.738
-29.8742
18.8679
41.9287
51.3627
70.2306
91.7191
124.214
142.034
140.461
96.9602
20.4403
-76.5199
-212.788
-401.468
-638.889
-879.979
-1134.17
-1370.02
-1553.46
-1684.49
-1775.16
-1803.46
-1760.48
-1656.18
-1502.62
-1339.62
-1176.62
-1050.31
-946.017
-835.43
-717.505
-588.574
-393.082
-12.5786
466.457
918.763
1329.66
1778.83
2261.01
2657.76
2926.1
3119.5
3188.16
2985.32
2528.83
1936.06
1265.72
481.132
-339.623
-1048.22
-1612.68
-2096.96
-2437.63
-2485.85
-2283.54
-2010.48
-1725.37
-1339.62
-863.208
-447.065
-139.937
124.738
353.249
472.746
491.614
536.164
651.468
724.843
743.187
832.285
1040.36
1269.92
1465.41
1682.91
1909.85
2040.36
2040.88
1986.9
1911.43
1732.18
1395.18
980.608
547.17
65.5136
-435.01
-855.87
-1165.09
-1433.96
-1675.05
-1788.78
-1732.18
-1561.84
-1331.24
-1044.03
-716.457
-407.757
-135.22
103.249
302.935
431.342
468.029
464.885
455.975
421.908
363.732
313.417
268.344
207.547
132.6
49.7904
-53.9832
-207.547
-415.094
-650.943
-893.606
-1140.46
-1346.96
-1498.43
-1601.68
-1667.71
-1694.44
-1644.65
-1540.36
-1400.42
-1231.13
-1063.42
-923.48
-788.26
-647.799
-476.415
-314.465
-50.8386
352.201
794.549
1222.22
1617.92
2059.75
2490.57
2819.18
3041.4
3187.11
3148.32
2837
2305.56
1679.77
980.084
175.052
-616.876
-1275.16
-1805.03
-2240.57
-2508.39
-2506.81
-2298.22
-2056.6
-1786.16
-1403.04
-953.878
-557.652
-256.813
34.0671
288.784
411.426
460.692
548.218
688.155
764.675
775.157
862.683
1034.07
1171.91
1266.77
1386.27
1519.39
1556.6
1481.13
1409.33
1339.62
1160.9
845.912
480.608
124.738
-266.247
-679.245
-1016.77
-1274.11
-1519.92
-1746.86
-1856.92
-1784.59
-1613.73
-1386.79
-1081.76
-726.415
-375.786
-66.0377
237.421
517.296
712.264
805.556
832.809
836.478
808.7
720.65
613.208
503.145
363.732
195.493
20.9644
-141.509
-317.61
-507.862
-697.065
-879.455
-1051.36
-1189.73
-1267.82
-1316.56
-1331.24
-1313.42
-1238.47
-1129.98
-1020.96
-898.323
-783.543
-686.583
-596.96
-494.235
-381.551
-274.633
-97.4843
269.392
715.933
1135.74
1497.9
1888.36
2323.9
2677.15
2917.19
3073.9
3104.82
2868.45
2362.68
1729.04
1059.22
284.591
-556.604
-1277.25
-1821.8
-2278.83
-2625.26
-2701.26
-2482.7
-2182.39
-1910.38
-1538.26
-1033.02
-547.694
-201.258
80.7128
363.732
549.79
598.532
639.413
742.662
803.459
738.47
684.486
778.826
919.287
996.331
1083.33
1234.28
1338.05
1324.95
1276.73
1273.06
1221.7
1009.96
708.071
397.799
47.6939
-373.69
-772.537
-1069.71
-1340.15
-1627.88
-1807.13
-1806.6
-1668.76
-1469.6
-1203.88
-830.713
-431.342
-76.5199
243.187
540.881
774.633
888.889
917.191
926.101
889.937
774.109
620.545
476.415
318.658
124.214
-82.8092
-247.379
-403.04
-594.34
-779.874
-939.727
-1061.84
-1172.96
-1246.86
-1253.67
-1235.85
-1213.31
-1167.19
-1078.09
-962.788
-847.484
-753.669
-659.329
-599.057
-563.941
-509.958
-431.866
-312.893
-45.5975
402.516
892.034
1300.31
1664.05
2121.59
2592.77
2925.58
3106.92
3191.3
3072.33
2634.17
1961.74
1229.56
475.891
-384.696
-1241.61
-1903.04
-2373.69
-2740.57
-2922.43
-2772.54
-2395.18
-2030.92
-1670.34
-1164.57
-568.134
-109.539
167.191
422.956
658.281
725.367
671.908
661.426
706.499
639.413
473.27
444.444
580.713
709.644
779.35
907.757
1101.68
1191.82
1168.76
1178.2
1215.93
1117.4
838.574
513.627
203.354
-178.721
-616.876
-985.849
-1257.86
-1519.39
-1746.86
-1797.17
-1646.23
-1402.52
-1132.08
-762.579
-298.218
151.992
521.488
850.105
1140.46
1311.32
1334.38
1288.26
1211.22
1045.6
780.398
514.675
296.122
63.4172
-179.769
-388.365
-532.495
-671.908
-815.514
-901.992
-936.059
-956.499
-986.897
-989.518
-933.962
-880.503
-837.526
-763.627
-677.673
-606.394
-575.472
-552.411
-492.138
-476.939
-491.09
-474.319
-418.763
-320.231
-68.6583
398.323
936.583
1382.08
1746.33
2182.91
2624.74
2899.37
2979.04
2963.84
2774.63
2257.86
1503.14
715.933
-45.0734
-891.509
-1740.57
-2345.91
-2698.64
-2929.25
-2998.95
-2756.81
-2254.72
-1784.07
-1383.12
-867.925
-264.675
199.686
433.962
614.78
782.495
772.013
600.629
472.222
457.547
364.78
171.908
90.1468
202.306
341.719
431.342
581.237
820.231
994.235
1027.25
1064.99
1129.98
1077.04
832.809
514.675
208.595
-162.474
-617.4
-1023.58
-1299.27
-1534.59
-1746.33
-1792.45
-1628.93
-1361.11
-1067.61
-686.583
-207.023
259.434
624.738
916.667
1179.25
1325.47
1317.61
1211.22
1063.94
847.484
531.447
203.354
-77.044
-333.857
-582.285
-761.53
-850.629
-885.744
-906.709
-887.317
-795.073
-672.432
-568.134
-471.174
-353.249
-261.006
-209.644
-182.39
-161.426
-180.294
-244.759
-314.465
-355.346
-400.419
-458.071
-484.277
-471.698
-379.455
-199.161
209.644
799.79
1333.33
1750
2135.74
2560.8
2902.52
3017.82
2956.5
2797.17
2406.71
1741.61
955.451
210.692
-523.061
-1329.66
-2001.05
-2369.5
-2550.84
-2655.14
-2562.89
-2158.28
-1614.78
-1156.71
-727.987
-183.962
333.333
612.159
695.493
767.296
792.453
627.358
385.744
244.235
144.654
-64.4654
-295.073
-317.086
-141.509
14.6751
126.31
341.719
631.027
817.086
893.082
1001.57
1094.86
1007.34
748.952
447.589
143.606
-249.476
-699.161
-1064.47
-1317.09
-1539.83
-1707.02
-1696.54
-1485.32
-1189.73
-860.587
-448.113
18.3438
439.203
757.338
986.897
1131.55
1129.45
976.415
753.145
496.855
189.203
-167.191
-499.476
-751.048
-939.203
-1069.18
-1095.39
-1004.19
-848.532
-681.866
-484.801
-241.09
-32.4948
112.683
230.608
309.224
311.321
232.704
114.78
-17.2956
-189.203
-404.612
-598.008
-722.746
-806.08
-876.834
-864.256
-750
-571.279
-349.581
24.109
582.285
1125.79
1521.49
1829.14
2146.75
2379.45
2398.32
2245.28
2077.04
1793.5
1250.52
590.147
11.5304
-496.855
-1054.51
-1563.94
-1798.22
-1835.43
-1869.5
-1802.94
-1467.51
-962.264
-566.562
-307.652
56.6038
490.566
722.222
725.367
710.168
734.277
608.491
325.472
115.304
24.6331
-107.966
-306.08
-366.876
-192.872
1.57233
118.973
318.134
660.901
972.746
1117.4
1230.08
1379.98
1393.08
1181.34
893.082
635.22
305.556
-155.136
-570.755
-821.279
-1017.82
-1210.69
-1276.73
-1120.55
-862.683
-620.545
-328.616
70.7547
442.348
660.377
766.771
819.182
767.82
533.543
209.644
-93.8155
-414.57
-776.73
-1078.62
-1220.13
-1237.95
-1211.22
-1110.06
-876.31
-570.231
-285.115
-44.0252
209.119
423.48
503.669
489.518
423.48
301.363
81.2369
-192.872
-428.197
-646.226
-878.407
-1061.32
-1144.65
-1157.23
-1169.29
-1132.08
-981.656
-778.826
-587.526
-302.935
169.811
647.275
960.692
1166.14
1435.53
1692.35
1753.14
1663.52
1618.45
1537.21
1200.73
700.21
283.019
-38.26
-466.457
-940.252
-1183.44
-1223.27
-1297.69
-1356.39
-1159.33
-744.235
-433.438
-294.025
-47.6939
333.857
548.218
504.717
449.161
494.235
408.281
115.304
-107.966
-148.847
-216.457
-400.943
-457.023
-231.132
42.9769
206.499
449.686
877.358
1271.49
1458.6
1580.19
1770.96
1853.25
1679.77
1397.27
1137.84
815.514
330.189
-155.66
-466.981
-705.975
-978.512
-1165.62
-1138.89
-961.216
-786.688
-579.14
-238.994
90.1468
264.675
334.906
389.413
395.702
245.807
-17.2956
-256.813
-477.463
-722.222
-923.48
-992.138
-935.535
-844.34
-698.637
-432.39
-107.966
180.818
393.606
579.14
737.421
764.675
671.908
524.633
308.7
33.0189
-285.115
-567.61
-793.501
-1024.11
-1214.88
-1304.51
-1316.04
-1302.41
-1280.92
-1182.91
-1022.54
-881.551
-742.662
-483.229
-62.8931
329.665
588.05
808.7
1086.48
1340.67
1469.6
1513.63
1600.63
1620.02
1398.85
1057.65
737.421
428.721
4.71698
-484.277
-794.549
-948.637
-1109.54
-1229.56
-1148.32
-883.648
-675.052
-566.038
-349.581
-24.109
168.239
157.757
132.6
179.769
133.648
-66.5618
-222.746
-241.614
-262.579
-345.912
-321.279
-76.5199
223.795
461.216
755.765
1173.48
1562.89
1777.25
1909.85
2060.8
2100.63
1919.81
1610.59
1286.16
912.998
415.618
-84.9057
-454.403
-769.392
-1087.53
-1309.22
-1345.91
-1248.95
-1120.55
-957.023
-708.595
-459.119
-300.839
-216.981
-154.088
-128.407
-209.644
-364.256
-481.132
-548.218
-620.545
-664.046
-608.491
-465.409
-275.681
-70.2306
166.667
416.667
605.87
713.312
769.916
759.434
656.184
457.023
193.92
-78.0922
-373.166
-669.811
-920.86
-1129.45
-1289.83
-1400.94
-1458.6
-1436.58
-1389.41
-1321.8
-1217.51
-1083.33
-931.342
-655.136
-221.174
209.119
536.164
812.893
1146.75
1501.05
1739.52
1856.92
1975.89
2018.87
1832.81
1472.22
1126.31
806.604
353.249
-173.48
-524.633
-729.56
-951.258
-1133.12
-1091.72
-863.208
-721.174
-687.107
-520.44
-217.505
-53.4591
-75.9958
-61.8449
56.6038
70.7547
-73.3753
-145.178
-56.6038
-4.71698
-52.4109
10.4822
280.398
561.321
737.945
973.795
1364.26
1693.4
1825.47
1914.57
2068.13
2115.3
1914.05
1592.77
1281.45
896.226
360.587
-179.245
-587.002
-933.962
-1318.66
-1622.12
-1727.99
-1707.02
-1663.52
-1551.89
-1301.36
-1000.52
-785.639
-618.449
-425.052
-259.958
-205.975
-247.379
-279.874
-292.977
-335.43
-387.317
-367.925
-278.826
-189.203
-99.0566
57.652
231.656
328.092
361.635
375.786
379.979
320.755
168.763
-10.4822
-188.679
-395.702
-633.648
-841.195
-986.373
-1118.97
-1264.15
-1349.58
-1344.86
-1318.13
-1316.56
-1305.56
-1241.61
-1145.18
-1057.13
-864.256
-440.252
36.6876
387.317
675.052
1058.18
1511.01
1832.29
1990.04
2160.9
2296.65
2198.64
1881.03
1531.97
1214.36
737.421
118.449
-342.767
-595.388
-860.587
-1143.61
-1209.64
-995.807
-773.585
-677.149
-476.415
-84.9057
246.855
357.442
414.57
571.803
646.751
509.958
372.117
380.503
394.13
286.164
226.939
403.564
686.059
892.558
1127.36
1525.68
1959.64
2208.07
2337
2500
2583.86
2427.15
2066.04
1644.13
1175.05
544.025
-161.95
-755.765
-1248.43
-1725.89
-2129.45
-2330.19
-2317.09
-2208.07
-2048.74
-1762.05
-1401.99
-1082.29
-835.43
-610.063
-406.709
-318.658
-346.96
-388.365
-416.143
-472.222
-540.356
-558.7
-496.331
-397.799
-294.025
-156.709
11.0063
122.117
154.088
162.998
161.95
88.0503
-79.6646
-277.254
-465.409
-674.528
-917.191
-1139.41
-1318.13
-1464.88
-1599.06
-1681.34
-1688.68
-1671.38
-1678.2
-1668.24
-1590.15
-1469.6
-1330.71
-1138.36
-762.579
-261.006
196.017
580.713
1002.1
1503.67
1956.5
2236.37
2421.91
2600.63
2613.73
2344.86
1925.05
1512.05
1037.21
408.281
-202.306
-599.057
-869.497
-1137.32
-1274.63
-1109.54
-777.254
-531.971
-310.273
86.478
550.839
808.176
863.732
951.258
1062.89
991.614
786.164
671.384
662.998
584.382
449.161
505.765
811.321
1120.02
1362.16
1707.02
2167.19
2524.63
2669.29
2740.04
2810.8
2696.54
2273.58
1699.69
1125.79
501.572
-238.994
-950.734
-1489.52
-1919.81
-2307.65
-2534.07
-2484.28
-2257.34
-1997.38
-1691.3
-1277.25
-837.002
-515.199
-320.755
-158.281
-43.501
-71.8029
-193.396
-288.26
-348.532
-422.432
-501.048
-494.235
-382.6
-270.964
-189.203
-77.5681
35.6394
84.9057
50.3145
-24.6331
-88.5744
-218.553
-437.107
-668.239
-872.642
-1059.75
-1252.62
-1416.14
-1491.09
-1518.34
-1560.8
-1583.33
-1570.23
-1555.56
-1573.9
-1624.74
-1617.92
-1544.55
-1476.42
-1377.36
-1092.24
-581.761
-59.2243
354.298
780.922
1302.41
1801.89
2119.5
2302.94
2488.47
2530.92
2241.09
1733.23
1237.42
755.765
116.876
-565.514
-1000
-1221.7
-1418.24
-1504.72
-1270.96
-795.597
-395.702
-109.539
325.996
875.786
1192.35
1215.41
1207.55
1258.39
1143.08
826.52
591.195
546.122
462.264
293.501
330.189
679.245
1080.71
1386.27
1770.96
2306.6
2730.61
2860.59
2880.5
2899.9
2710.17
2178.2
1492.14
852.201
186.583
-595.912
-1327.04
-1816.56
-2150.42
-2431.34
-2536.69
-2347.48
-1998.95
-1681.87
-1337.53
-876.31
-407.233
-101.677
53.9832
178.721
250.524
170.335
-5.24109
-120.545
-183.962
-281.447
-393.606
-403.564
-301.363
-202.306
-134.696
-45.0734
49.2662
73.3753
16.7715
-50.8386
-105.346
-212.264
-395.178
-584.382
-727.463
-854.822
-990.566
-1102.73
-1158.28
-1181.34
-1215.93
-1251.57
-1280.92
-1312.37
-1351.15
-1403.04
-1473.27
-1541.4
-1572.33
-1532.49
-1411.95
-1156.71
-688.679
-149.371
310.797
725.891
1207.55
1725.89
2081.76
2234.28
2360.59
2427.15
2223.79
1747.9
1203.88
734.277
185.01
-442.348
-848.008
-972.746
-1029.87
-1059.22
-830.189
-297.694
217.505
526.205
846.96
1284.59
1549.79
1480.61
1295.07
1190.25
1002.1
583.857
182.914
20.9644
-28.826
-123.166
-92.2432
272.537
803.459
1234.28
1633.12
2139.94
2587.53
2732.7
2651.99
2528.3
2277.78
1734.28
985.849
264.675
-395.178
-1101.15
-1782.49
-2239.52
-2448.64
-2567.09
-2604.3
-2425.58
-2071.8
-1715.93
-1381.03
-988.47
-606.918
-358.491
-250.524
-198.113
-151.468
-184.486
-309.748
-412.998
-433.962
-432.914
-441.824
-386.792
-274.633
-185.535
-133.124
-73.3753
6.81342
56.6038
18.8679
-60.7966
-130.503
-216.457
-329.665
-452.306
-539.832
-616.352
-724.843
-822.327
-883.648
-925.577
-979.036
-1081.24
-1206.5
-1309.22
-1430.29
-1564.99
-1662.47
-1718.03
-1724.32
-1651.99
-1489.52
-1147.27
-576.52
51.8868
609.539
1115.83
1657.23
2205.97
2589.1
2770.44
2885.74
2918.24
2709.12
2236.9
1701.78
1261.53
750.524
148.323
-263.627
-412.474
-477.987
-504.193
-308.176
143.082
567.61
781.447
987.421
1308.18
1469.08
1290.88
998.428
814.465
595.388
198.113
-170.86
-263.627
-202.306
-169.287
-24.109
414.57
981.132
1414.05
1789.31
2247.9
2621.59
2670.86
2477.99
2257.86
1933.96
1329.66
552.411
-175.052
-814.99
-1466.46
-2056.08
-2405.66
-2543.5
-2622.64
-2622.12
-2418.76
-2064.99
-1727.46
-1446.54
-1143.08
-818.658
-612.683
-543.501
-490.042
-426.625
-422.432
-491.09
-548.742
-517.296
-448.113
-412.474
-358.491
-245.807
-124.214
-49.7904
4.71698
68.6583
78.6164
12.0545
-81.2369
-153.04
-216.981
-318.134
-445.493
-546.122
-610.063
-683.438
-779.874
-881.551
-1000.52
-1156.18
-1327.04
-1478.51
-1618.45
-1765.72
-1925.58
-2055.56
-2108.49
-2071.28
-1949.69
-1720.65
-1404.09
-1005.24
-408.281
307.652
961.74
1483.23
1955.45
2450.21
2840.67
2992.14
3018.87
3019.92
2848.53
2420.34
1876.31
1466.46
1106.39
631.551
223.795
63.9413
50.3145
41.4046
112.159
399.371
718.029
799.266
774.633
882.6
994.235
836.478
479.56
250
140.985
-53.4591
-263.103
-258.91
-40.8805
157.233
340.671
742.662
1328.62
1800.31
2072.85
2316.56
2547.17
2546.12
2268.34
1938.68
1604.82
1103.25
411.95
-248.952
-734.277
-1168.24
-1625.79
-1970.65
-2114.78
-2131.03
-2110.06
-2021.49
-1797.69
-1542.98
-1349.58
-1146.23
-881.551
-629.979
-488.47
-421.908
-332.285
-252.621
-230.608
-220.126
-178.197
-115.304
-77.5681
-62.369
-18.3438
55.0314
88.0503
83.8574
73.3753
42.9769
-25.1572
-112.683
-201.782
-289.832
-410.377
-572.851
-730.084
-873.69
-1033.02
-1210.69
-1402.52
-1584.91
-1761.53
-1936.58
-2056.6
-2149.37
-2223.27
-2251.57
-2224.32
-2107.44
-1935.01
-1764.15
-1530.4
-1230.61
-919.287
-620.021
-246.855
322.851
904.612
1320.23
1624.74
1968.55
2348.01
2570.75
2612.16
2682.91
2734.8
2564.99
2188.16
1801.89
1513.1
1110.06
578.092
222.746
78.6164
-84.3816
-302.411
-332.285
-77.5681
139.937
158.281
253.145
527.254
729.56
669.287
577.044
674.004
747.379
626.834
535.639
674.528
866.352
898.847
936.059
1215.93
1555.56
1690.25
1723.79
1845.39
1951.78
1816.04
1498.95
1234.28
972.746
519.392
-34.0671
-469.078
-775.681
-1113.21
-1472.75
-1665.62
-1672.43
-1654.61
-1643.08
-1511.53
-1248.95
-1009.96
-856.918
-663.522
-406.184
-241.09
-217.505
-232.704
-185.01
-156.709
-222.746
-273.061
-241.614
-200.21
-194.969
-179.245
-106.918
-34.0671
-19.392
-21.4885
6.28931
12.0545
-88.0503
-263.627
-432.39
-615.828
-862.159
-1126.31
-1348.01
-1526.21
-1705.45
-1882.08
-1993.71
-2031.45
-2041.4
-2047.69
-2008.39
-1920.86
-1830.71
-1716.98
-1554.51
-1341.72
-1133.12
-975.367
-814.465
-601.677
-364.78
-155.136
92.7673
523.585
1035.12
1420.34
1696.02
2006.29
2373.69
2625.26
2676.1
2693.92
2732.18
2604.82
2212.26
1736.9
1392.56
1002.62
436.583
-37.2117
-252.096
-355.87
-492.662
-517.296
-247.904
108.491
288.26
451.258
786.688
1098.01
1120.02
980.084
992.662
1049.27
889.413
637.317
564.465
635.22
601.677
497.904
606.394
886.792
1049.79
1082.29
1188.16
1361.64
1346.44
1105.87
898.847
764.151
505.241
87.5262
-288.784
-506.289
-735.849
-1057.13
-1274.63
-1306.6
-1302.94
-1362.68
-1371.59
-1214.88
-1040.36
-971.174
-889.937
-720.65
-559.224
-516.247
-507.862
-408.805
-289.832
-263.103
-266.247
-213.312
-131.551
-105.87
-133.124
-105.346
-49.2662
-72.8512
-151.468
-229.036
-323.899
-496.331
-719.078
-910.377
-1078.62
-1261.01
-1452.31
-1601.15
-1693.92
-1773.06
-1829.66
-1825.47
-1758.91
-1678.2
-1603.77
-1505.24
-1378.41
-1245.28
-1109.54
-968.029
-846.96
-734.277
-610.587
-485.325
-348.008
-202.306
-72.8512
67.086
220.126
401.992
741.09
1147.8
1439.73
1638.36
1887.84
2211.22
2433.44
2461.22
2472.22
2523.58
2413.52
2066.04
1646.75
1349.58
1033.54
584.906
256.813
153.564
94.8637
1.04822
45.0734
357.442
702.306
843.291
950.734
1204.93
1414.57
1324.42
1064.99
919.287
806.604
524.109
173.48
-2.62055
-19.9161
-74.4235
-120.545
31.4465
324.423
553.983
719.602
966.981
1253.14
1353.77
1263.63
1188.16
1141.51
953.878
581.761
188.679
-135.22
-474.319
-860.587
-1175.05
-1368.97
-1517.3
-1656.18
-1723.79
-1663
-1545.6
-1426.62
-1269.39
-1065.51
-870.021
-704.927
-559.224
-418.239
-303.459
-282.495
-317.61
-331.761
-348.008
-411.426
-525.157
-631.551
-715.409
-798.742
-877.883
-952.83
-1029.87
-1114.26
-1196.02
-1247.38
-1276.73
-1312.89
-1352.2
-1375.79
-1374.74
-1368.97
-1347.48
-1310.27
-1280.4
-1254.72
-1229.56
-1190.25
-1116.88
-1025.16
-910.377
-769.916
-620.021
-451.258
-267.296
-93.2914
69.1824
207.023
329.665
437.631
526.73
583.333
620.021
818.658
1130.5
1340.15
1447.59
1605.87
1909.85
2193.4
2287.21
2377.36
2560.27
2621.07
2427.67
2098.53
1881.55
1657.76
1222.22
810.273
631.551
540.356
388.365
306.08
486.373
741.614
777.254
754.717
899.895
1061.32
962.788
666.667
498.428
429.769
216.981
-64.9895
-172.432
-105.346
-84.3816
-105.346
74.9476
437.631
732.704
909.329
1103.77
1343.29
1423.48
1288.78
1127.36
994.759
744.759
308.7
-161.95
-524.633
-858.491
-1241.09
-1560.8
-1723.79
-1781.45
-1823.9
-1809.75
-1662.47
-1461.74
-1299.27
-1158.28
-988.994
-819.182
-742.138
-755.765
-776.205
-791.405
-865.828
-1007.86
-1140.46
-1216.46
-1267.3
-1323.9
-1335.43
-1268.34
-1171.91
-1080.19
-973.795
-844.864
-738.47
-704.927
-715.933
-731.656
-787.736
-892.034
-1011.53
-1124.21
-1225.89
-1302.41
-1323.38
-1270.96
-1161.43
-1025.68
-869.497
-656.709
-378.931
-93.8155
166.667
406.184
618.973
789.308
909.329
961.216
950.21
884.696
766.247
620.021
492.138
400.943
302.411
243.187
409.329
744.235
1040.36
1292.45
1617.4
2068.66
2474.32
2672.96
2812.89
2970.65
2955.97
2652.52
2212.79
1864.78
1487.42
942.348
471.698
247.379
108.491
-49.7904
-61.8449
199.686
512.055
624.214
692.872
896.226
1068.13
973.795
714.361
542.453
385.744
68.1342
-295.073
-480.084
-518.868
-607.442
-699.161
-587.526
-311.845
-89.6226
54.5073
251.572
480.084
567.086
488.47
395.702
323.375
146.226
-164.57
-477.987
-714.885
-935.01
-1191.3
-1396.75
-1491.09
-1531.97
-1579.14
-1601.68
-1536.69
-1447.06
-1413
-1392.03
-1332.29
-1270.96
-1269.39
-1322.33
-1365.83
-1377.36
-1386.27
-1399.9
-1360.59
-1241.61
-1107.44
-987.421
-838.574
-650.419
-466.981
-341.719
-263.627
-194.444
-159.853
-185.535
-257.338
-335.954
-414.57
-497.904
-547.694
-547.17
-507.862
-443.396
-356.394
-218.553
-29.3501
175.577
366.876
534.591
670.86
761.53
807.128
829.665
817.61
765.199
679.769
564.99
448.637
348.008
263.103
191.3
125.262
90.6709
129.979
222.746
321.279
508.91
863.208
1245.81
1527.25
1759.96
2049.27
2341.72
2469.6
2455.45
2470.13
2479.56
2292.98
1914.05
1573.9
1324.42
986.897
606.394
404.612
370.021
310.273
227.463
306.08
519.916
613.208
529.35
462.264
452.83
295.073
-79.6646
-454.403
-710.692
-966.981
-1276.21
-1480.61
-1476.42
-1377.88
-1281.45
-1084.91
-712.788
-303.459
10.4822
273.061
558.176
768.868
789.308
691.3
581.237
427.673
147.799
-218.029
-548.218
-829.665
-1121.59
-1398.32
-1595.39
-1726.94
-1839.62
-1925.58
-1954.93
-1943.92
-1947.06
-1954.93
-1916.67
-1836.48
-1766.77
-1719.6
-1644.65
-1524.11
-1387.32
-1221.17
-1006.81
-768.344
-535.115
-312.369
-98.5325
103.774
269.916
390.985
487.421
529.874
502.621
436.583
365.828
296.646
208.595
117.4
67.086
55.5556
47.6939
34.5912
46.6457
91.7191
117.4
137.317
186.059
225.891
233.753
226.939
224.319
252.621
308.176
371.593
461.74
582.809
686.583
735.849
779.874
843.291
855.87
797.694
718.029
656.184
614.256
574.423
547.17
636.268
900.943
1203.88
1463.84
1748.95
2092.24
2420.34
2621.59
2677.67
2691.82
2646.23
2396.23
1950.21
1483.75
1056.6
570.755
81.761
-246.331
-430.818
-599.057
-729.56
-695.493
-514.675
-386.268
-395.178
-390.461
-331.761
-398.847
-658.281
-920.335
-1077.57
-1238.99
-1455.45
-1578.62
-1500
-1309.75
-1112.68
-850.629
-452.83
-31.4465
292.977
559.748
814.99
953.354
877.883
675.577
466.981
221.174
-147.275
-596.96
-1004.72
-1349.06
-1687.63
-1987.95
-2171.91
-2248.43
-2296.65
-2316.04
-2222.75
-2058.18
-1919.29
-1785.12
-1591.72
-1341.72
-1115.83
-935.535
-732.704
-493.187
-283.543
-114.256
61.8449
254.717
408.281
498.428
573.899
643.606
670.335
656.184
620.545
556.08
447.065
305.031
172.432
64.9895
-45.0734
-171.384
-281.447
-328.092
-316.038
-279.35
-224.319
-154.088
-77.5681
12.5786
121.069
248.428
384.696
501.572
602.201
719.078
861.111
986.897
1082.81
1168.76
1242.14
1277.25
1251.57
1189.2
1105.87
984.801
819.706
642.034
490.042
378.407
303.459
254.193
235.849
322.327
575.472
853.774
1035.64
1185.53
1383.12
1588.05
1681.34
1652.52
1616.88
1564.99
1377.88
1061.84
777.254
561.321
278.826
-23.0608
-172.956
-211.216
-287.736
-379.979
-364.78
-287.736
-330.189
-495.283
-603.774
-632.6
-764.151
-1041.4
-1248.43
-1296.12
-1321.28
-1361.64
-1292.45
-1064.47
-793.501
-550.839
-253.145
120.545
428.197
584.382
670.86
734.277
678.197
446.541
131.027
-171.908
-484.801
-845.912
-1189.73
-1422.43
-1574.42
-1721.7
-1817.09
-1792.45
-1688.16
-1570.23
-1454.93
-1322.33
-1185.01
-1085.95
-1012.58
-923.48
-838.05
-791.929
-753.669
-665.094
-525.157
-384.696
-246.331
-65.5136
160.377
393.082
596.436
757.862
873.69
921.908
885.22
788.784
640.461
430.818
172.956
-81.2369
-291.405
-466.981
-603.774
-661.95
-629.455
-522.013
-353.249
-136.268
121.593
396.751
636.792
842.243
1052.94
1245.28
1377.36
1450.73
1484.8
1477.99
1419.29
1328.09
1212.26
1076.52
926.625
757.862
582.285
416.667
238.47
44.0252
-122.117
-249.476
-349.581
-433.438
-484.801
-484.801
-446.017
-384.172
-253.669
30.3983
396.226
680.818
875.262
1092.24
1356.92
1549.27
1614.78
1642.03
1665.62
1583.86
1335.95
1041.93
799.79
503.669
132.6
-157.757
-312.893
-454.403
-627.883
-712.264
-664.57
-639.413
-721.698
-778.826
-726.415
-704.927
-833.333
-1000.52
-1070.75
-1091.72
-1128.41
-1121.07
-1009.43
-848.532
-699.161
-506.813
-236.897
19.9161
184.486
276.73
352.201
382.075
296.646
125.262
-56.0797
-236.373
-460.692
-702.306
-873.69
-983.753
-1089.1
-1182.39
-1209.12
-1187.11
-1170.86
-1152.52
-1106.39
-1043.5
-984.277
-920.86
-823.375
-693.92
-569.182
-443.396
-292.453
-113.208
61.8449
209.119
357.966
488.47
582.285
643.082
646.751
616.876
575.996
507.338
422.956
348.532
297.17
271.488
269.916
301.887
348.008
411.95
494.759
582.285
664.046
721.698
751.572
770.964
791.929
787.212
736.373
667.191
590.671
518.344
474.319
436.583
404.088
380.503
362.159
350.629
327.568
288.784
235.849
160.901
66.5618
-40.8805
-156.709
-283.543
-414.046
-523.585
-613.732
-694.444
-738.994
-740.566
-703.878
-622.117
-494.759
-243.711
136.792
502.621
795.597
1075.47
1389.41
1655.66
1762.58
1779.87
1780.4
1687.11
1432.39
1056.08
680.818
314.465
-127.883
-535.115
-789.832
-969.078
-1139.94
-1250.52
-1218.55
-1120.55
-1096.96
-1094.34
-1017.3
-924.528
-931.342
-1014.15
-1039.83
-1003.14
-985.325
-961.216
-849.581
-642.034
-419.287
-215.409
26.7296
296.122
521.488
683.438
796.646
851.677
806.08
640.461
424.004
210.168
-27.7778
-303.983
-561.845
-753.145
-896.751
-1017.3
-1092.77
-1104.82
-1073.9
-1024.63
-957.547
-854.298
-722.746
-591.719
-453.354
-286.164
-90.1468
118.973
344.864
589.099
819.706
1018.34
1195.49
1353.25
1463.84
1500.52
1468.03
1393.08
1288.78
1143.08
951.258
744.235
553.459
381.027
227.987
107.442
30.9224
-6.28931
-26.7296
-37.7358
-37.7358
-36.1635
-45.0734
-71.2788
-111.635
-170.86
-246.855
-312.893
-359.539
-382.075
-375.262
-341.719
-271.488
-169.287
-72.8512
-2.62055
57.652
107.966
121.069
77.5681
-16.2474
-134.696
-275.681
-439.727
-612.683
-769.916
-894.13
-987.421
-1042.98
-1045.07
-1005.24
-927.149
-798.218
-637.841
-447.589
-165.094
205.975
565.514
848.008
1099.06
1353.77
1543.5
1614.26
1603.77
1558.18
1433.96
1157.23
794.549
454.927
112.683
-279.874
-634.172
-857.442
-990.566
-1088.05
-1105.87
-996.331
-851.153
-773.061
-721.698
-622.117
-528.826
-544.025
-624.738
-649.895
-625.786
-615.828
-584.906
-450.21
-234.801
-18.3438
189.203
440.252
712.264
912.474
1016.77
1068.13
1066.04
970.65
787.736
581.761
373.166
145.702
-74.4235
-224.843
-289.832
-314.465
-319.706
-274.633
-172.956
-66.0377
16.2474
111.111
224.843
309.748
356.394
417.715
506.289
579.665
620.021
670.335
771.488
890.461
961.74
987.945
998.952
973.795
884.172
743.187
571.803
365.304
127.883
-105.87
-319.706
-520.964
-710.168
-868.449
-965.933
-1006.81
-1016.25
-993.711
-925.577
-838.574
-761.006
-681.866
-596.96
-523.585
-482.704
-474.843
-470.65
-442.872
-408.281
-386.792
-357.966
-311.321
-261.006
-198.113
-124.214
-58.1761
-22.5367
-21.4885
-46.1216
-101.677
-198.113
-351.677
-541.929
-730.608
-930.818
-1141.51
-1309.75
-1395.7
-1391.51
-1314.47
-1175.58
-954.403
-650.419
-303.983
44.0252
453.354
949.686
1397.27
1690.25
1866.88
2000
2066.56
1970.65
1742.66
1495.81
1245.28
900.419
472.746
131.027
-104.822
-343.291
-546.646
-611.111
-569.182
-528.302
-488.994
-376.31
-231.132
-175.577
-213.312
-225.367
-182.39
-197.065
-286.164
-306.08
-214.885
-88.0503
50.8386
268.344
579.665
900.419
1170.86
1395.7
1592.77
1721.7
1729.04
1637.32
1492.14
1276.21
972.746
650.943
388.889
174.004
-31.9706
-214.885
-322.851
-354.298
-367.925
-398.323
-421.384
-429.245
-455.451
-517.296
-579.665
-615.304
-639.413
-641.509
-584.906
-481.132
-363.208
-246.331
-118.449
19.392
137.841
197.589
189.203
143.606
52.4109
-99.5807
-282.495
-455.451
-602.725
-729.036
-826.52
-884.696
-886.792
-845.388
-778.826
-700.21
-621.593
-560.273
-528.302
-518.868
-528.826
-564.465
-620.545
-675.052
-707.547
-702.306
-659.853
-583.857
-476.415
-345.388
-198.637
-49.2662
82.2851
189.203
261.006
287.212
265.199
200.734
104.822
-5.7652
-110.063
-205.975
-286.164
-330.713
-331.237
-302.935
-254.717
-188.679
-116.352
-55.0314
-7.33753
44.0252
90.1468
108.491
109.539
121.069
153.04
186.583
266.247
479.036
773.061
1020.44
1186.06
1347.48
1535.64
1651.47
1637.84
1577.57
1519.92
1378.93
1101.68
799.266
577.568
357.442
112.683
-48.7421
-93.8155
-103.249
-113.732
-60.2725
62.369
138.365
114.256
61.3208
41.9287
-11.5304
-156.184
-292.453
-334.906
-318.658
-287.212
-207.547
-31.4465
194.444
398.847
567.61
716.457
819.182
833.857
762.579
639.937
469.602
233.229
-27.7778
-257.338
-445.493
-608.491
-743.187
-822.327
-845.912
-850.105
-854.822
-851.677
-842.767
-848.532
-876.31
-912.474
-936.583
-931.342
-891.509
-807.652
-683.438
-525.157
-337.526
-142.034
36.6876
171.384
237.945
240.566
197.065
99.0566
-47.6939
-224.319
-408.281
-567.61
-695.493
-790.356
-828.092
-813.417
-768.344
-687.631
-574.948
-463.312
-371.069
-309.224
-269.392
-239.518
-224.843
-220.65
-197.589
-140.461
-58.7002
56.6038
209.644
378.407
545.073
702.306
836.478
950.734
1025.16
1029.87
978.512
895.178
774.109
614.256
437.107
280.398
162.474
77.044
15.7233
-24.109
-42.4528
-41.4046
-36.6876
-43.501
-48.7421
-42.9769
-34.5912
-29.3501
-7.86164
33.543
84.3816
155.66
259.958
454.403
747.379
1023.06
1211.22
1350.63
1488.99
1580.19
1543.5
1396.75
1216.46
1015.2
736.897
380.503
48.218
-220.65
-472.222
-672.432
-764.675
-779.35
-763.103
-702.83
-581.761
-465.409
-446.017
-497.904
-533.019
-569.182
-674.004
-816.038
-898.847
-889.937
-831.761
-753.669
-626.834
-429.245
-188.155
39.3082
235.325
392.034
484.801
506.289
452.83
333.333
155.136
-62.369
-268.868
-430.818
-536.164
-591.719
-612.683
-585.43
-524.633
-473.27
-436.583
-411.95
-405.136
-425.052
-477.463
-535.115
-558.7
-539.832
-489.518
-415.094
-292.453
-130.503
24.6331
151.992
253.145
322.851
343.291
311.845
240.566
141.509
28.826
-86.478
-174.528
-203.878
-181.342
-135.744
-56.0797
61.8449
188.155
298.218
375.262
424.528
451.782
444.969
405.136
362.683
344.34
340.671
345.912
395.178
487.945
592.767
694.444
781.971
848.008
885.22
874.738
821.279
739.518
625.262
479.56
331.761
201.782
79.6646
-33.543
-118.973
-189.727
-258.386
-325.996
-392.558
-443.396
-487.945
-541.405
-584.906
-602.201
-598.008
-558.7
-479.56
-379.979
-265.199
-131.551
-6.28931
92.2432
171.384
223.795
270.44
367.925
486.897
545.073
537.736
534.067
556.604
541.405
452.83
344.864
269.392
169.811
-19.392
-248.952
-450.21
-650.419
-853.249
-1000
-1083.33
-1140.46
-1152.52
-1078.62
-942.348
-819.182
-744.235
-670.86
-572.327
-501.572
-492.662
-482.704
-425.577
-348.532
-258.91
-133.648
29.8742
216.981
404.612
576.52
723.795
811.845
830.713
797.17
724.319
602.725
439.203
272.013
135.744
40.8805
-31.9706
-83.3333
-101.153
-84.9057
-65.5136
-60.7966
-59.2243
-56.6038
-69.1824
-99.0566
-125.262
-135.22
-123.166
-82.2851
-3.14465
109.539
237.421
366.876
492.138
598.532
674.004
711.74
719.602
702.306
657.757
594.864
537.736
502.621
480.608
471.174
472.746
470.65
448.113
390.461
295.073
174.004
36.1635
-102.201
-225.891
-331.761
-413.522
-459.644
-458.071
-412.998
-340.147
-259.434
-177.149
-93.2914
-31.9706
-12.0545
-27.2537
-69.7065
-128.931
-202.306
-281.971
-342.767
-376.834
-390.985
-383.648
-357.442
-325.472
-291.405
-255.241
-233.229
-241.09
-275.157
-328.092
-383.648
-439.727
-496.331
-551.363
-592.767
-609.539
-593.291
-556.604
-525.157
-510.482
-491.09
-464.885
-449.161
-436.583
-392.558
-272.537
-100.105
62.369
207.547
362.683
517.82
631.551
683.438
702.306
684.486
603.249
450.734
258.386
68.6583
-122.117
-278.302
-357.966
-362.683
-322.327
-227.463
-59.7484
137.841
295.073
375.786
408.805
398.323
328.092
214.885
103.774
20.4403
-29.3501
-41.9287
3.14465
104.822
242.138
396.751
543.501
664.57
742.138
776.205
781.447
750.524
672.432
557.128
445.493
376.31
344.864
333.333
341.195
362.159
383.648
399.371
387.317
333.857
245.807
136.268
20.4403
-87.5262
-174.528
-228.512
-237.421
-195.493
-118.973
-18.8679
93.8155
189.203
241.09
241.09
196.017
124.738
33.0189
-78.6164
-201.258
-322.851
-404.612
-440.776
-438.679
-418.239
-390.985
-360.063
-335.954
-317.086
-313.417
-336.478
-379.455
-429.769
-483.753
-517.296
-519.916
-493.711
-451.782
-388.365
-315.514
-256.289
-214.361
-198.637
-204.403
-245.807
-310.273
-379.979
-442.348
-502.621
-551.887
-583.857
-598.008
-592.243
-583.857
-569.182
-548.742
-535.115
-541.929
-551.363
-558.176
-562.893
-549.79
-512.055
-448.113
-356.918
-252.096
-146.226
-42.4528
49.7904
122.642
155.136
162.474
139.413
101.153
63.4172
38.7841
57.652
138.365
299.79
505.765
717.505
898.847
1056.08
1171.91
1221.17
1208.07
1145.18
1046.65
896.751
713.312
522.537
367.4
258.91
215.933
238.994
301.887
379.455
462.264
559.748
629.979
641.509
590.671
499.476
394.13
276.205
162.474
87.0021
64.9895
109.539
212.264
349.057
502.621
649.371
761.006
814.99
804.507
740.566
640.985
515.723
375.262
236.897
120.021
41.4046
7.86164
13.1027
30.9224
26.2055
-4.19287
-65.5136
-165.094
-295.597
-453.354
-618.449
-757.338
-852.725
-906.184
-898.847
-831.761
-712.264
-567.086
-412.998
-269.916
-170.335
-118.449
-143.606
-226.415
-345.912
-492.662
-631.027
-733.229
-785.115
-809.748
-797.694
-753.145
-692.348
-629.455
-581.237
-562.893
-588.05
-641.509
-721.174
-800.314
-849.057
-863.732
-840.147
-767.296
-648.847
-503.669
-355.346
-216.457
-110.063
-45.0734
-17.8197
-31.4465
-68.6583
-105.87
-142.558
-159.329
-152.516
-120.545
-61.3208
14.1509
99.0566
155.136
180.818
175.577
144.654
88.5744
14.6751
-68.6583
-146.226
-194.444
-199.686
-142.034
-44.5493
76.5199
198.113
316.562
430.294
534.591
617.4
661.426
669.811
642.558
612.159
590.147
596.436
639.937
746.331
907.757
1067.09
1201.78
1287.21
1338.05
1351.68
1321.28
1246.33
1150.94
1039.83
904.088
753.669
600.105
463.836
358.491
298.218
267.82
244.235
232.704
232.704
228.512
200.734
121.069
1.04822
-126.834
-240.566
-334.382
-396.226
-405.136
-357.442
-258.91
-134.172
-12.0545
87.0021
151.992
175.052
156.184
102.201
21.4885
-69.7065
-150.419
-203.878
-227.463
-218.553
-177.149
-128.407
-98.0084
-102.725
-144.654
-228.512
-354.298
-507.862
-681.866
-852.201
-995.807
-1088.57
-1129.98
-1121.07
-1061.84
-962.788
-831.761
-704.927
-604.822
-549.266
-530.398
-557.128
-611.635
-664.046
-705.451
-712.264
-682.39
-606.918
-494.235
-349.581
-195.493
-55.0314
56.6038
122.642
135.22
107.442
57.652
-8.90985
-75.9958
-131.551
-162.474
-162.474
-140.985
-105.87
-65.5136
-28.826
-12.0545
-13.1027
-23.5849
-43.501
-64.4654
-77.5681
-70.7547
-31.4465
46.6457
151.992
278.302
410.901
530.922
633.648
700.21
724.319
700.734
639.937
547.17
441.3
352.201
279.874
234.277
216.457
225.367
250.524
279.35
300.314
299.266
266.247
213.836
158.805
105.87
57.652
9.43396
-27.2537
-58.7002
-82.8092
-96.4361
-99.5807
-64.9895
12.0545
118.973
263.627
433.438
582.285
681.342
741.09
768.344
760.482
722.222
650.943
555.556
446.017
313.941
167.191
16.7715
-132.6
-261.006
-339.623
-364.78
-355.346
-318.134
-256.813
-195.493
-158.805
-156.709
-176.101
-212.788
-253.145
-278.302
-267.296
-209.644
-112.683
7.33753
137.841
270.44
385.22
465.409
506.813
505.765
455.451
382.6
297.694
213.312
136.268
62.369
1.04822
-50.8386
-91.195
-135.744
-193.396
-258.91
-333.333
-417.715
-498.952
-573.375
-631.551
-660.377
-656.184
-614.256
-534.067
-430.294
-320.755
-207.547
-94.8637
17.2956
94.8637
138.365
146.226
119.497
89.0985
60.7966
50.8386
59.7484
83.3333
113.208
136.268
143.606
129.455
85.4298
24.6331
-55.0314
-147.275
-231.656
-306.604
-365.304
-405.136
-426.625
-433.962
-429.245
-418.763
-398.323
-365.304
-325.472
-277.254
-227.463
-185.535
-149.895
-118.449
-89.0985
-60.2725
-33.543
-12.0545
1.57233
9.43396
5.7652
-3.14465
-20.4403
-55.0314
-96.4361
-145.702
-210.168
-279.874
-342.243
-397.799
-446.017
-488.47
-517.296
-536.164
-547.694
-540.881
-516.247
-468.553
-410.901
-350.105
-270.964
-186.059
-112.683
-52.4109
-7.86164
27.2537
38.26
34.5912
38.26
78.6164
166.667
299.266
491.614
718.029
912.998
1050.84
1156.18
1229.04
1254.19
1221.17
1145.7
1047.69
916.667
757.862
585.954
426.101
299.79
213.312
187.631
210.168
263.103
352.725
475.367
588.05
657.757
693.396
703.354
692.872
668.239
651.468
649.895
666.143
693.92
726.939
757.338
765.723
746.331
700.21
623.69
513.627
389.413
269.916
165.618
68.6583
-14.1509
-71.8029
-115.828
-149.895
-185.01
-234.801
-284.591
-341.195
-403.04
-469.602
-549.79
-620.545
-674.004
-711.74
-729.56
-734.801
-723.795
-702.306
-673.48
-653.564
-656.184
-666.143
-689.203
-699.161
-703.878
-708.071
-693.92
-671.908
-625.786
-572.851
-531.971
-506.813
-505.765
-543.501
-610.063
-697.065
-790.881
-876.31
-954.403
-1011.01
-1037.74
-1016.25
-962.788
-879.979
-789.832
-702.83
-616.352
-536.688
-462.788
-410.377
-369.497
-328.616
-278.826
-226.415
-181.342
-133.648
-82.8092
-27.7778
18.8679
52.935
77.5681
83.8574
69.7065
49.2662
17.2956
-23.5849
-50.3145
-56.6038
-42.4528
-23.5849
12.0545
81.761
171.384
267.82
353.249
422.956
485.849
533.543
558.176
578.616
597.484
616.352
639.937
670.335
700.21
728.512
763.627
781.971
772.537
741.09
688.155
622.642
553.983
508.91
493.711
516.771
591.719
697.065
788.26
859.015
916.667
965.933
1009.96
1042.45
1057.13
1052.94
1038.26
991.09
926.101
854.298
781.971
738.994
732.18
743.187
766.771
797.694
820.231
809.224
744.235
633.648
496.331
347.484
188.679
42.9769
-80.7128
-175.052
-235.849
-272.013
-298.742
-332.285
-387.317
-460.168
-545.073
-636.268
-713.836
-770.964
-799.266
-797.694
-763.627
-704.403
-630.503
-549.79
-491.09
-468.029
-490.566
-556.604
-653.564
-765.199
-878.931
-991.614
-1081.24
-1140.99
-1168.76
-1164.05
-1128.41
-1072.33
-1003.14
-939.203
-897.799
-874.214
-857.966
-849.057
-849.057
-843.816
-838.05
-812.893
-770.964
-707.023
-624.738
-535.115
-446.017
-364.256
-298.218
-259.434
-242.662
-247.379
-256.813
-256.813
-241.614
-208.595
-153.04
-82.8092
-4.19287
85.4298
172.956
260.482
337.002
390.461
420.86
424.004
403.564
367.925
323.375
262.579
203.354
147.275
99.5807
70.2306
71.8029
106.918
177.149
269.916
360.587
441.3
510.482
577.044
631.551
676.625
693.92
687.107
666.667
647.799
643.606
635.22
628.931
627.358
633.648
643.606
644.654
638.365
628.407
610.587
574.948
521.488
455.975
383.648
311.845
232.18
150.419
73.3753
-1.04822
-63.9413
-103.249
-88.5744
-11.0063
140.985
338.05
530.398
688.679
800.839
891.509
954.927
987.421
974.843
924.528
859.015
772.537
651.992
508.386
359.539
226.939
109.015
3.66876
-77.5681
-133.124
-156.709
-180.294
-227.463
-302.411
-381.027
-464.361
-541.929
-605.87
-648.323
-645.702
-593.291
-511.006
-424.528
-344.34
-280.922
-240.566
-226.415
-238.994
-262.579
-272.537
-271.488
-257.338
-259.434
-269.916
-280.922
-299.79
-324.948
-372.642
-442.872
-519.916
-598.008
-671.908
-737.421
-801.363
-839.099
-854.822
-855.346
-853.774
-854.298
-842.243
-819.182
-781.971
-735.849
-678.197
-605.87
-517.82
-418.239
-304.507
-188.679
-75.4717
8.38574
59.2243
91.7191
99.0566
100.629
85.9539
51.8868
8.38574
-41.9287
-82.2851
-103.249
-117.925
-123.166
-126.834
-130.503
-130.503
-128.407
-122.642
-111.635
-95.9119
-77.5681
-57.1279
-30.9224
11.0063
62.369
116.876
162.998
207.023
256.813
313.941
366.352
395.702
415.094
430.818
439.727
446.017
437.631
422.956
413.522
408.805
413.522
424.004
429.245
443.92
459.644
471.698
476.415
457.547
426.625
385.22
337.526
291.929
255.241
233.229
229.56
244.759
271.488
301.363
333.333
360.063
378.931
385.744
379.455
364.78
340.671
307.652
273.061
232.18
193.92
159.329
125.786
126.834
150.943
212.788
289.832
356.394
405.66
430.294
447.065
451.258
448.637
436.059
425.052
399.371
352.725
277.254
201.258
128.407
61.3208
2.62055
-48.218
-73.8994
-82.2851
-60.7966
-35.6394
-23.5849
-41.4046
-85.4298
-142.558
-207.023
-286.688
-366.876
-425.577
-454.927
-454.927
-446.017
-435.01
-437.107
-453.878
-484.277
-513.627
-527.778
-529.874
-513.103
-481.656
-449.686
-414.046
-380.503
-344.864
-320.231
-323.899
-348.532
-384.172
-427.673
-480.608
-542.453
-602.725
-651.468
-677.149
-684.486
-691.824
-692.872
-688.155
-669.287
-629.979
-578.616
-518.344
-454.927
-398.847
-344.864
-288.26
-224.319
-144.654
-71.2788
-9.95807
23.0608
26.7296
22.0126
15.1992
8.90985
6.28931
6.28931
8.38574
16.7715
24.6331
39.8323
62.369
90.1468
127.358
167.191
203.878
239.518
271.488
294.549
306.604
305.556
297.17
294.025
297.694
309.224
329.665
359.015
395.702
433.962
472.222
498.952
515.723
519.392
513.103
502.096
492.662
485.849
479.036
463.836
440.776
414.57
381.027
347.484
307.128
261.53
213.836
167.715
140.985
135.744
141.509
150.943
161.95
177.673
202.83
224.843
241.614
253.145
259.434
272.537
297.17
316.562
330.189
331.237
312.893
272.013
211.216
138.365
64.9895
1.57233
-43.501
-49.2662
-3.14465
77.044
152.516
187.107
180.294
157.233
136.792
124.214
115.304
108.491
110.587
106.918
89.0985
64.4654
38.7841
18.3438
0.524109
-18.3438
-38.7841
-56.6038
-64.4654
-71.2788
-87.0021
-132.075
-200.734
-278.826
-358.491
-431.866
-494.759
-537.736
-557.652
-553.983
-539.832
-526.205
-526.205
-540.881
-562.369
-591.195
-612.683
-618.973
-600.629
-559.224
-512.055
-469.602
-441.3
-421.384
-406.184
-397.275
-398.323
-408.281
-422.432
-431.866
-427.673
-419.811
-414.046
-415.618
-423.48
-427.673
-426.101
-416.143
-393.082
-355.346
-309.224
-253.145
-190.252
-124.214
-56.6038
2.62055
47.1698
77.5681
94.3396
112.159
141.509
179.245
216.981
245.807
262.579
273.061
273.061
261.53
245.807
232.18
232.18
245.807
267.296
290.881
313.417
334.382
351.677
365.304
369.497
372.642
380.503
399.895
424.528
448.113
465.409
479.56
493.187
515.723
550.314
585.43
612.159
620.021
601.153
561.321
502.621
436.059
365.304
295.073
226.415
167.191
123.69
105.346
115.828
140.985
174.004
206.499
224.843
231.132
225.891
208.595
187.107
170.86
162.998
161.95
162.474
159.329
150.943
143.082
142.558
143.606
141.509
132.075
112.683
86.478
55.5556
13.6268
-47.6939
-131.551
-233.753
-338.05
-428.721
-485.849
-497.379
-472.222
-428.197
-386.268
-352.201
-317.086
-272.537
-215.409
-145.702
-70.2306
-3.14465
36.6876
40.3564
17.2956
-24.6331
-74.9476
-133.124
-201.258
-274.633
-343.291
-387.317
-404.088
-406.184
-410.901
-434.486
-473.27
-513.103
-535.639
-532.495
-507.862
-471.174
-428.721
-386.268
-349.581
-324.423
-316.562
-324.948
-338.574
-347.484
-342.243
-313.941
-268.344
-206.499
-138.889
-80.1887
-36.6876
-17.8197
-25.1572
-48.7421
-78.0922
-105.87
-126.834
-144.13
-151.992
-150.419
-138.889
-123.166
-106.394
-85.4298
-62.8931
-37.7358
0
46.1216
99.5807
153.04
203.878
257.862
317.086
375.786
428.197
474.843
518.344
555.031
584.906
595.912
588.05
570.231
540.356
503.145
452.306
400.419
352.201
314.465
286.164
267.82
264.151
271.488
278.302
282.495
273.585
253.145
230.608
209.644
207.547
229.56
268.868
305.031
322.851
321.279
301.887
273.061
238.47
198.637
159.329
125.262
98.5325
82.8092
72.327
54.5073
26.7296
-14.1509
-62.8931
-112.683
-150.419
-177.149
-195.493
-198.637
-198.113
-189.727
-186.583
-193.396
-201.782
-214.361
-222.746
-219.602
-200.21
-167.715
-129.979
-95.3878
-66.0377
-46.1216
-41.9287
-56.6038
-81.761
-113.208
-150.419
-181.342
-206.499
-225.367
-243.711
-262.055
-283.019
-311.321
-341.195
-367.4
-388.889
-399.371
-396.751
-388.365
-370.021
-345.388
-316.562
-274.109
-226.415
-182.914
-147.275
-118.973
-95.3878
-60.7966
-17.8197
27.7778
74.4235
107.966
124.214
123.166
116.876
115.828
127.883
156.709
192.872
223.27
242.662
242.662
223.27
191.824
147.799
98.0084
47.1698
4.71698
-35.6394
-73.3753
-106.394
-141.509
-171.908
-190.776
-202.83
-204.403
-196.541
-185.535
-168.763
-150.943
-128.931
-94.3396
-49.7904
3.66876
58.1761
102.725
137.317
165.094
188.155
208.071
225.891
238.47
246.855
252.621
259.958
269.392
272.537
268.868
251.048
223.27
196.541
174.004
161.426
158.805
152.516
138.889
116.876
89.0985
67.086
49.7904
36.6876
20.4403
-2.62055
-25.6813
-42.4528
-49.7904
-50.3145
-46.1216
-38.26
-27.7778
-14.6751
-1.04822
6.81342
7.86164
7.33753
7.33753
11.0063
21.4885
36.6876
50.3145
61.3208
66.5618
61.8449
49.7904
31.4465
13.1027
-4.71698
-16.7715
-24.109
-26.7296
-24.6331
-22.5367
-26.2055
-41.9287
-62.8931
-82.2851
-93.8155
-94.8637
-88.0503
-77.5681
-65.5136
-53.9832
-45.0734
-41.9287
-45.0734
-49.7904
-50.3145
-45.0734
-36.1635
-27.7778
-22.0126
-16.7715
-16.2474
-18.3438
-24.109
-34.0671
-46.6457
-55.0314
-56.0797
-55.5556
-57.1279
-63.4172
-75.4717
-90.1468
-105.346
-118.449
-126.834
-124.738
-110.587
-87.0021
-64.4654
-50.8386
-47.1698
-53.4591
-69.7065
-91.7191
-114.78
-135.22
-147.275
-152.516
-152.516
-147.799
-142.558
-134.696
-121.069
-104.298
-84.9057
-66.0377
-44.0252
-20.4403
-0.524109
13.1027
24.109
31.4465
37.2117
42.9769
50.3145
60.2725
77.044
96.4361
112.683
119.497
113.732
98.5325
78.6164
60.2725
55.0314
62.369
83.3333
112.159
137.317
159.853
172.956
180.294
182.914
181.866
182.914
187.631
191.824
195.493
195.493
188.155
174.528
157.233
135.744
115.828
105.87
107.442
117.4
128.407
137.317
137.841
134.172
127.358
117.4
111.635
106.394
105.346
106.918
101.677
85.4298
60.2725
28.826
3.14465
-14.6751
-26.2055
-30.3983
-34.0671
-40.3564
-51.3627
-62.369
-73.8994
-84.3816
-90.1468
-93.8155
-92.7673
-91.7191
-88.0503
-84.9057
-80.7128
-77.044
-74.9476
-72.327
-70.7547
-70.2306
-66.0377
-58.7002
-50.3145
-41.9287
-36.1635
-33.0189
-33.0189
-36.6876
-41.4046
-46.6457
-51.3627
-55.0314
-59.7484
-71.2788
-85.4298
-107.966
-136.792
-168.239
-200.734
-227.463
-246.855
-258.386
-264.675
-265.723
-266.771
-268.868
-275.157
-281.447
-285.639
-283.543
-267.296
-241.614
-212.788
-180.818
-157.233
-140.985
-128.931
-117.4
-101.677
-82.2851
-55.5556
-24.109
7.33753
30.9224
47.6939
58.7002
61.3208
53.4591
36.6876
20.4403
6.81342
-3.66876
-9.43396
-8.38574
1.04822
13.1027
30.3983
50.3145
73.3753
97.4843
117.925
136.268
157.757
186.583
222.746
265.199
309.224
341.719
360.587
364.256
353.249
334.382
310.797
289.308
275.681
273.061
274.109
272.537
264.675
245.807
216.457
176.625
133.648
96.9602
71.2788
61.8449
68.1342
85.4298
103.249
113.732
111.111
99.5807
82.8092
64.9895
58.7002
64.4654
77.5681
99.0566
120.021
135.22
138.365
130.503
113.732
94.8637
75.9958
58.1761
42.4528
24.6331
4.71698
-20.4403
-52.4109
-82.8092
-111.635
-132.6
-145.178
-148.847
-145.702
-141.509
-139.413
-144.654
-157.233
-180.818
-208.595
-232.18
-244.235
-240.042
-227.987
-214.885
-202.306
-188.679
-174.528
-163.522
-153.04
-145.178
-138.365
-136.268
-143.082
-153.564
-163.522
-171.384
-177.149
-179.769
-181.342
-189.727
-201.782
-214.361
-221.698
-224.319
-221.698
-208.071
-188.679
-167.715
-154.088
-144.13
-136.268
-128.407
-120.021
-106.918
-83.8574
-53.4591
-16.2474
16.2474
33.543
35.1153
27.7778
15.7233
3.66876
1.04822
12.5786
37.2117
64.4654
85.4298
94.3396
90.1468
75.9958
61.3208
57.1279
69.7065
92.7673
120.021
143.606
155.66
157.757
150.419
138.365
125.262
108.491
94.8637
87.0021
82.2851
76.5199
71.8029
67.6101
67.086
65.5136
66.0377
73.3753
81.2369
93.8155
113.732
135.22
154.612
165.618
171.908
177.673
177.673
166.667
157.233
154.612
155.66
159.853
163.522
171.908
183.962
188.155
183.962
171.908
149.895
121.593
89.6226
61.3208
38.7841
21.4885
12.0545
11.0063
16.7715
24.6331
30.3983
37.2117
49.2662
61.3208
72.8512
83.8574
89.0985
86.478
72.327
48.218
24.109
4.19287
-11.0063
-18.8679
-17.8197
-8.38574
6.28931
12.0545
8.38574
-3.66876
-28.826
-60.7966
-94.8637
-124.214
-144.13
-157.233
-164.57
-163.522
-163.522
-165.094
-165.094
-162.998
-157.233
-147.275
-128.931
-106.918
-83.3333
-69.1824
-63.4172
-66.0377
-78.6164
-93.8155
-111.635
-121.593
-121.593
-115.304
-104.822
-94.3396
-83.8574
-74.4235
-78.0922
-89.0985
-99.0566
-111.635
-127.883
-143.082
-148.323
-147.799
-146.751
-142.034
-136.268
-129.455
-133.124
-139.413
-136.792
-136.792
-140.461
-132.6
-121.593
-118.973
-118.449
-115.828
-110.587
-100.105
-92.2432
-81.2369
-63.4172
-55.0314
-53.4591
-45.5975
-38.7841
-34.5912
-33.543
-36.1635
-37.2117
-28.826
-15.1992
-5.7652
9.43396
33.0189
44.5493
48.7421
47.1698
41.4046
41.9287
49.2662
61.3208
79.1405
99.0566
112.159
123.166
136.792
147.799
167.191
197.065
221.698
237.945
256.289
271.488
279.874
279.35
278.826
281.447
280.398
268.344
258.91
266.771
267.82
259.958
257.862
253.145
241.614
227.987
215.933
208.595
211.216
215.933
218.553
225.367
218.553
194.969
170.86
151.992
133.124
120.545
109.015
97.4843
83.8574
66.5618
49.7904
41.9287
39.3082
31.9706
20.9644
3.66876
-22.5367
-53.4591
-76.5199
-84.9057
-88.5744
-100.105
-120.021
-153.04
-190.776
-216.981
-226.939
-223.795
-214.361
-205.975
-194.969
-183.962
-183.438
-187.107
-190.252
-200.734
-223.795
-254.193
-277.254
-287.736
-282.495
-269.916
-256.813
-251.048
-261.006
-277.254
-282.495
-273.585
-258.91
-240.566
-225.367
-205.451
-180.294
-158.281
-138.365
-116.352
-106.918
-110.587
-109.015
-95.9119
-72.327
-49.7904
-38.7841
-37.7358
-49.2662
-63.4172
-72.8512
-71.2788
-62.8931
-64.9895
-73.3753
-84.3816
-97.4843
-96.4361
-80.1887
-63.4172
-55.0314
-63.4172
-81.761
-89.0985
-79.6646
-59.2243
-30.9224
-14.6751
-18.8679
-28.826
-31.4465
-16.2474
17.8197
49.2662
68.1342
72.327
66.0377
69.7065
87.5262
111.635
143.082
171.384
194.444
213.836
231.656
264.151
291.929
302.411
305.556
309.224
326.52
353.774
377.358
394.13
400.419
382.6
356.394
351.153
364.78
378.931
384.696
367.925
343.816
328.092
318.658
322.327
315.514
283.019
241.614
197.589
168.763
170.335
181.866
191.3
175.577
132.6
95.3878
62.8931
41.9287
42.4528
45.5975
31.9706
4.71698
-29.8742
-58.1761
-69.1824
-77.044
-89.6226
-109.015
-143.082
-178.197
-196.541
-200.21
-190.776
-188.679
-202.306
-211.216
-212.788
-221.698
-239.518
-263.103
-277.254
-280.922
-296.646
-296.122
-266.247
-239.518
-243.711
-273.061
-295.073
-306.08
-303.983
-290.356
-270.44
-246.331
-243.187
-256.289
-258.91
-256.813
-240.042
-218.553
-217.505
-224.843
-232.18
-232.18
-217.505
-192.348
-149.895
-124.214
-132.6
-142.558
-139.413
-125.262
-113.208
-107.966
-92.2432
-73.8994
-59.2243
-54.5073
-57.652
-50.3145
-47.6939
-43.501
-45.0734
-51.3627
-33.543
-18.3438
-10.4822
-2.09644
5.7652
19.392
30.3983
37.2117
39.3082
35.1153
28.3019
29.3501
57.1279
88.5744
101.153
106.394
109.539
116.876
126.834
123.69
131.027
151.468
164.046
174.004
170.335
177.673
207.547
225.367
230.084
217.505
211.74
220.126
232.704
250
268.344
280.922
270.964
265.199
266.247
260.482
263.103
268.344
278.826
291.405
288.784
277.778
270.44
263.103
259.958
251.048
239.518
242.662
251.048
253.669
236.897
209.119
188.679
178.721
182.39
176.625
163.522
145.702
124.738
112.683
95.9119
64.9895
36.6876
12.0545
-7.33753
-16.7715
-28.3019
-30.3983
-30.9224
-44.0252
-59.7484
-82.2851
-112.683
-129.455
-134.696
-140.985
-160.377
-186.059
-198.113
-201.782
-223.795
-256.813
-268.868
-272.013
-270.44
-274.633
-275.157
-270.44
-272.013
-277.778
-298.218
-317.61
-335.954
-338.574
-327.568
-325.472
-327.044
-329.14
-326.52
-319.706
-306.08
-295.597
-284.591
-278.826
-289.308
-285.639
-270.44
-242.662
-214.885
-222.222
-228.512
-233.753
-241.614
-241.09
-223.27
-188.679
-155.136
-141.509
-142.034
-138.365
-144.13
-139.413
-105.87
-75.4717
-63.4172
-62.8931
-64.4654
-56.6038
-43.501
-21.4885
6.81342
25.1572
50.8386
77.044
97.4843
117.4
133.124
157.233
190.252
199.161
193.396
186.583
193.396
210.692
222.746
247.904
272.013
280.922
277.778
276.73
287.736
305.031
319.182
333.857
348.008
343.291
341.719
333.333
324.948
324.948
320.231
330.189
331.761
335.43
347.484
347.484
352.725
370.545
372.642
342.767
323.899
312.369
295.073
278.826
265.723
262.055
251.048
227.987
194.444
169.287
153.564
139.413
131.027
129.979
125.262
101.677
84.9057
69.1824
45.5975
17.8197
0.524109
-5.7652
-18.8679
-29.8742
-42.4528
-48.218
-52.935
-89.0985
-107.442
-106.918
-135.22
-147.799
-151.992
-165.618
-178.197
-203.878
-218.553
-226.415
-237.945
-254.717
-272.537
-269.392
-262.055
-268.868
-273.061
-289.308
-311.845
-318.658
-332.285
-332.809
-334.382
-340.671
-344.34
-358.491
-361.635
-370.021
-382.6
-382.075
-379.979
-384.696
-397.799
-408.281
-403.04
-385.22
-373.69
-364.78
-354.822
-350.629
-339.099
-301.363
-265.723
-233.753
-190.252
-171.384
-150.943
-136.268
-125.786
-96.4361
-75.9958
-59.2243
-40.3564
-27.2537
-13.1027
7.33753
20.9644
30.9224
53.9832
78.6164
105.346
138.889
162.998
188.155
207.547
221.174
242.662
248.952
251.572
264.151
272.013
278.302
289.308
289.308
285.639
280.398
270.964
280.922
281.971
273.585
279.874
281.447
278.826
264.151
247.379
252.096
260.482
256.289
252.096
240.042
220.65
211.74
198.637
203.354
200.734
182.914
182.914
178.197
175.052
166.667
146.751
149.371
158.805
157.233
156.709
153.04
154.088
159.853
145.702
135.744
133.124
123.166
120.545
111.635
113.732
116.876
103.774
99.5807
98.5325
88.0503
85.9539
81.761
75.4717
77.044
68.1342
50.8386
44.0252
41.4046
41.4046
31.4465
8.38574
-9.95807
-29.8742
-49.7904
-66.0377
-88.0503
-104.298
-122.642
-149.895
-166.143
-178.721
-197.065
-209.644
-222.746
-238.994
-253.145
-268.344
-273.061
-273.585
-276.73
-272.013
-267.82
-271.488
-274.633
-277.778
-284.067
-287.736
-290.356
-284.067
-272.013
-263.103
-254.717
-247.904
-245.283
-240.566
-232.704
-224.843
-211.74
-197.065
-189.727
-178.721
-165.618
-157.757
-157.233
-158.805
-155.66
-149.371
-140.985
-135.22
-129.455
-115.304
-97.4843
-84.3816
-70.2306
-50.8386
-42.9769
-36.6876
-25.6813
-12.5786
3.66876
7.33753
10.4822
19.392
20.9644
27.2537
44.5493
58.7002
67.086
72.8512
74.9476
78.0922
86.478
96.4361
102.725
100.629
101.677
103.774
100.629
100.629
102.725
111.635
127.358
138.365
149.371
158.281
158.281
163.522
174.004
183.962
195.493
203.354
207.023
209.119
207.547
205.975
202.83
199.686
200.734
193.396
188.155
187.631
183.962
187.107
190.776
187.107
182.39
176.625
166.143
155.66
149.895
150.419
148.847
142.558
136.268
129.455
122.117
121.593
123.69
123.69
121.593
111.111
100.105
97.4843
100.629
109.015
112.159
108.491
105.87
98.5325
85.9539
77.044
73.3753
76.5199
78.6164
74.4235
67.086
57.1279
45.5975
36.1635
27.7778
20.9644
17.2956
7.33753
-7.86164
-17.8197
-27.2537
-37.2117
-44.0252
-51.3627
-60.2725
-74.9476
-88.0503
-95.9119
-107.966
-115.304
-123.69
-135.22
-147.799
-166.143
-181.866
-194.444
-207.023
-218.029
-234.277
-251.048
-263.627
-279.874
-292.977
-300.839
-308.7
-313.941
-321.803
-330.713
-337.526
-344.34
-349.057
-345.388
-340.671
-339.099
-338.05
-341.195
-346.96
-349.057
-346.436
-335.954
-325.472
-316.038
-305.556
-298.742
-290.356
-271.488
-246.855
-220.65
-197.065
-175.577
-155.136
-142.034
-131.027
-112.159
-84.3816
-56.6038
-32.4948
-7.33753
13.6268
33.0189
51.3627
73.3753
103.249
134.696
163.522
187.107
202.83
212.788
222.746
239.518
258.386
277.254
297.17
312.893
323.375
331.761
339.623
344.864
349.581
355.87
360.063
361.635
363.208
364.78
367.4
365.828
363.208
361.111
358.491
348.008
337.526
335.954
332.809
324.948
317.086
310.273
299.79
281.971
262.579
244.235
227.987
212.788
198.637
189.727
180.818
169.811
156.184
140.985
124.738
107.442
92.7673
78.6164
69.1824
58.1761
43.501
29.3501
16.2474
1.57233
-14.6751
-29.8742
-42.9769
-51.8868
-55.5556
-59.7484
-63.4172
-64.9895
-66.5618
-75.4717
-86.478
-95.9119
-106.918
-113.732
-117.4
-120.021
-124.214
-131.551
-140.985
-155.136
-166.667
-176.101
-180.818
-181.342
-182.39
-186.583
-193.92
-202.306
-213.836
-226.415
-238.994
-252.096
-258.386
-265.199
-270.964
-276.73
-284.067
-289.308
-291.929
-294.025
-299.79
-300.839
-297.17
-292.977
-287.212
-281.447
-276.73
-272.537
-266.771
-262.579
-261.53
-254.193
-243.187
-233.229
-226.939
-219.078
-204.403
-191.3
-179.245
-166.667
-155.136
-145.702
-133.648
-118.973
-102.725
-84.9057
-64.9895
-44.5493
-30.9224
-22.5367
-13.1027
-1.04822
14.6751
33.0189
51.3627
71.2788
89.6226
104.298
116.876
127.883
142.034
159.329
176.101
191.3
205.975
218.029
227.463
238.47
245.283
254.193
265.199
275.681
286.688
295.597
301.887
306.604
310.797
313.941
318.658
323.899
324.948
322.851
318.658
308.7
298.742
295.597
291.929
287.736
278.302
263.103
248.952
232.704
220.126
211.74
200.21
187.631
174.004
160.377
146.226
132.6
120.021
105.87
90.6709
74.4235
59.2243
46.1216
31.9706
17.2956
1.57233
-12.0545
-22.0126
-27.7778
-31.9706
-40.8805
-54.5073
-70.7547
-85.9539
-94.3396
-99.5807
-102.201
-106.918
-113.208
-123.166
-135.22
-142.034
-146.226
-147.799
-148.847
-152.516
-156.184
-160.377
-162.474
-161.426
-158.281
-154.612
-148.847
-144.654
-144.13
-143.082
-143.082
-141.509
-136.268
-133.124
-131.551
-133.124
-138.889
-146.226
-149.895
-148.847
-146.751
-145.178
-147.275
-149.895
-150.943
-153.564
-151.992
-147.275
-142.558
-135.22
-128.407
-120.545
-116.352
-115.304
-112.683
-110.063
-108.491
-107.442
-105.346
-101.153
-100.105
-102.201
-107.442
-109.015
-110.587
-107.442
-98.5325
-90.6709
-80.7128
-76.5199
-72.8512
-64.9895
-53.9832
-40.8805
-29.8742
-19.392
-11.0063
-2.62055
0.524109
1.57233
9.95807
23.5849
41.4046
59.2243
72.327
80.7128
84.3816
89.6226
98.5325
107.442
115.828
117.4
115.828
111.111
107.442
109.015
114.256
123.166
130.503
139.937
149.371
158.805
166.667
172.432
182.914
196.541
208.595
216.981
218.029
215.409
212.788
211.216
210.692
209.644
208.071
204.927
199.161
192.872
184.486
174.528
162.474
153.04
143.082
131.551
118.973
104.298
90.1468
78.6164
68.1342
60.7966
53.4591
46.1216
39.3082
33.543
28.3019
23.5849
20.4403
17.8197
13.6268
5.7652
-5.24109
-14.6751
-24.6331
-31.9706
-37.2117
-40.8805
-44.5493
-47.6939
-53.9832
-63.4172
-70.7547
-78.0922
-84.3816
-90.1468
-97.4843
-102.201
-106.918
-110.063
-113.208
-114.256
-115.304
-114.78
-112.159
-105.87
-96.9602
-89.6226
-83.8574
-79.6646
-77.044
-74.4235
-72.327
-70.7547
-72.8512
-74.9476
-77.044
-80.1887
-83.3333
-87.5262
-90.6709
-89.0985
-85.9539
-82.8092
-79.1405
-78.0922
-78.6164
-81.2369
-85.4298
-90.6709
-95.3878
-99.5807
-103.774
-105.87
-109.539
-113.208
-114.256
-117.4
-119.497
-118.449
-115.828
-113.208
-109.539
-107.442
-109.539
-113.732
-116.876
-121.593
-123.69
-122.117
-119.497
-113.208
-106.394
-98.0084
-87.5262
-79.6646
-74.9476
-70.2306
-61.8449
-50.8386
-38.26
-22.5367
-9.95807
1.57233
13.1027
24.6331
36.1635
45.0734
53.9832
59.7484
67.086
73.8994
82.2851
93.8155
107.442
121.593
135.22
148.847
157.233
162.998
166.667
167.715
172.432
181.866
194.969
209.644
222.746
231.132
233.753
232.704
229.56
222.746
215.933
209.644
202.83
200.21
197.589
193.92
186.583
177.149
165.618
155.66
149.371
141.509
136.268
128.931
118.973
112.683
106.394
99.0566
89.0985
79.6646
70.7547
62.369
56.0797
48.7421
39.8323
30.3983
19.392
9.95807
-0.524109
-11.5304
-24.6331
-37.2117
-48.7421
-59.2243
-67.086
-73.3753
-82.2851
-90.6709
-95.3878
-99.5807
-102.725
-105.346
-109.539
-115.304
-121.593
-127.358
-129.979
-130.503
-129.979
-131.027
-131.551
-131.027
-133.124
-135.744
-139.413
-145.702
-152.516
-158.805
-165.618
-172.432
-179.769
-186.583
-191.824
-193.396
-193.396
-192.348
-188.155
-185.01
-183.438
-181.866
-179.245
-175.052
-169.811
-161.95
-154.088
-145.702
-137.317
-131.027
-124.738
-121.593
-116.876
-113.208
-106.394
-96.4361
-88.5744
-80.7128
-71.8029
-66.0377
-59.2243
-51.3627
-40.3564
-29.3501
-16.2474
-1.57233
9.95807
20.4403
33.0189
47.1698
60.7966
73.3753
82.8092
92.2432
103.774
116.876
129.455
140.985
150.419
158.805
170.335
182.39
191.824
200.21
206.499
212.788
218.029
222.222
222.746
223.795
226.939
231.656
236.373
237.945
236.897
232.704
228.512
223.795
219.078
213.836
209.644
204.403
195.493
187.107
177.673
170.86
166.667
159.853
151.992
141.509
129.979
119.497
109.539
98.0084
82.8092
68.6583
55.0314
41.4046
28.3019
17.8197
5.24109
-5.24109
-14.6751
-24.6331
-37.7358
-49.7904
-60.2725
-69.1824
-78.6164
-88.0503
-97.4843
-109.539
-119.497
-128.407
-137.841
-147.275
-154.612
-161.426
-167.191
-174.004
-182.914
-190.776
-197.589
-203.354
-205.975
-209.644
-214.885
-219.078
-221.174
-225.367
-227.987
-227.463
-226.415
-222.746
-216.981
-208.071
-200.734
-193.396
-186.059
-180.294
-176.101
-168.239
-160.377
-151.992
-142.558
-134.696
-127.883
-121.593
-113.732
-103.774
-93.8155
-84.3816
-73.3753
-62.8931
-51.3627
-38.26
-23.5849
-9.95807
4.19287
17.8197
29.8742
42.4528
55.5556
69.7065
84.3816
97.4843
109.539
120.545
130.503
137.841
145.178
151.992
161.426
168.763
175.052
179.769
182.39
186.583
187.631
184.486
181.866
178.721
177.673
177.149
177.673
176.101
172.956
171.384
171.908
171.908
171.384
168.239
164.046
158.281
151.992
145.702
138.365
129.455
119.497
109.539
99.0566
89.6226
81.2369
71.2788
64.4654
57.652
50.3145
44.0252
36.6876
28.3019
18.8679
8.90985
0
-6.28931
-12.0545
-19.9161
-26.7296
-34.5912
-40.8805
-42.4528
-44.5493
-48.218
-53.4591
-58.7002
-63.9413
-70.7547
-77.5681
-83.8574
-91.195
-96.4361
-102.201
-108.491
-115.304
-123.166
-129.979
-136.268
-139.413
-140.461
-142.034
-140.985
-142.034
-142.558
-142.034
-142.558
-141.509
-140.461
-139.413
-137.317
-134.172
-132.6
-131.027
-126.31
-121.593
-115.828
-109.015
-103.249
-96.4361
-89.6226
-85.4298
-80.1887
-73.8994
-68.1342
-64.9895
-61.3208
-59.2243
-57.652
-54.5073
-50.8386
-45.5975
-37.2117
-29.3501
-19.392
-7.86164
2.09644
11.0063
24.109
34.0671
45.0734
56.6038
64.9895
71.2788
75.9958
80.1887
82.8092
89.0985
96.4361
106.918
119.497
131.027
140.985
145.702
148.323
150.419
147.799
146.751
143.606
138.889
133.124
127.883
123.166
119.497
117.4
116.352
115.828
113.208
109.015
105.346
99.0566
92.7673
87.5262
79.6646
71.8029
64.9895
57.652
50.3145
44.0252
38.26
31.4465
26.2055
20.9644
17.2956
14.6751
11.0063
6.81342
2.09644
-5.24109
-13.6268
-24.109
-35.6394
-47.6939
-56.6038
-65.5136
-74.4235
-80.1887
-83.3333
-87.0021
-89.0985
-91.195
-92.7673
-96.4361
-99.0566
-102.725
-104.822
-103.249
-103.249
-101.677
-99.5807
-95.9119
-91.7191
-85.4298
-78.0922
-70.7547
-62.369
-53.4591
-44.0252
-34.5912
-27.2537
-20.9644
-15.1992
-11.0063
-7.86164
-4.19287
1.57233
4.71698
5.7652
9.43396
9.95807
8.90985
11.0063
14.1509
18.8679
21.4885
24.109
21.4885
15.7233
12.5786
8.38574
6.28931
6.81342
8.38574
12.0545
14.6751
16.2474
19.9161
21.4885
21.4885
22.0126
22.0126
23.5849
24.6331
28.3019
32.4948
35.1153
34.5912
32.4948
30.3983
28.826
26.2055
22.0126
17.2956
12.0545
4.19287
-1.57233
-5.7652
-11.0063
-17.8197
-22.5367
-26.2055
-29.8742
-30.9224
-31.4465
-31.9706
-34.0671
-36.1635
-38.7841
-41.9287
-44.5493
-47.1698
-49.7904
-49.7904
-47.6939
-44.0252
-40.3564
-38.7841
-34.0671
-28.3019
-24.109
-20.9644
-16.7715
-16.2474
-15.7233
-15.1992
-13.1027
-13.1027
-15.1992
-15.1992
-13.6268
-9.95807
-5.24109
1.04822
7.33753
12.0545
17.8197
21.4885
27.2537
30.3983
30.9224
31.4465
32.4948
35.1153
38.7841
41.4046
43.501
46.1216
47.1698
49.7904
51.8868
52.4109
53.9832
53.4591
52.935
53.4591
52.935
49.2662
47.1698
46.6457
46.6457
48.218
50.8386
54.5073
53.9832
54.5073
56.6038
58.1761
59.2243
59.7484
59.2243
58.7002
59.7484
61.3208
62.369
62.369
63.4172
64.9895
64.9895
65.5136
62.369
58.7002
54.5073
49.2662
47.1698
44.5493
38.7841
30.9224
24.109
17.2956
9.95807
5.24109
-0.524109
-7.33753
-11.5304
-14.6751
-18.3438
-18.8679
-21.4885
-27.2537
-35.1153
-41.4046
-48.7421
-56.0797
-64.4654
-70.7547
-75.9958
-79.6646
-83.3333
-87.5262
-91.195
-98.0084
-103.774
-106.918
-109.015
-110.063
-110.587
-113.732
-116.352
-119.497
-123.166
-126.834
-131.551
-134.696
-136.792
-137.841
-133.648
-126.834
-118.973
-110.063
-101.677
-94.8637
-90.1468
-86.478
-83.8574
-81.761
-77.5681
-76.5199
-74.9476
-69.7065
-65.5136
-60.2725
-53.9832
-48.218
-40.8805
-30.9224
-21.4885
-13.1027
-4.19287
3.66876
11.5304
18.8679
24.6331
29.3501
33.0189
38.7841
47.1698
56.0797
65.5136
73.8994
79.1405
85.9539
94.8637
101.153
106.394
110.063
112.683
114.78
117.925
122.117
125.262
127.358
127.883
128.931
128.931
132.075
135.744
137.841
142.034
143.606
143.606
142.558
137.841
133.648
130.503
127.358
126.31
124.738
122.642
120.545
118.449
115.828
110.587
104.822
98.0084
90.1468
83.3333
78.0922
71.8029
67.086
59.2243
52.4109
46.1216
38.26
32.4948
24.109
16.7715
11.5304
6.28931
3.66876
-1.04822
-8.38574
-16.7715
-26.7296
-36.6876
-46.1216
-55.0314
-62.8931
-70.2306
-75.9958
-82.2851
-87.5262
-93.2914
-99.0566
-105.87
-112.683
-118.449
-122.117
-126.31
-129.455
-131.551
-134.696
-137.317
-140.985
-143.082
-146.226
-146.751
-145.178
-142.558
-140.461
-140.461
-139.937
-142.034
-143.082
-142.034
-140.461
-136.792
-133.124
-131.027
-126.834
-122.642
-118.973
-114.256
-112.159
-109.015
-104.822
-98.0084
-90.1468
-81.761
-74.9476
-68.1342
-59.7484
-52.4109
-44.5493
-38.26
-31.9706
-24.109
-15.1992
-7.86164
1.04822
7.86164
14.6751
19.9161
24.6331
30.3983
37.2117
44.5493
52.4109
61.3208
67.6101
74.4235
81.2369
87.5262
92.2432
96.9602
102.725
107.966
114.256
120.021
123.69
125.262
128.407
131.027
131.027
132.6
134.696
133.648
136.268
138.889
139.413
140.985
142.034
140.985
140.461
138.889
137.317
135.22
135.744
135.22
134.696
133.648
130.503
127.883
123.166
118.449
114.78
109.539
103.249
96.4361
88.0503
79.6646
71.8029
63.9413
54.5073
45.0734
38.26
30.3983
22.5367
14.1509
4.71698
-2.62055
-8.38574
-14.6751
-22.5367
-32.4948
-42.4528
-51.8868
-61.3208
-69.1824
-76.5199
-84.3816
-89.0985
-93.2914
-96.9602
-100.105
-103.774
-106.394
-109.015
-111.111
-111.635
-114.78
-119.497
-122.642
-124.738
-126.834
-125.786
-124.214
-123.166
-122.642
-122.642
-123.69
-121.593
-118.449
-115.828
-112.683
-110.587
-108.491
-107.966
-108.491
-106.918
-105.87
-104.298
-100.105
-96.4361
-92.7673
-88.5744
-84.3816
-81.761
-78.0922
-74.4235
-71.2788
-64.9895
-57.652
-50.3145
-41.4046
-33.0189
-26.2055
-20.4403
-14.1509
-8.38574
-2.09644
3.66876
8.90985
13.6268
20.4403
29.3501
39.3082
48.218
56.0797
61.8449
68.1342
73.3753
76.5199
78.6164
78.6164
78.0922
79.1405
82.2851
87.0021
91.195
93.2914
94.8637
95.9119
97.4843
98.5325
96.4361
94.3396
93.8155
93.8155
92.7673
93.2914
92.7673
89.6226
87.5262
87.0021
88.0503
87.5262
83.8574
80.7128
79.1405
77.044
74.9476
71.8029
67.6101
63.4172
57.652
51.8868
47.6939
43.501
39.3082
37.7358
36.1635
33.0189
28.3019
23.5849
19.392
17.2956
15.1992
13.1027
8.38574
3.14465
-1.04822
-6.28931
-9.95807
-13.6268
-16.7715
-19.392
-22.0126
-24.6331
-27.7778
-31.4465
-35.6394
-41.4046
-45.0734
-46.6457
-49.7904
-53.4591
-55.0314
-56.6038
-56.0797
-56.0797
-56.6038
-56.0797
-55.5556
-55.0314
-56.0797
-55.5556
-53.9832
-52.935
-52.4109
-50.8386
-50.8386
-51.8868
-51.8868
-50.8386
-50.3145
-51.3627
-52.935
-53.4591
-51.3627
-48.218
-46.1216
-42.9769
-40.8805
-37.7358
-36.6876
-36.1635
-31.9706
-30.9224
-31.4465
-29.8742
-26.2055
-21.4885
-19.9161
-18.8679
-15.7233
-12.0545
-8.38574
-4.71698
-2.62055
0.524109
3.14465
4.71698
7.33753
7.86164
5.7652
6.81342
7.86164
11.5304
13.1027
14.1509
16.2474
17.2956
19.392
20.4403
19.392
18.3438
16.2474
14.6751
16.7715
19.9161
22.5367
23.5849
24.6331
28.826
30.3983
29.8742
27.2537
24.109
23.5849
22.5367
21.4885
22.0126
22.0126
22.0126
19.9161
17.8197
16.7715
14.1509
14.1509
15.7233
15.7233
17.2956
15.7233
14.6751
14.1509
12.0545
9.95807
6.81342
6.28931
7.33753
7.86164
9.43396
9.95807
9.95807
11.0063
10.4822
9.43396
6.81342
4.19287
2.62055
3.66876
4.71698
6.81342
7.33753
6.81342
5.7652
3.66876
2.62055
1.04822
0
-1.04822
-1.57233
-1.57233
-0.524109
-0.524109
-1.57233
-2.09644
-2.09644
-1.57233
-2.62055
-4.71698
-6.28931
-6.81342
-5.7652
-5.7652
-6.28931
-5.24109
-5.7652
-6.81342
-7.33753
-9.43396
-9.95807
-9.95807
-9.43396
-8.90985
-6.28931
-3.66876
-1.57233
-2.09644
-2.09644
-4.71698
-7.33753
-8.90985
-8.38574
-7.33753
-3.66876
-1.57233
0.524109
1.57233
1.04822
-1.04822
-2.09644
-2.09644
-1.57233
-1.04822
0
1.57233
1.57233
3.14465
1.57233
0.524109
1.04822
2.62055
3.14465
3.66876
4.71698
2.62055
1.57233
-1.04822
-3.66876
-5.7652
-7.33753
-8.38574
-9.95807
-13.1027
-16.7715
-21.4885
-24.109
-26.7296
-27.7778
-28.3019
-28.3019
-26.2055
-25.1572
-24.109
-25.1572
-26.7296
-28.3019
-31.4465
-33.543
-34.5912
-34.5912
-33.543
-33.0189
-31.4465
-30.9224
-32.4948
-34.0671
-34.5912
-34.0671
-34.0671
-32.4948
-28.826
-25.6813
-20.9644
-15.7233
-12.5786
-9.43396
-6.81342
-4.19287
-2.09644
-0.524109
1.04822
3.14465
5.7652
8.38574
12.0545
16.2474
20.9644
26.2055
31.9706
37.2117
40.3564
42.9769
46.6457
50.3145
55.0314
62.369
66.0377
70.2306
72.8512
74.4235
75.4717
75.9958
75.9958
75.9958
75.9958
78.6164
81.2369
83.3333
83.3333
84.3816
85.9539
87.5262
90.1468
91.7191
93.2914
93.8155
92.7673
91.7191
89.6226
86.478
83.8574
79.1405
77.5681
74.9476
70.2306
66.0377
60.2725
56.6038
50.3145
43.501
37.7358
30.3983
24.6331
17.8197
11.5304
5.24109
-3.14465
-11.5304
-19.392
-27.7778
-36.1635
-43.501
-50.8386
-58.7002
-66.5618
-73.8994
-81.761
