SAMPLES: 8558
BITSPERSAMPLE:	16
CHANNELS:	1
SAMPLERATE:	16000
NORMALIZED:	FALSE
1307.96
1068.32
477.335
219.509
722.821
1422.91
1548.25
976.101
190.934
-253.929
-174.049
248.084
670.866
648.786
13.6381
-770.23
-1059.88
-709.183
-162.359
55.8514
-136.381
-400.052
-499.416
-544.227
-587.739
-412.391
10.391
339.655
315.625
38.9661
-177.296
-150.669
63.6446
314.976
433.823
316.275
29.874
-222.107
-296.792
-298.74
-316.275
-313.028
-316.924
-405.897
-627.354
-920.899
-1119.63
-1076.76
-862.45
-718.275
-791.012
-990.388
-1155.34
-1204.7
-1104.04
-906.611
-694.246
-568.905
-587.089
-705.936
-781.92
-682.556
-426.029
-172.1
-94.1681
-135.732
-155.215
-111.703
-28.5751
70.7884
153.267
189.635
199.377
148.721
61.0469
19.483
64.2941
113.651
65.5929
-33.1212
-109.755
-160.41
-214.963
-203.273
-93.5186
-2.59774
-29.874
-164.956
-270.814
-223.406
-97.4152
-44.1616
-100.013
-129.238
-54.5525
16.2359
-35.7189
-195.48
-218.86
2.59774
583.193
1352.77
1546.95
842.317
97.4152
380.569
1370.31
2072.35
2077.54
1781.4
1670.35
1546.3
1042.99
500.065
699.441
1490.45
1939.21
1501.49
539.031
-168.853
-249.383
124.692
531.887
612.417
134.433
-663.073
-1155.99
-1049.49
-606.572
-250.682
-201.974
-390.31
-578.647
-669.567
-700.74
-535.784
-57.7997
429.277
553.319
313.677
25.9774
9.09209
285.102
657.878
884.53
805.299
482.53
157.813
27.2763
39.6155
65.5929
33.1212
-108.456
-313.028
-535.784
-835.823
-1147.55
-1233.28
-1085.86
-956.618
-1031.3
-1323.55
-1608.65
-1640.47
-1456.03
-1230.03
-1017.66
-879.984
-867.645
-900.766
-896.22
-779.322
-512.404
-204.572
-18.1842
12.3393
-18.8336
-71.4378
-67.5412
82.4782
305.234
445.512
392.259
192.233
8.44265
-29.874
29.2246
54.5525
13.6381
-64.9435
-162.359
-265.619
-364.982
-438.369
-424.081
-310.43
-207.17
-182.491
-211.066
-282.504
-324.068
-241.59
-77.9322
46.1099
81.8288
86.3749
97.4152
127.939
101.961
71.4378
219.509
652.033
1326.15
1670.35
1177.43
329.264
239.642
1041.69
1784
1926.22
1651.51
1404.73
1274.19
941.681
423.432
346.149
943.629
1524.87
1429.41
736.459
-7.79322
-276.659
29.874
529.939
770.23
505.91
-137.68
-677.361
-746.201
-420.184
-48.7076
92.8692
-33.1212
-248.734
-384.466
-479.283
-511.105
-261.722
226.003
539.68
442.915
86.3749
-176.646
-87.0243
281.855
628.004
699.441
485.128
151.968
-91.5703
-131.835
-58.4491
7.79322
-6.49435
-171.451
-457.852
-718.925
-839.07
-869.593
-853.358
-812.443
-872.841
-1030.65
-1196.91
-1315.11
-1289.13
-1129.37
-975.451
-892.324
-867.645
-920.249
-952.721
-835.173
-599.428
-350.045
-228.601
-290.947
-385.764
-350.045
-172.75
29.2246
152.617
123.393
-33.1212
-131.186
-93.5186
-5.84491
37.0178
-1.9483
-76.6333
-123.393
-133.784
-196.779
-320.171
-392.908
-374.724
-270.814
-181.842
-213.664
-324.068
-424.081
-448.11
-377.971
-233.147
-139.629
-177.945
-221.457
-259.125
-270.165
-135.082
189.635
798.805
1383.3
1292.38
508.508
129.238
791.012
1734.64
2151.58
1996.36
1809.33
1821.02
1620.99
968.957
579.945
1103.39
1938.56
2093.78
1338.49
332.511
-142.226
100.662
603.975
879.335
662.424
-60.3975
-868.295
-1127.42
-692.298
-112.352
54.5525
-288.999
-687.752
-746.85
-651.383
-602.026
-400.701
66.8918
453.955
405.247
37.0178
-178.595
62.3458
572.802
952.721
1054.03
887.128
530.588
255.877
263.021
460.449
622.159
531.238
196.129
-122.094
-366.281
-665.021
-950.123
-982.595
-810.495
-756.592
-1038.45
-1567.09
-1836.6
-1676.19
-1458.63
-1400.18
-1358.62
-1273.54
-1227.43
-1239.77
-1230.03
-1022.86
-646.188
-392.259
-393.558
-399.403
-298.74
-211.066
-158.462
-79.8805
109.755
339.005
342.902
77.9322
-101.961
-24.6785
113.002
103.91
-27.9257
-128.588
-172.1
-239.642
-387.063
-457.202
-402.65
-368.23
-447.461
-549.422
-566.307
-509.157
-453.306
-463.697
-415.638
-298.74
-201.974
-170.152
-192.882
-163.008
22.0808
429.277
1113.78
1681.39
1494.35
717.626
418.236
1137.81
2049.62
2345.11
2068.45
1803.48
1808.68
1628.78
1035.2
652.033
1073.52
1796.99
1894.4
1170.28
246.136
-173.399
62.9952
524.094
742.954
511.755
-166.255
-865.697
-1039.75
-596.181
-8.44265
183.79
-152.617
-593.584
-688.401
-534.485
-357.839
-107.806
318.223
600.727
441.616
26.6268
-193.532
59.748
577.348
929.341
905.962
594.233
190.934
-32.4717
44.1616
293.545
438.369
346.798
64.2941
-303.286
-633.849
-863.749
-895.571
-767.632
-650.084
-764.385
-1146.25
-1566.44
-1723.6
-1563.19
-1341.08
-1244.32
-1284.58
-1356.02
-1414.47
-1411.22
-1291.73
-1027.41
-732.563
-579.945
-561.761
-573.451
-546.175
-463.047
-286.401
-55.8514
135.732
205.221
116.898
-27.2763
-79.2311
-2.59774
116.898
195.48
191.583
101.312
-46.7593
-236.394
-366.281
-311.079
-146.772
-103.91
-251.331
-397.454
-435.771
-437.719
-432.524
-384.466
-266.918
-135.732
-115.599
-255.228
-327.315
-109.105
483.829
1313.81
1733.34
1275.49
494.22
498.766
1331.34
2105.47
2296.4
2106.77
2000.26
1928.82
1540.46
983.245
980.647
1623.59
2148.98
1939.86
1113.13
318.223
97.4152
439.667
820.886
836.472
372.776
-376.023
-931.29
-936.485
-518.899
-135.732
-128.588
-483.18
-832.576
-931.29
-877.387
-729.315
-340.953
168.204
340.304
25.9774
-400.052
-464.995
-71.4378
467.593
785.167
753.345
426.029
73.3862
7.14378
223.406
419.535
440.966
331.212
138.33
-48.7076
-231.848
-479.932
-686.453
-672.165
-539.68
-550.071
-844.915
-1257.31
-1451.49
-1359.92
-1245.62
-1263.8
-1314.46
-1375.5
-1459.28
-1500.19
-1422.91
-1207.95
-957.917
-848.162
-850.11
-774.127
-628.653
-542.928
-480.582
-325.367
-117.548
5.84491
-20.1325
-118.847
-96.7658
48.7076
125.341
63.6446
-2.59774
17.5347
42.2133
-37.6672
-209.118
-311.079
-256.527
-205.871
-254.579
-279.906
-256.527
-285.751
-392.908
-441.616
-363.034
-206.52
-118.847
-163.008
-91.5703
163.658
527.991
1098.84
1574.23
1395.64
776.724
724.12
1470.97
2256.14
2508.12
2277.57
2042.47
1991.82
1815.17
1400.83
1295.62
1752.83
2192.49
1998.31
1233.28
504.611
308.482
581.244
882.582
891.025
414.34
-397.454
-998.831
-996.883
-578.647
-229.251
-244.837
-573.451
-905.962
-1008.57
-942.33
-761.138
-357.189
137.031
339.655
116.249
-224.055
-291.596
8.44265
431.225
704.637
740.356
519.548
169.503
-34.4201
38.9661
238.343
340.304
274.711
43.5121
-257.176
-499.416
-641.642
-659.177
-591.635
-607.871
-824.782
-1141.71
-1410.57
-1548.9
-1508.64
-1398.88
-1365.11
-1407.98
-1545.66
-1708.01
-1704.12
-1508.64
-1227.43
-985.842
-883.881
-893.623
-880.634
-785.816
-600.727
-333.81
-144.175
-151.318
-248.084
-296.792
-258.475
-172.75
-68.8401
12.3393
25.9774
-67.5412
-273.412
-397.454
-305.234
-109.755
-28.5751
-148.721
-346.149
-439.018
-416.288
-351.994
-266.918
-218.21
-268.866
-343.551
-355.89
-253.28
-11.6898
316.275
948.175
1655.41
1660.61
871.542
452.007
1194.31
2316.53
2881.54
2739.32
2441.88
2320.43
2096.38
1572.28
1355.37
1948.95
2656.19
2600.34
1741.78
757.241
316.924
545.525
1012.47
1254.71
945.577
42.2133
-926.094
-1213.14
-739.706
-148.071
19.483
-359.138
-891.025
-1120.28
-1036.5
-842.317
-508.508
-49.3571
216.911
112.352
-190.284
-317.574
-48.0582
424.73
724.769
721.522
474.737
148.071
4.54604
123.393
282.504
297.441
180.543
-66.8918
-307.183
-471.49
-591.635
-680.608
-686.453
-618.912
-680.608
-936.485
-1326.15
-1547.6
-1394.34
-1134.56
-1082.61
-1250.81
-1455.38
-1535.91
-1449.54
-1328.09
-1213.14
-1048.19
-909.858
-914.404
-959.865
-889.726
-668.269
-411.092
-277.309
-286.401
-349.396
-357.839
-340.304
-281.205
-182.491
-136.381
-153.916
-203.923
-280.556
-365.632
-411.092
-406.546
-341.603
-274.711
-334.459
-464.995
-493.571
-459.151
-375.373
-288.349
-306.533
-387.713
-416.288
-347.448
-264.969
-81.8288
181.842
629.303
1303.42
1608
1115.08
475.386
783.868
1816.47
2591.9
2702.95
2444.47
2265.23
2130.8
1761.27
1411.87
1724.9
2428.89
2671.78
2078.19
1105.34
516.95
609.819
1034.55
1262.5
1061.83
345.499
-605.273
-1150.8
-918.301
-301.987
31.1729
-236.394
-870.892
-1305.36
-1282.63
-991.038
-611.768
-148.721
148.071
4.54604
-413.69
-627.354
-331.861
308.482
849.461
949.474
644.24
202.624
-35.7189
114.95
526.042
805.299
774.127
502.013
9.74152
-438.369
-532.537
-332.511
-122.743
-103.26
-374.075
-827.38
-1178.08
-1317.7
-1296.92
-1152.1
-956.618
-942.98
-1182.62
-1503.44
-1671.65
-1519.03
-1143.01
-832.576
-765.034
-910.508
-1133.91
-1179.37
-894.272
-479.283
-212.365
-194.181
-383.167
-542.928
-497.467
-365.632
-281.855
-198.727
-122.094
-195.48
-440.966
-695.545
-719.574
-472.789
-237.693
-301.338
-615.664
-865.697
-905.312
-757.241
-521.496
-371.477
-420.184
-600.727
-747.5
-741.005
-460.449
-53.2537
296.792
776.724
1272.24
1224.18
652.033
511.105
1305.36
2326.28
2743.86
2526.95
2286.01
2322.38
2270.42
1893.75
1694.38
2117.81
2688.01
2650.34
1892.45
1045.59
693.597
837.771
1126.12
1255.36
955.968
109.105
-812.443
-1136.51
-754.643
-219.509
-137.031
-582.543
-1132.61
-1346.93
-1250.16
-1031.95
-653.332
-170.801
83.1277
-142.876
-558.514
-579.296
-64.2941
595.532
954.669
920.899
644.24
348.097
268.866
481.881
798.156
922.198
728.017
330.562
-65.5929
-299.39
-340.304
-322.769
-375.373
-526.692
-785.816
-1126.12
-1404.73
-1477.46
-1412.52
-1333.94
-1288.48
-1324.2
-1418.37
-1503.44
-1507.34
-1355.37
-1083.91
-858.553
-807.897
-863.099
-857.904
-698.143
-454.604
-254.579
-153.916
-142.226
-155.864
-150.669
-91.5703
-7.14378
22.0808
-7.79322
-77.9322
-218.86
-399.403
-506.559
-505.26
-439.667
-431.874
-609.17
-891.674
-1030
-954.669
-843.616
-816.34
-796.857
-721.522
-681.257
-724.12
-777.374
-554.617
-74.685
472.139
1058.58
1374.2
1107.94
644.24
930.64
1932.07
2741.27
2845.17
2536.69
2408.75
2502.92
2398.36
2008.7
1941.16
2386.67
2745.16
2464.61
1688.53
984.543
762.437
976.75
1230.03
1191.71
648.136
-246.785
-930.64
-978.049
-548.773
-177.945
-281.205
-832.576
-1344.98
-1426.16
-1188.47
-878.036
-531.887
-234.446
-205.871
-470.84
-681.907
-486.427
47.4088
542.928
732.563
602.676
286.401
39.6155
105.858
443.564
722.172
692.947
327.965
-84.4265
-253.929
-313.028
-385.115
-459.8
-520.197
-642.291
-917.002
-1322.25
-1582.02
-1420.96
-1152.1
-1159.89
-1366.41
-1534.61
-1580.72
-1513.18
-1363.16
-1174.83
-977.4
-896.87
-972.204
-986.492
-806.598
-563.06
-392.908
-288.999
-238.343
-189.635
-144.824
-129.887
-66.8918
35.7189
56.5008
1.29887
-17.5347
-58.4491
-198.078
-373.425
-464.995
-411.742
-337.706
-442.265
-693.597
-833.875
-788.414
-674.114
-614.366
-628.653
-653.332
-615.664
-549.422
-495.519
-304.585
2.59774
442.265
1107.29
1556.05
1273.54
714.378
913.106
1921.68
2814
2956.88
2621.12
2480.19
2586.05
2436.68
2079.49
2132.1
2629.56
2925.7
2537.34
1711.26
1109.23
1033.25
1203.4
1291.73
1211.85
762.437
-113.651
-905.312
-1029.35
-553.968
-119.496
-278.608
-930.64
-1461.88
-1527.47
-1343.68
-1095.6
-720.223
-374.075
-403.949
-824.782
-1130.02
-820.886
-94.1681
398.753
426.029
252.63
77.9322
-38.3167
29.874
306.533
637.745
761.787
455.254
-22.7302
-246.785
-188.986
-94.8175
-166.255
-393.558
-594.882
-727.367
-994.285
-1319.65
-1391.74
-1256.01
-1202.75
-1288.48
-1450.19
-1623.59
-1675.54
-1582.02
-1426.16
-1258.61
-1150.8
-1198.86
-1242.37
-1087.8
-817.639
-578.647
-489.025
-529.939
-500.065
-322.12
-133.134
-23.3797
2.59774
-44.811
-85.076
-56.5008
-7.14378
-16.8853
-86.3749
-192.233
-318.873
-393.558
-450.058
-540.979
-586.44
-559.813
-571.503
-635.797
-690.999
-739.706
-726.068
-601.377
-470.84
-418.236
-298.091
-38.9661
455.903
1158.59
1483.31
1066.37
602.676
1072.22
2152.88
2851.02
2832.84
2541.89
2522.41
2625.67
2426.29
2150.93
2373.68
2935.45
3115.99
2606.83
1820.37
1310.56
1269
1473.57
1620.99
1491.1
803.351
-250.032
-891.025
-701.39
-137.031
79.2311
-351.994
-1096.25
-1541.11
-1469.67
-1137.81
-753.994
-451.357
-427.978
-696.194
-989.739
-936.485
-450.058
118.197
336.407
196.779
-9.09209
-145.473
-150.019
62.3458
394.207
577.348
434.472
60.3975
-252.63
-309.131
-190.284
-129.238
-195.48
-384.466
-672.815
-964.411
-1184.57
-1207.3
-1096.9
-1109.23
-1319
-1546.95
-1673.59
-1719.05
-1673.59
-1547.6
-1398.23
-1306.66
-1325.5
-1409.92
-1360.57
-1108.59
-833.875
-689.051
-646.188
-606.572
-503.312
-339.005
-202.624
-96.7658
1.9483
21.4314
-24.6785
-21.4314
37.0178
48.0582
-11.0404
-67.5412
-83.7771
-129.238
-296.142
-500.714
-476.036
-286.401
-262.372
-490.973
-753.994
-819.587
-648.136
-410.443
-369.529
-370.827
-247.435
-12.3393
516.95
1174.83
1295.62
767.632
611.768
1365.11
2340.56
2738.02
2534.74
2336.02
2441.23
2503.57
2273.02
2195.09
2563.97
2958.18
2855.57
2285.36
1658.66
1368.36
1475.52
1664.5
1671.65
1246.27
342.252
-502.013
-657.878
-270.165
27.2763
-161.06
-817.639
-1477.46
-1621.64
-1311.21
-950.773
-744.902
-724.12
-847.513
-1018.31
-1063.77
-825.432
-351.994
19.483
85.7254
-18.1842
-166.905
-248.734
-111.053
235.095
512.404
503.312
214.314
-114.95
-169.503
23.3797
161.06
70.7884
-153.267
-391.609
-596.181
-751.396
-849.461
-834.524
-812.443
-984.543
-1299.52
-1506.69
-1526.82
-1463.18
-1405.38
-1373.56
-1359.27
-1382
-1470.97
-1503.44
-1314.46
-1024.81
-866.346
-846.214
-820.236
-702.689
-523.445
-363.034
-232.498
-103.91
12.9887
64.2941
64.2941
110.404
174.698
201.325
173.399
100.013
50.6559
35.7189
-30.5234
-161.709
-214.314
-186.388
-227.302
-402
-595.532
-617.613
-452.007
-318.223
-417.587
-554.617
-481.881
-147.422
526.692
1150.8
1030
330.562
246.785
1180.02
2176.91
2471.75
2216.52
2070.4
2199.64
2225.61
2022.99
2078.84
2587.35
2992.6
2786.08
2115.21
1566.44
1465.13
1667.75
1837.25
1790.49
1298.22
348.747
-439.667
-522.795
-114.95
141.577
-146.772
-891.674
-1532.67
-1606.7
-1314.46
-1104.69
-1062.48
-1048.19
-1046.24
-1155.34
-1257.31
-1085.21
-659.177
-291.596
-188.986
-259.125
-365.632
-377.971
-148.721
244.188
446.811
350.045
145.473
16.8853
111.703
306.533
320.821
114.95
-85.7254
-204.572
-316.924
-427.328
-566.957
-661.774
-712.43
-881.933
-1190.41
-1435.9
-1465.13
-1400.18
-1361.22
-1366.41
-1447.59
-1530.72
-1563.19
-1496.3
-1242.37
-975.451
-903.364
-955.319
-900.117
-670.217
-405.897
-220.158
-131.186
-58.4491
66.2424
170.152
228.601
298.091
383.816
438.369
375.373
222.756
148.071
215.612
267.567
182.491
66.2424
-7.14378
-113.651
-291.596
-453.955
-492.921
-376.023
-316.924
-455.254
-578.647
-516.95
-224.055
396.155
987.791
901.416
257.176
108.456
945.577
1950.9
2307.44
2089.88
1944.41
2100.27
2163.92
1993.77
2018.44
2465.26
2873.1
2727.63
2128.2
1601.51
1506.69
1703.47
1853.49
1770.36
1261.2
356.54
-409.793
-515.002
-107.157
152.617
-192.882
-992.986
-1637.23
-1714.51
-1432.65
-1213.79
-1200.16
-1248.86
-1270.29
-1374.2
-1476.82
-1296.27
-832.576
-433.173
-330.562
-394.207
-461.748
-434.472
-210.417
157.163
464.995
485.128
238.992
8.44265
44.1616
333.16
553.319
437.07
88.9726
-188.336
-301.338
-378.621
-463.047
-505.91
-577.348
-785.167
-1127.42
-1411.22
-1476.17
-1403.43
-1343.68
-1363.16
-1408.62
-1481.36
-1608
-1624.89
-1361.87
-957.917
-766.983
-905.962
-1039.75
-858.553
-469.541
-157.813
-28.5751
14.2876
56.5008
109.755
187.687
351.344
585.141
702.039
562.411
305.884
214.963
319.522
411.092
355.241
219.509
119.496
26.6268
-146.772
-335.758
-410.443
-333.16
-246.136
-338.356
-565.008
-648.136
-457.852
-47.4088
582.543
1017.66
721.522
39.6155
100.662
1126.12
2095.08
2285.36
1970.39
1805.43
1952.2
2070.4
1997.01
2082.09
2467.2
2739.32
2515.91
1980.78
1604.1
1577.48
1709.31
1774.91
1637.88
1098.19
232.498
-406.546
-372.776
22.0808
129.887
-318.873
-1065.72
-1577.48
-1577.48
-1337.19
-1218.99
-1181.32
-1119.63
-1180.02
-1410.57
-1513.83
-1231.98
-757.891
-463.697
-405.897
-428.627
-475.386
-482.53
-272.763
169.503
521.496
520.197
266.918
50.0065
95.4669
401.351
644.24
537.732
171.451
-168.204
-341.603
-379.919
-399.403
-534.485
-761.138
-1005.33
-1287.83
-1574.23
-1690.48
-1604.1
-1528.77
-1570.33
-1687.23
-1793.09
-1796.99
-1646.97
-1362.51
-1062.48
-929.341
-1001.43
-1033.9
-828.679
-444.214
-84.4265
83.1277
77.9322
62.3458
150.019
296.792
473.438
684.504
789.064
693.597
475.386
322.769
362.385
509.806
572.802
486.427
301.338
-1.9483
-323.419
-409.793
-240.94
-96.1164
-160.41
-377.971
-615.664
-681.257
-485.777
-83.1277
550.721
1035.85
813.742
127.289
72.7367
1051.44
2098.32
2358.1
2006.75
1818.42
2065.85
2228.21
2028.19
2001.56
2478.24
2912.07
2728.28
2104.17
1610.6
1523.57
1644.37
1682.69
1561.24
1159.24
351.344
-451.357
-643.59
-270.814
9.74152
-324.068
-1133.91
-1778.8
-1867.78
-1642.42
-1469.67
-1357.32
-1258.61
-1335.24
-1592.41
-1761.27
-1537.86
-963.762
-475.386
-347.448
-435.771
-521.496
-498.766
-257.826
195.48
587.739
642.291
408.495
154.566
89.622
269.516
523.445
572.152
329.264
-64.9435
-392.908
-535.134
-503.962
-474.088
-642.291
-948.825
-1241.07
-1446.94
-1559.29
-1567.09
-1522.28
-1507.34
-1533.97
-1601.51
-1635.28
-1533.32
-1320.95
-1063.77
-830.627
-724.12
-735.16
-684.504
-416.288
-16.8853
303.286
421.483
389.012
352.643
414.989
585.79
829.978
1002.73
950.773
726.718
507.858
463.047
593.584
728.017
665.671
394.207
69.4895
-170.152
-216.262
-119.496
-85.7254
-201.325
-381.218
-534.485
-615.015
-542.278
-358.488
-27.2763
588.388
1009.22
632.55
-45.4604
168.853
1301.47
2181.45
2168.46
1750.88
1674.89
1931.42
2028.83
1887.91
1998.31
2469.8
2683.47
2243.8
1567.74
1265.75
1335.89
1415.12
1353.42
1153.4
621.509
-264.32
-900.766
-796.207
-313.677
-211.716
-803.351
-1692.43
-2179.5
-2011.95
-1587.22
-1350.18
-1333.29
-1413.17
-1576.18
-1754.12
-1698.27
-1243.67
-600.078
-226.003
-263.021
-418.236
-437.719
-261.722
117.548
587.739
842.317
714.378
355.241
151.318
298.74
598.779
758.54
592.934
214.314
-133.134
-305.884
-377.322
-424.73
-474.737
-631.9
-901.416
-1230.03
-1515.78
-1595.01
-1457.98
-1321.6
-1334.59
-1443.69
-1514.48
-1486.56
-1327.45
-1065.72
-822.834
-646.837
-587.739
-583.842
-461.748
-188.336
107.157
320.171
437.07
472.789
483.829
540.979
644.889
763.086
852.708
838.421
747.5
625.406
507.209
450.058
463.047
439.667
268.217
29.2246
-129.887
-171.451
-183.141
-283.803
-428.627
-489.025
-426.679
-396.805
-449.409
-431.225
-255.877
277.958
920.249
997.532
397.454
97.4152
837.122
1857.38
2223.67
1934.02
1721.65
1919.08
2104.17
1937.26
1800.23
2078.19
2397.71
2267.83
1758.67
1293.03
1057.93
1047.54
1081.96
1039.1
725.419
-19.483
-780.621
-998.182
-685.803
-458.501
-711.131
-1318.35
-1859.98
-1974.28
-1735.29
-1469.02
-1331.99
-1310.56
-1396.93
-1536.56
-1526.82
-1198.86
-683.855
-291.596
-179.893
-208.469
-218.86
-146.772
64.2941
403.299
715.028
757.241
500.714
209.118
145.473
302.637
502.013
507.209
229.251
-182.491
-468.243
-532.537
-510.456
-540.33
-723.471
-1009.22
-1240.42
-1393.69
-1499.55
-1491.1
-1385.24
-1288.48
-1293.03
-1388.49
-1445.64
-1327.45
-1039.75
-732.563
-514.353
-446.811
-482.53
-402.65
-116.898
205.871
403.949
452.007
444.863
465.645
566.957
730.614
852.059
891.674
849.461
750.097
631.9
517.6
477.335
544.876
600.078
480.582
197.428
-90.9209
-231.199
-183.79
-65.5929
-56.5008
-218.86
-427.978
-507.858
-472.139
-371.477
-215.612
-31.8223
383.167
896.87
950.123
431.225
157.163
834.524
1845.69
2223.67
1893.1
1566.44
1680.74
1904.14
1807.38
1596.31
1701.52
1976.23
1940.51
1468.37
944.278
696.844
744.253
817.639
739.057
423.432
-210.417
-850.76
-1105.34
-934.537
-709.832
-781.92
-1183.27
-1642.42
-1786.6
-1586.57
-1347.58
-1233.28
-1183.27
-1145.6
-1120.28
-1061.83
-841.018
-452.656
-66.2424
140.927
128.588
25.328
13.6381
209.768
564.359
823.484
752.046
401.351
82.4782
46.1099
255.228
451.357
385.115
71.4378
-303.286
-574.75
-683.206
-656.579
-605.273
-697.493
-939.083
-1206
-1354.07
-1364.46
-1304.71
-1214.44
-1143.01
-1126.77
-1150.15
-1164.44
-1091.05
-878.686
-579.945
-339.005
-252.63
-246.136
-219.509
-103.26
138.979
416.288
559.164
517.6
406.546
386.414
505.26
684.504
765.034
677.361
496.168
340.953
316.275
390.31
437.719
397.454
233.147
10.391
-111.703
-108.456
-101.961
-153.916
-224.705
-311.079
-410.443
-464.346
-409.793
-325.367
-239.642
-157.163
7.79322
458.501
915.703
834.524
290.297
233.797
1031.3
1844.4
1902.2
1455.38
1297.57
1570.33
1695.03
1365.76
1102.09
1330.69
1683.98
1568.39
1046.89
616.314
489.674
531.238
577.348
605.923
355.241
-353.942
-1067.67
-1139.11
-609.17
-205.871
-423.432
-1043.64
-1468.37
-1393.69
-1069.62
-848.162
-737.758
-639.693
-620.86
-746.201
-808.547
-553.968
-90.2715
224.705
248.084
142.876
79.2311
100.013
233.147
446.811
585.79
555.916
343.551
95.4669
28.5751
142.226
276.659
227.302
-53.2537
-422.133
-692.947
-747.5
-675.412
-635.797
-745.551
-968.957
-1122.87
-1183.92
-1222.24
-1206.65
-1122.87
-1039.1
-999.48
-982.595
-970.256
-913.755
-709.832
-411.742
-163.658
-91.5703
-201.974
-262.372
-75.9839
258.475
484.479
503.962
403.299
331.212
379.27
498.117
604.624
661.125
600.078
451.357
398.753
465.645
496.168
404.598
254.579
169.503
181.842
127.289
-72.7367
-196.779
-148.721
-142.226
-282.504
-411.092
-411.092
-329.913
-280.556
-361.086
-403.949
-270.814
21.4314
524.094
921.548
734.511
117.548
8.44265
689.7
1427.46
1607.35
1315.76
1102.09
1122.22
1048.84
765.684
757.891
1176.13
1474.87
1231.33
670.217
251.981
222.107
452.007
632.55
611.118
221.457
-469.541
-954.669
-815.69
-327.965
-59.748
-265.619
-797.506
-1189.76
-1104.69
-750.747
-482.53
-360.436
-313.028
-366.931
-495.519
-531.238
-327.315
89.622
416.288
445.512
270.814
94.8175
54.5525
234.446
553.968
707.884
537.732
186.388
-99.3636
-103.91
106.507
307.832
309.78
0
-460.449
-753.345
-690.999
-476.036
-350.695
-450.058
-735.81
-973.503
-1085.21
-1076.76
-944.928
-777.374
-731.264
-818.288
-915.703
-918.301
-786.466
-507.209
-258.475
-168.204
-212.365
-337.706
-332.511
-102.611
183.79
301.987
227.952
137.031
139.629
224.705
316.924
399.403
485.777
494.869
398.104
309.78
316.924
355.89
310.43
220.808
210.417
266.268
224.705
21.4314
-156.514
-150.019
-85.076
-147.422
-305.234
-410.443
-428.627
-440.966
-513.703
-540.979
-389.012
-222.107
-2.59774
417.587
628.004
209.118
-327.315
-38.3167
915.054
1497.6
1235.23
708.534
656.579
980.647
1028.71
770.23
775.425
1095.6
1224.83
929.991
550.721
436.42
565.008
672.815
681.257
611.768
300.039
-237.044
-586.44
-407.196
43.5121
188.336
-213.015
-800.104
-1011.82
-782.569
-529.939
-454.604
-447.461
-435.121
-472.789
-553.319
-505.91
-249.383
54.5525
169.503
98.0647
9.74152
-31.1729
-0.649435
161.06
379.919
455.903
298.091
71.4378
-9.74152
39.6155
153.267
266.268
203.273
-45.4604
-298.74
-372.126
-253.929
-134.433
-253.28
-561.761
-728.666
-703.338
-710.482
-814.391
-874.789
-842.967
-741.005
-665.021
-704.637
-767.632
-744.902
-640.992
-431.874
-196.779
-176.646
-342.252
-428.627
-261.073
72.7367
300.039
266.918
142.226
159.761
288.349
389.012
437.719
472.789
503.962
526.692
506.559
476.685
494.22
504.611
441.616
371.477
329.264
242.889
66.8918
-115.599
-133.784
-30.5234
-94.8175
-380.569
-598.13
-585.79
-472.789
-440.317
-549.422
-649.435
-633.199
-499.416
-104.559
414.989
458.501
-182.491
-620.86
-74.685
852.059
1168.33
822.185
550.721
740.356
932.589
735.81
600.727
991.038
1514.48
1534.61
1057.28
604.624
539.68
800.753
1076.11
1138.46
865.047
238.343
-366.281
-470.191
-71.4378
314.327
206.52
-383.816
-987.791
-1092.35
-753.994
-440.317
-363.034
-419.535
-530.588
-708.534
-859.202
-759.839
-370.827
10.391
94.1681
-96.1164
-300.039
-347.448
-171.451
157.163
417.587
433.823
225.354
29.2246
-19.483
101.312
350.695
507.209
417.587
127.289
-170.801
-292.895
-214.314
-85.076
-120.795
-343.551
-611.768
-813.742
-891.025
-815.041
-715.028
-716.327
-801.403
-890.375
-929.991
-922.847
-828.03
-640.343
-439.667
-376.672
-474.088
-552.02
-473.438
-234.446
53.9031
229.9
231.848
155.864
163.008
314.327
549.422
754.643
823.484
757.891
658.527
618.262
658.527
746.85
787.765
671.516
433.173
200.675
40.9144
-19.483
-23.3797
-105.208
-294.843
-526.042
-738.408
-853.358
-819.587
-732.563
-723.471
-822.185
-1006.62
-1122.87
-996.233
-600.727
-2.59774
400.052
138.979
-548.773
-642.291
229.251
1224.83
1556.7
1257.31
985.193
1126.77
1364.46
1352.12
1363.16
1697.62
2029.48
1891.8
1372.91
961.813
974.152
1262.5
1409.92
1281.98
880.634
248.734
-289.648
-361.086
0
313.028
153.267
-470.84
-1083.26
-1196.91
-900.766
-629.952
-550.071
-607.871
-756.592
-956.618
-1055.33
-871.542
-449.409
-72.0873
-19.483
-243.538
-451.357
-420.184
-112.352
301.987
529.939
437.719
155.864
-48.0582
-7.14378
213.015
429.926
433.823
163.008
-201.325
-417.587
-440.966
-367.58
-342.902
-497.467
-745.551
-973.503
-1134.56
-1175.48
-1103.39
-1033.25
-1066.37
-1163.79
-1230.68
-1197.56
-1060.53
-896.87
-752.046
-600.078
-502.663
-518.899
-520.197
-353.942
-38.3167
274.062
439.018
433.173
402.65
464.995
623.458
835.173
1015.07
1075.46
966.359
765.684
629.303
653.981
769.58
776.724
592.285
281.205
-37.6672
-217.561
-213.664
-169.503
-284.453
-546.175
-781.92
-917.002
-968.957
-956.618
-920.249
-938.434
-971.555
-980.647
-950.123
-829.328
-650.734
-298.091
297.441
733.212
512.404
11.0404
205.221
1149.5
1934.02
2000.91
1713.21
1692.43
1926.22
1911.29
1652.81
1695.03
2113.26
2358.1
2087.28
1576.83
1243.67
1170.93
1181.97
1194.31
1163.14
862.45
179.244
-461.748
-550.721
-196.129
49.3571
-220.808
-861.8
-1314.46
-1297.57
-1081.31
-967.009
-909.209
-818.938
-824.782
-999.48
-1144.95
-976.75
-529.939
-137.68
-53.2537
-184.44
-298.74
-299.39
-138.33
142.226
364.982
366.281
156.514
-51.9548
-103.26
-33.7706
38.3167
-28.5751
-218.86
-427.978
-612.417
-778.023
-869.593
-874.789
-904.014
-989.089
-1119.63
-1283.93
-1366.41
-1324.2
-1245.62
-1126.77
-971.555
-888.427
-904.663
-894.272
-744.902
-489.025
-267.567
-200.675
-202.624
-120.145
59.748
248.734
400.052
503.312
518.899
498.766
531.887
642.291
774.127
805.949
687.752
537.083
450.058
402
342.252
281.205
229.9
121.444
-91.5703
-338.356
-466.944
-448.11
-433.173
-550.721
-728.666
-793.61
-742.954
-711.131
-734.511
-714.378
-609.17
-513.703
-481.231
-459.8
-314.327
-18.1842
396.805
907.261
1226.13
1011.17
556.566
670.217
1490.45
2273.67
2381.48
1980.78
1756.72
1963.24
2143.78
1976.88
1835.3
2013.9
2222.37
2051.57
1561.24
1163.14
1092.35
1200.16
1178.72
949.474
519.548
-69.4895
-542.278
-598.779
-355.241
-226.003
-483.829
-1036.5
-1461.23
-1471.62
-1247.56
-1106.64
-1085.86
-1081.31
-1108.59
-1200.16
-1263.8
-1140.41
-812.443
-506.559
-427.328
-507.209
-592.934
-592.934
-466.294
-247.435
-98.0647
-129.238
-283.803
-432.524
-470.84
-355.241
-218.86
-239.642
-398.753
-594.882
-687.752
-663.723
-622.808
-634.498
-658.527
-666.32
-717.626
-799.454
-828.03
-774.776
-681.257
-561.112
-474.088
-440.966
-431.874
-444.214
-378.621
-154.566
94.8175
164.956
70.7884
-20.7819
31.8223
212.365
370.827
438.369
445.512
412.391
359.787
368.23
474.088
565.008
527.991
377.322
216.911
167.554
200.026
176.646
87.0243
27.9257
-23.3797
-139.629
-310.43
-459.151
-477.335
-405.897
-381.868
-429.926
-504.611
-575.399
-594.233
-486.427
-311.729
-192.882
-192.233
-256.527
-287.05
-171.451
123.393
543.577
1029.35
1274.84
998.831
502.013
550.071
1296.27
2047.02
2192.49
1884.66
1750.88
1897.65
1895.05
1624.89
1526.82
1843.75
2158.07
1984.02
1417.07
941.031
842.317
969.606
1015.07
879.984
513.703
-75.9839
-593.584
-691.648
-421.483
-237.044
-470.84
-1046.24
-1544.36
-1641.77
-1438.5
-1231.33
-1173.53
-1228.08
-1346.93
-1487.21
-1564.49
-1452.79
-1128.72
-784.517
-661.125
-772.828
-919.6
-908.56
-660.475
-322.769
-122.743
-129.887
-255.228
-364.982
-353.942
-171.451
48.0582
117.548
-1.9483
-177.296
-250.032
-218.86
-185.089
-202.624
-222.756
-229.251
-295.493
-429.926
-533.836
-508.508
-392.908
-338.356
-410.443
-507.209
-541.629
-505.26
-399.403
-263.671
-178.595
-198.078
-261.722
-235.095
-80.5299
100.013
193.532
208.469
227.952
274.711
328.614
389.012
466.294
529.29
530.588
471.49
418.236
451.357
532.537
523.445
394.856
268.217
239.642
244.837
167.554
31.8223
-45.4604
-47.4088
-90.2715
-222.756
-307.832
-271.464
-235.095
-277.309
-302.637
-236.394
-169.503
-199.377
-260.423
-227.952
-50.0065
143.525
440.317
904.663
1103.39
715.028
238.992
476.036
1311.21
1961.29
1958.7
1632.03
1505.39
1541.11
1409.92
1246.27
1432.65
1797.64
1843.75
1392.39
800.104
473.438
512.404
655.929
658.527
435.121
-96.1164
-787.765
-1211.2
-1113.78
-778.673
-694.895
-1109.88
-1767.76
-2130.15
-2000.91
-1687.88
-1487.21
-1413.17
-1437.2
-1544.36
-1653.46
-1591.77
-1222.24
-711.781
-407.845
-396.805
-496.818
-511.105
-357.189
-52.6042
289.648
500.714
500.065
327.315
160.41
192.233
446.162
709.832
750.097
539.031
244.188
46.7593
-15.5864
-4.54604
37.0178
63.6446
-47.4088
-333.16
-624.756
-709.832
-586.44
-438.369
-439.018
-554.617
-686.453
-786.466
-785.167
-633.199
-374.075
-191.583
-226.003
-366.281
-379.919
-173.399
87.0243
219.509
255.228
306.533
414.989
509.806
555.267
600.727
665.021
728.017
757.891
741.655
673.464
579.296
499.416
478.634
488.375
450.708
309.131
93.5186
-71.4378
-113.651
-61.6963
-46.1099
-144.824
-296.792
-361.735
-303.286
-235.095
-229.251
-261.722
-277.309
-251.981
-209.118
-226.653
-238.992
-81.1794
374.724
953.371
1117.03
666.97
174.049
429.926
1305.36
1937.91
1883.36
1494.35
1330.04
1382.65
1298.87
1068.97
1044.29
1275.49
1362.51
1030.65
477.984
65.5929
-31.8223
74.685
131.835
-29.2246
-507.858
-1157.94
-1603.45
-1578.78
-1244.97
-1043.64
-1235.23
-1701.52
-2037.28
-1974.28
-1663.2
-1382.65
-1215.74
-1133.26
-1129.37
-1175.48
-1125.47
-841.668
-396.155
-21.4314
98.7141
24.0291
-42.8627
53.9031
336.407
628.653
743.603
657.228
486.427
389.012
419.535
535.784
615.664
526.692
322.12
148.721
51.3054
-25.328
-113.651
-183.79
-216.262
-261.722
-400.701
-583.842
-650.734
-594.882
-533.186
-529.29
-568.905
-587.739
-550.721
-439.667
-283.803
-132.485
-25.9774
20.1325
65.5929
145.473
251.981
374.075
464.995
507.209
565.008
671.516
757.891
753.994
679.309
646.188
685.803
711.781
657.228
540.979
438.369
376.023
311.729
228.601
164.307
87.6737
-48.7076
-205.221
-313.677
-320.821
-252.63
-212.365
-256.527
-349.396
-412.391
-405.247
-335.758
-251.981
-206.52
-206.52
-220.158
-240.291
-230.549
-93.5186
266.268
762.437
985.842
666.97
157.813
146.772
766.983
1409.27
1519.03
1178.08
877.387
805.949
719.574
535.784
500.065
724.12
904.014
670.217
131.186
-294.194
-346.149
-132.485
33.7706
-27.2763
-372.126
-892.324
-1280.69
-1287.83
-958.566
-656.579
-720.223
-1118.33
-1512.53
-1557.35
-1254.06
-885.829
-652.682
-607.871
-698.143
-789.713
-757.891
-544.876
-196.129
130.536
261.073
152.617
-38.9661
-79.8805
127.289
440.317
595.532
484.479
226.653
37.0178
41.5638
177.945
313.028
348.097
242.239
50.0065
-122.743
-180.543
-111.053
-15.5864
10.391
-56.5008
-161.709
-242.889
-287.7
-251.981
-139.629
-24.0291
20.7819
-12.3393
-66.2424
-55.8514
62.9952
247.435
406.546
465.645
403.949
292.895
268.866
363.684
490.973
552.02
512.404
440.317
402
374.724
333.16
296.142
292.246
300.688
243.538
103.91
-43.5121
-101.961
-57.1503
6.49435
-1.9483
-88.3232
-210.417
-318.223
-357.189
-303.286
-195.48
-121.444
-168.853
-301.987
-361.735
-299.39
-205.871
-183.141
-211.066
-215.612
-205.221
-234.446
-309.131
-360.436
-309.78
-122.743
192.233
511.105
505.91
94.8175
-257.826
-51.9548
561.112
951.422
818.288
496.818
418.236
478.634
355.241
137.031
227.302
635.147
864.398
585.141
46.1099
-229.251
-37.6672
355.241
553.968
409.793
-23.3797
-511.755
-723.471
-521.496
-118.197
61.6963
-205.221
-716.327
-1031.95
-940.382
-628.653
-413.041
-411.092
-537.732
-680.608
-750.747
-696.844
-497.467
-220.158
-32.4717
-59.748
-238.992
-365.632
-290.947
-38.3167
201.974
269.516
187.687
67.5412
18.8336
71.4378
213.664
385.764
468.892
407.196
255.877
153.916
196.779
332.511
433.173
448.11
385.115
266.918
145.473
90.9209
140.278
253.28
331.212
288.349
146.772
9.74152
-26.6268
50.6559
184.44
264.969
200.675
36.3684
-112.352
-136.381
-27.2763
101.961
132.485
57.1503
-64.2941
-167.554
-178.595
-82.4782
48.0582
101.312
25.328
-123.393
-225.354
-190.284
-74.685
-7.79322
-27.9257
-99.3636
-172.75
-242.889
-291.596
-259.125
-151.318
-85.7254
-173.399
-349.396
-457.202
-433.173
-333.16
-272.113
-281.855
-340.304
-416.288
-478.634
-496.818
-448.11
-409.144
-377.971
-221.457
123.393
426.029
333.16
-87.6737
-288.349
101.312
721.522
991.687
831.926
632.55
622.159
624.756
507.209
479.283
763.086
1105.34
1078.71
668.918
311.079
313.028
538.382
678.01
597.48
346.149
-24.0291
-408.495
-605.923
-472.789
-208.469
-188.986
-527.341
-956.618
-1134.56
-1018.96
-820.236
-694.895
-635.797
-639.044
-731.913
-826.731
-757.241
-485.128
-175.997
-46.7593
-113.651
-215.612
-195.48
-22.7302
216.262
413.041
487.726
446.811
378.621
371.477
454.604
590.986
696.844
717.626
659.826
538.382
407.845
355.89
416.288
506.559
482.53
303.286
92.2198
-27.9257
-35.0695
1.29887
11.6898
-31.8223
-131.186
-249.383
-329.264
-329.913
-270.814
-205.221
-187.687
-226.653
-294.843
-362.385
-388.362
-335.758
-204.572
-79.8805
-61.0469
-150.019
-240.291
-211.066
-62.9952
81.1794
100.662
18.8336
-59.0986
-59.748
-2.59774
51.3054
80.5299
72.0873
12.3393
-67.5412
-92.8692
-46.7593
-13.6381
-59.748
-146.772
-201.325
-198.727
-184.44
-207.819
-238.992
-238.343
-222.756
-237.044
-294.194
-326.666
-283.803
-232.498
-247.435
-309.131
-275.36
-45.4604
288.999
500.714
414.989
137.68
2.59774
230.549
673.464
978.049
967.658
773.477
607.222
530.588
514.353
548.773
674.114
806.598
781.27
529.29
212.365
62.3458
143.525
318.223
353.942
131.835
-275.36
-630.601
-710.482
-517.6
-297.441
-297.441
-554.617
-880.634
-1055.33
-991.038
-764.385
-544.876
-451.357
-519.548
-680.608
-773.477
-674.763
-396.805
-96.7658
57.1503
28.5751
-74.0356
-84.4265
83.7771
364.982
581.244
622.808
540.33
477.984
522.146
629.303
724.12
752.695
695.545
587.089
488.375
443.564
448.76
433.823
341.603
222.756
131.835
68.1907
-25.328
-158.462
-246.785
-246.136
-233.147
-298.091
-440.317
-557.215
-557.215
-468.243
-390.96
-403.949
-505.91
-592.934
-560.462
-430.575
-304.585
-271.464
-310.43
-322.12
-261.722
-160.41
-75.3345
-37.6672
-12.9887
25.328
71.4378
128.588
185.089
232.498
263.671
266.268
241.59
240.291
287.7
353.942
366.931
267.567
117.548
36.3684
73.3862
135.082
112.352
-3.89661
-133.134
-201.325
-218.21
-227.952
-224.705
-210.417
-242.239
-348.097
-464.995
-491.622
-372.126
-137.031
111.053
263.671
203.923
-37.0178
-207.819
-41.5638
412.391
774.776
805.949
626.705
483.829
461.748
491.622
524.094
654.63
848.812
889.726
666.97
351.994
209.118
318.873
518.249
568.256
385.115
16.2359
-357.839
-536.433
-442.915
-227.952
-168.204
-396.155
-779.322
-1038.45
-1016.37
-793.61
-589.038
-531.238
-611.118
-729.315
-778.673
-685.803
-461.748
-206.52
-43.5121
-24.6785
-74.0356
-78.5816
42.2133
255.877
452.007
533.186
504.611
450.708
443.564
492.921
555.916
604.624
611.118
548.123
444.214
350.695
293.545
264.969
226.653
141.577
12.9887
-112.352
-209.118
-283.803
-339.005
-391.609
-455.254
-513.703
-565.008
-620.86
-661.125
-666.32
-627.354
-567.606
-533.186
-546.175
-558.514
-515.002
-402
-246.785
-109.755
-30.5234
-14.2876
-8.44265
63.6446
232.498
427.978
553.968
561.761
503.312
483.18
526.692
594.233
629.952
606.572
546.175
467.593
374.724
288.999
235.095
204.572
168.204
73.3862
-87.6737
-249.383
-339.655
-340.304
-312.378
-338.356
-442.265
-579.296
-676.711
-678.01
-600.727
-518.899
-503.312
-558.514
-604.624
-522.146
-251.981
111.703
364.982
353.942
163.008
45.4604
218.86
649.435
1050.79
1189.76
1059.23
828.03
655.929
625.406
733.212
924.146
1074.81
1035.2
779.971
448.11
255.877
266.918
385.115
430.575
266.918
-88.9726
-483.18
-722.821
-688.401
-483.829
-372.776
-524.743
-868.295
-1148.85
-1180.02
-973.503
-702.689
-544.876
-565.658
-696.194
-785.816
-720.873
-477.335
-173.399
33.7706
77.2828
3.24717
-40.265
57.1503
263.671
473.438
572.802
529.29
424.73
344.201
331.212
377.971
435.771
447.461
376.672
235.745
97.4152
24.0291
15.5864
26.6268
-6.49435
-96.1164
-222.107
-336.407
-394.207
-393.558
-361.086
-355.241
-402
-463.697
-485.777
-439.667
-353.942
-267.567
-222.756
-211.716
-185.738
-116.898
1.9483
122.743
200.026
234.446
251.981
293.545
364.982
433.173
473.438
480.582
476.685
474.737
466.294
447.461
422.133
383.167
334.459
275.36
200.675
122.094
47.4088
-16.2359
-70.7884
-137.68
-233.147
-347.448
-441.616
-481.231
-460.449
-439.018
-466.294
-541.629
-611.118
-618.912
-560.462
-471.49
-399.403
-358.488
-351.994
-367.58
-351.994
-255.877
-54.5525
218.21
452.656
534.485
446.811
320.821
324.068
534.485
846.214
1046.24
1039.1
890.375
714.378
590.986
557.865
613.067
710.482
766.983
682.556
443.564
185.738
52.6042
75.3345
157.813
147.422
-42.2133
-358.488
-635.147
-741.655
-651.383
-491.622
-462.398
-609.819
-819.587
-933.888
-872.841
-689.7
-512.404
-423.432
-429.277
-483.18
-499.416
-411.092
-227.952
-16.8853
128.588
148.721
88.9726
52.6042
116.249
272.113
429.926
501.364
457.852
370.827
319.522
339.655
404.598
450.708
421.483
314.976
183.141
83.1277
31.1729
18.1842
14.937
-20.1325
-107.806
-231.848
-343.551
-396.805
-370.827
-308.482
-290.947
-342.252
-420.184
-449.409
-397.454
-292.246
-198.078
-159.112
-163.658
-175.347
-138.979
-38.3167
62.3458
122.094
155.864
179.244
209.768
264.969
328.614
377.322
409.144
411.092
381.218
354.592
351.344
353.293
331.861
282.504
212.365
139.629
79.2311
23.3797
-33.1212
-92.2198
-151.968
-201.974
-246.136
-298.091
-350.045
-381.868
-402.65
-412.391
-411.742
-419.535
-424.73
-416.288
-396.155
-353.293
-294.194
-244.188
-208.469
-177.296
-102.611
51.9548
226.003
335.108
389.012
394.207
349.396
359.787
514.353
735.16
862.45
813.093
633.849
477.984
442.265
479.283
516.301
537.732
507.858
371.477
175.997
16.8853
-54.5525
-57.1503
-98.7141
-229.251
-389.661
-550.071
-683.206
-725.419
-669.567
-598.13
-590.336
-662.424
-774.127
-824.782
-754.643
-603.325
-438.369
-314.976
-251.981
-237.044
-206.52
-96.1164
80.5299
257.826
374.724
411.092
410.443
431.874
496.818
584.491
644.24
639.044
582.543
516.301
467.593
437.719
413.69
361.086
274.711
181.192
94.8175
18.8336
-46.7593
-100.013
-140.278
-183.141
-240.94
-307.183
-377.971
-425.38
-421.483
-392.259
-366.931
-349.396
-342.252
-328.614
-288.999
-235.095
-185.738
-139.629
-83.7771
-14.2876
66.2424
131.835
166.255
196.129
233.797
269.516
309.78
340.304
343.551
324.068
297.441
283.803
278.608
267.567
232.498
178.595
122.743
69.4895
6.49435
-61.0469
-105.208
-125.341
-148.721
-194.83
-245.486
-295.493
-343.551
-377.322
-391.609
-386.414
-371.477
-370.827
-374.075
-353.942
-318.873
-292.246
-277.309
-253.28
-218.21
-176.646
-129.887
-61.0469
55.202
176.646
240.94
297.441
372.126
377.971
297.441
290.297
440.966
628.004
680.608
545.525
398.753
386.414
421.483
351.344
253.929
249.383
282.504
219.509
50.0065
-96.1164
-130.536
-106.507
-142.876
-232.498
-314.976
-396.155
-472.789
-487.076
-433.173
-364.333
-338.356
-388.362
-461.748
-465.645
-374.724
-261.722
-164.956
-101.312
-79.8805
-79.2311
-72.0873
-18.1842
87.0243
211.066
288.349
287.05
248.084
231.199
276.01
353.942
395.506
370.827
314.327
263.021
226.653
207.17
200.675
196.129
180.543
135.082
57.1503
-10.391
-42.8627
-43.5121
-40.265
-51.9548
-75.9839
-113.651
-168.204
-213.664
-210.417
-162.359
-118.197
-110.404
-129.238
-142.226
-133.134
-103.26
-70.139
-29.874
9.74152
33.1212
34.4201
26.6268
36.3684
59.0986
96.1164
124.042
122.743
93.5186
66.2424
70.7884
105.858
134.433
114.301
75.9839
46.1099
27.2763
16.2359
5.19548
0
0
-23.3797
-83.7771
-152.617
-187.687
-189.635
-173.399
-172.75
-211.066
-261.722
-301.987
-320.821
-305.234
-268.866
-263.671
-305.884
-353.293
-361.735
-324.717
-259.125
-214.963
-207.17
-198.078
-187.687
-149.37
-51.3054
74.0356
191.583
287.7
320.821
281.205
272.113
380.569
545.525
670.866
681.257
590.336
511.105
489.674
471.49
459.8
494.22
521.496
452.656
285.102
112.352
26.6268
28.5751
18.8336
-54.5525
-163.008
-300.039
-446.811
-535.784
-539.031
-499.416
-481.231
-526.692
-613.067
-659.177
-614.366
-507.858
-383.816
-290.297
-244.837
-224.055
-188.986
-116.898
-1.9483
132.485
240.291
294.194
304.585
306.533
335.108
403.949
471.49
500.714
485.777
435.771
374.724
339.005
333.81
324.717
302.637
260.423
181.842
88.9726
14.937
-25.9774
-31.1729
-37.0178
-91.5703
-177.945
-243.538
-269.516
-250.032
-205.871
-173.399
-155.215
-153.267
-163.658
-161.06
-118.197
-42.2133
32.4717
79.8805
88.3232
75.3345
64.2941
66.2424
90.2715
131.835
161.709
159.761
126.64
88.3232
73.3862
90.9209
118.197
122.743
96.1164
42.8627
-14.2876
-51.3054
-61.6963
-62.3458
-88.3232
-162.359
-252.63
-309.78
-321.47
-313.677
-322.12
-351.994
-381.868
-400.052
-413.69
-414.34
-385.115
-344.85
-319.522
-317.574
-318.873
-294.194
-241.59
-185.738
-144.824
-116.898
-105.858
-121.444
-125.99
-78.5816
36.3684
200.675
341.603
387.713
342.252
254.579
183.141
234.446
411.092
574.101
616.963
525.393
353.293
212.365
152.617
142.226
187.687
261.722
272.763
171.451
19.483
-88.9726
-91.5703
-5.84491
54.5525
31.1729
-60.3975
-185.738
-270.814
-248.084
-145.473
-49.3571
-27.2763
-88.3232
-164.956
-183.141
-124.042
-22.7302
80.5299
157.813
192.233
190.934
187.037
211.716
272.113
346.149
398.753
409.793
383.816
335.108
289.648
283.803
298.091
293.545
262.372
210.417
162.359
124.692
86.3749
46.7593
18.8336
7.14378
-8.44265
-40.265
-76.6333
-107.157
-129.238
-148.071
-168.204
-187.037
-204.572
-222.756
-230.549
-216.262
-192.233
-174.049
-163.008
-154.566
-144.824
-137.68
-136.381
-139.629
-137.031
-125.341
-107.806
-101.961
-110.404
-119.496
-120.795
-110.404
-113.002
-136.381
-154.566
-144.175
-123.393
-118.847
-133.134
-136.381
-126.64
-125.99
-148.721
-175.997
-172.1
-147.422
-143.525
-172.75
-214.963
-241.59
-245.486
-231.199
-207.819
-180.543
-170.152
-192.882
-218.86
-223.406
-199.377
-174.049
-161.06
-163.008
-181.192
-207.819
-228.601
-227.302
-209.118
-194.83
-201.325
-227.302
-252.63
-227.952
-96.1164
140.927
358.488
394.207
225.354
38.3167
67.5412
318.223
596.181
727.367
692.947
570.204
420.184
287.05
255.877
393.558
612.417
724.769
629.303
422.133
251.981
214.314
300.688
411.742
444.214
331.861
107.157
-103.26
-166.905
-77.9322
54.5525
105.208
12.9887
-166.905
-311.729
-326.016
-191.583
7.14378
141.577
147.422
64.9435
-12.9887
-11.6898
85.7254
233.797
363.034
407.196
355.241
259.125
200.026
221.457
288.999
336.407
323.419
262.372
174.698
93.5186
44.1616
42.2133
79.8805
94.1681
39.6155
-64.2941
-174.698
-242.889
-259.125
-239.642
-222.107
-248.734
-324.068
-419.535
-481.881
-485.128
-450.058
-413.041
-400.701
-418.236
-446.811
-450.058
-410.443
-339.655
-281.205
-256.527
-251.981
-253.929
-239.642
-201.974
-153.916
-103.26
-57.1503
-25.9774
-7.14378
5.84491
9.09209
9.74152
7.79322
7.79322
9.09209
5.84491
-3.89661
-31.8223
-66.2424
-81.8288
-81.1794
-96.7658
-150.019
-228.601
-271.464
-246.785
-205.871
-219.509
-286.401
-324.717
-281.855
-200.026
-163.008
-190.934
-218.21
-183.79
-114.95
-79.8805
-80.5299
-62.3458
-6.49435
64.2941
102.611
93.5186
79.8805
92.2198
129.238
163.008
170.801
156.514
197.428
381.868
628.004
676.711
422.133
137.68
142.876
421.483
674.114
692.947
577.348
508.508
452.007
274.062
74.0356
103.26
361.086
561.761
482.53
199.377
-48.0582
-84.4265
53.9031
207.17
259.774
162.359
-42.8627
-222.756
-262.372
-150.669
16.2359
105.858
43.5121
-118.847
-244.837
-246.785
-147.422
-17.5347
83.7771
111.053
59.748
-27.2763
-77.2828
-17.5347
135.082
268.217
279.257
183.141
79.8805
52.6042
92.8692
150.669
190.934
197.428
168.853
102.611
7.79322
-73.3862
-81.1794
-14.937
50.0065
39.6155
-54.5525
-173.399
-252.63
-263.021
-233.147
-224.055
-250.032
-291.596
-327.965
-344.85
-354.592
-369.529
-362.385
-334.459
-303.286
-282.504
-287.7
-310.43
-322.769
-307.183
-254.579
-189.635
-158.462
-178.595
-206.52
-192.882
-148.721
-112.352
-90.9209
-74.685
-46.7593
-10.391
-5.84491
-12.3393
12.9887
55.8514
89.622
98.7141
80.5299
55.202
45.4604
53.2537
73.3862
81.8288
63.6446
15.5864
-37.0178
-68.1907
-87.0243
-92.2198
-72.7367
-61.0469
-94.1681
-146.123
-173.399
-157.813
-126.64
-130.536
-142.226
-127.289
-114.301
-132.485
-168.204
-178.595
-141.577
-89.622
-72.0873
-96.1164
-130.536
-105.208
87.0243
398.753
550.721
340.953
14.2876
-18.8336
282.504
613.716
700.74
614.366
585.79
578.647
392.908
148.721
177.296
500.714
776.075
728.017
424.081
137.68
72.0873
180.543
309.78
363.684
287.05
85.7254
-125.341
-229.251
-198.078
-57.7997
84.4265
89.622
-55.202
-225.354
-281.205
-185.738
-20.1325
100.662
166.905
196.129
156.514
72.7367
63.6446
192.233
365.632
461.099
424.73
313.677
240.94
233.147
231.848
224.705
230.549
233.147
185.089
54.5525
-125.341
-245.486
-224.055
-157.813
-175.997
-293.545
-454.604
-569.554
-611.118
-614.366
-602.026
-576.698
-584.491
-659.826
-745.551
-761.787
-679.958
-545.525
-445.512
-424.081
-417.587
-364.333
-273.412
-183.79
-116.249
-50.0065
30.5234
107.157
152.617
157.163
159.112
197.428
252.63
303.286
321.47
287.7
224.705
163.658
128.588
131.835
134.433
85.7254
0
-77.2828
-118.847
-124.042
-140.278
-194.83
-252.63
-289.648
-321.47
-340.953
-344.85
-346.149
-357.839
-381.218
-390.96
-363.684
-322.769
-292.895
-272.763
-252.63
-234.446
-227.302
-205.871
-145.473
-79.8805
-66.2424
-98.0647
-111.053
-72.0873
-11.6898
20.7819
0.649435
-33.7706
-28.5751
44.811
225.354
430.575
463.697
297.441
142.226
173.399
370.827
571.503
637.096
622.808
610.469
557.215
425.38
331.212
401.351
592.934
736.459
717.626
553.968
361.735
288.999
355.241
475.386
540.33
494.22
357.839
226.003
172.1
200.026
287.7
371.477
366.931
246.785
113.651
62.3458
104.559
186.388
229.9
211.716
162.359
111.703
73.3862
78.5816
127.289
163.008
145.473
75.3345
-7.14378
-61.6963
-90.2715
-118.197
-140.278
-151.968
-168.853
-214.963
-297.441
-379.27
-400.701
-356.54
-307.832
-314.327
-377.971
-447.461
-466.294
-433.173
-405.247
-402.65
-406.546
-398.753
-381.868
-381.218
-381.868
-358.488
-301.987
-239.642
-207.17
-214.314
-229.251
-211.066
-170.801
-137.68
-125.341
-131.835
-142.876
-142.226
-133.784
-122.094
-111.053
-122.743
-161.06
-203.923
-223.406
-211.716
-187.687
-168.204
-166.905
-187.687
-224.705
-251.331
-244.837
-214.314
-183.79
-169.503
-181.842
-213.015
-245.486
-252.63
-223.406
-177.945
-150.669
-153.267
-185.089
-206.52
-179.244
-114.301
-46.7593
-18.8336
-42.8627
-74.0356
-65.5929
-26.6268
12.9887
44.811
77.2828
115.599
132.485
122.094
115.599
133.784
181.192
232.498
263.671
274.062
283.803
345.499
475.386
593.584
581.894
461.748
385.764
452.007
604.624
702.039
692.298
650.734
624.756
552.02
426.679
364.982
444.214
592.934
658.527
566.307
384.466
267.567
289.648
388.362
463.047
437.719
327.315
224.055
189.635
195.48
199.377
204.572
209.768
198.078
142.226
58.4491
4.54604
16.2359
62.9952
93.5186
83.1277
42.2133
-8.44265
-40.9144
-48.7076
-46.1099
-56.5008
-74.0356
-90.9209
-119.496
-165.606
-222.756
-262.372
-264.32
-251.331
-264.32
-298.091
-331.212
-357.839
-384.466
-409.793
-409.793
-377.971
-368.879
-415.638
-479.283
-504.611
-468.892
-413.041
-399.403
-419.535
-437.719
-443.564
-451.357
-457.852
-432.524
-374.724
-331.861
-344.201
-384.466
-394.207
-357.839
-308.482
-282.504
-281.855
-279.906
-275.36
-275.36
-275.36
-263.671
-232.498
-194.181
-156.514
-122.743
-109.755
-118.847
-131.835
-117.548
-70.139
-12.9887
14.937
3.24717
-23.3797
-38.3167
-33.7706
-14.937
7.14378
24.6785
24.6785
3.24717
-20.7819
-27.2763
-3.89661
33.7706
57.7997
60.3975
48.0582
45.4604
57.7997
75.9839
83.7771
91.5703
116.249
152.617
181.192
192.233
193.532
192.233
197.428
218.86
257.826
298.74
319.522
318.873
313.677
324.068
339.655
352.643
371.477
409.793
451.357
455.254
419.535
386.414
393.558
440.317
481.881
492.272
478.634
463.697
447.461
419.535
396.805
410.443
461.748
518.249
531.238
492.272
433.173
402.65
416.937
450.058
462.398
429.926
375.373
333.16
311.079
294.843
265.619
225.354
190.284
168.204
138.33
87.0243
12.3393
-57.1503
-92.8692
-107.806
-134.433
-196.129
-274.711
-339.655
-376.672
-400.701
-431.874
-465.645
-494.22
-520.197
-555.916
-606.572
-650.084
-662.424
-642.941
-617.613
-623.458
-658.527
-693.597
-694.895
-659.177
-612.417
-579.296
-557.865
-535.784
-511.105
-487.076
-464.346
-435.121
-389.661
-331.861
-284.453
-263.671
-267.567
-270.165
-246.136
-192.882
-134.433
-101.961
-100.662
-112.352
-118.197
-109.755
-92.8692
-73.3862
-52.6042
-38.9661
-32.4717
-30.5234
-35.0695
-36.3684
-27.2763
-4.54604
20.7819
31.8223
30.5234
22.7302
16.8853
18.1842
25.9774
38.3167
50.0065
61.6963
72.7367
81.1794
93.5186
110.404
138.979
172.1
198.078
211.716
218.21
233.797
261.722
288.349
305.234
313.677
320.171
326.016
329.913
333.81
331.212
321.47
315.625
314.976
313.028
300.039
279.906
266.918
259.125
251.981
242.239
225.354
211.716
204.572
206.52
212.365
211.716
203.923
195.48
198.078
213.015
230.549
240.94
244.188
245.486
251.331
259.774
272.763
282.504
285.751
284.453
283.803
284.453
281.855
275.36
265.619
255.877
250.032
242.239
231.199
211.066
179.244
142.876
104.559
76.6333
55.8514
32.4717
0
-40.9144
-83.1277
-118.197
-147.422
-174.698
-208.469
-245.486
-279.257
-305.884
-324.068
-337.057
-353.942
-372.776
-389.012
-395.506
-394.856
-393.558
-394.856
-400.052
-400.052
-388.362
-363.684
-339.005
-328.614
-327.315
-329.264
-321.47
-307.832
-300.688
-293.545
-289.648
-285.751
-283.154
-283.803
-283.803
-286.401
-286.401
-283.154
-277.958
-272.763
-268.217
-260.423
-242.239
-224.055
-214.963
-210.417
-205.871
-193.532
-170.152
-144.824
-123.393
-109.105
-96.7658
-81.8288
-61.0469
-40.265
-27.9257
-15.5864
1.9483
22.7302
39.6155
50.0065
56.5008
60.3975
65.5929
66.2424
69.4895
76.6333
83.1277
87.6737
87.0243
89.622
100.013
117.548
135.082
142.876
145.473
149.37
160.41
175.997
190.284
197.428
205.871
222.756
240.94
257.176
263.671
263.021
266.268
272.763
274.711
270.814
266.268
266.918
271.464
274.062
274.711
274.711
274.062
274.062
274.062
268.866
262.372
250.682
242.239
240.291
238.343
238.992
240.94
240.291
235.095
229.251
223.406
218.21
210.417
197.428
184.44
174.049
164.307
158.462
151.318
139.629
129.238
114.301
98.0647
81.1794
62.3458
43.5121
25.328
6.49435
-9.09209
-23.3797
-36.3684
-47.4088
-60.3975
-72.7367
-83.7771
-96.1164
-109.105
-123.393
-141.577
-155.215
-161.06
-165.606
-171.451
-180.543
-189.635
-192.882
-199.377
-205.871
-213.015
-223.406
-232.498
-237.044
-242.239
-248.084
-251.981
-253.28
-252.63
-255.877
-258.475
-259.774
-257.826
-254.579
-255.877
-263.671
-268.866
-272.113
-272.763
-276.01
-282.504
-289.648
-292.246
-290.297
-288.349
-286.401
-286.401
-286.401
-285.751
-282.504
-274.062
-264.969
-251.331
-236.394
-222.756
-206.52
-188.336
-174.049
-159.112
-144.175
-126.64
-106.507
-88.9726
-74.685
-59.748
-39.6155
-12.3393
12.9887
31.1729
40.265
53.2537
72.0873
90.2715
107.806
123.393
135.082
146.123
158.462
176.646
194.181
210.417
224.705
237.044
253.929
269.516
283.803
300.039
312.378
318.873
326.666
336.407
344.201
351.994
355.89
359.138
360.436
359.787
358.488
355.89
357.189
353.942
348.747
341.603
334.459
326.016
313.028
300.039
285.751
272.763
259.774
247.435
237.044
228.601
222.107
209.118
190.284
166.255
151.318
143.525
134.433
120.795
99.3636
78.5816
64.2941
58.4491
52.6042
42.8627
29.2246
12.9887
-1.9483
-15.5864
-30.5234
-40.265
-48.7076
-62.3458
-76.6333
-88.3232
-96.7658
-105.208
-113.651
-120.145
-130.536
-140.927
-148.721
-159.761
-174.049
-187.687
-198.727
-203.273
-212.365
-226.653
-244.188
-259.125
-266.268
-273.412
-280.556
-291.596
-298.091
-300.688
-304.585
-309.131
-316.275
-322.769
-327.965
-329.913
-327.965
-324.717
-320.171
-318.873
-316.275
-314.327
-309.131
-303.936
-294.843
-284.453
-278.608
-271.464
-263.021
-256.527
-245.486
-237.693
-224.055
-203.923
-183.141
-164.307
-152.617
-139.629
-123.393
-105.208
-92.2198
-78.5816
-61.6963
-40.9144
-18.8336
-1.9483
13.6381
28.5751
41.5638
58.4491
77.9322
103.91
128.588
146.123
159.112
168.853
180.543
195.48
214.314
233.147
251.331
260.423
271.464
285.102
293.545
302.637
311.729
320.171
329.264
332.511
329.264
326.016
324.717
323.419
320.171
312.378
301.987
292.895
280.556
266.268
252.63
237.044
222.107
203.923
188.986
177.296
161.709
146.123
131.835
120.145
107.157
93.5186
78.5816
74.0356
73.3862
72.0873
74.0356
72.7367
74.0356
76.6333
77.9322
83.7771
92.8692
97.4152
103.91
109.105
112.352
117.548
116.898
119.496
127.289
127.939
124.042
113.651
102.611
96.7658
88.3232
78.5816
66.2424
45.4604
23.3797
-1.9483
-29.874
-52.6042
-75.9839
-103.91
-131.835
-157.163
-180.543
-199.377
-222.756
-243.538
-261.722
-280.556
-293.545
-307.832
-320.821
-331.861
-346.149
-360.436
-370.178
-375.373
-378.621
-380.569
-383.816
-387.713
-389.012
-382.517
-370.827
-360.436
-350.695
-339.005
-321.47
-299.39
-282.504
-268.217
-254.579
-238.343
-220.158
-204.572
-189.635
-181.192
-172.75
-161.06
-148.721
-134.433
-122.094
-112.352
-100.013
-85.076
-68.1907
-53.9031
-37.6672
-22.0808
-3.89661
12.9887
29.2246
46.1099
64.2941
85.7254
101.961
114.301
126.64
137.68
152.617
163.658
173.399
182.491
190.284
198.727
203.923
205.221
209.768
215.612
224.055
231.848
231.848
231.848
235.095
244.837
253.28
253.28
248.084
240.94
237.044
237.044
233.797
226.003
216.911
207.819
200.026
191.583
185.089
180.543
181.192
182.491
180.543
181.192
180.543
183.79
188.336
185.089
183.79
187.687
191.583
195.48
192.233
183.79
181.192
179.893
179.893
176.646
169.503
163.658
156.514
148.071
138.33
129.887
125.341
120.795
112.352
97.4152
83.1277
65.5929
49.3571
34.4201
13.6381
-4.54604
-20.7819
-40.9144
-59.748
-83.7771
-109.755
-129.887
-151.318
-166.255
-179.893
-194.83
-211.066
-226.653
-238.992
-248.734
-255.228
-263.671
-270.814
-279.257
-288.349
-296.142
-305.234
-313.677
-313.677
-310.43
-304.585
-301.987
-303.936
-304.585
-303.936
-299.39
-289.648
-277.958
-267.567
-258.475
-251.981
-247.435
-243.538
-231.848
-215.612
-199.377
-185.738
-175.347
-164.307
-153.916
-142.876
-132.485
-120.795
-107.157
-92.2198
-77.2828
-66.8918
-62.9952
-57.1503
-49.3571
-37.6672
-25.328
-14.937
-4.54604
5.19548
12.9887
23.3797
31.8223
42.2133
55.202
68.8401
80.5299
88.9726
100.013
111.053
121.444
130.536
138.33
144.824
155.864
168.204
180.543
190.284
198.727
205.871
215.612
224.055
229.251
237.693
244.837
251.981
257.826
255.877
253.929
253.28
253.929
255.877
251.331
249.383
248.734
247.435
244.837
242.239
237.044
230.549
222.107
215.612
207.819
195.48
184.44
174.049
166.255
157.813
147.422
138.979
133.784
125.99
116.249
107.157
98.0647
88.9726
75.9839
62.9952
53.9031
43.5121
34.4201
28.5751
17.5347
4.54604
-5.84491
-16.8853
-24.0291
-32.4717
-45.4604
-59.748
-74.0356
-84.4265
-92.2198
-98.7141
-108.456
-117.548
-127.939
-137.68
-146.123
-153.916
-159.761
-164.956
-170.152
-174.698
-177.296
-178.595
-181.842
-183.79
-187.037
-191.583
-194.83
-195.48
-196.129
-196.779
-201.974
-203.273
-203.923
-207.17
-209.768
-209.118
-209.118
-208.469
-209.118
-211.066
-213.664
-212.365
-208.469
-202.624
-192.882
-186.388
-182.491
-181.842
-178.595
-170.152
-157.813
-148.721
-144.175
-140.927
-135.082
-125.99
-113.651
-100.013
-90.9209
-82.4782
-75.9839
-72.7367
-66.8918
-56.5008
-43.5121
-33.1212
-27.2763
-20.7819
-8.44265
5.19548
16.8853
25.328
36.3684
48.0582
61.6963
74.0356
79.8805
88.9726
102.611
121.444
138.33
151.318
159.761
168.204
179.893
188.986
197.428
205.871
214.314
215.612
214.963
214.314
217.561
225.354
230.549
230.549
226.653
225.354
229.9
231.199
231.848
231.199
229.251
227.302
223.406
217.561
213.015
205.871
198.727
188.336
179.893
172.75
162.359
149.37
132.485
120.145
113.651
107.806
96.1164
78.5816
64.9435
56.5008
49.3571
40.9144
32.4717
22.0808
14.2876
3.24717
-7.14378
-11.6898
-14.937
-18.1842
-24.6785
-34.4201
-39.6155
-38.9661
-36.3684
-38.3167
-48.7076
-55.8514
-61.0469
-64.2941
-70.7884
-83.1277
-90.9209
-98.0647
-104.559
-113.651
-123.393
-124.042
-125.99
-129.238
-133.134
-134.433
-133.134
-135.732
-141.577
-146.772
-149.37
-150.669
-153.267
-157.813
-163.658
-168.204
-172.75
-179.244
-182.491
-187.687
-190.934
-193.532
-199.377
-205.871
-211.716
-214.314
-214.314
-210.417
-206.52
-203.273
-196.779
-190.284
-181.192
-170.801
-160.41
-148.721
-140.278
-135.732
-127.939
-118.197
-105.208
-92.8692
-83.1277
-72.0873
-61.0469
-46.7593
-35.7189
-25.9774
-18.8336
-12.3393
-1.9483
11.0404
24.6785
34.4201
44.1616
58.4491
79.2311
100.013
118.197
129.887
140.927
154.566
168.853
185.089
197.428
208.469
220.158
230.549
238.992
246.136
252.63
260.423
266.918
268.866
266.268
261.722
258.475
255.228
251.331
246.136
242.889
237.044
228.601
218.21
203.923
196.129
188.986
177.945
164.956
147.422
134.433
124.692
114.95
104.559
94.8175
81.8288
68.8401
55.202
44.811
37.6672
32.4717
22.0808
9.09209
-4.54604
-14.937
-20.7819
-25.9774
-34.4201
-46.1099
-55.8514
-62.9952
-68.8401
-76.6333
-82.4782
-88.9726
-98.0647
-103.91
-111.053
-116.898
-122.743
-128.588
-131.835
-129.887
-126.64
-117.548
-116.898
-122.743
-126.64
-129.887
-122.094
-114.301
-110.404
-108.456
-105.208
-100.662
-96.1164
-93.5186
-91.5703
-88.3232
-84.4265
-83.1277
-85.7254
-88.3232
-88.3232
-85.7254
-84.4265
-86.3749
-87.6737
-89.622
-94.1681
-100.013
-103.91
-103.91
-104.559
-106.507
-108.456
-116.898
-125.99
-130.536
-131.835
-129.238
-127.289
-127.939
-129.887
-131.186
-127.939
-122.743
-116.249
-110.404
-105.858
-103.91
-98.0647
-90.9209
-82.4782
-73.3862
-66.2424
-58.4491
-50.0065
-42.8627
-35.0695
-25.328
-13.6381
-3.89661
9.74152
20.1325
29.874
42.2133
53.2537
68.8401
86.3749
105.858
122.743
137.68
149.37
159.761
174.049
190.934
206.52
216.911
222.756
232.498
241.59
248.084
254.579
259.774
259.125
261.073
257.176
251.981
251.981
250.682
249.383
245.486
235.745
226.653
216.262
205.221
194.83
183.141
170.801
158.462
143.525
127.289
114.301
100.013
83.1277
68.1907
50.6559
32.4717
18.1842
1.9483
-14.937
-27.2763
-43.5121
-57.1503
-72.7367
-88.3232
-100.662
-109.755
-116.898
-125.341
-136.381
-145.473
-152.617
-159.112
-164.307
-170.152
-174.049
-173.399
-170.801
-168.204
-163.658
-159.761
-155.864
-152.617
-148.721
-141.577
-134.433
-127.289
-124.042
-122.743
-122.094
-120.795
-117.548
-112.352
-105.208
-101.312
-98.7141
-92.8692
-89.622
-84.4265
-76.6333
-70.7884
-62.3458
-55.8514
-51.9548
-46.1099
-44.811
-38.9661
-34.4201
-34.4201
-35.7189
-40.9144
-44.1616
-44.1616
-44.1616
-48.0582
-50.6559
-53.2537
-52.6042
-50.6559
-48.7076
-47.4088
-48.0582
-48.7076
-50.0065
-50.0065
-50.0065
-48.0582
-46.1099
-47.4088
-50.0065
-51.9548
-52.6042
-47.4088
-39.6155
-30.5234
-20.7819
-12.3393
-6.49435
0.649435
8.44265
15.5864
25.328
35.7189
45.4604
53.9031
56.5008
60.3975
66.8918
72.7367
83.1277
94.1681
101.961
112.352
124.042
135.732
148.721
159.112
168.853
178.595
185.089
190.934
198.078
204.572
210.417
212.365
209.118
207.819
204.572
200.675
200.026
194.83
187.687
180.543
170.152
163.008
161.06
154.566
148.071
141.577
129.887
120.145
107.157
94.1681
84.4265
72.7367
60.3975
48.0582
33.1212
20.1325
7.79322
-5.19548
-13.6381
-21.4314
-31.1729
-38.3167
-46.7593
-57.1503
-66.2424
-77.2828
-86.3749
-92.8692
-101.312
-109.755
-115.599
-120.795
-124.042
-129.238
-134.433
-137.68
-141.577
-145.473
-146.772
-148.071
-148.071
-150.019
-151.318
-152.617
-151.318
-148.721
-145.473
-143.525
-142.226
-140.927
-139.629
-137.031
-133.784
-129.238
-126.64
-124.042
-120.795
-116.898
-110.404
-102.611
-96.1164
-94.1681
-92.2198
-88.3232
-80.5299
-71.4378
-65.5929
-62.9952
-64.2941
-62.9952
-57.1503
-51.3054
-46.1099
-42.8627
-41.5638
-42.8627
-42.2133
-39.6155
-37.6672
-35.0695
-35.0695
-34.4201
-33.1212
-32.4717
-26.6268
-20.7819
-16.8853
-12.3393
-8.44265
-2.59774
3.89661
10.391
14.937
18.1842
21.4314
26.6268
35.0695
45.4604
55.202
64.9435
71.4378
78.5816
85.076
93.5186
104.559
116.898
124.042
128.588
130.536
136.381
143.525
152.617
159.112
161.709
162.359
163.008
167.554
172.1
175.347
174.698
172.75
168.853
164.307
162.359
158.462
153.267
148.721
144.824
138.33
130.536
123.393
118.847
111.703
101.961
90.2715
75.9839
66.2424
56.5008
45.4604
31.8223
16.8853
6.49435
2.59774
-3.24717
-9.09209
-12.3393
-15.5864
-16.8853
-19.483
-20.7819
-20.7819
-23.3797
-25.328
-25.9774
-32.4717
-38.3167
-40.9144
-42.2133
-42.8627
-46.1099
-49.3571
-52.6042
-54.5525
-55.8514
-57.7997
-64.2941
-72.0873
-80.5299
-87.6737
-94.8175
-103.26
-111.703
-120.795
-129.887
-137.68
-146.123
-152.617
-157.163
-161.06
-163.008
-163.658
-162.359
-157.813
-152.617
-148.071
-143.525
-139.629
-134.433
-131.186
-126.64
-120.795
-115.599
-109.105
-100.662
-91.5703
-84.4265
-76.6333
-66.8918
-57.7997
-48.0582
-40.9144
-32.4717
-19.483
-7.14378
3.89661
5.84491
1.29887
-4.54604
-12.3393
-22.0808
-26.6268
-28.5751
-30.5234
-26.6268
-22.0808
-15.5864
-10.391
-7.79322
1.29887
11.0404
20.1325
29.874
34.4201
37.6672
38.9661
43.5121
48.7076
53.2537
57.7997
64.2941
72.0873
79.8805
93.5186
108.456
122.094
136.381
145.473
150.019
152.617
150.019
149.37
147.422
143.525
138.33
134.433
131.835
129.238
131.186
129.887
127.289
122.743
116.249
113.002
106.507
100.662
96.7658
88.3232
82.4782
77.9322
72.0873
69.4895
63.6446
57.7997
51.9548
43.5121
37.0178
32.4717
25.9774
23.3797
21.4314
20.7819
20.1325
18.8336
21.4314
23.3797
23.3797
25.328
25.328
25.328
24.0291
20.1325
14.937
5.19548
-4.54604
-12.3393
-18.1842
-23.3797
-25.9774
-27.2763
-32.4717
-38.3167
-42.2133
-47.4088
-50.0065
-53.2537
-59.0986
-63.6446
-70.139
-75.3345
-77.2828
-81.8288
-84.4265
-88.3232
-96.1164
-100.662
-107.157
-110.404
-109.755
-114.95
-117.548
-118.847
-122.094
-120.795
-122.743
-123.393
-122.743
-125.341
-127.939
-130.536
-136.381
-137.031
-137.68
-137.031
-133.134
-129.887
-127.939
-125.341
-124.692
-120.795
-114.301
-107.806
-100.662
-93.5186
-88.9726
-82.4782
-76.6333
-72.0873
-64.9435
-57.1503
-48.0582
-38.3167
-32.4717
-24.6785
-16.8853
-8.44265
3.89661
10.391
14.937
20.7819
22.0808
24.0291
28.5751
34.4201
43.5121
51.9548
57.7997
62.9952
67.5412
74.0356
81.8288
87.6737
93.5186
100.013
105.858
109.105
112.352
113.002
118.197
120.795
123.393
128.588
131.186
134.433
138.979
139.629
141.577
143.525
143.525
144.175
142.226
140.278
140.927
138.979
136.381
135.732
133.784
132.485
132.485
129.238
125.99
124.042
122.743
122.094
117.548
113.002
108.456
100.013
92.8692
86.3749
79.8805
74.685
70.7884
66.2424
59.748
51.9548
48.0582
44.1616
38.9661
35.7189
35.0695
31.8223
27.2763
22.0808
16.8853
10.391
4.54604
-2.59774
-12.9887
-22.0808
-30.5234
-36.3684
-45.4604
-55.202
-64.2941
-73.3862
-82.4782
-90.2715
-98.7141
-105.208
-113.002
-120.145
-127.939
-133.784
-138.979
-146.123
-153.267
-161.06
-170.152
-174.049
-178.595
-181.192
-180.543
-178.595
-176.646
-175.347
-172.75
-167.554
-161.709
-155.215
-151.318
-149.37
-148.721
-149.37
-150.669
-150.669
-147.422
-143.525
-139.629
-133.784
-126.64
-118.847
-110.404
-101.312
-91.5703
-81.8288
-73.3862
-64.2941
-53.2537
-44.1616
-35.0695
-28.5751
-24.0291
-20.7819
-16.8853
-11.0404
-5.19548
3.24717
11.0404
20.1325
28.5751
35.7189
42.8627
48.7076
55.202
59.0986
63.6446
69.4895
76.6333
84.4265
90.2715
94.8175
97.4152
99.3636
100.662
101.312
101.961
105.208
107.806
110.404
114.301
116.898
117.548
115.599
114.95
113.002
113.002
109.105
105.208
103.91
102.611
100.662
98.0647
95.4669
92.2198
91.5703
92.2198
96.1164
98.7141
101.312
103.91
101.961
102.611
100.013
98.7141
100.662
97.4152
95.4669
94.1681
90.9209
94.8175
96.1164
96.7658
97.4152
96.1164
94.8175
94.1681
95.4669
96.7658
96.7658
92.8692
86.3749
81.8288
78.5816
73.3862
71.4378
68.1907
62.3458
55.8514
47.4088
42.2133
35.0695
25.9774
13.6381
1.29887
-11.0404
-24.6785
-34.4201
-44.1616
-56.5008
-65.5929
-74.685
-85.076
-90.2715
-101.312
-111.703
-120.145
-129.238
-137.68
-144.824
-150.669
-155.864
-159.112
-164.956
-168.204
-170.801
-175.347
-179.244
-182.491
-185.089
-185.738
-188.986
-190.934
-188.986
-187.687
-185.089
-181.192
-179.893
-178.595
-177.945
-174.698
-168.204
-158.462
-150.669
-145.473
-139.629
-133.134
-125.99
-117.548
-107.806
-101.961
-94.8175
-88.9726
-83.1277
-72.7367
-66.2424
-62.3458
-55.202
-46.7593
-38.3167
-29.2246
-22.0808
-16.2359
-9.09209
-2.59774
5.84491
16.8853
24.6785
31.8223
39.6155
49.3571
59.0986
66.8918
77.2828
82.4782
88.3232
94.8175
103.91
112.352
118.197
122.743
120.795
122.094
128.588
131.835
138.979
146.123
147.422
152.617
160.41
165.606
172.75
179.893
183.79
185.738
188.336
188.986
190.284
189.635
188.986
188.986
187.687
185.738
183.141
180.543
179.244
177.945
177.296
175.997
171.451
163.658
157.813
154.566
148.721
143.525
134.433
122.743
111.703
103.26
96.7658
88.9726
79.2311
68.8401
56.5008
46.1099
37.6672
27.9257
12.3393
-1.29887
-14.2876
-24.0291
-27.9257
-35.7189
-47.4088
-56.5008
-66.8918
-79.2311
-87.6737
-94.8175
-104.559
-109.105
-116.898
-128.588
-134.433
-140.927
-146.772
-150.669
-158.462
-170.152
-181.192
-181.192
-175.347
-172.1
-172.75
-184.44
-196.779
-202.624
-200.675
-196.129
-190.934
-185.089
-184.44
-182.491
-187.037
-195.48
-197.428
-192.882
-181.842
-173.399
-171.451
-169.503
-167.554
-163.658
-161.709
-163.008
-166.255
-168.204
-159.112
-146.123
-133.134
-122.743
-117.548
-107.806
-94.8175
-79.8805
-66.8918
-55.8514
-48.0582
-37.6672
-24.6785
-16.8853
-5.84491
2.59774
12.3393
25.9774
37.0178
38.3167
38.3167
46.1099
61.6963
81.1794
93.5186
99.3636
103.91
107.157
114.95
125.99
129.887
135.082
135.732
136.381
143.525
151.318
156.514
158.462
157.163
157.813
168.204
180.543
190.934
193.532
191.583
193.532
200.026
205.221
204.572
203.273
206.52
211.066
209.768
204.572
198.727
194.83
197.428
201.974
201.325
196.129
185.089
174.698
172.1
166.255
154.566
135.732
116.249
106.507
98.7141
85.7254
64.9435
47.4088
38.3167
27.2763
12.3393
-7.14378
-25.328
-29.874
-16.2359
-7.79322
-22.7302
-59.748
-96.7658
-106.507
-96.7658
-90.2715
-93.5186
-95.4669
-95.4669
-98.7141
-109.105
-124.042
-135.732
-138.979
-120.795
-100.662
-96.1164
-111.053
-95.4669
15.5864
141.577
90.2715
-150.669
-377.322
-423.432
-281.855
-116.898
-73.3862
-115.599
-157.813
-214.314
-306.533
-390.31
-392.259
-258.475
-55.202
65.5929
16.8853
-146.772
-278.608
-279.906
-183.141
-103.26
-134.433
-211.716
-227.302
-96.7658
129.238
219.509
93.5186
-84.4265
-102.611
26.6268
116.249
37.0178
-94.8175
-108.456
-65.5929
-96.1164
-215.612
-262.372
-117.548
103.26
214.963
124.042
-90.2715
-195.48
-107.157
57.7997
154.566
110.404
-11.0404
-37.6672
42.2133
83.1277
46.7593
-27.9257
-14.937
128.588
259.125
268.217
146.772
43.5121
53.2537
101.312
103.26
127.289
229.9
308.482
315.625
246.136
154.566
96.7658
64.2941
85.076
152.617
205.871
155.215
33.7706
-33.7706
-13.6381
43.5121
61.6963
71.4378
120.795
180.543
202.624
179.893
135.082
79.8805
46.7593
86.3749
136.381
125.99
67.5412
9.74152
9.09209
26.6268
35.7189
54.5525
138.979
254.579
260.423
159.761
42.8627
-21.4314
-24.6785
-24.6785
-53.9031
-61.0469
-22.7302
-11.0404
-92.2198
-203.273
-246.136
-198.727
-114.95
-99.3636
-107.157
-94.8175
-62.3458
-26.6268
-62.3458
-101.961
-72.7367
-11.0404
17.5347
29.874
28.5751
-29.2246
-83.7771
-101.312
-110.404
-66.2424
-20.1325
-12.9887
-0.649435
-11.0404
-74.685
-151.318
-165.606
-135.732
-85.076
-66.2424
-83.1277
-103.26
-159.112
-235.095
-233.797
-179.893
-138.33
-109.755
-96.7658
-59.748
-43.5121
-79.8805
-149.37
-164.307
-107.806
-66.2424
-24.6785
38.9661
59.748
15.5864
-71.4378
-116.898
-87.0243
-62.3458
-11.0404
31.8223
70.139
85.076
13.6381
-75.3345
-98.0647
-42.8627
-7.14378
-0.649435
21.4314
35.7189
37.6672
18.1842
7.79322
23.3797
53.9031
46.7593
22.0808
11.0404
44.811
92.8692
47.4088
32.4717
25.9774
55.202
87.0243
74.0356
107.157
111.053
116.898
90.9209
73.3862
75.9839
75.3345
96.1164
90.9209
127.939
153.267
109.755
59.0986
46.1099
57.1503
82.4782
101.312
82.4782
124.692
205.871
201.974
119.496
59.748
44.1616
94.8175
157.813
101.961
55.202
85.7254
103.91
67.5412
17.5347
-12.9887
25.9774
101.961
89.622
57.1503
59.748
66.2424
67.5412
50.6559
11.6898
-1.9483
26.6268
37.0178
26.6268
5.19548
-37.0178
-53.2537
-37.0178
-29.874
-55.8514
-58.4491
-42.8627
-20.1325
5.84491
-21.4314
-53.9031
-68.8401
-63.6446
-47.4088
-31.8223
-16.8853
-38.9661
-77.9322
-118.197
-150.669
-155.215
-164.956
-150.669
-102.611
-65.5929
-46.7593
-83.7771
-111.053
-114.95
-124.042
-105.858
-94.8175
-86.3749
-72.0873
-63.6446
-102.611
-142.876
-163.008
-207.17
-199.377
-159.761
-133.134
-116.898
-105.208
-93.5186
-88.9726
-94.1681
-126.64
-131.835
-96.7658
-101.312
-88.9726
-73.3862
-90.2715
-88.9726
-100.662
-112.352
-92.2198
-70.139
-61.6963
-37.6672
4.54604
29.874
16.8853
-3.24717
-11.0404
-12.3393
-0.649435
16.2359
68.8401
121.444
111.703
83.7771
75.3345
75.3345
66.2424
61.0469
73.3862
101.312
125.99
129.887
125.341
135.082
135.732
124.042
144.824
150.669
156.514
177.296
185.089
175.997
155.215
134.433
115.599
134.433
153.916
147.422
153.916
164.307
161.06
144.175
137.68
140.927
166.255
182.491
163.008
143.525
116.249
85.7254
68.8401
61.0469
42.8627
42.8627
66.8918
72.0873
81.8288
83.1277
52.6042
11.0404
-12.9887
-14.937
7.14378
41.5638
43.5121
27.9257
19.483
-1.29887
-33.1212
-46.7593
-35.0695
-27.9257
-14.937
-22.7302
-48.7076
-64.2941
-74.0356
-68.8401
-64.9435
-68.1907
-75.9839
-87.0243
-99.3636
-109.105
-111.053
-120.145
-118.197
-102.611
-96.7658
-94.8175
-111.703
-131.835
-153.267
-165.606
-152.617
-141.577
-124.692
-98.0647
-92.2198
-112.352
-151.318
-188.336
-190.934
-162.359
-118.847
-83.7771
-83.1277
-103.26
-132.485
-153.916
-160.41
-148.721
-118.847
-81.8288
-55.202
-55.8514
-72.7367
-93.5186
-107.806
-103.26
-80.5299
-57.7997
-38.3167
-17.5347
-14.2876
-25.328
-40.265
-53.2537
-44.811
-7.79322
29.2246
43.5121
46.1099
41.5638
33.7706
31.8223
38.9661
51.9548
69.4895
78.5816
82.4782
81.1794
76.6333
79.2311
77.9322
88.9726
100.013
99.3636
101.961
105.208
102.611
108.456
112.352
104.559
103.91
103.26
103.26
99.3636
92.2198
91.5703
103.26
122.094
136.381
144.175
135.732
110.404
81.8288
55.8514
50.0065
66.8918
97.4152
129.238
135.732
119.496
82.4782
40.265
25.328
35.0695
58.4491
90.2715
115.599
112.352
80.5299
32.4717
-6.49435
-22.7302
-27.2763
-14.937
16.8853
42.8627
48.0582
29.874
-3.24717
-30.5234
-47.4088
-44.811
-30.5234
-16.2359
3.89661
14.2876
3.24717
-25.328
-59.0986
-75.3345
-70.7884
-55.202
-36.3684
-18.8336
-14.2876
-21.4314
-38.3167
-68.1907
-87.0243
-87.0243
-77.9322
-67.5412
-58.4491
-48.7076
-46.7593
-51.9548
-62.3458
-76.6333
-75.9839
-63.6446
-50.0065
-44.811
-46.1099
-48.0582
-53.2537
-57.7997
-65.5929
-69.4895
-59.748
-50.6559
-47.4088
-48.7076
-51.3054
-57.1503
-64.9435
-64.9435
-63.6446
-58.4491
-46.1099
-38.9661
-46.1099
-51.9548
-59.748
-66.2424
-58.4491
-39.6155
-23.3797
-12.9887
-12.3393
-16.2359
-20.7819
-27.9257
-37.0178
-38.9661
-38.9661
-37.0178
-32.4717
-29.2246
-22.7302
-18.8336
-14.937
-11.0404
-9.09209
-9.74152
-11.6898
-12.9887
-8.44265
10.391
35.0695
46.1099
45.4604
36.3684
23.3797
15.5864
15.5864
18.1842
32.4717
52.6042
63.6446
65.5929
56.5008
40.265
32.4717
33.7706
36.3684
44.811
61.6963
78.5816
88.9726
85.076
68.1907
53.9031
46.1099
51.9548
64.9435
75.9839
81.1794
79.2311
70.139
59.0986
48.0582
40.9144
46.1099
59.748
74.0356
87.0243
83.7771
73.3862
60.3975
48.7076
44.1616
42.2133
46.7593
55.202
62.9952
67.5412
65.5929
50.0065
30.5234
12.9887
1.9483
8.44265
21.4314
29.2246
30.5234
11.0404
-13.6381
-34.4201
-51.9548
-55.202
-44.811
-26.6268
-12.3393
-11.6898
-24.6785
-40.9144
-57.1503
-70.7884
-75.3345
-70.139
-51.3054
-29.2246
-16.2359
-16.8853
-32.4717
-57.7997
-75.9839
-78.5816
-74.0356
-61.6963
-53.9031
-55.202
-58.4491
-68.8401
-72.7367
-70.7884
-66.2424
-55.202
-45.4604
-38.3167
-31.8223
-29.874
-31.1729
-26.6268
-20.1325
-15.5864
-14.937
-23.3797
-34.4201
-42.2133
-48.7076
-43.5121
-28.5751
-9.74152
7.79322
14.2876
7.79322
-5.84491
-18.1842
-20.1325
-7.79322
10.391
30.5234
37.6672
27.2763
8.44265
-14.2876
-30.5234
-35.7189
-33.1212
-27.2763
-21.4314
-21.4314
-26.6268
-34.4201
-44.1616
-46.7593
-42.2133
-33.1212
-19.483
-6.49435
0
4.54604
1.9483
-5.84491
-12.3393
-12.3393
-6.49435
3.89661
12.9887
20.1325
24.0291
25.9774
24.6785
22.0808
24.6785
27.2763
29.874
34.4201
40.9144
47.4088
52.6042
55.202
49.3571
40.9144
33.7706
30.5234
37.6672
53.2537
68.1907
81.8288
88.3232
86.3749
82.4782
82.4782
83.1277
84.4265
92.2198
98.0647
99.3636
92.8692
82.4782
75.9839
70.139
68.8401
69.4895
72.0873
73.3862
73.3862
68.1907
59.748
50.0065
38.3167
31.8223
23.3797
18.8336
16.8853
12.9887
6.49435
-0.649435
-11.0404
-19.483
-23.3797
-23.3797
-17.5347
-7.14378
1.9483
3.89661
0
-5.84491
-12.9887
-19.483
-24.6785
-31.8223
-41.5638
-48.0582
-53.2537
-57.1503
-62.3458
-70.139
-79.2311
-88.9726
-96.7658
-96.7658
-92.2198
-85.7254
-81.1794
-80.5299
-83.7771
-88.3232
-90.2715
-88.9726
-86.3749
-84.4265
-80.5299
-76.6333
-73.3862
-73.3862
-77.9322
-87.0243
-92.8692
-93.5186
-91.5703
-87.6737
-83.7771
-78.5816
-74.0356
-72.0873
-72.7367
-72.0873
-74.0356
-76.6333
-76.6333
-72.7367
-65.5929
-55.202
-44.811
-38.3167
-38.3167
-41.5638
-44.811
-43.5121
-35.0695
-23.3797
-13.6381
-2.59774
8.44265
20.7819
31.8223
38.9661
39.6155
38.9661
38.9661
37.0178
37.6672
41.5638
48.7076
58.4491
62.9952
62.3458
64.9435
68.8401
75.3345
79.8805
78.5816
78.5816
83.7771
89.622
97.4152
104.559
109.755
113.651
113.002
111.053
108.456
103.91
99.3636
96.7658
96.7658
100.662
106.507
113.651
118.197
122.094
120.145
113.651
108.456
103.91
102.611
100.013
92.8692
87.0243
83.1277
79.2311
72.0873
57.7997
42.2133
33.7706
26.6268
21.4314
16.8853
12.9887
11.6898
5.84491
0.649435
-5.19548
-9.74152
-6.49435
-3.89661
-10.391
-20.7819
-27.9257
-34.4201
-41.5638
-50.0065
-55.202
-55.8514
-59.0986
-66.2424
-68.8401
-68.1907
-68.1907
-67.5412
-66.8918
