SAMPLES: 7210
BITSPERSAMPLE:	16
CHANNELS:	1
SAMPLERATE:	16000
NORMALIZED:	FALSE
44.0403
-13.4962
73.1638
79.5568
53.9849
68.1915
36.2267
19.1789
65.3502
87.3704
36.9371
39.7784
105.839
35.5164
7.81361
61.0882
149.169
47.592
-98.7356
78.8464
121.466
-12.7859
2.84131
84.5291
26.2821
-20.5995
29.1235
-5.68263
-43.33
-22.7305
17.0479
1.42066
-61.0882
19.1789
64.6399
-65.3502
-77.4258
-19.1789
10.6549
-29.1235
-69.6122
-9.94459
12.0756
19.8892
-63.2192
-93.053
-31.2544
-39.7784
-53.9849
-88.791
-73.1638
-11.3653
-20.5995
-98.0253
-93.053
-6.39295
-28.4131
-100.156
-39.068
31.2544
-10.6549
-57.5366
-29.1235
5.68263
-55.4056
-72.4535
-2.84131
-10.6549
-39.7784
-36.2267
8.52394
23.4408
-19.8892
-27.7028
-22.7305
-20.5995
24.1512
29.1235
-55.4056
-4.9723
82.3981
4.26197
-64.6399
9.94459
62.5089
19.1789
-12.0756
13.4962
45.461
9.94459
1.42066
36.9371
24.1512
-9.94459
-0.710328
25.5718
56.1159
52.5643
-22.7305
-0.710328
90.2117
2.13098
-56.1159
28.4131
19.8892
-13.4962
-2.13098
15.6272
18.4685
-24.1512
-2.84131
44.7507
-17.0479
-12.0756
29.1235
-39.068
-10.6549
42.6197
14.9169
-46.1713
-23.4408
52.5643
22.0202
-47.592
-20.5995
62.5089
1.42066
-17.7582
44.0403
-11.3653
-14.2066
10.6549
-8.52394
0
-10.6549
-16.3375
-21.3098
-12.0756
30.5441
-22.7305
-51.854
31.9648
20.5995
-25.5718
-24.1512
25.5718
46.1713
-17.0479
-18.4685
27.7028
24.1512
4.9723
-5.68263
9.94459
42.6197
-2.84131
-19.1789
8.52394
9.94459
14.9169
9.94459
-2.13098
7.10328
13.4962
19.1789
-1.42066
-8.52394
27.7028
14.2066
-12.7859
24.1512
69.6122
20.5995
-34.0958
-24.1512
46.1713
27.7028
-66.7708
-37.6474
14.2066
8.52394
-20.5995
-25.5718
-17.7582
-19.1789
-26.9925
-13.4962
-16.3375
-28.4131
14.9169
12.7859
-24.8615
-7.81361
8.52394
-17.0479
-30.5441
-4.26197
8.52394
-19.1789
-9.23427
31.2544
3.55164
-33.3854
-8.52394
3.55164
-2.84131
1.42066
-9.23427
-22.7305
-7.10328
0
-29.1235
-17.0479
-8.52394
4.9723
24.1512
13.4962
12.7859
4.26197
39.7784
26.9925
-13.4962
-2.84131
30.5441
27.7028
0.710328
7.81361
0
-17.0479
-29.1235
-6.39295
-0.710328
-6.39295
2.13098
2.84131
19.1789
11.3653
-17.7582
-17.7582
1.42066
9.94459
17.0479
2.13098
6.39295
29.8338
2.13098
-27.7028
-19.8892
-8.52394
-2.84131
-7.10328
-9.23427
-2.84131
9.94459
9.94459
-21.3098
-4.26197
8.52394
0.710328
3.55164
8.52394
15.6272
0
1.42066
-7.10328
-24.8615
-16.3375
-2.13098
-13.4962
-14.2066
0
-14.2066
-17.0479
1.42066
2.84131
-7.81361
-3.55164
0
12.7859
18.4685
-7.81361
-11.3653
2.13098
-7.10328
-16.3375
9.94459
11.3653
-8.52394
2.84131
19.8892
7.81361
-7.10328
17.7582
17.7582
-9.23427
4.9723
29.1235
7.81361
1.42066
19.8892
10.6549
0.710328
15.6272
26.2821
15.6272
7.10328
26.2821
19.8892
-4.26197
7.81361
15.6272
3.55164
0.710328
9.94459
21.3098
21.3098
22.0202
32.6751
10.6549
9.94459
35.5164
26.2821
13.4962
20.5995
26.9925
20.5995
21.3098
24.8615
19.8892
12.7859
11.3653
17.7582
13.4962
0.710328
-6.39295
-14.2066
-9.94459
-20.5995
-27.7028
-14.2066
-24.8615
-25.5718
-25.5718
-34.8061
-35.5164
-15.6272
-24.8615
-43.33
-44.0403
-41.9094
-38.3577
-66.7708
-74.5845
-66.0605
-69.6122
-56.1159
-51.1436
-63.2192
-64.6399
-73.1638
-63.2192
-61.0882
-67.4812
-53.9849
-46.8817
-29.8338
-27.7028
-37.6474
-36.2267
-33.3854
-26.9925
-21.3098
-18.4685
-10.6549
0.710328
3.55164
-2.84131
-12.7859
-13.4962
-19.8892
-15.6272
4.9723
5.68263
0
13.4962
25.5718
12.7859
0.710328
14.2066
36.2267
37.6474
49.0126
68.1915
79.5568
93.7633
100.156
108.68
112.942
132.121
158.403
166.217
176.161
176.872
170.479
174.741
180.423
178.292
160.534
155.562
147.748
140.645
143.486
135.673
117.914
90.2117
88.791
93.053
75.2948
68.1915
63.2192
40.4887
26.9925
31.9648
17.0479
-6.39295
-22.0202
-37.6474
-47.592
-43.33
-31.9648
-39.068
-54.6953
-63.9295
-77.4258
-82.3981
-78.8464
-73.8741
-85.2394
-98.7356
-98.7356
-129.99
-181.844
-194.63
-194.63
-235.119
-274.897
-274.897
-288.393
-337.406
-361.557
-368.66
-399.204
-409.859
-385.708
-372.212
-383.577
-388.55
-395.653
-409.859
-396.363
-363.688
-331.013
-304.731
-279.869
-253.587
-237.25
-213.098
-191.789
-151.3
-88.0807
-32.6751
14.2066
80.9774
130.7
116.494
106.549
166.217
311.124
532.746
718.142
738.031
691.86
713.88
733.769
681.915
673.391
765.023
815.457
837.477
919.165
927.689
712.459
440.403
316.806
282.711
274.897
328.172
387.839
347.35
243.643
129.99
-29.8338
-171.189
-200.313
-154.852
-134.962
-80.9774
17.7582
4.26197
-96.6046
-159.114
-191.789
-196.051
-119.335
24.1512
115.783
102.287
48.3023
-19.8892
-74.5845
-73.1638
-35.5164
22.0202
68.9018
59.6676
-2.13098
-81.6877
-193.92
-335.275
-429.749
-458.162
-458.162
-476.63
-517.829
-622.247
-789.885
-906.379
-959.653
-963.915
-946.867
-888.621
-812.615
-818.298
-836.767
-821.139
-808.353
-760.761
-620.116
-478.051
-404.887
-363.688
-326.041
-345.93
-411.28
-419.094
-409.859
-433.3
-408.439
-311.124
-276.318
-268.504
-220.912
-191.078
-207.416
-179.003
-98.7356
18.4685
505.754
1235.26
1547.81
1134.39
778.52
1017.9
1238.81
1169.2
1256.57
1618.84
1665.72
1483.17
1568.4
1556.33
941.185
260.69
194.63
473.079
664.157
799.119
793.437
417.673
-4.9723
-232.277
-377.184
-514.278
-506.464
-384.288
-359.426
-241.512
-58.2469
-84.5291
-391.391
-590.993
-418.383
-183.265
91.6323
484.444
784.202
748.686
534.877
540.56
679.784
832.505
1059.1
1328.31
1406.45
1157.12
853.104
617.275
377.184
136.383
2.13098
-35.5164
-84.5291
-228.726
-517.119
-973.15
-1437.7
-1743.15
-1780.79
-1562.72
-1317.66
-1164.94
-1218.92
-1364.54
-1425.63
-1369.51
-1244.49
-1067.62
-750.107
-482.313
-318.937
-161.244
-100.156
-210.967
-375.764
-349.481
-164.796
28.4131
154.141
116.494
-4.26197
-183.975
-357.295
-468.817
-503.623
-414.121
-404.887
-533.456
-755.789
-917.744
-1069.75
-1216.79
-1291.38
-1287.11
-1260.83
-1220.34
-1066.2
-953.971
-943.316
-1013.64
-985.225
-528.484
580.338
1623.1
1665.01
954.681
838.187
1411.42
1696.26
1792.16
2199.18
2655.21
2554.34
2460.58
2659.47
2304.3
1289.25
647.109
921.296
1438.41
1731.07
1764.46
1359.57
594.545
-49.0126
-338.116
-466.686
-512.857
-394.942
-293.366
-249.325
-152.721
-210.967
-535.587
-948.998
-1005.82
-625.799
-100.156
392.811
762.892
897.855
640.006
334.565
434.721
781.361
1120.9
1577.64
2014.49
1913.62
1369.51
1047.02
898.565
465.975
158.403
280.58
318.227
43.33
-187.527
-522.802
-1288.54
-1966.9
-2172.18
-2108.96
-1901.55
-1588.29
-1540.7
-1836.91
-2049.3
-2076.29
-2072.74
-1913.62
-1515.13
-1145.76
-890.752
-567.552
-328.882
-376.474
-493.678
-439.693
-220.202
42.6197
337.406
503.623
379.315
125.018
-118.625
-247.905
-295.497
-351.612
-421.935
-503.623
-635.744
-921.296
-1252.31
-1515.13
-1730.36
-1804.94
-1738.17
-1691.29
-1665.72
-1491.69
-1291.38
-1411.42
-1495.95
-1142.92
-554.056
335.275
1518.68
2142.35
1532.89
990.908
1616.71
2344.79
2456.31
2697.83
3308.71
3376.9
3005.4
2945.02
2695.7
1739.59
878.676
971.729
1559.88
1858.93
1707.63
1153.57
350.902
-370.081
-745.845
-807.643
-704.646
-544.111
-465.975
-451.058
-424.776
-516.409
-754.369
-997.301
-950.419
-429.038
299.758
843.87
1073.31
1155.7
1067.62
832.505
876.545
1353.89
1823.41
2043.61
2257.42
2383.86
1973.29
1165.65
683.336
644.268
573.945
277.028
8.52394
-229.436
-652.792
-1132.26
-1546.38
-2015.2
-2522.38
-2679.36
-2403.04
-2109.67
-2061.37
-2213.38
-2417.96
-2447.79
-2118.91
-1695.55
-1459.72
-1310.56
-1094.62
-871.573
-625.799
-358.005
-213.098
-138.514
2.13098
205.285
365.819
494.388
433.3
107.26
-71.7431
-7.10328
-9.23427
-213.098
-365.109
-458.872
-687.598
-998.721
-1317.66
-1576.22
-1744.57
-1723.26
-1735.33
-1864.61
-2013.07
-2045.75
-1856.09
-1534.31
-1271.49
-1211.11
-1075.44
-462.424
739.452
1827.67
1968.32
1267.23
1157.12
2040.77
2751.81
2890.33
3082.11
3396.08
3158.12
2846.28
2947.86
2745.42
1836.2
1162.81
1418.53
1886.63
1939.91
1591.85
991.618
258.559
-259.27
-428.328
-458.162
-451.769
-420.514
-414.121
-480.892
-522.091
-554.056
-576.786
-593.124
-376.474
165.506
735.19
1071.17
1150.73
1233.84
1211.11
1134.39
1348.2
1802.81
2099.73
2093.34
2003.84
1801.39
1480.32
1147.89
781.361
396.363
179.713
-2.13098
-420.514
-872.283
-1211.82
-1627.36
-2143.06
-2462.71
-2618.27
-2776.67
-2822.13
-2768.15
-2753.23
-2697.83
-2542.97
-2453.47
-2329.88
-2003.13
-1672.11
-1478.9
-1205.43
-826.822
-566.132
-413.411
-220.202
53.9849
308.282
473.079
469.527
448.927
492.257
417.673
275.607
205.995
100.867
-261.401
-633.613
-740.162
-772.127
-883.648
-1150.02
-1540.7
-1880.24
-1961.22
-1857.51
-1882.37
-2017.33
-2132.41
-2079.13
-1741.72
-1232.42
-899.275
-941.185
-1015.77
-293.366
1269.36
2490.41
2255.29
1405.03
1698.39
2715.58
3187.95
3217.08
3580.05
3862.05
3512.57
3306.58
3466.4
3079.27
2031.54
1461.15
1773.69
2188.52
2185.68
1769.43
1028.56
176.872
-392.101
-534.167
-519.96
-483.023
-478.761
-603.779
-767.865
-818.298
-722.404
-706.066
-713.169
-384.998
170.479
623.668
807.643
950.419
1075.44
966.757
973.86
1366.67
1875.98
2126.01
2183.55
2160.82
1896.58
1474.64
1140.08
897.855
610.172
294.076
-53.2746
-482.313
-936.923
-1391.53
-1887.34
-2320.64
-2624.66
-2827.82
-2972.72
-2978.41
-2861.2
-2837.76
-2853.39
-2783.78
-2517.4
-2187.81
-1932.09
-1660.75
-1387.27
-1111.66
-879.386
-608.751
-262.111
44.7507
289.814
463.134
531.325
494.388
427.618
353.743
218.071
93.053
-36.9371
-265.663
-514.988
-709.618
-901.406
-1186.25
-1486.72
-1770.85
-2057.11
-2167.92
-2165.79
-2178.58
-2379.6
-2673.68
-2644.55
-2256
-1713.31
-1468.25
-1467.54
-1342.52
-658.474
833.925
2237.53
2327.75
1430.6
1432.73
2647.39
3520.39
3582.18
3761.19
4149.74
4056.68
3771.13
3781.79
3488.42
2569.97
1912.2
2108.25
2662.31
2714.87
2145.9
1192.64
235.829
-274.187
-350.902
-233.698
-308.993
-514.988
-680.494
-822.56
-891.462
-860.207
-713.88
-613.013
-381.446
149.879
655.633
858.076
889.331
990.908
1042.05
1108.82
1503.05
2026.57
2272.34
2216.93
2093.34
1861.06
1498.79
1279.3
1158.55
893.593
456.031
-28.4131
-426.907
-777.099
-1177.72
-1721.13
-2282.99
-2587.73
-2771.7
-2912.35
-2924.42
-2864.75
-2914.48
-3016.76
-2812.9
-2461.29
-2201.31
-1988.92
-1655.77
-1221.76
-870.862
-548.373
-243.643
28.4131
285.552
510.726
717.431
807.643
789.885
715.3
551.215
374.343
182.554
-31.9648
-393.522
-796.988
-1015.77
-1225.32
-1569.11
-1978.97
-2246.77
-2430.03
-2627.5
-2723.4
-2828.53
-3111.95
-3350.62
-3218.5
-2707.06
-2214.8
-1981.11
-1949.85
-1871
-890.752
875.124
2059.24
1596.82
772.127
1469.67
2929.39
3673.82
3722.12
3979.97
4201.59
3987.07
3879.1
3973.58
3557.32
2636.03
2197.76
2555.05
2943.6
2722.69
1996.73
1034.24
191.789
-199.602
-128.569
-56.1159
-237.25
-476.63
-698.963
-877.255
-922.716
-672.681
-438.272
-404.887
-174.03
324.62
733.769
819.719
958.233
1195.48
1240.23
1365.25
1824.83
2340.53
2467.68
2332.01
2249.61
2064.92
1822.7
1762.32
1705.5
1284.98
569.683
61.0882
-188.237
-464.555
-873.704
-1405.03
-1928.54
-2317.8
-2549.37
-2653.79
-2684.33
-2748.26
-2900.27
-2914.48
-2642.42
-2324.19
-2145.9
-1954.82
-1617.42
-1289.96
-992.328
-703.225
-456.741
-264.952
-76.0051
179.713
386.419
488.706
432.59
266.373
98.7356
-100.156
-337.406
-552.635
-762.892
-1032.11
-1322.63
-1563.43
-1858.22
-2330.59
-2734.05
-2934.37
-2981.25
-3014.63
-3123.31
-3310.13
-3516.12
-3418.81
-2977.7
-2494.67
-2209.12
-2073.45
-1808.5
-746.555
964.626
1928.54
1258.7
546.242
1543.54
3133.26
3736.33
3713.6
4033.95
4239.24
3940.19
3846.43
4009.09
3626.94
2810.06
2526.64
2979.12
3273.19
2859.07
2027.28
1187.67
593.834
335.275
382.157
416.252
210.967
-122.176
-396.363
-550.504
-556.897
-307.572
-44.0403
7.10328
139.935
522.802
818.298
828.243
983.805
1341.1
1454.75
1519.39
1910.78
2341.24
2323.48
2103.99
2066.34
2018.04
1891.6
1816.31
1652.22
1233.13
696.832
239.381
-120.045
-404.177
-701.094
-1199.74
-1754.51
-2122.46
-2392.39
-2642.42
-2747.55
-2757.49
-2861.2
-2964.2
-2896.72
-2719.14
-2515.98
-2228.3
-1937.78
-1692
-1457.59
-1258.7
-1060.52
-779.23
-440.403
-235.829
-103.708
45.461
110.101
14.9169
-112.232
-214.519
-362.978
-497.23
-639.295
-870.862
-1152.86
-1440.55
-1802.1
-2222.62
-2479.05
-2497.51
-2547.95
-2762.47
-3079.27
-3391.82
-3514.7
-3290.95
-2779.51
-2394.52
-2353.32
-2437.14
-1844.72
-193.92
1225.32
953.971
-139.224
311.834
2106.12
3191.5
3289.53
3570.82
3988.49
3826.54
3674.53
4128.43
4309.56
3666
3123.31
3398.92
3940.19
3810.2
3128.29
2368.23
1763.03
1360.28
1206.14
1204.01
935.502
495.809
129.28
-134.962
-326.041
-293.366
-61.0882
-40.4887
-64.6399
186.106
410.57
366.529
457.451
880.807
1129.42
1102.43
1353.89
1835.49
1999.57
1866.74
1917.89
2064.92
1875.98
1699.82
1822.7
1799.26
1204.72
442.534
86.66
-120.756
-398.494
-782.071
-1287.82
-1827.67
-2277.31
-2527.35
-2718.43
-2905.24
-3044.47
-3189.37
-3229.15
-3082.11
-2837.05
-2643.13
-2533.03
-2376.76
-2129.56
-1835.49
-1640.15
-1461.86
-1107.4
-742.293
-561.159
-458.872
-270.635
-185.396
-324.62
-423.356
-409.149
-428.328
-579.628
-754.369
-885.779
-1054.13
-1327.6
-1726.81
-2071.32
-2173.6
-2189.94
-2307.86
-2571.39
-2869.02
-3111.24
-3224.89
-3006.82
-2543.69
-2138.8
-2116.07
-2158.69
-1303.45
353.033
1204.01
366.529
-214.519
1188.38
3031.68
3483.45
3310.13
3802.39
4191.65
3846.43
3800.26
4388.41
4478.62
3808.78
3512.57
4001.28
4264.1
3707.2
2903.11
2393.1
2105.41
1860.35
1700.53
1434.86
985.936
538.429
176.161
-118.625
-230.857
-13.4962
80.9774
-123.597
-123.597
143.486
194.63
42.6197
321.068
871.573
988.777
896.434
1148.6
1523.65
1564.14
1520.1
1706.92
1821.99
1750.96
1729.65
1703.37
1397.93
870.152
419.804
103.708
-183.975
-430.459
-760.761
-1278.59
-1895.87
-2358.29
-2594.12
-2755.36
-2957.1
-3192.93
-3320.07
-3363.4
-3278.16
-3058.67
-2828.53
-2721.27
-2665.15
-2442.11
-2159.4
-1938.49
-1662.17
-1280.01
-976.701
-809.064
-668.419
-519.96
-461.713
-461.713
-392.101
-329.592
-397.784
-593.124
-796.988
-972.439
-1086.09
-1247.34
-1547.09
-1863.19
-2090.5
-2210.54
-2349.77
-2486.15
-2694.27
-3007.53
-3048.73
-2686.46
-2293.65
-2201.31
-2318.51
-1998.86
-688.308
831.084
1007.25
-68.9018
-5.68263
1776.53
3132.55
3163.09
3290.24
4011.22
4149.03
3815.88
4111.38
4691.72
4409.72
3786.76
3872
4418.95
4364.97
3612.73
2957.81
2616.14
2351.9
2075.58
1836.2
1443.39
909.22
497.23
235.119
-19.1789
-70.3225
118.625
24.8615
-274.897
-177.582
155.562
107.97
7.10328
512.857
1045.6
936.923
836.056
1226.74
1539.99
1447.65
1488.85
1871
2006.68
1809.92
1564.14
1460.43
1358.15
1070.46
687.598
286.262
-39.068
-411.99
-862.338
-1409.29
-1902.26
-2159.4
-2343.37
-2700.67
-3125.44
-3310.84
-3408.86
-3541.7
-3462.14
-3111.24
-2945.73
-3047.31
-2988.35
-2659.47
-2351.19
-2180.71
-1876.69
-1445.52
-1165.65
-1105.27
-1034.95
-813.326
-593.834
-473.079
-398.494
-392.101
-527.064
-769.996
-958.233
-998.721
-958.233
-1047.73
-1439.84
-1881.66
-2099.73
-2021.59
-2098.31
-2410.85
-2744
-2900.98
-2698.54
-2382.44
-2113.94
-2150.16
-2353.32
-1931.38
-506.464
880.097
764.313
-247.905
91.6323
1758.06
2864.75
2974.85
3262.54
3845.72
3830.09
3665.29
4122.03
4556.04
4190.94
3731.35
4003.41
4484.3
4296.78
3651.09
3132.55
2770.28
2408.72
2211.96
2095.47
1709.05
1152.15
715.3
407.728
136.383
162.665
358.005
167.637
-179.003
-112.942
111.522
14.2066
60.3779
630.061
921.296
652.081
592.414
1010.8
1311.98
1260.83
1397.22
1642.99
1652.93
1543.54
1556.33
1539.28
1156.41
700.384
533.456
447.507
99.4459
-382.157
-796.988
-1196.19
-1576.22
-1816.31
-2068.48
-2480.47
-2833.5
-3015.34
-3141.07
-3207.13
-3075.72
-2940.76
-3002.56
-3048.02
-2871.15
-2641.71
-2545.82
-2373.92
-1925.7
-1493.11
-1367.38
-1346.78
-1137.95
-839.608
-703.225
-581.759
-404.177
-380.736
-588.862
-800.54
-816.877
-786.333
-871.573
-1093.91
-1390.11
-1656.49
-1788.61
-1803.52
-1866.03
-2136.67
-2575.65
-2822.13
-2636.74
-2186.39
-1958.37
-2126.72
-2397.36
-1836.2
-343.089
685.467
106.549
-821.85
-7.10328
1671.4
2403.04
2418.67
2980.54
3493.39
3197.19
3123.31
3930.25
4426.77
3942.32
3602.78
4033.95
4416.82
4080.84
3597.81
3307.29
3021.03
2677.23
2518.11
2356.87
1877.4
1356.02
952.55
592.414
347.35
491.547
579.628
147.748
-183.265
8.52394
142.776
-90.922
29.1235
599.517
693.991
333.144
384.288
845.291
1040.63
1023.58
1276.46
1474.64
1329.73
1125.16
1171.33
1292.8
1136.53
843.87
568.263
361.557
112.942
-257.849
-621.537
-963.205
-1253.02
-1446.23
-1705.5
-2072.03
-2448.5
-2726.95
-2896.01
-2912.35
-2694.99
-2620.4
-2820
-2920.87
-2745.42
-2613.3
-2624.66
-2384.57
-1929.96
-1664.3
-1603.21
-1483.17
-1254.44
-1085.38
-996.59
-846.711
-674.101
-590.993
-668.419
-774.258
-796.278
-826.822
-977.412
-1201.88
-1350.33
-1439.84
-1487.43
-1553.49
-1692
-1966.9
-2300.75
-2503.91
-2351.9
-1937.78
-1708.34
-1892.31
-2162.24
-1589
-324.62
393.522
-235.119
-858.076
42.6197
1463.28
1932.8
1920.73
2523.09
3032.39
2774.54
2736.89
3554.48
4004.83
3592.13
3344.23
3816.59
4124.88
3799.55
3489.84
3364.82
3115.5
2748.97
2603.35
2457.03
2073.45
1674.95
1365.96
1011.51
804.802
904.248
814.746
329.592
98.7356
323.199
348.061
102.287
272.056
707.487
600.227
242.932
408.439
912.061
1045.6
998.721
1205.43
1311.98
1116.64
996.59
1169.91
1286.4
1118.77
858.076
637.875
352.323
78.1361
-193.92
-486.575
-739.452
-971.729
-1215.37
-1635.89
-2021.59
-2289.39
-2519.53
-2660.18
-2629.63
-2523.09
-2657.34
-2881.8
-2853.39
-2667.28
-2636.03
-2674.39
-2427.9
-2024.44
-1879.53
-1890.89
-1790.03
-1576.22
-1469.67
-1383.01
-1183.41
-1035.66
-1031.4
-1120.19
-1151.44
-1134.39
-1138.66
-1252.31
-1447.65
-1548.52
-1537.86
-1506.61
-1572.67
-1763.74
-1991.76
-2229.01
-2246.06
-1956.95
-1627.36
-1576.93
-1871.71
-1878.11
-1098.17
-162.665
-6.39295
-548.373
-374.343
727.376
1522.94
1651.51
1927.12
2527.35
2634.61
2476.2
2956.39
3692.29
3723.54
3387.56
3513.99
3930.96
3881.23
3639.72
3619.12
3634.04
3309.42
2901.69
2730.5
2508.88
2192.78
1868.87
1630.91
1389.4
1264.38
1164.94
799.119
445.376
501.492
639.295
463.134
355.874
619.406
650.661
260.69
196.761
636.454
914.192
788.464
875.835
1145.05
1097.46
850.263
826.822
1034.24
1084.67
916.323
627.93
316.806
89.5013
-100.867
-345.93
-591.703
-801.25
-1059.81
-1416.39
-1738.88
-1928.54
-2133.83
-2412.27
-2567.13
-2478.33
-2435.72
-2643.13
-2794.43
-2633.9
-2479.05
-2599.09
-2586.3
-2232.56
-1930.67
-1952.69
-1973.29
-1738.17
-1514.42
-1478.19
-1475.35
-1345.36
-1172.75
-1157.83
-1266.52
-1287.11
-1167.78
-1128.71
-1314.11
-1482.45
-1463.28
-1416.39
-1486.72
-1608.89
-1715.44
-1888.05
-2078.42
-2024.44
-1726.81
-1466.83
-1493.11
-1667.85
-1436.28
-740.872
-276.318
-470.948
-588.862
55.4056
826.822
1022.16
1147.89
1668.56
2044.32
1986.08
2154.43
2827.11
3195.06
3018.89
2998.3
3422.36
3626.94
3398.92
3354.17
3604.21
3557.32
3102.71
2811.48
2763.18
2609.04
2353.32
2189.94
2036.51
1841.88
1669.98
1456.17
1177.72
1086.09
1163.52
1076.15
899.275
931.951
978.832
696.832
465.975
704.646
1011.51
932.661
806.222
948.998
972.439
669.839
486.575
706.066
946.157
841.739
489.416
168.348
-32.6751
-169.058
-311.834
-480.892
-686.177
-979.543
-1320.5
-1594.69
-1704.79
-1770.14
-1978.26
-2248.9
-2325.61
-2248.19
-2322.77
-2522.38
-2501.78
-2296.49
-2271.63
-2405.88
-2341.95
-2068.48
-1938.49
-1989.63
-1929.96
-1700.53
-1554.2
-1562.01
-1528.63
-1384.43
-1290.67
-1317.66
-1329.02
-1238.1
-1168.49
-1255.86
-1408.58
-1456.88
-1376.62
-1325.47
-1390.11
-1476.06
-1518.68
-1589.71
-1711.89
-1717.57
-1533.6
-1363.83
-1375.91
-1400.77
-1257.28
-1012.22
-755.079
-454.61
-148.459
12.0756
133.542
404.887
775.678
1098.88
1401.48
1743.86
2006.68
2130.98
2247.48
2444.95
2650.23
2828.53
3046.6
3281.72
3385.42
3292.37
3120.47
3013.92
3008.24
3039.49
2999.72
2837.76
2577.78
2301.46
2070.61
1923.57
1864.61
1794.29
1629.49
1446.94
1329.02
1214.66
1071.17
975.281
946.157
917.744
858.076
802.671
761.472
738.741
743.003
746.555
716.011
640.716
541.98
451.769
367.24
275.607
158.403
25.5718
-141.355
-413.411
-732.348
-928.399
-977.412
-1064.78
-1307.71
-1553.49
-1702.66
-1854.67
-2005.26
-2027.28
-1970.45
-2045.75
-2194.2
-2177.87
-2038.64
-1998.15
-2028.7
-1904.39
-1674.95
-1603.21
-1674.95
-1636.6
-1457.59
-1343.23
-1333.29
-1302.03
-1234.55
-1235.97
-1321.21
-1369.51
-1309.85
-1245.92
-1307
-1478.9
-1598.95
-1594.69
-1608.89
-1680.64
-1676.37
-1605.34
-1654.35
-1824.12
-1825.54
-1593.98
-1445.52
-1485.3
-1434.15
-1170.62
-963.205
-936.213
-796.278
-426.197
-111.522
0.710328
141.355
440.403
697.542
839.608
1032.11
1329.02
1580.48
1692.71
1779.37
1924.99
2085.52
2231.14
2382.44
2545.11
2623.95
2560.02
2489.7
2552.21
2685.75
2742.58
2694.27
2628.92
2581.33
2498.93
2403.75
2353.32
2344.79
2295.07
2170.05
2053.56
1980.39
1895.87
1780.79
1696.97
1676.37
1652.22
1558.46
1454.75
1407.16
1355.31
1252.31
1155.7
1082.54
962.495
791.306
640.006
521.381
355.874
139.935
-66.7708
-280.58
-528.484
-757.92
-938.344
-1132.26
-1376.62
-1601.79
-1780.08
-1965.48
-2133.83
-2224.75
-2287.97
-2388.12
-2462.71
-2446.37
-2425.06
-2460.58
-2447.79
-2317.09
-2172.89
-2108.96
-2060.66
-1947.72
-1804.23
-1704.08
-1634.47
-1535.73
-1429.18
-1371.64
-1354.6
-1311.98
-1217.5
-1150.02
-1195.48
-1291.38
-1314.11
-1287.11
-1315.53
-1380.17
-1378.75
-1359.57
-1449.07
-1565.56
-1517.97
-1359.57
-1302.03
-1311.27
-1201.16
-999.432
-862.338
-772.127
-573.235
-280.58
-44.7507
99.4459
277.028
535.587
783.492
978.832
1176.3
1400.77
1572.67
1656.49
1733.91
1862.48
2007.39
2099.73
2157.98
2202.73
2193.49
2115.36
2039.35
2044.32
2073.45
2048.59
1971.16
1905.1
1857.51
1785.05
1736.04
1753.09
1783.63
1750.96
1681.35
1653.64
1675.66
1689.16
1677.8
1674.95
1665.01
1620.97
1552.78
1524.36
1528.63
1489.56
1397.22
1301.32
1217.5
1096.75
948.998
816.167
686.887
528.484
338.116
152.01
-35.5164
-232.988
-426.907
-609.462
-789.175
-966.046
-1122.32
-1282.14
-1433.44
-1552.78
-1648.67
-1760.19
-1878.11
-1922.15
-1929.96
-1976.13
-2026.57
-1994.6
-1921.44
-1910.78
-1921.44
-1871
-1774.4
-1697.68
-1657.2
-1608.18
-1552.78
-1516.55
-1495.24
-1471.09
-1418.53
-1355.31
-1341.1
-1384.43
-1425.63
-1423.5
-1414.97
-1426.34
-1422.79
-1409.29
-1427.76
-1471.8
-1476.06
-1413.55
-1341.81
-1299.19
-1242.36
-1133.68
-1009.38
-900.696
-778.52
-594.545
-375.053
-180.423
-11.3653
178.292
389.26
590.283
788.464
998.721
1197.61
1354.6
1486.72
1617.42
1733.91
1828.38
1918.6
1997.44
2030.83
2017.33
1989.63
1972.58
1962.64
1937.06
1898.71
1844.72
1771.56
1678.51
1586.16
1524.36
1489.56
1459.72
1419.95
1364.54
1320.5
1294.93
1278.59
1271.49
1283.56
1307
1302.74
1284.27
1295.64
1322.63
1317.66
1290.67
1276.46
1251.6
1178.43
1080.41
988.777
900.696
783.492
632.192
459.582
267.083
79.5568
-105.129
-292.655
-485.154
-678.363
-870.862
-1063.36
-1235.26
-1368.09
-1482.45
-1591.85
-1673.53
-1727.52
-1775.82
-1826.96
-1842.59
-1814.18
-1785.05
-1763.03
-1735.33
-1693.42
-1645.12
-1596.11
-1542.12
-1495.24
-1436.99
-1360.28
-1304.87
-1280.72
-1253.02
-1210.4
-1196.9
-1221.05
-1231
-1220.34
-1233.84
-1259.41
-1253.73
-1232.42
-1233.13
-1245.21
-1228.87
-1198.32
-1168.49
-1123.74
-1053.42
-957.522
-846.711
-736.61
-626.509
-492.968
-333.854
-162.665
3.55164
191.078
383.577
547.663
688.308
829.663
979.543
1122.32
1255.86
1377.33
1468.96
1523.65
1572.67
1620.97
1652.22
1664.3
1669.27
1664.3
1635.89
1613.16
1593.27
1557.75
1510.87
1465.41
1414.97
1353.18
1292.8
1262.25
1236.68
1201.88
1177.01
1156.41
1149.31
1150.02
1160.68
1177.01
1185.54
1190.51
1194.06
1175.59
1145.76
1128
1113.79
1073.31
990.908
897.855
801.25
699.673
595.965
475.92
335.985
178.292
8.52394
-161.244
-314.675
-443.955
-564.001
-703.225
-844.58
-976.701
-1096.04
-1206.85
-1294.93
-1347.49
-1383.01
-1422.79
-1454.75
-1459.72
-1449.78
-1437.7
-1424.21
-1399.35
-1370.93
-1337.55
-1311.27
-1288.54
-1245.21
-1184.83
-1138.66
-1120.9
-1093.91
-1052
-1026.42
-1033.53
-1042.05
-1044.89
-1064.78
-1099.59
-1122.32
-1123.74
-1126.58
-1154.99
-1182.7
-1181.28
-1169.91
-1171.33
-1167.78
-1122.32
-1047.73
-974.57
-903.537
-793.437
-647.819
-502.912
-376.474
-245.774
-90.2117
61.7986
202.444
341.668
487.285
625.799
757.21
882.228
997.301
1091.06
1168.49
1247.34
1319.79
1365.25
1391.53
1419.95
1441.97
1443.39
1432.02
1434.86
1438.41
1420.66
1395.79
1380.88
1369.51
1343.23
1316.95
1314.82
1326.18
1316.95
1294.93
1294.22
1313.4
1326.89
1324.05
1332.58
1358.86
1377.33
1368.09
1346.07
1337.55
1326.89
1277.17
1193.35
1113.79
1040.63
931.951
782.071
639.295
510.726
357.295
170.479
-4.26197
-157.693
-318.227
-499.361
-671.97
-819.008
-955.391
-1087.51
-1206.85
-1295.64
-1370.93
-1443.39
-1513
-1567.69
-1598.24
-1605.34
-1598.95
-1591.14
-1574.8
-1540.7
-1491.69
-1441.97
-1385.85
-1314.82
-1235.26
-1172.04
-1128
-1076.15
-1007.25
-948.998
-922.006
-899.275
-867.311
-846.711
-850.263
-858.076
-855.235
-860.918
-890.752
-911.351
-906.379
-895.013
-895.724
-897.144
-870.152
-825.401
-782.782
-728.797
-644.268
-546.953
-461.003
-380.736
-284.131
-173.32
-57.5366
59.6676
170.479
274.897
371.502
456.741
530.615
609.462
692.57
775.678
853.104
921.296
974.57
1016.48
1054.13
1083.25
1110.24
1140.79
1172.04
1185.54
1179.86
1174.17
1166.36
1154.99
1148.6
1154.99
1169.2
1181.28
1181.99
1180.57
1191.22
1218.92
1256.57
1290.67
1324.05
1361.7
1395.08
1414.26
1417.1
1419.24
1422.08
1392.95
1335.42
1275.04
1213.95
1119.48
987.356
848.842
711.038
546.242
365.819
203.864
49.0126
-118.625
-297.628
-471.658
-636.454
-791.306
-926.978
-1039.21
-1140.08
-1242.36
-1338.26
-1425.63
-1498.79
-1548.52
-1579.06
-1597.53
-1606.05
-1603.21
-1590.42
-1568.4
-1527.92
-1470.38
-1399.35
-1318.37
-1232.42
-1152.15
-1072.6
-982.384
-894.303
-824.691
-762.892
-699.673
-651.371
-627.93
-610.172
-586.731
-586.021
-607.331
-615.855
-607.331
-609.462
-631.482
-644.978
-634.323
-613.013
-588.862
-549.794
-487.995
-420.514
-355.874
-286.262
-203.154
-109.391
-9.23427
93.7633
190.368
272.056
345.219
407.728
465.265
523.512
583.179
636.454
674.812
703.935
728.086
750.107
767.865
774.968
784.913
801.961
815.457
817.588
814.036
818.298
829.663
833.215
833.925
841.739
872.283
907.089
930.53
950.419
978.122
1017.9
1058.39
1104.56
1157.12
1207.56
1245.92
1264.38
1274.33
1281.43
1280.72
1253.73
1210.4
1173.46
1126.58
1044.18
934.792
824.691
717.431
585.31
441.824
309.703
181.134
34.8061
-123.597
-271.345
-414.121
-548.373
-672.681
-782.782
-884.359
-993.749
-1098.17
-1194.06
-1275.04
-1337.55
-1382.3
-1414.26
-1439.12
-1461.15
-1478.19
-1477.48
-1461.15
-1424.92
-1368.8
-1297.06
-1231
-1170.62
-1096.75
-1002.98
-914.192
-840.318
-769.285
-692.57
-619.406
-564.711
-510.726
-470.237
-458.872
-448.927
-424.776
-396.363
-387.839
-403.466
-411.99
-399.204
-384.288
-371.502
-343.089
-300.469
-262.111
-223.753
-175.451
-117.204
-44.0403
30.5441
110.811
186.816
249.325
307.572
373.633
442.534
504.333
555.477
586.021
608.751
633.613
661.316
679.784
682.625
675.522
673.391
674.812
672.681
660.605
656.343
659.895
652.081
627.22
600.227
606.62
640.716
676.943
705.356
724.535
750.107
789.885
842.449
904.248
961.784
1006.54
1040.63
1066.91
1083.25
1091.77
1093.91
1088.93
1076.15
1049.87
1004.4
930.53
837.477
749.396
663.447
561.87
440.403
314.675
189.658
56.8263
-85.9497
-230.146
-361.557
-477.341
-582.469
-683.336
-784.202
-875.124
-952.55
-1017.9
-1076.86
-1128
-1167.07
-1187.67
-1199.03
-1210.4
-1218.92
-1209.69
-1191.93
-1170.62
-1137.24
-1095.33
-1053.42
-1012.93
-958.233
-896.434
-848.132
-800.54
-744.424
-686.177
-642.137
-606.62
-568.263
-546.953
-537.718
-522.802
-502.202
-485.154
-482.313
-478.051
-468.817
-456.031
-447.507
-436.141
-402.756
-354.454
-304.02
-251.456
-183.975
-102.287
-22.0202
53.2746
134.252
215.94
285.552
349.481
416.963
475.21
519.25
559.739
597.386
628.64
645.688
662.026
678.363
683.336
688.308
697.542
711.038
715.3
716.721
720.273
720.983
723.824
729.507
746.555
769.285
779.23
779.94
777.809
777.099
781.361
794.147
817.588
848.842
870.152
885.069
899.275
912.772
924.137
939.764
958.233
961.074
936.923
898.565
847.422
787.044
720.983
660.605
588.862
492.968
374.343
246.484
121.466
-11.3653
-149.879
-282.711
-411.28
-538.429
-656.343
-757.21
-847.422
-931.951
-1006.54
-1068.33
-1120.9
-1171.33
-1199.03
-1210.4
-1223.9
-1240.23
-1250.89
-1242.36
-1218.21
-1181.28
-1131.55
-1076.86
-1031.4
-994.459
-951.129
-899.275
-841.029
-781.361
-720.273
-664.867
-622.958
-594.545
-564.711
-538.429
-517.829
-502.202
-491.547
-490.126
-497.94
-495.809
-480.182
-458.872
-437.562
-411.28
-366.529
-311.124
-249.325
-179.003
-99.4459
-22.0202
51.854
128.569
210.257
291.235
373.633
458.162
538.429
605.2
658.474
711.038
765.734
814.746
850.973
873.704
890.041
896.434
904.958
919.165
930.53
931.951
925.558
922.716
911.351
891.462
874.414
863.759
852.394
834.636
809.774
784.202
758.63
738.031
735.9
751.527
766.444
768.575
764.313
756.5
748.686
743.003
743.714
746.555
735.19
707.487
664.157
608.751
547.663
487.995
431.169
362.267
269.925
159.114
46.1713
-61.0882
-161.955
-259.27
-360.136
-470.948
-585.31
-689.018
-779.94
-862.338
-936.923
-1007.25
-1074.73
-1137.95
-1191.93
-1226.74
-1243.78
-1253.73
-1258.7
-1255.86
-1248.05
-1233.84
-1206.85
-1166.36
-1115.93
-1067.62
-1020.74
-964.626
-904.248
-845.291
-787.044
-730.217
-676.943
-627.22
-583.89
-544.111
-512.857
-494.388
-478.051
-456.031
-434.011
-414.121
-391.391
-371.502
-352.323
-336.696
-311.834
-267.083
-206.705
-144.197
-83.8187
-25.5718
33.3854
100.156
176.161
260.69
344.509
417.673
486.575
553.346
622.958
691.149
752.238
809.774
861.628
900.696
931.951
953.971
972.439
990.908
1000.85
995.17
980.963
967.467
953.26
936.213
915.613
895.724
874.414
848.842
827.532
808.353
784.913
762.182
749.396
746.555
745.134
735.9
728.086
723.114
712.459
701.094
691.86
684.046
669.129
642.847
605.2
565.421
519.96
468.106
416.963
360.136
289.104
201.733
104.418
6.39295
-89.5013
-190.368
-294.786
-402.756
-508.595
-613.724
-714.59
-796.988
-868.731
-934.792
-995.88
-1049.87
-1094.62
-1132.97
-1159.26
-1170.62
-1170.62
-1163.52
-1150.73
-1127.29
-1098.17
-1059.81
-1015.06
-968.177
-921.296
-877.255
-830.374
-784.202
-736.61
-691.86
-646.399
-605.2
-569.683
-538.429
-512.857
-494.388
-481.603
-467.396
-451.769
-443.245
-432.59
-414.832
-399.204
-390.68
-377.184
-353.033
-313.965
-270.635
-220.202
-165.506
-111.522
-56.8263
-0.710328
67.4812
137.804
201.733
264.242
329.592
396.363
460.293
529.194
603.779
669.839
723.824
765.023
800.54
828.953
854.525
877.966
892.883
901.406
898.565
885.069
867.311
848.842
828.243
808.353
787.754
765.734
748.686
734.479
725.245
718.142
715.3
715.3
706.777
693.991
684.046
674.101
665.577
654.923
647.819
643.557
631.482
615.144
599.517
581.759
559.028
527.064
487.285
436.852
374.343
304.731
234.408
166.927
96.6046
14.9169
-74.5845
-170.479
-263.532
-355.874
-446.086
-532.746
-614.434
-691.86
-763.603
-825.401
-875.835
-917.744
-949.709
-970.308
-989.487
-1003.69
-1006.54
-995.88
-977.412
-948.998
-909.22
-872.283
-847.422
-821.85
-782.071
-734.479
-698.253
-669.129
-636.454
-613.013
-600.938
-590.283
-578.207
-573.945
-576.076
-576.786
-572.525
-563.29
-541.98
-510.016
-486.575
-475.21
-458.872
-426.907
-374.343
-296.207
-172.61
-27.7028
62.5089
76.7154
41.9094
-24.1512
-100.867
-150.59
-113.653
17.0479
186.106
361.557
529.194
654.923
693.28
638.585
546.953
481.603
478.051
546.953
658.474
777.809
871.573
921.296
915.613
849.552
752.948
669.839
630.061
644.978
722.404
842.449
955.391
1010.09
1007.25
952.55
843.16
698.963
579.628
532.746
544.111
573.945
611.593
650.661
668.419
645.688
586.021
502.912
412.701
348.061
348.061
403.466
451.058
432.59
339.537
186.816
9.23427
-147.038
-257.139
-320.358
-332.434
-301.889
-264.952
-279.869
-372.212
-529.194
-701.094
-814.036
-812.615
-718.852
-600.227
-519.25
-519.96
-628.64
-819.008
-1016.48
-1169.91
-1242.36
-1195.48
-1020.03
-814.036
-669.129
-578.917
-531.325
-537.008
-580.338
-601.648
-575.366
-521.381
-464.555
-407.018
-378.605
-409.149
-461.713
-481.603
-480.892
-456.031
-384.288
-312.544
-260.69
-220.202
-203.864
-243.643
-321.779
-370.081
-350.902
-299.758
-234.408
-132.831
-33.3854
26.2821
60.3779
116.494
158.403
185.396
236.539
309.703
375.764
404.887
453.189
549.084
592.414
595.965
657.054
715.3
724.535
711.749
745.845
774.258
750.107
771.416
802.671
745.845
642.847
555.477
513.567
500.071
513.567
571.814
603.069
603.779
605.91
571.814
492.257
463.844
484.444
441.824
413.411
485.154
513.567
493.678
478.051
480.182
484.444
436.141
369.371
336.696
312.544
264.242
198.182
169.058
183.265
135.673
33.3854
-62.5089
-103.708
-172.61
-323.91
-396.363
-391.391
-424.776
-453.9
-486.575
-535.587
-605.91
-696.122
-772.837
-828.953
-877.966
-893.593
-878.676
-811.905
-699.673
-673.391
-752.948
-823.981
-823.27
-809.064
-765.023
-656.343
-546.953
-499.361
-420.514
-336.696
-403.466
-502.912
-537.008
-506.464
-386.419
-304.731
-333.854
-306.862
-191.789
-175.451
-269.214
-283.421
-262.821
-330.303
-308.993
-223.043
-202.444
-212.388
-181.844
-111.522
-82.3981
-38.3577
-48.3023
-30.5441
96.6046
149.169
126.438
194.63
259.98
384.288
461.003
394.232
488.706
588.862
625.089
555.477
580.338
712.459
713.88
699.673
765.734
794.147
804.802
825.401
717.431
665.577
686.177
698.253
599.517
570.394
738.031
664.867
426.907
446.796
514.278
403.466
409.859
433.3
424.776
429.749
437.562
497.94
452.479
346.64
296.207
247.194
228.726
280.58
199.602
142.066
159.824
191.078
174.741
66.0605
-53.9849
-106.549
-90.922
-198.182
-284.842
-308.282
-339.537
-429.749
-522.091
-568.973
-657.054
-658.474
-649.95
-654.212
-633.613
-708.197
-750.107
-679.784
-667.708
-716.011
-787.044
-720.983
-593.834
-637.875
-635.033
-539.139
-495.809
-525.643
-513.567
-471.658
-409.149
-426.197
-561.159
-481.603
-257.139
-282
-468.106
-431.88
-237.96
-276.318
-387.839
-338.827
-294.786
-323.199
-338.827
-205.285
-115.073
-213.098
-164.796
19.1789
-32.6751
-61.7986
6.39295
-38.3577
-11.3653
100.156
198.892
321.068
341.668
340.958
446.796
418.383
376.474
417.673
476.63
565.421
587.441
636.454
652.792
622.247
568.973
478.761
586.021
688.308
562.58
596.676
685.467
576.076
593.834
479.472
434.011
593.834
422.645
365.819
549.084
474.499
454.61
482.313
384.998
424.776
378.605
360.847
387.839
359.426
382.157
360.847
271.345
255.718
232.277
139.224
134.962
205.285
227.305
162.665
96.6046
29.8338
-113.653
-148.459
-105.839
-232.988
-311.834
-267.083
-343.089
-429.038
-431.88
-564.711
-522.091
-512.147
-628.64
-556.187
-615.144
-792.726
-698.253
-654.212
-836.056
-636.454
-586.731
-713.169
-557.608
-623.668
-672.681
-524.933
-564.001
-509.305
-421.935
-389.26
-282
-449.638
-484.444
-309.703
-375.764
-480.892
-252.877
-73.1638
-223.753
-239.381
-185.396
-285.552
-331.723
-238.67
-278.449
-279.869
-133.542
-112.942
-117.914
-58.2469
-56.1159
-154.852
-103.708
84.5291
161.955
228.015
326.751
269.214
262.821
357.295
274.897
316.806
388.55
520.671
649.24
554.766
651.371
678.363
470.237
461.003
628.64
607.331
627.22
755.079
736.61
552.635
399.204
436.852
513.567
452.479
392.811
518.54
560.449
479.472
426.197
429.038
390.68
227.305
291.235
461.003
416.963
311.124
355.164
449.638
220.912
100.867
260.69
248.615
140.645
190.368
311.834
189.658
-66.7708
86.66
123.597
-139.224
-183.975
-41.9094
-115.783
-327.461
-259.98
-294.076
-431.88
-553.346
-546.242
-373.633
-425.487
-719.562
-532.036
-421.935
-747.976
-740.872
-591.703
-606.62
-689.018
-586.021
-467.396
-593.834
-622.247
-537.718
-538.429
-490.837
-505.754
-415.542
-230.146
-339.537
-394.232
-309.703
-316.096
-370.791
-371.502
-242.932
-203.154
-298.338
-358.716
-58.2469
-61.7986
-461.003
-180.423
27.7028
-317.517
-170.479
102.287
-55.4056
-117.204
66.0605
63.2192
-76.7154
7.10328
92.3427
237.25
163.375
102.287
415.542
213.809
255.008
473.079
211.678
266.373
529.194
445.376
331.013
527.774
498.65
304.02
459.582
598.807
260.69
268.504
539.139
541.27
305.441
294.076
534.877
316.806
236.539
337.406
328.882
215.94
304.02
606.62
198.182
183.975
495.099
194.63
160.534
263.532
345.93
334.565
249.325
500.071
338.827
153.431
477.341
199.602
56.1159
248.615
227.305
225.884
9.23427
102.287
158.403
-210.257
-137.093
-7.10328
-218.071
-268.504
-50.4333
-172.61
-386.419
-158.403
-231.567
-625.799
-424.066
-266.373
-554.056
-604.489
-436.141
-289.814
-554.766
-629.351
-292.655
-359.426
-733.769
-462.424
-102.998
-412.701
-458.162
-196.051
-308.993
-375.764
-301.889
-316.806
-312.544
-348.061
-170.479
-169.058
-439.693
-288.393
-124.307
-289.814
-299.048
-229.436
-122.887
-127.149
-255.008
-185.396
-126.438
-222.333
-232.988
-162.665
-81.6877
-56.1159
-162.665
-75.2948
134.962
71.0328
-56.1159
9.23427
210.257
267.794
196.051
226.595
423.356
354.454
277.738
434.721
284.842
316.806
394.942
333.854
345.219
434.011
405.597
211.678
306.862
448.217
290.524
294.076
392.101
296.207
271.345
345.219
388.55
296.917
280.58
299.758
215.94
279.159
252.167
140.645
272.766
326.751
247.194
367.24
407.728
188.237
152.01
333.854
334.565
13.4962
134.252
394.942
144.197
-29.1235
139.935
119.335
-367.95
-219.491
80.2671
-350.192
-257.139
-25.5718
-310.413
-226.595
-312.544
-362.978
-308.993
-586.731
-340.247
-331.723
-410.57
-281.29
-437.562
-443.955
-416.963
-453.9
-495.809
-417.673
-364.398
-387.839
-232.988
-223.753
-330.303
-290.524
-279.869
-215.94
-340.247
-277.028
-2.84131
-177.582
-176.872
-78.8464
-83.1084
-191.789
-207.416
37.6474
-194.63
-201.733
62.5089
19.1789
-56.8263
-148.459
59.6676
41.9094
-294.786
-28.4131
168.348
85.9497
61.7986
106.549
394.232
107.26
-98.7356
272.056
409.149
156.983
93.053
590.993
474.499
18.4685
373.633
547.663
205.995
125.728
441.824
593.834
250.746
264.952
459.582
313.965
135.673
218.071
267.083
179.003
259.98
250.036
142.066
173.32
144.907
83.8187
164.796
123.597
82.3981
68.9018
238.67
174.741
24.1512
181.134
53.9849
90.922
54.6953
131.411
154.141
-33.3854
164.086
93.053
-49.723
1.42066
-79.5568
-122.887
28.4131
-148.459
-201.733
-175.451
-181.134
-237.25
-407.728
-252.877
-249.325
-367.95
-359.426
-203.154
-316.806
-555.477
-500.781
-270.635
-505.754
-621.537
-250.746
-430.459
-472.368
-204.575
-282.711
-268.504
-322.489
-300.469
-77.4258
-264.952
-261.401
-29.1235
-98.0253
-102.998
-69.6122
-213.098
-199.602
-135.673
-151.3
-51.1436
-78.8464
-44.7507
149.169
-100.867
-182.554
123.597
-6.39295
-95.8943
150.59
204.575
153.431
137.804
130.7
205.285
188.237
190.368
186.106
335.275
302.6
205.285
367.24
321.779
289.104
326.751
383.577
390.68
296.917
323.91
394.232
345.219
368.66
304.02
403.466
305.441
169.768
331.013
283.421
198.182
132.121
147.748
310.413
103.708
36.9371
310.413
128.569
163.375
129.99
112.232
121.466
-94.4736
147.038
135.673
-72.4535
170.479
78.1361
-60.3779
97.315
13.4962
-77.4258
-52.5643
-36.2267
10.6549
-24.8615
-91.6323
-88.791
-116.494
-143.486
9.23427
-173.32
-398.494
-163.375
-220.202
-277.738
-279.159
-326.041
-392.811
-360.136
-252.167
-425.487
-450.348
-338.827
-494.388
-276.318
-245.063
-491.547
-221.622
-297.628
-352.323
-265.663
-178.292
-236.539
-490.837
-177.582
-23.4408
-279.869
-277.028
-179.713
-23.4408
-54.6953
-218.781
-121.466
-83.1084
-112.232
-41.199
4.26197
-66.0605
-71.7431
-20.5995
-73.8741
22.0202
36.2267
-125.728
19.1789
62.5089
45.461
136.383
44.7507
55.4056
161.955
210.257
157.693
179.713
236.539
134.962
215.229
311.124
154.852
291.235
326.041
202.444
351.612
360.136
283.421
269.214
354.454
375.053
264.242
188.237
324.62
384.288
171.899
220.912
443.955
142.776
54.6953
354.454
187.527
-7.10328
83.1084
241.512
257.139
99.4459
58.2469
276.318
150.59
-41.9094
164.086
185.396
-20.5995
55.4056
179.713
86.66
7.81361
68.1915
136.383
-94.4736
-71.7431
50.4333
-0.710328
-78.8464
-100.867
51.1436
-43.33
-196.761
-13.4962
-69.6122
-257.139
-100.156
-218.781
-139.224
-190.368
-234.408
-156.983
-331.013
-189.658
-177.582
-333.854
-240.091
-140.645
-304.731
-378.605
-225.174
-94.4736
-328.882
-326.751
-186.106
-198.182
-201.023
-254.297
-196.761
-218.781
-353.033
-170.479
-56.8263
-343.799
-189.658
-98.7356
-306.151
-101.577
-100.156
-296.917
-209.547
-93.053
-63.2192
-127.149
-132.831
-132.121
-110.101
15.6272
-122.887
-174.741
-80.2671
-5.68263
49.0126
-26.9925
21.3098
39.7784
29.1235
29.8338
161.955
169.058
28.4131
213.809
260.69
59.6676
364.398
420.514
-18.4685
222.333
536.298
291.945
265.663
446.796
338.827
173.32
380.736
463.844
286.973
225.884
297.628
454.61
342.378
272.056
355.874
119.335
173.32
384.288
133.542
109.391
288.393
243.643
34.8061
194.63
252.877
9.23427
68.9018
95.8943
-12.7859
105.839
142.776
-16.3375
-157.693
53.9849
149.169
-259.98
-139.935
39.7784
-94.4736
-213.098
-183.265
-89.5013
-318.937
-299.048
-110.811
-298.338
-384.998
-176.872
-199.602
-415.542
-203.154
-228.726
-516.409
-197.471
-201.023
-423.356
-110.101
-298.338
-296.207
-129.99
-345.219
-137.093
-45.461
-232.988
-262.821
16.3375
-11.3653
-213.809
-140.645
-76.7154
-41.9094
-44.0403
-131.411
23.4408
-30.5441
-129.28
140.645
-132.121
-242.222
117.914
47.592
-102.287
121.466
109.391
-150.59
76.7154
215.229
-55.4056
-71.0328
130.7
132.831
100.867
92.3427
186.106
130.7
32.6751
174.741
161.244
275.607
164.796
85.9497
272.056
245.063
161.244
132.831
136.383
218.071
203.864
125.018
213.098
197.471
123.597
203.864
195.34
137.093
199.602
174.741
140.645
201.733
75.2948
-16.3375
154.141
89.5013
0.710328
108.68
87.3704
-104.418
49.723
143.486
-156.272
-115.073
59.6676
-35.5164
-124.307
-88.791
23.4408
-79.5568
-282
-47.592
-29.8338
-221.622
-115.783
-76.7154
-164.796
-125.018
-204.575
-122.887
-15.6272
-296.917
-146.328
-31.2544
-255.008
-198.892
-85.2394
-220.912
-166.217
-109.391
-118.625
-80.9774
-146.328
-117.914
-156.272
-99.4459
-153.431
-132.121
-79.5568
-55.4056
32.6751
-17.7582
-8.52394
-5.68263
-49.0126
40.4887
125.728
-103.708
-40.4887
158.403
39.7784
-35.5164
83.8187
101.577
-68.1915
132.121
127.859
26.9925
46.1713
25.5718
89.5013
61.0882
-31.2544
-10.6549
97.315
22.7305
-1.42066
87.3704
36.2267
-121.466
71.0328
98.7356
-18.4685
103.708
115.783
28.4131
48.3023
181.134
139.224
-68.1915
36.9371
212.388
95.8943
96.6046
203.154
115.783
160.534
144.197
104.418
161.955
46.1713
147.748
88.0807
76.0051
76.0051
36.2267
163.375
74.5845
24.1512
52.5643
152.721
53.9849
10.6549
163.375
-53.2746
-177.582
137.804
102.287
-161.244
46.1713
27.7028
-36.2267
6.39295
-57.5366
-60.3779
1.42066
-90.922
-144.907
109.391
-110.101
-129.28
-53.2746
-171.899
-128.569
-215.94
-154.141
-218.781
-166.927
-110.101
-156.983
-115.073
-206.705
-125.728
-111.522
-347.35
-252.167
-15.6272
-229.436
-208.836
-4.9723
-111.522
-199.602
-46.8817
-41.199
-143.486
-97.315
-122.176
-14.2066
-50.4333
-60.3779
61.7986
-7.10328
-64.6399
-46.1713
65.3502
-56.1159
14.9169
97.315
-113.653
102.998
122.887
-4.26197
7.81361
-36.2267
56.8263
42.6197
36.9371
159.824
2.84131
-4.9723
234.408
84.5291
-107.26
179.713
230.857
-69.6122
171.899
181.844
110.811
299.758
-2.13098
61.7986
294.076
6.39295
35.5164
266.373
238.67
78.1361
115.073
362.978
237.96
-64.6399
45.461
337.406
38.3577
-26.2821
413.411
85.2394
-105.129
375.764
223.043
-252.877
80.9774
301.179
-127.149
-89.5013
240.801
44.0403
-106.549
-29.1235
15.6272
35.5164
-238.67
-115.073
87.3704
-216.65
-22.0202
22.0202
-289.104
17.0479
-13.4962
-254.297
-280.58
-122.887
84.5291
-239.381
-210.967
56.1159
-179.713
-228.015
-107.26
-133.542
-120.045
-296.207
21.3098
7.10328
-210.257
23.4408
-267.794
-78.8464
37.6474
-273.476
-31.9648
-36.9371
-65.3502
76.7154
-173.32
-83.1084
-26.2821
-37.6474
-24.1512
-129.28
-22.7305
-85.9497
-20.5995
-17.7582
-118.625
81.6877
-36.9371
-162.665
34.8061
78.1361
61.0882
-103.708
-164.796
112.942
98.7356
-192.499
45.461
78.1361
-26.2821
0
53.2746
107.97
-151.3
17.7582
181.134
-5.68263
-0.710328
71.0328
74.5845
134.962
36.2267
120.045
98.7356
14.2066
147.038
92.3427
186.816
44.0403
-42.6197
257.849
289.104
76.0051
-19.8892
268.504
298.338
-101.577
9.94459
288.393
134.252
-19.1789
232.988
309.703
9.94459
-21.3098
251.456
276.318
-100.867
-93.053
240.801
95.184
9.94459
190.368
12.7859
17.0479
58.2469
-17.7582
72.4535
-24.1512
-58.9572
29.1235
88.791
71.0328
-93.053
-61.7986
-23.4408
-147.748
-129.28
-156.272
-13.4962
-87.3704
-246.484
34.8061
-131.411
-331.013
-126.438
-167.637
-182.554
-209.547
-232.988
27.7028
-135.673
-245.063
-27.7028
-95.8943
-253.587
-215.94
12.7859
-84.5291
-166.217
-134.252
-10.6549
76.7154
-231.567
-123.597
-25.5718
-171.189
-13.4962
-43.33
-80.2671
57.5366
-50.4333
-68.1915
27.7028
-82.3981
-70.3225
-22.0202
-49.723
-12.7859
115.783
-58.2469
-139.224
250.746
-44.7507
-149.169
93.7633
-24.8615
-7.81361
-4.9723
77.4258
77.4258
39.068
5.68263
63.9295
171.899
61.0882
12.7859
63.2192
193.92
285.552
49.0126
6.39295
359.426
173.32
-83.1084
253.587
277.738
6.39295
103.708
410.57
182.554
-73.1638
267.794
298.338
47.592
26.9925
225.174
235.119
-31.9648
106.549
343.089
-50.4333
-76.7154
178.292
-28.4131
56.1159
32.6751
-88.791
88.0807
31.9648
-72.4535
-114.363
-69.6122
14.2066
-196.761
-194.63
98.7356
-41.199
-242.222
-58.2469
-12.0756
-166.217
-223.753
-91.6323
-141.355
-166.927
-82.3981
-271.345
-68.9018
5.68263
-335.985
-119.335
72.4535
-254.297
-267.794
-26.2821
4.26197
-185.396
-230.146
4.26197
-19.1789
-145.617
-36.2267
-28.4131
-77.4258
10.6549
6.39295
-14.9169
-17.7582
29.8338
27.7028
39.7784
122.176
48.3023
41.9094
48.3023
106.549
160.534
-122.887
41.9094
247.905
-70.3225
14.2066
246.484
-20.5995
-127.859
122.887
126.438
-176.161
-83.8187
125.728
-195.34
41.199
132.121
-129.28
-85.2394
-17.0479
86.66
-74.5845
-141.355
87.3704
-87.3704
-110.811
216.65
-102.287
-140.645
215.94
30.5441
-117.204
39.068
156.983
49.0126
-107.26
204.575
164.086
-149.169
175.451
262.111
-63.2192
-43.33
159.824
72.4535
-35.5164
128.569
125.018
9.94459
50.4333
162.665
138.514
-98.0253
41.9094
283.421
-78.8464
23.4408
331.013
12.7859
-63.2192
155.562
108.68
-50.4333
-41.9094
38.3577
107.97
-48.3023
52.5643
129.28
-88.791
-76.0051
17.7582
17.0479
-63.9295
-176.872
7.10328
31.2544
-129.28
-0.710328
-88.791
-98.0253
-89.5013
-199.602
-41.199
21.3098
-266.373
-339.537
44.7507
-9.94459
-363.688
-95.184
-10.6549
-276.318
-123.597
-19.8892
-117.914
-182.554
-124.307
-27.7028
-193.92
-27.7028
95.184
-290.524
-59.6676
130.7
-146.328
-132.831
16.3375
100.156
-166.927
-67.4812
305.441
-26.2821
-149.169
206.705
41.199
-78.8464
151.3
181.134
-86.66
81.6877
418.383
-23.4408
71.7431
333.854
29.1235
102.287
101.577
173.32
213.098
-94.4736
246.484
261.401
-41.9094
296.207
208.126
-50.4333
131.411
239.381
207.416
75.2948
96.6046
100.867
75.2948
242.932
8.52394
-85.9497
176.872
49.723
-61.0882
49.0126
117.914
-69.6122
-166.217
4.26197
37.6474
-107.26
-151.3
16.3375
-53.2746
-243.643
39.068
9.94459
-364.398
-132.121
-57.5366
-161.955
-196.051
-152.721
-104.418
-145.617
-215.229
-203.154
-62.5089
-214.519
-334.565
-65.3502
-73.1638
-235.829
-113.653
-105.839
-85.2394
-72.4535
-203.864
-59.6676
14.2066
-238.67
-90.922
106.549
-114.363
-104.418
88.791
-21.3098
-38.3577
90.2117
8.52394
27.7028
134.962
-16.3375
39.7784
124.307
132.121
-38.3577
44.7507
289.814
34.0958
-6.39295
166.217
235.829
78.8464
-7.10328
250.746
117.204
17.7582
213.809
65.3502
109.391
125.018
92.3427
176.872
7.81361
133.542
154.852
-90.2117
112.942
178.292
-53.9849
-60.3779
199.602
37.6474
-111.522
166.927
-17.7582
-73.1638
137.804
-53.9849
4.26197
4.9723
25.5718
78.1361
-132.121
131.411
44.0403
-151.3
146.328
31.2544
-175.451
105.129
63.9295
-267.794
27.7028
208.126
-223.753
-150.59
172.61
13.4962
-188.237
-57.5366
173.32
-133.542
-228.015
171.189
-3.55164
-193.209
-5.68263
46.8817
-98.0253
-95.8943
44.7507
-18.4685
-132.121
-40.4887
90.922
-78.8464
-170.479
105.839
-10.6549
-243.643
50.4333
56.8263
-216.65
-76.0051
110.811
-80.2671
-220.202
60.3779
80.9774
-232.988
-98.0253
110.101
-34.0958
-191.078
1.42066
142.776
-92.3427
-115.073
151.3
-38.3577
-83.1084
99.4459
-78.1361
-44.7507
97.315
-7.10328
-65.3502
47.592
85.9497
3.55164
0.710328
66.7708
-29.1235
21.3098
65.3502
-62.5089
1.42066
56.1159
-47.592
-3.55164
58.2469
-16.3375
1.42066
-22.0202
16.3375
85.9497
-48.3023
-63.9295
38.3577
55.4056
-53.9849
-23.4408
85.9497
-62.5089
-14.2066
109.391
-68.9018
69.6122
80.9774
-111.522
68.1915
71.0328
15.6272
63.2192
22.7305
78.1361
71.7431
39.7784
107.97
73.8741
29.1235
14.9169
158.403
57.5366
-51.854
125.018
42.6197
15.6272
115.073
10.6549
8.52394
88.0807
86.66
29.1235
36.2267
102.998
-14.9169
-38.3577
76.7154
73.1638
-28.4131
-49.723
122.176
41.199
-143.486
74.5845
51.1436
-175.451
-41.199
72.4535
-122.887
-84.5291
74.5845
-56.8263
-106.549
-12.7859
-5.68263
-99.4459
-120.045
16.3375
-63.2192
-178.292
-3.55164
-50.4333
-153.431
-61.7986
-44.0403
-65.3502
-127.859
-63.2192
-13.4962
-80.2671
-129.99
-19.1789
1.42066
-152.721
-36.9371
37.6474
-73.8741
-41.9094
3.55164
-19.8892
-27.7028
-18.4685
61.7986
-63.2192
-34.8061
85.9497
-21.3098
-27.7028
22.7305
47.592
-9.94459
-14.9169
100.156
22.0202
41.9094
45.461
-12.7859
101.577
27.7028
-25.5718
111.522
34.8061
19.1789
92.3427
29.1235
24.8615
24.8615
60.3779
2.84131
13.4962
33.3854
0
2.13098
62.5089
38.3577
-5.68263
48.3023
68.9018
-14.2066
68.1915
34.8061
-27.7028
100.156
-13.4962
38.3577
112.942
-17.0479
28.4131
95.184
-13.4962
92.3427
45.461
-105.129
148.459
67.4812
-147.038
111.522
26.9925
-51.854
63.2192
-68.1915
12.7859
-3.55164
-76.7154
0.710328
-76.0051
-49.723
19.1789
-41.9094
-21.3098
-54.6953
-18.4685
12.7859
-114.363
-19.1789
24.1512
-76.0051
-18.4685
-13.4962
-24.8615
24.1512
-30.5441
-66.0605
-5.68263
0
-73.1638
-87.3704
-5.68263
-48.3023
-87.3704
-14.9169
-88.0807
-100.156
-0.710328
-88.791
-127.859
-80.2671
-44.7507
-78.1361
-115.073
-29.1235
-29.1235
-78.8464
-61.0882
-42.6197
8.52394
3.55164
-58.9572
-4.9723
60.3779
0.710328
-22.7305
43.33
-29.1235
42.6197
47.592
-60.3779
46.1713
39.068
-7.81361
34.0958
-12.7859
46.1713
68.1915
-46.1713
72.4535
41.9094
12.7859
44.0403
15.6272
62.5089
26.2821
40.4887
73.1638
9.94459
61.0882
124.307
37.6474
112.942
117.204
70.3225
144.907
124.307
78.8464
181.134
127.859
98.0253
208.126
110.811
97.315
175.451
143.486
86.66
117.204
129.99
106.549
108.68
77.4258
78.8464
108.68
9.23427
36.2267
51.854
-25.5718
-1.42066
-9.94459
-71.7431
-26.2821
-50.4333
-120.045
-18.4685
-98.7356
-132.121
-55.4056
-116.494
-100.867
-115.073
-162.665
-66.0605
-158.403
-159.824
-22.7305
-177.582
-165.506
-31.9648
-136.383
-174.03
-78.8464
-88.791
-137.804
-131.411
-98.7356
-93.053
-117.914
-166.217
-70.3225
-60.3779
-222.333
-68.1915
-39.7784
-146.328
-113.653
-25.5718
-60.3779
-123.597
-31.2544
-4.26197
-70.3225
-58.2469
-5.68263
17.7582
-39.068
-43.33
74.5845
-14.9169
-2.13098
56.1159
12.7859
46.1713
83.8187
-2.13098
69.6122
132.121
31.2544
42.6197
93.7633
80.9774
89.5013
22.0202
46.8817
173.32
-9.94459
92.3427
137.804
-24.8615
129.28
68.9018
46.1713
120.045
22.7305
90.922
90.2117
66.0605
115.783
62.5089
55.4056
78.1361
143.486
70.3225
14.2066
144.907
94.4736
89.5013
78.1361
76.0051
127.859
36.2267
93.7633
109.391
22.0202
117.914
61.7986
26.9925
106.549
54.6953
-0.710328
37.6474
17.7582
-12.0756
26.9925
-41.9094
-18.4685
-3.55164
-51.854
-51.1436
-51.854
-56.1159
-0.710328
-86.66
-74.5845
13.4962
-99.4459
-56.1159
-52.5643
-127.149
-48.3023
-110.101
-112.232
-62.5089
-128.569
-70.3225
-106.549
-137.093
-78.8464
-99.4459
-95.184
-73.8741
-74.5845
-99.4459
-62.5089
-49.0126
-179.713
-73.8741
-24.8615
-176.872
-112.942
-28.4131
-58.2469
-122.176
-105.129
-3.55164
-72.4535
-93.7633
-2.13098
-49.723
-26.2821
-6.39295
0.710328
-41.9094
-45.461
17.7582
-51.1436
-39.7784
7.81361
2.84131
25.5718
-32.6751
5.68263
78.1361
23.4408
-3.55164
9.23427
132.831
47.592
-28.4131
139.224
110.811
-5.68263
80.9774
133.542
49.0126
52.5643
141.355
76.0051
73.8741
154.852
121.466
80.9774
73.1638
239.381
85.2394
12.0756
243.643
95.8943
93.7633
137.093
83.1084
186.816
63.2192
75.2948
152.01
60.3779
124.307
69.6122
89.5013
159.114
58.2469
80.2671
69.6122
101.577
65.3502
-34.0958
109.391
-7.10328
-21.3098
61.7986
-85.9497
-8.52394
-33.3854
-112.942
-44.7507
-77.4258
-137.804
-61.7986
-81.6877
-171.189
-111.522
-34.8061
-157.693
-184.685
-93.7633
-128.569
-108.68
-187.527
-171.899
-71.0328
-184.685
-202.444
-97.315
-136.383
-155.562
-139.224
-88.791
-86.66
-161.244
-112.942
-22.0202
-93.053
-154.852
-53.9849
-19.8892
-85.2394
-90.922
-16.3375
5.68263
-47.592
-61.7986
-3.55164
15.6272
-31.2544
-65.3502
44.0403
29.1235
-24.8615
25.5718
36.2267
43.33
2.84131
73.1638
82.3981
-14.9169
55.4056
96.6046
56.1159
51.854
32.6751
111.522
83.1084
-19.1789
95.184
130.7
42.6197
47.592
97.315
58.2469
61.7986
68.9018
-3.55164
87.3704
91.6323
-7.81361
68.9018
93.7633
7.10328
45.461
61.0882
42.6197
63.9295
51.854
73.1638
36.9371
93.053
129.99
23.4408
55.4056
116.494
87.3704
61.0882
45.461
102.998
126.438
-1.42066
75.2948
163.375
14.2066
69.6122
147.038
22.7305
37.6474
124.307
28.4131
-12.0756
68.9018
24.8615
-52.5643
11.3653
59.6676
-33.3854
-57.5366
-4.26197
9.23427
-91.6323
-53.2746
38.3577
-137.804
-95.184
32.6751
-140.645
-88.791
-18.4685
-134.252
-51.1436
-33.3854
-135.673
-129.99
-85.2394
-94.4736
-117.914
-108.68
-104.418
-84.5291
-96.6046
-124.307
-71.7431
-115.073
-132.121
-58.2469
-76.7154
-103.708
-116.494
-58.2469
-22.0202
-122.887
-66.7708
-31.9648
-126.438
-54.6953
-0.710328
-65.3502
-72.4535
-14.2066
-18.4685
-40.4887
-35.5164
-42.6197
-21.3098
-17.0479
-68.1915
-2.13098
6.39295
-51.1436
-31.9648
-9.94459
31.2544
-40.4887
-54.6953
57.5366
-20.5995
-34.8061
73.8741
-27.7028
18.4685
90.2117
-34.0958
48.3023
110.811
22.0202
49.0126
106.549
86.66
120.756
105.129
93.053
135.673
118.625
136.383
113.653
95.8943
188.947
151.3
29.8338
227.305
228.726
-4.26197
156.983
300.469
85.2394
51.1436
211.678
138.514
61.7986
129.99
127.859
59.6676
115.073
124.307
47.592
86.66
135.673
6.39295
28.4131
132.121
37.6474
-37.6474
32.6751
60.3779
-75.2948
-10.6549
-4.9723
-102.998
-14.2066
-41.199
-88.791
-59.6676
-94.4736
-49.0126
-110.101
-187.527
-99.4459
-129.28
-183.265
-186.106
-106.549
-126.438
-248.615
-133.542
-90.2117
-240.801
-176.161
-95.184
-222.333
-198.182
-80.2671
-175.451
-255.718
-100.156
-85.9497
-209.547
-134.252
-46.8817
-98.0253
-102.998
-49.0126
-76.7154
-63.2192
-53.9849
-23.4408
-80.9774
-74.5845
76.7154
-41.9094
-93.053
109.391
98.7356
-96.6046
44.0403
172.61
-20.5995
0
147.748
44.0403
19.1789
85.9497
87.3704
50.4333
10.6549
117.914
90.2117
-1.42066
142.776
107.97
17.0479
149.879
117.914
57.5366
68.9018
134.252
100.867
66.7708
148.459
78.1361
84.5291
157.693
125.018
35.5164
95.184
195.34
29.1235
45.461
207.416
46.8817
19.8892
113.653
66.0605
39.7784
46.1713
80.9774
64.6399
26.9925
68.1915
68.9018
-19.1789
13.4962
73.8741
-9.94459
-61.7986
49.723
80.2671
-51.854
-46.1713
92.3427
-2.13098
-134.252
44.0403
26.2821
-148.459
4.26197
17.0479
-123.597
-61.0882
-51.854
-55.4056
-97.315
-148.459
15.6272
-40.4887
-220.912
-10.6549
-2.13098
-274.187
-78.1361
5.68263
-245.774
-114.363
-14.9169
-176.872
-143.486
-29.8338
-88.0807
-174.741
-100.867
-30.5441
-125.018
-129.28
-12.7859
-75.2948
-138.514
-1.42066
-26.2821
-129.28
-33.3854
24.1512
-21.3098
-4.9723
42.6197
48.3023
36.2267
19.8892
56.8263
12.0756
31.2544
69.6122
7.10328
80.9774
78.1361
1.42066
101.577
117.204
-12.7859
36.9371
109.391
44.0403
26.9925
98.0253
46.8817
49.0126
112.232
20.5995
27.7028
122.176
51.1436
8.52394
118.625
105.129
8.52394
82.3981
148.459
20.5995
41.199
127.149
22.7305
4.9723
76.7154
44.7507
-0.710328
48.3023
60.3779
-20.5995
46.1713
54.6953
-18.4685
9.94459
42.6197
-16.3375
-29.1235
62.5089
-12.0756
-65.3502
29.1235
44.7507
-56.1159
-25.5718
14.2066
-24.1512
-33.3854
-14.9169
-44.0403
-24.1512
-5.68263
-54.6953
-31.9648
-39.7784
-22.7305
-66.7708
-66.0605
-11.3653
-48.3023
-71.7431
-43.33
-17.0479
-67.4812
-94.4736
9.23427
-12.0756
-141.355
-43.33
11.3653
-93.7633
-110.101
-38.3577
-81.6877
-79.5568
-4.9723
-100.867
-75.2948
28.4131
-59.6676
-120.756
-7.10328
25.5718
-115.783
-64.6399
87.3704
-18.4685
-104.418
22.0202
70.3225
-88.0807
-78.8464
78.1361
-23.4408
-89.5013
76.7154
50.4333
-70.3225
9.94459
87.3704
14.9169
-25.5718
60.3779
97.315
38.3577
31.2544
105.839
77.4258
2.13098
82.3981
58.9572
-36.2267
76.0051
71.0328
-34.8061
45.461
90.922
19.1789
13.4962
71.7431
66.0605
4.9723
47.592
103.708
58.2469
29.8338
89.5013
100.867
39.7784
71.7431
66.7708
41.9094
78.8464
49.723
17.7582
71.7431
57.5366
34.8061
55.4056
20.5995
44.7507
34.8061
-5.68263
60.3779
19.1789
-39.068
56.1159
-6.39295
-72.4535
4.26197
-25.5718
-53.9849
-53.9849
-41.199
-29.1235
-87.3704
-64.6399
-18.4685
-94.4736
-96.6046
0.710328
-95.184
-114.363
27.7028
-51.854
-132.121
-19.1789
3.55164
-102.998
-75.2948
5.68263
-37.6474
-117.204
-11.3653
24.1512
-120.045
-75.2948
27.7028
-92.3427
-95.8943
8.52394
-97.315
-105.839
-18.4685
-56.8263
-119.335
-56.8263
-17.0479
-92.3427
-80.2671
-23.4408
-47.592
-61.7986
-26.9925
15.6272
-39.7784
-63.2192
37.6474
1.42066
-76.0051
17.7582
29.1235
-19.1789
13.4962
49.0126
52.5643
-12.7859
28.4131
125.018
0
-19.8892
175.451
68.1915
-8.52394
159.114
117.204
7.81361
78.1361
121.466
53.9849
34.0958
120.045
90.922
17.7582
93.053
122.887
31.2544
12.0756
149.879
87.3704
-19.8892
150.59
132.831
-26.9925
97.315
139.224
5.68263
56.1159
120.045
50.4333
18.4685
117.204
109.391
-28.4131
50.4333
129.99
-2.84131
-19.1789
112.942
44.0403
-56.8263
36.9371
56.8263
-61.7986
-39.068
26.2821
-72.4535
-55.4056
-11.3653
-49.0126
-90.922
-61.0882
-26.9925
-88.791
-101.577
-26.9925
-20.5995
-127.859
-51.854
0.710328
-101.577
-96.6046
-30.5441
-102.287
-90.2117
-50.4333
-91.6323
-71.7431
-94.4736
-85.2394
-102.287
-109.391
-79.5568
-80.2671
-129.99
-99.4459
-29.1235
-94.4736
-134.962
-45.461
-70.3225
-92.3427
-37.6474
-80.9774
-10.6549
-43.33
-95.8943
29.8338
-14.2066
-100.156
5.68263
29.1235
-59.6676
-3.55164
51.854
-21.3098
-34.0958
71.7431
38.3577
-59.6676
46.8817
103.708
-24.1512
14.9169
155.562
58.9572
2.13098
116.494
134.962
13.4962
40.4887
137.093
63.9295
31.2544
97.315
118.625
37.6474
64.6399
137.093
49.723
16.3375
115.073
74.5845
-4.9723
110.101
93.7633
4.26197
83.8187
88.791
34.0958
70.3225
73.8741
45.461
70.3225
78.8464
51.854
33.3854
49.723
21.3098
24.8615
-2.13098
-14.2066
12.7859
-65.3502
3.55164
0
-90.922
9.23427
-12.0756
-90.2117
-33.3854
-23.4408
-58.9572
-100.156
-36.2267
15.6272
-109.391
-69.6122
46.1713
-58.2469
-108.68
19.1789
-32.6751
-144.197
-0.710328
16.3375
-124.307
-63.9295
37.6474
-54.6953
-117.914
2.84131
26.9925
-99.4459
-57.5366
53.2746
-46.1713
-84.5291
26.2821
-9.94459
-83.8187
-17.0479
13.4962
-36.9371
-34.8061
41.199
9.94459
-44.0403
41.9094
26.2821
-36.9371
1.42066
15.6272
-26.2821
-12.7859
17.0479
-15.6272
-2.84131
6.39295
-0.710328
9.94459
12.0756
22.7305
-10.6549
5.68263
68.9018
-2.84131
-22.0202
62.5089
1.42066
-40.4887
44.7507
16.3375
-51.854
24.8615
71.0328
-12.0756
-5.68263
85.2394
47.592
-16.3375
39.7784
73.1638
-9.94459
-32.6751
46.8817
56.8263
-42.6197
-9.23427
92.3427
3.55164
-23.4408
83.1084
56.8263
-12.7859
51.1436
80.2671
5.68263
9.94459
47.592
31.9648
-20.5995
-19.8892
34.8061
-10.6549
-26.9925
29.8338
-17.7582
-46.1713
38.3577
-2.84131
-59.6676
27.7028
41.9094
-49.723
-27.7028
52.5643
-5.68263
-80.9774
-19.8892
22.7305
-67.4812
-61.7986
2.84131
-44.7507
-53.2746
-2.13098
-7.10328
-48.3023
-24.1512
19.1789
-31.9648
-34.0958
22.7305
-11.3653
-26.2821
22.0202
6.39295
-24.8615
42.6197
12.0756
-58.9572
46.8817
67.4812
-35.5164
-7.10328
73.8741
9.23427
-36.2267
33.3854
39.068
-43.33
-39.068
47.592
-5.68263
-67.4812
19.1789
-4.26197
-75.2948
12.0756
33.3854
-56.1159
-12.7859
45.461
-31.2544
-2.84131
49.0126
-9.94459
-10.6549
34.8061
17.0479
3.55164
21.3098
1.42066
-16.3375
22.7305
5.68263
-34.0958
2.84131
-6.39295
-39.068
-6.39295
12.7859
-32.6751
-21.3098
27.7028
-10.6549
-23.4408
37.6474
19.8892
-61.7986
3.55164
61.0882
-49.723
-29.1235
43.33
-24.1512
-56.8263
14.2066
9.94459
-41.199
-4.9723
22.0202
-22.0202
-19.1789
48.3023
-4.9723
-53.2746
41.199
33.3854
-9.94459
10.6549
22.0202
54.6953
0
1.42066
56.8263
0.710328
-4.9723
35.5164
9.23427
12.0756
8.52394
-2.13098
18.4685
7.81361
-1.42066
28.4131
24.1512
-9.23427
46.1713
40.4887
-22.7305
64.6399
47.592
-18.4685
60.3779
61.0882
32.6751
36.2267
16.3375
33.3854
-17.7582
-26.9925
38.3577
-67.4812
-65.3502
39.7784
-13.4962
-76.7154
0.710328
26.9925
-76.7154
-58.9572
34.8061
-31.9648
-79.5568
-14.2066
11.3653
-46.1713
-80.9774
0.710328
-34.0958
-119.335
-31.2544
-12.7859
-96.6046
-78.8464
-7.10328
-44.7507
-112.942
-18.4685
-12.7859
-104.418
-54.6953
-8.52394
-61.0882
-92.3427
-23.4408
-7.10328
-84.5291
-60.3779
40.4887
-17.0479
-80.2671
18.4685
34.0958
-61.0882
-30.5441
39.7784
-0.710328
-13.4962
24.1512
70.3225
36.9371
5.68263
100.156
67.4812
-11.3653
68.1915
97.315
31.9648
58.9572
107.97
75.2948
63.9295
95.8943
108.68
78.8464
83.1084
108.68
96.6046
94.4736
109.391
93.7633
78.1361
93.053
71.7431
63.9295
95.184
63.9295
43.33
91.6323
78.1361
22.0202
63.9295
80.2671
-1.42066
20.5995
63.2192
-1.42066
-18.4685
26.9925
0
-66.7708
-21.3098
41.199
-56.1159
-77.4258
29.8338
-31.9648
-90.922
-7.10328
-24.8615
-107.97
-72.4535
-28.4131
-77.4258
-81.6877
-38.3577
-53.9849
-93.053
-71.0328
-36.2267
-106.549
-136.383
-66.0605
-90.922
-128.569
-69.6122
-69.6122
-98.7356
-91.6323
-79.5568
-73.1638
-99.4459
-107.26
-56.8263
-76.7154
-107.97
-41.199
-36.2267
-102.287
-61.7986
2.84131
-78.8464
-80.2671
7.81361
-4.9723
-60.3779
-11.3653
44.0403
-7.10328
-36.9371
17.0479
12.7859
-50.4333
9.94459
46.8817
-7.10328
30.5441
72.4535
37.6474
34.8061
56.1159
70.3225
39.7784
29.1235
82.3981
85.2394
46.1713
72.4535
92.3427
76.0051
67.4812
71.0328
93.7633
78.1361
61.7986
94.4736
105.839
53.2746
90.922
125.018
30.5441
39.7784
