SAMPLES: 6317
BITSPERSAMPLE:	16
CHANNELS:	1
SAMPLERATE:	16000
NORMALIZED:	FALSE
43.9986
46.9318
48.1051
51.625
55.1449
54.5583
53.9716
43.9986
29.3324
14.0795
3.51989
-2.93324
-1.75994
4.69318
11.733
19.3594
18.1861
19.3594
26.9858
36.3722
43.4119
43.4119
33.4389
18.1861
3.51989
-8.21307
-15.8395
-17.5994
-17.0128
-16.4261
-15.2528
-12.9063
-11.733
-11.1463
-10.5597
-10.5597
-4.69318
5.27983
21.1193
45.1719
72.1577
94.4503
111.463
119.09
114.983
100.317
76.8509
45.7585
12.3196
-23.4659
-56.9048
-87.9972
-111.463
-123.196
-119.09
-97.3836
-64.5313
-25.8125
14.6662
47.5185
63.9446
70.9844
63.9446
42.2386
9.97301
-29.919
-72.7443
-109.117
-131.409
-137.276
-128.476
-109.117
-85.0639
-58.0781
-32.8523
-9.38637
9.97301
22.2926
30.5057
37.5455
40.4787
40.4787
38.7188
34.0256
23.4659
4.69318
-14.0795
-33.4389
-52.7983
-66.2912
-70.3977
-58.6648
-39.8921
-17.0128
3.51989
11.1463
14.6662
8.21307
-7.03977
-21.706
-38.7188
-54.5583
-62.7713
-56.3182
-36.9588
-16.4261
-7.03977
-6.45313
-13.4929
-25.2259
-47.5185
-72.7443
-87.4105
-95.6236
-104.423
-105.597
-100.317
-90.3438
-69.2245
-42.8253
-15.2528
14.6662
39.3054
44.5852
31.679
-8.79972
-76.8509
-166.608
-260.472
-334.976
-370.761
-376.041
-351.989
-267.511
-79.7841
224.099
594.274
952.716
1189.72
1244.28
1119.91
843.6
474.598
109.117
-202.98
-469.318
-706.911
-899.918
-997.888
-932.77
-686.965
-313.27
116.156
520.357
832.453
1025.46
1114.63
1089.99
941.57
672.885
303.884
-91.5171
-418.28
-628.887
-703.391
-637.1
-473.425
-285.111
-105.597
53.385
170.715
228.206
214.713
133.756
40.4787
-16.4261
-36.9588
-14.6662
43.4119
96.2103
119.09
99.7301
35.1989
-53.385
-154.288
-281.591
-419.453
-533.85
-607.767
-620.087
-561.422
-443.506
-286.284
-110.29
62.7713
214.713
343.189
428.84
461.105
449.372
397.747
302.124
165.435
-3.51989
-172.474
-309.75
-409.48
-460.519
-461.105
-428.253
-363.722
-269.271
-156.048
-29.919
99.7301
221.166
316.79
374.281
397.161
388.361
357.269
305.057
228.206
134.929
19.3594
-115.57
-231.726
-323.83
-398.334
-433.533
-430.013
-397.747
-319.723
-206.5
-91.5171
22.2926
123.196
184.207
227.619
261.058
261.058
275.138
283.351
207.087
108.53
24.0526
-99.7301
-173.061
-168.955
-184.207
-167.195
-120.849
-141.969
-147.249
-99.7301
-74.5043
-8.79972
98.5568
146.075
175.994
227.033
221.166
188.314
194.18
157.808
66.8779
20.5327
-25.2259
-104.423
-117.33
-110.876
-140.795
-110.29
-55.1449
-32.2656
42.2386
123.783
136.102
162.501
194.18
173.648
185.967
231.139
227.033
227.033
243.459
210.607
170.128
151.355
95.6236
24.0526
-19.3594
-77.4375
-136.102
-156.048
-171.301
-186.554
-164.848
-130.236
-90.9304
-12.3196
80.3708
143.729
194.18
223.513
200.634
157.808
105.01
14.0795
-78.0242
-149.009
-214.713
-252.259
-244.046
-218.233
-171.301
-93.8637
-14.6662
57.4915
124.956
167.195
174.821
153.702
97.3836
12.9063
-81.5441
-175.994
-266.925
-339.082
-379.561
-390.121
-367.828
-316.203
-248.739
-166.608
-75.6776
3.51989
63.9446
103.837
115.57
99.1435
70.3977
25.2259
-38.1321
-107.357
-177.754
-232.899
-261.058
-262.232
-241.112
-200.047
-150.182
-93.277
-31.0923
32.2656
99.1435
159.568
200.047
217.06
215.3
205.327
190.074
168.368
150.769
132.582
106.77
83.304
68.6378
61.598
72.1577
99.7301
136.689
191.834
259.298
329.696
395.401
438.226
455.239
439.986
386.601
305.644
211.193
116.156
21.1193
-51.625
-93.8637
-112.05
-102.077
-64.5313
-13.4929
45.1719
112.05
168.955
211.78
235.246
226.446
191.834
128.476
34.6122
-72.1577
-184.794
-301.537
-401.267
-472.252
-520.943
-536.196
-516.837
-472.252
-404.787
-321.483
-233.486
-147.835
-72.7443
-19.3594
7.03977
1.1733
-37.5455
-95.6236
-164.261
-240.526
-309.163
-358.442
-391.294
-407.72
-392.467
-351.989
-295.671
-222.926
-143.729
-70.3977
-1.1733
63.358
119.676
168.368
195.354
194.767
187.141
181.861
166.021
146.075
129.649
99.7301
65.1179
43.9986
17.0128
-6.45313
-3.51989
12.3196
36.3722
80.9574
144.315
208.847
267.511
307.99
332.043
340.256
320.31
285.698
244.046
178.928
92.1037
6.45313
-66.8779
-105.597
-91.5171
-35.1989
49.8651
164.261
290.391
414.173
527.396
609.527
653.526
645.313
550.276
386.601
194.767
-17.5994
-214.713
-353.749
-444.679
-486.331
-458.172
-381.908
-264.578
-104.423
57.4915
200.634
314.443
363.135
348.469
286.284
166.608
6.45313
-139.036
-265.165
-375.455
-424.146
-415.347
-372.521
-296.257
-210.607
-128.476
-34.6122
38.7188
61.598
63.9446
41.0654
-32.2656
-106.77
-176.581
-249.325
-289.804
-299.777
-310.337
-307.99
-269.858
-228.206
-198.287
-156.048
-113.81
-74.5043
-28.7457
11.733
49.2784
81.5441
77.4375
36.9588
-11.1463
-68.6378
-124.369
-149.009
-150.182
-147.249
-129.063
-102.077
-99.1435
-116.743
-135.516
-165.435
-200.047
-201.22
-175.994
-136.102
-76.8509
-9.38637
63.358
134.342
189.487
218.233
226.446
210.02
138.449
17.5994
-120.263
-245.219
-329.109
-378.975
-414.76
-420.627
-369.588
-221.166
133.756
722.75
1309.4
1619.15
1669.6
1572.8
1265.4
768.509
283.938
-96.7969
-413.587
-756.189
-1123.43
-1334.62
-1254.84
-962.689
-542.649
-9.38637
520.357
905.198
1138.1
1264.81
1321.13
1286.52
1021.94
492.198
-50.4517
-412.413
-665.259
-820.134
-782.588
-622.433
-456.999
-307.99
-135.516
76.8509
220.58
177.168
25.2259
-86.2372
-146.075
-156.048
-61.598
104.423
240.526
313.857
340.842
346.709
336.736
249.912
30.5057
-266.338
-539.716
-759.122
-916.344
-957.409
-868.826
-696.351
-451.132
-107.943
290.391
747.976
1163.91
1317.02
1268.92
1091.75
688.138
158.982
-360.788
-866.479
-1271.85
-1514.14
-1632.05
-1575.74
-1292.39
-880.558
-397.161
128.476
598.381
912.824
1077.09
1080.02
871.759
587.821
269.858
-160.155
-533.263
-745.043
-888.772
-895.811
-738.003
-532.09
-286.284
-28.7457
141.382
241.699
274.551
204.153
78.0242
-36.9588
-122.023
-166.608
-154.288
-104.423
-48.6918
1.1733
28.7457
-2.34659
-65.1179
-126.716
-247.565
-414.173
-551.449
-647.073
-638.86
-386.014
226.446
1088.82
1787.52
2076.15
2131.29
2033.32
1627.95
1041.89
543.823
139.036
-343.189
-981.462
-1573.98
-1832.69
-1725.92
-1355.16
-755.016
14.0795
753.256
1305.88
1708.91
2008.68
2173.53
2057.37
1491.85
669.365
-25.2259
-540.303
-965.622
-1183.86
-1118.74
-901.091
-656.459
-414.173
-103.25
246.979
386.601
259.298
97.9702
11.1463
-60.4247
-76.8509
26.9858
156.635
198.287
160.742
114.396
69.2245
-35.1989
-249.325
-569.048
-888.772
-1147.48
-1352.81
-1449.02
-1399.16
-1219.05
-919.864
-537.956
-113.81
369.588
899.918
1258.36
1329.34
1294.73
1142.79
744.456
283.351
-126.716
-559.662
-917.517
-1160.39
-1364.54
-1423.79
-1308.22
-1124.6
-818.96
-383.668
15.8395
345.536
625.953
745.629
770.269
828.933
771.442
571.395
424.146
269.858
16.4261
-163.088
-241.112
-337.323
-406.547
-465.212
-531.503
-490.438
-364.308
-226.446
-11.1463
214.126
322.07
411.24
532.676
573.742
536.783
461.105
272.791
26.9858
-153.115
-363.135
-608.941
-728.617
-811.334
-961.516
-1046.58
-963.862
-610.7
5.27983
739.763
1656.69
2574.21
2940.87
2771.91
2466.85
1987.56
1257.19
504.517
-184.207
-884.078
-1555.2
-2145.37
-2475.07
-2264.46
-1641.44
-942.157
-173.648
635.34
1275.37
1759.36
2049.75
2033.91
1837.97
1393.29
569.635
-206.5
-594.861
-836.56
-1018.42
-975.009
-773.789
-525.05
-278.071
-92.6904
41.652
72.7443
-138.449
-449.959
-540.889
-435.879
-308.577
-105.01
175.408
385.428
523.877
595.448
534.436
375.455
97.9702
-376.628
-877.039
-1220.23
-1457.23
-1582.78
-1512.96
-1301.77
-968.556
-495.131
18.7727
539.716
1048.34
1378.04
1497.13
1520.59
1416.17
1109.35
653.526
147.249
-320.31
-715.124
-1072.98
-1337.56
-1439.05
-1436.11
-1336.97
-1073.57
-679.338
-252.259
177.754
555.556
828.933
1047.75
1175.64
1148.07
1052.45
907.544
645.899
334.389
25.8125
-309.75
-617.74
-859.439
-1035.43
-1075.33
-959.756
-755.016
-499.824
-196.527
90.9304
320.896
506.864
601.314
556.142
416.52
218.233
-23.4659
-262.232
-442.333
-537.369
-556.142
-555.556
-552.622
-535.61
-535.61
-569.635
-625.953
-675.818
-684.618
-655.286
-489.851
30.5057
860.026
1683.68
2363.6
2893.35
3066.41
2760.76
2146.54
1408.54
631.82
-193.007
-1098.2
-1950.02
-2534.91
-2807.7
-2737.3
-2134.23
-1064.77
119.09
1257.77
2254.49
2956.71
3348
3352.11
2823.54
1904.26
853.573
-234.073
-1213.77
-1820.37
-1991.67
-1845.59
-1493.61
-999.061
-377.801
254.605
671.712
831.867
874.692
757.949
459.932
205.913
109.117
49.8651
-9.97301
-42.8253
-99.7301
-206.5
-343.189
-533.263
-776.135
-1043.06
-1334.04
-1578.67
-1707.73
-1714.19
-1533.5
-1149.24
-675.818
-152.528
451.719
1017.83
1401.5
1619.15
1702.45
1539.95
1101.72
515.077
-172.474
-919.277
-1603.9
-2101.96
-2355.39
-2347.18
-2074.97
-1605.07
-995.541
-305.057
362.548
962.689
1445.5
1737.65
1863.78
1837.97
1617.97
1266.57
889.945
445.852
-70.9844
-500.411
-771.442
-967.969
-1068.87
-1017.83
-882.318
-683.445
-395.401
-73.9176
248.739
567.289
813.681
942.157
989.088
970.316
879.972
710.431
452.892
133.169
-211.193
-552.036
-872.345
-1088.23
-1151
-1091.17
-916.931
-648.833
-328.523
-0.586648
274.551
414.173
395.401
292.151
89.7571
-200.047
-268.098
77.4375
579.608
973.249
1311.16
1626.77
1708.32
1467.79
1097.03
774.962
437.639
-61.598
-661.739
-1159.8
-1456.06
-1589.23
-1535.84
-1169.78
-552.622
109.703
701.631
1221.99
1691.89
1986.39
1901.33
1455.47
898.745
364.895
-204.74
-717.47
-965.622
-952.716
-835.973
-638.273
-294.497
117.33
398.334
403.027
206.5
-39.3054
-335.563
-660.566
-865.306
-872.932
-777.308
-664.672
-496.891
-238.179
38.7188
227.033
290.391
283.351
251.085
143.142
-67.4645
-284.524
-439.399
-570.222
-674.645
-681.098
-557.315
-358.442
-149.595
49.8651
262.818
485.744
590.754
510.384
388.948
247.565
-43.4119
-361.375
-555.556
-679.338
-714.537
-655.286
-533.263
-266.925
77.4375
334.389
555.556
783.175
889.358
844.186
728.617
549.689
366.655
242.286
78.6108
-109.117
-171.301
-221.166
-388.361
-484.571
-466.385
-472.252
-449.959
-364.895
-241.112
-51.625
126.716
225.273
324.416
413
389.534
274.551
143.142
-25.2259
-221.753
-370.761
-489.264
-575.502
-542.063
-471.665
-439.986
-336.149
-222.926
-227.033
-295.671
-384.254
-485.158
-567.875
-576.088
-272.791
427.666
1149.83
1670.77
2160.04
2492.67
2328.41
1799.25
1250.73
676.992
-22.8793
-793.148
-1554.62
-2128.95
-2388.24
-2380.03
-1993.43
-1160.98
-146.662
831.867
1708.32
2384.14
2815.91
2916.23
2475.65
1599.2
681.685
-195.354
-1057.14
-1612.7
-1680.75
-1477.18
-1177.99
-750.323
-217.06
250.499
460.519
384.254
164.261
-125.543
-465.798
-701.044
-704.564
-536.196
-281.004
15.2528
290.977
511.557
639.446
569.048
271.031
-134.342
-591.928
-1088.23
-1476.01
-1636.75
-1609.76
-1416.75
-1052.45
-551.449
56.3182
664.085
1126.36
1437.87
1626.19
1611.52
1361.61
968.556
512.144
-15.2528
-590.754
-1075.91
-1336.97
-1390.94
-1315.85
-1137.51
-829.52
-388.948
85.6506
529.156
967.969
1351.05
1596.27
1688.37
1629.12
1426.73
1116.39
711.017
202.394
-320.896
-746.803
-1065.94
-1280.65
-1330.52
-1207.91
-1004.34
-756.189
-437.639
-82.1307
237.006
474.011
639.446
722.164
690.485
580.195
434.119
241.699
-6.45313
-289.804
-570.222
-809.574
-986.742
-1107
-1167.43
-1155.11
-1037.19
-830.107
-623.607
-386.014
-90.3438
100.317
246.392
661.739
1302.94
1816.85
2074.39
2195.82
2169.42
1785.76
1032.5
239.352
-400.094
-1023.7
-1698.93
-2241.58
-2448.67
-2290.27
-1846.77
-1146.9
-206.5
871.172
1852.63
2521.41
2948.49
3208.38
3042.36
2316.67
1278.89
228.793
-752.669
-1666.67
-2326.06
-2503.23
-2242.75
-1785.76
-1212.6
-444.679
368.415
921.624
1135.75
1156.87
1058.9
811.334
452.892
96.2103
-128.476
-228.206
-308.577
-349.055
-288.044
-207.087
-261.058
-447.026
-652.939
-853.573
-1087.65
-1316.44
-1417.93
-1294.15
-950.37
-475.185
96.2103
773.202
1426.14
1850.29
2039.77
2067.93
1854.98
1314.68
526.81
-329.109
-1060.07
-1625.01
-2088.47
-2296.73
-2161.21
-1767.57
-1143.96
-387.188
404.2
1145.14
1653.17
1836.21
1826.23
1719.46
1460.17
1097.62
712.777
293.324
-118.503
-467.558
-746.216
-921.037
-949.783
-968.556
-1046.58
-1017.25
-865.892
-666.432
-407.72
-129.649
152.528
434.706
630.646
724.51
773.789
740.35
521.53
170.715
-193.007
-540.889
-843.6
-1076.5
-1231.37
-1211.43
-1010.21
-767.922
-499.237
-164.848
123.783
295.671
374.868
356.682
252.259
34.6122
-261.058
-268.098
205.913
800.774
1193.83
1497.71
1778.72
1771.09
1390.94
903.438
523.29
161.328
-403.027
-1075.91
-1493.61
-1586.88
-1514.72
-1221.4
-609.527
197.7
996.715
1622.08
2059.72
2409.36
2493.25
1991.67
1075.91
201.807
-532.09
-1237.24
-1749.38
-1813.33
-1468.38
-970.316
-441.159
203.567
881.145
1214.36
1070.05
760.296
430.6
-53.9716
-610.114
-986.742
-1108.18
-1069.46
-948.61
-739.763
-403.614
-43.4119
130.822
119.09
98.5568
85.0639
-63.358
-334.976
-555.556
-618.914
-564.355
-471.665
-298.017
18.1861
323.83
444.679
491.024
598.967
626.54
415.933
70.9844
-244.046
-522.117
-783.175
-962.103
-976.182
-845.946
-654.112
-395.987
3.51989
458.759
806.641
997.301
1059.49
1030.15
903.438
661.152
355.509
112.636
-54.5583
-217.646
-338.496
-334.389
-266.925
-241.699
-218.82
-146.662
-78.0242
-64.5313
-85.0639
-77.4375
-49.8651
-66.8779
-116.156
-151.942
-171.888
-204.153
-243.459
-238.179
-178.341
-104.423
-56.9048
-4.69318
91.5171
174.234
181.274
144.315
100.903
25.8125
-83.304
-174.234
-232.313
-307.99
-446.439
-643.553
-815.441
-950.956
-1064.77
-939.223
-373.695
465.212
1237.83
1840.31
2350.11
2679.22
2615.86
2158.28
1571.04
976.769
185.381
-829.52
-1748.8
-2351.87
-2673.35
-2701.51
-2304.35
-1491.85
-447.026
571.395
1429.66
2213.42
2821.78
2914.47
2464.51
1809.81
1116.98
309.75
-519.183
-1091.17
-1279.48
-1246.63
-1182.1
-995.541
-596.034
-249.325
-223.513
-376.041
-462.865
-519.183
-630.646
-675.818
-518.01
-210.607
70.9844
295.084
581.368
879.385
940.983
723.337
435.293
144.902
-228.793
-662.912
-1027.22
-1214.95
-1216.71
-1111.7
-887.598
-445.852
106.77
533.263
824.24
1081.19
1231.37
1122.26
763.816
312.683
-152.528
-630.646
-1054.21
-1251.32
-1170.36
-966.796
-712.777
-342.016
154.288
628.3
960.929
1144.55
1203.8
1166.26
952.13
557.315
171.301
-103.837
-348.469
-586.648
-700.458
-691.071
-674.058
-667.605
-628.887
-522.117
-382.494
-281.591
-218.233
-83.304
132.582
298.017
397.747
486.918
536.783
475.185
303.297
117.916
-28.1591
-173.061
-351.402
-500.411
-557.902
-569.048
-546.169
-423.56
-215.886
-0.586648
198.874
352.575
433.533
432.946
258.125
-72.1577
-379.561
-668.192
-955.649
-932.77
-430.013
292.151
952.13
1490.09
1963.51
2277.95
2209.9
1808.64
1349.29
812.507
-14.6662
-989.675
-1766.98
-2246.27
-2449.25
-2337.21
-1865.54
-1044.23
-58.0781
802.534
1527.63
2232.2
2678.05
2584.77
2103.13
1498.3
808.987
-5.27983
-810.161
-1330.52
-1481.87
-1467.21
-1375.69
-1055.97
-580.781
-252.845
-132.582
-53.385
17.5994
10.5597
-91.5171
-212.367
-220.58
-139.036
-96.2103
-45.1719
139.036
346.122
413.587
407.134
442.333
464.038
351.989
83.304
-238.179
-486.331
-674.058
-824.827
-864.132
-770.855
-620.673
-453.479
-205.327
143.729
481.638
675.818
699.871
625.953
501.584
300.95
10.5597
-229.379
-351.989
-492.784
-607.767
-502.757
-198.874
149.009
451.132
693.418
862.959
892.291
681.685
308.577
-26.3992
-311.51
-627.127
-874.105
-948.023
-912.237
-808.401
-627.713
-362.548
2.93324
305.057
380.148
373.108
411.24
376.628
223.513
57.4915
-70.3977
-183.034
-312.097
-406.547
-380.734
-298.017
-286.871
-347.296
-351.989
-258.125
-140.209
4.10654
205.327
430.6
617.74
726.27
744.456
665.259
442.333
15.8395
-524.463
-1002.58
-1404.44
-1754.08
-1813.33
-1304.12
-392.467
590.168
1494.78
2298.49
2922.09
3098.67
2751.38
2152.41
1464.27
552.622
-580.195
-1621.49
-2326.65
-2671.59
-2714.42
-2405.84
-1656.69
-625.367
354.335
1176.23
1973.48
2627.01
2780.12
2440.46
1873.17
1204.97
432.359
-380.148
-1004.93
-1292.39
-1348.12
-1338.73
-1182.68
-783.762
-374.868
-178.928
-113.81
-41.0654
-34.6122
-138.449
-225.273
-178.928
-3.51989
172.474
316.203
536.196
779.068
861.199
768.509
617.154
395.987
27.5725
-458.172
-929.837
-1264.81
-1449.02
-1508.86
-1412.06
-1109.94
-669.365
-198.287
305.644
836.56
1280.07
1498.3
1466.03
1245.45
878.212
347.296
-303.297
-894.051
-1322.3
-1623.25
-1757.01
-1563.42
-1059.49
-467.558
113.223
663.499
1096.44
1312.33
1254.84
999.061
672.298
299.19
-138.449
-526.223
-736.243
-818.96
-834.213
-769.682
-593.688
-357.855
-167.195
-66.2912
13.4929
144.315
238.766
246.392
273.965
345.536
371.348
298.604
210.02
146.075
51.0384
-87.9972
-215.886
-266.925
-239.352
-163.675
-39.3054
144.902
340.842
471.078
503.344
452.306
339.082
131.996
-202.394
-577.262
-891.705
-1133.99
-1307.64
-1249.56
-776.135
1.75994
799.601
1420.27
1876.69
2192.89
2220.46
1870.82
1340.49
810.161
167.195
-597.208
-1268.33
-1719.46
-1947.08
-1985.8
-1814.5
-1353.98
-640.033
91.5171
712.777
1335.21
1884.9
2108.41
1987.56
1660.21
1186.2
583.715
-99.1435
-724.51
-1081.78
-1190.31
-1233.13
-1152.18
-854.746
-506.277
-245.805
-26.9858
170.128
302.124
336.736
279.831
235.832
266.338
290.977
270.445
289.804
347.882
339.669
258.125
187.727
152.528
62.7713
-152.528
-428.253
-645.899
-779.655
-878.799
-902.264
-767.922
-498.651
-142.555
284.524
761.469
1183.27
1380.97
1310.57
1054.79
643.553
58.0781
-620.673
-1251.91
-1697.76
-1902.5
-1882.55
-1593.34
-1024.87
-322.656
390.707
1054.21
1542.3
1757.6
1674.88
1321.13
803.121
240.526
-319.136
-814.854
-1126.36
-1265.4
-1299.43
-1201.45
-959.756
-623.607
-273.965
34.0256
296.257
519.183
676.405
736.83
734.483
669.952
506.864
263.992
-2.34659
-235.246
-426.493
-577.848
-650.593
-618.327
-475.185
-265.165
-26.9858
214.713
414.173
520.357
542.649
546.169
525.637
413
191.247
-82.1307
-365.482
-666.432
-967.969
-1209.67
-1376.28
-1432.59
-1237.24
-698.698
78.0242
871.172
1537.02
2083.19
2431.66
2424.62
2101.96
1652
1093.51
330.283
-564.942
-1414.41
-2072.63
-2466.85
-2560.72
-2282.65
-1613.87
-713.95
227.619
1182.68
2089.64
2719.7
2918.57
2696.82
2143.02
1371
448.199
-513.904
-1291.21
-1744.1
-1911.89
-1803.94
-1363.96
-718.644
-96.7969
397.161
735.656
906.958
889.945
703.391
420.04
151.942
-53.9716
-212.367
-256.365
-158.395
3.51989
149.595
249.912
294.497
245.805
80.3708
-181.861
-485.158
-764.989
-972.076
-1035.43
-895.225
-583.128
-195.354
196.527
559.075
837.147
966.209
921.624
684.031
264.578
-268.098
-821.894
-1284.76
-1560.48
-1618.56
-1457.82
-1068.87
-479.878
184.794
808.987
1308.81
1593.34
1669.01
1510.62
1108.76
567.875
-15.8395
-591.928
-1100.55
-1427.9
-1536.43
-1443.15
-1179.75
-832.453
-422.386
11.733
377.801
642.966
836.56
939.223
904.611
782.588
607.767
395.987
196.527
-5.86648
-206.5
-344.949
-407.72
-432.359
-403.614
-290.391
-156.048
-32.2656
101.49
227.619
320.31
394.814
425.906
414.173
400.681
337.909
181.861
-43.4119
-329.696
-680.512
-1057.73
-1420.27
-1720.64
-1837.97
-1649.07
-1107
-220.58
860.612
1869.06
2638.74
3098.09
3113.34
2680.98
1964.1
1055.97
-11.1463
-1101.14
-2066.76
-2808.28
-3182.56
-3118.62
-2640.5
-1751.14
-579.608
617.74
1722.4
2675.7
3269.98
3374.4
3024.76
2259.18
1236.65
147.249
-901.091
-1725.92
-2123.67
-2110.17
-1808.64
-1244.28
-547.342
69.8111
522.117
779.068
816.027
668.192
396.574
68.6378
-177.168
-259.298
-232.313
-109.703
134.929
413.587
607.767
686.965
640.62
444.092
131.409
-271.031
-716.884
-1078.85
-1285.35
-1353.4
-1252.49
-957.996
-556.729
-125.543
310.923
699.284
956.236
1051.27
970.316
724.51
379.561
-18.1861
-415.347
-732.137
-901.091
-921.624
-796.081
-505.104
-122.609
230.553
489.851
600.727
551.449
432.946
275.725
45.1719
-160.742
-283.351
-375.455
-383.081
-256.365
-70.3977
150.182
387.774
523.877
521.53
418.867
201.807
-73.9176
-284.524
-428.253
-525.637
-511.557
-416.52
-286.284
-76.8509
138.449
279.831
387.774
459.932
425.906
322.07
229.966
134.342
49.2784
16.4261
-0.586648
-13.4929
-12.9063
-22.8793
-54.5583
-96.7969
-199.46
-380.734
-574.328
-755.016
-921.624
-1012.55
-1026.63
-1009.62
-916.931
-739.763
-479.878
-48.1051
603.661
1339.9
1981.11
2423.44
2525.52
2235.13
1672.53
926.904
82.1307
-745.629
-1509.45
-2169.42
-2608.82
-2746.69
-2568.34
-1991.67
-1047.17
49.2784
1168.02
2190.54
2920.92
3283.47
3290.51
2888.07
2120.73
1167.43
134.929
-848.88
-1568.11
-1945.32
-2016.31
-1767.57
-1283.59
-736.243
-192.421
279.831
579.021
696.351
671.712
514.49
286.284
106.77
-5.27983
-45.7585
15.2528
120.263
204.74
264.578
291.564
252.845
163.088
21.1193
-207.673
-480.465
-744.456
-983.222
-1134.58
-1152.76
-1067.11
-901.678
-652.939
-348.469
-44.5852
243.459
489.264
635.34
666.432
594.274
421.8
209.433
13.4929
-164.848
-316.203
-396.574
-417.107
-427.666
-417.107
-393.641
-362.548
-288.044
-189.487
-82.7174
92.1037
320.31
510.384
660.566
792.561
841.84
799.014
692.245
506.864
275.725
26.9858
-237.592
-465.212
-596.034
-648.833
-623.02
-471.078
-227.033
55.7315
353.749
601.314
767.922
877.625
911.064
837.147
694.004
508.037
259.885
-13.4929
-256.952
-469.318
-660.566
-819.547
-945.09
-1014.9
-1003.17
-922.797
-760.296
-526.223
-280.418
-75.6776
99.1435
238.179
295.084
306.23
258.125
102.663
-150.769
-453.479
-696.351
-743.87
-519.77
-117.33
381.908
835.387
1030.74
997.888
835.973
550.276
188.314
-128.476
-407.134
-698.698
-923.384
-1082.95
-1084.13
-776.722
-256.365
378.388
1088.82
1731.2
2162.97
2409.95
2428.14
2117.8
1575.15
809.574
-159.568
-1068.29
-1734.72
-2191.13
-2326.65
-2019.24
-1459.58
-781.415
-18.7727
686.965
1218.47
1549.92
1634.4
1448.43
1124.02
697.524
217.06
-126.129
-312.683
-428.253
-457.585
-381.321
-302.124
-225.859
-123.783
-150.769
-334.389
-599.554
-931.01
-1257.77
-1417.93
-1383.9
-1224.33
-877.039
-384.841
131.996
677.578
1192.66
1540.54
1678.99
1618.56
1291.8
748.563
117.916
-587.821
-1255.43
-1720.64
-1975.83
-2040.95
-1852.05
-1450.19
-925.144
-251.085
442.333
1007.86
1433.77
1649.65
1602.72
1432.01
1240.76
958.583
610.7
232.899
-180.688
-540.889
-803.708
-982.635
-1008.45
-877.625
-730.963
-559.662
-291.564
-24.6392
230.553
510.384
748.563
929.837
1068.87
1072.98
921.037
709.257
411.24
-2.34659
-411.827
-753.256
-1030.74
-1187.38
-1209.08
-1133.4
-935.117
-689.311
-482.225
-249.912
5.86648
220.58
415.933
620.087
759.709
843.6
923.97
907.544
752.083
482.811
43.4119
-535.61
-1098.2
-1601.55
-2038.01
-2258.59
-2121.32
-1571.04
-593.688
542.649
1449.61
2102.55
2540.77
2594.16
2288.51
1872.58
1378.04
746.216
68.0512
-645.313
-1236.65
-1472.49
-1448.43
-1201.45
-601.314
122.023
654.699
1124.6
1535.26
1661.97
1562.83
1220.81
568.462
-105.597
-668.192
-1268.92
-1636.16
-1484.22
-1125.78
-679.925
-27.5725
617.74
1095.27
1436.11
1514.72
1267.16
879.385
311.51
-398.921
-897.571
-1169.19
-1377.45
-1388.01
-1115.22
-744.456
-317.377
172.474
549.689
809.574
956.823
852.399
554.969
246.392
-109.703
-525.637
-794.321
-890.532
-889.358
-727.443
-442.919
-134.929
202.394
485.158
564.942
505.104
358.442
73.331
-246.392
-473.425
-630.06
-733.31
-721.577
-606.007
-438.226
-223.513
-20.5327
117.916
179.514
169.541
82.7174
-47.5185
-137.276
-199.46
-229.379
-178.928
-55.1449
123.196
332.629
482.225
519.77
482.811
332.043
50.4517
-223.513
-438.813
-640.033
-767.922
-762.642
-668.779
-490.438
-198.287
124.956
414.173
643.553
738.003
667.019
477.531
193.594
-127.303
-399.507
-559.662
-587.235
-493.958
-319.723
-75.0909
245.219
548.516
755.016
861.786
836.56
644.726
357.855
49.2784
-246.979
-486.331
-632.993
-668.192
-557.315
-340.842
-99.1435
136.102
336.149
449.372
458.172
387.188
271.618
122.609
-17.0128
-122.609
-114.983
168.955
559.075
767.335
909.304
1087.06
1058.31
826
585.475
295.671
-5.27983
-306.23
-722.75
-1030.74
-1096.44
-1169.78
-1115.8
-641.793
-107.357
299.777
814.267
1177.4
1291.21
1410.3
1292.39
841.253
498.064
133.169
-538.543
-1000.23
-1130.47
-1318.78
-1365.13
-1183.86
-1026.05
-765.576
-360.788
-120.849
131.409
552.036
732.137
789.041
1048.34
1202.04
1124.6
1085.89
950.37
601.901
307.403
-33.4389
-533.263
-895.225
-1171.54
-1545.82
-1757.6
-1710.08
-1620.32
-1382.14
-880.558
-343.776
209.433
794.321
1209.08
1490.67
1734.72
1742.34
1456.65
1077.09
577.262
-69.8111
-648.833
-1115.8
-1524.7
-1784.58
-1878.45
-1847.94
-1606.83
-1190.31
-733.897
-218.233
348.469
808.401
1110.52
1324.65
1409.13
1346.36
1170.95
854.159
450.546
75.6776
-305.644
-677.578
-917.517
-1033.67
-1075.33
-998.475
-782.002
-468.145
-97.3836
254.019
543.236
777.895
895.225
868.239
751.496
567.289
327.35
79.7841
-147.835
-343.189
-450.546
-471.078
-442.919
-323.83
-107.357
108.53
275.725
426.493
542.649
571.395
541.476
476.945
367.242
230.553
101.49
-18.7727
-113.223
-165.435
-201.807
-208.26
-176.581
-146.662
-105.597
-46.9318
-22.2926
-43.4119
-48.1051
-39.3054
-33.4389
19.946
67.4645
61.598
52.2117
29.3324
-45.7585
-131.996
-192.421
-248.739
-258.125
-225.859
-197.114
-131.996
-47.5185
60.4247
272.205
511.557
630.06
674.645
679.338
549.689
359.615
184.207
-20.5327
-200.634
-361.962
-543.823
-614.22
-547.342
-466.972
-311.51
-26.9858
217.646
445.266
718.644
860.612
881.732
882.905
763.229
543.823
356.682
102.663
-227.033
-432.359
-554.382
-655.872
-653.526
-615.98
-596.621
-494.544
-343.776
-238.179
-76.8509
86.8239
133.756
195.94
297.43
317.963
283.938
219.993
41.0654
-185.381
-345.536
-497.477
-623.02
-674.058
-699.871
-686.378
-580.195
-435.879
-321.483
-177.754
-21.706
85.0639
191.247
276.898
278.658
244.632
207.087
112.636
2.34659
-68.6378
-177.168
-308.577
-380.148
-427.666
-465.212
-414.173
-306.23
-231.139
-124.956
-0.586648
82.1307
187.141
305.057
358.442
417.107
520.357
556.729
549.689
556.729
485.744
364.895
278.658
164.848
19.3594
-69.2245
-144.315
-240.526
-246.392
-200.047
-177.168
-99.1435
-1.75994
62.1847
154.288
278.658
381.321
500.411
635.926
707.497
737.416
710.431
555.556
306.23
14.6662
-303.297
-607.181
-837.733
-987.328
-1024.87
-918.691
-688.138
-367.242
-7.03977
324.416
556.729
675.818
682.272
593.101
428.253
194.767
-59.2514
-303.297
-488.091
-564.942
-520.943
-384.254
-204.74
-8.79972
170.715
307.403
375.455
363.135
277.484
134.929
-20.5327
-163.088
-256.952
-273.965
-202.394
-52.7983
147.249
361.962
531.503
627.127
611.874
495.131
312.097
87.4105
-145.489
-349.642
-477.531
-515.663
-447.612
-295.084
-125.543
28.1591
141.969
197.7
185.381
119.09
6.45313
-134.342
-258.712
-345.536
-366.068
-319.136
-224.686
-114.396
-13.4929
73.331
141.969
174.821
160.155
95.037
5.27983
-83.304
-170.128
-251.085
-309.163
-334.976
-332.043
-286.284
-193.007
-80.9574
28.7457
125.543
205.913
260.472
283.351
256.952
171.301
54.5583
-65.1179
-175.408
-255.192
-299.777
-320.31
-305.057
-253.432
-177.754
-82.7174
22.8793
120.849
204.153
278.071
302.71
289.804
310.337
296.844
250.499
190.661
122.609
53.385
-8.21307
-49.2784
-82.7174
-50.4517
-24.0526
-37.5455
-66.2912
-144.315
-233.486
-298.604
-306.817
-280.418
-194.18
-35.1989
163.088
427.666
688.138
860.612
932.77
893.465
707.497
427.08
124.956
-195.354
-471.078
-663.499
-796.668
-851.813
-815.441
-735.656
-630.06
-475.771
-376.628
-384.254
-389.534
-346.122
-162.501
317.963
868.239
1223.75
1510.62
1633.81
1432.59
1110.52
745.629
255.778
-199.46
-675.232
-1285.35
-1708.32
-1889.59
-1972.9
-1680.75
-1003.75
-317.963
415.933
1189.72
1676.05
1994.02
2178.81
1894.87
1342.84
781.415
-39.8921
-930.424
-1437.87
-1717.71
-1806.88
-1494.78
-1041.3
-571.982
32.2656
516.837
776.135
1025.46
1087.65
812.507
540.889
322.656
10.5597
-188.901
-249.325
-344.949
-356.095
-229.966
-136.102
-25.2259
133.756
132.582
2.34659
-116.743
-319.723
-544.996
-658.806
-715.124
-689.898
-500.997
-232.313
70.3977
489.851
881.145
1103.48
1231.37
1193.24
886.425
413.587
-121.436
-676.405
-1140.44
-1426.14
-1539.36
-1443.15
-1142.79
-732.723
-250.499
254.019
664.672
921.037
1027.81
976.182
790.801
545.583
260.472
-43.4119
-288.631
-458.759
-559.662
-569.048
-491.611
-367.242
-222.926
-79.7841
38.1321
117.916
149.595
163.088
176.581
165.435
150.769
166.608
205.327
258.125
322.656
366.068
354.922
303.884
213.54
89.1705
-36.3722
-136.102
-185.381
-196.527
-160.155
-65.7046
61.598
200.047
336.149
430.6
436.466
373.108
279.244
160.742
54.5583
-25.8125
-90.9304
-115.57
-88.5838
-23.4659
78.0242
186.554
256.952
286.871
285.698
239.939
153.115
39.8921
-106.77
-247.565
-338.496
-404.787
-435.879
-410.654
-344.362
-246.979
-110.29
42.2386
164.848
239.939
261.058
230.553
170.715
93.277
-17.0128
-140.209
-248.152
-340.842
-386.014
-379.561
-355.509
-320.31
-283.938
-271.031
-258.125
-223.513
-198.287
-181.274
-139.036
-85.0639
-26.9858
49.8651
126.129
171.888
204.153
218.82
194.767
136.689
36.3722
-97.9702
-233.486
-329.109
-386.601
-393.054
-340.256
-256.952
-147.249
6.45313
169.541
293.911
384.254
421.213
391.881
336.736
261.645
163.088
71.571
5.86648
-45.7585
-63.9446
-58.0781
-68.6378
-72.1577
-65.1179
-72.7443
-86.8239
-108.53
-148.422
-164.848
-133.169
-64.5313
49.8651
200.634
341.429
452.892
532.676
547.929
493.371
377.215
193.594
-32.8523
-246.392
-418.28
-529.743
-550.276
-484.571
-350.815
-153.115
79.7841
299.777
478.118
596.034
630.646
606.007
537.956
420.627
289.804
167.195
45.1719
-49.2784
-103.837
-148.422
-187.727
-215.886
-262.232
-316.203
-333.803
-321.483
-293.324
-229.966
-139.036
-39.3054
76.2642
199.46
318.55
413
475.771
501.584
475.771
380.148
225.273
39.3054
-174.821
-393.641
-591.341
-747.389
-837.147
-830.107
-723.924
-552.036
-327.936
-83.304
158.982
363.722
505.69
580.781
563.769
460.519
290.391
81.5441
-147.835
-370.761
-541.476
-651.179
-698.111
-670.539
-570.808
-417.693
-238.179
-56.9048
94.4503
202.98
276.311
320.31
333.803
322.07
295.084
252.259
203.567
156.635
124.956
103.837
84.4773
62.1847
23.4659
-34.6122
-113.223
-193.594
-258.712
-306.817
-315.03
-276.311
-191.834
-70.3977
68.0512
203.567
316.79
393.054
435.293
444.679
421.213
359.029
272.205
181.274
92.6904
26.3992
-16.4261
-41.0654
-45.7585
-26.9858
5.86648
43.4119
87.9972
112.05
136.102
151.942
143.729
117.916
56.3182
-26.9858
-121.436
-188.901
-227.619
-224.099
-166.021
-93.8637
-18.7727
37.5455
61.0114
45.7585
9.97301
-46.3452
-109.703
-157.808
-211.78
-255.778
-285.698
-299.19
-288.044
-231.726
-142.555
-41.652
75.0909
184.794
269.271
342.602
376.041
356.095
293.324
184.794
46.9318
-100.903
-240.526
-362.548
-435.879
-457.585
-425.906
-337.909
-225.859
-109.117
-11.1463
70.3977
134.342
187.141
245.805
307.403
360.202
390.121
392.467
355.509
284.524
185.967
60.4247
-71.571
-196.527
-290.977
-335.563
-333.216
-288.631
-212.953
-124.956
-38.1321
43.9986
122.023
181.861
228.793
264.578
281.004
281.591
269.858
251.085
222.926
188.314
137.862
70.9844
-7.62642
-104.423
-195.354
-285.111
-371.935
-439.986
-477.531
-479.291
-430.013
-315.03
-152.528
44.5852
248.152
427.08
548.516
600.141
568.462
456.412
280.418
57.4915
-168.368
-373.108
-526.81
-613.047
-624.78
-574.915
-475.185
-339.082
-197.7
-66.8779
39.3054
122.609
178.928
212.953
238.766
248.152
251.672
249.912
246.979
234.659
200.047
149.009
75.6776
-9.97301
-90.9304
-161.915
-222.926
-274.551
-313.27
-330.869
-315.03
-252.259
-141.382
5.86648
173.061
343.189
498.651
608.354
661.152
640.62
542.649
371.348
149.595
-87.4105
-311.51
-491.611
-603.661
-625.953
-562.595
-422.386
-219.993
8.21307
231.726
420.627
549.689
597.208
559.075
454.652
307.403
143.142
-14.6662
-147.835
-255.192
-337.909
-387.774
-397.747
-374.281
-321.483
-239.939
-141.969
-46.9318
48.1051
134.342
193.007
227.033
239.939
229.379
187.141
122.023
43.9986
-42.8253
-129.649
-198.874
-246.392
-269.271
-271.031
-245.805
-200.634
-162.501
-128.476
-109.117
-100.903
-100.903
-85.0639
-54.5583
-14.6662
51.0384
124.956
201.807
257.538
283.351
268.685
218.233
143.142
48.1051
-35.7855
-110.29
-163.675
-177.754
-144.902
-79.1975
11.733
118.503
202.98
255.192
274.551
249.325
179.514
93.8637
1.1733
-87.9972
-151.355
-184.207
-184.794
-150.769
-80.9574
-2.34659
87.4105
168.368
216.473
235.246
222.926
176.581
104.423
34.6122
-38.7188
-113.81
-174.821
-230.553
-274.551
-291.564
-275.725
-240.526
-184.207
-119.676
-58.0781
10.5597
75.6776
137.862
185.381
213.54
211.193
177.754
127.303
45.7585
-41.652
-125.543
-200.047
-258.125
-286.284
-276.898
-242.286
-167.781
-67.4645
43.4119
154.288
254.605
320.31
346.122
329.696
266.338
172.474
62.1847
-45.7585
-131.409
-183.621
-204.153
-188.314
-143.729
-82.7174
-28.7457
24.6392
61.598
78.6108
90.3438
88.5838
85.6506
73.9176
70.3977
73.331
78.6108
89.1705
80.9574
56.3182
4.69318
-59.8381
-127.889
-193.007
-234.659
-251.672
-241.699
-216.473
-172.474
-116.743
-48.6918
31.679
115.57
192.421
243.459
266.338
258.125
218.233
158.395
86.8239
8.79972
-72.7443
-141.969
-193.007
-221.753
-217.646
-183.621
-123.783
-47.5185
26.3992
87.4105
132.582
153.702
160.155
155.462
141.969
127.889
112.636
105.597
100.317
103.837
106.77
97.3836
78.0242
44.5852
1.75994
-46.9318
-92.1037
-127.303
-150.769
-158.395
-145.489
-111.463
-65.1179
-12.9063
34.6122
69.2245
85.6506
80.3708
62.7713
35.7855
6.45313
-15.8395
-29.3324
-29.3324
-22.2926
-8.21307
9.38637
19.3594
21.1193
4.69318
-36.3722
-92.6904
-160.742
-221.753
-261.645
-271.618
-241.699
-180.688
-88.5838
14.6662
120.263
204.153
256.952
271.618
238.179
165.435
61.598
-46.9318
-158.395
-241.699
-288.044
-293.324
-250.499
-180.101
-83.304
14.6662
103.837
167.781
195.354
186.554
136.102
59.8381
-24.6392
-99.1435
-144.902
-159.568
-136.689
-90.3438
-22.2926
56.3182
126.716
183.621
208.26
205.327
172.474
122.609
70.9844
13.4929
-38.1321
-80.3708
-99.1435
-101.49
-87.9972
-62.7713
-42.2386
-17.5994
10.5597
43.9986
73.331
97.3836
114.396
123.196
133.756
136.102
133.756
120.263
97.9702
76.8509
52.2117
32.8523
14.6662
0
-10.5597
-18.7727
-20.5327
-17.5994
-14.0795
-13.4929
-8.79972
-1.75994
7.62642
19.3594
22.2926
19.946
12.9063
4.10654
-1.75994
-4.69318
-0.586648
3.51989
12.9063
29.3324
42.2386
51.0384
48.6918
30.5057
7.62642
-12.3196
-32.8523
-49.8651
-65.1179
-75.6776
-90.3438
-97.3836
-103.25
-103.837
-88.5838
-79.7841
-62.1847
-52.7983
-41.652
-37.5455
-48.1051
-57.4915
-78.0242
-90.9304
-102.663
-99.1435
-87.9972
-67.4645
-32.2656
0.586648
35.1989
56.9048
63.9446
46.9318
5.27983
-51.0384
-121.436
-191.834
-245.805
-278.658
-278.071
-244.046
-183.621
-95.037
-6.45313
83.8906
164.261
220.58
246.979
236.419
201.807
139.622
72.7443
14.6662
-25.8125
-41.0654
-35.7855
-10.5597
26.9858
73.331
119.09
150.182
163.675
157.808
137.862
109.703
68.6378
30.5057
3.51989
-9.97301
-1.75994
30.5057
87.4105
154.875
219.406
269.858
295.084
294.497
263.992
212.953
140.209
56.3182
-18.1861
-75.6776
-111.463
-124.956
-124.369
-116.156
-107.357
-99.7301
-93.8637
-92.1037
-91.5171
-81.5441
-60.4247
-27.5725
12.9063
42.8253
61.598
53.385
28.7457
-9.97301
-64.5313
-122.023
-177.754
-218.233
-242.872
-249.325
-235.832
-210.607
-184.207
-163.675
-152.528
-143.142
-140.209
-139.036
-126.716
-104.423
-73.9176
-44.5852
-18.1861
-2.34659
8.21307
19.946
28.7457
35.1989
24.6392
2.34659
-28.1591
-49.8651
-58.6648
-56.9048
-54.5583
-55.7315
-49.8651
-26.9858
13.4929
63.358
117.916
155.462
168.368
159.568
137.276
112.636
91.5171
87.4105
92.6904
106.77
120.849
133.756
155.462
180.101
202.394
213.54
205.327
178.341
142.555
105.01
83.8906
79.7841
86.8239
97.9702
107.357
117.33
124.956
133.169
134.342
119.09
83.304
33.4389
-18.1861
-60.4247
-87.9972
-105.597
-111.463
-102.663
-78.6108
-45.1719
-8.79972
25.8125
53.9716
72.1577
69.2245
43.9986
1.75994
-43.4119
-88.5838
-125.543
-166.608
-205.327
-240.526
-265.751
-273.965
-268.685
-242.286
-208.26
-171.301
-130.236
-86.8239
-45.7585
-9.38637
23.4659
41.652
43.9986
26.9858
2.34659
-35.1989
-76.8509
-114.396
-141.382
-145.489
-141.969
-114.983
-75.0909
-31.0923
17.0128
60.4247
97.3836
109.117
103.25
77.4375
42.8253
13.4929
-14.6662
-43.4119
-68.0512
-79.7841
-79.7841
-65.7046
-45.1719
-18.7727
10.5597
41.652
78.0242
113.223
145.489
156.048
147.249
126.129
86.8239
46.9318
4.10654
-28.7457
-48.1051
-59.2514
-61.0114
-62.1847
-53.385
-40.4787
-21.706
4.69318
34.0256
59.2514
78.6108
97.3836
110.29
123.783
130.236
130.236
127.303
117.33
104.423
93.277
94.4503
95.6236
97.9702
102.077
97.3836
85.0639
58.6648
23.4659
-7.62642
-35.7855
-56.3182
-79.1975
-90.3438
-90.9304
-75.6776
-43.4119
-9.97301
25.8125
51.0384
67.4645
69.8111
63.358
48.1051
15.8395
-22.8793
-63.9446
-96.7969
-123.783
-130.236
-122.023
-102.077
-67.4645
-29.919
7.62642
28.1591
36.9588
29.919
14.6662
-0.586648
-17.5994
-35.1989
-58.6648
-73.9176
-85.0639
-83.304
-71.571
-51.625
-27.5725
-4.69318
17.0128
24.0526
17.5994
-4.69318
-29.3324
-55.7315
-83.304
-109.703
-128.476
-132.582
-117.916
-86.8239
-43.4119
6.45313
53.9716
98.5568
132.582
158.395
170.128
163.675
139.036
100.317
50.4517
-0.586648
-46.9318
-78.0242
-91.5171
-85.0639
-62.1847
-36.3722
-12.3196
11.1463
35.1989
60.4247
83.8906
100.903
106.77
99.1435
85.0639
72.7443
62.1847
63.358
67.4645
65.7046
58.6648
49.2784
32.8523
8.21307
-7.62642
-19.946
-27.5725
-32.2656
-38.7188
-44.5852
-48.6918
-42.2386
-28.7457
-6.45313
15.8395
31.679
38.7188
33.4389
19.3594
1.75994
-7.03977
-14.0795
-28.7457
-47.5185
-67.4645
-85.0639
-95.037
-95.037
-87.9972
-77.4375
-68.6378
-66.8779
-69.2245
-71.571
-72.7443
-70.9844
-62.1847
-48.1051
-32.8523
-18.1861
-5.27983
2.93324
9.97301
8.21307
-2.93324
-22.2926
-48.1051
-69.2245
-85.0639
-91.5171
-93.277
-91.5171
-86.8239
-79.7841
-60.4247
-33.4389
-1.1733
22.8793
35.1989
38.7188
34.6122
28.7457
21.1193
17.0128
13.4929
10.5597
8.79972
7.03977
11.733
19.946
38.7188
64.5313
89.1705
100.903
97.3836
83.304
61.598
46.3452
36.9588
31.679
25.8125
19.3594
22.8793
41.652
68.6378
91.5171
106.183
110.29
104.423
92.1037
78.0242
62.1847
51.0384
48.1051
52.2117
59.8381
66.8779
73.331
85.0639
102.663
120.263
127.303
117.33
95.037
61.0114
24.0526
-9.97301
-41.0654
-69.8111
-89.7571
-96.2103
-87.4105
-66.8779
-32.8523
10.5597
58.6648
102.663
129.063
137.276
124.369
95.037
57.4915
14.6662
-31.0923
-78.6108
-120.849
-154.288
-174.234
-180.688
-180.688
-171.888
-150.769
-121.436
-92.6904
-62.1847
-41.0654
-37.5455
-36.9588
-32.8523
-30.5057
-32.2656
-32.2656
-34.6122
-35.1989
-35.7855
-42.2386
-50.4517
-58.0781
-69.8111
-81.5441
-91.5171
-105.01
-121.436
-134.929
-146.075
-150.182
-143.142
-126.716
-99.7301
-63.358
-24.6392
9.97301
39.3054
62.7713
80.9574
96.7969
103.837
98.5568
80.3708
47.5185
8.79972
-20.5327
-36.9588
-40.4787
-34.6122
-21.706
-9.38637
4.10654
18.1861
32.8523
45.7585
58.0781
64.5313
68.0512
67.4645
64.5313
63.358
68.0512
80.9574
100.317
126.716
153.702
173.648
182.447
173.061
144.902
106.77
66.8779
25.8125
-15.2528
-53.9716
-84.4773
-100.903
-92.1037
-58.0781
-7.62642
47.5185
98.5568
140.795
164.848
166.608
145.489
110.29
62.7713
7.03977
-49.2784
-104.423
-148.422
-169.541
-161.328
-128.476
-80.9574
-31.679
7.62642
31.679
39.8921
31.0923
8.79972
-22.2926
-58.6648
-93.277
-123.196
-149.595
-168.368
-171.301
-154.288
-117.916
-66.2912
-15.8395
22.2926
44.5852
55.1449
53.9716
46.3452
35.1989
21.1193
6.45313
-9.38637
-31.0923
-53.385
-73.331
-79.1975
-66.2912
-34.6122
11.1463
55.1449
89.1705
105.597
105.01
94.4503
78.6108
65.1179
57.4915
49.8651
42.8253
42.2386
41.652
45.7585
60.4247
80.3708
98.5568
110.876
114.983
107.357
86.2372
53.385
16.4261
-19.946
-51.0384
-69.8111
-72.1577
-63.358
-48.6918
-31.0923
-7.62642
15.8395
43.9986
76.2642
100.317
110.29
100.317
70.3977
29.3324
-14.6662
-52.7983
-79.1975
-98.5568
-113.223
-120.849
-123.196
-113.223
-89.1705
-56.3182
-23.4659
-2.34659
7.62642
1.75994
-9.97301
-23.4659
-32.8523
-42.2386
-49.2784
-54.5583
-58.6648
-56.9048
-49.2784
-36.9588
-31.0923
-35.7855
-52.2117
-80.9574
-113.223
-134.929
-139.622
-126.129
-100.903
-72.1577
-43.9986
-25.2259
-15.8395
-9.38637
-7.62642
-10.5597
-12.3196
-16.4261
-25.2259
-29.3324
-32.2656
-36.9588
-42.2386
-51.0384
-61.0114
-73.331
-74.5043
-61.0114
-39.3054
-10.5597
22.2926
57.4915
91.5171
127.303
155.462
164.848
152.528
117.33
78.6108
42.8253
22.8793
20.5327
28.1591
43.4119
58.6648
79.1975
103.837
134.342
164.848
186.554
190.074
175.408
149.595
116.156
93.8637
87.4105
89.7571
90.3438
90.3438
88.5838
87.9972
93.8637
96.2103
94.4503
80.3708
55.1449
28.1591
-1.75994
-26.9858
-46.9318
-57.4915
-58.0781
-45.7585
-23.4659
1.1733
19.3594
26.3992
19.946
-4.69318
-36.9588
-69.8111
-96.7969
-119.09
-130.822
-138.449
-149.595
-151.355
-146.075
-126.716
-103.837
-82.1307
-71.571
-77.4375
-93.277
-110.29
-122.023
-127.889
-125.543
-119.676
-114.396
-107.357
-96.2103
-75.0909
-46.9318
-19.946
-3.51989
-2.93324
-19.946
-39.3054
-52.2117
-52.7983
-38.1321
-16.4261
4.10654
16.4261
28.1591
45.1719
64.5313
83.304
91.5171
83.8906
64.5313
42.2386
27.5725
26.9858
41.0654
63.358
85.0639
100.317
106.77
107.357
107.943
110.876
112.05
106.77
97.3836
75.0909
55.1449
39.3054
21.1193
12.3196
3.51989
-6.45313
-14.6662
-19.946
-21.706
-19.946
-10.5597
-4.10654
1.75994
5.27983
5.86648
8.21307
11.733
12.9063
6.45313
-5.27983
-20.5327
-34.6122
-42.2386
-48.1051
-58.6648
-73.9176
-88.5838
-100.317
-100.317
-89.7571
-73.9176
-59.8381
-48.6918
-41.652
-34.0256
-23.4659
-10.5597
5.86648
24.6392
36.9588
41.0654
41.652
38.7188
38.1321
38.7188
35.1989
21.706
-2.93324
-28.1591
-46.3452
-51.0384
-45.7585
-31.0923
-14.6662
-2.34659
13.4929
31.0923
48.1051
62.7713
68.0512
65.1179
53.9716
39.3054
23.4659
9.97301
2.93324
-2.93324
-7.03977
-14.0795
-24.6392
-31.679
-27.5725
-18.1861
-10.5597
-7.03977
-15.8395
-24.6392
-25.8125
-21.706
-12.9063
-1.1733
4.69318
12.9063
27.5725
40.4787
55.7315
70.3977
76.8509
73.9176
65.1179
46.3452
17.0128
-8.79972
-25.8125
-32.2656
-30.5057
-25.8125
-23.4659
-15.8395
-1.75994
17.0128
36.9588
48.6918
48.6918
40.4787
31.679
17.0128
2.93324
-5.86648
-11.733
-11.733
-9.38637
-9.97301
-16.4261
-22.8793
-27.5725
-30.5057
-30.5057
-31.679
-32.8523
-32.8523
-26.9858
-22.2926
-15.2528
-8.79972
-12.3196
-17.0128
-20.5327
-24.6392
-25.8125
-22.8793
-16.4261
-6.45313
7.62642
19.946
27.5725
31.679
31.0923
27.5725
24.0526
11.733
-10.5597
-32.2656
-48.6918
-56.9048
-55.7315
-46.3452
-35.1989
-19.946
-2.34659
12.3196
21.1193
22.8793
19.946
18.7727
17.5994
9.38637
-4.10654
-20.5327
-31.679
-31.679
-19.946
-5.27983
7.62642
11.733
12.9063
9.97301
5.86648
1.75994
-0.586648
2.34659
4.69318
0.586648
-9.97301
-25.2259
-36.3722
-31.679
-13.4929
9.97301
30.5057
37.5455
32.8523
18.7727
0.586648
-16.4261
-31.0923
-39.3054
-40.4787
-35.1989
-27.5725
-15.8395
-1.1733
20.5327
41.652
57.4915
62.1847
52.7983
39.8921
25.2259
11.733
2.34659
-5.86648
-11.1463
-14.6662
-19.946
-25.8125
-29.3324
-25.8125
-8.21307
14.0795
37.5455
56.3182
68.6378
80.3708
89.7571
96.7969
99.7301
93.277
82.1307
66.8779
50.4517
31.679
11.1463
-10.5597
-25.2259
-34.0256
-37.5455
-35.7855
-35.1989
-32.8523
-27.5725
-17.0128
-1.1733
13.4929
25.2259
33.4389
36.9588
38.7188
36.3722
30.5057
26.3992
15.2528
-0.586648
-21.706
-46.9318
-66.8779
-82.7174
-93.277
-97.3836
-97.9702
-95.6236
-92.6904
-89.7571
-84.4773
-75.0909
-61.0114
-42.8253
-25.8125
-10.5597
0.586648
7.03977
10.5597
7.03977
-1.1733
-15.2528
-32.8523
-49.8651
-69.8111
-86.8239
-95.037
-93.8637
-82.7174
-65.7046
-42.8253
-18.1861
11.1463
36.9588
58.0781
73.331
79.1975
83.304
83.8906
79.1975
69.8111
59.2514
54.5583
55.1449
59.8381
63.9446
61.598
55.1449
45.7585
32.2656
13.4929
-5.86648
-24.6392
-37.5455
-41.652
-38.1321
-23.4659
1.1733
34.6122
71.571
102.077
121.436
127.889
119.676
100.317
69.8111
34.0256
-4.10654
-34.6122
-56.3182
-69.2245
-72.7443
-69.2245
-53.9716
-36.9588
-22.2926
-9.97301
-2.93324
4.10654
12.9063
19.3594
21.1193
14.6662
6.45313
-1.75994
-6.45313
-11.733
-15.8395
-18.7727
-20.5327
-21.1193
-24.0526
-28.1591
-32.2656
-34.6122
-33.4389
-32.2656
-31.679
-36.3722
-40.4787
-44.5852
-46.3452
-40.4787
-31.0923
-21.1193
-17.0128
-13.4929
-7.62642
0.586648
6.45313
9.38637
5.27983
-4.69318
-14.0795
-17.0128
-13.4929
-9.97301
-5.27983
-1.1733
2.93324
8.21307
12.3196
14.6662
17.0128
19.3594
25.2259
28.7457
32.2656
33.4389
31.679
28.7457
23.4659
13.4929
4.10654
-2.34659
1.1733
13.4929
28.1591
43.9986
57.4915
68.6378
79.7841
89.1705
89.7571
81.5441
63.358
35.1989
5.27983
-19.3594
-38.7188
-50.4517
-58.0781
-58.6648
-52.7983
-43.4119
-28.1591
-7.62642
11.1463
28.7457
38.1321
36.3722
24.6392
6.45313
-14.6662
-31.679
-41.652
-51.625
-61.598
-69.2245
-72.7443
-69.2245
-58.6648
-44.5852
-35.1989
-35.1989
-42.8253
-50.4517
-56.3182
-57.4915
-55.1449
-53.385
-53.385
-48.1051
-38.1321
-28.7457
-21.706
-18.7727
-23.4659
-29.3324
-34.0256
-40.4787
-46.3452
-49.8651
-45.1719
-30.5057
-16.4261
-4.69318
4.69318
11.1463
17.0128
28.1591
39.3054
44.5852
44.5852
39.3054
38.1321
46.3452
57.4915
68.0512
68.0512
51.625
33.4389
19.946
11.733
9.97301
12.3196
18.1861
28.7457
42.8253
58.0781
73.9176
89.7571
105.01
115.57
113.81
103.25
92.1037
81.5441
73.331
69.8111
64.5313
56.3182
48.6918
41.0654
34.0256
28.7457
19.946
9.97301
0.586648
-5.86648
-1.75994
7.62642
15.8395
22.8793
28.1591
31.0923
31.0923
31.679
29.3324
28.7457
24.6392
16.4261
3.51989
-15.2528
-36.3722
-51.0384
-57.4915
-65.7046
-72.7443
-81.5441
-92.1037
-94.4503
-90.9304
-79.1975
-66.2912
-54.5583
-48.1051
-45.7585
-44.5852
-43.4119
-42.2386
-46.3452
-52.2117
-60.4247
-68.6378
-73.331
-71.571
-63.9446
-52.2117
-42.8253
-38.1321
-36.3722
-36.3722
-36.3722
-28.7457
-21.706
-19.3594
-19.3594
-19.3594
-24.0526
-28.1591
-29.919
-29.919
-26.3992
-21.706
-19.3594
-17.5994
-17.5994
-14.6662
-5.86648
1.75994
7.62642
8.79972
6.45313
5.86648
8.79972
15.2528
18.7727
18.1861
15.2528
10.5597
7.62642
7.03977
5.27983
1.75994
-2.93324
-5.86648
-9.38637
-8.79972
-8.21307
-7.03977
-2.93324
6.45313
21.1193
36.9588
54.5583
68.0512
76.8509
82.1307
82.1307
82.1307
80.9574
78.0242
71.571
59.2514
42.8253
28.7457
19.3594
13.4929
9.97301
11.1463
14.0795
18.1861
26.3992
34.0256
38.7188
42.8253
46.9318
49.8651
49.8651
45.7585
36.3722
25.8125
13.4929
2.34659
-8.21307
-17.0128
-24.6392
-31.0923
-36.9588
-41.0654
-45.1719
-45.1719
-40.4787
-33.4389
-23.4659
-17.5994
-13.4929
-11.1463
-9.38637
-7.62642
-5.86648
-6.45313
-10.5597
-17.5994
-28.1591
-36.9588
-42.2386
-38.1321
-31.0923
-22.8793
-14.0795
-7.03977
-1.75994
5.86648
17.5994
29.3324
38.7188
43.4119
41.652
35.1989
26.3992
17.0128
9.97301
2.93324
-1.75994
-3.51989
-3.51989
0
4.69318
12.3196
21.1193
29.919
37.5455
41.0654
39.8921
34.0256
24.0526
11.733
0.586648
-8.79972
-14.6662
-18.7727
-22.2926
-25.2259
-27.5725
-27.5725
-26.3992
-22.2926
-19.946
-18.7727
-20.5327
-21.706
-21.706
-22.2926
-22.2926
-21.706
-21.706
-24.0526
-26.3992
-31.0923
-37.5455
-41.652
-48.1051
-52.2117
-53.9716
-51.625
-44.5852
-31.679
-15.2528
0.586648
12.3196
19.3594
21.706
22.8793
18.1861
9.97301
1.1733
-5.86648
-8.21307
-6.45313
-1.1733
4.69318
9.97301
15.2528
18.7727
19.946
22.8793
26.3992
28.7457
29.919
30.5057
28.7457
25.2259
24.0526
25.2259
24.6392
24.6392
21.1193
15.2528
8.79972
4.10654
0.586648
-2.34659
-4.10654
-4.10654
-1.75994
1.1733
4.69318
8.21307
12.3196
14.0795
14.6662
14.0795
10.5597
7.62642
2.93324
-0.586648
-2.34659
-4.10654
-8.21307
-15.8395
-22.2926
-26.9858
-30.5057
-31.679
-31.0923
-28.7457
-26.3992
-22.8793
-19.946
-16.4261
-12.3196
-9.38637
-11.733
-17.0128
-25.2259
-32.8523
-38.7188
-39.8921
-35.1989
-28.7457
-18.7727
-12.3196
-1.75994
9.38637
19.946
27.5725
31.0923
31.0923
26.9858
19.946
12.3196
5.27983
1.75994
4.69318
9.97301
17.5994
25.2259
31.0923
36.9588
40.4787
45.1719
46.3452
46.3452
45.7585
45.1719
44.5852
44.5852
43.4119
43.4119
43.4119
40.4787
38.7188
32.2656
23.4659
15.8395
8.79972
4.69318
0
-2.34659
-6.45313
-9.97301
-10.5597
-12.3196
-14.0795
-16.4261
-19.3594
-20.5327
-23.4659
-25.2259
-27.5725
-31.679
-32.8523
-36.3722
-41.0654
-45.1719
-49.2784
-51.625
-53.385
-55.7315
-56.9048
-57.4915
-56.3182
-54.5583
-51.625
-47.5185
-41.652
-36.9588
-34.6122
-33.4389
-34.0256
-34.6122
-36.3722
-35.7855
-32.8523
-31.679
-29.3324
-26.9858
-22.2926
-17.5994
-12.3196
-7.03977
-1.75994
4.10654
9.38637
12.9063
16.4261
19.3594
23.4659
29.3324
31.0923
32.8523
34.6122
36.3722
38.1321
41.0654
43.9986
45.7585
45.7585
47.5185
47.5185
46.9318
46.3452
45.1719
44.5852
42.8253
41.0654
38.1321
36.9588
35.1989
35.1989
36.3722
36.3722
35.7855
35.7855
34.6122
33.4389
32.8523
32.8523
34.6122
35.7855
35.7855
35.7855
35.1989
35.7855
33.4389
31.0923
26.3992
18.1861
9.97301
1.1733
-9.97301
-20.5327
-32.2656
-42.2386
-49.2784
-55.7315
-58.0781
-59.2514
-58.0781
-54.5583
-48.1051
-42.2386
-36.9588
-32.8523
-28.7457
-27.5725
-28.1591
-29.3324
-35.1989
-41.0654
-46.9318
-53.9716
-61.0114
-66.8779
-71.571
-72.1577
-68.6378
-65.7046
-61.598
-53.385
-43.4119
-30.5057
-18.7727
-8.21307
2.34659
11.1463
18.7727
23.4659
25.8125
25.2259
22.2926
19.946
14.6662
11.1463
8.21307
7.62642
8.79972
12.3196
17.5994
24.6392
32.2656
41.652
49.8651
55.7315
60.4247
62.7713
61.0114
55.7315
50.4517
45.1719
37.5455
30.5057
22.8793
18.1861
16.4261
16.4261
18.7727
21.706
27.5725
32.8523
37.5455
41.0654
41.0654
42.2386
38.7188
32.8523
23.4659
10.5597
0
-12.9063
-24.0526
-32.8523
-39.3054
-39.8921
-38.1321
-35.1989
-30.5057
-21.706
-11.1463
-1.75994
8.21307
14.6662
19.946
24.0526
23.4659
23.4659
20.5327
15.2528
7.62642
-0.586648
-9.38637
-18.7727
-25.2259
-29.3324
-34.0256
-34.6122
-34.0256
-30.5057
-26.9858
-24.0526
-18.1861
-12.3196
-7.62642
-6.45313
-8.79972
-11.733
-15.2528
-19.3594
-26.3992
-34.0256
-41.0654
-46.3452
-47.5185
-45.7585
-45.1719
-42.8253
-39.3054
-33.4389
-28.1591
-21.706
-15.2528
-8.21307
-1.1733
2.34659
4.69318
7.03977
8.21307
9.38637
11.733
15.2528
17.5994
17.5994
17.5994
17.5994
20.5327
23.4659
24.6392
26.9858
30.5057
34.6122
39.3054
42.8253
45.1719
45.1719
46.3452
46.9318
48.1051
45.7585
42.8253
39.3054
34.0256
28.1591
20.5327
13.4929
7.03977
0.586648
-5.27983
-10.5597
-16.4261
-23.4659
-29.919
-32.8523
-33.4389
-33.4389
-31.679
-32.2656
-33.4389
-35.1989
-39.3054
-43.9986
-51.625
-58.0781
-62.7713
-65.7046
-68.0512
-69.8111
-69.8111
-66.2912
-56.9048
-45.1719
-28.7457
-14.6662
-0.586648
11.1463
21.1193
29.3324
35.1989
38.7188
40.4787
41.652
41.652
41.0654
37.5455
34.6122
32.8523
33.4389
35.1989
37.5455
40.4787
42.8253
45.1719
45.7585
46.3452
46.9318
46.9318
48.6918
47.5185
47.5185
45.1719
40.4787
35.1989
29.919
26.3992
24.6392
25.2259
22.8793
18.1861
12.9063
6.45313
-1.1733
-9.97301
-16.4261
-24.6392
-28.7457
-32.2656
-35.1989
-37.5455
-38.1321
-36.9588
-33.4389
-25.8125
-19.3594
-13.4929
-9.38637
-7.03977
-7.62642
-10.5597
-15.2528
-21.1193
-26.3992
-29.919
-30.5057
-29.3324
-29.919
-29.919
-29.919
-27.5725
-25.2259
-21.706
-18.7727
-17.0128
-15.2528
-14.0795
-14.0795
-15.8395
-18.1861
-18.1861
-15.8395
-12.3196
-10.5597
-8.79972
-8.21307
-4.10654
0.586648
4.69318
8.79972
11.733
18.1861
25.8125
31.0923
34.0256
34.0256
33.4389
32.8523
30.5057
24.6392
18.1861
9.97301
3.51989
-0.586648
-5.86648
-10.5597
-13.4929
-11.733
-8.21307
-2.34659
3.51989
8.79972
13.4929
17.0128
19.946
20.5327
17.5994
12.9063
6.45313
0
-7.03977
-15.2528
-22.8793
-28.7457
-32.8523
-35.1989
-35.1989
-34.0256
-31.0923
-24.6392
-17.0128
-9.38637
-2.93324
1.1733
5.86648
11.1463
14.0795
15.8395
14.6662
13.4929
11.733
9.97301
7.03977
2.93324
1.1733
-0.586648
-1.75994
-2.34659
-3.51989
-4.69318
-4.10654
-3.51989
-0.586648
4.10654
8.79972
13.4929
19.946
25.8125
31.0923
33.4389
31.0923
27.5725
23.4659
18.7727
12.3196
5.27983
-2.34659
-10.5597
-14.6662
-19.3594
-22.8793
-24.6392
-24.0526
-22.2926
-18.1861
-11.1463
-4.69318
1.1733
8.79972
13.4929
16.4261
15.8395
10.5597
5.86648
0.586648
-5.86648
-11.1463
-15.8395
-18.1861
-19.3594
-15.2528
-12.3196
-7.62642
-1.1733
3.51989
7.03977
9.97301
14.0795
17.0128
19.3594
19.946
20.5327
22.2926
24.0526
26.3992
26.9858
29.3324
31.0923
32.2656
29.3324
20.5327
12.9063
6.45313
0
-5.27983
-12.3196
-17.5994
-19.946
-20.5327
-19.946
-19.946
-17.5994
-15.8395
-15.2528
-14.0795
-14.6662
-15.8395
-16.4261
-18.1861
-21.706
-25.2259
-29.919
-34.6122
-36.3722
-34.6122
-29.919
-23.4659
-14.0795
-4.69318
4.69318
13.4929
21.1193
25.2259
27.5725
26.9858
22.2926
14.0795
5.86648
-2.34659
-12.3196
-20.5327
-26.3992
-30.5057
-31.679
-30.5057
-28.1591
-22.2926
-14.0795
-5.86648
2.34659
7.03977
8.21307
7.03977
1.75994
-7.03977
-15.8395
-22.8793
-30.5057
-35.1989
-39.8921
-41.0654
-39.8921
-36.9588
-32.2656
-25.8125
-17.0128
-8.21307
0
6.45313
12.3196
18.1861
23.4659
28.1591
32.8523
36.9588
40.4787
43.4119
44.5852
46.3452
48.6918
47.5185
43.4119
36.9588
28.7457
19.946
11.733
4.69318
2.93324
3.51989
4.69318
8.79972
11.1463
13.4929
17.5994
21.1193
21.706
20.5327
15.2528
6.45313
-1.1733
-7.03977
-11.733
-13.4929
-12.9063
-10.5597
-7.03977
-4.10654
-1.75994
1.75994
5.86648
11.733
15.2528
16.4261
18.1861
19.3594
18.7727
18.7727
18.1861
19.946
21.1193
22.2926
22.2926
21.1193
18.7727
15.8395
12.3196
8.79972
4.69318
-0.586648
-5.27983
-10.5597
-13.4929
-15.2528
-15.2528
-14.6662
-14.0795
-15.2528
-17.5994
-20.5327
-23.4659
-26.9858
-29.3324
-31.0923
-32.2656
-32.8523
-31.679
-29.919
-27.5725
-24.6392
-22.2926
-21.706
-21.1193
-19.3594
-17.0128
-14.0795
-9.97301
-7.03977
-2.93324
-0.586648
3.51989
6.45313
8.79972
12.3196
15.2528
16.4261
17.0128
18.1861
17.5994
15.2528
15.2528
13.4929
11.1463
10.5597
9.38637
9.38637
9.38637
10.5597
11.1463
10.5597
11.1463
11.1463
11.1463
9.97301
8.21307
7.62642
5.27983
1.75994
0
-2.34659
-3.51989
-3.51989
-4.10654
-5.27983
-7.62642
-9.97301
-11.733
-14.0795
-15.8395
-15.8395
-15.2528
-14.6662
-14.0795
-15.2528
-15.8395
-17.0128
-18.1861
-17.0128
-17.0128
-15.2528
-12.3196
-10.5597
-7.62642
-5.27983
-2.93324
-2.34659
-1.75994
-1.75994
-1.1733
-1.75994
0
-0.586648
-1.75994
-1.75994
-1.75994
-1.1733
1.75994
5.27983
8.79972
12.9063
16.4261
18.1861
19.946
19.946
21.1193
24.0526
25.2259
26.3992
26.9858
25.2259
23.4659
21.1193
18.1861
15.2528
12.9063
12.3196
8.21307
4.69318
1.1733
-1.75994
-4.69318
-6.45313
-8.21307
-9.97301
-9.97301
-11.1463
-11.1463
-11.1463
-10.5597
-9.97301
-9.38637
-9.97301
-9.38637
-8.21307
-7.62642
-5.86648
-5.27983
-6.45313
-7.62642
-11.1463
-12.3196
-13.4929
-14.6662
-15.2528
-14.6662
-15.2528
-14.6662
-13.4929
-12.3196
-7.62642
-3.51989
1.75994
5.86648
8.79972
9.97301
9.97301
8.79972
6.45313
5.27983
2.93324
1.75994
1.75994
0.586648
2.93324
6.45313
10.5597
14.0795
17.0128
17.5994
17.5994
16.4261
11.733
8.79972
3.51989
-3.51989
-7.03977
-10.5597
-12.3196
