SAMPLES: 6829
BITSPERSAMPLE:	16
CHANNELS:	1
SAMPLERATE:	16000
NORMALIZED:	FALSE
-9.88794
-21.9732
-32.9598
-38.4531
-38.4531
-34.0584
-23.0719
-10.9866
1.09866
14.2826
20.8745
24.1705
23.0719
14.2826
4.39464
-10.9866
-29.6638
-46.1437
-57.1303
-67.0182
-71.4129
-67.0182
-57.1303
-42.8477
-28.5652
-9.88794
7.69062
19.7759
26.3678
30.7625
31.8611
25.2692
14.2826
0
-15.3812
-31.8611
-43.9464
-49.4397
-47.2424
-40.6504
-34.0584
-21.9732
-5.4933
9.88794
23.0719
30.7625
34.0584
28.5652
19.7759
10.9866
0
-6.59196
-12.0853
-10.9866
-3.29598
3.29598
14.2826
29.6638
41.7491
52.7357
59.3276
60.4263
62.6236
62.6236
62.6236
60.4263
57.1303
50.5383
45.045
46.1437
47.2424
47.2424
47.2424
49.4397
45.045
38.4531
31.8611
26.3678
20.8745
8.78928
2.19732
-4.39464
-14.2826
-20.8745
-32.9598
-39.5517
-37.3544
-35.1571
-40.6504
-40.6504
-48.341
-56.0316
-57.1303
-62.6236
-68.1169
-73.6102
-83.4981
-92.2874
-96.682
-92.2874
-86.7941
-78.0048
-67.0182
-57.1303
-48.341
-39.5517
-35.1571
-36.2558
-27.4665
-21.9732
-17.5786
-17.5786
-17.5786
-19.7759
-10.9866
0
8.78928
29.6638
39.5517
49.4397
63.7223
70.3142
79.1035
87.8928
85.6955
84.5968
84.5968
71.4129
63.7223
52.7357
45.045
42.8477
45.045
48.341
47.2424
48.341
47.2424
40.6504
39.5517
35.1571
25.2692
16.4799
3.29598
-17.5786
-30.7625
-43.9464
-51.637
-43.9464
-40.6504
-39.5517
-37.3544
-43.9464
-48.341
-35.1571
-37.3544
-40.6504
-29.6638
-37.3544
-54.933
-54.933
-68.1169
-68.1169
-28.5652
-20.8745
-18.6772
-6.59196
-24.1705
-29.6638
-7.69062
0
-1.09866
12.0853
10.9866
-12.0853
-13.1839
-14.2826
-16.4799
17.5786
50.5383
42.8477
38.4531
46.1437
25.2692
18.6772
57.1303
50.5383
20.8745
23.0719
-1.09866
-1.09866
67.0182
64.8209
-14.2826
6.59196
13.1839
2.19732
71.4129
70.3142
30.7625
60.4263
36.2558
-40.6504
-17.5786
9.88794
23.0719
70.3142
62.6236
42.8477
-26.3678
-71.4129
-61.5249
4.39464
125.247
128.543
24.1705
-96.682
-65.9196
-49.4397
-15.3812
60.4263
2.19732
-27.4665
-38.4531
-113.162
-116.458
-27.4665
16.4799
12.0853
28.5652
-17.5786
-113.162
-121.951
-114.261
-67.0182
34.0584
71.4129
-31.8611
-131.839
-121.951
-95.5834
1.09866
141.727
117.557
65.9196
5.4933
-109.866
-102.175
-5.4933
78.0048
106.57
97.7807
-9.88794
-109.866
-93.3861
-50.5383
42.8477
120.853
109.866
34.0584
-38.4531
-98.8794
-117.557
-26.3678
50.5383
67.0182
39.5517
-34.0584
-98.8794
-85.6955
-24.1705
7.69062
88.9914
96.682
9.88794
1.09866
-29.6638
-39.5517
10.9866
21.9732
3.29598
52.7357
52.7357
-2.19732
17.5786
-16.4799
-1.09866
75.8075
87.8928
70.3142
62.6236
-7.69062
-53.8343
-12.0853
2.19732
28.5652
42.8477
20.8745
-38.4531
-56.0316
-59.3276
-43.9464
70.3142
79.1035
47.2424
-15.3812
-102.175
-114.261
-65.9196
62.6236
99.978
101.077
-12.0853
-109.866
-88.9914
-46.1437
71.4129
88.9914
68.1169
36.2558
-32.9598
-43.9464
-56.0316
-31.8611
16.4799
72.5115
86.7941
5.4933
-14.2826
-52.7357
2.19732
75.8075
76.9062
80.2022
-12.0853
-59.3276
-67.0182
-20.8745
47.2424
53.8343
41.7491
-14.2826
-37.3544
-13.1839
-41.7491
-13.1839
4.39464
-12.0853
32.9598
5.4933
-78.0048
-73.6102
-20.8745
-39.5517
25.2692
48.341
-71.4129
-72.5115
-65.9196
-81.3008
46.1437
72.5115
-30.7625
-39.5517
-20.8745
2.19732
63.7223
96.682
18.6772
-14.2826
-7.69062
-54.933
-28.5652
36.2558
10.9866
-16.4799
-27.4665
-59.3276
-34.0584
21.9732
36.2558
32.9598
43.9464
15.3812
-40.6504
-20.8745
2.19732
25.2692
30.7625
-3.29598
5.4933
23.0719
64.8209
63.7223
47.2424
71.4129
76.9062
76.9062
76.9062
48.341
16.4799
-18.6772
-30.7625
-24.1705
3.29598
16.4799
-25.2692
-57.1303
-81.3008
-78.0048
-54.933
-37.3544
-27.4665
-31.8611
-32.9598
-40.6504
-30.7625
-4.39464
13.1839
17.5786
18.6772
29.6638
52.7357
73.6102
96.682
121.951
158.207
193.364
195.561
188.969
183.476
185.673
204.351
185.673
137.332
76.9062
24.1705
9.88794
1.09866
-13.1839
-49.4397
-116.458
-187.871
-221.929
-230.719
-218.633
-215.337
-257.086
-294.441
-314.217
-325.203
-308.723
-290.046
-285.652
-257.086
-253.79
-241.705
-234.015
-208.745
-172.49
-132.938
-102.175
-102.175
-104.373
-134.036
-124.149
-119.754
-105.471
-59.3276
-73.6102
-160.404
-183.476
-197.759
-242.804
-181.279
-142.826
-292.243
-376.84
-377.939
-483.41
-104.373
402.109
401.011
342.782
165.898
-241.705
-64.8209
647.111
892.112
1130.52
1317.29
684.465
239.508
387.827
414.195
806.416
1640.3
1555.7
893.21
575.698
12.0853
-170.292
684.465
1245.88
1054.71
744.891
-72.5115
-1008.57
-807.515
-153.812
97.7807
259.284
-36.2558
-893.21
-1265.66
-1029.44
-800.923
-370.248
25.2692
-175.786
-548.231
-700.945
-758.075
-588.882
-104.373
259.284
357.064
282.356
24.1705
-195.561
-162.602
153.812
507.581
671.281
543.837
231.817
-130.74
-184.575
97.7807
186.772
231.817
207.647
-78.0048
-271.369
-344.979
-500.989
-357.064
-125.247
-246.1
-387.827
-459.24
-620.743
-502.087
-226.324
-343.88
-321.907
-290.046
-454.845
-358.163
-160.404
-184.575
-191.167
-92.2874
-190.068
-108.767
96.682
30.7625
-69.2156
6.59196
42.8477
64.8209
194.463
108.767
-51.637
23.0719
26.3678
-51.637
8.78928
-82.3995
-266.974
-277.961
-270.27
-341.683
-303.23
-382.334
-569.106
-565.81
-524.061
-565.81
-624.039
-605.361
-765.766
-770.16
-676.774
-696.55
-494.397
-28.5652
239.508
235.113
513.074
408.701
171.391
530.653
1078.88
1510.66
1905.08
1785.32
1127.22
1054.71
1155.79
1052.52
1530.43
2108.33
1912.77
1473.3
989.892
326.302
361.459
1023.95
1206.33
1019.56
639.42
-291.145
-1078.88
-1044.83
-662.492
-295.539
-98.8794
-585.586
-1339.27
-1533.73
-1359.04
-1026.15
-484.509
-150.516
-260.382
-502.087
-699.846
-667.985
-227.423
309.822
614.151
744.891
635.025
364.755
247.198
327.401
521.863
821.797
939.354
626.236
283.454
-95.5834
-404.307
-343.88
-114.261
-10.9866
-201.055
-575.698
-995.386
-1095.36
-885.52
-673.478
-606.46
-631.729
-742.694
-929.466
-971.215
-803.12
-595.474
-403.208
-253.79
-364.755
-519.666
-547.132
-503.186
-308.723
48.341
273.566
132.938
-107.669
-225.225
-184.575
69.2156
318.611
282.356
76.9062
-131.839
-315.315
-329.598
-124.149
-90.0901
-209.844
-291.145
-414.195
-464.733
-446.056
-420.787
-418.589
-361.459
-348.275
-474.621
-511.975
-513.074
-520.765
-499.89
-443.858
-443.858
-482.312
-466.93
-383.432
58.229
535.047
599.868
607.559
918.479
984.399
817.403
1092.07
1743.57
2321.47
2466.49
1964.4
1374.42
1542.52
1798.51
1787.52
2128.1
2440.12
2106.13
1573.28
1056.91
660.294
980.004
1426.06
1170.07
725.115
270.27
-482.312
-1065.7
-1086.57
-783.344
-411.997
-463.634
-1257.97
-1903.98
-1864.43
-1632.61
-1339.27
-947.045
-819.6
-985.498
-1193.14
-1356.84
-1123.93
-458.141
10.9866
101.077
107.669
6.59196
-131.839
-19.7759
170.292
302.131
505.383
531.751
37.3544
-296.638
-180.18
-414.195
-538.343
-351.571
-470.226
-717.425
-764.667
-1112.94
-1343.66
-825.093
-841.573
-1119.53
-826.192
-773.456
-986.596
-675.676
-458.141
-524.061
-103.274
62.6236
-126.346
213.14
526.258
354.867
406.504
531.751
474.621
674.577
829.488
608.657
532.85
594.375
448.253
422.984
517.469
396.616
227.423
124.149
-31.8611
-39.5517
14.2826
-145.023
-274.665
-299.934
-366.952
-414.195
-462.536
-553.724
-538.343
-435.069
-494.397
-532.85
-446.056
-529.554
-640.519
-598.77
-615.249
-636.124
-596.572
-387.827
-14.2826
361.459
283.454
-6.59196
525.159
1184.36
1138.21
863.546
1237.09
1916.06
2112.72
1774.34
1232.7
1507.36
2091.85
1983.08
1725.99
1891.89
1932.54
1607.34
1323.88
1088.77
1145.9
1285.43
787.739
190.068
209.844
175.786
-382.334
-949.242
-1150.3
-934.959
-715.227
-1082.18
-1594.16
-1605.14
-1521.64
-1611.73
-1439.24
-1128.32
-1038.23
-1100.86
-1266.75
-1217.31
-716.326
-226.324
-154.911
-198.857
-95.5834
9.88794
129.642
194.463
226.324
354.867
395.517
160.404
-156.01
-225.225
-160.404
-172.49
-449.352
-707.537
-807.515
-999.78
-969.018
-878.928
-977.807
-945.946
-877.829
-1072.29
-1028.35
-688.86
-637.223
-403.208
-6.59196
-123.05
-93.3861
176.884
70.3142
273.566
876.73
974.511
782.246
740.497
519.666
554.823
978.906
1016.26
811.909
674.577
388.926
121.951
188.969
263.678
216.436
191.167
-56.0316
-357.064
-372.446
-373.544
-470.226
-502.087
-503.186
-486.706
-528.455
-654.801
-671.281
-514.173
-417.491
-414.195
-510.877
-588.882
-410.899
-341.683
-502.087
-582.29
-524.061
-536.146
-452.648
-76.9062
308.723
661.393
461.437
147.22
654.801
1235.99
1168.97
1152.49
1740.28
2152.27
2109.43
1577.68
1145.9
1628.21
2108.33
2009.45
1973.19
1992.97
1623.82
1350.25
1170.07
1077.79
1466.71
1488.68
707.537
128.543
0
-274.665
-620.743
-844.869
-948.143
-771.259
-907.493
-1645.79
-1938.04
-1575.48
-1353.55
-1261.26
-1108.55
-1228.3
-1353.55
-1277.74
-1229.4
-966.82
-416.392
-177.983
-349.374
-413.096
-344.979
-160.404
104.373
185.673
135.135
140.628
59.3276
-309.822
-630.631
-535.047
-427.379
-613.052
-809.712
-862.448
-955.834
-1125.03
-1193.14
-1265.66
-1007.47
-550.428
-654.801
-803.12
-414.195
-241.705
-372.446
-186.772
-48.341
153.812
669.084
636.124
258.185
573.5
777.851
582.29
778.95
974.511
961.327
1021.75
753.681
344.979
513.074
629.532
421.885
457.042
437.267
157.108
-52.7357
-258.185
-306.526
6.59196
99.978
-197.759
-379.038
-392.221
-361.459
-184.575
-114.261
-112.063
37.3544
-107.669
-359.262
-230.719
-29.6638
-8.78928
-126.346
-359.262
-474.621
-413.096
-487.805
-609.756
-584.487
-672.38
-680.07
-264.777
288.947
517.469
42.8477
-237.31
373.544
947.045
954.735
1103.05
1643.59
1972.09
1747.97
1025.05
905.296
1661.17
2040.21
1962.21
2049
1862.23
1306.31
1004.17
833.883
1077.79
1711.71
1474.4
337.289
-355.966
-494.397
-672.38
-749.286
-806.416
-905.296
-1016.26
-1511.76
-2148.98
-2056.69
-1477.7
-1268.95
-1223.91
-1149.2
-1221.71
-1286.53
-1217.31
-1014.06
-602.065
-85.6955
56.0316
-187.871
-294.441
-88.9914
132.938
196.66
239.508
208.745
117.557
-51.637
-394.419
-557.02
-260.382
-53.8343
-261.481
-411.997
-486.706
-629.532
-667.985
-546.034
-469.128
-219.732
42.8477
-254.889
-352.67
12.0853
136.234
78.0048
219.732
335.091
411.997
620.743
388.926
198.857
558.119
619.644
341.683
391.123
527.357
380.136
212.041
-14.2826
-120.853
97.7807
175.786
-69.2156
-218.633
-218.633
-296.638
-301.033
-298.835
-250.494
-142.826
-298.835
-572.402
-530.653
-238.409
-110.965
-198.857
-392.221
-442.76
-310.921
-303.23
-305.427
-248.297
-216.436
-214.239
-295.539
-482.312
-464.733
-268.073
-283.454
-317.513
-398.813
-516.37
-544.935
-414.195
84.5968
767.963
976.708
442.76
143.924
693.254
1411.78
1595.25
1517.25
1987.48
2523.62
2246.76
1450.23
1234.89
1878.71
2452.21
2480.77
2116.02
1694.13
1172.27
687.761
563.612
956.933
1424.96
952.538
-281.257
-1179.96
-1223.91
-896.506
-828.389
-1114.04
-1417.27
-1566.69
-1900.68
-2263.24
-2059.99
-1497.47
-1248.08
-1293.12
-1350.25
-1365.63
-1246.98
-1098.66
-932.762
-492.2
-13.1839
-28.5652
-338.387
-465.832
-338.387
10.9866
304.329
265.876
37.3544
-171.391
-373.544
-575.698
-548.231
-248.297
-130.74
-287.849
-516.37
-740.497
-711.931
-408.701
-131.839
-25.2692
109.866
203.252
159.306
120.853
183.476
411.997
647.111
714.129
580.092
448.253
461.437
485.608
426.28
491.101
707.537
709.734
476.818
253.79
142.826
255.988
452.648
468.029
351.571
260.382
87.8928
-137.332
-113.162
60.4263
139.53
76.9062
-148.319
-304.329
-191.167
-54.933
-68.1169
-117.557
-148.319
-257.086
-401.011
-463.634
-382.334
-297.737
-344.979
-417.491
-543.837
-658.097
-710.833
-713.03
-729.51
-765.766
-805.318
-997.583
-1120.63
-1056.91
-628.433
25.2692
422.984
252.692
-346.078
-262.58
641.617
1381.02
1479.89
1450.23
1741.38
1975.39
1667.77
1072.29
1372.23
2297.3
2453.31
1952.32
1595.25
1326.08
1005.27
970.116
1054.71
1316.19
1428.26
496.594
-774.555
-1054.71
-632.828
-475.72
-682.268
-1147
-1530.43
-1583.17
-1738.08
-1824.87
-1345.86
-859.152
-1059.11
-1431.55
-1418.37
-1184.36
-908.592
-738.299
-631.729
-402.109
-135.135
-180.18
-405.405
-234.015
251.593
535.047
484.509
360.36
190.068
62.6236
82.3995
39.5517
101.077
317.513
177.983
-248.297
-277.961
-151.615
-156.01
37.3544
156.01
80.2022
175.786
177.983
73.6102
290.046
492.2
361.459
291.145
348.275
275.764
304.329
327.401
193.364
106.57
81.3008
47.2424
47.2424
94.4847
123.05
36.2558
-166.996
-260.382
-254.889
-169.194
-23.0719
-26.3678
-183.476
-240.606
-248.297
-225.225
-50.5383
50.5383
-28.5652
-81.3008
-108.767
-206.548
-169.194
-146.122
-246.1
-225.225
-238.409
-329.598
-415.293
-509.778
-621.841
-613.052
-537.245
-644.913
-786.64
-919.578
-932.762
-902
-882.224
-808.613
-704.241
-614.151
-611.953
-532.85
-295.539
338.387
971.215
908.592
630.631
799.824
1255.77
1695.23
1955.61
2129.2
2391.78
2337.95
1679.85
1352.45
1724.9
2011.65
2084.16
1989.67
1583.17
1087.67
656.998
243.902
325.203
831.685
839.376
94.4847
-818.501
-1316.19
-1244.78
-925.071
-771.259
-780.048
-1048.12
-1535.93
-1885.3
-1796.31
-1272.25
-786.64
-751.483
-1037.13
-1243.68
-1240.39
-1064.6
-748.187
-438.365
-154.911
-36.2558
-272.468
-469.128
-286.75
-50.5383
59.3276
174.687
94.4847
-131.839
-266.974
-344.979
-355.966
-125.247
118.655
53.8343
-62.6236
-203.252
-258.185
-91.1887
127.445
354.867
509.778
457.042
302.131
262.58
252.692
323.006
472.424
576.796
531.751
327.401
125.247
115.359
171.391
160.404
281.257
255.988
41.7491
-4.39464
-41.7491
-153.812
-17.5786
139.53
41.7491
78.0048
90.0901
-23.0719
-46.1437
-29.6638
76.9062
210.943
138.431
-134.036
-163.7
-138.431
-199.956
-94.4847
-128.543
-433.971
-729.51
-818.501
-827.291
-737.201
-654.801
-729.51
-965.722
-1162.38
-1133.82
-1060.21
-999.78
-891.013
-737.201
-661.393
-681.169
-738.299
-660.294
-413.096
226.324
1155.79
1523.84
1066.8
462.536
461.437
1171.17
2142.39
2671.94
2702.7
2412.66
1719.4
1196.44
1259.06
1662.27
2289.61
2716.99
2274.23
1356.84
558.119
-12.0853
119.754
897.605
1459.02
1181.06
-42.8477
-1604.04
-2318.17
-1688.64
-604.263
-82.3995
-474.621
-1564.49
-2501.65
-2622.5
-1929.25
-866.842
-190.068
-398.813
-1164.58
-1731.49
-1590.86
-833.883
13.1839
466.93
346.078
-68.1169
-413.096
-430.675
-104.373
447.154
839.376
647.111
71.4129
-388.926
-520.765
-348.275
-5.4933
210.943
192.265
-147.22
-625.137
-818.501
-671.281
-255.988
147.22
215.337
-45.045
-364.755
-346.078
-28.5652
318.611
461.437
347.176
179.082
-24.1705
-34.0584
182.377
433.971
565.81
407.603
28.5652
-174.687
7.69062
294.441
459.24
391.123
183.476
-62.6236
-175.786
-71.4129
184.575
442.76
414.195
110.965
-227.423
-309.822
-126.346
71.4129
90.0901
-36.2558
-273.566
-552.626
-774.555
-789.936
-548.231
-441.661
-595.474
-829.488
-1001.98
-1071.19
-992.09
-814.107
-689.958
-580.092
-604.263
-842.672
-932.762
-693.254
-402.109
-186.772
7.69062
317.513
800.923
1077.79
776.752
554.823
1023.95
1691.94
1994.07
1909.47
1913.87
2162.16
2079.76
1476.6
1334.87
1864.43
2117.12
1997.36
1779.83
1449.13
1089.87
733.905
463.634
731.707
1196.44
874.533
-139.53
-981.103
-1235.99
-961.327
-644.913
-752.582
-1000.88
-1311.8
-1802.9
-2033.62
-1606.24
-918.479
-617.447
-860.25
-1250.27
-1309.6
-1076.69
-786.64
-500.989
-241.705
-99.978
-225.225
-469.128
-426.28
-115.359
125.247
210.943
157.108
-81.3008
-299.934
-390.024
-406.504
-231.817
-27.4665
-92.2874
-354.867
-554.823
-475.72
-176.884
-16.4799
-19.7759
2.19732
-46.1437
-74.7089
81.3008
174.687
321.907
407.603
87.8928
-92.2874
29.6638
113.162
263.678
429.576
190.068
-19.7759
-28.5652
-185.673
32.9598
479.016
465.832
274.665
42.8477
-285.652
-159.306
266.974
440.563
461.437
223.028
-209.844
-429.576
-312.019
2.19732
142.826
-4.39464
-365.854
-629.532
-633.927
-504.285
-338.387
-371.347
-485.608
-662.492
-838.277
-821.797
-686.662
-566.908
-591.079
-710.833
-893.21
-996.484
-911.887
-764.667
-562.514
-379.038
-436.168
-542.738
-181.279
498.791
1183.26
1440.34
959.13
642.716
1070.09
1654.58
1984.18
2294
2546.69
2389.58
1772.14
1246.98
1465.61
2074.27
2443.42
2469.79
2090.75
1337.07
643.815
310.921
611.953
1375.52
1548.01
688.86
-626.236
-1577.68
-1612.83
-918.479
-344.979
-355.966
-885.52
-1811.69
-2487.37
-2243.46
-1376.62
-607.559
-463.634
-1038.23
-1665.57
-1725.99
-1351.35
-786.64
-196.66
52.7357
-180.18
-563.612
-715.227
-465.832
13.1839
374.643
440.563
136.234
-309.822
-496.594
-421.885
-183.476
146.122
269.172
38.4531
-329.598
-571.303
-515.271
-99.978
324.105
391.123
174.687
-201.055
-374.643
-98.8794
288.947
562.514
604.263
235.113
-184.575
-232.916
-116.458
156.01
475.72
387.827
67.0182
-127.445
-317.513
-225.225
196.66
285.652
237.31
99.978
-259.284
-360.36
-83.4981
124.149
260.382
243.902
-269.172
-599.868
-511.975
-317.513
-126.346
-76.9062
-316.414
-627.335
-740.497
-762.47
-482.312
-224.127
-351.571
-641.617
-863.546
-874.533
-644.913
-468.029
-615.249
-655.9
-629.532
-720.721
-762.47
-765.766
-669.084
-391.123
151.615
900.901
1511.76
1162.38
340.584
369.15
1285.43
2333.55
2798.29
2690.62
2387.39
2005.05
1464.51
1300.81
1812.79
2519.23
2887.28
2531.31
1740.28
959.13
370.248
286.75
986.596
1824.87
1713.91
323.006
-1526.04
-2322.57
-1627.11
-482.312
4.39464
-475.72
-1646.89
-2792.79
-3042.19
-2216
-908.592
-237.31
-808.613
-1929.25
-2435.73
-1960.01
-1044.83
-248.297
38.4531
-214.239
-644.913
-892.112
-670.182
-9.88794
651.505
816.304
438.365
-105.471
-392.221
-365.854
-163.7
135.135
353.768
281.257
-161.503
-660.294
-718.523
-295.539
161.503
397.715
316.414
-54.933
-329.598
-348.275
-53.8343
584.487
941.551
727.313
262.58
-218.633
-201.055
396.616
863.546
863.546
602.065
114.261
-223.028
-72.5115
284.553
693.254
810.811
360.36
-156.01
-302.131
-218.633
69.2156
290.046
248.297
129.642
-198.857
-670.182
-851.461
-554.823
-123.05
35.1571
-270.27
-755.878
-1030.54
-1083.28
-839.376
-314.217
-46.1437
-369.15
-929.466
-1349.15
-1206.33
-688.86
-425.181
-444.957
-651.505
-992.09
-1245.88
-1193.14
-847.067
-375.742
-49.4397
391.123
1234.89
1489.78
366.952
-615.249
294.441
2380.8
3448.69
2807.08
2028.13
1952.32
1656.78
1006.37
1307.4
2674.14
3613.49
3149.86
1773.24
708.635
403.208
442.76
849.264
1872.12
2430.24
1112.94
-1541.42
-3181.72
-2287.41
-136.234
751.483
-262.58
-1894.09
-3113.6
-3536.59
-2805.98
-1116.24
223.028
-195.561
-2083.06
-3330.04
-2601.63
-893.21
188.969
272.468
-96.682
-584.487
-1004.17
-899.802
-36.2558
1056.91
1468.91
820.699
-165.898
-513.074
-187.871
204.351
487.805
702.044
554.823
-10.9866
-651.505
-804.219
-186.772
563.612
680.07
310.921
-59.3276
-290.046
-316.414
-32.9598
482.312
1059.11
978.906
79.1035
-497.693
-342.782
260.382
931.663
1077.79
596.572
35.1571
-362.558
-461.437
125.247
844.869
900.901
341.683
-452.648
-808.613
-407.603
68.1169
302.131
388.926
70.3142
-553.724
-981.103
-942.65
-422.984
61.5249
-50.5383
-498.791
-870.138
-1087.67
-1045.92
-650.407
-175.786
16.4799
-406.504
-1115.14
-1330.48
-940.453
-397.715
-127.445
-231.817
-598.77
-970.116
-1164.58
-1005.27
-471.325
-121.951
-180.18
163.7
1001.98
1337.07
650.407
-115.359
506.482
2167.66
3038.89
2577.46
2051.2
2002.86
1867.72
1475.5
1468.91
2285.21
3090.53
2883.98
1960.01
1208.53
752.582
466.93
592.178
1359.04
2091.85
1273.35
-1043.73
-2733.47
-2346.74
-766.864
160.404
-384.531
-1688.64
-2852.12
-3467.37
-3035.6
-1484.29
-78.0048
-271.369
-1871.02
-3133.38
-2693.91
-1219.51
-182.377
-25.2692
-313.118
-744.891
-1167.88
-1095.36
-231.817
898.704
1279.94
643.815
-176.884
-369.15
-40.6504
261.481
419.688
574.599
475.72
-87.8928
-669.084
-671.281
-63.7223
447.154
362.558
37.3544
-53.8343
-50.5383
-226.324
-188.969
406.504
1031.64
1129.42
480.114
-149.418
-114.261
204.351
792.134
1287.63
1173.37
548.231
-65.9196
-219.732
335.091
1019.56
927.269
362.558
-138.431
-410.899
-253.79
108.767
229.62
324.105
131.839
-419.688
-660.294
-683.366
-529.554
-170.292
25.2692
-174.687
-518.567
-920.677
-1215.12
-945.946
-230.719
234.015
-71.4129
-864.645
-1427.16
-1182.16
-570.204
-142.826
-91.1887
-450.45
-916.282
-1219.51
-1079.98
-620.743
-179.082
-160.404
-105.471
667.985
1437.05
928.367
-402.109
-458.141
1349.15
2957.59
2675.24
1752.36
1615.03
1711.71
1235.99
953.637
1830.37
2969.68
3024.61
2046.8
1074.49
675.676
519.666
440.563
1094.26
2247.86
1997.36
-377.939
-2769.72
-2847.73
-965.722
564.711
243.902
-1226.1
-2595.03
-3470.67
-3342.12
-1821.58
-6.59196
239.508
-1495.28
-3331.14
-3206.99
-1438.15
-57.1303
106.57
-249.396
-703.142
-1204.13
-1282.14
-458.141
871.237
1550.21
873.434
-272.468
-574.599
-105.471
287.849
417.491
558.119
560.316
76.9062
-663.59
-826.192
-99.978
724.017
797.627
299.934
-61.5249
-35.1571
72.5115
104.373
543.837
1250.27
1356.84
624.039
-87.8928
-45.045
493.298
1123.93
1361.24
1027.25
451.549
-75.8075
-272.468
274.665
1155.79
1261.26
405.405
-587.783
-850.363
-329.598
277.961
383.432
112.063
-370.248
-904.197
-1094.26
-858.053
-408.701
-148.319
-312.019
-748.187
-1000.88
-955.834
-876.73
-825.093
-548.231
-154.911
-227.423
-758.075
-1212.92
-1151.4
-595.474
-147.22
-202.153
-500.989
-845.968
-1166.78
-1079.98
-593.276
-164.799
-183.476
-540.541
-415.293
704.241
1640.3
862.448
-521.863
-292.243
1463.41
2640.08
2292.9
1740.28
1950.12
1871.02
969.018
829.488
2119.31
3268.51
3061.96
2012.74
1153.59
905.296
647.111
507.581
1552.41
2807.08
2043.51
-648.209
-2637.88
-2132.5
-168.095
838.277
124.149
-1147
-2320.37
-3217.97
-2968.58
-1231.6
474.621
223.028
-1911.67
-3470.67
-2737.86
-971.215
-121.951
-239.508
-473.522
-863.546
-1498.57
-1563.39
-452.648
953.637
1175.57
109.866
-793.232
-676.774
-249.396
-141.727
-2.19732
371.347
315.315
-426.28
-1140.41
-996.484
-84.5968
563.612
391.123
-30.7625
-123.05
-173.588
-360.36
-14.2826
999.78
1577.68
948.143
-165.898
-245.001
563.612
1105.25
1221.71
1131.62
916.282
443.858
-103.274
-48.341
903.098
1587.56
966.82
-134.036
-551.527
-313.118
117.557
508.679
755.878
718.523
-30.7625
-872.336
-844.869
-34.0584
630.631
430.675
-249.396
-766.864
-887.717
-784.443
-542.738
-73.6102
152.714
-366.952
-1120.63
-1281.04
-780.048
-330.697
-292.243
-355.966
-487.805
-863.546
-1235.99
-1099.76
-452.648
4.39464
-277.961
-941.551
-1233.79
-914.085
-230.719
771.259
1663.37
1252.47
-258.185
-972.314
286.75
2132.5
2747.75
2312.68
1895.19
1584.27
754.779
308.723
1366.73
2854.32
3175.13
2233.58
773.456
-130.74
-110.965
301.033
1220.61
2269.83
1766.64
-553.724
-2617.01
-2710.39
-986.596
717.425
617.447
-852.56
-2351.13
-3254.23
-2930.13
-1328.28
234.015
325.203
-1255.77
-2912.55
-2866.4
-1388.71
-134.036
193.364
-51.637
-670.182
-1301.91
-1333.77
-527.357
669.084
1242.58
676.774
-328.499
-814.107
-609.756
-109.866
430.675
772.358
589.98
-60.4263
-660.294
-643.815
60.4263
867.941
1133.82
792.134
291.145
-62.6236
-52.7357
510.877
1290.93
1747.97
1309.6
210.943
-387.827
-97.7807
748.187
1453.53
1288.73
503.186
-181.279
-433.971
-75.8075
704.241
1056.91
665.788
18.6772
-582.29
-694.353
-138.431
273.566
403.208
380.136
-30.7625
-506.482
-785.542
-605.361
-3.29598
315.315
78.0048
-413.096
-862.448
-1090.97
-784.443
-71.4129
236.212
-162.602
-894.309
-1337.07
-1058.01
-426.28
-27.4665
-169.194
-607.559
-853.659
-952.538
-825.093
-296.638
126.346
26.3678
-479.016
-826.192
-758.075
-505.383
-25.2692
822.896
1828.17
1633.71
-158.207
-1263.46
-99.978
2072.07
2989.45
2216
1300.81
994.287
551.527
168.095
923.973
2276.42
2562.07
1586.46
411.997
-108.767
-4.39464
-48.341
230.719
1420.57
1867.72
216.436
-2153.37
-2905.95
-1445.84
522.962
939.354
-257.086
-1683.15
-2712.59
-2978.47
-1774.34
241.705
1072.29
-337.289
-2581.85
-3125.69
-1563.39
107.669
570.204
180.18
-473.522
-1201.93
-1551.31
-872.336
611.953
1507.36
777.851
-631.729
-1161.28
-617.447
149.418
587.783
789.936
730.609
250.494
-406.504
-519.666
302.131
1301.91
1415.07
760.272
306.526
336.19
381.235
461.437
922.874
1334.87
1099.76
262.58
-258.185
-15.3812
452.648
718.523
559.218
288.947
60.4263
-350.472
-524.061
-30.7625
521.863
433.971
-117.557
-607.559
-578.994
-74.7089
188.969
119.754
234.015
-36.2558
-549.33
-509.778
-195.561
157.108
191.167
-272.468
-626.236
-608.657
-557.02
-539.442
-301.033
-136.234
-312.019
-580.092
-877.829
-796.528
-284.553
-52.7357
-102.175
-157.108
-283.454
-415.293
-464.733
-108.767
420.787
582.29
307.625
-136.234
-195.561
30.7625
142.826
193.364
510.877
1099.76
1449.13
923.973
-153.812
-411.997
689.958
1777.63
1797.41
1422.76
1065.7
642.716
76.9062
-148.319
707.537
1701.82
1498.57
554.823
-158.207
-491.101
-539.442
-381.235
255.988
1140.41
864.645
-939.354
-2275.32
-1842.45
-541.639
361.459
96.682
-848.165
-1671.06
-2283.01
-2181.94
-869.04
515.271
353.768
-1188.75
-2375.3
-1995.17
-675.676
198.857
202.153
-136.234
-633.927
-1223.91
-1282.14
-386.728
775.654
962.426
57.1303
-711.931
-566.908
-29.6638
318.611
670.182
1074.49
990.991
325.203
-251.593
7.69062
938.255
1544.72
1354.65
838.277
533.949
342.782
220.831
605.361
1306.31
1453.53
728.411
-147.22
-371.347
49.4397
482.312
640.519
761.371
521.863
-190.068
-811.909
-532.85
415.293
797.627
350.472
-270.27
-577.895
-541.639
-340.584
-220.831
41.7491
192.265
-330.697
-911.887
-732.806
-355.966
-255.988
-235.113
-380.136
-320.809
-341.683
-788.838
-939.354
-576.796
-210.943
-113.162
-253.79
-538.343
-624.039
-558.119
-542.738
-152.714
418.589
358.163
-180.18
-527.357
-249.396
437.267
842.672
653.702
293.342
208.745
226.324
312.019
586.684
666.886
252.692
-224.127
-59.3276
927.269
1793.01
1222.81
-427.379
-1055.81
18.6772
1128.32
1257.97
870.138
605.361
328.499
-421.885
-1034.94
-438.365
718.523
922.874
427.379
-74.7089
-535.047
-917.381
-1115.14
-344.979
1353.55
1761.15
-5.4933
-1869.92
-2107.23
-772.358
833.883
1192.05
329.598
-780.048
-1834.76
-2038.01
-588.882
1185.45
1388.71
-176.884
-1936.94
-2110.53
-789.936
338.387
522.962
216.436
-381.235
-1142.61
-1424.96
-661.393
687.761
1312.9
650.407
-243.902
-419.688
-27.4665
462.536
840.475
1107.45
1048.12
497.693
-117.557
-101.077
620.743
1290.93
1154.69
529.554
169.194
57.1303
23.0719
218.633
588.882
726.214
319.71
-494.397
-895.408
-428.477
123.05
207.647
123.05
-28.5652
-404.307
-827.291
-822.896
-176.884
529.554
490.002
-262.58
-787.739
-721.819
-474.621
-158.207
162.602
243.902
-109.866
-594.375
-678.972
-279.06
182.377
208.745
31.8611
30.7625
-69.2156
-283.454
-280.158
-57.1303
279.06
313.118
-43.9464
-235.113
-150.516
-101.077
13.1839
441.661
673.478
369.15
-119.754
-357.064
110.965
766.864
794.331
553.724
333.993
97.7807
-30.7625
-14.2826
350.472
725.115
474.621
-219.732
-710.833
-703.142
-662.492
-583.388
16.4799
919.578
881.125
-908.592
-2356.62
-1419.47
498.791
1223.91
578.994
-104.373
-198.857
-626.236
-1318.39
-831.685
665.788
1334.87
585.586
-350.472
-581.191
-365.854
-419.688
-203.252
1204.13
2164.36
1019.56
-1032.74
-1866.62
-630.631
1248.08
1696.33
792.134
-221.929
-1205.23
-1896.29
-1079.98
906.394
1911.67
748.187
-1461.22
-2307.19
-999.78
615.249
1096.46
750.385
139.53
-607.559
-1151.4
-711.931
704.241
1688.64
1164.58
-31.8611
-483.41
-132.938
328.499
709.734
1118.44
1289.83
799.824
-176.884
-633.927
10.9866
941.551
1096.46
669.084
307.625
-126.346
-624.039
-659.196
3.29598
798.726
798.726
-219.732
-1154.69
-1084.38
-610.855
-246.1
84.5968
234.015
-209.844
-1038.23
-1442.54
-855.856
315.315
617.447
-212.041
-836.08
-667.985
-384.531
-260.382
-40.6504
283.454
341.683
-48.341
-398.813
-146.122
343.88
323.006
137.332
291.145
522.962
429.576
83.4981
-108.767
224.127
649.308
428.477
69.2156
60.4263
19.7759
-12.0853
138.431
274.665
379.038
170.292
-305.427
-310.921
110.965
206.548
-84.5968
-418.589
-589.98
-470.226
-348.275
-479.016
-527.357
-443.858
-596.572
-845.968
-885.52
-731.707
-655.9
-904.197
-1151.4
-910.789
-40.6504
708.635
86.7941
-1272.25
-1487.59
-446.056
465.832
598.77
444.957
529.554
354.867
-499.89
-802.022
319.71
1473.3
1543.62
1043.73
524.061
296.638
109.866
53.8343
1153.59
2675.24
2513.73
800.923
-685.564
-730.609
680.07
1945.73
1879.81
1217.31
348.275
-853.659
-1108.55
237.31
1623.82
1635.9
204.351
-1314
-1341.46
-424.083
87.8928
287.849
380.136
-121.951
-996.484
-1355.75
-759.174
346.078
776.752
151.615
-463.634
-537.245
-457.042
-314.217
4.39464
336.19
303.23
-239.508
-853.659
-888.816
-429.576
-192.265
-260.382
-227.423
-247.198
-528.455
-795.43
-744.891
-292.243
184.575
58.229
-503.186
-728.411
-632.828
-539.442
-194.463
229.62
205.449
-40.6504
-383.432
-537.245
-102.175
346.078
429.576
420.787
331.795
98.8794
43.9464
228.521
494.397
822.896
839.376
457.042
243.902
286.75
437.267
682.268
781.147
688.86
417.491
123.05
53.8343
210.943
341.683
234.015
40.6504
-67.0182
-128.543
-240.606
-384.531
-442.76
-329.598
-238.409
-385.63
-613.052
-759.174
-827.291
-833.883
-704.241
-528.455
-566.908
-811.909
-1069
-1030.54
-604.263
-218.633
-261.481
-498.791
-647.111
-621.841
-426.28
-219.732
-102.175
-98.8794
-266.974
-557.02
-580.092
-302.131
-57.1303
-49.4397
63.7223
370.248
260.382
-98.8794
-76.9062
347.176
909.69
1087.67
702.044
700.945
1047.02
931.663
869.04
1168.97
1370.03
1600.75
1599.65
1160.18
1198.64
1281.04
904.197
1153.59
1634.81
1409.58
971.215
252.692
-294.441
257.086
710.833
358.163
164.799
-146.122
-822.896
-910.789
-626.236
-384.531
-75.8075
-518.567
-1400.79
-1376.62
-1016.26
-988.794
-732.806
-583.388
-784.443
-814.107
-926.17
-975.61
-359.262
148.319
32.9598
-113.162
-302.131
-474.621
-188.969
212.041
409.8
539.442
257.086
-323.006
-333.993
114.261
464.733
632.828
476.818
43.9464
-235.113
-310.921
-265.876
121.951
464.733
255.988
-145.023
-408.701
-491.101
-276.862
-24.1705
45.045
92.2874
-17.5786
-349.374
-419.688
-212.041
-21.9732
136.234
174.687
65.9196
-12.0853
-50.5383
-10.9866
219.732
430.675
443.858
255.988
-24.1705
-147.22
-42.8477
65.9196
93.3861
18.6772
-177.983
-387.827
-469.128
-418.589
-317.513
-316.414
-488.904
-684.465
-814.107
-872.336
-789.936
-619.644
-564.711
-640.519
-814.107
-943.749
-791.035
-459.24
-288.947
-309.822
-350.472
-325.203
-162.602
92.2874
315.315
460.338
436.168
341.683
449.352
703.142
822.896
828.389
809.712
718.523
671.281
641.617
598.77
637.223
643.815
581.191
448.253
228.521
108.767
124.149
426.28
899.802
860.25
349.374
-95.5834
-125.247
407.603
938.255
881.125
695.452
504.285
-21.9732
-297.737
19.7759
411.997
753.681
792.134
255.988
-14.2826
13.1839
-121.951
282.356
883.322
795.43
386.728
-290.046
-873.434
-440.563
180.18
114.261
-70.3142
-503.186
-1173.37
-1149.2
-654.801
-208.745
212.041
-38.4531
-789.936
-786.64
-283.454
32.9598
396.616
475.72
150.516
13.1839
-65.9196
-86.7941
376.84
739.398
507.581
248.297
93.3861
-50.5383
76.9062
196.66
169.194
219.732
21.9732
-451.549
-603.164
-454.845
-349.374
-357.064
-574.599
-836.08
-918.479
-925.071
-898.704
-693.254
-471.325
-558.119
-838.277
-976.708
-818.501
-483.41
-285.652
-270.27
-288.947
-408.701
-550.428
-505.383
-210.943
132.938
196.66
-40.6504
-290.046
-371.347
-279.06
-41.7491
164.799
208.745
49.4397
-254.889
-404.307
-224.127
61.5249
243.902
229.62
16.4799
-141.727
-104.373
41.7491
251.593
429.576
428.477
305.427
197.759
209.844
358.163
558.119
716.326
778.95
775.654
736.102
651.505
630.631
804.219
1005.27
1063.5
928.367
651.505
509.778
524.061
511.975
527.357
561.415
439.464
173.588
-96.682
-243.902
-147.22
54.933
65.9196
-148.319
-443.858
-694.353
-787.739
-681.169
-506.482
-430.675
-569.106
-840.475
-1014.06
-914.085
-681.169
-482.312
-323.006
-315.315
-224.127
-101.077
-204.351
-169.194
134.036
406.504
599.868
553.724
331.795
447.154
600.967
513.074
639.42
767.963
631.729
627.335
613.052
561.415
776.752
695.452
403.208
573.5
670.182
492.2
436.168
181.279
-7.69062
203.252
140.628
-63.7223
0
-169.194
-410.899
-273.566
-193.364
-147.22
-25.2692
-332.894
-551.527
-243.902
-151.615
-251.593
-194.463
-319.71
-386.728
-187.871
-259.284
-349.374
-169.194
-293.342
-518.567
-428.477
-414.195
-472.424
-455.944
-595.474
-658.097
-563.612
-730.609
-974.511
-916.282
-832.784
-814.107
-778.95
-870.138
-897.605
-762.47
-709.734
-631.729
-350.472
-197.759
-292.243
-291.145
-129.642
57.1303
191.167
183.476
173.588
361.459
544.935
504.285
483.41
619.644
727.313
780.048
808.613
816.304
877.829
855.856
706.438
722.918
843.771
778.95
655.9
559.218
468.029
415.293
327.401
235.113
302.131
394.419
250.494
49.4397
25.2692
59.3276
48.341
-5.4933
-47.2424
-16.4799
-39.5517
-185.673
-255.988
-172.49
-145.023
-238.409
-341.683
-362.558
-306.526
-332.894
-440.563
-488.904
-424.083
-401.011
-518.567
-587.783
-529.554
-453.746
-429.576
-432.872
-377.939
-303.23
-282.356
-314.217
-301.033
-137.332
-24.1705
-20.8745
28.5652
91.1887
149.418
171.391
187.871
328.499
514.173
505.383
394.419
465.832
635.025
727.313
748.187
727.313
747.089
823.995
797.627
731.707
788.838
785.542
666.886
594.375
524.061
428.477
377.939
277.961
223.028
299.934
234.015
45.045
-36.2558
-78.0048
-105.471
-109.866
-272.468
-481.213
-543.837
-630.631
-706.438
-689.958
-728.411
-780.048
-781.147
-780.048
-704.241
-580.092
-578.994
-584.487
-487.805
-424.083
-369.15
-286.75
-260.382
-238.409
-243.902
-301.033
-254.889
-148.319
-109.866
-107.669
-129.642
-173.588
-163.7
-98.8794
-17.5786
95.5834
152.714
95.5834
0
-79.1035
-65.9196
50.5383
110.965
63.7223
49.4397
58.229
56.0316
57.1303
101.077
188.969
249.396
258.185
261.481
282.356
240.606
194.463
205.449
272.468
355.966
335.091
219.732
85.6955
9.88794
20.8745
99.978
166.996
119.754
-73.6102
-293.342
-347.176
-220.831
-72.5115
-43.9464
-136.234
-271.369
-324.105
-249.396
-107.669
27.4665
41.7491
-79.1035
-176.884
-124.149
-13.1839
62.6236
74.7089
74.7089
73.6102
46.1437
12.0853
30.7625
120.853
158.207
141.727
101.077
45.045
40.6504
74.7089
101.077
117.557
140.628
101.077
10.9866
-56.0316
-51.637
52.7357
163.7
163.7
107.669
76.9062
79.1035
179.082
333.993
396.616
380.136
323.006
248.297
235.113
277.961
309.822
328.499
297.737
180.18
69.2156
24.1705
6.59196
21.9732
32.9598
-16.4799
-91.1887
-174.687
-259.284
-306.526
-295.539
-245.001
-168.095
-118.655
-194.463
-296.638
-326.302
-265.876
-127.445
-28.5652
-75.8075
-203.252
-269.172
-242.804
-135.135
-3.29598
43.9464
35.1571
20.8745
9.88794
50.5383
126.346
180.18
220.831
230.719
186.772
143.924
123.05
126.346
170.292
207.647
187.871
126.346
37.3544
-23.0719
-12.0853
40.6504
68.1169
23.0719
-82.3995
-201.055
-248.297
-215.337
-166.996
-159.306
-250.494
-380.136
-429.576
-395.517
-308.723
-239.508
-283.454
-348.275
-335.091
-260.382
-177.983
-160.404
-187.871
-193.364
-143.924
-102.175
-73.6102
-39.5517
-14.2826
19.7759
56.0316
74.7089
99.978
137.332
162.602
208.745
263.678
274.665
254.889
221.929
183.476
199.956
261.481
296.638
294.441
228.521
123.05
57.1303
75.8075
145.023
188.969
141.727
30.7625
-27.4665
-2.19732
59.3276
131.839
172.49
146.122
87.8928
56.0316
82.3995
163.7
225.225
192.265
96.682
16.4799
-10.9866
9.88794
46.1437
39.5517
-15.3812
-99.978
-170.292
-203.252
-183.476
-160.404
-145.023
-150.516
-208.745
-280.158
-307.625
-254.889
-191.167
-177.983
-218.633
-269.172
-276.862
-242.804
-210.943
-181.279
-164.799
-162.602
-169.194
-169.194
-128.543
-51.637
14.2826
27.4665
8.78928
27.4665
85.6955
170.292
242.804
245.001
191.167
151.615
163.7
225.225
305.427
321.907
259.284
195.561
185.673
247.198
353.768
411.997
388.926
330.697
268.073
250.494
295.539
349.374
326.302
248.297
141.727
38.4531
21.9732
45.045
42.8477
12.0853
-94.4847
-251.593
-350.472
-382.334
-369.15
-328.499
-335.091
-399.912
-462.536
-525.159
-555.922
-503.186
-426.28
-373.544
-346.078
-373.544
-422.984
-416.392
-344.979
-215.337
-79.1035
-17.5786
-50.5383
-92.2874
-72.5115
13.1839
150.516
263.678
286.75
253.79
191.167
153.812
220.831
335.091
382.334
354.867
279.06
207.647
198.857
236.212
302.131
369.15
370.248
285.652
203.252
174.687
195.561
240.606
250.494
231.817
193.364
119.754
34.0584
19.7759
74.7089
120.853
114.261
48.341
-18.6772
-40.6504
-43.9464
-39.5517
-12.0853
18.6772
9.88794
-58.229
-139.53
-177.983
-168.095
-139.53
-125.247
-147.22
-218.633
-332.894
-420.787
-426.28
-354.867
-305.427
-340.584
-416.392
-471.325
-481.213
-439.464
-369.15
-296.638
-260.382
-292.243
-340.584
-347.176
-279.06
-179.082
-102.175
-59.3276
-30.7625
-26.3678
-30.7625
15.3812
118.655
239.508
317.513
325.203
298.835
291.145
329.598
401.011
465.832
507.581
499.89
440.563
373.544
360.36
401.011
440.563
431.773
362.558
254.889
166.996
120.853
118.655
140.628
141.727
87.8928
-18.6772
-108.767
-130.74
-76.9062
-27.4665
-35.1571
-78.0048
-137.332
-177.983
-174.687
-131.839
-75.8075
-32.9598
-53.8343
-106.57
-115.359
-79.1035
-35.1571
-6.59196
10.9866
12.0853
-28.5652
-113.162
-175.786
-188.969
-166.996
-160.404
-209.844
-279.06
-320.809
-343.88
-316.414
-235.113
-160.404
-125.247
-137.332
-168.095
-147.22
-57.1303
45.045
121.951
168.095
159.306
118.655
117.557
175.786
264.777
333.993
328.499
264.777
218.633
210.943
232.916
283.454
282.356
225.225
148.319
81.3008
54.933
54.933
41.7491
-10.9866
-69.2156
-104.373
-126.346
-146.122
-148.319
-137.332
-134.036
-124.149
-123.05
-127.445
-104.373
-85.6955
-78.0048
-57.1303
-39.5517
-37.3544
-36.2558
-28.5652
-23.0719
-16.4799
-8.78928
5.4933
20.8745
27.4665
3.29598
-31.8611
-25.2692
0
3.29598
-12.0853
-51.637
-80.2022
-79.1035
-80.2022
-78.0048
-65.9196
-71.4129
-87.8928
-83.4981
-59.3276
-30.7625
-4.39464
7.69062
9.88794
35.1571
59.3276
65.9196
74.7089
105.471
142.826
160.404
157.108
143.924
137.332
140.628
127.445
91.1887
51.637
1.09866
-50.5383
-84.5968
-114.261
-136.234
-148.319
-165.898
-174.687
-165.898
-152.714
-147.22
-146.122
-134.036
-110.965
-90.0901
-88.9914
-95.5834
-97.7807
-80.2022
-51.637
-24.1705
-2.19732
3.29598
5.4933
31.8611
60.4263
87.8928
117.557
128.543
125.247
126.346
128.543
135.135
140.628
132.938
121.951
103.274
81.3008
52.7357
34.0584
37.3544
49.4397
46.1437
23.0719
-5.4933
-10.9866
7.69062
25.2692
39.5517
38.4531
21.9732
14.2826
24.1705
51.637
68.1169
60.4263
48.341
43.9464
50.5383
54.933
49.4397
46.1437
56.0316
61.5249
49.4397
39.5517
38.4531
47.2424
50.5383
32.9598
13.1839
-7.69062
-31.8611
-51.637
-59.3276
-58.229
-67.0182
-94.4847
-121.951
-121.951
-108.767
-105.471
-120.853
-141.727
-149.418
-151.615
-159.306
-156.01
-135.135
-115.359
-107.669
-109.866
-90.0901
-67.0182
-40.6504
-7.69062
29.6638
70.3142
83.4981
85.6955
105.471
164.799
223.028
240.606
241.705
246.1
265.876
280.158
299.934
330.697
346.078
328.499
281.257
249.396
234.015
218.633
181.279
120.853
62.6236
5.4933
-62.6236
-121.951
-153.812
-173.588
-207.647
-263.678
-299.934
-301.033
-294.441
-293.342
-298.835
-293.342
-287.849
-298.835
-316.414
-317.513
-299.934
-293.342
-307.625
-321.907
-319.71
-299.934
-277.961
-249.396
-228.521
-213.14
-208.745
-196.66
-154.911
-109.866
-76.9062
-57.1303
-37.3544
-14.2826
5.4933
18.6772
45.045
76.9062
91.1887
84.5968
70.3142
81.3008
110.965
145.023
158.207
166.996
169.194
160.404
172.49
191.167
218.633
225.225
203.252
183.476
177.983
183.476
191.167
185.673
166.996
140.628
116.458
112.063
115.359
104.373
76.9062
48.341
43.9464
60.4263
60.4263
46.1437
36.2558
39.5517
54.933
59.3276
42.8477
21.9732
-3.29598
-18.6772
-24.1705
-21.9732
-19.7759
-36.2558
-49.4397
-48.341
-27.4665
8.78928
36.2558
48.341
53.8343
63.7223
91.1887
129.642
147.22
140.628
125.247
112.063
114.261
121.951
120.853
116.458
117.557
119.754
127.445
141.727
163.7
186.772
194.463
192.265
190.068
185.673
175.786
158.207
141.727
129.642
118.655
99.978
74.7089
46.1437
16.4799
-8.78928
-31.8611
-54.933
-70.3142
-94.4847
-114.261
-129.642
-145.023
-159.306
-184.575
-214.239
-243.902
-263.678
-288.947
-309.822
-332.894
-348.275
-341.683
-330.697
-320.809
-316.414
-314.217
-308.723
-293.342
-265.876
-237.31
-221.929
-220.831
-216.436
-203.252
-184.575
-172.49
-176.884
-183.476
-185.673
-173.588
-146.122
-118.655
-85.6955
-50.5383
-18.6772
25.2692
59.3276
82.3995
94.4847
94.4847
105.471
125.247
138.431
149.418
139.53
116.458
107.669
106.57
118.655
135.135
134.036
123.05
101.077
84.5968
86.7941
99.978
113.162
116.458
102.175
81.3008
65.9196
57.1303
70.3142
78.0048
68.1169
46.1437
8.78928
-10.9866
-7.69062
1.09866
14.2826
5.4933
-20.8745
-38.4531
-49.4397
-38.4531
-16.4799
-8.78928
-18.6772
-40.6504
-65.9196
-70.3142
-56.0316
-36.2558
-18.6772
-21.9732
-34.0584
-32.9598
-18.6772
21.9732
61.5249
80.2022
91.1887
105.471
123.05
145.023
160.404
165.898
173.588
175.786
187.871
203.252
207.647
212.041
221.929
247.198
282.356
299.934
287.849
266.974
257.086
258.185
263.678
251.593
236.212
209.844
182.377
169.194
162.602
152.714
124.149
72.5115
23.0719
-9.88794
-29.6638
-32.9598
-38.4531
-53.8343
-82.3995
-121.951
-154.911
-163.7
-163.7
-171.391
-198.857
-237.31
-272.468
-291.145
-294.441
-287.849
-280.158
-283.454
-306.526
-329.598
-325.203
-307.625
-288.947
-276.862
-271.369
-260.382
-250.494
-241.705
-216.436
-181.279
-162.602
-154.911
-159.306
-139.53
-96.682
-58.229
-28.5652
-5.4933
4.39464
6.59196
5.4933
1.09866
3.29598
3.29598
-10.9866
-29.6638
-28.5652
-15.3812
3.29598
24.1705
43.9464
62.6236
65.9196
68.1169
76.9062
91.1887
96.682
85.6955
69.2156
56.0316
43.9464
38.4531
30.7625
20.8745
12.0853
-13.1839
-26.3678
-25.2692
-29.6638
-26.3678
-30.7625
-41.7491
-45.045
-53.8343
-59.3276
-47.2424
-36.2558
-26.3678
-19.7759
-16.4799
-17.5786
-19.7759
-8.78928
0
18.6772
35.1571
38.4531
53.8343
71.4129
92.2874
121.951
139.53
143.924
138.431
127.445
119.754
119.754
131.839
142.826
146.122
151.615
154.911
171.391
186.772
192.265
207.647
221.929
226.324
229.62
226.324
221.929
228.521
228.521
221.929
208.745
186.772
151.615
116.458
91.1887
65.9196
45.045
21.9732
2.19732
-8.78928
-15.3812
-21.9732
-14.2826
-3.29598
-7.69062
-20.8745
-53.8343
-91.1887
-116.458
-134.036
-146.122
-158.207
-173.588
-187.871
-188.969
-174.687
-151.615
-135.135
-129.642
-132.938
-130.74
-121.951
-120.853
-119.754
-119.754
-121.951
-121.951
-116.458
-116.458
-119.754
-115.359
-101.077
-78.0048
-60.4263
-53.8343
-53.8343
-53.8343
-41.7491
-23.0719
-9.88794
-10.9866
-25.2692
-28.5652
-29.6638
-32.9598
-35.1571
-42.8477
-50.5383
-63.7223
-68.1169
-63.7223
-56.0316
-39.5517
-23.0719
-4.39464
8.78928
16.4799
17.5786
17.5786
21.9732
28.5652
31.8611
18.6772
-2.19732
-19.7759
-28.5652
-34.0584
-36.2558
-47.2424
-60.4263
-70.3142
-73.6102
-61.5249
-45.045
-27.4665
-9.88794
-1.09866
5.4933
14.2826
25.2692
34.0584
29.6638
18.6772
3.29598
-12.0853
-29.6638
-34.0584
-24.1705
-17.5786
-1.09866
12.0853
26.3678
49.4397
76.9062
102.175
123.05
136.234
136.234
137.332
137.332
148.319
154.911
151.615
142.826
126.346
114.261
105.471
96.682
98.8794
96.682
79.1035
64.8209
52.7357
48.341
67.0182
71.4129
61.5249
45.045
29.6638
34.0584
41.7491
43.9464
40.6504
25.2692
3.29598
-23.0719
-35.1571
-36.2558
-39.5517
-52.7357
-75.8075
-99.978
-119.754
-121.951
-123.05
-124.149
-115.359
-106.57
-97.7807
-83.4981
-58.229
-27.4665
6.59196
21.9732
27.4665
31.8611
23.0719
26.3678
19.7759
3.29598
-12.0853
-25.2692
-31.8611
-27.4665
-15.3812
3.29598
19.7759
20.8745
25.2692
32.9598
52.7357
79.1035
88.9914
88.9914
76.9062
63.7223
63.7223
68.1169
60.4263
48.341
29.6638
5.4933
-12.0853
-16.4799
-12.0853
-17.5786
-28.5652
-41.7491
-62.6236
-72.5115
-68.1169
-64.8209
-61.5249
-63.7223
-70.3142
-69.2156
-72.5115
-62.6236
-48.341
-47.2424
-59.3276
-72.5115
-87.8928
-104.373
-114.261
-118.655
-112.063
-108.767
-110.965
-107.669
-103.274
-82.3995
-54.933
-29.6638
-9.88794
13.1839
29.6638
45.045
53.8343
65.9196
90.0901
95.5834
87.8928
80.2022
79.1035
79.1035
82.3995
86.7941
91.1887
87.8928
85.6955
85.6955
88.9914
96.682
104.373
104.373
96.682
90.0901
88.9914
87.8928
81.3008
79.1035
79.1035
63.7223
40.6504
18.6772
-7.69062
-26.3678
-40.6504
-54.933
-70.3142
-93.3861
-115.359
-128.543
-130.74
-120.853
-107.669
-108.767
-116.458
-120.853
-115.359
-103.274
-85.6955
-73.6102
-71.4129
-73.6102
-73.6102
-63.7223
-53.8343
-45.045
-39.5517
-35.1571
-28.5652
-28.5652
-25.2692
-16.4799
-1.09866
14.2826
29.6638
46.1437
57.1303
68.1169
79.1035
95.5834
119.754
147.22
160.404
156.01
145.023
138.431
141.727
149.418
152.714
138.431
110.965
83.4981
72.5115
70.3142
65.9196
62.6236
47.2424
28.5652
18.6772
14.2826
17.5786
20.8745
19.7759
8.78928
-8.78928
-26.3678
-42.8477
-57.1303
-72.5115
-82.3995
-92.2874
-110.965
-137.332
-159.306
-159.306
-145.023
-130.74
-121.951
-119.754
-117.557
-110.965
-97.7807
-73.6102
-49.4397
-37.3544
-40.6504
-40.6504
-28.5652
-9.88794
1.09866
-3.29598
-4.39464
-1.09866
-1.09866
8.78928
28.5652
43.9464
53.8343
58.229
69.2156
91.1887
104.373
107.669
116.458
125.247
139.53
140.628
128.543
115.359
101.077
88.9914
78.0048
72.5115
64.8209
47.2424
30.7625
19.7759
17.5786
16.4799
5.4933
-10.9866
-25.2692
-40.6504
-59.3276
-80.2022
-98.8794
-118.655
-140.628
-154.911
-166.996
-181.279
-192.265
-202.153
-208.745
-207.647
-207.647
-214.239
-219.732
-218.633
-215.337
-207.647
-202.153
-201.055
-201.055
-195.561
-186.772
-169.194
-139.53
-109.866
-85.6955
-59.3276
-28.5652
4.39464
30.7625
51.637
75.8075
104.373
120.853
128.543
138.431
158.207
183.476
204.351
223.028
246.1
261.481
275.764
291.145
303.23
319.71
319.71
309.822
297.737
284.553
271.369
248.297
227.423
208.745
182.377
156.01
131.839
110.965
97.7807
78.0048
54.933
39.5517
21.9732
4.39464
-17.5786
-40.6504
-58.229
-79.1035
-99.978
-117.557
-135.135
-147.22
-156.01
-170.292
-182.377
-182.377
-186.772
-195.561
-203.252
-208.745
-204.351
-198.857
-194.463
-176.884
-159.306
-142.826
-123.05
-105.471
-76.9062
-45.045
-20.8745
-2.19732
14.2826
27.4665
42.8477
57.1303
74.7089
90.0901
99.978
104.373
102.175
106.57
112.063
123.05
136.234
138.431
141.727
141.727
145.023
159.306
169.194
171.391
170.292
150.516
131.839
124.149
120.853
110.965
95.5834
73.6102
42.8477
14.2826
-12.0853
-20.8745
-24.1705
-35.1571
-53.8343
-73.6102
-90.0901
-103.274
-108.767
-116.458
-126.346
-138.431
-159.306
-172.49
-177.983
-176.884
-171.391
-177.983
-192.265
-203.252
-201.055
-193.364
-180.18
-166.996
-154.911
-147.22
-152.714
-141.727
-121.951
-106.57
-91.1887
-82.3995
-76.9062
-69.2156
-53.8343
-32.9598
-13.1839
-3.29598
6.59196
5.4933
4.39464
20.8745
35.1571
41.7491
43.9464
38.4531
38.4531
42.8477
52.7357
70.3142
81.3008
88.9914
93.3861
96.682
99.978
107.669
118.655
118.655
107.669
95.5834
87.8928
82.3995
83.4981
74.7089
57.1303
34.0584
14.2826
14.2826
19.7759
32.9598
40.6504
35.1571
26.3678
29.6638
45.045
61.5249
76.9062
80.2022
74.7089
61.5249
50.5383
50.5383
51.637
48.341
38.4531
28.5652
20.8745
17.5786
17.5786
19.7759
24.1705
30.7625
32.9598
27.4665
28.5652
36.2558
48.341
59.3276
64.8209
72.5115
78.0048
81.3008
87.8928
95.5834
105.471
104.373
92.2874
80.2022
74.7089
70.3142
67.0182
56.0316
48.341
37.3544
26.3678
28.5652
30.7625
35.1571
32.9598
18.6772
15.3812
21.9732
23.0719
27.4665
18.6772
7.69062
-6.59196
-26.3678
-42.8477
-58.229
-71.4129
-92.2874
-114.261
-128.543
-134.036
-130.74
-127.445
-119.754
-118.655
-124.149
-134.036
-145.023
-146.122
-150.516
-151.615
-158.207
-165.898
-168.095
-172.49
-173.588
-169.194
-159.306
-153.812
-148.319
-146.122
-138.431
-126.346
-113.162
-93.3861
-70.3142
-46.1437
-31.8611
-21.9732
-19.7759
-18.6772
-16.4799
-18.6772
-17.5786
-13.1839
-6.59196
0
3.29598
6.59196
13.1839
20.8745
24.1705
31.8611
38.4531
48.341
60.4263
65.9196
74.7089
83.4981
86.7941
79.1035
72.5115
68.1169
61.5249
59.3276
60.4263
64.8209
63.7223
63.7223
54.933
45.045
43.9464
34.0584
27.4665
14.2826
-4.39464
-16.4799
-24.1705
-27.4665
-17.5786
-5.4933
1.09866
2.19732
0
-2.19732
-3.29598
-4.39464
-5.4933
0
12.0853
20.8745
32.9598
47.2424
60.4263
70.3142
78.0048
80.2022
88.9914
97.7807
93.3861
90.0901
85.6955
81.3008
82.3995
76.9062
73.6102
79.1035
81.3008
76.9062
70.3142
65.9196
64.8209
59.3276
57.1303
56.0316
49.4397
43.9464
34.0584
27.4665
27.4665
30.7625
29.6638
21.9732
17.5786
7.69062
-5.4933
-14.2826
-28.5652
-36.2558
-43.9464
-58.229
-70.3142
-79.1035
-86.7941
-87.8928
-88.9914
-88.9914
-88.9914
-90.0901
-91.1887
-96.682
-94.4847
-88.9914
-94.4847
-93.3861
-84.5968
-70.3142
-57.1303
-40.6504
-28.5652
-19.7759
-9.88794
-5.4933
6.59196
23.0719
39.5517
45.045
47.2424
48.341
42.8477
43.9464
45.045
41.7491
43.9464
48.341
51.637
52.7357
57.1303
62.6236
70.3142
79.1035
78.0048
78.0048
69.2156
57.1303
52.7357
50.5383
49.4397
42.8477
35.1571
21.9732
6.59196
-10.9866
-23.0719
-36.2558
-45.045
-49.4397
-64.8209
-71.4129
-72.5115
-82.3995
-78.0048
-75.8075
-79.1035
-82.3995
-92.2874
-109.866
-120.853
-128.543
-132.938
-131.839
-131.839
-129.642
-123.05
-116.458
-103.274
-94.4847
-84.5968
-70.3142
-64.8209
-49.4397
-28.5652
-12.0853
5.4933
13.1839
16.4799
21.9732
28.5652
36.2558
48.341
56.0316
56.0316
65.9196
76.9062
93.3861
113.162
128.543
136.234
137.332
138.431
143.924
142.826
141.727
140.628
129.642
128.543
117.557
102.175
97.7807
87.8928
78.0048
74.7089
65.9196
52.7357
42.8477
27.4665
23.0719
18.6772
10.9866
5.4933
-1.09866
-12.0853
-20.8745
-36.2558
-52.7357
-64.8209
-85.6955
-98.8794
-103.274
-109.866
-109.866
-118.655
-125.247
-126.346
-126.346
-125.247
-126.346
-129.642
-134.036
-131.839
-123.05
-112.063
-99.978
-84.5968
-74.7089
-67.0182
-51.637
-40.6504
-25.2692
-8.78928
7.69062
24.1705
40.6504
54.933
73.6102
87.8928
98.8794
108.767
114.261
113.162
115.359
115.359
119.754
127.445
128.543
128.543
128.543
129.642
135.135
141.727
142.826
142.826
136.234
125.247
117.557
108.767
105.471
96.682
80.2022
57.1303
38.4531
23.0719
13.1839
0
-12.0853
-23.0719
-41.7491
-57.1303
-71.4129
-82.3995
-88.9914
-94.4847
-101.077
-107.669
-115.359
-117.557
-113.162
-115.359
-115.359
-124.149
-129.642
-134.036
-135.135
-129.642
-121.951
-114.261
-112.063
-112.063
-112.063
-112.063
-107.669
-108.767
-113.162
-115.359
-114.261
-112.063
-105.471
-102.175
-96.682
-87.8928
-85.6955
-84.5968
-82.3995
-76.9062
-70.3142
-64.8209
-57.1303
-45.045
-31.8611
-23.0719
-15.3812
-4.39464
1.09866
7.69062
13.1839
14.2826
13.1839
13.1839
15.3812
16.4799
21.9732
19.7759
24.1705
20.8745
20.8745
18.6772
12.0853
13.1839
12.0853
12.0853
10.9866
18.6772
23.0719
30.7625
38.4531
49.4397
67.0182
76.9062
93.3861
109.866
121.951
135.135
146.122
154.911
160.404
163.7
166.996
168.095
162.602
159.306
153.812
152.714
156.01
158.207
160.404
161.503
160.404
160.404
161.503
156.01
148.319
138.431
127.445
117.557
107.669
101.077
97.7807
91.1887
87.8928
86.7941
87.8928
87.8928
82.3995
75.8075
68.1169
60.4263
51.637
35.1571
17.5786
1.09866
-14.2826
-28.5652
-43.9464
-56.0316
-68.1169
-80.2022
-82.3995
-87.8928
-97.7807
-105.471
-115.359
-126.346
-132.938
-146.122
-158.207
-170.292
-180.18
-184.575
-185.673
-175.786
-168.095
-163.7
-154.911
-142.826
-132.938
-119.754
-117.557
-117.557
-114.261
-121.951
-120.853
-120.853
-125.247
-124.149
-123.05
-116.458
-108.767
-98.8794
-85.6955
-73.6102
-58.229
-47.2424
-37.3544
-28.5652
-28.5652
-29.6638
-32.9598
-34.0584
-28.5652
-27.4665
-24.1705
-18.6772
-10.9866
7.69062
21.9732
34.0584
52.7357
64.8209
72.5115
74.7089
73.6102
71.4129
67.0182
58.229
48.341
36.2558
26.3678
20.8745
10.9866
6.59196
-1.09866
-4.39464
1.09866
6.59196
12.0853
23.0719
32.9598
40.6504
49.4397
49.4397
51.637
54.933
54.933
53.8343
52.7357
49.4397
48.341
43.9464
41.7491
45.045
49.4397
54.933
58.229
64.8209
70.3142
71.4129
73.6102
75.8075
72.5115
70.3142
68.1169
63.7223
60.4263
54.933
51.637
47.2424
43.9464
46.1437
48.341
51.637
50.5383
48.341
46.1437
42.8477
37.3544
34.0584
26.3678
20.8745
20.8745
18.6772
15.3812
5.4933
-2.19732
-8.78928
-13.1839
-14.2826
-18.6772
-24.1705
-32.9598
-39.5517
-42.8477
-47.2424
-49.4397
-47.2424
-49.4397
-51.637
-58.229
-63.7223
-68.1169
-73.6102
-76.9062
-75.8075
-72.5115
-71.4129
-64.8209
-60.4263
-54.933
-49.4397
-40.6504
-37.3544
-34.0584
-27.4665
-24.1705
-17.5786
-16.4799
-17.5786
-16.4799
-20.8745
-18.6772
-15.3812
-9.88794
-4.39464
-4.39464
-2.19732
-1.09866
2.19732
9.88794
15.3812
18.6772
26.3678
28.5652
30.7625
28.5652
24.1705
26.3678
26.3678
26.3678
24.1705
17.5786
9.88794
2.19732
-10.9866
-18.6772
-20.8745
-18.6772
-17.5786
-18.6772
-17.5786
-12.0853
-4.39464
2.19732
7.69062
7.69062
10.9866
9.88794
8.78928
10.9866
10.9866
12.0853
14.2826
14.2826
16.4799
21.9732
27.4665
26.3678
29.6638
30.7625
31.8611
37.3544
37.3544
37.3544
38.4531
38.4531
34.0584
27.4665
24.1705
20.8745
17.5786
16.4799
10.9866
9.88794
9.88794
4.39464
-1.09866
-8.78928
-13.1839
-17.5786
-25.2692
-29.6638
-34.0584
-36.2558
-34.0584
-37.3544
-40.6504
-43.9464
-47.2424
-47.2424
-53.8343
-57.1303
-62.6236
-72.5115
-79.1035
-91.1887
-96.682
-101.077
-108.767
-106.57
-104.373
-99.978
-92.2874
-85.6955
-73.6102
-65.9196
-59.3276
-49.4397
-45.045
-38.4531
-31.8611
-30.7625
-25.2692
-23.0719
-23.0719
-17.5786
-13.1839
-4.39464
4.39464
14.2826
28.5652
42.8477
62.6236
80.2022
95.5834
108.767
121.951
129.642
135.135
136.234
137.332
141.727
137.332
134.036
128.543
124.149
125.247
125.247
124.149
124.149
124.149
119.754
118.655
120.853
123.05
123.05
120.853
116.458
110.965
101.077
92.2874
80.2022
63.7223
50.5383
31.8611
12.0853
-4.39464
-16.4799
-24.1705
-35.1571
-46.1437
-54.933
-59.3276
-62.6236
-71.4129
-79.1035
-79.1035
-85.6955
-87.8928
-93.3861
-93.3861
-101.077
-109.866
-115.359
-125.247
-135.135
-143.924
-151.615
-154.911
-153.812
-143.924
-134.036
-127.445
-110.965
-94.4847
-72.5115
-53.8343
-41.7491
-32.9598
-23.0719
-10.9866
1.09866
13.1839
25.2692
31.8611
35.1571
37.3544
37.3544
39.5517
39.5517
41.7491
45.045
46.1437
51.637
53.8343
61.5249
69.2156
70.3142
69.2156
63.7223
50.5383
42.8477
28.5652
18.6772
12.0853
5.4933
-1.09866
-12.0853
-24.1705
-32.9598
-40.6504
-47.2424
-51.637
-58.229
-62.6236
-64.8209
-59.3276
-49.4397
-38.4531
-35.1571
-38.4531
-38.4531
-42.8477
-40.6504
-40.6504
-39.5517
-31.8611
-27.4665
-24.1705
-15.3812
-6.59196
0
2.19732
1.09866
5.4933
7.69062
9.88794
16.4799
24.1705
29.6638
38.4531
50.5383
64.8209
72.5115
75.8075
71.4129
63.7223
58.229
50.5383
46.1437
37.3544
36.2558
34.0584
31.8611
30.7625
27.4665
29.6638
29.6638
26.3678
21.9732
17.5786
17.5786
17.5786
8.78928
-1.09866
-9.88794
-13.1839
-15.3812
-17.5786
-20.8745
-23.0719
-25.2692
-23.0719
-21.9732
-21.9732
-25.2692
-27.4665
-28.5652
-26.3678
-24.1705
-21.9732
-20.8745
-21.9732
-18.6772
-18.6772
-20.8745
-15.3812
-12.0853
0
5.4933
8.78928
10.9866
14.2826
19.7759
26.3678
34.0584
34.0584
36.2558
32.9598
27.4665
24.1705
21.9732
19.7759
19.7759
20.8745
25.2692
31.8611
28.5652
24.1705
21.9732
14.2826
13.1839
10.9866
12.0853
13.1839
9.88794
5.4933
0
-6.59196
-14.2826
-21.9732
-37.3544
-42.8477
-48.341
-51.637
-54.933
-52.7357
-46.1437
-41.7491
-32.9598
-21.9732
-10.9866
-5.4933
1.09866
8.78928
8.78928
3.29598
-10.9866
-23.0719
-34.0584
-47.2424
-57.1303
-59.3276
-59.3276
-52.7357
-39.5517
-28.5652
-17.5786
-6.59196
2.19732
15.3812
27.4665
32.9598
36.2558
31.8611
21.9732
16.4799
13.1839
12.0853
9.88794
9.88794
9.88794
12.0853
9.88794
8.78928
8.78928
15.3812
21.9732
29.6638
36.2558
34.0584
30.7625
24.1705
16.4799
13.1839
8.78928
8.78928
12.0853
13.1839
10.9866
10.9866
7.69062
8.78928
10.9866
10.9866
12.0853
10.9866
7.69062
5.4933
5.4933
7.69062
10.9866
13.1839
13.1839
13.1839
6.59196
-2.19732
-10.9866
-27.4665
-31.8611
-37.3544
-40.6504
-40.6504
-37.3544
-29.6638
-16.4799
-4.39464
6.59196
17.5786
17.5786
13.1839
5.4933
-7.69062
-18.6772
-31.8611
-38.4531
-37.3544
-35.1571
-35.1571
-25.2692
-17.5786
-9.88794
5.4933
16.4799
30.7625
38.4531
37.3544
36.2558
28.5652
16.4799
8.78928
5.4933
0
0
-1.09866
-1.09866
0
0
2.19732
2.19732
3.29598
1.09866
3.29598
5.4933
5.4933
8.78928
15.3812
23.0719
30.7625
31.8611
28.5652
28.5652
21.9732
15.3812
12.0853
12.0853
13.1839
15.3812
18.6772
24.1705
28.5652
26.3678
29.6638
30.7625
28.5652
27.4665
20.8745
15.3812
13.1839
3.29598
-4.39464
-7.69062
-18.6772
-26.3678
-36.2558
-49.4397
-56.0316
-64.8209
-70.3142
-69.2156
-68.1169
-60.4263
-49.4397
-42.8477
-28.5652
-15.3812
-9.88794
-5.4933
-6.59196
-6.59196
-9.88794
-12.0853
-15.3812
-14.2826
-14.2826
-14.2826
-13.1839
-10.9866
-6.59196
-6.59196
-8.78928
-8.78928
-7.69062
-5.4933
-2.19732
-2.19732
4.39464
9.88794
9.88794
12.0853
9.88794
6.59196
2.19732
-6.59196
-13.1839
-17.5786
-24.1705
-26.3678
-29.6638
-29.6638
-24.1705
-24.1705
-19.7759
-14.2826
-6.59196
1.09866
6.59196
8.78928
14.2826
17.5786
18.6772
21.9732
26.3678
27.4665
26.3678
24.1705
21.9732
26.3678
29.6638
34.0584
39.5517
45.045
51.637
56.0316
61.5249
68.1169
72.5115
69.2156
59.3276
43.9464
25.2692
10.9866
0
-7.69062
-12.0853
-14.2826
-23.0719
-21.9732
-21.9732
-17.5786
-13.1839
-15.3812
-16.4799
-21.9732
-24.1705
-26.3678
-24.1705
-25.2692
-21.9732
-17.5786
-15.3812
-10.9866
-4.39464
2.19732
6.59196
13.1839
8.78928
9.88794
9.88794
6.59196
9.88794
4.39464
1.09866
-4.39464
-10.9866
-18.6772
-19.7759
-19.7759
-18.6772
-10.9866
-8.78928
1.09866
12.0853
20.8745
38.4531
49.4397
54.933
64.8209
63.7223
62.6236
62.6236
52.7357
41.7491
35.1571
24.1705
24.1705
23.0719
26.3678
31.8611
35.1571
34.0584
28.5652
21.9732
5.4933
-8.78928
-32.9598
-58.229
-74.7089
-94.4847
-105.471
-107.669
-109.866
-103.274
-96.682
-86.7941
-73.6102
-69.2156
-65.9196
-58.229
-56.0316
-49.4397
-43.9464
-39.5517
-34.0584
-27.4665
-19.7759
-17.5786
-13.1839
-12.0853
-10.9866
-9.88794
-9.88794
-6.59196
-4.39464
-5.4933
-9.88794
-12.0853
-12.0853
-15.3812
-17.5786
-25.2692
-29.6638
-36.2558
-41.7491
-41.7491
-37.3544
-29.6638
-19.7759
-8.78928
5.4933
19.7759
28.5652
37.3544
43.9464
46.1437
50.5383
47.2424
42.8477
39.5517
35.1571
30.7625
26.3678
21.9732
19.7759
16.4799
14.2826
13.1839
16.4799
23.0719
18.6772
20.8745
20.8745
26.3678
30.7625
31.8611
39.5517
45.045
49.4397
53.8343
58.229
57.1303
58.229
54.933
53.8343
49.4397
41.7491
36.2558
27.4665
19.7759
10.9866
5.4933
1.09866
3.29598
5.4933
8.78928
13.1839
18.6772
28.5652
41.7491
51.637
62.6236
64.8209
64.8209
61.5249
59.3276
51.637
37.3544
17.5786
-2.19732
-18.6772
-28.5652
-36.2558
-46.1437
-47.2424
-48.341
-46.1437
-45.045
-41.7491
-37.3544
-35.1571
-34.0584
-34.0584
-28.5652
-30.7625
-26.3678
-20.8745
-13.1839
-3.29598
3.29598
7.69062
12.0853
17.5786
19.7759
21.9732
19.7759
15.3812
13.1839
6.59196
8.78928
2.19732
-5.4933
-10.9866
-24.1705
-35.1571
-39.5517
-48.341
-48.341
-49.4397
-52.7357
-46.1437
-50.5383
-51.637
-51.637
-57.1303
-59.3276
-59.3276
-60.4263
-57.1303
-49.4397
-38.4531
-25.2692
-15.3812
-7.69062
4.39464
9.88794
18.6772
29.6638
29.6638
29.6638
29.6638
24.1705
25.2692
20.8745
17.5786
14.2826
3.29598
-2.19732
-3.29598
-7.69062
-3.29598
3.29598
4.39464
7.69062
4.39464
1.09866
0
-6.59196
-12.0853
-15.3812
-24.1705
-27.4665
-30.7625
-32.9598
-29.6638
-27.4665
-25.2692
-23.0719
-19.7759
-13.1839
-1.09866
8.78928
19.7759
21.9732
20.8745
21.9732
20.8745
15.3812
14.2826
7.69062
3.29598
0
-7.69062
