SAMPLES: 8060
BITSPERSAMPLE:	16
CHANNELS:	1
SAMPLERATE:	16000
NORMALIZED:	FALSE
42.4698
49.8203
53.0872
48.1869
44.92
35.1192
21.2349
12.2509
-3.26691
-5.71709
-13.0676
-4.90036
5.71709
32.6691
49.8203
62.0712
83.3061
82.4894
88.2065
74.3221
66.9716
52.2705
26.952
4.90036
-17.968
-25.3185
-40.8363
-40.8363
-36.7527
-26.952
-30.2189
-28.5854
-21.2349
-31.0356
-35.1192
-49.8203
-53.0872
-59.621
-70.2385
-80.8559
-84.9396
-81.6727
-83.3061
-68.605
-57.1709
-38.3861
-31.8523
-17.968
-1.63345
2.45018
5.71709
1.63345
10.6174
7.35054
4.90036
-0.816727
0
8.98399
11.4342
23.6851
31.0356
42.4698
43.2865
49.0036
49.8203
51.4538
60.4378
63.7047
78.4057
75.1388
89.8399
98.0072
109.441
124.959
114.342
115.975
105.358
102.908
81.6727
76.7723
57.9876
34.3025
22.8683
9.80072
8.98399
-7.35054
-3.26691
-19.6014
-14.7011
-19.6014
-35.936
-49.0036
-68.605
-80.8559
-105.358
-105.358
-124.959
-126.593
-133.126
-134.76
-123.326
-113.525
-98.8239
-102.091
-84.9396
-81.6727
-71.8719
-80.8559
-89.8399
-100.457
-106.174
-90.6566
-93.1068
-81.6727
-87.3897
-71.8719
-55.5374
-36.7527
-22.0516
-25.3185
-19.6014
-34.3025
-31.8523
-48.1869
-57.9876
-59.621
-67.7883
-64.5214
-52.2705
-21.2349
-7.35054
34.3025
63.7047
100.457
147.011
178.863
194.381
198.465
216.433
206.632
194.381
170.696
135.577
106.174
85.7563
58.8043
20.4182
5.71709
-18.7847
-31.0356
-26.1352
-24.5018
-21.2349
-13.8844
-10.6174
-9.80072
2.45018
9.80072
10.6174
4.90036
11.4342
21.2349
40.0196
75.1388
104.541
141.294
187.03
227.867
267.07
294.838
302.189
296.472
272.787
236.851
196.014
139.66
79.2225
22.8683
-31.8523
-75.9556
-93.9236
-111.075
-122.509
-129.86
-135.577
-138.027
-145.377
-161.712
-195.198
-224.6
-254.819
-283.404
-303.822
-308.723
-307.906
-296.472
-259.719
-224.6
-173.963
-124.959
-90.6566
-73.5054
-65.3381
-66.1549
-90.6566
-122.509
-164.162
-202.548
-240.934
-250.735
-245.018
-235.217
-199.281
-152.728
-98.8239
-40.8363
16.3345
56.3541
99.6406
127.409
135.577
148.644
160.078
160.895
160.078
181.313
212.349
262.169
308.723
320.974
339.758
369.16
378.961
363.443
343.025
284.221
209.899
154.361
89.8399
17.1513
-35.936
-71.0552
-110.258
-120.876
-108.625
-101.274
-84.1228
-50.637
-31.8523
-21.2349
8.16727
17.968
5.71709
-1.63345
5.71709
13.8844
20.4182
28.5854
35.1192
45.7367
71.0552
98.0072
110.258
129.043
139.66
128.226
112.708
101.274
89.0232
61.2545
36.7527
8.16727
-24.5018
-34.3025
-35.1192
-58.8043
-72.6887
-75.1388
-85.7563
-80.8559
-91.4734
-112.708
-133.126
-144.561
-147.828
-164.979
-186.214
-196.831
-216.433
-229.5
-222.966
-232.767
-236.034
-242.568
-269.52
-289.121
-304.639
-314.44
-328.324
-347.926
-354.459
-346.292
-325.057
-285.038
-235.217
-159.262
-60.4378
35.936
137.21
234.401
314.44
387.128
447.566
486.769
504.737
502.287
486.769
450.833
426.331
415.714
399.379
380.595
364.26
350.376
336.491
322.607
281.771
215.616
138.027
47.3701
-53.904
-158.445
-239.301
-305.456
-364.26
-394.479
-395.296
-375.694
-323.424
-249.102
-181.313
-125.776
-72.6887
-29.4022
10.6174
35.936
44.92
48.1869
50.637
70.2385
95.557
125.776
164.162
203.365
227.867
243.385
267.07
273.603
243.385
190.297
124.959
57.9876
-10.6174
-73.5054
-126.593
-159.262
-161.712
-142.927
-111.892
-84.1228
-31.0356
17.1513
44.1032
67.7883
64.5214
57.1709
29.4022
-4.90036
-49.0036
-84.9396
-94.7403
-105.358
-124.142
-127.409
-114.342
-114.342
-97.1905
-105.358
-135.577
-169.062
-208.265
-245.835
-296.472
-325.057
-355.276
-371.611
-383.861
-374.061
-332.408
-297.288
-281.771
-289.938
-288.304
-313.623
-343.842
-374.877
-430.415
-481.052
-488.402
-434.499
-365.077
-292.388
-222.15
-102.908
131.493
377.328
479.418
528.422
658.282
757.922
740.771
702.385
659.915
579.059
525.972
499.837
442.666
401.829
403.463
413.264
455.733
509.637
481.869
402.646
362.627
321.79
190.297
32.6691
-89.0232
-223.783
-383.045
-462.267
-418.164
-373.244
-374.877
-317.707
-151.094
31.8523
176.413
279.32
334.041
357.726
377.328
385.495
372.427
351.192
316.89
276.87
305.456
383.045
406.73
391.212
430.415
459.817
406.73
339.758
276.87
159.262
-8.16727
-147.828
-276.87
-407.547
-508.004
-574.975
-622.346
-633.78
-588.86
-541.49
-476.968
-400.196
-363.443
-358.543
-320.974
-262.169
-255.635
-261.352
-253.185
-222.966
-191.931
-121.692
-47.3701
-29.4022
-11.4342
1.63345
15.5178
2.45018
-36.7527
-120.059
-224.6
-294.022
-360.176
-426.331
-472.068
-512.904
-579.059
-587.226
-570.892
-600.294
-649.298
-715.452
-762.823
-811.826
-826.527
-813.46
-774.257
-641.947
-449.2
-195.198
105.358
421.431
688.5
921.268
1124.63
1262.66
1314.11
1265.11
1177.72
1027.44
862.463
722.803
616.629
553.741
515.354
523.522
574.975
650.931
700.751
719.536
677.066
557.008
366.71
113.525
-147.011
-396.929
-620.712
-795.492
-866.547
-816.727
-684.417
-478.602
-214.799
40.8363
255.635
450.016
588.86
627.246
568.442
457.367
320.157
188.664
91.4734
43.2865
35.936
74.3221
184.58
338.125
487.586
597.844
640.314
593.76
478.602
298.922
43.2865
-222.15
-517.805
-799.575
-998.857
-1079.71
-1047.86
-989.873
-865.73
-689.317
-484.319
-307.089
-189.481
-138.027
-151.911
-226.233
-314.44
-363.443
-417.347
-420.614
-393.662
-304.639
-136.393
26.1352
193.564
320.157
394.479
394.479
332.408
231.134
78.4057
-127.409
-345.475
-499.837
-604.378
-649.298
-657.465
-619.079
-536.589
-455.733
-373.244
-326.691
-329.141
-367.527
-469.618
-608.461
-723.62
-767.723
-725.253
-594.577
-386.312
-80.0392
306.272
686.05
1033.16
1320.65
1518.29
1587.72
1557.5
1472.56
1268.38
993.139
726.887
521.072
401.013
350.376
356.093
436.949
575.792
681.967
775.89
837.961
779.157
560.274
255.635
-45.7367
-355.276
-674.616
-958.02
-1124.63
-1140.97
-1052.76
-851.846
-531.689
-187.847
91.4734
332.408
545.573
658.282
647.664
542.306
409.997
251.552
88.2065
1.63345
-3.26691
48.1869
133.943
273.603
471.251
659.915
777.524
771.807
654.198
461.451
173.963
-202.548
-557.824
-873.897
-1194.87
-1420.29
-1466.02
-1399.87
-1256.13
-1034.79
-794.675
-579.059
-364.26
-196.014
-121.692
-141.294
-219.699
-335.675
-416.531
-418.164
-418.981
-373.244
-232.767
-24.5018
197.648
407.547
586.41
678.7
672.166
591.31
465.534
267.886
11.4342
-252.369
-474.518
-619.079
-699.935
-700.751
-656.648
-588.86
-482.685
-364.26
-263.803
-227.867
-278.504
-371.611
-472.885
-577.426
-706.468
-785.691
-708.919
-490.036
-203.365
155.995
592.943
1002.94
1351.68
1657.14
1847.44
1877.65
1787
1636.72
1403.95
1111.56
797.125
534.956
394.479
337.308
347.926
408.363
528.422
641.947
708.919
732.604
677.883
486.769
160.895
-176.413
-485.952
-787.324
-1056.03
-1221.82
-1263.48
-1192.42
-995.59
-699.118
-369.16
-100.457
107.808
298.105
445.116
467.168
375.694
271.153
162.529
44.1032
-19.6014
7.35054
66.9716
155.995
298.922
478.602
645.214
726.07
687.684
552.924
346.292
51.4538
-316.073
-686.867
-985.789
-1256.13
-1483.99
-1503.59
-1403.95
-1256.13
-1053.58
-793.858
-521.072
-292.388
-83.3061
35.936
63.7047
44.92
-9.80072
-58.8043
-34.3025
-23.6851
-36.7527
63.7047
204.998
350.376
476.968
568.442
588.86
512.088
393.662
241.751
50.637
-192.747
-454.1
-651.748
-743.221
-779.974
-775.89
-732.604
-663.999
-555.374
-442.666
-346.292
-287.488
-321.79
-424.698
-508.821
-576.609
-650.114
-686.867
-690.951
-613.362
-367.527
-5.71709
374.061
747.305
1114.83
1404.77
1606.5
1777.2
1782.91
1631
1421.1
1176.9
927.801
704.835
472.068
269.52
232.767
289.938
358.543
459.817
590.493
664.815
682.783
686.867
597.027
378.961
86.573
-209.899
-457.367
-657.465
-823.26
-908.2
-864.913
-745.671
-551.29
-280.137
0.816727
221.333
348.742
450.833
525.972
506.37
388.762
246.651
142.11
39.2029
-31.0356
-3.26691
79.2225
161.712
268.703
391.212
493.303
516.988
427.148
269.52
26.952
-290.755
-629.696
-957.204
-1230.81
-1459.49
-1604.87
-1598.33
-1461.94
-1240.61
-987.422
-688.5
-380.595
-121.692
84.9396
231.134
274.42
226.233
160.895
101.274
45.7367
-11.4342
-52.2705
-28.5854
40.8363
148.644
249.918
318.523
341.392
306.272
242.568
142.11
-12.2509
-236.034
-459.817
-612.545
-699.935
-753.022
-757.106
-701.568
-622.346
-491.669
-319.34
-181.313
-106.174
-111.892
-142.927
-176.413
-245.018
-353.643
-471.251
-534.139
-529.239
-498.203
-363.443
-80.8559
222.15
521.072
851.029
1180.99
1419.47
1543.61
1608.13
1573.02
1442.34
1250.41
1037.24
830.611
606.011
352.009
218.066
258.086
312.806
362.627
464.717
620.712
726.07
773.44
794.675
713.819
489.219
172.329
-111.892
-338.942
-577.426
-826.527
-953.12
-926.985
-844.495
-666.449
-378.144
-68.605
154.361
306.272
496.57
659.098
648.481
499.837
332.408
169.879
-21.2349
-186.214
-265.436
-307.089
-346.292
-308.723
-181.313
-33.4858
25.3185
-27.7687
-91.4734
-200.915
-432.048
-709.735
-975.172
-1259.39
-1519.11
-1627.74
-1595.88
-1470.11
-1234.89
-935.152
-551.29
-97.1905
321.79
615.812
851.029
987.422
928.618
795.492
646.031
433.682
157.628
-47.3701
-173.963
-234.401
-207.449
-126.593
-0.816727
133.943
254.002
310.356
342.208
304.639
130.676
-87.3897
-310.356
-523.522
-730.154
-868.997
-924.534
-901.666
-800.392
-628.879
-387.128
-157.628
40.8363
207.449
322.607
361.81
318.523
227.05
76.7723
-85.7563
-240.934
-363.443
-393.662
-387.128
-285.038
-45.7367
246.651
522.705
771.807
1007.02
1129.53
1186.7
1163.84
1042.14
860.013
637.863
435.315
262.169
165.795
90.6566
126.593
301.372
476.968
659.915
855.113
1056.84
1145.05
1147.5
1072.36
862.463
558.641
176.413
-172.329
-481.869
-736.687
-935.152
-1007.02
-896.766
-713.819
-446.749
-151.911
133.943
344.659
474.518
582.326
587.226
463.901
243.385
37.5694
-151.911
-331.591
-454.917
-520.255
-506.37
-438.582
-310.356
-145.377
-6.53381
51.4538
4.90036
-79.2225
-239.301
-499.837
-794.675
-1091.15
-1328
-1499.51
-1532.18
-1399.05
-1175.27
-877.164
-516.171
-104.541
272.787
569.258
744.855
784.874
731.787
588.043
390.395
160.078
-46.5534
-237.667
-343.842
-311.99
-227.05
-89.8399
55.5374
196.014
309.539
347.109
291.571
142.927
-81.6727
-383.861
-678.7
-934.335
-1101.76
-1196.5
-1204.67
-1081.35
-871.447
-561.091
-240.118
66.1549
334.858
504.737
610.095
651.748
604.378
476.968
312.806
134.76
-13.8844
-136.393
-211.532
-229.5
-224.6
-193.564
-153.545
-88.2065
26.1352
142.11
237.667
336.491
431.232
536.589
654.198
792.225
931.068
1042.96
1166.29
1300.23
1394.15
1408.04
1367.2
1316.56
1271.64
1176.9
1034.79
900.033
772.623
673.799
592.127
526.789
435.315
289.938
129.86
-33.4858
-184.58
-368.344
-565.175
-746.488
-886.148
-958.02
-947.403
-844.495
-704.018
-546.39
-357.726
-131.493
93.1068
246.651
307.906
289.121
223.783
124.142
-15.5178
-172.329
-329.141
-463.901
-538.223
-538.223
-490.036
-452.467
-429.598
-406.73
-399.379
-445.933
-561.091
-701.568
-874.714
-1053.58
-1205.49
-1287.16
-1278.18
-1171.19
-1006.21
-797.125
-496.57
-185.397
120.876
377.328
557.008
639.497
649.298
633.78
523.522
373.244
199.281
44.1032
-56.3541
-93.9236
-115.975
-102.908
-37.5694
12.2509
90.6566
112.708
96.3737
23.6851
-94.7403
-220.516
-369.16
-492.486
-600.294
-651.748
-650.931
-560.274
-409.997
-216.433
-12.2509
169.879
363.443
501.47
588.043
584.776
476.152
341.392
199.281
22.0516
-154.361
-300.555
-400.196
-423.064
-370.794
-249.102
-64.5214
205.815
499.02
766.906
1042.14
1257.76
1355.77
1395.79
1397.42
1294.51
1147.5
980.889
797.125
621.529
441.032
312.806
290.755
365.077
396.112
435.315
547.207
656.648
703.202
702.385
666.449
517.805
270.336
-17.1513
-261.352
-505.554
-788.958
-1006.21
-1100.13
-1088.7
-1022.54
-860.83
-617.445
-378.144
-181.313
1.63345
210.715
329.958
301.372
201.731
113.525
2.45018
-155.995
-282.587
-369.977
-437.765
-466.351
-430.415
-330.774
-255.635
-245.835
-270.336
-293.205
-350.376
-519.438
-738.321
-949.036
-1170.37
-1372.1
-1455.41
-1395.79
-1278.99
-1096.86
-779.157
-378.961
35.936
409.18
721.17
981.705
1135.25
1164.65
1082.16
962.104
771.807
498.203
270.336
134.76
11.4342
-96.3737
-91.4734
-49.8203
18.7847
89.0232
140.477
169.062
90.6566
-49.0036
-211.532
-375.694
-584.776
-799.575
-943.319
-982.522
-920.451
-792.225
-561.091
-294.022
7.35054
293.205
551.29
801.209
915.55
944.136
922.901
855.929
727.703
543.94
345.475
146.194
-4.90036
-130.676
-187.847
-244.201
-285.038
-220.516
-108.625
45.7367
136.393
212.349
297.288
353.643
434.499
454.1
467.984
487.586
513.721
548.84
562.725
563.541
545.573
604.378
661.549
686.867
681.15
686.05
725.253
698.301
679.516
589.677
445.933
258.902
28.5854
-172.329
-405.096
-632.146
-860.013
-1024.99
-1106.66
-1105.85
-1035.61
-935.152
-783.241
-641.947
-431.232
-191.931
-13.8844
79.2225
89.0232
110.258
78.4057
-3.26691
-122.509
-258.086
-339.758
-374.877
-365.893
-328.324
-272.787
-221.333
-169.062
-126.593
-138.844
-220.516
-372.427
-534.139
-706.468
-885.332
-1007.02
-1079.71
-1014.37
-864.913
-681.15
-369.977
-4.90036
348.742
630.513
868.18
1042.96
1113.2
1104.21
986.606
795.492
565.175
351.192
160.078
49.8203
-31.8523
-116.792
-80.0392
5.71709
118.425
197.648
235.217
237.667
167.429
70.2385
-71.8719
-225.417
-392.845
-536.589
-603.561
-552.107
-412.447
-244.201
-9.80072
231.95
498.203
728.52
860.013
921.268
855.929
710.552
520.255
281.771
-8.16727
-346.292
-641.947
-861.647
-998.857
-1065.01
-1080.53
-1044.59
-877.981
-582.326
-276.87
14.7011
258.902
482.685
706.468
873.897
963.737
962.921
923.718
859.196
797.125
735.871
617.445
481.869
429.598
477.785
516.171
539.04
570.075
641.947
730.154
738.321
685.234
555.374
320.974
-3.26691
-318.523
-606.011
-919.634
-1221.82
-1430.09
-1475.01
-1406.4
-1236.52
-991.506
-697.484
-387.128
-85.7563
252.369
535.773
658.282
650.931
601.927
524.338
387.945
203.365
7.35054
-135.577
-220.516
-242.568
-196.831
-116.792
-50.637
-10.6174
25.3185
16.3345
-88.2065
-276.87
-520.255
-788.958
-1040.51
-1237.34
-1311.66
-1296.15
-1203.04
-989.056
-653.381
-236.034
164.162
533.322
819.177
1019.27
1102.58
1060.93
937.602
741.588
492.486
199.281
13.8844
-116.792
-185.397
-159.262
-87.3897
51.4538
200.098
382.228
510.454
543.94
440.216
257.269
56.3541
-186.214
-450.833
-732.604
-894.316
-966.188
-913.917
-745.671
-533.322
-262.986
-11.4342
254.819
476.152
595.394
578.242
476.152
320.157
93.1068
-147.011
-382.228
-589.677
-748.122
-812.643
-771.807
-655.831
-507.187
-241.751
79.2225
410.813
690.134
868.18
1031.53
1075.63
1082.98
1004.57
898.399
803.659
699.935
654.198
594.577
582.326
560.274
655.831
770.173
851.846
883.698
863.28
916.367
860.013
779.974
575.792
295.655
-8.98399
-326.691
-560.274
-830.611
-1045.41
-1243.87
-1314.93
-1262.66
-1133.62
-930.252
-744.855
-505.554
-292.388
-31.8523
214.799
356.093
410.813
367.527
339.758
280.137
178.863
20.4182
-161.712
-281.771
-347.926
-343.842
-346.292
-352.826
-352.009
-349.559
-333.224
-392.029
-511.271
-681.967
-880.431
-1057.66
-1208.76
-1287.16
-1324.73
-1265.93
-1118.92
-857.563
-481.052
-84.1228
335.675
687.684
1001.31
1237.34
1377
1410.49
1281.44
1089.51
837.145
592.127
348.742
123.326
-49.0036
-158.445
-147.828
-89.8399
24.5018
119.242
196.831
242.568
211.532
124.959
-56.3541
-267.07
-516.171
-721.986
-861.647
-935.969
-900.033
-795.492
-580.693
-285.038
58.8043
374.061
628.879
812.643
881.248
867.364
753.839
526.789
197.648
-147.828
-456.55
-708.919
-895.132
-1016.82
-1055.21
-922.084
-588.86
-209.899
170.696
505.554
824.894
1087.06
1263.48
1317.38
1212.02
1065.01
864.097
685.234
489.219
294.022
155.178
131.493
263.803
411.63
587.226
734.237
923.718
1077.26
1127.08
1086.25
877.981
586.41
173.146
-217.249
-583.959
-950.67
-1270.83
-1501.96
-1541.16
-1450.51
-1218.56
-940.869
-622.346
-297.288
-4.08363
297.288
505.554
590.493
526.789
422.248
315.256
149.461
-45.7367
-243.385
-370.794
-441.032
-453.283
-405.096
-325.874
-250.735
-217.249
-181.313
-187.847
-283.404
-442.666
-650.931
-855.929
-1074
-1250.41
-1334.53
-1330.45
-1216.11
-1019.27
-706.468
-304.639
118.425
516.988
860.83
1127.9
1276.54
1337.8
1294.51
1137.7
901.666
620.712
400.196
216.433
55.5374
-63.7047
-111.075
-44.92
46.5534
155.995
235.217
251.552
225.417
151.911
36.7527
-169.062
-422.248
-672.983
-816.727
-874.714
-867.364
-770.173
-595.394
-317.707
-26.952
288.304
561.908
730.154
807.743
800.392
738.321
576.609
319.34
8.98399
-253.185
-475.335
-662.365
-755.472
-797.942
-774.257
-693.401
-553.741
-321.79
-75.1388
138.844
302.189
442.666
593.76
657.465
673.799
666.449
631.33
629.696
650.931
695.851
723.62
729.337
711.369
804.476
933.518
972.721
951.486
889.415
896.766
846.945
744.855
574.975
325.057
53.904
-252.369
-490.036
-717.903
-966.188
-1229.99
-1361.48
-1360.67
-1302.68
-1165.47
-1019.27
-803.659
-587.226
-334.041
-56.3541
160.895
287.488
308.723
352.009
389.579
358.543
219.699
43.2865
-96.3737
-203.365
-249.102
-278.504
-286.671
-304.639
-307.906
-242.568
-167.429
-160.078
-241.751
-330.774
-405.913
-480.235
-564.358
-634.597
-664.815
-669.716
-614.178
-458.184
-236.034
-53.0872
101.274
296.472
488.402
652.565
758.739
771.807
725.253
649.298
566.808
485.136
374.061
204.182
51.4538
-13.0676
-1.63345
-1.63345
-22.8683
-33.4858
-54.7207
-35.936
-21.2349
-35.1192
-83.3061
-160.078
-218.883
-245.018
-228.683
-235.217
-220.516
-183.763
-95.557
34.3025
128.226
201.731
234.401
279.32
285.854
267.886
218.883
102.908
-34.3025
-170.696
-270.336
-377.328
-475.335
-581.509
-637.863
-618.262
-583.959
-551.29
-508.004
-370.794
-173.146
64.5214
228.683
350.376
510.454
678.7
788.958
818.36
859.196
860.013
876.348
864.097
802.842
726.07
648.481
641.13
651.748
651.748
532.506
441.849
465.534
476.968
369.16
153.545
-8.16727
-178.863
-349.559
-546.39
-712.186
-845.312
-994.773
-1052.76
-993.139
-845.312
-756.289
-645.214
-434.499
-180.497
57.9876
244.201
407.547
480.235
475.335
450.833
443.483
374.061
151.094
-82.4894
-201.731
-255.635
-366.71
-505.554
-581.509
-575.792
-543.94
-507.187
-454.1
-422.248
-427.965
-409.997
-316.89
-236.034
-249.102
-252.369
-187.847
-112.708
-30.2189
53.0872
167.429
264.619
336.491
415.714
521.072
607.645
583.143
530.872
488.402
445.933
338.125
202.548
66.1549
-92.2901
-211.532
-310.356
-325.057
-349.559
-383.045
-360.176
-269.52
-132.31
-57.1709
26.952
102.908
173.146
197.648
196.831
196.831
125.776
35.936
-67.7883
-94.7403
-105.358
-137.21
-151.911
-136.393
-80.0392
-53.0872
-17.1513
-7.35054
-61.2545
-141.294
-229.5
-321.79
-451.65
-590.493
-703.202
-802.025
-828.161
-729.337
-476.968
-213.166
-42.4698
223.783
612.545
1011.11
1209.57
1283.89
1399.87
1455.41
1425.19
1252.86
1063.38
778.34
499.837
408.363
459.817
434.499
204.998
184.58
386.312
577.426
505.554
333.224
262.169
100.457
-142.927
-436.132
-642.764
-953.937
-1325.55
-1456.22
-1332.08
-1147.5
-1099.31
-894.316
-501.47
-82.4894
245.018
550.474
853.479
913.917
812.643
734.237
718.719
503.104
57.9876
-302.189
-446.749
-510.454
-655.831
-742.404
-692.584
-605.194
-519.438
-372.427
-188.664
-169.062
-295.655
-360.993
-320.157
-378.961
-588.86
-689.317
-679.516
-668.082
-601.927
-420.614
-149.461
69.4218
247.468
452.467
726.887
917.184
884.515
790.591
714.636
569.258
325.874
146.194
-33.4858
-254.002
-409.997
-445.933
-355.276
-287.488
-249.102
-152.728
36.7527
186.214
224.6
247.468
221.333
136.393
29.4022
-57.9876
-146.194
-233.584
-320.157
-352.826
-253.185
-133.943
-74.3221
17.968
162.529
250.735
280.137
289.121
241.751
93.9236
-95.557
-267.07
-398.563
-544.757
-725.253
-818.36
-830.611
-785.691
-624.796
-280.954
35.936
212.349
482.685
900.033
1291.24
1412.94
1396.6
1441.52
1523.2
1474.19
1247.14
1047.04
786.508
496.57
379.778
461.451
365.077
43.2865
-23.6851
213.982
431.232
335.675
162.529
125.776
80.0392
-102.091
-320.157
-446.749
-737.504
-1152.4
-1326.36
-1201.4
-1130.35
-1229.17
-1170.37
-855.929
-467.168
-176.413
142.927
503.92
666.449
644.397
712.186
863.28
730.97
307.089
-45.7367
-178.863
-285.854
-511.271
-713.819
-762.823
-731.787
-695.034
-551.29
-311.99
-227.05
-325.874
-295.655
-156.811
-200.915
-394.479
-538.223
-600.294
-663.999
-703.202
-650.931
-459
-247.468
-136.393
76.7723
463.084
756.289
808.559
851.846
906.566
820.81
655.015
469.618
274.42
-8.98399
-294.022
-430.415
-387.128
-362.627
-426.331
-334.041
-104.541
73.5054
155.995
243.385
303.822
256.452
144.561
12.2509
-61.2545
-173.963
-352.826
-430.415
-346.292
-259.719
-217.249
-56.3541
151.094
278.504
364.26
474.518
531.689
428.781
213.166
-8.98399
-175.596
-396.929
-689.317
-898.399
-990.689
-962.104
-743.221
-401.829
-144.561
108.625
535.773
1043.78
1402.32
1507.68
1526.46
1590.98
1622.84
1445.61
1139.33
859.196
531.689
291.571
296.472
329.141
138.844
-4.08363
209.899
534.139
628.063
484.319
382.228
343.842
173.963
-133.126
-390.395
-646.847
-1084.61
-1430.9
-1436.62
-1324.73
-1344.33
-1332.08
-1061.74
-646.847
-284.221
24.5018
380.595
643.581
677.883
663.182
763.639
754.655
418.164
5.71709
-194.381
-266.253
-416.531
-623.979
-719.536
-676.25
-630.513
-560.274
-387.945
-247.468
-294.022
-346.292
-249.102
-243.385
-378.961
-525.155
-594.577
-619.895
-641.947
-632.146
-521.072
-285.038
-134.76
-8.98399
249.918
555.374
682.783
697.484
760.372
732.604
631.33
468.801
301.372
114.342
-107.808
-262.986
-285.854
-227.867
-262.986
-242.568
-94.7403
83.3061
169.062
201.731
258.086
257.269
211.532
82.4894
-30.2189
-99.6406
-216.433
-321.79
-297.288
-191.114
-147.828
-57.9876
132.31
288.304
375.694
452.467
503.104
457.367
307.089
98.8239
-110.258
-324.24
-591.31
-854.296
-1016.82
-1080.53
-987.422
-723.62
-420.614
-188.664
124.142
597.027
1052.76
1315.75
1386.8
1461.94
1555.05
1528.1
1310.03
1041.33
760.372
440.216
302.189
339.758
280.954
46.5534
18.7847
308.723
574.159
582.326
432.865
388.762
338.942
129.043
-160.078
-387.945
-706.468
-1165.47
-1389.25
-1320.65
-1270.83
-1375.37
-1337.8
-1020.91
-639.497
-347.926
-63.7047
276.054
474.518
503.92
584.776
748.122
690.951
350.376
57.9876
-14.7011
-63.7047
-261.352
-466.351
-526.789
-502.287
-508.821
-456.55
-299.739
-256.452
-379.778
-401.013
-260.536
-276.054
-444.299
-544.757
-569.258
-579.876
-583.143
-530.056
-432.048
-279.32
-164.162
-21.2349
286.671
536.589
583.959
615.812
772.623
841.228
770.173
669.716
512.904
353.643
193.564
80.8559
12.2509
-75.9556
-213.166
-248.285
-115.158
-57.1709
-85.7563
-102.908
-64.5214
-10.6174
-17.1513
-79.2225
-142.11
-121.692
-147.011
-163.345
-75.1388
-29.4022
-53.904
10.6174
188.664
270.336
277.687
307.906
311.99
250.735
132.31
-4.08363
-180.497
-414.08
-671.349
-833.061
-896.766
-991.506
-1002.12
-733.42
-360.993
-131.493
115.975
563.541
1090.33
1392.52
1460.31
1543.61
1684.91
1666.12
1434.99
1223.46
954.753
550.474
290.755
367.527
383.861
58.8043
-138.844
100.457
508.821
570.075
323.424
215.616
268.703
133.943
-197.648
-402.646
-692.584
-1185.07
-1500.33
-1397.42
-1263.48
-1427.64
-1497.06
-1183.44
-664.815
-343.842
-134.76
234.401
555.374
612.545
606.828
809.376
861.647
498.203
66.9716
-58.8043
-22.8683
-226.233
-572.525
-715.452
-671.349
-717.086
-755.472
-557.824
-436.132
-612.545
-682.783
-432.048
-256.452
-385.495
-516.171
-459
-357.726
-346.292
-392.029
-301.372
-142.927
-139.66
-155.178
96.3737
412.447
426.331
389.579
590.493
819.177
824.894
783.241
817.543
764.456
582.326
430.415
452.467
383.861
89.8399
-124.142
-64.5214
1.63345
-128.226
-240.118
-198.465
-85.7563
-67.7883
-75.1388
11.4342
105.358
61.2545
-5.71709
129.043
209.082
44.92
-71.0552
56.3541
124.959
4.90036
-48.1869
8.98399
9.80072
-121.692
-197.648
-195.198
-274.42
-521.072
-701.568
-672.983
-699.935
-883.698
-950.67
-694.218
-377.328
-237.667
-90.6566
334.858
817.543
1035.61
1145.05
1402.32
1613.03
1536.26
1443.97
1385.98
1138.52
721.986
528.422
565.992
467.984
142.927
-113.525
74.3221
387.945
379.778
144.561
124.142
221.333
89.0232
-108.625
-258.086
-508.821
-946.586
-1198.95
-1129.53
-1107.48
-1324.73
-1468.47
-1161.39
-746.488
-506.37
-277.687
122.509
454.917
552.924
672.983
868.997
916.367
616.629
267.07
151.094
96.3737
-179.68
-530.056
-646.031
-677.883
-779.157
-788.958
-602.744
-510.454
-629.696
-619.895
-369.16
-200.098
-307.906
-426.331
-344.659
-259.719
-330.774
-376.511
-276.054
-192.747
-243.385
-208.265
36.7527
272.787
286.671
284.221
509.637
702.385
663.999
633.78
739.954
699.935
475.335
366.71
411.63
329.958
57.9876
-124.959
-124.959
-116.792
-236.034
-317.707
-222.966
-138.027
-151.911
-84.1228
106.991
194.381
141.294
140.477
263.803
297.288
160.078
63.7047
75.9556
31.0356
-125.776
-173.146
-116.792
-149.461
-267.886
-282.587
-197.648
-211.532
-324.24
-416.531
-414.897
-468.801
-589.677
-660.732
-725.253
-824.077
-855.113
-605.194
-286.671
-177.23
-76.7723
318.523
883.698
1198.14
1306.76
1483.99
1748.61
1871.12
1809.05
1705.33
1476.64
1145.05
907.383
868.18
731.787
297.288
-41.6531
33.4858
282.587
223.783
-28.5854
-62.8879
41.6531
-12.2509
-203.365
-274.42
-409.997
-779.157
-1090.33
-1089.51
-1016.82
-1200.59
-1372.1
-1225.91
-909.017
-691.767
-512.088
-173.146
136.393
238.484
323.424
600.294
797.125
581.509
237.667
175.596
245.835
36.7527
-331.591
-490.036
-509.637
-592.943
-666.449
-575.792
-505.554
-607.645
-617.445
-388.762
-209.082
-306.272
-401.829
-306.272
-170.696
-168.246
-245.018
-202.548
-120.876
-143.744
-169.879
12.2509
191.114
102.908
31.8523
197.648
377.328
374.061
326.691
338.125
334.041
298.105
279.32
305.456
231.134
25.3185
-77.589
26.952
106.991
-15.5178
-144.561
-107.808
31.8523
122.509
120.876
130.676
163.345
171.513
177.23
237.667
217.249
14.7011
-125.776
-95.557
-81.6727
-209.082
-340.575
-385.495
-411.63
-420.614
-421.431
-415.714
-458.184
-545.573
-592.127
-567.625
-544.757
-637.863
-722.803
-713.819
-650.931
-490.036
-199.281
108.625
266.253
505.554
975.988
1457.86
1671.02
1681.64
1826.2
2025.48
2072.04
1910.32
1673.47
1352.5
974.355
779.974
697.484
463.901
0.816727
-257.269
-97.1905
112.708
23.6851
-229.5
-218.066
-106.991
-155.178
-285.854
-334.041
-459.817
-784.874
-931.068
-829.794
-782.424
-970.271
-1090.33
-909.017
-641.947
-461.451
-325.057
-58.8043
172.329
253.185
383.861
624.796
704.018
422.248
127.409
95.557
123.326
-136.393
-560.274
-790.591
-858.38
-950.67
-1054.39
-1034.79
-1042.96
-1125.45
-1006.21
-647.664
-367.527
-352.009
-306.272
-75.9556
186.214
269.52
184.58
182.947
238.484
177.23
60.4378
111.892
160.895
-3.26691
-80.0392
93.1068
299.739
331.591
326.691
416.531
525.155
571.709
557.008
565.175
459.817
207.449
34.3025
35.936
-13.0676
-243.385
-432.048
-418.164
-254.819
-149.461
-151.094
-74.3221
98.8239
218.066
293.205
408.363
422.248
254.002
142.11
169.062
98.0072
-140.477
-350.376
-423.881
-462.267
-559.458
-650.114
-670.533
-662.365
-682.783
-656.648
-510.454
-408.363
-405.096
-390.395
-262.986
-112.708
-126.593
-140.477
16.3345
305.456
479.418
533.322
738.321
998.857
1205.49
1310.85
1415.39
1510.94
1533.81
1550.15
1469.29
1353.32
1067.46
748.938
621.529
606.828
441.849
4.08363
-192.747
-84.9396
46.5534
-61.2545
-245.835
-220.516
-173.963
-145.377
-178.863
-170.696
-327.507
-603.561
-646.847
-557.824
-570.892
-856.746
-995.59
-877.981
-724.436
-677.066
-649.298
-412.447
-230.317
-168.246
-48.1869
218.066
316.073
105.358
-13.0676
17.968
-21.2349
-297.288
-566.808
-678.7
-797.942
-942.502
-954.753
-785.691
-730.154
-782.424
-574.159
-158.445
88.2065
124.959
217.249
401.829
496.57
468.801
408.363
363.443
235.217
36.7527
-31.8523
5.71709
-46.5534
-201.731
-177.23
5.71709
92.2901
125.776
207.449
356.91
392.029
360.993
387.945
415.714
319.34
111.075
54.7207
52.2705
-11.4342
-97.1905
-84.9396
6.53381
63.7047
170.696
271.153
383.861
450.833
435.315
414.897
390.395
281.771
7.35054
-213.982
-373.244
-572.525
-816.727
-990.689
-1045.41
-1087.88
-1069.91
-969.454
-770.99
-580.693
-434.499
-245.018
-27.7687
163.345
230.317
279.32
332.408
311.99
209.082
170.696
358.543
485.136
372.427
366.71
718.719
1060.93
1098.5
1100.13
1280.63
1477.46
1500.33
1429.27
1328.81
1082.98
725.253
500.653
476.152
261.352
-283.404
-623.162
-435.315
-191.931
-344.659
-566.808
-438.582
-174.779
-109.441
-104.541
34.3025
15.5178
-262.169
-353.643
-142.927
-145.377
-553.741
-815.093
-688.5
-527.605
-585.593
-634.597
-472.885
-324.24
-320.157
-247.468
44.92
170.696
-99.6406
-303.822
-160.078
-68.605
-343.842
-636.23
-668.082
-654.198
-750.572
-753.839
-589.677
-535.773
-610.911
-463.901
-60.4378
159.262
108.625
142.927
382.228
599.477
604.378
496.57
440.216
436.949
323.424
176.413
187.847
142.11
-124.142
-292.388
-125.776
0
-112.708
-158.445
-2.45018
160.895
209.899
290.755
421.431
480.235
422.248
408.363
513.721
511.271
306.272
97.1905
91.4734
138.844
22.8683
-180.497
-258.902
-226.233
-300.555
-413.264
-395.296
-408.363
-605.194
-711.369
-582.326
-537.406
-693.401
-775.89
-667.266
-537.406
-473.701
-409.997
-274.42
-98.0072
21.2349
101.274
258.902
418.981
396.929
316.89
329.141
356.91
297.288
258.902
349.559
357.726
293.205
372.427
635.413
794.675
751.388
840.412
1069.1
1238.16
1185.89
1070.73
945.769
779.157
673.799
557.824
410.813
102.908
-161.712
-182.947
-45.7367
-25.3185
-257.269
-302.189
-146.194
-17.968
-56.3541
-83.3061
-57.1709
-195.198
-285.038
-261.352
-218.066
-392.029
-614.178
-606.828
-508.004
-464.717
-528.422
-472.068
-374.061
-342.208
-289.121
-181.313
-81.6727
-187.03
-347.109
-367.527
-286.671
-368.344
-623.162
-739.954
-705.652
-672.166
-686.867
-614.995
-515.354
-480.235
-360.993
-89.8399
173.963
258.902
271.153
408.363
602.744
675.433
587.226
489.219
462.267
374.061
213.166
115.975
81.6727
-70.2385
-250.735
-202.548
-69.4218
-50.637
-76.7723
50.637
245.018
380.595
494.12
579.876
641.947
604.378
570.892
577.426
536.589
332.408
57.9876
-56.3541
-104.541
-211.532
-442.666
-577.426
-569.258
-565.992
-558.641
-545.573
-485.952
-530.056
-525.972
-406.73
-351.192
-414.08
-481.052
-401.829
-333.224
-291.571
-275.237
-244.201
-148.644
-28.5854
89.0232
175.596
300.555
348.742
350.376
396.929
422.248
323.424
150.278
3.26691
-89.8399
-89.8399
-82.4894
-80.0392
-86.573
31.0356
254.819
485.952
658.282
740.771
893.499
1035.61
1139.33
1089.51
908.2
669.716
489.219
454.917
307.089
76.7723
-176.413
-214.799
-62.0712
75.1388
125.776
97.1905
244.201
403.463
528.422
539.856
451.65
293.205
66.9716
-54.7207
-258.902
-521.072
-870.631
-1129.53
-1231.62
-1296.96
-1305.95
-1328.81
-1238.97
-1137.7
-966.188
-710.552
-474.518
-315.256
-298.105
-202.548
-17.1513
164.979
185.397
119.242
159.262
267.07
406.73
480.235
482.685
428.781
427.148
536.589
631.33
588.043
385.495
222.966
198.465
182.13
41.6531
-182.947
-329.958
-392.029
-450.016
-485.952
-462.267
-452.467
-473.701
-399.379
-186.214
-3.26691
92.2901
186.214
315.256
452.467
557.008
651.748
699.118
664.815
579.059
545.573
589.677
526.789
322.607
134.76
50.637
8.98399
-99.6406
-249.102
-378.144
-444.299
-476.152
-486.769
-487.586
-566.808
-652.565
-626.429
-538.223
-529.239
-583.143
-589.677
-521.888
-410.813
-315.256
-224.6
-102.908
55.5374
189.481
334.041
509.637
598.661
598.661
611.728
650.114
598.661
467.168
312.806
138.844
-38.3861
-232.767
-452.467
-596.21
-633.78
-651.748
-649.298
-574.159
-401.013
-191.114
8.98399
163.345
317.707
525.155
694.218
798.759
823.26
755.472
629.696
573.342
601.111
546.39
376.511
211.532
276.054
492.486
588.043
512.088
473.701
574.159
628.879
597.027
487.586
281.771
-4.08363
-242.568
-400.196
-635.413
-971.905
-1338.61
-1518.29
-1515.84
-1518.29
-1542.8
-1463.57
-1217.74
-937.602
-609.278
-244.201
102.091
373.244
583.143
845.312
1091.96
1203.04
1127.9
1021.72
967.004
844.495
661.549
450.016
236.034
27.7687
-114.342
-185.397
-225.417
-257.269
-313.623
-289.121
-157.628
-61.2545
-83.3061
-115.975
-72.6887
-80.0392
-174.779
-283.404
-369.16
-471.251
-599.477
-671.349
-647.664
-621.529
-633.78
-562.725
-387.128
-222.966
-79.2225
104.541
287.488
416.531
508.821
609.278
699.935
728.52
652.565
540.673
508.821
441.849
271.97
110.258
20.4182
-55.5374
-165.795
-219.699
-267.886
-341.392
-398.563
-396.929
-349.559
-369.977
-391.212
-343.025
-218.883
-122.509
-82.4894
13.0676
142.11
296.472
405.913
478.602
548.024
588.043
584.776
528.422
470.434
338.125
163.345
26.952
-89.0232
-257.269
-480.235
-632.146
-730.97
-833.878
-882.881
-853.479
-762.823
-648.481
-517.805
-316.073
-102.091
92.2901
208.265
319.34
490.853
597.027
618.262
563.541
521.888
432.048
362.627
389.579
367.527
282.587
188.664
306.272
499.837
592.127
597.844
601.111
708.919
746.488
749.755
654.198
475.335
251.552
13.8844
-146.194
-378.961
-659.915
-1001.31
-1210.39
-1257.76
-1312.48
-1344.33
-1332.9
-1177.72
-1004.57
-753.839
-414.897
-119.242
113.525
286.671
571.709
838.778
988.239
1002.94
976.805
1006.21
980.889
940.869
835.511
682.783
483.502
315.256
253.185
162.529
-5.71709
-227.05
-328.324
-344.659
-414.897
-554.557
-695.034
-788.958
-901.666
-970.271
-995.59
-1028.26
-1070.73
-1087.06
-993.956
-842.045
-710.552
-589.677
-404.28
-161.712
59.621
267.07
499.02
697.484
808.559
891.049
1017.64
1125.45
1113.2
1004.57
893.499
818.36
714.636
584.776
445.933
295.655
159.262
65.3381
58.8043
48.1869
-24.5018
-93.1068
-79.2225
-4.08363
-0.816727
-38.3861
-70.2385
-75.9556
-70.2385
-53.904
-22.8683
-35.1192
-54.7207
-54.7207
4.08363
54.7207
49.0036
13.0676
-17.1513
-13.0676
-33.4858
-84.9396
-158.445
-229.5
-311.99
-408.363
-476.152
-563.541
-674.616
-787.324
-854.296
-912.284
-1009.47
-1097.68
-1116.47
-1087.06
-1069.1
-1028.26
-924.534
-767.723
-605.194
-418.164
-213.166
28.5854
306.272
577.426
826.527
1028.26
1186.7
1310.85
1450.51
1537.9
1510.13
1434.17
1372.1
1363.93
1314.11
1204.67
1055.21
921.268
796.308
661.549
532.506
337.308
121.692
-93.1068
-256.452
-409.18
-586.41
-766.09
-937.602
-1024.18
-1074
-1077.26
-1043.78
-959.654
-820.81
-663.182
-413.264
-163.345
57.1709
236.851
391.212
535.773
623.979
687.684
672.166
609.278
523.522
441.032
368.344
267.886
180.497
90.6566
29.4022
-0.816727
0.816727
15.5178
-2.45018
-25.3185
-64.5214
-114.342
-191.114
-279.32
-401.829
-586.41
-773.44
-941.686
-1087.06
-1205.49
-1310.03
-1372.92
-1341.88
-1214.47
-1027.44
-811.009
-554.557
-256.452
77.589
427.148
731.787
997.223
1198.95
1345.97
1460.31
1494.61
1439.89
1333.71
1230.81
1088.7
898.399
713.819
549.657
401.829
277.687
198.465
128.226
75.1388
35.936
0
-37.5694
-126.593
-234.401
-363.443
-516.988
-717.903
-931.068
-1105.85
-1290.43
-1439.89
-1558.31
-1601.6
-1550.96
-1451.32
-1279.81
-1058.48
-773.44
-459.817
-128.226
213.166
500.653
739.954
920.451
1055.21
1081.35
1003.76
872.264
668.899
407.547
76.7723
-246.651
-565.175
-864.097
-1109.93
-1345.97
-1491.34
-1544.43
-1487.26
-1348.42
-1135.25
-834.695
-501.47
-101.274
291.571
688.5
1087.88
1456.22
1766.58
1956.88
2093.27
2125.94
2128.39
2103.07
2005.06
1847.44
1633.45
1497.06
1344.33
1166.29
974.355
792.225
652.565
472.068
313.623
103.724
-134.76
-387.945
-624.796
-852.663
-1127.08
-1343.52
-1549.33
-1693.89
-1784.55
-1817.22
-1757.6
-1612.22
-1349.23
-1056.03
-697.484
-285.854
151.094
581.509
952.303
1283.08
1533.81
1714.31
1791.08
1766.58
1657.95
1464.39
1234.89
951.486
646.847
329.141
15.5178
-268.703
-530.872
-749.755
-939.236
-1056.03
-1110.75
-1172.82
-1216.11
-1212.02
-1181.8
-1154.85
-1136.07
-1117.28
-1110.75
-1088.7
-1032.34
-975.172
-917.184
-812.643
-652.565
-470.434
-258.086
-18.7847
238.484
508.004
778.34
1014.37
1179.35
1309.21
1394.15
1394.97
1298.6
1127.08
926.985
668.082
381.411
70.2385
-222.966
-491.669
-733.42
-906.566
-1068.28
-1164.65
-1196.5
-1176.9
-1118.1
-1027.44
-910.65
-797.125
-651.748
-534.139
-450.016
-367.527
-282.587
-192.747
-148.644
-99.6406
-42.4698
29.4022
107.808
202.548
327.507
443.483
579.059
713.819
835.511
926.985
994.773
1043.78
1034.79
996.406
915.55
802.025
659.098
505.554
332.408
123.326
-48.1869
-199.281
-352.009
-508.004
-644.397
-758.739
-846.945
-887.782
-913.1
-912.284
-859.196
-747.305
-606.828
-424.698
-205.815
52.2705
347.109
638.68
936.785
1189.97
1406.4
1593.43
1760.86
1863.77
1871.94
1834.37
1754.33
1636.72
1448.87
1225.91
985.789
730.97
439.399
133.943
-135.577
-396.112
-646.031
-891.049
-1066.64
-1194.87
-1286.34
-1323.91
-1329.63
-1273.28
-1182.62
-1042.96
-878.798
-682.783
-491.669
-331.591
-143.744
43.2865
206.632
320.157
427.965
533.322
616.629
675.433
691.767
715.452
730.154
710.552
662.365
588.86
491.669
339.758
153.545
-31.0356
-225.417
-466.351
-723.62
-939.236
-1133.62
-1313.3
-1479.91
-1571.38
-1613.85
-1653.87
-1652.24
-1605.68
-1518.29
-1410.49
-1299.41
-1161.39
-980.889
-803.659
-650.114
-496.57
-311.99
-133.126
21.2349
207.449
392.845
541.49
676.25
833.061
979.255
1067.46
1125.45
1158.93
1181.8
1150.77
1063.38
966.188
846.129
707.285
552.924
400.196
262.986
130.676
5.71709
-87.3897
-144.561
-202.548
-245.835
-249.102
-213.982
-178.863
-145.377
-72.6887
10.6174
89.8399
183.763
297.288
406.73
498.203
580.693
659.915
745.671
823.26
855.113
860.013
852.663
814.276
740.771
627.246
491.669
311.99
111.892
-75.9556
-280.137
-509.637
-726.887
-920.451
-1080.53
-1196.5
-1295.33
-1373.73
-1421.92
-1427.64
-1395.79
-1360.67
-1297.78
-1172.82
-1020.09
-867.364
-685.234
-433.682
-169.062
81.6727
358.543
653.381
958.837
1241.42
1489.71
1696.34
1880.92
2000.16
2041
2074.49
2049.17
1938.91
1773.93
1608.95
1440.71
1198.95
934.335
682.783
450.016
191.931
-77.589
-326.691
-565.175
-784.057
-1002.12
-1187.52
-1334.53
-1461.94
-1593.43
-1676.74
-1657.95
-1612.22
-1555.86
-1436.62
-1225.91
-1002.12
-784.874
-508.004
-212.349
58.8043
282.587
498.203
699.935
824.894
878.798
871.447
854.296
791.408
663.182
508.004
344.659
162.529
-57.9876
-269.52
-461.451
-660.732
-884.515
-1088.7
-1243.06
-1382.72
-1524.01
-1626.92
-1663.67
-1666.12
-1628.55
-1530.55
-1391.7
-1203.04
-964.554
-692.584
-394.479
-75.1388
236.851
511.271
797.125
1086.25
1323.91
1490.53
1616.3
1713.49
1747.79
1729.83
1684.09
1597.52
1472.56
1340.25
1185.89
1027.44
880.431
710.552
539.856
404.28
307.906
209.082
121.692
60.4378
4.08363
-37.5694
-75.1388
-81.6727
-98.0072
-131.493
-180.497
-218.066
-215.616
-240.118
-285.038
-337.308
-354.459
-345.475
-349.559
-365.077
-363.443
-320.157
-285.038
-235.217
-187.03
-160.895
-145.377
-125.776
-79.2225
-59.621
-75.1388
-129.86
-173.963
-207.449
-276.87
-367.527
-454.1
-525.155
-616.629
-695.034
-725.253
-736.687
-753.022
-760.372
-690.951
-563.541
-441.849
-352.009
-262.169
-114.342
40.0196
168.246
304.639
431.232
518.621
584.776
672.166
756.289
832.244
874.714
864.097
896.766
966.188
995.59
936.785
876.348
845.312
792.225
746.488
647.664
495.753
303.822
159.262
53.0872
-76.7723
-257.269
-484.319
-626.429
-683.6
-699.118
-779.157
-886.148
-910.65
-856.746
-781.607
-741.588
-677.883
-626.429
-569.258
-457.367
-325.057
-219.699
-189.481
-145.377
-57.9876
80.8559
200.098
245.018
283.404
342.208
425.515
485.952
537.406
526.789
463.084
411.63
360.993
312.806
174.779
-40.0196
-226.233
-335.675
-441.032
-585.593
-692.584
-758.739
-784.057
-746.488
-637.047
-510.454
-380.595
-226.233
-65.3381
124.959
315.256
449.2
537.406
635.413
726.07
768.54
757.922
735.054
702.385
659.098
653.381
639.497
610.095
533.322
499.837
512.904
501.47
465.534
372.427
325.057
266.253
227.867
133.126
-17.1513
-117.609
-245.018
-329.958
-453.283
-534.956
-637.863
-733.42
-735.054
-761.189
-743.221
-761.189
-708.919
-658.282
-595.394
-499.02
-452.467
-344.659
-289.121
-168.246
-78.4057
-4.90036
80.8559
92.2901
151.094
173.963
236.034
205.815
155.178
142.927
91.4734
55.5374
-60.4378
-140.477
-264.619
-360.176
-417.347
-513.721
-583.143
-681.15
-708.919
-710.552
-662.365
-593.76
-534.139
-425.515
-289.121
-97.1905
51.4538
195.198
343.842
480.235
616.629
718.719
797.942
816.727
814.276
793.858
764.456
726.07
654.198
574.159
501.47
472.885
447.566
416.531
405.096
421.431
426.331
436.132
471.251
496.57
488.402
445.933
431.232
390.395
321.79
211.532
71.0552
-39.2029
-157.628
-279.32
-409.997
-512.904
-601.111
-660.732
-662.365
-635.413
-587.226
-540.673
-441.849
-311.99
-184.58
-66.9716
27.7687
117.609
173.963
222.15
256.452
260.536
245.018
218.066
186.214
157.628
143.744
103.724
47.3701
13.0676
-0.816727
-24.5018
-57.1709
-99.6406
-162.529
-227.867
-268.703
-307.906
-372.427
-434.499
-479.418
-509.637
-512.088
-508.004
-501.47
-493.303
-448.383
-383.861
-313.623
-240.934
-172.329
-85.7563
-0.816727
98.0072
168.246
214.799
275.237
344.659
396.112
427.965
467.984
482.685
495.753
522.705
545.573
550.474
562.725
574.975
547.207
513.721
482.685
438.582
347.926
256.452
162.529
46.5534
-58.8043
-171.513
-280.137
-413.264
-507.187
-565.175
-610.911
-651.748
-686.05
-674.616
-646.847
-581.509
-530.872
-475.335
-391.212
-309.539
-231.134
-179.68
-120.876
-93.9236
-86.573
-83.3061
-106.174
-137.21
-187.03
-210.715
-253.185
-308.723
-343.842
-391.212
-413.264
-444.299
-472.068
-485.136
-462.267
-427.965
-445.933
-438.582
-383.045
-286.671
-196.014
-120.876
-22.0516
126.593
303.006
412.447
525.155
697.484
868.18
993.956
1082.16
1179.35
1260.21
1295.33
1303.5
1296.15
1252.04
1158.12
1093.6
1074.81
1006.21
872.264
735.054
657.465
603.561
473.701
297.288
164.979
81.6727
-61.2545
-245.835
-370.794
-462.267
-599.477
-760.372
-830.611
-840.412
-894.316
-960.47
-945.769
-854.296
-756.289
-654.198
-521.072
-379.778
-235.217
-82.4894
83.3061
236.034
324.24
356.91
402.646
509.637
544.757
446.749
357.726
348.742
295.655
133.943
15.5178
-70.2385
-193.564
-314.44
-401.013
-463.084
-524.338
-561.908
-618.262
-667.266
-647.664
-652.565
-704.835
-713.819
-668.082
-679.516
-692.584
-593.76
-516.988
-498.203
-435.315
-281.771
-136.393
-34.3025
89.8399
227.867
405.913
579.876
713.819
815.093
933.518
1054.39
1063.38
1045.41
1058.48
1002.94
864.913
729.337
601.111
408.363
186.214
-17.1513
-221.333
-441.032
-649.298
-832.244
-991.506
-1099.31
-1190.79
-1257.76
-1256.94
-1184.25
-1102.58
-1032.34
-873.081
-678.7
-516.988
-371.611
-187.03
-2.45018
122.509
251.552
376.511
468.801
536.589
584.776
611.728
633.78
649.298
626.429
602.744
600.294
579.059
509.637
452.467
418.164
346.292
242.568
143.744
53.0872
-82.4894
-222.966
-332.408
-438.582
-550.474
-649.298
-703.202
-712.186
-668.899
-619.079
-485.952
-268.703
-119.242
35.1192
328.324
695.034
888.598
999.673
1212.84
1424.37
1541.98
1540.35
1496.24
1382.72
1256.13
1148.32
998.857
806.926
544.757
320.974
198.465
164.162
31.8523
-240.934
-418.981
-423.064
-454.1
-666.449
-825.711
-901.666
-1039.69
-1166.29
-1183.44
-1151.58
-1202.22
-1217.74
-1102.58
-875.531
-621.529
-428.781
-253.185
-22.8683
282.587
514.538
623.979
711.369
778.34
730.154
651.748
677.883
586.41
303.822
101.274
84.1228
20.4182
-138.027
-240.118
-326.691
-371.611
-330.774
-329.141
-415.714
-435.315
-406.73
-485.136
-524.338
-454.1
-487.586
-637.863
-648.481
-550.474
-548.024
-548.84
-471.251
-399.379
-343.842
-216.433
-53.904
43.2865
117.609
205.815
288.304
404.28
548.024
565.175
512.904
568.442
668.082
644.397
565.175
562.725
516.171
417.347
381.411
361.81
249.918
114.342
64.5214
16.3345
-35.1192
-89.8399
-181.313
-276.87
-299.739
-267.07
-309.539
-334.858
-311.99
-296.472
-285.854
-226.233
-124.959
-126.593
-115.975
-14.7011
92.2901
155.178
203.365
264.619
285.854
347.926
395.296
386.312
362.627
337.308
303.822
228.683
218.066
180.497
75.1388
2.45018
-22.8683
-44.92
-119.242
-169.062
-213.982
-267.886
-309.539
-351.192
-394.479
-459
-500.653
-542.306
-572.525
-559.458
-573.342
-599.477
-594.577
-530.872
-466.351
-410.813
-324.24
-241.751
-129.043
51.4538
288.304
450.833
522.705
671.349
890.232
1050.31
1071.55
1040.51
1035.61
1042.96
1029.08
880.431
616.629
382.228
236.851
95.557
-86.573
-277.687
-482.685
-582.326
-519.438
-419.797
-437.765
-476.968
-374.061
-236.851
-159.262
-93.1068
-49.8203
-79.2225
-96.3737
-34.3025
17.968
9.80072
-19.6014
-67.7883
-90.6566
14.7011
138.027
114.342
68.605
148.644
258.902
304.639
338.125
316.89
206.632
154.361
179.68
118.425
-33.4858
-155.995
-233.584
-289.121
-296.472
-316.89
-407.547
-442.666
-378.144
-350.376
-369.16
-319.34
-257.269
-267.886
-250.735
-150.278
-66.9716
-53.904
-41.6531
-21.2349
9.80072
83.3061
142.11
111.892
74.3221
124.142
175.596
192.747
204.182
182.13
129.86
132.31
191.114
191.931
107.808
41.6531
48.1869
49.0036
28.5854
-11.4342
-80.8559
-134.76
-164.979
-181.313
-207.449
-230.317
-263.803
-311.173
-271.97
-187.847
-167.429
-208.265
-187.03
-118.425
-71.0552
-21.2349
-0.816727
-9.80072
-17.1513
36.7527
114.342
125.776
116.792
114.342
146.194
238.484
312.806
312.806
274.42
309.539
369.977
378.961
368.344
325.057
287.488
224.6
196.831
153.545
68.605
-5.71709
-102.091
-131.493
-164.979
-191.114
-254.819
-307.906
-276.87
-288.304
-278.504
-271.97
-235.217
-251.552
-269.52
-204.182
-164.979
-118.425
-128.226
-90.6566
-45.7367
17.1513
80.8559
85.7563
148.644
188.664
234.401
231.95
240.118
217.249
126.593
80.8559
9.80072
-89.0232
-238.484
-303.822
-320.974
-379.778
-421.431
-417.347
-343.842
-289.938
-222.966
-166.612
-85.7563
40.8363
147.828
190.297
191.114
249.102
285.854
306.272
337.308
343.842
314.44
334.041
472.885
561.908
574.975
625.613
724.436
768.54
786.508
815.093
772.623
699.118
628.063
529.239
392.029
282.587
165.795
-17.1513
-145.377
-171.513
-222.966
-331.591
-383.861
-383.861
-393.662
-378.144
-347.926
-374.061
-420.614
-415.714
-377.328
-364.26
-367.527
-375.694
-378.961
-328.324
-251.552
-230.317
-231.95
-199.281
-162.529
-176.413
-193.564
-184.58
-212.349
-269.52
-324.24
-357.726
-398.563
-425.515
-441.849
-473.701
-436.132
-362.627
-306.272
-270.336
-222.966
-159.262
-109.441
-38.3861
20.4182
6.53381
-42.4698
-45.7367
-40.8363
-84.1228
-132.31
-173.963
-208.265
-205.815
-166.612
-138.027
-115.975
-62.8879
-2.45018
55.5374
150.278
248.285
289.938
300.555
347.926
400.196
400.196
371.611
326.691
263.803
238.484
213.166
156.811
91.4734
44.92
42.4698
39.2029
63.7047
66.1549
51.4538
63.7047
95.557
129.043
92.2901
78.4057
66.1549
49.8203
32.6691
6.53381
0.816727
-32.6691
-16.3345
-17.968
-9.80072
25.3185
51.4538
82.4894
97.1905
159.262
193.564
215.616
231.95
238.484
240.934
233.584
252.369
225.417
191.114
169.062
165.795
157.628
146.194
147.828
129.043
126.593
141.294
160.078
150.278
142.11
134.76
129.86
125.776
126.593
116.792
74.3221
48.1869
35.1192
15.5178
-27.7687
-41.6531
-50.637
-68.605
-56.3541
-46.5534
-49.0036
-64.5214
-44.1032
-25.3185
-11.4342
-6.53381
-28.5854
-44.92
-54.7207
-56.3541
-93.9236
-123.326
-138.027
-142.927
-143.744
-162.529
-160.078
-185.397
-191.931
-188.664
-192.747
-204.182
-221.333
-223.783
-240.934
-216.433
-216.433
-239.301
-234.401
-204.998
-173.146
-160.078
-124.142
-108.625
-80.8559
-43.2865
-27.7687
-8.16727
9.80072
27.7687
23.6851
31.8523
33.4858
17.968
4.08363
-11.4342
-19.6014
-35.1192
-49.0036
-57.9876
-73.5054
-102.091
-122.509
-135.577
-147.828
-164.979
-167.429
-169.879
-157.628
-124.142
-116.792
-108.625
-101.274
-79.2225
-58.8043
-46.5534
-25.3185
-17.968
-1.63345
-2.45018
13.0676
26.952
39.2029
65.3381
83.3061
112.708
123.326
140.477
147.828
178.046
212.349
196.831
180.497
148.644
118.425
76.7723
40.0196
2.45018
-40.8363
-66.9716
-83.3061
-76.7723
-71.8719
-57.9876
-37.5694
-1.63345
51.4538
93.1068
127.409
167.429
209.082
226.233
250.735
264.619
267.886
275.237
263.803
253.185
240.934
225.417
204.182
187.847
171.513
148.644
131.493
102.908
71.8719
64.5214
31.0356
-3.26691
-17.1513
-44.1032
-66.1549
-86.573
-93.9236
-124.142
-128.226
-133.943
-157.628
-162.529
-174.779
-151.094
-160.078
-138.027
-113.525
-79.2225
-28.5854
-13.0676
38.3861
44.1032
81.6727
98.0072
106.991
118.425
89.8399
97.1905
70.2385
64.5214
3.26691
-56.3541
-85.7563
-106.991
-111.075
-153.545
-151.094
-153.545
-127.409
-120.876
-115.975
-95.557
-97.1905
-75.9556
-74.3221
-43.2865
-42.4698
-44.1032
-44.1032
-50.637
-35.1192
-37.5694
-47.3701
-6.53381
41.6531
15.5178
75.9556
177.23
197.648
204.182
244.201
253.185
249.918
289.938
218.883
129.043
124.959
102.091
28.5854
-4.08363
-26.952
-118.425
-106.174
-35.1192
-24.5018
-49.0036
-33.4858
-17.968
-22.8683
6.53381
-35.936
-84.1228
-118.425
-165.795
-205.815
-241.751
-240.934
-275.237
-315.256
-302.189
-233.584
-176.413
-159.262
-117.609
-66.9716
-19.6014
22.0516
46.5534
24.5018
-10.6174
-22.0516
-40.8363
-66.9716
-98.0072
-136.393
-169.062
-156.811
-125.776
-122.509
-124.142
-97.1905
-62.0712
-43.2865
-16.3345
13.0676
20.4182
23.6851
33.4858
41.6531
62.0712
79.2225
67.7883
62.8879
92.2901
133.126
155.995
162.529
166.612
198.465
226.233
240.118
254.002
245.835
222.966
206.632
200.098
191.114
168.246
130.676
92.2901
86.573
103.724
98.0072
69.4218
63.7047
60.4378
43.2865
35.936
34.3025
14.7011
-31.0356
-50.637
-46.5534
-50.637
-66.1549
-104.541
-119.242
-118.425
-123.326
-124.959
-138.844
-142.11
-124.142
-98.0072
-61.2545
-30.2189
-10.6174
15.5178
54.7207
106.991
143.744
151.094
170.696
202.548
219.699
231.134
238.484
221.333
191.114
156.811
118.425
85.7563
40.0196
-12.2509
-55.5374
-83.3061
-92.2901
-102.908
-108.625
-117.609
-125.776
-115.975
-98.0072
-79.2225
-66.1549
-58.8043
-44.92
-31.0356
-15.5178
-6.53381
-5.71709
-8.16727
-15.5178
-20.4182
-22.0516
-20.4182
-21.2349
-18.7847
-11.4342
-6.53381
0
-4.90036
-16.3345
-22.8683
-23.6851
-14.7011
-17.1513
-24.5018
-31.0356
-23.6851
-4.08363
0
-4.08363
-9.80072
-18.7847
-27.7687
-36.7527
-53.904
-70.2385
-89.8399
-121.692
-148.644
-169.879
-191.931
-210.715
-217.249
-223.783
-229.5
-212.349
-183.763
-160.895
-139.66
-121.692
-98.8239
-70.2385
-43.2865
-29.4022
-27.7687
-33.4858
-35.936
-39.2029
-51.4538
-70.2385
-84.9396
-103.724
-128.226
-145.377
-160.078
-168.246
-176.413
-170.696
-167.429
-151.911
-123.326
-111.075
-86.573
-56.3541
-24.5018
4.90036
27.7687
48.1869
61.2545
76.7723
91.4734
109.441
124.142
133.943
149.461
167.429
183.763
191.931
204.998
214.799
232.767
261.352
273.603
285.854
299.739
307.089
313.623
317.707
305.456
278.504
260.536
245.835
230.317
210.715
191.114
169.879
151.094
147.828
134.76
119.242
106.174
83.3061
73.5054
73.5054
62.8879
52.2705
42.4698
33.4858
44.1032
49.8203
47.3701
44.1032
42.4698
49.0036
62.8879
85.7563
100.457
113.525
126.593
135.577
149.461
145.377
131.493
113.525
89.8399
69.4218
46.5534
14.7011
-19.6014
-40.8363
-57.9876
-75.9556
-99.6406
-127.409
-153.545
-169.879
-173.146
-181.313
-196.831
-199.281
-200.915
-203.365
-198.465
-201.731
-213.982
-214.799
-214.799
-209.899
-201.731
-200.098
-185.397
-165.795
-151.094
-126.593
-108.625
-94.7403
-75.1388
-61.2545
-53.904
-41.6531
-30.2189
-27.7687
-30.2189
-28.5854
-30.2189
-39.2029
-51.4538
-61.2545
-79.2225
-93.1068
-94.7403
-107.808
-120.876
-121.692
-127.409
-139.66
-146.194
-153.545
-170.696
-177.23
-177.23
-182.13
-186.214
-181.313
-175.596
-168.246
-144.561
-120.059
-103.724
-84.9396
-61.2545
-44.92
-33.4858
-22.8683
-16.3345
-16.3345
-17.1513
-15.5178
-21.2349
-35.936
-47.3701
-56.3541
-63.7047
-59.621
-51.4538
-44.1032
-31.0356
-10.6174
8.16727
30.2189
57.1709
80.0392
94.7403
111.075
125.776
131.493
135.577
146.194
152.728
156.811
170.696
178.046
185.397
196.831
204.998
209.899
222.966
240.118
247.468
254.819
267.886
274.42
273.603
271.153
266.253
256.452
237.667
218.883
199.281
174.779
155.995
138.844
125.776
116.792
109.441
102.908
99.6406
103.724
108.625
115.158
127.409
141.294
155.178
160.078
171.513
177.23
171.513
166.612
155.995
134.76
115.158
100.457
83.3061
69.4218
62.0712
49.8203
44.1032
41.6531
33.4858
19.6014
7.35054
-3.26691
-26.1352
-49.0036
-65.3381
-83.3061
-101.274
-115.975
-133.126
-142.927
-148.644
-159.262
-165.795
-168.246
-170.696
-167.429
-165.795
-167.429
-169.062
-174.779
-190.297
-200.098
-210.715
-230.317
-247.468
-262.986
-267.886
-275.237
-280.137
-280.954
-276.87
-271.97
-266.253
-256.452
-247.468
-245.018
-249.102
-246.651
-242.568
-240.934
-235.217
-239.301
-233.584
-227.05
-221.333
-208.265
-198.465
-183.763
-175.596
-161.712
-136.393
-108.625
-96.3737
-79.2225
-56.3541
-42.4698
-21.2349
-3.26691
8.98399
25.3185
48.1869
71.0552
91.4734
111.892
119.242
129.86
138.844
155.995
164.979
163.345
164.979
164.162
170.696
176.413
177.23
170.696
163.345
160.078
161.712
155.995
143.744
139.66
137.21
138.027
138.844
137.21
134.76
133.126
130.676
120.876
120.059
115.158
111.075
106.991
95.557
93.9236
101.274
107.808
107.808
112.708
110.258
115.158
116.792
118.425
129.043
137.21
143.744
142.927
151.911
148.644
133.943
122.509
110.258
102.908
89.0232
75.1388
62.8879
56.3541
48.1869
51.4538
51.4538
39.2029
33.4858
22.0516
13.0676
-2.45018
-14.7011
-22.8683
-28.5854
-30.2189
-40.8363
-43.2865
-46.5534
-49.8203
-44.1032
-39.2029
-32.6691
-30.2189
-22.8683
-19.6014
-15.5178
-15.5178
-6.53381
2.45018
1.63345
1.63345
-5.71709
-10.6174
-19.6014
-25.3185
-24.5018
-31.8523
-35.1192
-42.4698
-46.5534
-57.1709
-62.8879
-75.1388
-84.1228
-89.8399
-102.091
-105.358
-118.425
-122.509
-123.326
-120.876
-118.425
-119.242
-118.425
-122.509
-119.242
-122.509
-115.158
-111.075
-108.625
-109.441
-110.258
-107.808
-111.075
-103.724
-100.457
-91.4734
-85.7563
-80.0392
-71.8719
-71.8719
-71.8719
-70.2385
-66.1549
-66.9716
-68.605
-78.4057
-88.2065
-89.8399
-90.6566
-85.7563
-75.1388
-60.4378
-43.2865
-22.8683
-8.16727
9.80072
26.1352
39.2029
52.2705
56.3541
51.4538
44.1032
36.7527
23.6851
14.7011
7.35054
2.45018
8.98399
9.80072
18.7847
36.7527
52.2705
75.1388
92.2901
106.174
124.142
132.31
138.844
141.294
139.66
133.126
132.31
125.776
114.342
104.541
92.2901
86.573
78.4057
65.3381
53.904
43.2865
26.952
21.2349
17.968
17.968
20.4182
21.2349
26.952
28.5854
32.6691
35.936
39.2029
47.3701
49.0036
53.0872
56.3541
56.3541
57.1709
49.8203
44.1032
39.2029
28.5854
18.7847
0.816727
-17.1513
-38.3861
-56.3541
-71.8719
-88.2065
-100.457
-117.609
-128.226
-135.577
-142.927
-143.744
-143.744
-133.126
-120.876
-112.708
-103.724
-84.9396
-69.4218
-57.9876
-39.2029
-25.3185
-13.0676
-3.26691
7.35054
19.6014
26.952
37.5694
54.7207
77.589
94.7403
107.808
127.409
144.561
156.811
165.795
178.046
179.68
178.046
177.23
169.879
166.612
158.445
149.461
141.294
133.126
118.425
106.174
93.9236
76.7723
63.7047
45.7367
31.0356
12.2509
0
-8.16727
-17.968
-20.4182
-27.7687
-28.5854
-25.3185
-24.5018
-23.6851
-28.5854
-37.5694
-52.2705
-63.7047
-77.589
-90.6566
-102.091
-121.692
-135.577
-149.461
-166.612
-184.58
-200.915
-213.982
-224.6
-231.134
-241.751
-246.651
-252.369
-255.635
-253.185
-248.285
-237.667
-227.867
-210.715
-190.297
-176.413
-155.995
-131.493
-106.174
-80.8559
-56.3541
-37.5694
-17.968
4.08363
20.4182
40.0196
57.1709
66.9716
84.1228
98.8239
115.158
130.676
138.844
147.011
155.178
160.078
159.262
150.278
141.294
132.31
118.425
103.724
92.2901
79.2225
67.7883
56.3541
42.4698
32.6691
21.2349
10.6174
11.4342
12.2509
17.1513
31.0356
40.8363
55.5374
69.4218
80.0392
88.2065
93.9236
94.7403
98.0072
98.0072
91.4734
87.3897
80.0392
69.4218
54.7207
35.1192
22.0516
6.53381
-10.6174
-24.5018
-38.3861
-46.5534
-48.1869
-50.637
-49.0036
-41.6531
-40.8363
-38.3861
-30.2189
-23.6851
-10.6174
4.90036
17.968
35.936
50.637
66.9716
84.1228
95.557
109.441
117.609
116.792
114.342
111.892
108.625
109.441
99.6406
86.573
79.2225
71.8719
63.7047
57.1709
45.7367
33.4858
22.0516
9.80072
2.45018
-2.45018
-12.2509
-19.6014
-32.6691
-42.4698
-52.2705
-67.7883
-75.1388
-84.9396
-84.1228
-75.9556
-71.0552
-69.4218
-69.4218
-65.3381
-58.8043
-51.4538
-48.1869
-49.0036
-50.637
-53.0872
-47.3701
-44.1032
-43.2865
-43.2865
-48.1869
-45.7367
-40.0196
-39.2029
-41.6531
-44.1032
-42.4698
-41.6531
-42.4698
-47.3701
-62.0712
-72.6887
-77.589
-82.4894
-84.1228
-86.573
-90.6566
-89.0232
-78.4057
-71.8719
-63.7047
-52.2705
-40.8363
-26.952
-6.53381
7.35054
12.2509
10.6174
13.0676
17.1513
24.5018
33.4858
36.7527
45.7367
51.4538
52.2705
56.3541
53.904
49.0036
44.1032
40.0196
32.6691
23.6851
16.3345
4.08363
-4.08363
-12.2509
-20.4182
-28.5854
-41.6531
-44.1032
-44.92
-43.2865
-40.8363
-42.4698
-37.5694
-36.7527
-34.3025
-26.952
-28.5854
-31.8523
-33.4858
-28.5854
-23.6851
-17.1513
-9.80072
-3.26691
11.4342
26.1352
39.2029
53.0872
60.4378
61.2545
62.8879
65.3381
66.1549
69.4218
75.1388
74.3221
71.0552
67.7883
59.621
54.7207
53.0872
50.637
49.0036
53.0872
58.8043
66.1549
66.1549
59.621
48.1869
37.5694
31.0356
22.8683
24.5018
29.4022
35.936
45.7367
47.3701
46.5534
45.7367
43.2865
44.92
41.6531
42.4698
41.6531
37.5694
33.4858
25.3185
9.80072
-1.63345
-8.98399
-13.0676
-9.80072
-7.35054
-8.98399
-6.53381
-13.0676
-19.6014
-16.3345
-17.1513
-16.3345
-13.8844
-20.4182
-26.952
-36.7527
-49.8203
-53.904
-57.9876
-58.8043
-60.4378
-57.9876
-51.4538
-49.8203
-44.92
-42.4698
-41.6531
-39.2029
-35.1192
-26.952
-20.4182
-13.8844
-14.7011
-17.1513
-22.0516
-32.6691
-37.5694
-40.8363
-43.2865
-43.2865
-45.7367
-46.5534
-46.5534
-45.7367
-44.92
-48.1869
-55.5374
-61.2545
-58.8043
-49.8203
-41.6531
-40.8363
-45.7367
-51.4538
-59.621
-63.7047
-62.8879
-62.8879
-62.8879
-60.4378
-57.1709
-49.8203
-43.2865
-40.8363
-32.6691
-21.2349
-4.90036
12.2509
27.7687
43.2865
57.9876
73.5054
83.3061
84.1228
86.573
79.2225
72.6887
65.3381
53.0872
46.5534
34.3025
27.7687
22.8683
20.4182
21.2349
22.0516
26.952
33.4858
41.6531
49.8203
54.7207
58.8043
57.1709
59.621
62.8879
67.7883
75.1388
75.1388
71.8719
60.4378
50.637
37.5694
30.2189
21.2349
13.0676
9.80072
1.63345
-7.35054
-17.968
-24.5018
-25.3185
-22.0516
-17.1513
-13.0676
-8.16727
0
0.816727
1.63345
0
-6.53381
-17.1513
-27.7687
-37.5694
-47.3701
-57.9876
-66.9716
-77.589
-85.7563
-93.1068
-98.8239
-98.0072
-89.8399
-79.2225
-68.605
-59.621
-53.0872
-46.5534
-35.936
-25.3185
-13.0676
-2.45018
4.08363
4.08363
4.08363
7.35054
8.98399
17.1513
24.5018
35.936
49.8203
58.8043
72.6887
88.2065
100.457
114.342
126.593
137.21
145.377
151.094
153.545
155.178
147.828
135.577
121.692
102.908
87.3897
68.605
53.904
40.0196
25.3185
14.7011
9.80072
6.53381
8.98399
8.98399
5.71709
2.45018
-0.816727
-7.35054
-13.0676
-21.2349
-32.6691
-42.4698
-53.0872
-64.5214
-75.1388
-87.3897
-97.1905
-101.274
-105.358
-106.174
-108.625
-108.625
-106.174
-102.091
-99.6406
-97.1905
-98.8239
-103.724
-104.541
-102.908
-100.457
-104.541
-109.441
-111.892
-112.708
-104.541
-92.2901
-82.4894
-71.0552
-66.1549
-61.2545
-51.4538
-40.8363
-26.1352
-10.6174
3.26691
17.1513
26.952
32.6691
37.5694
39.2029
45.7367
50.637
55.5374
60.4378
58.8043
59.621
64.5214
64.5214
62.0712
57.1709
50.637
47.3701
48.1869
48.1869
43.2865
35.936
30.2189
23.6851
17.968
15.5178
16.3345
16.3345
21.2349
26.1352
26.952
25.3185
25.3185
26.952
30.2189
35.1192
34.3025
31.0356
28.5854
34.3025
43.2865
48.1869
50.637
47.3701
44.92
48.1869
52.2705
51.4538
50.637
48.1869
49.0036
55.5374
59.621
57.1709
50.637
42.4698
35.1192
27.7687
16.3345
2.45018
-13.0676
-23.6851
-26.1352
-29.4022
-35.1192
-42.4698
-44.92
-47.3701
-47.3701
-48.1869
-53.0872
-57.9876
-61.2545
-60.4378
-63.7047
-66.9716
-65.3381
-63.7047
-57.1709
-48.1869
-45.7367
-49.0036
-49.0036
-48.1869
-42.4698
-37.5694
-31.8523
-25.3185
-19.6014
-7.35054
1.63345
8.16727
8.98399
10.6174
13.8844
16.3345
22.8683
29.4022
33.4858
39.2029
48.1869
55.5374
57.9876
65.3381
71.0552
76.7723
84.1228
89.8399
93.1068
98.8239
101.274
102.091
100.457
96.3737
97.1905
93.9236
89.8399
84.1228
75.1388
62.8879
48.1869
35.936
23.6851
15.5178
8.16727
0
-9.80072
-26.952
-42.4698
-59.621
-75.1388
-88.2065
-99.6406
-109.441
-112.708
-115.975
-116.792
-115.975
-120.876
-123.326
-125.776
-122.509
-113.525
-106.991
-99.6406
-93.1068
-85.7563
-78.4057
-70.2385
-67.7883
-63.7047
-55.5374
-49.0036
-43.2865
-46.5534
-48.1869
-43.2865
-40.0196
-34.3025
-31.8523
-31.0356
-31.0356
-33.4858
-34.3025
-31.0356
-32.6691
-31.8523
-28.5854
-28.5854
-24.5018
-22.0516
-17.1513
-13.8844
-11.4342
-4.90036
-1.63345
-1.63345
0.816727
1.63345
3.26691
6.53381
8.98399
8.16727
11.4342
16.3345
21.2349
24.5018
24.5018
26.952
33.4858
37.5694
41.6531
49.0036
49.0036
49.8203
56.3541
57.9876
59.621
57.9876
57.1709
60.4378
62.0712
62.8879
57.9876
51.4538
45.7367
44.1032
48.1869
53.0872
56.3541
56.3541
53.904
54.7207
58.8043
63.7047
69.4218
75.1388
80.0392
83.3061
84.1228
83.3061
87.3897
93.9236
97.1905
102.091
103.724
100.457
95.557
93.9236
94.7403
96.3737
92.2901
83.3061
75.1388
66.1549
60.4378
56.3541
49.0036
40.8363
28.5854
22.8683
12.2509
0
-9.80072
-17.968
-22.8683
-25.3185
-31.8523
-33.4858
-31.8523
-32.6691
-31.8523
-28.5854
-30.2189
-29.4022
-31.0356
-30.2189
-26.1352
-26.1352
-24.5018
-26.1352
-25.3185
-22.0516
-26.1352
-30.2189
-39.2029
-51.4538
-63.7047
-74.3221
-86.573
-103.724
-118.425
-133.126
-142.11
-154.361
-167.429
-175.596
-182.13
-180.497
-179.68
-178.046
-178.046
-179.68
-178.863
-178.863
-173.146
-164.979
-155.178
-139.66
-120.059
-97.1905
-80.0392
-60.4378
-44.1032
-28.5854
-12.2509
1.63345
13.8844
18.7847
22.0516
21.2349
17.968
15.5178
4.90036
-8.98399
-22.0516
-33.4858
-40.8363
-47.3701
-45.7367
-43.2865
-42.4698
-40.8363
-31.8523
-20.4182
-9.80072
3.26691
14.7011
27.7687
38.3861
50.637
63.7047
71.0552
83.3061
98.8239
112.708
128.226
138.027
151.911
160.895
169.879
179.68
180.497
182.13
178.863
176.413
169.062
160.078
143.744
129.043
118.425
106.174
98.0072
81.6727
67.7883
57.9876
49.8203
47.3701
43.2865
42.4698
44.1032
50.637
63.7047
67.7883
77.589
89.8399
97.1905
102.091
104.541
106.991
99.6406
93.1068
90.6566
85.7563
80.8559
71.0552
62.8879
57.1709
47.3701
40.8363
33.4858
17.968
3.26691
-7.35054
-15.5178
-22.0516
-31.8523
-39.2029
-45.7367
-55.5374
-65.3381
-81.6727
-93.9236
-103.724
-112.708
-117.609
-121.692
-121.692
-122.509
-114.342
-106.174
-98.8239
-87.3897
-84.1228
-75.9556
-71.0552
-71.8719
-65.3381
-67.7883
-67.7883
-63.7047
-62.0712
-62.0712
-63.7047
-61.2545
-59.621
-57.9876
-57.1709
-53.0872
-53.0872
-52.2705
-40.8363
-34.3025
-32.6691
-31.8523
-33.4858
-39.2029
-46.5534
-56.3541
-58.8043
-61.2545
-62.8879
-54.7207
-47.3701
-41.6531
-31.0356
-23.6851
-10.6174
0
4.08363
14.7011
20.4182
25.3185
29.4022
28.5854
24.5018
18.7847
14.7011
8.98399
4.08363
-2.45018
-4.08363
1.63345
3.26691
8.16727
10.6174
9.80072
13.8844
14.7011
15.5178
13.8844
6.53381
-3.26691
-16.3345
-31.8523
-43.2865
-52.2705
-57.1709
-54.7207
-55.5374
-53.904
-47.3701
-44.92
-35.1192
-25.3185
-16.3345
-5.71709
1.63345
4.90036
9.80072
14.7011
19.6014
20.4182
17.968
15.5178
13.0676
11.4342
11.4342
10.6174
14.7011
22.0516
31.0356
38.3861
44.1032
49.0036
54.7207
63.7047
71.8719
79.2225
82.4894
83.3061
84.9396
85.7563
90.6566
94.7403
95.557
95.557
98.8239
104.541
111.075
120.059
123.326
122.509
118.425
110.258
102.908
93.1068
80.8559
73.5054
64.5214
56.3541
47.3701
40.0196
31.8523
23.6851
20.4182
16.3345
6.53381
-2.45018
-11.4342
-19.6014
-22.0516
-26.952
-26.952
-29.4022
-33.4858
-35.1192
-41.6531
-47.3701
-49.0036
-49.8203
-47.3701
-51.4538
-56.3541
-57.9876
-60.4378
-59.621
-53.904
-53.904
-51.4538
-54.7207
-61.2545
-64.5214
-68.605
-67.7883
-62.8879
-57.1709
-50.637
-44.1032
-43.2865
-41.6531
-46.5534
-45.7367
-44.1032
-44.92
-43.2865
-44.92
-44.92
-47.3701
-44.92
-40.0196
-33.4858
-29.4022
-26.1352
-26.1352
-26.952
-28.5854
-32.6691
-34.3025
-33.4858
-35.936
-37.5694
-41.6531
-47.3701
-53.0872
-59.621
-62.0712
-63.7047
-67.7883
-68.605
-65.3381
-62.0712
-57.1709
-55.5374
-57.1709
-54.7207
-48.1869
-41.6531
-33.4858
-26.952
-22.0516
-17.968
-13.8844
-3.26691
4.08363
16.3345
29.4022
35.936
41.6531
44.92
48.1869
49.8203
52.2705
57.1709
60.4378
59.621
62.0712
59.621
57.1709
55.5374
54.7207
57.9876
59.621
57.9876
56.3541
52.2705
52.2705
51.4538
49.0036
44.92
44.1032
40.0196
40.0196
39.2029
38.3861
39.2029
37.5694
39.2029
36.7527
35.1192
35.936
34.3025
34.3025
34.3025
31.0356
23.6851
18.7847
17.1513
17.1513
13.8844
8.98399
3.26691
4.08363
7.35054
12.2509
17.1513
21.2349
27.7687
33.4858
36.7527
38.3861
33.4858
28.5854
25.3185
22.0516
17.1513
10.6174
1.63345
-4.90036
-10.6174
-17.968
-19.6014
-20.4182
-22.0516
-19.6014
-18.7847
-18.7847
-16.3345
-10.6174
-1.63345
5.71709
10.6174
10.6174
7.35054
5.71709
4.08363
4.90036
8.16727
9.80072
10.6174
9.80072
8.98399
8.16727
8.98399
11.4342
10.6174
10.6174
4.08363
-2.45018
-5.71709
-7.35054
-3.26691
1.63345
3.26691
12.2509
17.1513
16.3345
12.2509
-0.816727
-13.0676
-22.8683
-27.7687
-29.4022
-30.2189
-40.8363
-46.5534
-51.4538
-57.1709
-57.9876
-64.5214
-70.2385
-63.7047
-60.4378
-57.9876
-58.8043
-66.9716
-64.5214
-60.4378
-58.8043
-56.3541
-61.2545
-69.4218
-70.2385
-71.0552
-68.605
-60.4378
-49.8203
-28.5854
-8.98399
0
-3.26691
-16.3345
-26.1352
-23.6851
-22.0516
-18.7847
-18.7847
-25.3185
-30.2189
-34.3025
-32.6691
-26.1352
-17.1513
-5.71709
1.63345
3.26691
0
-3.26691
-4.90036
-0.816727
4.90036
1.63345
-1.63345
-8.16727
-15.5178
-15.5178
-12.2509
-2.45018
1.63345
5.71709
13.8844
22.8683
31.8523
37.5694
37.5694
34.3025
31.8523
29.4022
31.8523
36.7527
43.2865
48.1869
51.4538
54.7207
55.5374
56.3541
58.8043
60.4378
61.2545
60.4378
52.2705
46.5534
44.92
48.1869
55.5374
57.9876
59.621
56.3541
56.3541
62.0712
74.3221
81.6727
87.3897
84.1228
76.7723
71.0552
64.5214
62.8879
60.4378
57.9876
48.1869
37.5694
31.0356
24.5018
18.7847
17.1513
26.1352
33.4858
31.0356
22.8683
10.6174
4.90036
2.45018
-1.63345
-7.35054
-17.968
-23.6851
-26.952
-22.8683
-17.1513
-17.1513
-22.0516
-26.1352
-25.3185
-24.5018
-26.1352
-26.952
-25.3185
-21.2349
-18.7847
-19.6014
-23.6851
-29.4022
-31.8523
-27.7687
-24.5018
-23.6851
-22.8683
-23.6851
-19.6014
-5.71709
8.16727
14.7011
13.8844
8.16727
4.90036
-3.26691
-11.4342
-20.4182
-31.8523
-40.0196
-49.0036
-57.9876
-62.0712
-66.1549
-67.7883
-64.5214
-61.2545
-60.4378
-62.0712
-65.3381
-66.9716
-66.9716
-66.1549
-66.9716
-66.9716
-69.4218
-68.605
-64.5214
-62.8879
-60.4378
-60.4378
-58.8043
-53.0872
-45.7367
-39.2029
-31.8523
-25.3185
-20.4182
-15.5178
-10.6174
-7.35054
-2.45018
3.26691
14.7011
23.6851
29.4022
31.0356
28.5854
29.4022
26.952
22.8683
20.4182
14.7011
7.35054
6.53381
4.90036
3.26691
0.816727
-3.26691
0
5.71709
15.5178
25.3185
30.2189
30.2189
26.952
22.8683
22.8683
26.1352
26.952
30.2189
32.6691
28.5854
26.952
19.6014
14.7011
15.5178
19.6014
23.6851
29.4022
34.3025
36.7527
38.3861
39.2029
40.8363
46.5534
50.637
53.0872
55.5374
52.2705
52.2705
52.2705
44.92
38.3861
28.5854
16.3345
9.80072
3.26691
-0.816727
1.63345
0.816727
3.26691
6.53381
4.90036
8.98399
6.53381
4.08363
6.53381
4.90036
5.71709
10.6174
9.80072
8.16727
4.08363
-3.26691
-8.98399
-13.0676
-8.98399
-2.45018
3.26691
6.53381
6.53381
1.63345
0
-3.26691
-10.6174
-7.35054
-1.63345
3.26691
8.16727
9.80072
8.98399
8.98399
13.8844
17.1513
17.1513
16.3345
10.6174
3.26691
5.71709
5.71709
4.90036
8.98399
7.35054
4.90036
9.80072
13.8844
17.1513
17.1513
18.7847
19.6014
15.5178
11.4342
0.816727
-10.6174
-13.0676
-13.8844
-14.7011
-11.4342
-13.8844
-24.5018
-31.0356
-35.936
-42.4698
-45.7367
-51.4538
-57.9876
-62.0712
-66.9716
-71.8719
-80.8559
-89.0232
-95.557
-93.9236
-88.2065
-82.4894
-80.8559
-80.0392
-75.9556
-75.1388
-72.6887
-66.9716
-66.1549
-60.4378
-54.7207
-53.0872
-48.1869
-50.637
-53.904
-55.5374
-50.637
-42.4698
-34.3025
-28.5854
-26.1352
-26.1352
-26.1352
-20.4182
-18.7847
-13.0676
-9.80072
-6.53381
0.816727
4.90036
8.16727
9.80072
17.1513
26.1352
36.7527
46.5534
55.5374
56.3541
57.9876
60.4378
62.0712
66.1549
66.1549
63.7047
59.621
57.9876
57.9876
57.1709
53.904
53.0872
53.904
57.1709
65.3381
68.605
68.605
66.9716
68.605
68.605
71.8719
71.0552
66.9716
64.5214
62.8879
62.0712
66.1549
74.3221
75.9556
81.6727
88.2065
84.1228
84.1228
84.1228
82.4894
84.9396
86.573
86.573
78.4057
71.8719
64.5214
59.621
51.4538
44.1032
40.8363
35.936
35.1192
29.4022
22.8683
13.8844
-0.816727
-8.16727
-16.3345
-22.0516
-26.952
-34.3025
-40.0196
-47.3701
-53.904
-56.3541
-60.4378
-63.7047
-61.2545
-62.0712
-61.2545
-62.0712
-66.1549
-68.605
-71.8719
-72.6887
-69.4218
-67.7883
-66.1549
-61.2545
-66.1549
-68.605
-68.605
-72.6887
-71.0552
-69.4218
-70.2385
-70.2385
-74.3221
-78.4057
-75.9556
-73.5054
-68.605
-66.9716
-62.8879
-57.1709
-49.8203
-39.2029
-36.7527
-36.7527
-37.5694
-41.6531
-40.0196
-38.3861
-38.3861
-37.5694
-38.3861
-38.3861
-34.3025
-31.8523
-27.7687
-23.6851
-17.1513
-4.90036
4.90036
17.1513
25.3185
31.8523
34.3025
34.3025
35.1192
34.3025
33.4858
38.3861
40.8363
43.2865
46.5534
46.5534
48.1869
47.3701
52.2705
59.621
62.8879
67.7883
69.4218
67.7883
66.1549
62.8879
58.8043
51.4538
41.6531
32.6691
27.7687
27.7687
26.1352
26.1352
26.1352
20.4182
17.968
13.8844
9.80072
4.08363
-2.45018
-8.16727
-13.8844
-13.8844
-17.968
-27.7687
-37.5694
-44.92
-48.1869
-45.7367
-44.92
-44.1032
-44.1032
-41.6531
-38.3861
-35.1192
-33.4858
-37.5694
-37.5694
-35.936
-30.2189
-26.952
-27.7687
-26.952
-24.5018
-17.968
-8.98399
-1.63345
4.90036
8.98399
13.8844
23.6851
31.8523
38.3861
38.3861
40.0196
44.92
49.8203
51.4538
48.1869
41.6531
36.7527
35.936
37.5694
35.1192
32.6691
29.4022
22.0516
17.968
11.4342
4.90036
0.816727
-0.816727
2.45018
2.45018
0
-5.71709
-11.4342
-17.1513
-17.1513
-16.3345
-17.968
-17.1513
-21.2349
-18.7847
-14.7011
-11.4342
-5.71709
-3.26691
-0.816727
1.63345
4.08363
4.90036
8.98399
10.6174
13.8844
13.8844
14.7011
17.1513
13.0676
9.80072
8.16727
6.53381
8.16727
6.53381
5.71709
8.16727
8.98399
11.4342
9.80072
10.6174
8.16727
6.53381
4.90036
0.816727
0.816727
-6.53381
-6.53381
-8.16727
-10.6174
-12.2509
-21.2349
-22.8683
-24.5018
-24.5018
