SAMPLES: 7060
BITSPERSAMPLE:	16
CHANNELS:	1
SAMPLERATE:	16000
NORMALIZED:	FALSE
-25.8125
-18.7727
-13.4929
-7.62642
-5.27983
6.45313
8.79972
-1.1733
-10.5597
-18.7727
-14.6662
-15.8395
-25.2259
-27.5725
-24.6392
-22.8793
-24.0526
-12.9063
4.10654
17.5994
17.0128
11.733
19.946
7.62642
-2.34659
4.10654
7.03977
16.4261
18.7727
-1.1733
-8.79972
2.34659
0
1.75994
11.1463
7.03977
14.6662
13.4929
-9.97301
-9.38637
-4.69318
-5.86648
-4.10654
-2.34659
2.34659
12.9063
25.8125
21.706
22.8793
22.2926
14.6662
4.69318
-9.97301
-13.4929
-21.706
-26.9858
-36.9588
-52.2117
-29.919
-4.69318
8.79972
18.1861
16.4261
11.1463
5.27983
-3.51989
-15.2528
-5.86648
-10.5597
-34.6122
-46.9318
-62.1847
-60.4247
-59.2514
-46.3452
-13.4929
2.93324
13.4929
10.5597
9.38637
9.97301
11.1463
15.2528
9.97301
12.3196
-10.5597
-20.5327
-19.3594
-28.1591
-15.2528
-7.03977
10.5597
18.7727
26.9858
26.3992
25.8125
31.679
15.8395
11.1463
2.93324
-13.4929
-20.5327
-19.3594
-5.27983
1.1733
17.0128
26.9858
34.6122
48.1051
35.7855
26.3992
28.1591
21.706
0.586648
-13.4929
-11.1463
-22.8793
-31.0923
-33.4389
-8.79972
39.8921
63.9446
82.7174
106.183
138.449
142.555
126.129
124.956
114.983
90.3438
33.4389
-23.4659
-68.0512
-99.7301
-130.236
-143.142
-96.7969
-59.8381
-11.733
37.5455
79.1975
117.916
126.716
131.409
126.129
109.117
60.4247
5.86648
-46.9318
-94.4503
-136.102
-169.541
-167.781
-144.315
-120.849
-87.4105
-48.1051
-8.21307
24.0526
34.0256
42.8253
39.8921
18.7727
-19.946
-63.9446
-82.7174
-81.5441
-65.7046
-30.5057
17.5994
46.3452
52.2117
26.3992
-14.6662
-59.8381
-125.543
-171.301
-195.354
-200.047
-190.074
-169.541
-124.369
-61.598
5.27983
46.3452
73.331
94.4503
80.3708
24.6392
-59.2514
-146.075
-221.166
-293.324
-326.763
-294.497
-213.54
-90.3438
35.1989
231.139
537.956
769.095
831.867
800.188
705.737
490.438
203.567
-102.077
-359.029
-482.811
-578.435
-663.499
-600.141
-393.641
-174.234
70.3977
364.895
577.262
674.058
709.844
642.966
505.104
334.389
103.25
-146.075
-319.723
-442.919
-529.156
-482.225
-351.402
-208.26
-6.45313
215.3
369.002
498.651
580.195
558.489
465.212
316.79
118.503
-62.1847
-190.661
-308.577
-373.108
-366.655
-332.043
-296.257
-249.912
-177.168
-106.77
-41.652
-8.79972
-21.1193
-35.1989
-49.8651
-76.8509
-86.8239
-89.1705
-110.29
-139.036
-153.702
-170.715
-180.688
-185.381
-197.114
-196.527
-200.047
-220.58
-248.152
-259.885
-256.952
-241.112
-208.26
-169.541
-131.409
-105.597
-80.3708
-70.9844
-78.6108
-109.703
-174.234
-239.939
-307.403
-361.375
-330.283
-186.554
22.8793
261.645
488.091
703.977
906.958
973.249
851.813
668.192
458.172
183.621
-97.3836
-340.842
-489.851
-518.01
-481.051
-391.881
-198.874
68.6378
317.963
542.649
759.709
899.918
905.784
820.72
668.192
445.266
190.661
-58.0781
-275.138
-415.347
-445.852
-390.707
-259.298
-70.3977
109.703
244.632
336.736
367.242
319.136
232.313
134.929
28.1591
-57.4915
-104.423
-119.676
-106.77
-76.8509
-63.358
-58.0781
-51.625
-91.5171
-177.754
-253.432
-301.537
-329.109
-312.683
-276.311
-230.553
-150.769
-59.2514
46.3452
167.781
276.898
350.229
381.321
354.922
256.365
89.1705
-118.503
-320.31
-510.97
-658.806
-737.416
-751.496
-688.138
-555.556
-387.774
-199.46
-12.3196
133.169
229.966
280.418
267.511
204.74
101.49
-22.2926
-134.929
-234.659
-306.23
-341.429
-337.323
-291.564
-224.099
-146.075
-71.571
0
62.7713
92.1037
91.5171
57.4915
-5.27983
-94.4503
-191.247
-293.911
-380.734
-440.573
-479.291
-470.492
-413
-255.192
43.4119
409.48
791.388
1147.48
1327
1274.79
1105.24
849.466
500.411
160.742
-140.795
-417.107
-621.847
-756.776
-784.348
-631.233
-317.377
36.3722
363.722
668.779
900.505
1003.75
1008.45
925.73
714.537
394.227
52.2117
-265.751
-510.384
-621.847
-624.78
-519.183
-316.79
-76.8509
148.422
336.149
461.105
493.958
469.905
425.32
349.642
278.071
224.686
174.821
122.609
74.5043
11.1463
-79.1975
-166.608
-268.098
-378.388
-454.652
-498.064
-540.889
-574.328
-543.823
-476.945
-394.814
-262.232
-115.57
51.0384
219.406
370.761
478.705
517.423
482.225
342.602
154.875
-53.9716
-290.977
-523.877
-695.764
-777.308
-791.975
-719.817
-565.529
-340.842
-90.9304
122.609
289.804
395.401
432.359
378.975
265.751
126.129
-41.652
-207.087
-346.122
-446.439
-513.317
-539.129
-516.837
-439.399
-313.857
-173.648
-35.1989
90.9304
181.274
225.859
231.139
194.767
107.357
-12.9063
-146.075
-278.658
-371.348
-424.146
-455.239
-450.546
-423.56
-383.081
-333.216
-252.845
-116.743
104.423
395.401
674.058
943.33
1178.58
1254.84
1128.71
898.745
652.352
380.734
100.317
-155.462
-332.043
-398.921
-414.173
-367.242
-192.421
86.2372
356.682
581.368
800.188
952.716
979.115
897.571
745.043
531.503
238.179
-53.9716
-299.19
-477.531
-552.622
-539.716
-421.213
-218.82
17.0128
238.766
417.693
532.09
548.516
491.611
387.188
251.672
92.6904
-59.8381
-158.395
-249.912
-326.763
-378.975
-431.773
-462.865
-483.398
-516.837
-552.036
-549.102
-533.263
-522.117
-468.145
-371.348
-273.378
-157.222
-34.6122
25.8125
80.9574
160.742
185.381
185.381
154.288
41.652
-85.6506
-219.406
-386.601
-527.396
-608.941
-652.939
-634.166
-538.543
-382.494
-201.22
-19.946
155.462
299.777
402.44
433.533
386.014
300.95
187.141
42.2386
-96.2103
-202.98
-292.151
-349.642
-364.895
-339.082
-279.244
-194.18
-85.6506
30.5057
141.969
238.179
317.377
370.175
364.308
303.297
215.886
111.463
-20.5327
-153.115
-256.365
-336.149
-388.948
-425.906
-430.6
-374.868
-273.378
-163.675
-10.5597
255.192
574.328
828.933
1012.55
1173.88
1229.61
1099.38
867.652
616.567
364.895
103.25
-175.408
-397.161
-503.344
-540.889
-543.823
-444.092
-229.379
-2.93324
198.874
407.134
606.007
727.443
753.843
721.577
618.327
441.159
235.832
37.5455
-142.555
-280.418
-357.269
-386.601
-359.029
-296.257
-225.859
-143.142
-62.7713
-11.733
4.69318
33.4389
75.6776
95.6236
106.183
129.649
140.209
111.463
50.4517
-46.9318
-166.608
-286.871
-435.879
-597.794
-698.698
-754.429
-787.868
-753.256
-611.874
-411.827
-194.18
41.652
251.085
426.493
552.036
571.982
499.824
376.628
167.781
-102.663
-359.615
-592.514
-759.122
-844.186
-842.426
-740.936
-563.769
-335.563
-94.4503
131.996
322.07
446.439
496.891
478.118
390.121
267.511
136.102
-7.62642
-145.489
-241.699
-290.391
-292.151
-257.538
-202.394
-133.169
-54.5583
27.5725
105.597
190.074
269.271
316.203
326.763
289.804
205.913
99.7301
-38.7188
-207.087
-370.175
-498.064
-593.101
-633.58
-593.101
-475.185
-303.297
-109.703
149.595
510.384
875.865
1123.43
1241.35
1280.65
1202.04
956.823
611.287
271.618
-11.733
-258.125
-491.024
-647.073
-677.578
-630.06
-525.637
-316.203
-12.3196
279.244
516.25
719.23
885.252
966.796
928.077
791.975
588.408
344.949
86.8239
-150.769
-330.283
-444.092
-479.878
-451.132
-369.588
-250.499
-120.263
13.4929
129.063
215.3
269.858
310.923
329.109
290.977
227.619
164.848
80.9574
-21.1193
-137.276
-279.244
-425.906
-557.315
-697.524
-818.96
-858.266
-848.88
-814.267
-694.591
-479.878
-231.139
7.03977
230.553
422.973
565.529
637.1
584.888
441.746
259.298
-3.51989
-312.683
-564.942
-751.496
-848.88
-823.067
-733.31
-588.408
-384.254
-161.915
47.5185
220.58
342.016
393.054
366.068
286.284
180.688
71.571
-25.2259
-123.783
-212.953
-257.538
-272.205
-266.925
-228.206
-160.742
-87.4105
-21.1193
43.4119
109.703
164.848
195.354
194.767
176.581
149.009
86.2372
7.03977
-79.7841
-169.541
-240.526
-298.604
-333.803
-347.882
-351.989
-304.47
-193.007
-63.358
46.3452
128.476
295.084
622.433
942.743
1124.6
1212.01
1212.01
1078.85
810.161
483.985
230.553
62.1847
-116.743
-311.51
-422.973
-427.666
-359.029
-210.607
25.2259
292.151
492.784
609.527
701.044
763.816
748.563
635.34
441.159
209.433
-14.6662
-198.874
-317.377
-366.655
-351.402
-273.965
-171.301
-70.3977
18.1861
66.2912
63.9446
9.97301
-86.8239
-181.861
-234.659
-256.952
-269.858
-256.952
-202.394
-141.969
-127.303
-166.021
-241.699
-336.149
-445.266
-566.702
-664.085
-694.591
-696.351
-669.365
-542.063
-355.509
-170.128
25.8125
190.074
295.671
377.215
400.094
340.256
242.872
103.837
-80.3708
-268.098
-440.573
-568.462
-620.087
-586.061
-499.824
-392.467
-249.325
-85.0639
59.8381
170.128
252.845
282.764
258.125
204.153
139.622
95.037
68.0512
25.2259
-2.93324
-6.45313
-8.21307
-9.38637
-15.8395
-26.3992
-39.3054
-49.8651
-57.4915
-45.1719
-3.51989
38.7188
78.0242
116.156
132.582
136.689
129.649
91.5171
31.0923
-21.1193
-72.1577
-147.835
-228.793
-256.952
-225.273
-167.781
-132.582
-102.077
134.929
570.222
919.864
1092.93
1209.67
1268.33
1169.19
875.279
529.743
310.337
144.902
-133.756
-445.266
-626.54
-682.858
-668.779
-556.142
-303.884
-19.946
188.314
348.469
535.61
719.817
810.747
774.962
650.006
495.131
321.483
130.236
-57.4915
-232.313
-353.162
-413
-436.466
-428.253
-378.975
-295.084
-224.099
-181.861
-149.009
-82.1307
28.7457
113.81
142.555
173.648
220.58
214.126
122.023
-12.9063
-184.207
-377.801
-575.502
-774.375
-909.891
-959.756
-987.915
-960.343
-764.989
-443.506
-127.303
136.689
364.895
566.702
703.977
692.831
564.942
421.8
245.805
-15.2528
-317.963
-564.942
-716.884
-793.148
-818.96
-780.242
-648.246
-455.239
-261.058
-83.8906
85.6506
221.753
287.457
290.977
254.605
217.06
179.514
112.05
47.5185
26.3992
32.2656
19.3594
-4.69318
-14.6662
-27.5725
-51.625
-80.3708
-94.4503
-70.9844
-19.946
34.6122
89.1705
159.568
211.193
229.966
234.659
198.287
124.369
37.5455
-63.358
-167.195
-269.858
-338.496
-338.496
-269.858
-194.767
-141.969
66.2912
510.384
972.076
1256.01
1397.98
1454.89
1375.1
1097.62
689.311
339.082
82.1307
-219.993
-560.249
-788.455
-841.84
-782.002
-620.673
-315.617
58.0781
373.695
587.821
779.655
962.103
1043.06
976.182
776.722
516.837
246.979
-19.946
-252.845
-447.026
-569.635
-611.287
-598.381
-539.129
-443.506
-327.936
-223.513
-152.528
-119.676
-76.8509
1.75994
72.7443
104.423
119.09
142.555
135.516
41.0654
-116.156
-305.057
-505.69
-714.537
-922.21
-1080.61
-1151
-1152.18
-1060.07
-829.52
-525.05
-215.886
86.2372
373.695
629.473
787.868
803.121
717.47
553.796
320.31
28.7457
-287.457
-550.862
-723.337
-826
-845.946
-774.962
-624.193
-395.987
-130.822
140.795
380.734
527.983
580.195
574.915
525.637
451.719
357.269
244.046
131.996
54.5583
22.8793
9.97301
-7.03977
-17.5994
-21.706
-39.3054
-62.7713
-58.6648
-18.1861
21.706
55.1449
107.357
189.487
262.232
285.111
265.751
215.3
133.169
-2.34659
-157.222
-286.284
-408.894
-511.557
-528.57
-448.199
-315.03
-217.646
-137.276
175.994
729.79
1203.21
1423.79
1508.27
1505.93
1312.92
869.412
353.162
0
-255.192
-590.168
-940.983
-1130.47
-1098.2
-913.997
-621.26
-210.02
208.847
505.69
694.591
875.865
1046.58
1105.24
962.689
661.739
333.216
28.7457
-259.298
-503.344
-678.752
-752.669
-729.79
-640.033
-508.037
-329.696
-134.342
-2.93324
49.2784
70.3977
120.849
202.98
236.419
197.7
168.955
171.888
109.703
-40.4787
-211.78
-383.081
-562.595
-741.523
-896.398
-984.395
-993.195
-966.209
-857.679
-599.554
-271.618
36.9588
311.51
553.796
762.642
885.838
884.078
782.002
618.914
377.801
44.5852
-326.763
-606.594
-783.762
-913.411
-955.649
-891.118
-714.537
-444.679
-140.209
174.234
455.239
629.473
687.551
652.939
549.689
399.507
217.646
24.0526
-119.09
-182.447
-172.474
-138.449
-114.396
-84.4773
-50.4517
-26.3992
-18.7727
-15.8395
-15.2528
-17.5994
-23.4659
-20.5327
28.1591
96.7969
127.303
119.676
108.53
92.1037
53.385
-22.8793
-130.822
-243.459
-358.442
-458.759
-466.385
-383.668
-276.898
-219.406
-125.543
268.098
872.345
1334.04
1544.64
1629.12
1596.86
1356.33
886.425
380.148
38.7188
-258.125
-667.605
-1063.59
-1227.85
-1132.23
-916.931
-613.047
-175.994
284.524
630.06
874.692
1115.8
1319.96
1350.46
1135.75
757.362
356.682
-24.0526
-391.881
-705.151
-906.371
-976.182
-925.73
-787.868
-587.235
-336.736
-90.3438
80.3708
175.408
249.325
343.776
424.733
414.76
323.83
232.313
137.276
-39.3054
-286.871
-521.53
-718.644
-892.878
-1042.47
-1138.1
-1118.74
-979.115
-806.054
-623.607
-342.602
-10.5597
252.259
480.465
674.058
808.987
917.517
915.171
772.029
593.101
317.377
-96.7969
-510.97
-861.786
-1084.13
-1188.55
-1207.32
-1089.99
-850.053
-498.651
-78.0242
308.577
651.766
906.958
982.049
939.223
819.547
622.433
404.2
160.742
-80.9574
-257.538
-376.041
-458.759
-517.423
-522.703
-449.372
-327.936
-187.141
-29.919
140.795
305.644
422.973
492.198
529.743
513.317
414.76
256.365
79.7841
-104.423
-297.43
-481.051
-624.78
-695.764
-711.604
-674.058
-532.09
-315.617
-157.808
-18.1861
343.776
903.438
1386.25
1638.51
1724.16
1698.93
1495.37
1055.38
531.503
141.382
-185.967
-615.394
-1063.01
-1322.3
-1331.1
-1170.36
-875.865
-422.386
94.4503
535.023
886.425
1220.81
1513.55
1626.77
1475.42
1114.04
650.593
163.088
-315.617
-727.443
-1019.01
-1160.98
-1171.54
-1064.18
-842.426
-532.09
-201.807
61.0114
242.872
391.881
552.622
692.245
714.537
600.141
437.639
262.818
8.21307
-317.377
-641.206
-929.837
-1170.36
-1358.09
-1453.13
-1393.29
-1203.21
-970.316
-708.084
-380.148
-12.3196
342.602
671.125
946.263
1116.39
1159.22
1099.38
953.303
720.404
370.761
-88.5838
-563.182
-969.142
-1265.4
-1429.66
-1407.37
-1193.24
-857.679
-450.546
-1.1733
447.612
844.186
1114.04
1208.49
1150.42
976.769
719.817
438.226
156.048
-126.716
-382.494
-577.848
-704.564
-768.509
-753.843
-653.526
-490.438
-277.484
-29.3324
233.486
485.744
679.925
795.495
833.04
768.509
597.794
346.709
55.1449
-234.073
-520.357
-770.269
-908.718
-947.436
-928.664
-840.08
-648.246
-359.029
-58.6648
122.023
333.216
788.455
1302.94
1624.43
1745.86
1759.36
1640.85
1270.09
685.791
149.009
-201.22
-528.57
-948.61
-1306.46
-1427.9
-1325.24
-1097.03
-719.23
-185.967
344.949
744.456
1048.93
1352.81
1604.48
1633.81
1373.34
932.77
444.679
-59.2514
-534.436
-928.077
-1208.49
-1338.14
-1319.37
-1160.39
-852.399
-438.226
-35.7855
269.271
495.131
697.524
878.799
960.929
874.105
666.432
428.84
154.288
-200.047
-562.009
-874.692
-1147.48
-1357.5
-1490.09
-1491.85
-1319.37
-1057.14
-784.935
-475.771
-95.037
313.27
677.578
972.662
1181.51
1258.36
1200.28
1038.95
800.774
495.717
72.7443
-459.932
-933.357
-1266.57
-1474.25
-1513.55
-1358.68
-1045.99
-635.34
-177.168
286.871
741.523
1122.84
1333.45
1353.98
1226.09
986.155
655.872
288.631
-69.2245
-388.361
-633.58
-799.014
-878.799
-876.452
-780.242
-579.021
-292.151
35.1989
359.615
654.112
890.532
1031.33
1062.42
973.836
765.576
474.011
133.756
-251.672
-614.807
-885.252
-1080.61
-1179.16
-1180.34
-1101.72
-930.424
-674.645
-344.362
11.1463
316.79
510.384
678.165
1052.45
1554.62
1838.55
1809.22
1629.12
1341.66
860.026
195.354
-441.159
-852.986
-1152.76
-1508.86
-1778.13
-1732.37
-1396.22
-939.81
-366.655
350.815
1026.05
1494.19
1782.82
1996.95
2086.71
1864.37
1292.39
545.583
-189.487
-851.813
-1408.54
-1784.58
-1922.45
-1812.16
-1491.26
-1027.22
-445.266
184.207
709.844
1053.03
1234.31
1305.88
1307.05
1193.24
917.517
537.956
149.009
-244.632
-669.365
-1063.59
-1369.24
-1619.15
-1813.33
-1876.69
-1746.45
-1425.55
-999.061
-567.289
-105.597
459.932
1031.33
1484.81
1786.34
1899.57
1811.57
1533.5
1088.82
593.688
85.0639
-499.237
-1120.5
-1633.23
-1924.79
-1982.87
-1860.26
-1541.12
-1035.43
-445.852
158.982
739.176
1264.23
1655.52
1811.57
1736.48
1497.71
1134.58
671.712
158.982
-334.976
-751.496
-1074.74
-1304.7
-1403.26
-1334.04
-1119.91
-799.014
-362.548
149.595
648.833
1055.97
1334.04
1478.35
1461.93
1256.01
869.412
376.628
-178.341
-739.763
-1200.87
-1469.55
-1581.02
-1571.63
-1435.53
-1179.16
-838.906
-465.798
-63.358
356.095
686.965
834.8
1041.89
1555.79
2124.25
2351.87
2218.12
1935.35
1556.38
918.691
51.0384
-697.524
-1164.5
-1564
-2001.06
-2224.57
-2015.72
-1506.51
-882.905
-110.876
809.574
1649.07
2198.17
2492.08
2631.7
2538.43
2018.66
1109.94
68.0512
-890.532
-1699.52
-2282.06
-2552.5
-2458.64
-2035.08
-1390.94
-619.5
202.394
962.103
1505.93
1735.3
1688.37
1492.43
1229.61
864.719
388.948
-96.7969
-528.57
-939.223
-1342.25
-1657.28
-1847.35
-1950.02
-1962.34
-1855.57
-1578.67
-1120.5
-608.354
-147.835
330.283
856.506
1330.52
1665.49
1803.94
1772.26
1603.9
1257.77
764.989
241.699
-298.017
-875.279
-1435.53
-1862.61
-2045.64
-2015.72
-1816.26
-1433.77
-891.118
-218.82
499.237
1135.75
1640.85
1935.35
1957.64
1770.5
1418.51
923.384
350.229
-245.219
-778.482
-1159.22
-1366.89
-1400.33
-1268.33
-1011.38
-634.166
-127.303
455.239
993.782
1370.41
1551.1
1551.1
1375.1
1031.91
564.355
35.1989
-514.49
-1037.19
-1437.29
-1600.96
-1528.22
-1323.48
-1063.01
-752.083
-411.24
-106.77
115.57
311.51
528.57
658.219
615.394
657.046
1089.41
1713.6
2065
2039.19
1869.06
1623.25
1107.59
251.672
-604.834
-1163.32
-1575.15
-2010.44
-2270.33
-2079.08
-1526.46
-861.199
-65.7046
929.837
1864.95
2428.14
2636.4
2685.09
2556.02
2005.16
980.289
-225.859
-1298.25
-2131.29
-2684.5
-2848.18
-2548.99
-1883.14
-1038.37
-112.636
853.573
1698.93
2197.58
2248.03
1933.59
1437.29
894.051
308.577
-322.07
-916.931
-1388.01
-1713.6
-1891.35
-1891.94
-1759.36
-1596.86
-1402.09
-1141.03
-806.054
-406.547
-48.1051
191.834
386.014
631.82
893.465
1101.72
1245.45
1301.77
1224.33
1030.15
759.122
442.919
73.331
-451.132
-1099.38
-1625.6
-1949.43
-2093.16
-1962.34
-1582.19
-1049.51
-429.426
258.712
972.662
1595.1
1982.28
2040.95
1834.45
1450.19
913.411
266.925
-347.882
-842.426
-1214.36
-1404.44
-1380.38
-1151
-722.164
-194.18
344.949
854.159
1243.69
1423.21
1401.5
1219.05
876.452
415.933
-105.597
-642.379
-1087.65
-1374.52
-1499.47
-1401.5
-1088.82
-681.098
-315.617
-14.6662
252.259
432.946
442.919
311.51
179.514
91.5171
-19.3594
-187.727
-172.474
323.83
1056.55
1540.54
1747.04
1884.31
1920.69
1575.15
845.36
141.969
-305.644
-706.324
-1250.15
-1667.25
-1652.59
-1363.37
-999.648
-413
469.905
1287.69
1764.64
2009.27
2161.8
2133.64
1664.32
790.801
-189.487
-1024.87
-1659.63
-2057.96
-2050.92
-1642.61
-1004.34
-296.257
424.733
1121.67
1636.16
1778.72
1495.95
966.796
379.561
-197.7
-756.776
-1274.2
-1643.79
-1811.57
-1812.16
-1660.8
-1361.61
-983.809
-629.473
-332.043
-91.5171
118.503
287.457
302.71
156.048
49.2784
106.183
212.953
314.443
464.625
601.314
679.338
709.844
645.899
507.45
245.805
-239.939
-774.962
-1156.87
-1392.12
-1521.76
-1497.13
-1274.79
-877.039
-354.335
268.098
870.585
1267.75
1424.97
1385.66
1239.59
986.155
573.155
103.25
-300.95
-617.154
-815.441
-804.294
-602.487
-304.47
3.51989
270.445
502.171
648.833
706.324
672.885
512.73
238.766
-82.1307
-377.215
-611.874
-768.509
-817.201
-752.083
-602.487
-421.8
-218.82
-15.2528
129.063
211.78
224.099
166.608
18.1861
-190.074
-356.095
-442.333
-463.452
-493.371
-485.744
-103.837
642.966
1295.32
1677.81
1973.48
2185.26
2085.53
1590.4
951.543
469.905
25.8125
-616.567
-1295.32
-1694.83
-1774.02
-1690.13
-1342.84
-618.327
197.114
800.774
1210.25
1567.52
1843.25
1813.92
1388.01
755.602
152.528
-371.935
-807.228
-1030.74
-976.769
-711.604
-364.895
18.1861
439.399
791.975
916.931
742.11
376.628
-21.706
-417.693
-785.522
-1098.2
-1306.46
-1355.16
-1239.59
-987.328
-618.327
-196.527
129.063
328.523
435.293
433.533
302.124
59.2514
-261.058
-554.969
-694.004
-696.938
-618.914
-420.04
-116.743
190.661
487.504
745.629
879.385
843.6
637.1
251.085
-205.327
-638.86
-1045.99
-1344.01
-1447.26
-1349.88
-1063.59
-613.047
-117.33
316.79
665.845
946.263
1163.91
1250.73
1152.76
916.344
636.513
393.054
170.715
-26.9858
-164.848
-282.178
-369.588
-377.801
-319.136
-228.793
-154.875
-148.422
-156.635
-149.009
-152.528
-115.57
-50.4517
-17.0128
-45.1719
-97.9702
-102.663
-48.1051
49.8651
124.956
156.048
154.288
83.304
-83.8906
-248.739
-347.882
-513.904
-762.642
-956.236
-1027.81
-1010.21
-965.622
-775.549
-120.849
922.797
1885.49
2562.48
3028.86
3242.99
3011.26
2300.83
1359.26
432.359
-505.69
-1556.38
-2537.84
-3106.3
-3185.5
-2926.2
-2293.21
-1215.53
45.7585
1155.11
2039.77
2774.26
3287.57
3350.35
2885.13
2104.31
1204.97
228.206
-725.683
-1447.26
-1827.99
-1933
-1843.25
-1562.83
-1087.65
-548.516
-129.649
110.29
220.58
231.139
140.795
18.7727
-68.6378
-136.102
-175.408
-157.222
-41.0654
157.808
317.377
360.202
333.216
221.753
-64.5313
-476.945
-874.105
-1193.83
-1424.38
-1528.8
-1452.54
-1137.51
-610.7
18.1861
670.539
1288.87
1749.38
1952.95
1914.82
1599.79
1020.77
304.47
-492.784
-1275.96
-1842.66
-2145.37
-2212.25
-1989.91
-1513.55
-857.679
-41.652
799.601
1482.46
1937.7
2147.72
2103.72
1850.87
1464.27
919.864
241.112
-395.401
-907.544
-1254.25
-1351.64
-1271.85
-1115.8
-894.638
-595.448
-231.139
139.036
402.44
526.81
587.821
584.888
493.371
381.321
278.658
153.702
2.93324
-139.622
-246.979
-309.163
-363.722
-447.026
-521.53
-581.368
-675.232
-761.469
-779.068
-781.415
-806.641
-770.855
-624.193
-373.695
-39.3054
288.631
708.084
1335.21
1915.99
2195.24
2248.03
2107.83
1663.15
915.757
49.8651
-717.47
-1315.85
-1843.25
-2264.46
-2341.9
-2015.14
-1460.17
-742.696
221.753
1265.99
2100.2
2668.07
3021.82
3144.43
2921.51
2260.35
1288.28
249.325
-739.763
-1620.32
-2210.49
-2402.32
-2242.75
-1827.99
-1211.43
-438.226
357.269
950.956
1229.61
1277.72
1131.06
770.269
342.016
-9.97301
-285.111
-485.744
-570.222
-492.784
-282.178
-54.5583
51.625
42.8253
-32.8523
-238.179
-562.595
-871.759
-1131.06
-1358.09
-1460.75
-1353.4
-1020.77
-491.611
122.023
701.044
1228.44
1619.15
1721.22
1579.84
1255.43
684.031
-58.0781
-796.081
-1434.94
-1877.27
-2059.13
-1975.24
-1578.08
-932.77
-227.033
464.038
1092.93
1542.3
1744.1
1692.48
1439.63
1064.18
638.273
210.607
-195.354
-472.252
-615.98
-733.897
-784.348
-742.11
-645.899
-501.584
-329.109
-151.355
38.1321
219.406
325.59
371.935
381.321
334.389
262.818
153.702
-34.6122
-252.259
-432.359
-585.475
-707.497
-745.629
-717.47
-613.047
-440.573
-205.913
58.6648
291.564
518.01
641.206
601.314
428.253
147.835
-204.74
-587.235
-914.584
-1099.96
-966.796
-466.385
183.621
773.202
1300.01
1773.44
2018.07
1938.87
1633.81
1216.71
735.656
122.023
-547.342
-1021.35
-1227.27
-1240.17
-1060.07
-588.408
34.0256
565.529
985.568
1327.58
1542.88
1495.95
1175.64
706.911
214.126
-260.472
-687.551
-885.252
-801.948
-576.088
-323.243
-26.9858
335.563
617.154
663.499
479.878
191.834
-123.196
-467.558
-745.629
-848.88
-821.894
-752.669
-644.139
-419.453
-101.49
141.969
177.754
95.037
-0.586648
-187.141
-434.706
-617.74
-672.298
-648.246
-587.821
-456.999
-218.233
85.0639
310.337
437.639
509.21
515.663
407.134
197.114
-5.27983
-216.473
-434.119
-614.22
-742.11
-758.536
-698.111
-606.007
-426.493
-187.727
65.1179
328.523
586.648
792.561
934.53
1000.23
943.916
794.908
587.821
359.029
116.743
-115.57
-339.669
-546.756
-680.512
-749.149
-799.601
-810.747
-716.297
-526.223
-290.977
-42.2386
200.634
442.333
611.874
636.513
571.982
444.679
223.513
-76.2642
-367.242
-552.036
-634.166
-672.298
-647.659
-508.624
-263.992
16.4261
293.324
557.902
716.297
719.23
596.621
353.162
-6.45313
-478.705
-1003.75
-1420.27
-1614.46
-1589.23
-1309.98
-653.526
297.43
1221.4
2032.73
2770.15
3240.06
3217.18
2737.3
2011.03
1183.86
224.099
-880.558
-1879.62
-2507.92
-2782.47
-2779.54
-2364.78
-1507.1
-536.196
354.335
1241.93
2119.56
2773.67
2976.65
2742.58
2245.1
1593.34
784.348
-65.1179
-740.936
-1187.38
-1498.89
-1666.67
-1579.84
-1268.33
-922.21
-719.23
-603.074
-465.212
-388.361
-404.787
-405.96
-342.016
-224.686
-86.8239
107.357
413.587
758.536
973.249
1034.85
1042.47
930.424
586.061
87.4105
-437.053
-991.435
-1528.22
-1907.78
-2038.01
-1856.15
-1430.83
-877.625
-192.421
576.088
1229.61
1638.51
1863.78
1869.06
1539.36
952.13
255.192
-438.813
-987.915
-1349.88
-1527.04
-1443.15
-1146.31
-745.043
-242.872
299.19
725.097
952.13
1014.31
952.716
803.121
579.608
290.391
18.1861
-212.367
-442.333
-629.473
-678.165
-631.233
-615.98
-606.007
-536.196
-418.867
-304.47
-235.246
-156.635
-4.69318
148.422
234.073
343.776
462.865
474.598
397.747
295.084
178.928
76.2642
-19.946
-138.449
-228.206
-235.832
-218.233
-173.648
-80.9574
-23.4659
-28.1591
-79.1975
-200.634
-350.815
-495.131
-639.446
-695.764
-584.888
-256.952
364.308
1129.3
1772.85
2253.31
2614.69
2687.43
2317.26
1659.04
872.345
11.733
-878.799
-1737.65
-2353.04
-2565.41
-2469.79
-2136.57
-1443.15
-454.652
516.837
1361.02
2126.6
2706.79
2913.88
2671.01
2073.8
1296.49
417.693
-552.622
-1428.49
-1981.7
-2218.7
-2235.72
-2015.72
-1521.18
-878.799
-315.03
80.3708
375.455
575.502
591.341
459.345
329.109
241.112
163.088
84.4773
68.6378
155.462
254.605
247.565
175.408
103.25
-69.8111
-400.094
-738.59
-1000.23
-1214.36
-1343.42
-1317.02
-1093.51
-693.418
-204.153
306.23
849.466
1335.21
1585.71
1603.9
1463.1
1124.6
579.021
-59.2514
-646.486
-1118.74
-1407.95
-1464.27
-1302.94
-932.184
-430.013
100.903
600.141
1001.99
1223.16
1231.96
1039.54
697.524
311.51
-65.7046
-408.307
-674.058
-806.054
-804.881
-737.416
-618.914
-470.492
-297.43
-116.743
14.6662
129.649
256.365
389.534
491.024
513.317
471.078
365.482
192.421
-23.4659
-248.739
-456.412
-616.567
-703.977
-662.912
-483.398
-260.472
-18.1861
243.459
454.065
606.007
702.804
730.377
691.071
550.862
295.671
-9.97301
-376.041
-794.908
-1170.95
-1457.82
-1575.15
-1493.61
-1158.04
-450.546
488.678
1353.4
2048.57
2618.8
2925.61
2794.2
2293.21
1610.35
829.52
-76.2642
-1038.37
-1833.27
-2265.63
-2390.59
-2329.58
-1945.32
-1186.79
-342.602
413
1142.2
1806.88
2224.57
2262.11
1977
1544.06
1002.58
292.737
-419.453
-899.918
-1161.56
-1304.7
-1308.22
-1123.43
-822.48
-570.222
-438.226
-334.389
-225.859
-186.554
-193.007
-142.555
13.4929
217.06
430.6
655.872
885.252
1041.89
1001.99
783.175
471.078
47.5185
-495.131
-1016.66
-1430.25
-1737.06
-1847.94
-1717.71
-1359.85
-818.374
-207.087
384.841
925.73
1345.77
1563.42
1596.86
1467.21
1119.32
601.901
78.6108
-388.361
-776.722
-1017.83
-1135.16
-1105.24
-904.611
-681.685
-452.306
-150.182
76.2642
146.662
157.222
139.622
120.263
124.369
175.408
296.844
472.838
650.006
746.803
791.975
780.828
565.529
182.447
-235.832
-657.632
-1041.3
-1322.89
-1464.86
-1402.09
-1132.23
-738.59
-241.699
317.377
823.067
1201.45
1433.77
1526.46
1485.98
1286.52
940.983
523.877
120.849
-207.673
-431.773
-563.769
-641.206
-644.726
-565.529
-464.625
-397.161
-397.161
-499.824
-696.938
-945.09
-1151
-1202.63
-1047.75
-712.191
-203.567
560.249
1497.71
2328.41
2886.31
3187.26
3143.85
2597.68
1639.68
493.371
-684.618
-1803.36
-2803.59
-3505.81
-3687.08
-3367.95
-2751.97
-1846.77
-591.341
717.47
1783.41
2602.96
3165.55
3304
2941.45
2202.86
1298.25
363.722
-577.848
-1386.84
-1815.68
-1851.46
-1678.4
-1363.96
-892.291
-397.747
-67.4645
63.358
97.9702
90.3438
-5.27983
-138.449
-171.301
-44.5852
178.928
430.013
694.591
977.942
1171.54
1134.58
942.157
698.698
340.842
-132.582
-570.808
-860.026
-1049.51
-1168.6
-1139.86
-959.756
-673.472
-354.335
-77.4375
177.754
417.693
529.156
502.171
450.546
361.962
193.007
12.9063
-112.636
-173.061
-133.756
-51.0384
25.8125
139.036
218.82
171.888
41.652
-137.276
-367.828
-591.341
-781.415
-878.212
-794.321
-550.276
-215.3
166.608
560.835
877.039
1020.18
989.675
808.401
533.263
194.767
-197.7
-515.077
-665.845
-684.618
-597.208
-416.52
-176.581
82.1307
313.857
486.918
587.235
590.168
531.503
444.092
338.496
254.605
183.034
122.023
62.1847
-38.7188
-163.675
-293.324
-433.533
-576.088
-703.391
-799.601
-819.547
-738.003
-572.568
-357.269
-127.303
68.6378
187.141
241.699
248.739
170.128
64.5313
43.4119
140.795
334.976
547.342
792.561
1005.51
944.503
629.473
297.43
-43.9986
-487.504
-956.236
-1319.96
-1472.49
-1425.55
-1286.52
-962.103
-301.537
499.237
1153.94
1732.96
2290.86
2574.21
2464.51
2082.01
1534.67
845.36
-31.679
-981.462
-1714.77
-2140.09
-2386.48
-2423.44
-2109
-1517.07
-848.88
-197.114
464.038
1061.83
1421.45
1506.51
1462.51
1369.82
1137.51
782.002
449.372
202.394
-1.75994
-241.112
-432.946
-496.891
-569.048
-754.429
-939.81
-1031.91
-1118.74
-1237.83
-1302.36
-1214.36
-984.982
-664.672
-250.499
292.737
908.131
1399.16
1715.95
1914.23
1933.59
1716.53
1282.41
713.364
71.571
-584.888
-1213.77
-1745.28
-2054.44
-2148.89
-2054.44
-1728.85
-1216.12
-596.034
63.9446
695.764
1248.97
1703.04
2024.52
2160.62
2124.84
1924.21
1549.92
1030.74
416.52
-228.206
-816.027
-1290.04
-1640.27
-1833.27
-1825.06
-1617.39
-1257.19
-787.868
-249.325
300.364
822.48
1270.09
1603.31
1792.8
1791.62
1607.42
1284.76
877.625
404.787
-124.369
-676.992
-1193.83
-1603.31
-1869.06
-1970.55
-1922.45
-1746.45
-1439.63
-1028.39
-555.556
-70.3977
378.975
751.496
1018.42
1181.51
1212.6
1079.43
832.453
492.784
55.7315
-420.04
-849.466
-1128.71
-1227.27
-1218.47
-1064.77
-607.767
-1.75994
394.227
617.74
889.945
1094.68
1034.26
810.747
618.914
536.196
432.946
161.915
9.38637
207.087
432.946
481.638
615.98
908.718
997.301
767.922
483.985
302.71
95.6236
-317.377
-771.442
-951.543
-912.237
-876.452
-780.828
-448.786
-13.4929
273.378
425.906
617.74
801.948
741.523
463.452
222.34
61.0114
-149.595
-374.281
-455.825
-376.041
-273.965
-260.472
-234.073
-119.676
-98.5568
-246.392
-395.987
-460.519
-550.862
-654.112
-654.699
-544.996
-346.709
-126.129
104.423
389.534
661.152
784.935
773.202
728.617
574.328
292.737
-10.5597
-303.297
-560.835
-747.976
-828.347
-772.029
-573.742
-300.364
-33.4389
215.886
415.347
536.196
603.074
593.688
509.797
391.881
232.899
73.331
-29.3324
-88.5838
-119.09
-85.0639
-41.652
-34.6122
-9.38637
7.03977
-18.1861
-46.3452
-81.5441
-128.476
-152.528
-153.702
-158.395
-133.756
-80.3708
-48.1051
-38.1321
-24.6392
-17.0128
-39.3054
-102.663
-208.26
-325.59
-438.813
-553.209
-635.926
-650.593
-591.928
-484.571
-316.79
-92.6904
153.115
390.707
579.021
693.418
711.017
610.114
391.294
72.7443
-271.618
-619.5
-953.303
-1190.31
-1290.63
-1270.09
-1138.1
-901.091
-579.608
-195.354
210.02
634.166
1073.57
1432.59
1652
1764.64
1789.28
1696.59
1461.93
1116.39
747.389
377.801
-50.4517
-482.811
-782.002
-939.223
-1035.43
-1032.5
-857.679
-577.848
-274.551
9.97301
290.391
567.875
752.669
804.294
815.441
840.08
801.948
691.071
584.888
516.837
453.479
331.456
163.088
2.34659
-191.834
-462.865
-736.243
-945.09
-1093.51
-1180.34
-1152.18
-963.276
-645.899
-268.685
156.635
642.966
1120.5
1481.29
1686.03
1730.61
1596.27
1265.4
758.536
175.994
-407.72
-972.076
-1469.55
-1811.57
-1935.94
-1879.62
-1660.21
-1288.87
-816.027
-276.898
246.979
683.445
1022.53
1235.48
1284.17
1192.66
992.022
703.977
380.148
43.4119
-291.564
-579.021
-811.334
-996.128
-1106.42
-1144.55
-1126.95
-1023.11
-857.679
-665.845
-424.733
-147.249
114.396
334.976
522.117
631.82
658.806
608.354
472.838
289.217
63.358
-188.901
-431.186
-638.86
-784.935
-850.639
-833.04
-743.283
-576.088
-370.175
-156.635
62.7713
272.791
426.493
510.97
540.303
485.744
382.494
272.205
158.395
34.0256
-92.1037
-175.994
-215.3
-199.46
-134.929
-25.8125
115.57
251.672
380.734
469.318
506.277
517.423
471.078
350.815
198.874
30.5057
-151.942
-310.923
-401.267
-423.56
-379.561
-284.524
-133.756
129.063
465.212
803.708
1088.23
1274.2
1340.49
1278.89
1104.07
804.881
447.026
80.9574
-305.644
-674.058
-936.29
-1052.45
-1027.22
-839.493
-536.196
-195.354
148.422
446.439
686.965
871.759
946.263
861.786
633.58
346.122
53.9716
-221.753
-436.466
-564.355
-614.22
-583.715
-475.771
-305.057
-106.183
56.9048
152.528
202.98
250.499
295.084
308.577
306.817
308.577
320.896
370.761
429.426
459.345
438.226
339.669
175.994
-28.1591
-261.058
-539.716
-823.654
-1045.41
-1191.48
-1202.04
-1057.73
-807.228
-472.838
-73.331
320.31
661.739
919.277
1046.58
1003.17
782.002
412.413
-70.3977
-555.556
-988.502
-1373.93
-1635.57
-1710.67
-1589.82
-1288.87
-881.732
-420.04
62.1847
480.465
756.776
891.118
891.705
753.843
487.504
153.115
-191.834
-498.651
-720.99
-864.719
-893.465
-793.735
-638.86
-447.026
-214.713
18.7727
193.007
288.631
336.736
377.801
403.027
395.401
387.188
394.814
397.161
388.948
381.908
361.375
321.483
251.672
137.862
11.1463
-105.597
-229.966
-332.629
-364.308
-325.59
-222.926
-56.3182
162.501
400.094
601.901
750.323
855.919
892.291
840.08
697.524
482.811
207.673
-101.49
-364.895
-520.943
-540.303
-450.546
-289.804
-45.7585
265.165
539.716
722.164
836.56
889.358
830.107
627.127
354.922
73.9176
-188.901
-394.814
-476.945
-413
-248.739
-43.4119
174.234
398.921
596.621
689.311
626.54
451.132
219.406
-72.7443
-388.361
-629.473
-755.016
-773.202
-697.524
-531.503
-266.338
41.0654
297.43
475.771
578.435
597.208
510.384
331.456
122.023
-76.2642
-255.778
-387.774
-438.226
-411.24
-353.162
-305.057
-263.405
-224.686
-220.58
-273.965
-358.442
-445.852
-509.797
-537.956
-523.877
-431.186
-263.405
-79.1975
79.7841
219.993
304.47
324.416
286.871
167.781
17.0128
-152.528
-356.095
-535.023
-658.806
-742.696
-766.162
-728.03
-675.818
-578.435
-431.186
-286.284
-123.196
75.0909
257.538
398.334
512.144
567.289
572.568
544.996
442.919
293.911
134.342
-60.4247
-258.712
-431.773
-583.715
-664.672
-658.806
-603.661
-485.744
-290.977
-82.1307
127.303
350.815
549.102
692.831
789.628
827.174
799.601
743.87
650.593
505.104
366.068
222.926
75.6776
-45.1719
-159.568
-272.205
-382.494
-495.131
-578.435
-596.034
-567.875
-479.878
-326.176
-112.636
190.661
553.209
926.904
1285.35
1554.03
1663.73
1599.2
1377.45
1040.13
622.433
134.342
-382.494
-817.201
-1155.11
-1399.74
-1480.11
-1366.89
-1104.07
-723.924
-273.965
184.207
671.712
1107.59
1371.58
1527.63
1569.28
1392.7
1057.14
658.219
204.74
-242.872
-624.78
-940.983
-1112.28
-1120.5
-1057.14
-906.371
-653.526
-390.121
-146.662
92.1037
262.232
373.108
434.119
400.094
326.763
251.672
153.702
49.8651
-52.2117
-167.781
-279.244
-376.041
-468.145
-533.263
-563.182
-585.475
-590.168
-558.489
-499.237
-411.827
-313.857
-229.379
-133.756
-33.4389
39.8921
100.317
138.449
118.503
51.625
-56.9048
-191.247
-310.923
-419.453
-520.943
-574.915
-573.742
-532.676
-440.573
-299.777
-134.929
48.1051
215.886
340.842
437.053
498.064
510.97
490.438
444.679
360.202
272.205
171.301
47.5185
-78.0242
-191.247
-278.071
-335.563
-343.776
-305.057
-211.193
-82.1307
65.1179
256.952
465.212
652.939
817.787
925.73
933.357
864.132
723.337
515.663
295.084
75.6776
-117.916
-256.365
-321.483
-314.443
-250.499
-133.756
-1.1733
127.889
241.699
314.443
350.815
351.402
304.47
223.513
134.929
35.1989
-51.0384
-103.25
-122.609
-105.01
-54.5583
22.2926
106.77
165.435
190.074
172.474
97.9702
-24.6392
-175.994
-351.402
-536.196
-698.111
-828.347
-908.131
-913.997
-849.466
-719.817
-525.05
-259.885
39.3054
336.149
615.394
835.387
965.036
986.155
895.811
720.404
485.158
189.487
-147.835
-480.465
-791.388
-1040.13
-1196.18
-1240.17
-1154.52
-976.182
-722.164
-400.681
-43.4119
327.35
662.912
923.97
1099.96
1174.47
1126.95
973.249
756.189
491.024
194.18
-104.423
-361.375
-561.422
-698.111
-756.776
-744.456
-662.325
-516.837
-348.469
-157.222
48.6918
232.313
382.494
493.371
567.875
600.727
592.514
532.09
444.092
340.842
201.807
62.1847
-63.358
-182.447
-288.044
-382.494
-453.479
-488.678
-478.705
-434.706
-344.362
-199.46
-31.679
150.182
326.176
467.558
544.996
552.622
484.571
335.563
141.382
-84.4773
-322.656
-536.783
-700.458
-791.388
-792.561
-702.804
-539.129
-320.31
-78.0242
156.048
356.095
503.344
591.341
602.487
540.889
438.226
302.124
150.182
-3.51989
-144.315
-263.405
-347.296
-393.641
-406.547
-373.695
-308.577
-228.793
-143.142
-57.4915
22.8793
96.2103
167.781
223.513
266.338
297.43
310.337
323.83
341.429
342.016
310.923
267.511
200.634
117.916
41.652
-34.0256
-81.5441
-88.5838
-71.571
-24.6392
52.2117
147.835
249.325
337.909
391.294
411.24
393.641
336.149
251.672
140.795
18.7727
-112.636
-236.419
-342.016
-423.56
-469.905
-481.638
-445.852
-367.828
-261.058
-129.649
-1.1733
113.81
211.193
263.992
270.445
231.726
156.048
61.598
-35.1989
-130.236
-219.406
-291.564
-344.949
-383.668
-400.094
-393.054
-364.308
-307.99
-234.659
-154.875
-65.1179
11.1463
67.4645
93.8637
78.6108
29.919
-32.2656
-96.2103
-149.595
-170.128
-166.608
-133.756
-72.1577
-4.10654
56.3182
100.317
112.636
95.037
70.3977
31.0923
-12.9063
-33.4389
-37.5455
-24.0526
7.62642
41.0654
79.1975
122.609
153.702
177.168
200.634
215.3
222.34
216.473
201.22
180.688
150.769
111.463
62.7713
25.8125
-7.03977
-44.5852
-72.1577
-98.5568
-126.129
-151.942
-181.274
-194.767
-183.621
-145.489
-75.6776
24.0526
142.555
263.405
360.202
415.933
414.173
355.509
242.872
89.7571
-78.0242
-242.286
-371.348
-449.959
-472.252
-432.946
-354.922
-253.432
-129.063
-6.45313
103.25
205.913
294.497
366.068
425.32
464.625
477.531
467.558
421.8
339.669
227.033
86.2372
-66.2912
-208.26
-330.283
-417.107
-443.506
-421.8
-359.029
-246.979
-114.983
35.7855
197.7
329.109
434.706
515.077
543.236
522.703
472.252
387.188
276.898
157.222
22.2926
-108.53
-212.367
-306.817
-381.908
-421.8
-438.813
-440.573
-417.107
-378.388
-322.656
-238.766
-163.088
-91.5171
-15.2528
37.5455
66.2912
86.2372
79.1975
43.4119
-6.45313
-76.8509
-159.568
-222.926
-283.351
-332.629
-346.709
-340.842
-317.377
-268.098
-208.847
-140.795
-66.8779
-7.03977
42.8253
92.1037
130.236
149.595
164.848
167.781
158.395
146.075
110.876
62.7713
21.706
-27.5725
-70.9844
-102.077
-131.996
-156.048
-168.368
-166.608
-153.702
-122.023
-77.4375
-25.8125
46.9318
118.503
183.621
254.019
305.057
332.629
337.909
319.723
287.457
242.286
178.928
110.29
54.5583
8.21307
-27.5725
-41.0654
-46.3452
-35.7855
-6.45313
25.8125
56.9048
86.8239
99.7301
102.663
97.3836
82.7174
63.9446
42.8253
20.5327
4.10654
-0.586648
5.27983
22.8793
48.1051
71.571
103.25
134.342
158.395
174.234
178.928
175.408
164.848
149.009
135.516
122.023
109.117
100.317
88.5838
73.331
49.2784
15.8395
-23.4659
-60.4247
-94.4503
-122.609
-134.929
-133.169
-118.503
-91.5171
-60.4247
-30.5057
-7.03977
3.51989
-2.34659
-22.8793
-57.4915
-102.077
-147.835
-196.527
-239.352
-270.445
-289.217
-291.564
-277.484
-255.778
-223.513
-191.247
-161.328
-138.449
-125.543
-118.503
-119.676
-133.169
-151.355
-170.128
-185.967
-196.527
-197.7
-184.794
-163.675
-137.276
-98.5568
-54.5583
-12.9063
27.5725
62.7713
87.9972
101.49
101.49
87.9972
69.8111
42.2386
16.4261
-1.75994
-12.9063
-4.10654
22.8793
62.1847
117.33
183.034
246.392
312.097
369.588
413.587
442.333
454.652
442.919
408.894
353.162
272.791
183.034
89.7571
-4.10654
-80.3708
-133.756
-166.608
-169.541
-144.315
-101.49
-35.1989
43.9986
124.369
205.913
269.271
309.163
320.31
298.017
248.152
174.821
79.1975
-22.8793
-123.783
-218.82
-298.017
-354.335
-386.601
-395.401
-384.841
-347.296
-292.151
-221.753
-136.102
-57.4915
13.4929
73.9176
110.29
124.956
116.743
81.5441
29.919
-36.9588
-113.223
-184.207
-242.286
-286.871
-313.857
-320.31
-304.47
-265.751
-211.78
-148.422
-76.2642
-7.62642
59.8381
116.743
161.328
197.114
209.433
203.567
183.034
147.835
104.423
54.5583
0
-49.2784
-92.1037
-127.889
-147.835
-150.769
-139.622
-115.57
-76.8509
-35.1989
14.6662
65.1179
108.53
143.729
168.368
178.928
171.301
150.182
117.33
80.9574
36.3722
-8.79972
-55.7315
-92.6904
-123.196
-147.249
-145.489
-130.236
-100.317
-54.5583
-11.1463
41.0654
87.4105
127.889
161.915
184.794
201.22
207.673
208.847
201.807
198.874
194.767
185.381
178.341
163.088
147.835
126.716
100.317
81.5441
53.9716
26.9858
4.69318
-15.2528
-26.9858
-26.9858
-21.1193
-1.1733
25.2259
52.7983
90.9304
124.956
158.395
185.967
197.114
198.874
181.861
142.555
89.7571
27.5725
-38.1321
-102.663
-158.982
-201.22
-231.139
-252.259
-261.058
-255.192
-245.805
-229.966
-212.953
-195.94
-176.581
-162.501
-147.835
-134.342
-124.369
-110.876
-96.2103
-79.7841
-65.7046
-52.2117
-42.8253
-41.0654
-43.9986
-55.7315
-75.6776
-106.77
-141.382
-180.688
-217.06
-250.499
-273.378
-282.178
-278.071
-253.432
-214.713
-156.048
-84.4773
-12.9063
58.6648
119.09
167.195
202.394
212.953
205.913
182.447
145.489
94.4503
42.2386
-4.69318
-47.5185
-70.9844
-80.9574
-73.331
-55.7315
-28.7457
6.45313
39.3054
71.571
92.6904
102.663
109.117
107.357
104.423
103.25
103.25
111.463
124.369
144.315
167.195
188.901
200.047
201.22
187.727
159.568
119.09
70.9844
28.7457
-7.62642
-27.5725
-33.4389
-25.2259
2.93324
39.3054
80.9574
118.503
148.422
161.915
161.915
156.048
141.969
130.822
114.396
97.9702
86.8239
74.5043
70.9844
66.8779
63.9446
59.8381
47.5185
36.3722
25.2259
17.0128
8.79972
-7.03977
-28.1591
-49.8651
-75.0909
-100.317
-114.983
-122.023
-118.503
-103.837
-79.7841
-53.9716
-22.8793
8.79972
39.3054
67.4645
83.8906
82.7174
58.6648
19.3594
-31.0923
-91.5171
-153.702
-214.126
-271.031
-310.337
-329.109
-320.31
-284.524
-233.486
-177.168
-119.09
-63.9446
-12.9063
28.1591
52.7983
62.7713
55.7315
41.652
26.9858
17.0128
3.51989
-14.6662
-41.652
-72.1577
-102.077
-135.516
-166.021
-196.527
-221.166
-231.726
-229.379
-203.567
-154.288
-87.4105
-5.86648
84.4773
176.581
260.472
326.763
365.482
376.628
361.375
314.443
244.046
151.942
56.3182
-36.3722
-116.156
-176.581
-221.166
-248.152
-258.125
-244.046
-207.673
-151.355
-89.7571
-23.4659
51.0384
119.09
188.901
248.152
289.217
313.27
306.817
278.658
229.966
168.368
97.3836
9.97301
-74.5043
-154.288
-217.646
-258.712
-277.484
-273.965
-243.459
-192.421
-134.342
-64.5313
9.38637
80.3708
139.622
183.621
206.5
209.433
193.594
158.395
113.223
64.5313
12.9063
-42.2386
-83.8906
-108.53
-113.223
-103.837
-76.8509
-41.0654
-1.75994
46.3452
79.7841
114.983
139.036
143.142
134.929
112.636
93.8637
70.9844
51.0384
32.8523
23.4659
19.946
18.1861
20.5327
22.8793
28.1591
26.9858
21.1193
16.4261
9.97301
11.733
13.4929
18.1861
28.1591
36.9588
42.2386
38.7188
34.0256
21.706
2.34659
-24.6392
-55.7315
-84.4773
-109.703
-122.609
-123.783
-110.876
-86.8239
-57.4915
-21.706
14.6662
49.2784
68.0512
72.7443
58.0781
29.3324
-9.38637
-55.7315
-95.037
-134.342
-162.501
-182.447
-190.661
-177.754
-155.462
-123.783
-87.9972
-53.385
-25.8125
-5.86648
7.03977
10.5597
5.86648
-6.45313
-26.9858
-53.385
-79.7841
-99.1435
-117.33
-132.582
-137.862
-140.795
-132.582
-117.33
-94.4503
-68.0512
-36.9588
-8.21307
17.5994
43.4119
53.9716
63.9446
62.7713
52.2117
36.9588
15.8395
-1.1733
-19.3594
-28.7457
-29.919
-26.3992
-8.79972
16.4261
49.8651
87.4105
126.716
165.435
197.7
222.34
229.379
228.206
212.953
184.794
151.355
110.29
72.1577
37.5455
7.62642
-10.5597
-14.6662
-2.93324
20.5327
48.6918
84.4773
123.783
154.288
175.994
186.554
186.554
174.234
147.835
117.33
84.4773
52.2117
24.0526
-3.51989
-16.4261
-22.2926
-26.9858
-19.3594
-11.1463
-1.75994
8.21307
12.3196
11.1463
7.03977
-8.79972
-31.0923
-55.7315
-78.0242
-99.7301
-116.743
-124.369
-127.303
-120.849
-111.463
-96.2103
-79.1975
-60.4247
-44.5852
-34.0256
-25.2259
-24.0526
-25.2259
-32.8523
-44.5852
-54.5583
-70.3977
-90.9304
-109.703
-129.649
-148.422
-163.675
-175.408
-183.621
-184.794
-177.754
-165.435
-143.142
-110.876
-72.1577
-34.0256
7.62642
48.1051
82.7174
105.01
116.743
122.609
115.57
94.4503
65.1179
21.1193
-25.8125
-75.6776
-123.783
-161.328
-190.661
-199.46
-197.7
-174.234
-129.649
-69.8111
3.51989
77.4375
152.528
208.847
245.805
262.818
261.058
244.632
208.847
163.088
109.703
56.3182
5.86648
-41.0654
-72.7443
-83.8906
-80.3708
-58.0781
-26.9858
15.2528
60.4247
107.943
151.355
186.554
212.953
218.233
207.673
184.794
151.942
111.463
70.3977
30.5057
0.586648
-18.1861
-25.8125
-22.2926
-10.5597
14.0795
35.7855
58.0781
79.1975
90.3438
92.6904
83.304
68.0512
46.9318
14.0795
-20.5327
-62.1847
-97.9702
-124.956
-150.182
-158.982
-166.021
-159.568
-151.355
-136.689
-110.876
-91.5171
-67.4645
-53.385
-46.3452
-46.3452
-58.0781
-74.5043
-96.7969
-118.503
-140.795
-159.568
-170.715
-175.994
-172.474
-164.848
-143.142
-120.263
-99.1435
-74.5043
-55.1449
-28.7457
-5.27983
15.2528
34.0256
43.4119
50.4517
48.6918
44.5852
37.5455
34.0256
32.2656
32.2656
40.4787
48.1051
52.2117
63.358
72.7443
85.0639
95.037
98.5568
102.077
101.49
104.423
101.49
103.25
106.183
106.77
105.597
105.01
107.943
110.29
110.876
108.53
102.077
92.1037
76.8509
55.7315
36.9588
18.1861
5.27983
-13.4929
-25.2259
-30.5057
-32.2656
-24.0526
-15.8395
-1.1733
11.1463
21.1193
27.5725
29.3324
35.1989
31.679
24.0526
11.1463
-7.03977
-21.1193
-38.1321
-51.0384
-60.4247
-66.8779
-64.5313
-63.358
-58.6648
-46.3452
-32.2656
-19.3594
-5.27983
3.51989
8.79972
6.45313
2.93324
-4.10654
-11.733
-19.946
-31.0923
-40.4787
-51.0384
-53.9716
-53.9716
-49.8651
-42.2386
-31.679
-22.2926
-19.3594
-12.9063
-12.9063
-15.8395
-18.1861
-25.2259
-36.3722
-47.5185
-56.3182
-65.1179
-65.1179
-64.5313
-63.358
-61.598
-57.4915
-52.7983
-43.4119
-27.5725
-12.3196
4.69318
15.2528
22.8793
19.946
9.97301
0
-13.4929
-24.0526
-32.8523
-35.1989
-36.9588
-31.679
-22.2926
-9.97301
9.38637
28.7457
47.5185
63.358
75.0909
80.3708
83.304
77.4375
67.4645
51.0384
36.3722
20.5327
0
-8.21307
-21.706
-29.3324
-31.679
-32.2656
-26.3992
-15.8395
2.34659
14.6662
28.1591
42.8253
51.0384
62.7713
69.2245
73.331
73.331
66.2912
57.4915
45.1719
32.2656
19.946
11.1463
2.34659
-1.75994
-5.86648
-4.10654
1.75994
3.51989
10.5597
18.7727
25.8125
29.919
28.7457
19.946
4.10654
-10.5597
-28.1591
-44.5852
-61.0114
-73.331
-87.4105
-92.1037
-90.3438
-87.9972
-78.6108
-71.571
-62.7713
-58.0781
-49.8651
-46.3452
-49.2784
-51.0384
-62.7713
-67.4645
-72.7443
-75.6776
-74.5043
-68.6378
-53.385
-37.5455
-12.3196
11.733
29.3324
51.625
68.0512
81.5441
93.8637
96.2103
99.7301
97.3836
94.4503
93.8637
92.6904
93.277
87.4105
86.2372
82.7174
82.1307
81.5441
80.9574
85.6506
91.5171
102.077
113.223
123.783
127.303
130.822
130.822
130.822
122.609
111.463
99.1435
76.8509
61.598
39.8921
17.0128
0.586648
-20.5327
-32.2656
-39.3054
-43.9986
-51.625
-60.4247
-63.358
-70.3977
-70.9844
-70.9844
-75.6776
-76.8509
-83.8906
-84.4773
-88.5838
-91.5171
-98.5568
-106.77
-109.117
-119.676
-126.716
-139.622
-150.182
-163.088
-171.301
-173.061
-171.301
-166.021
-166.608
-156.635
-143.729
-126.716
-103.837
-82.7174
-62.1847
-45.7585
-38.1321
-36.3722
-43.4119
-55.7315
-65.1179
-75.0909
-76.2642
-78.6108
-79.1975
-69.2245
-53.9716
-37.5455
-17.0128
3.51989
18.7727
32.8523
46.9318
53.385
55.1449
56.3182
50.4517
49.2784
48.6918
48.6918
51.0384
50.4517
55.1449
55.7315
63.9446
68.6378
72.1577
77.4375
79.7841
90.3438
90.3438
89.7571
94.4503
95.6236
102.663
108.53
109.703
112.05
106.77
104.423
101.49
93.8637
90.3438
85.0639
75.6776
69.2245
70.3977
72.1577
76.8509
82.7174
94.4503
106.183
118.503
129.063
128.476
130.822
133.169
133.169
130.822
121.436
102.663
79.7841
57.4915
35.1989
17.0128
5.27983
-1.75994
1.75994
13.4929
23.4659
35.7855
50.4517
63.9446
76.2642
85.6506
83.304
73.9176
62.1847
47.5185
35.1989
20.5327
0
-22.8793
-39.3054
-49.8651
-58.0781
-59.2514
-59.8381
-62.7713
-62.1847
-63.358
-74.5043
-88.5838
-106.183
-121.436
-130.236
-139.622
-150.182
-162.501
-168.955
-175.408
-181.274
-184.794
-193.007
-202.98
-208.26
-217.646
-228.206
-231.726
-232.899
-231.726
-225.273
-215.886
-214.713
-216.473
-217.06
-215.3
-207.087
-192.421
-176.581
-161.328
-136.102
-112.636
-87.4105
-61.0114
-36.3722
-9.38637
17.0128
39.3054
59.8381
82.7174
97.3836
107.357
114.983
115.57
110.29
103.25
97.3836
96.2103
101.49
110.29
125.543
145.489
168.955
188.901
201.807
211.193
214.713
215.3
210.607
194.18
174.234
156.048
130.822
110.876
93.8637
73.9176
60.4247
52.2117
48.1051
49.2784
62.1847
74.5043
89.7571
107.943
119.09
119.676
110.876
100.317
82.1307
65.1179
51.0384
32.2656
15.8395
7.62642
2.34659
0.586648
2.93324
9.97301
15.8395
21.1193
28.1591
29.3324
28.1591
21.706
14.0795
8.79972
2.93324
-4.69318
-17.0128
-27.5725
-35.1989
-38.1321
-39.3054
-45.1719
-53.9716
-61.0114
-69.2245
-77.4375
-87.4105
-97.3836
-106.77
-114.983
-114.396
-111.463
-104.423
-93.8637
-86.2372
-78.6108
-68.0512
-59.2514
-57.4915
-61.0114
-64.5313
-69.2245
-66.2912
-67.4645
-69.2245
-70.3977
-74.5043
-72.7443
-72.7443
-70.9844
-64.5313
-62.1847
-58.0781
-52.7983
-42.8253
-25.8125
-10.5597
7.62642
26.3992
41.0654
55.7315
64.5313
69.2245
69.2245
70.3977
67.4645
60.4247
55.1449
52.7983
48.1051
46.9318
45.1719
41.652
41.0654
44.5852
51.0384
54.5583
55.1449
55.1449
55.7315
53.9716
54.5583
56.9048
57.4915
59.8381
62.7713
62.7713
58.0781
52.2117
41.652
26.9858
15.2528
2.34659
-12.9063
-25.2259
-40.4787
-49.8651
-56.9048
-63.9446
-63.358
-62.7713
-63.9446
-66.8779
-71.571
-75.6776
-79.1975
-79.1975
-78.0242
-75.0909
-66.8779
-57.4915
-50.4517
-43.9986
-41.0654
-43.4119
-48.1051
-53.9716
-62.1847
-72.1577
-82.7174
-92.1037
-100.317
-104.423
-103.837
-99.7301
-90.9304
-79.1975
-64.5313
-49.2784
-36.3722
-22.2926
-11.733
0.586648
16.4261
29.919
38.7188
45.7585
51.625
57.4915
62.1847
67.4645
73.331
79.1975
85.0639
92.6904
95.037
93.277
90.9304
86.8239
89.7571
93.8637
97.9702
103.837
109.117
118.503
128.476
137.862
148.422
156.635
163.088
165.435
166.021
161.915
152.528
139.622
119.09
93.8637
69.8111
46.3452
24.6392
7.03977
-6.45313
-15.2528
-19.946
-14.6662
-11.1463
-4.69318
1.75994
5.86648
14.0795
18.1861
21.1193
17.0128
6.45313
-7.62642
-24.0526
-35.1989
-46.3452
-56.3182
-73.331
-87.9972
-102.077
-114.983
-124.956
-134.929
-141.969
-147.835
-151.942
-150.182
-144.902
-140.209
-129.649
-119.09
-104.423
-81.5441
-58.6648
-36.9588
-21.1193
-9.38637
-9.38637
-18.1861
-31.0923
-53.385
-80.9574
-109.703
-136.102
-153.702
-160.742
-158.982
-150.769
-132.582
-107.357
-79.1975
-43.4119
-5.27983
28.7457
55.7315
76.2642
89.7571
95.037
92.6904
91.5171
86.8239
78.0242
65.7046
51.625
40.4787
27.5725
11.1463
-5.27983
-17.5994
-26.9858
-27.5725
-20.5327
-12.3196
4.69318
23.4659
48.1051
76.8509
105.597
131.996
151.355
166.021
173.061
166.608
151.942
126.716
93.8637
59.2514
26.3992
-2.34659
-25.2259
-38.7188
-45.7585
-46.9318
-39.8921
-28.7457
-13.4929
4.10654
18.1861
34.6122
46.3452
53.9716
56.9048
56.3182
49.8651
38.1321
25.2259
10.5597
-5.86648
-21.706
-36.3722
-50.4517
-63.358
-72.7443
-79.1975
-78.0242
-68.6378
-56.3182
-41.652
-20.5327
1.75994
20.5327
35.1989
44.5852
43.9986
38.1321
29.919
18.7727
4.10654
-12.9063
-28.1591
-43.9986
-52.7983
-53.385
-50.4517
-43.9986
-37.5455
-31.679
-24.0526
-19.3594
-16.4261
-12.9063
-11.733
-8.79972
-2.93324
1.1733
8.21307
11.733
14.0795
15.8395
14.0795
14.0795
11.733
5.86648
-1.1733
-6.45313
-8.79972
-9.38637
-3.51989
0
7.03977
12.9063
14.6662
15.8395
12.3196
9.97301
7.03977
2.34659
-3.51989
-8.79972
-11.1463
-14.6662
-10.5597
-2.34659
3.51989
9.38637
15.2528
23.4659
29.3324
35.7855
40.4787
38.7188
39.3054
38.1321
34.0256
28.7457
19.946
10.5597
-2.34659
-8.79972
-16.4261
-22.2926
-25.8125
-28.7457
-26.3992
-21.1193
-12.9063
-4.10654
5.27983
12.3196
16.4261
15.8395
13.4929
11.1463
3.51989
-5.86648
-12.3196
-22.2926
-26.9858
-28.1591
-28.1591
-23.4659
-17.5994
-11.733
-7.62642
-1.75994
-0.586648
-2.34659
-4.69318
-6.45313
-8.21307
-9.38637
-7.62642
-6.45313
-4.69318
-1.75994
0.586648
2.34659
2.34659
1.75994
0
-0.586648
-4.10654
-8.79972
-12.3196
-16.4261
-18.7727
-21.706
-26.3992
-32.2656
-39.8921
-46.3452
-50.4517
-52.2117
-52.7983
-52.2117
-48.1051
-47.5185
-41.0654
-35.1989
-29.919
-21.1193
-13.4929
-4.69318
3.51989
11.733
14.6662
17.0128
18.1861
17.0128
17.5994
15.8395
12.9063
9.38637
8.21307
8.21307
10.5597
18.7727
26.9858
39.8921
50.4517
59.2514
73.9176
82.1307
91.5171
94.4503
92.1037
89.7571
83.304
72.1577
58.0781
45.1719
34.6122
26.3992
21.1193
18.7727
16.4261
14.0795
13.4929
14.0795
14.0795
18.1861
19.3594
18.7727
19.3594
20.5327
22.2926
23.4659
24.6392
20.5327
15.8395
9.38637
-1.75994
-13.4929
-26.9858
-38.7188
-49.8651
-57.4915
-62.1847
-65.1179
-63.9446
-64.5313
-61.0114
-56.9048
-54.5583
-48.6918
-43.9986
-38.1321
-35.7855
-34.0256
-33.4389
-38.7188
-39.8921
-39.8921
-44.5852
-46.3452
-48.1051
-54.5583
-56.3182
-57.4915
-57.4915
-50.4517
-42.8253
-32.2656
-19.946
-12.9063
-8.21307
-6.45313
-2.34659
2.34659
2.34659
7.62642
8.79972
2.93324
1.75994
-4.10654
-7.03977
-4.10654
-4.10654
-1.75994
0
-1.75994
-3.51989
-7.03977
-7.03977
-4.69318
1.1733
12.3196
22.2926
34.6122
46.9318
56.3182
67.4645
75.6776
79.1975
80.3708
75.6776
66.2912
56.3182
50.4517
45.7585
41.0654
43.4119
45.7585
49.2784
57.4915
65.1179
70.3977
74.5043
77.4375
74.5043
74.5043
69.2245
60.4247
55.7315
50.4517
46.9318
45.7585
46.9318
44.5852
39.3054
35.7855
28.1591
16.4261
9.97301
0
-14.6662
-25.2259
-38.1321
-51.625
-61.0114
-70.9844
-79.7841
-87.4105
-93.277
-98.5568
-101.49
-97.3836
-92.6904
-90.3438
-85.0639
-80.9574
-82.1307
-78.6108
-74.5043
-73.9176
-71.571
-66.2912
-65.7046
-67.4645
-70.3977
-75.0909
-78.0242
-82.1307
-85.6506
-90.3438
-97.3836
-102.663
-105.597
-102.663
-95.6236
-83.8906
-66.8779
-49.2784
-30.5057
-7.62642
13.4929
34.6122
52.7983
61.0114
69.2245
71.571
65.1179
59.8381
53.385
45.1719
43.4119
42.2386
45.7585
52.2117
60.4247
72.1577
82.7174
91.5171
102.663
109.117
112.636
116.743
119.676
120.849
120.263
118.503
114.983
108.53
100.903
92.6904
78.6108
65.1179
53.385
42.2386
31.0923
22.8793
13.4929
6.45313
3.51989
3.51989
5.27983
6.45313
8.79972
12.3196
13.4929
14.6662
11.733
4.10654
-3.51989
-14.0795
-25.2259
-34.0256
-47.5185
-59.2514
-67.4645
-72.1577
-71.571
-71.571
-69.8111
-65.1179
-61.0114
-54.5583
-48.1051
-46.9318
-49.2784
-50.4517
-53.9716
-58.0781
-61.0114
-63.358
-62.7713
-58.6648
-52.7983
-45.7585
-37.5455
-28.7457
-17.5994
-5.27983
2.93324
8.79972
9.97301
9.38637
7.03977
0.586648
-8.79972
-19.3594
-26.3992
-30.5057
-34.0256
-32.8523
-31.0923
-25.8125
-14.0795
-4.69318
8.79972
21.706
28.7457
41.0654
50.4517
59.2514
64.5313
63.358
60.4247
55.7315
46.9318
35.1989
19.946
4.10654
-9.97301
-21.1193
-27.5725
-31.0923
-27.5725
-18.1861
-3.51989
15.8395
36.3722
53.385
68.6378
80.3708
82.7174
82.7174
77.4375
63.358
49.8651
34.0256
12.9063
-8.79972
-24.6392
-35.1989
-45.1719
-46.3452
-44.5852
-40.4787
-30.5057
-20.5327
-11.1463
-4.69318
-2.34659
-0.586648
-2.34659
-5.86648
-9.38637
-15.2528
-22.2926
-26.3992
-31.679
-39.3054
-48.6918
-59.8381
-68.6378
-72.7443
-76.8509
-81.5441
-85.6506
-81.5441
-78.0242
-71.571
-64.5313
-56.9048
-49.2784
-40.4787
-31.679
-26.9858
-21.1193
-16.4261
-12.3196
-7.03977
-3.51989
2.34659
4.10654
5.27983
11.733
17.5994
17.0128
17.5994
21.1193
23.4659
27.5725
29.919
32.2656
35.1989
39.8921
46.3452
51.0384
59.8381
66.8779
75.6776
87.9972
96.2103
103.25
107.357
105.597
103.837
103.25
99.1435
90.9304
80.9574
69.8111
61.598
51.0384
40.4787
34.6122
28.1591
24.0526
20.5327
21.706
21.706
22.8793
29.3324
32.8523
33.4389
36.3722
39.8921
35.7855
31.679
24.6392
14.6662
7.62642
-2.34659
-11.733
-22.2926
-30.5057
-38.1321
-43.4119
-46.9318
-49.2784
-46.3452
-46.9318
-46.3452
-47.5185
-48.1051
-42.2386
-42.2386
-43.4119
-46.3452
-48.1051
-50.4517
-53.385
-51.0384
-50.4517
-46.3452
-42.2386
-39.3054
-41.652
-44.5852
-48.6918
-53.385
-59.2514
-66.8779
-73.331
-85.0639
-90.3438
-89.7571
-87.4105
-80.3708
-74.5043
-63.9446
-55.1449
-48.1051
-42.2386
-37.5455
-34.6122
-33.4389
-30.5057
-31.0923
-31.0923
-27.5725
-18.7727
-8.21307
5.86648
15.8395
22.2926
29.3324
31.0923
33.4389
32.2656
26.9858
24.0526
19.946
14.0795
11.1463
11.733
12.9063
14.0795
14.0795
17.5994
21.706
22.8793
23.4659
28.1591
35.7855
37.5455
38.1321
38.1321
34.6122
31.0923
28.7457
20.5327
12.3196
6.45313
1.1733
0.586648
4.10654
8.79972
16.4261
25.8125
37.5455
48.1051
58.6648
61.0114
60.4247
62.7713
62.7713
63.358
62.1847
62.1847
60.4247
59.8381
57.4915
56.3182
53.385
48.6918
43.9986
38.1321
34.0256
26.3992
25.8125
27.5725
28.7457
35.7855
39.8921
44.5852
49.2784
50.4517
51.625
48.6918
42.2386
34.0256
25.8125
18.7727
9.97301
1.1733
-6.45313
-9.38637
-11.1463
-16.4261
-18.7727
-15.2528
-15.2528
-12.9063
-10.5597
-14.6662
-18.1861
-21.1193
-28.1591
-35.1989
-41.0654
-49.2784
-54.5583
-59.2514
-63.9446
-61.598
-59.2514
-58.0781
-55.7315
-51.625
-48.1051
-49.2784
-49.8651
-53.9716
-57.4915
-60.4247
-67.4645
-72.1577
-75.6776
-80.3708
-83.304
-83.8906
-79.7841
-70.3977
-64.5313
-57.4915
-48.1051
-39.3054
-29.3324
-20.5327
-19.3594
-17.5994
-15.8395
-18.1861
-24.6392
-31.0923
-35.1989
-40.4787
-40.4787
-41.0654
-41.0654
-37.5455
-35.7855
-29.919
-22.2926
-15.8395
-11.1463
-6.45313
2.34659
11.733
15.2528
17.5994
20.5327
22.2926
22.8793
23.4659
22.2926
22.2926
20.5327
19.3594
19.3594
19.3594
19.3594
20.5327
26.3992
34.0256
41.0654
48.6918
56.9048
64.5313
74.5043
82.7174
87.4105
91.5171
95.6236
94.4503
89.7571
85.6506
79.1975
70.9844
63.358
56.9048
52.7983
52.7983
51.0384
47.5185
46.9318
48.6918
49.2784
47.5185
49.8651
52.2117
50.4517
50.4517
46.3452
43.4119
39.3054
33.4389
24.6392
15.8395
8.79972
0.586648
-7.03977
-9.97301
-14.0795
-15.8395
-14.0795
-11.1463
-6.45313
-2.34659
4.10654
7.62642
10.5597
12.9063
14.0795
12.3196
8.21307
0.586648
-9.38637
-20.5327
-32.2656
-42.8253
-51.0384
-56.3182
-59.2514
-61.0114
-58.0781
-58.0781
-56.9048
-55.1449
-53.9716
-49.8651
-46.9318
-45.1719
-43.9986
-47.5185
-51.0384
-55.7315
-60.4247
-65.1179
-68.0512
-69.2245
-70.9844
-72.7443
-71.571
-70.3977
-69.2245
-65.1179
-59.8381
-52.7983
-42.2386
-32.8523
-26.9858
-20.5327
-16.4261
-15.8395
-12.9063
-11.733
-12.9063
-12.9063
-15.8395
-19.946
-22.8793
-25.2259
-22.2926
-18.7727
-12.9063
-6.45313
0
6.45313
11.733
16.4261
22.8793
28.1591
29.919
31.0923
28.1591
24.0526
20.5327
14.6662
7.62642
3.51989
0.586648
-1.75994
-0.586648
0.586648
3.51989
11.733
20.5327
30.5057
41.652
55.1449
62.7713
68.0512
72.1577
70.9844
68.0512
63.358
53.385
45.1719
36.9588
26.3992
19.946
14.6662
9.38637
7.62642
5.27983
4.69318
9.38637
17.0128
24.6392
34.6122
42.2386
48.6918
51.625
56.9048
61.0114
61.598
61.598
55.7315
46.9318
38.1321
27.5725
15.8395
8.21307
0
-5.86648
-8.79972
-10.5597
-8.21307
-4.69318
2.34659
11.733
21.706
29.3324
34.0256
35.1989
35.7855
35.7855
32.2656
28.7457
24.0526
19.946
12.3196
3.51989
-4.10654
-9.97301
-15.2528
-20.5327
-24.6392
-27.5725
-31.679
-31.0923
-31.679
-30.5057
-28.7457
-31.0923
-31.679
-34.0256
-34.0256
-33.4389
-35.1989
-38.1321
-41.652
-45.1719
-49.2784
-50.4517
-53.9716
-55.7315
-55.7315
-56.3182
-56.9048
-57.4915
-58.6648
-58.0781
-56.3182
-53.385
-51.625
-51.625
-52.2117
-52.2117
-48.6918
-46.9318
-45.7585
-43.9986
-44.5852
-40.4787
-36.3722
-31.679
-24.0526
-18.1861
-11.733
-4.69318
3.51989
10.5597
17.5994
21.1193
23.4659
26.3992
23.4659
19.946
14.0795
7.03977
5.27983
5.27983
7.03977
9.38637
11.733
18.7727
24.0526
31.679
41.0654
46.9318
51.625
52.7983
51.625
46.9318
40.4787
32.2656
24.6392
15.2528
5.27983
-1.75994
-6.45313
-8.79972
-9.38637
-8.21307
-2.93324
1.75994
6.45313
11.1463
15.8395
19.3594
21.1193
20.5327
17.5994
14.6662
12.9063
8.21307
4.69318
-0.586648
-4.10654
-4.69318
-6.45313
-8.21307
-8.21307
-6.45313
-2.34659
3.51989
7.03977
12.3196
18.1861
23.4659
29.919
33.4389
34.6122
36.3722
35.7855
32.8523
32.2656
28.1591
24.0526
21.1193
14.6662
9.97301
5.27983
4.10654
5.27983
4.69318
5.27983
9.38637
13.4929
15.2528
16.4261
14.0795
14.0795
12.3196
9.38637
6.45313
1.1733
-0.586648
-0.586648
-2.93324
-8.79972
-15.8395
-19.3594
-22.8793
-26.9858
-29.3324
-26.9858
-25.8125
-25.2259
-23.4659
-25.8125
-26.3992
-25.8125
-25.2259
-24.6392
-24.0526
-23.4659
-20.5327
-16.4261
-14.0795
-11.1463
-8.21307
-4.69318
-1.75994
-1.75994
-1.75994
1.75994
2.34659
1.75994
1.1733
-1.1733
-1.1733
-1.1733
-5.27983
-7.03977
-8.21307
-8.21307
-5.86648
-5.86648
-1.1733
4.69318
8.21307
12.9063
13.4929
11.733
11.1463
7.03977
2.34659
-0.586648
-5.27983
-7.03977
-9.38637
-10.5597
-9.38637
-8.21307
-8.79972
-9.38637
-8.79972
-8.79972
-7.62642
-5.27983
-3.51989
-4.69318
-4.10654
-6.45313
-10.5597
-13.4929
-17.0128
-19.3594
-17.5994
-12.3196
-8.79972
-2.93324
3.51989
6.45313
11.1463
11.1463
8.79972
7.03977
4.69318
2.93324
1.75994
-1.1733
-2.93324
-5.86648
-7.62642
-7.03977
-7.62642
-4.69318
-0.586648
2.34659
8.79972
12.9063
14.6662
17.0128
15.8395
15.8395
18.7727
19.946
18.1861
15.2528
15.2528
14.6662
15.2528
14.6662
13.4929
13.4929
15.2528
15.8395
13.4929
11.733
7.62642
4.69318
4.69318
2.93324
1.75994
2.34659
1.75994
3.51989
6.45313
9.97301
11.733
11.733
15.8395
18.7727
21.1193
21.706
15.2528
11.1463
7.62642
5.27983
2.93324
2.34659
0
-1.75994
1.1733
1.1733
2.93324
4.69318
5.27983
6.45313
8.21307
5.86648
1.1733
-2.34659
-7.03977
-9.97301
-9.97301
-12.9063
-14.6662
-16.4261
-16.4261
-14.0795
-15.8395
-17.0128
-18.7727
-22.8793
-23.4659
-25.2259
-29.3324
-29.919
-32.8523
-37.5455
-38.1321
-40.4787
-39.8921
-36.9588
-32.2656
-29.919
-28.1591
-26.9858
-25.2259
-21.706
-18.7727
-15.2528
-12.9063
-8.79972
-5.86648
-5.86648
-4.69318
-4.69318
0
5.86648
10.5597
14.0795
15.8395
21.1193
24.0526
26.9858
29.919
29.3324
31.679
33.4389
33.4389
34.0256
32.2656
30.5057
28.1591
26.3992
25.2259
23.4659
22.8793
22.8793
22.8793
24.0526
23.4659
24.0526
24.6392
24.6392
26.3992
