SAMPLES: 6783
BITSPERSAMPLE:	16
CHANNELS:	1
SAMPLERATE:	16000
NORMALIZED:	FALSE
-60.4263
-76.9062
-85.6955
-81.3008
-67.0182
-60.4263
-67.0182
-70.3142
-75.8075
-91.1887
-110.965
-132.938
-130.74
-72.5115
-9.88794
9.88794
-6.59196
-42.8477
-56.0316
-16.4799
24.1705
40.6504
59.3276
70.3142
64.8209
50.5383
17.5786
-14.2826
16.4799
69.2156
98.8794
115.359
105.471
63.7223
35.1571
24.1705
38.4531
93.3861
135.135
119.754
94.4847
72.5115
58.229
74.7089
90.0901
93.3861
115.359
126.346
112.063
95.5834
73.6102
48.341
60.4263
98.8794
125.247
123.05
75.8075
20.8745
17.5786
57.1303
98.8794
127.445
125.247
91.1887
59.3276
26.3678
8.78928
17.5786
25.2692
25.2692
15.3812
-12.0853
-48.341
-83.4981
-110.965
-93.3861
-23.0719
28.5652
6.59196
-70.3142
-145.023
-157.108
-110.965
-63.7223
-40.6504
-26.3678
-42.8477
-95.5834
-132.938
-150.516
-149.418
-125.247
-110.965
-102.175
-96.682
-143.924
-231.817
-275.764
-228.521
-132.938
-70.3142
-80.2022
-124.149
-148.319
-150.516
-154.911
-130.74
-67.0182
-17.5786
-43.9464
-110.965
-148.319
-143.924
-129.642
-128.543
-75.8075
49.4397
145.023
105.471
-6.59196
-56.0316
12.0853
123.05
174.687
165.898
152.714
149.418
115.359
64.8209
41.7491
80.2022
154.911
201.055
213.14
199.956
150.516
87.8928
72.5115
132.938
238.409
296.638
250.494
160.404
116.458
117.557
141.727
181.279
208.745
237.31
255.988
226.324
176.884
150.516
129.642
117.557
147.22
174.687
173.588
140.628
64.8209
-28.5652
-47.2424
-1.09866
50.5383
97.7807
91.1887
27.4665
-21.9732
-53.8343
-94.4847
-106.57
-105.471
-101.077
-57.1303
-16.4799
-63.7223
-159.306
-213.14
-246.1
-204.351
-101.077
-83.4981
-135.135
-197.759
-277.961
-290.046
-236.212
-229.62
-247.198
-228.521
-210.943
-236.212
-281.257
-352.67
-381.235
-296.638
-220.831
-202.153
-180.18
-188.969
-227.423
-243.902
-245.001
-215.337
-156.01
-126.346
-158.207
-183.476
-184.575
-228.521
-291.145
-276.862
-151.615
6.59196
86.7941
30.7625
-27.4665
16.4799
91.1887
143.924
206.548
275.764
316.414
308.723
225.225
121.951
106.57
158.207
229.62
335.091
408.701
375.742
285.652
190.068
185.673
310.921
424.083
429.576
364.755
287.849
228.521
196.66
176.884
188.969
250.494
297.737
302.131
279.06
226.324
157.108
104.373
98.8794
181.279
279.06
277.961
179.082
70.3142
12.0853
46.1437
110.965
116.458
112.063
87.8928
14.2826
-53.8343
-129.642
-197.759
-202.153
-207.647
-209.844
-191.167
-246.1
-336.19
-368.051
-352.67
-299.934
-227.423
-219.732
-170.292
-39.5517
-83.4981
-204.351
-175.786
-70.3142
40.6504
38.4531
-165.898
-206.548
4.39464
21.9732
-182.377
-321.907
-347.176
-250.494
-140.628
-321.907
-502.087
-359.262
-298.835
-358.163
-280.158
-277.961
-314.217
-280.158
-342.782
-340.584
-147.22
-123.05
-298.835
-269.172
-170.292
-127.445
-76.9062
-163.7
-231.817
-154.911
-86.7941
-96.682
-121.951
-123.05
-187.871
-223.028
-126.346
-30.7625
61.5249
148.319
177.983
239.508
349.374
421.885
454.845
515.271
615.249
663.59
694.353
710.833
624.039
540.541
472.424
428.477
509.778
605.361
609.756
535.047
426.28
376.84
352.67
352.67
354.867
332.894
328.499
285.652
176.884
87.8928
58.229
56.0316
83.4981
127.445
152.714
161.503
149.418
73.6102
14.2826
27.4665
85.6955
135.135
173.588
148.319
76.9062
20.8745
-23.0719
-29.6638
13.1839
29.6638
-40.6504
-102.175
-179.082
-270.27
-328.499
-390.024
-436.168
-436.168
-455.944
-518.567
-583.388
-651.505
-658.097
-609.756
-547.132
-480.114
-446.056
-320.809
-197.759
-171.391
-179.082
-174.687
-87.8928
27.4665
72.5115
29.6638
81.3008
287.849
314.217
88.9914
-140.628
-307.625
-197.759
-76.9062
-231.817
-380.136
-407.603
-441.661
-518.567
-611.953
-695.452
-629.532
-464.733
-381.235
-365.854
-313.118
-355.966
-416.392
-308.723
-86.7941
123.05
148.319
18.6772
-131.839
-130.74
-54.933
-12.0853
6.59196
20.8745
-18.6772
-1.09866
143.924
118.655
63.7223
-21.9732
34.0584
347.176
576.796
527.357
315.315
257.086
380.136
539.442
568.007
536.146
562.514
756.976
863.546
828.389
781.147
673.478
670.182
766.864
871.237
896.506
830.587
647.111
450.45
379.038
357.064
331.795
227.423
107.669
18.6772
-7.69062
0
-58.229
-116.458
-130.74
-97.7807
-23.0719
21.9732
-5.4933
-52.7357
-59.3276
-3.29598
63.7223
148.319
153.812
101.077
41.7491
-3.29598
-10.9866
-62.6236
-113.162
-190.068
-245.001
-314.217
-429.576
-555.922
-677.873
-765.766
-847.067
-870.138
-880.026
-882.224
-862.448
-841.573
-823.995
-715.227
-588.882
-488.904
-370.248
-260.382
-132.938
43.9464
284.553
392.221
500.989
546.034
543.837
566.908
630.631
696.55
675.676
595.474
297.737
121.951
68.1169
-30.7625
-259.284
-461.437
-535.047
-528.455
-525.159
-770.16
-974.511
-909.69
-640.519
-457.042
-357.064
-324.105
-342.782
-246.1
-141.727
-23.0719
186.772
319.71
281.257
274.665
299.934
341.683
317.513
235.113
113.162
59.3276
65.9196
-63.7223
-220.831
-396.616
-493.298
-536.146
-537.245
-580.092
-589.98
-539.442
-425.181
-214.239
-73.6102
62.6236
74.7089
108.767
248.297
504.285
938.255
1266.75
1281.04
1141.51
1065.7
1073.39
1218.41
1197.54
1103.05
1232.7
1352.45
1201.93
828.389
391.123
46.1437
101.077
226.324
182.377
160.404
-45.045
-531.751
-754.779
-674.577
-541.639
-206.548
-88.9914
-266.974
-216.436
-140.628
-253.79
-153.812
3.29598
135.135
432.872
532.85
355.966
236.212
87.8928
-90.0901
9.88794
113.162
91.1887
-17.5786
-351.571
-646.012
-697.649
-796.528
-894.309
-877.829
-975.61
-965.722
-951.439
-1196.44
-1277.74
-1075.59
-908.592
-632.828
-371.347
-271.369
-125.247
86.7941
57.1303
495.495
1339.27
1377.72
1149.2
689.958
527.357
923.973
1047.02
543.837
199.956
359.262
243.902
-151.615
-843.771
-1299.71
-1151.4
-620.743
-493.298
-520.765
-477.917
-877.829
-1112.94
-882.224
-411.997
115.359
185.673
-215.337
-359.262
-136.234
29.6638
-7.69062
27.4665
246.1
510.877
539.442
260.382
-4.39464
-162.602
-262.58
-202.153
26.3678
195.561
-78.0048
-749.286
-1193.14
-1040.43
-548.231
-223.028
-185.673
-131.839
110.965
483.41
618.545
529.554
609.756
973.412
1521.64
1883.1
1961.11
1664.47
1270.05
1206.33
1367.83
1561.2
1587.56
1235.99
741.595
671.281
693.254
552.626
326.302
-57.1303
-342.782
-325.203
-341.683
-630.631
-915.183
-1149.2
-1239.29
-947.045
-548.231
-438.365
-426.28
-424.083
-285.652
153.812
532.85
663.59
652.604
681.169
748.187
814.107
732.806
522.962
337.289
186.772
110.965
39.5517
-196.66
-521.863
-849.264
-1176.66
-1301.91
-1411.78
-1638.1
-1784.22
-1835.86
-1830.37
-1655.68
-1491.98
-1440.34
-1133.82
-775.654
-452.648
-76.9062
218.633
504.285
908.592
1219.51
1278.84
1319.49
1216.22
1112.94
1090.97
904.197
638.321
454.845
184.575
-203.252
-497.693
-866.842
-1106.35
-1050.32
-1032.74
-1014.06
-910.789
-1021.75
-1153.59
-1061.31
-882.224
-587.783
-283.454
-204.351
-220.831
-40.6504
161.503
320.809
459.24
451.549
477.917
586.684
643.815
561.415
394.419
195.561
67.0182
-25.2692
-164.799
-339.486
-562.514
-797.627
-1111.84
-1223.91
-955.834
-439.464
-41.7491
-151.615
-287.849
236.212
749.286
980.004
1152.49
1310.7
1942.43
2611.51
2403.87
1863.33
1913.87
2051.2
2162.16
2311.58
2064.38
1787.52
1687.54
1050.32
490.002
763.568
747.089
213.14
-130.74
-574.599
-886.618
-805.318
-1141.51
-1485.39
-1117.34
-859.152
-830.587
-575.698
-499.89
-488.904
-252.692
-127.445
157.108
681.169
751.483
541.639
413.096
373.544
480.114
448.253
194.463
71.4129
-76.9062
-363.656
-642.716
-1073.39
-1398.59
-1496.37
-1701.82
-1956.71
-2044.61
-2186.33
-2337.95
-2298.4
-2220.39
-1972.09
-1564.49
-1262.36
-1092.07
-785.542
-455.944
-68.1169
455.944
798.726
1071.19
1470.01
1823.77
1868.82
1680.95
1295.32
1118.44
1170.07
1131.62
787.739
339.486
-38.4531
-443.858
-763.568
-1153.59
-1426.06
-1419.47
-1297.52
-1230.5
-1060.21
-959.13
-1005.27
-896.506
-617.447
-188.969
304.329
509.778
447.154
484.509
621.841
819.6
993.188
994.287
936.058
877.829
798.726
714.129
600.967
304.329
-20.8745
-237.31
-330.697
-280.158
-476.818
-869.04
-1122.83
-1190.95
-1194.24
-1223.91
-1407.38
-1379.92
-720.721
24.1705
680.07
1273.35
1196.44
884.421
1071.19
1451.33
2208.31
3135.57
3212.48
2943.31
2905.95
2391.78
1630.41
1160.18
738.299
853.659
1534.83
1402.99
522.962
-243.902
-1106.35
-1535.93
-1004.17
-561.415
-537.245
-673.478
-1405.19
-2010.55
-1717.21
-1337.07
-998.682
-426.28
5.4933
335.091
554.823
324.105
45.045
198.857
580.092
1056.91
1371.13
1212.92
683.366
-37.3544
-609.756
-654.801
-476.818
-372.446
-440.563
-900.901
-1410.68
-1706.22
-2031.42
-2223.69
-2069.87
-1833.66
-1553.5
-1430.45
-1673.26
-1919.36
-1764.45
-1255.77
-522.962
184.575
580.092
853.659
844.869
906.394
1028.35
1342.56
1878.71
2023.73
1807.3
1322.79
1019.56
706.438
450.45
180.18
-72.5115
-52.7357
-123.05
-508.679
-1005.27
-1193.14
-1203.03
-929.466
-615.249
-416.392
-303.23
-330.697
-362.558
-268.073
96.682
485.608
677.873
739.398
754.779
740.497
741.595
676.774
618.545
707.537
769.062
650.407
350.472
54.933
-223.028
-447.154
-563.612
-638.321
-715.227
-932.762
-1241.49
-1534.83
-1651.29
-1654.58
-1622.72
-1649.09
-1543.62
-1333.77
-1004.17
-403.208
169.194
908.592
1559
1629.31
1596.35
1772.14
2039.11
2640.08
3059.77
2980.66
2887.28
2544.5
1780.93
1053.61
600.967
344.979
476.818
643.815
253.79
-315.315
-858.053
-1542.52
-1652.38
-1136.01
-815.205
-703.142
-894.309
-1453.53
-1634.81
-1307.4
-954.735
-349.374
321.907
622.94
783.344
759.174
583.388
643.815
748.187
829.488
1089.87
1089.87
807.515
243.902
-493.298
-836.08
-827.291
-796.528
-743.793
-783.344
-1172.27
-1577.68
-1896.29
-2112.72
-1916.06
-1535.93
-1371.13
-1181.06
-987.695
-990.991
-731.707
-372.446
191.167
1004.17
1496.37
1677.65
1720.5
1790.82
1880.91
1944.63
1888.6
1853.44
1805.1
1448.03
856.955
253.79
-236.212
-485.608
-633.927
-906.394
-1076.69
-1211.82
-1462.32
-1511.76
-1398.59
-1306.31
-1089.87
-959.13
-876.73
-570.204
-263.678
-92.2874
101.077
271.369
462.536
704.241
770.16
762.47
813.008
708.635
572.402
464.733
301.033
162.602
-70.3142
-441.661
-660.294
-833.883
-1076.69
-1220.61
-1410.68
-1486.49
-1445.84
-1432.65
-1468.91
-1374.42
-1300.81
-1295.32
-1110.74
-698.748
81.3008
831.685
1432.65
1934.74
2027.03
2019.34
2113.82
2274.23
2736.76
3224.57
3236.65
3020.22
2610.42
1743.57
1001.98
472.424
125.247
273.566
505.383
118.655
-477.917
-965.722
-1540.32
-1594.16
-1087.67
-751.483
-591.079
-629.532
-1118.44
-1357.94
-1078.88
-720.721
-174.687
435.069
691.057
820.699
803.12
602.065
587.783
741.595
867.941
985.498
908.592
552.626
47.2424
-619.644
-1008.57
-1039.33
-996.484
-958.031
-1137.11
-1606.24
-1969.9
-2164.36
-2286.31
-2076.47
-1725.99
-1468.91
-1298.62
-1233.79
-1250.27
-977.807
-539.442
110.965
838.277
1237.09
1502.97
1456.82
1616.13
1812.79
1920.46
1927.05
1808.39
1758.95
1474.4
1017.36
342.782
-145.023
-315.315
-337.289
-576.796
-939.354
-1207.43
-1478.8
-1511.76
-1357.94
-1145.9
-886.618
-736.102
-669.084
-530.653
-230.719
51.637
191.167
431.773
670.182
810.811
926.17
823.995
643.815
582.29
502.087
429.576
422.984
316.414
-64.8209
-402.109
-662.492
-858.053
-927.269
-1093.17
-1272.25
-1339.27
-1440.34
-1527.14
-1609.54
-1674.36
-1617.23
-1417.27
-1065.7
-383.432
532.85
956.933
1404.09
1909.47
1988.57
2285.21
2641.18
2829.05
3343.22
3746.43
3309.16
2838.94
2431.33
1611.73
1155.79
947.045
527.357
494.397
542.738
-197.759
-828.389
-1017.36
-1422.76
-1353.55
-896.506
-881.125
-871.237
-940.453
-1476.6
-1651.29
-1255.77
-806.416
-235.113
320.809
541.639
552.626
503.186
406.504
533.949
845.968
1014.06
1081.08
870.138
395.517
-125.247
-716.326
-983.3
-786.64
-713.03
-818.501
-1087.67
-1694.13
-2134.7
-2280.82
-2411.56
-2197.32
-1734.78
-1572.18
-1568.89
-1546.91
-1567.79
-1251.37
-664.689
20.8745
855.856
1439.24
1744.67
1599.65
1461.22
1521.64
1706.22
2001.76
2072.07
1949.02
1439.24
751.483
90.0901
-403.208
-592.178
-563.612
-692.156
-889.914
-1049.22
-1456.82
-1761.15
-1734.78
-1539.22
-1045.92
-532.85
-375.742
-361.459
-287.849
-162.602
70.3142
543.837
990.991
1257.97
1344.76
1155.79
902
784.443
680.07
542.738
474.621
399.912
229.62
-86.7941
-531.751
-949.242
-1242.58
-1315.1
-1316.19
-1334.87
-1441.44
-1618.33
-1861.13
-1957.81
-1787.52
-1457.92
-740.497
238.409
1084.38
1496.37
1776.53
1768.84
1857.83
2428.04
2914.74
3534.39
4104.59
4006.81
3379.48
2630.19
1718.3
1145.9
1121.73
1070.09
998.682
808.613
43.9464
-873.434
-1404.09
-1751.26
-1733.68
-1352.45
-1185.45
-1282.14
-1468.91
-1887.5
-2046.8
-1608.44
-1054.71
-383.432
237.31
487.805
580.092
542.738
422.984
607.559
993.188
1232.7
1354.65
1165.68
600.967
84.5968
-324.105
-599.868
-508.679
-495.495
-703.142
-919.578
-1419.47
-1973.19
-2235.77
-2356.62
-2272.03
-1979.78
-1858.93
-1852.34
-1786.42
-1724.9
-1381.02
-825.093
-110.965
637.223
1075.59
1449.13
1640.3
1705.12
1835.86
1956.71
2178.64
2276.42
2096.24
1534.83
950.341
499.89
112.063
-152.714
-417.491
-622.94
-798.726
-976.708
-1328.28
-1537.02
-1527.14
-1487.59
-1238.19
-992.09
-813.008
-598.77
-500.989
-365.854
-40.6504
336.19
704.241
931.663
962.426
972.314
948.143
805.318
721.819
652.604
510.877
396.616
180.18
-172.49
-451.549
-804.219
-1162.38
-1334.87
-1512.85
-1665.57
-1766.64
-1938.04
-2167.66
-2267.63
-2259.94
-1846.85
-828.389
299.934
1193.14
1548.01
1449.13
1443.64
1847.95
2511.54
3286.09
4043.07
4479.24
4424.3
3705.78
2473.08
1410.68
1067.9
1334.87
1825.97
1998.46
1303.01
41.7491
-1199.74
-1941.33
-1755.66
-1084.38
-749.286
-988.794
-1676.55
-2444.52
-2759.83
-2582.95
-2022.63
-1117.34
-265.876
254.889
410.899
214.239
30.7625
183.476
699.846
1515.05
2183.04
2200.62
1587.56
688.86
-64.8209
-187.871
78.0048
309.822
303.23
-174.687
-966.82
-1760.05
-2354.43
-2576.36
-2377.5
-2057.79
-1887.5
-1987.48
-2308.28
-2632.39
-2617.01
-2094.05
-1205.23
16.4799
990.991
1311.8
1253.57
1028.35
1200.83
1825.97
2507.14
2918.04
2942.21
2586.24
1871.02
1114.04
410.899
23.0719
14.2826
88.9914
-84.5968
-574.599
-1251.37
-2009.45
-2323.67
-2110.53
-1629.31
-1134.92
-1008.57
-1289.83
-1549.11
-1448.03
-988.794
-279.06
394.419
866.842
1072.29
1066.8
934.959
839.376
858.053
1039.33
1225.01
1218.41
1052.52
530.653
-119.754
-630.631
-875.632
-921.775
-889.914
-1109.65
-1597.45
-2042.41
-2445.62
-2630.19
-2413.76
-1583.17
-558.119
410.899
983.3
792.134
578.994
851.461
1496.37
2513.73
3658.54
4283.67
4345.2
3977.15
3014.72
2083.06
1835.86
1928.15
2279.72
2701.6
2296.2
1151.4
-43.9464
-1125.03
-1529.33
-1077.79
-707.537
-875.632
-1360.14
-2194.02
-2965.28
-3029
-2659.85
-2030.32
-1128.32
-535.047
-363.656
-271.369
-284.553
-219.732
248.297
955.834
1689.74
2230.28
2085.26
1386.51
658.097
212.041
251.593
559.218
693.254
510.877
-97.7807
-1014.06
-1776.53
-2322.57
-2536.81
-2406.06
-2301.69
-2322.57
-2419.25
-2714.79
-2998.24
-2813.67
-2180.84
-1289.83
-377.939
99.978
293.342
550.428
783.344
1254.67
1890.79
2528.02
2902.66
2754.34
2243.46
1678.75
1352.45
1117.34
920.677
671.281
368.051
-63.7223
-769.062
-1406.28
-1763.35
-1795.21
-1637
-1555.7
-1555.7
-1656.78
-1754.56
-1785.32
-1513.95
-888.816
-194.463
323.006
544.935
659.196
741.595
887.717
1063.5
1341.46
1647.99
1762.25
1611.73
1172.27
760.272
437.267
206.548
71.4129
-88.9914
-346.078
-810.811
-1418.37
-1994.07
-2298.4
-2333.55
-1708.42
-650.407
477.917
996.484
393.32
-116.458
47.2424
1027.25
2250.05
3131.18
3671.72
4037.57
4032.08
3107.01
2016.04
1463.41
1694.13
2541.2
3241.05
3086.13
2054.49
555.922
-953.637
-1357.94
-635.025
16.4799
-105.471
-1120.63
-2519.23
-3373.98
-3427.82
-3101.52
-2480.77
-1772.14
-1299.71
-1060.21
-980.004
-1029.44
-963.525
-631.729
119.754
1231.6
2021.53
1992.97
1229.4
332.894
14.2826
362.558
843.771
1077.79
784.443
20.8745
-866.842
-1627.11
-2101.74
-2241.27
-2231.38
-2324.76
-2457.7
-2696.11
-3077.35
-3330.04
-3286.09
-2614.81
-1491.98
-506.482
7.69062
-75.8075
-64.8209
257.086
1048.12
1969.9
2698.31
3166.34
3004.83
2621.4
2013.84
1585.37
1496.37
1488.68
1441.44
1225.01
725.115
-50.5383
-767.963
-1270.05
-1364.54
-1120.63
-990.991
-1083.28
-1366.73
-1756.76
-1952.32
-1795.21
-1253.57
-581.191
-16.4799
210.943
228.521
231.817
299.934
540.541
873.434
1271.15
1624.92
1706.22
1433.75
917.381
370.248
47.2424
-36.2558
-69.2156
-308.723
-863.546
-1586.46
-2140.19
-2477.48
-2235.77
-1304.11
-214.239
686.662
491.101
-424.083
-754.779
-118.655
1108.55
2346.74
3269.61
3780.49
3976.05
3413.54
2187.43
1533.73
1892.99
2764.23
3655.24
3821.14
2901.56
1459.02
84.5968
-693.254
-143.924
914.085
967.919
-86.7941
-1697.43
-3136.67
-3511.32
-3092.73
-2507.14
-1772.14
-1344.76
-1427.16
-1652.38
-1778.73
-1708.42
-1249.18
-435.069
671.281
1652.38
1830.37
1185.45
337.289
-42.8477
349.374
1082.18
1489.78
1417.27
793.232
-218.633
-1168.97
-1758.95
-1939.13
-1829.27
-1838.06
-2188.53
-2706
-3211.38
-3589.32
-3612.39
-3174.03
-2286.31
-1206.33
-562.514
-418.589
-598.77
-386.728
368.051
1307.4
2134.7
2612.61
2804.88
2526.92
2122.61
1732.59
1655.68
1875.41
1930.34
1662.27
1136.01
519.666
-203.252
-695.452
-820.699
-715.227
-605.361
-883.322
-1364.54
-1755.66
-1883.1
-1842.45
-1620.52
-1092.07
-517.469
-115.359
-62.6236
-169.194
-101.077
215.337
699.846
1120.63
1370.03
1375.52
1178.86
1015.16
865.744
831.685
700.945
475.72
214.239
-228.521
-753.681
-1409.58
-1883.1
-2159.96
-2035.82
-1214.02
-198.857
562.514
344.979
-688.86
-1161.28
-416.392
962.426
2109.43
2810.37
3156.45
3419.03
3244.34
2274.23
1446.93
1548.01
2266.53
3176.23
3664.03
3098.22
1788.62
383.432
-542.738
-228.521
934.959
1275.54
350.472
-1215.12
-2688.42
-3172.93
-2814.77
-2353.33
-1814.99
-1389.8
-1389.8
-1471.11
-1568.89
-1647.99
-1376.62
-716.326
271.369
1364.54
1822.68
1274.45
401.011
-85.6955
169.194
923.973
1431.55
1352.45
834.981
-42.8477
-959.13
-1444.74
-1622.72
-1642.5
-1658.98
-1946.82
-2410.46
-2865.3
-3328.94
-3525.6
-3105.91
-2136.89
-1148.1
-558.119
-627.335
-923.973
-630.631
57.1303
1040.43
1857.83
2302.79
2430.24
2173.15
1845.75
1527.14
1548.01
1671.06
1752.36
1658.98
1197.54
555.922
-239.508
-722.918
-704.241
-433.971
-277.961
-553.724
-1110.74
-1666.67
-1895.19
-1787.52
-1406.28
-863.546
-477.917
-305.427
-314.217
-344.979
-283.454
-1.09866
453.746
920.677
1388.71
1395.3
1134.92
850.363
708.635
885.52
971.215
866.842
438.365
-152.714
-860.25
-1540.32
-1971
-2103.93
-1934.74
-1265.66
-355.966
323.006
411.997
-395.517
-1014.06
-551.527
792.134
2111.62
2857.61
3088.33
3024.61
2860.91
2306.09
1630.41
1596.35
2243.46
3032.3
3617.89
3398.15
2216
905.296
13.1839
43.9464
982.202
1566.69
721.819
-907.493
-2376.4
-3074.05
-2765.33
-2143.48
-1682.05
-1407.38
-1296.42
-1428.26
-1500.77
-1377.72
-1175.57
-664.689
197.759
1103.05
1562.29
1259.06
414.195
-164.799
16.4799
702.044
1270.05
1270.05
762.47
-83.4981
-885.52
-1396.4
-1652.38
-1761.15
-1934.74
-2209.4
-2563.17
-2961.99
-3409.14
-3588.22
-3256.43
-2510.44
-1563.39
-1010.77
-882.224
-963.525
-805.318
-207.647
618.545
1438.15
1823.77
1916.06
1741.38
1574.38
1512.85
1537.02
1615.03
1568.89
1426.06
989.892
442.76
-53.8343
-421.885
-473.522
-359.262
-307.625
-517.469
-928.367
-1371.13
-1613.93
-1457.92
-1020.65
-484.509
-53.8343
113.162
63.7223
32.9598
78.0048
355.966
840.475
1271.15
1548.01
1532.63
1290.93
1082.18
992.09
1019.56
1096.46
1008.57
635.025
26.3678
-853.659
-1622.72
-1977.59
-1914.96
-1585.37
-1064.6
-432.872
16.4799
190.068
-385.63
-960.229
-576.796
544.935
1776.53
2537.9
2724.68
2621.4
2518.13
2032.52
1437.05
1476.6
2085.26
2765.33
3167.44
2882.88
1941.33
1000.88
240.606
15.3812
613.052
1010.77
312.019
-1064.6
-2412.66
-3177.32
-2963.09
-2392.88
-1943.53
-1502.97
-1331.58
-1483.19
-1583.17
-1398.59
-1033.84
-449.352
296.638
1038.23
1519.45
1437.05
892.112
408.701
509.778
1051.42
1540.32
1632.61
1217.31
464.733
-368.051
-964.623
-1287.63
-1460.12
-1588.66
-1918.26
-2334.65
-2775.21
-3146.56
-3344.32
-3133.38
-2400.57
-1557.9
-893.21
-763.568
-937.157
-819.6
-157.108
764.667
1509.56
1868.82
1878.71
1644.69
1408.48
1267.85
1268.95
1475.5
1523.84
1354.65
962.426
397.715
-195.561
-631.729
-753.681
-591.079
-375.742
-596.572
-1148.1
-1746.87
-2099.54
-1858.93
-1397.5
-819.6
-360.36
-177.983
-152.714
-180.18
-82.3995
201.055
719.622
1127.22
1408.48
1476.6
1275.54
956.933
643.815
583.388
762.47
927.269
669.084
-6.59196
-867.941
-1552.41
-1813.89
-1809.49
-1686.44
-1361.24
-743.793
-14.2826
521.863
23.0719
-895.408
-942.65
40.6504
1551.31
2671.94
2983.96
2829.05
2807.08
2451.11
1778.73
1624.92
1935.84
2565.37
3248.74
3217.97
2411.56
1430.45
391.123
-106.57
563.612
1266.75
958.031
-223.028
-1882
-3005.93
-2899.36
-2254.45
-1689.74
-1240.39
-1223.91
-1531.53
-1667.77
-1566.69
-1170.07
-578.994
118.655
914.085
1537.02
1597.45
1025.05
410.899
298.835
833.883
1497.47
1704.02
1316.19
432.872
-477.917
-1073.39
-1364.54
-1521.64
-1629.31
-1901.78
-2308.28
-2733.47
-3128.98
-3269.61
-3008.13
-2414.85
-1705.12
-1147
-963.525
-1032.74
-1099.76
-653.702
216.436
1096.46
1647.99
1662.27
1468.91
1281.04
1257.97
1295.32
1477.7
1688.64
1569.98
1197.54
654.801
96.682
-252.692
-397.715
-484.509
-451.549
-481.213
-908.592
-1499.67
-1920.46
-1933.64
-1498.57
-900.901
-441.661
-277.961
-265.876
-296.638
-201.055
123.05
542.738
943.749
1176.66
1363.44
1399.69
1221.71
1088.77
1033.84
1073.39
1030.54
805.318
418.589
-84.5968
-720.721
-1345.86
-1626.02
-1549.11
-1556.8
-1735.88
-1502.97
-649.308
602.065
895.408
-156.01
-876.73
-221.929
1284.33
2439.02
2833.44
2931.22
3295.98
3286.09
2318.17
1334.87
1234.89
1964.4
2934.52
3405.84
3055.37
2017.14
521.863
-680.07
-531.751
686.662
1228.3
243.902
-1498.57
-2929.03
-3328.94
-2926.83
-2549.99
-2117.12
-1602.94
-1449.13
-1590.86
-1663.37
-1572.18
-1268.95
-707.537
179.082
1287.63
1861.13
1382.11
314.217
-326.302
28.5652
1021.75
1720.5
1702.92
1022.85
-38.4531
-912.986
-1404.09
-1574.38
-1476.6
-1441.44
-1622.72
-1894.09
-2298.4
-2769.72
-3031.2
-2674.14
-1764.45
-794.331
-274.665
-470.226
-891.013
-754.779
-81.3008
751.483
1451.33
1702.92
1747.97
1604.04
1323.88
1081.08
1058.01
1256.87
1353.55
1294.22
959.13
455.944
-117.557
-578.994
-713.03
-586.684
-427.379
-699.846
-1254.67
-1606.24
-1630.41
-1256.87
-796.528
-402.109
-85.6955
28.5652
-29.6638
-62.6236
90.0901
414.195
805.318
1156.89
1444.74
1522.74
1239.29
872.336
699.846
760.272
784.443
497.693
42.8477
-504.285
-1025.05
-1520.54
-1776.53
-1700.73
-1511.76
-1187.65
-628.433
137.332
580.092
3.29598
-796.528
-541.639
799.824
2248.96
2878.49
2808.17
2726.87
2825.75
2353.33
1542.52
1348.06
1910.57
2844.43
3408.04
3102.61
2207.21
1109.65
54.933
-170.292
689.958
1287.63
598.77
-983.3
-2599.43
-3204.79
-2771.92
-2302.79
-2017.14
-1746.87
-1640.3
-1680.95
-1700.73
-1588.66
-1257.97
-718.523
13.1839
967.919
1646.89
1501.87
728.411
36.2558
101.077
816.304
1463.41
1549.11
1043.73
126.346
-806.416
-1390.9
-1622.72
-1598.55
-1655.68
-1981.98
-2417.05
-2822.46
-3131.18
-3279.5
-3100.42
-2528.02
-1780.93
-1183.26
-934.959
-1015.16
-988.794
-677.873
81.3008
1025.05
1729.29
1936.94
1620.52
1411.78
1357.94
1546.91
1766.64
1788.62
1665.57
1377.72
983.3
453.746
9.88794
-266.974
-324.105
-315.315
-390.024
-631.729
-1137.11
-1518.35
-1502.97
-1086.57
-435.069
47.2424
131.839
4.39464
-82.3995
-16.4799
338.387
825.093
1148.1
1360.14
1450.23
1368.93
1267.85
1103.05
947.045
881.125
823.995
599.868
199.956
-325.203
-820.699
-1038.23
-1090.97
-1063.5
-1279.94
-1745.77
-2159.96
-1919.36
-998.682
-41.7491
678.972
552.626
181.279
272.468
807.515
1667.77
2499.45
3092.73
3434.41
3499.23
2833.44
1835.86
1246.98
1388.71
2186.33
3070.75
3081.74
2036.91
533.949
-851.461
-1319.49
-705.339
83.4981
50.5383
-837.179
-2131.4
-3214.68
-3437.71
-3056.47
-2341.24
-1465.61
-990.991
-998.682
-1198.64
-1360.14
-1218.41
-539.442
408.701
1359.04
1922.65
1544.72
622.94
-90.0901
-119.754
544.935
1230.5
1330.48
861.349
25.2692
-933.861
-1523.84
-1661.17
-1509.56
-1174.47
-1074.49
-1324.98
-1902.88
-2584.05
-2870.8
-2565.37
-1695.23
-831.685
-336.19
-358.163
-724.017
-860.25
-464.733
436.168
1374.42
1963.3
1897.39
1545.81
1219.51
933.861
921.775
1097.56
1357.94
1406.28
1047.02
332.894
-388.926
-805.318
-845.968
-555.922
-329.598
-411.997
-841.573
-1390.9
-1590.86
-1287.63
-676.774
-129.642
146.122
54.933
-209.844
-332.894
-182.377
332.894
976.708
1363.44
1387.61
1187.65
870.138
640.519
565.81
541.639
631.729
666.886
425.181
-63.7223
-600.967
-967.919
-1081.08
-1049.22
-1148.1
-1430.45
-1769.94
-2095.14
-2069.87
-1257.97
-205.449
640.519
1115.14
837.179
530.653
851.461
1580.97
2409.36
3210.28
3557.46
3494.84
3303.67
2562.07
1742.47
1591.96
1923.75
2476.38
2858.71
2297.3
939.354
-230.719
-927.269
-921.775
-226.324
41.7491
-643.815
-1656.78
-2676.33
-3248.74
-2879.59
-2197.32
-1623.82
-1136.01
-1003.08
-1141.51
-1129.42
-948.143
-592.178
92.2874
762.47
1152.49
1131.62
672.38
130.74
-52.7357
172.49
638.321
936.058
686.662
116.458
-589.98
-1132.72
-1215.12
-1064.6
-888.816
-914.085
-1303.01
-1905.08
-2387.39
-2525.82
-2291.8
-1669.96
-1063.5
-764.667
-716.326
-718.523
-615.249
-221.929
383.432
959.13
1519.45
1724.9
1529.33
1200.83
956.933
919.578
1087.67
1248.08
1186.55
882.224
355.966
-171.391
-513.074
-464.733
-224.127
-165.898
-318.611
-658.097
-1018.46
-1139.31
-963.525
-703.142
-388.926
-113.162
-76.9062
-94.4847
2.19732
143.924
349.374
692.156
1018.46
1187.65
1196.44
884.421
491.101
348.275
381.235
513.074
541.639
296.638
-187.871
-673.478
-1001.98
-1126.13
-1075.59
-1049.22
-1127.22
-1366.73
-1628.21
-1732.59
-1682.05
-1273.35
-349.374
507.581
1030.54
1375.52
1301.91
1215.12
1516.15
2011.65
2715.89
3522.3
3820.04
3508.02
2938.91
2147.88
1457.92
1265.66
1352.45
1466.71
1499.67
881.125
-265.876
-1070.09
-1382.11
-1310.7
-885.52
-710.833
-1170.07
-1766.64
-2378.6
-2684.03
-2231.38
-1517.25
-984.399
-667.985
-581.191
-586.684
-540.541
-420.787
-95.5834
430.675
920.677
1106.35
948.143
550.428
214.239
92.2874
198.857
506.482
602.065
352.67
-92.2874
-661.393
-1131.62
-1267.85
-1317.29
-1330.48
-1344.76
-1576.58
-1894.09
-2111.62
-2148.98
-1911.67
-1352.45
-736.102
-243.902
14.2826
45.045
128.543
446.056
899.802
1349.15
1667.77
1687.54
1540.32
1221.71
936.058
860.25
797.627
742.694
537.245
193.364
-69.2156
-262.58
-502.087
-610.855
-624.039
-659.196
-622.94
-667.985
-763.568
-742.694
-647.111
-450.45
-94.4847
164.799
232.916
260.382
292.243
432.872
669.084
758.075
761.371
791.035
717.425
642.716
543.837
368.051
199.956
-24.1705
-268.073
-422.984
-587.783
-869.04
-1109.65
-1275.54
-1373.32
-1401.89
-1504.07
-1529.33
-1401.89
-1330.48
-1281.04
-1028.35
-329.598
536.146
1136.01
1290.93
1467.81
1922.65
2269.83
2437.93
2549.99
2960.89
3459.68
3472.86
2844.43
2043.51
1507.36
1266.75
1193.14
1126.13
1049.22
689.958
-120.853
-923.973
-1184.36
-1043.73
-903.098
-918.479
-1187.65
-1483.19
-1674.36
-1902.88
-1860.03
-1392
-884.421
-566.908
-362.558
-246.1
-164.799
-64.8209
83.4981
429.576
915.183
1100.86
915.183
599.868
350.472
284.553
266.974
251.593
154.911
-148.319
-566.908
-1055.81
-1410.68
-1574.38
-1740.28
-1865.52
-1923.75
-1968.8
-2058.89
-2068.78
-1924.85
-1599.65
-1087.67
-640.519
-270.27
101.077
302.131
411.997
647.111
1005.27
1354.65
1498.57
1402.99
1250.27
1186.55
1094.26
973.412
881.125
770.16
600.967
277.961
-138.431
-408.701
-469.128
-476.818
-505.383
-518.567
-615.249
-781.147
-840.475
-755.878
-460.338
-109.866
120.853
232.916
268.073
250.494
212.041
302.131
533.949
778.95
856.955
722.918
431.773
156.01
-23.0719
-185.673
-245.001
-313.118
-431.773
-656.998
-915.183
-1126.13
-1248.08
-1226.1
-1100.86
-894.309
-791.035
-731.707
-788.838
-742.694
-592.178
-343.88
5.4933
376.84
982.202
1474.4
1769.94
1845.75
1965.5
2123.71
2222.59
2280.82
2304.99
2428.04
2437.93
2237.97
1780.93
1304.11
810.811
406.504
182.377
48.341
37.3544
-51.637
-350.472
-680.07
-810.811
-884.421
-876.73
-767.963
-705.339
-685.564
-698.748
-733.905
-736.102
-549.33
-337.289
-128.543
104.373
271.369
320.809
253.79
204.351
187.871
275.764
265.876
130.74
-92.2874
-359.262
-669.084
-927.269
-1064.6
-1215.12
-1357.94
-1490.88
-1532.63
-1545.81
-1542.52
-1521.64
-1397.5
-1168.97
-900.901
-718.523
-588.882
-373.544
-201.055
3.29598
266.974
585.586
853.659
938.255
949.242
914.085
978.906
1036.04
965.722
877.829
829.488
673.478
398.813
126.346
-154.911
-266.974
-320.809
-405.405
-438.365
-436.168
-546.034
-670.182
-667.985
-552.626
-271.369
8.78928
130.74
192.265
226.324
184.575
195.561
265.876
379.038
468.029
472.424
436.168
318.611
126.346
-123.05
-325.203
-448.253
-516.37
-585.586
-749.286
-918.479
-1073.39
-1141.51
-1117.34
-1005.27
-917.381
-817.403
-731.707
-646.012
-443.858
-270.27
-37.3544
181.279
391.123
506.482
574.599
666.886
802.022
1132.72
1479.89
1663.37
1787.52
1784.22
1545.81
1428.26
1349.15
1371.13
1606.24
1653.48
1423.86
1082.18
576.796
65.9196
-130.74
-142.826
8.78928
198.857
151.615
-127.445
-369.15
-435.069
-360.36
-3.29598
364.755
441.661
365.854
113.162
-176.884
-98.8794
158.207
381.235
625.137
576.796
268.073
-62.6236
-383.432
-529.554
-443.858
-372.446
-395.517
-582.29
-1008.57
-1454.63
-1731.49
-1767.74
-1529.33
-1265.66
-1149.2
-1103.05
-1197.54
-1271.15
-1197.54
-988.794
-661.393
-330.697
-127.445
-107.669
-85.6955
-126.346
-105.471
148.319
458.141
705.339
805.318
627.335
353.768
299.934
288.947
385.63
461.437
401.011
241.705
35.1571
-113.162
-285.652
-332.894
-368.051
-308.723
-99.978
53.8343
69.2156
-12.0853
-90.0901
-37.3544
228.521
474.621
635.025
678.972
561.415
451.549
447.154
494.397
491.101
424.083
273.566
103.274
-18.6772
-181.279
-317.513
-429.576
-542.738
-603.164
-662.492
-743.793
-850.363
-926.17
-939.354
-793.232
-576.796
-419.688
-325.203
-229.62
-41.7491
145.023
277.961
361.459
519.666
708.635
829.488
917.381
875.632
737.201
569.106
386.728
252.692
281.257
338.387
231.817
355.966
544.935
321.907
3.29598
-232.916
-234.015
194.463
444.957
230.719
230.719
315.315
229.62
205.449
105.471
117.557
433.971
677.873
642.716
721.819
821.797
582.29
522.962
748.187
854.757
940.453
721.819
159.306
-88.9914
-162.602
-352.67
-420.787
-497.693
-703.142
-894.309
-1058.01
-1160.18
-1140.41
-1148.1
-1252.47
-1167.88
-976.708
-921.775
-912.986
-883.322
-707.537
-447.154
-229.62
3.29598
181.279
301.033
449.352
572.402
716.326
886.618
837.179
632.828
539.442
385.63
223.028
96.682
-68.1169
-152.714
-199.956
-293.342
-435.069
-576.796
-707.537
-737.201
-622.94
-448.253
-382.334
-424.083
-397.715
-335.091
-131.839
129.642
246.1
364.755
433.971
398.813
411.997
502.087
511.975
503.186
542.738
466.93
402.109
270.27
-6.59196
-142.826
-197.759
-250.494
-293.342
-447.154
-611.953
-708.635
-770.16
-730.609
-617.447
-539.442
-517.469
-522.962
-472.424
-319.71
-152.714
-34.0584
126.346
308.723
498.791
691.057
754.779
780.048
865.744
956.933
1003.08
973.412
842.672
660.294
533.949
370.248
198.857
50.5383
-132.938
-281.257
-448.253
-615.249
-656.998
-672.38
-671.281
-680.07
-598.77
-403.208
-285.652
-152.714
2.19732
248.297
495.495
632.828
729.51
837.179
932.762
920.677
940.453
1012.96
1067.9
1105.25
966.82
766.864
742.694
592.178
409.8
303.23
71.4129
-58.229
-231.817
-452.648
-524.061
-625.137
-765.766
-883.322
-927.269
-956.933
-1047.02
-1134.92
-1150.3
-1031.64
-860.25
-717.425
-644.913
-559.218
-474.621
-393.32
-228.521
-48.341
105.471
164.799
177.983
195.561
215.337
226.324
217.535
203.252
203.252
118.655
-38.4531
-85.6955
-115.359
-143.924
-93.3861
-71.4129
-27.4665
19.7759
-65.9196
-115.359
-46.1437
71.4129
213.14
335.091
348.275
316.414
321.907
306.526
352.67
418.589
362.558
246.1
169.194
83.4981
35.1571
7.69062
-95.5834
-130.74
-147.22
-221.929
-308.723
-417.491
-483.41
-461.437
-384.531
-312.019
-291.145
-313.118
-297.737
-240.606
-137.332
-31.8611
-13.1839
-20.8745
-18.6772
2.19732
60.4263
149.418
218.633
276.862
331.795
350.472
383.432
393.32
354.867
369.15
411.997
417.491
377.939
262.58
147.22
107.669
109.866
105.471
76.9062
13.1839
-102.175
-236.212
-315.315
-352.67
-346.078
-339.486
-369.15
-360.36
-332.894
-330.697
-349.374
-294.441
-143.924
27.4665
119.754
109.866
90.0901
101.077
177.983
261.481
325.203
370.248
335.091
293.342
269.172
237.31
201.055
110.965
83.4981
191.167
288.947
219.732
13.1839
-121.951
-49.4397
136.234
247.198
234.015
175.786
154.911
147.22
158.207
221.929
258.185
226.324
157.108
126.346
136.234
85.6955
-40.6504
-124.149
-104.373
-72.5115
-112.063
-209.844
-272.468
-249.396
-190.068
-131.839
-101.077
-95.5834
-112.063
-101.077
-54.933
4.39464
62.6236
75.8075
51.637
4.39464
-38.4531
-54.933
-94.4847
-143.924
-183.476
-199.956
-207.647
-268.073
-383.432
-476.818
-475.72
-408.701
-347.176
-352.67
-358.163
-350.472
-328.499
-294.441
-269.172
-226.324
-170.292
-91.1887
-48.341
-61.5249
-113.162
-159.306
-117.557
-4.39464
72.5115
39.5517
-51.637
-124.149
-104.373
-31.8611
34.0584
67.0182
62.6236
41.7491
63.7223
112.063
124.149
118.655
138.431
217.535
285.652
292.243
237.31
201.055
221.929
270.27
319.71
353.768
341.683
269.172
218.633
217.535
236.212
219.732
136.234
56.0316
30.7625
42.8477
-6.59196
-104.373
-135.135
-142.826
-157.108
-196.66
-235.113
-243.902
-241.705
-206.548
-142.826
-115.359
-101.077
-98.8794
-92.2874
-40.6504
37.3544
105.471
124.149
121.951
91.1887
78.0048
103.274
185.673
231.817
192.265
169.194
154.911
158.207
173.588
195.561
224.127
239.508
230.719
239.508
234.015
255.988
266.974
228.521
230.719
242.804
242.804
203.252
128.543
80.2022
36.2558
34.0584
26.3678
-20.8745
-81.3008
-148.319
-154.911
-141.727
-115.359
-112.063
-119.754
-112.063
-90.0901
-56.0316
-41.7491
-38.4531
-39.5517
-51.637
-16.4799
25.2692
-3.29598
-67.0182
-135.135
-119.754
-65.9196
-41.7491
-40.6504
-51.637
-51.637
-69.2156
-71.4129
-7.69062
75.8075
103.274
51.637
10.9866
16.4799
10.9866
-14.2826
-51.637
-90.0901
-126.346
-184.575
-242.804
-262.58
-282.356
-323.006
-346.078
-336.19
-331.795
-343.88
-357.064
-350.472
-302.131
-286.75
-291.145
-274.665
-238.409
-188.969
-149.418
-139.53
-145.023
-134.036
-121.951
-83.4981
-27.4665
24.1705
47.2424
39.5517
43.9464
71.4129
130.74
174.687
163.7
140.628
141.727
150.516
153.812
134.036
82.3995
34.0584
-18.6772
-90.0901
-141.727
-192.265
-238.409
-261.481
-293.342
-319.71
-314.217
-323.006
-320.809
-282.356
-204.351
-114.261
-71.4129
-46.1437
-10.9866
34.0584
91.1887
143.924
166.996
215.337
281.257
291.145
329.598
419.688
475.72
480.114
492.2
529.554
597.671
648.209
592.178
514.173
491.101
515.271
541.639
510.877
447.154
432.872
432.872
428.477
473.522
484.509
446.056
410.899
394.419
387.827
355.966
254.889
107.669
27.4665
15.3812
-19.7759
-101.077
-219.732
-296.638
-295.539
-281.257
-276.862
-308.723
-401.011
-394.419
-318.611
-264.777
-206.548
-216.436
-259.284
-225.225
-146.122
-61.5249
-8.78928
-23.0719
-39.5517
-20.8745
48.341
108.767
73.6102
-29.6638
-110.965
-109.866
-62.6236
-45.045
-98.8794
-197.759
-251.593
-263.678
-248.297
-249.396
-280.158
-292.243
-291.145
-282.356
-241.705
-238.409
-293.342
-313.118
-318.611
-305.427
-298.835
-355.966
-396.616
-346.078
-280.158
-228.521
-228.521
-260.382
-224.127
-145.023
-86.7941
-73.6102
-98.8794
-103.274
-28.5652
43.9464
70.3142
70.3142
58.229
56.0316
57.1303
60.4263
53.8343
9.88794
-53.8343
-94.4847
-96.682
-68.1169
-74.7089
-142.826
-190.068
-204.351
-224.127
-250.494
-274.665
-262.58
-209.844
-169.194
-150.516
-147.22
-147.22
-149.418
-108.767
-7.69062
49.4397
62.6236
50.5383
64.8209
179.082
282.356
295.539
298.835
330.697
393.32
448.253
458.141
449.352
465.832
535.047
607.559
636.124
633.927
588.882
559.218
608.657
664.689
697.649
702.044
644.913
622.94
647.111
647.111
627.335
519.666
408.701
358.163
316.414
273.566
191.167
98.8794
4.39464
-85.6955
-137.332
-173.588
-220.831
-293.342
-358.163
-335.091
-293.342
-275.764
-291.145
-318.611
-270.27
-207.647
-219.732
-277.961
-326.302
-330.697
-297.737
-292.243
-335.091
-349.374
-350.472
-327.401
-266.974
-243.902
-241.705
-228.521
-207.647
-140.628
-71.4129
-70.3142
-64.8209
-47.2424
-42.8477
-13.1839
-20.8745
-39.5517
-46.1437
-72.5115
-70.3142
-56.0316
-56.0316
-58.229
-75.8075
-90.0901
-79.1035
-76.9062
-84.5968
-104.373
-105.471
-99.978
-104.373
-114.261
-151.615
-185.673
-205.449
-204.351
-175.786
-174.687
-213.14
-242.804
-266.974
-269.172
-271.369
-303.23
-332.894
-354.867
-361.459
-386.728
-380.136
-353.768
-348.275
-286.75
-257.086
-257.086
-223.028
-221.929
-209.844
-156.01
-129.642
-105.471
-61.5249
-64.8209
-64.8209
-27.4665
-7.69062
43.9464
109.866
128.543
161.503
227.423
290.046
381.235
451.549
491.101
536.146
562.514
589.98
608.657
627.335
633.927
635.025
644.913
641.617
646.012
644.913
621.841
624.039
643.815
624.039
593.276
533.949
465.832
447.154
436.168
428.477
411.997
331.795
230.719
157.108
91.1887
62.6236
46.1437
-21.9732
-82.3995
-134.036
-191.167
-214.239
-250.494
-283.454
-280.158
-274.665
-264.777
-285.652
-374.643
-453.746
-485.608
-466.93
-391.123
-349.374
-376.84
-426.28
-466.93
-474.621
-437.267
-387.827
-348.275
-312.019
-295.539
-282.356
-254.889
-229.62
-202.153
-153.812
-80.2022
-16.4799
34.0584
32.9598
8.78928
27.4665
80.2022
151.615
226.324
257.086
258.185
272.468
284.553
299.934
314.217
301.033
288.947
285.652
242.804
173.588
98.8794
26.3678
12.0853
12.0853
-20.8745
-65.9196
-143.924
-219.732
-240.606
-250.494
-254.889
-271.369
-309.822
-323.006
-314.217
-316.414
-339.486
-364.755
-348.275
-308.723
-266.974
-239.508
-249.396
-254.889
-249.396
-242.804
-221.929
-213.14
-235.113
-270.27
-298.835
-287.849
-253.79
-253.79
-270.27
-265.876
-230.719
-174.687
-131.839
-127.445
-101.077
-24.1705
53.8343
154.911
228.521
277.961
360.36
418.589
474.621
530.653
521.863
507.581
518.567
531.751
563.612
548.231
486.706
448.253
430.675
435.069
432.872
381.235
338.387
331.795
328.499
336.19
330.697
295.539
266.974
254.889
237.31
254.889
260.382
208.745
171.391
134.036
118.655
113.162
65.9196
10.9866
-30.7625
-53.8343
-58.229
-81.3008
-130.74
-170.292
-184.575
-171.391
-164.799
-191.167
-238.409
-290.046
-307.625
-299.934
-294.441
-280.158
-264.777
-255.988
-250.494
-237.31
-225.225
-208.745
-166.996
-128.543
-74.7089
-21.9732
-7.69062
-1.09866
31.8611
102.175
185.673
242.804
246.1
240.606
237.31
224.127
202.153
168.095
142.826
121.951
96.682
48.341
-13.1839
-62.6236
-129.642
-176.884
-212.041
-247.198
-274.665
-336.19
-399.912
-430.675
-449.352
-462.536
-458.141
-461.437
-457.042
-460.338
-474.621
-482.312
-479.016
-458.141
-419.688
-361.459
-326.302
-316.414
-313.118
-296.638
-254.889
-201.055
-154.911
-119.754
-78.0048
-51.637
-27.4665
-17.5786
-8.78928
31.8611
76.9062
114.261
142.826
149.418
158.207
175.786
208.745
253.79
286.75
313.118
332.894
335.091
329.598
318.611
321.907
343.88
355.966
358.163
350.472
335.091
319.71
306.526
286.75
283.454
301.033
294.441
279.06
273.566
279.06
293.342
298.835
301.033
304.329
314.217
309.822
301.033
303.23
301.033
301.033
296.638
288.947
284.553
259.284
223.028
210.943
185.673
135.135
90.0901
58.229
25.2692
-28.5652
-80.2022
-125.247
-159.306
-195.561
-247.198
-273.566
-284.553
-296.638
-309.822
-325.203
-325.203
-303.23
-293.342
-282.356
-250.494
-217.535
-192.265
-159.306
-116.458
-68.1169
-23.0719
15.3812
57.1303
92.2874
108.767
103.274
91.1887
95.5834
88.9914
71.4129
59.3276
47.2424
9.88794
-52.7357
-105.471
-137.332
-173.588
-213.14
-238.409
-258.185
-283.454
-312.019
-336.19
-349.374
-344.979
-344.979
-329.598
-295.539
-281.257
-279.06
-261.481
-216.436
-184.575
-173.588
-164.799
-143.924
-125.247
-134.036
-152.714
-154.911
-137.332
-127.445
-140.628
-143.924
-130.74
-132.938
-157.108
-176.884
-158.207
-138.431
-130.74
-109.866
-68.1169
-15.3812
27.4665
67.0182
128.543
198.857
249.396
287.849
318.611
349.374
369.15
351.571
324.105
310.921
283.454
224.127
169.194
150.516
138.431
116.458
103.274
113.162
136.234
142.826
139.53
146.122
152.714
143.924
134.036
127.445
119.754
120.853
124.149
128.543
137.332
143.924
154.911
188.969
225.225
243.902
258.185
275.764
304.329
318.611
307.625
291.145
275.764
243.902
212.041
174.687
134.036
93.3861
50.5383
8.78928
-24.1705
-48.341
-80.2022
-108.767
-120.853
-137.332
-147.22
-159.306
-153.812
-137.332
-130.74
-127.445
-109.866
-74.7089
-53.8343
-47.2424
-46.1437
-41.7491
-40.6504
-47.2424
-61.5249
-69.2156
-62.6236
-76.9062
-94.4847
-110.965
-130.74
-151.615
-177.983
-202.153
-220.831
-238.409
-250.494
-252.692
-243.902
-240.606
-240.606
-223.028
-194.463
-162.602
-138.431
-121.951
-107.669
-95.5834
-86.7941
-82.3995
-74.7089
-71.4129
-67.0182
-71.4129
-82.3995
-85.6955
-88.9914
-101.077
-106.57
-96.682
-95.5834
-107.669
-112.063
-119.754
-135.135
-138.431
-137.332
-136.234
-137.332
-124.149
-93.3861
-58.229
-26.3678
-2.19732
35.1571
75.8075
103.274
129.642
143.924
156.01
170.292
175.786
175.786
183.476
186.772
176.884
164.799
154.911
150.516
137.332
113.162
91.1887
83.4981
78.0048
59.3276
42.8477
35.1571
38.4531
42.8477
50.5383
65.9196
86.7941
98.8794
101.077
121.951
145.023
159.306
159.306
166.996
174.687
164.799
147.22
130.74
127.445
124.149
117.557
106.57
97.7807
85.6955
68.1169
46.1437
26.3678
8.78928
-14.2826
-31.8611
-36.2558
-34.0584
-29.6638
-30.7625
-26.3678
-16.4799
-7.69062
0
14.2826
32.9598
47.2424
60.4263
81.3008
101.077
98.8794
78.0048
60.4263
58.229
59.3276
58.229
48.341
24.1705
-6.59196
-37.3544
-64.8209
-78.0048
-88.9914
-110.965
-139.53
-158.207
-175.786
-196.66
-207.647
-192.265
-166.996
-153.812
-147.22
-135.135
-116.458
-103.274
-96.682
-70.3142
-32.9598
-6.59196
-1.09866
-8.78928
-15.3812
-14.2826
-20.8745
-27.4665
-32.9598
-54.933
-95.5834
-132.938
-157.108
-177.983
-195.561
-204.351
-206.548
-212.041
-218.633
-217.535
-198.857
-171.391
-142.826
-109.866
-74.7089
-35.1571
0
19.7759
45.045
79.1035
97.7807
113.162
131.839
150.516
157.108
150.516
156.01
161.503
156.01
151.615
140.628
128.543
119.754
95.5834
68.1169
52.7357
38.4531
26.3678
15.3812
6.59196
-1.09866
-14.2826
-17.5786
-7.69062
9.88794
32.9598
59.3276
91.1887
126.346
146.122
160.404
180.18
210.943
236.212
251.593
254.889
247.198
223.028
192.265
164.799
138.431
116.458
78.0048
25.2692
-26.3678
-82.3995
-121.951
-146.122
-160.404
-159.306
-153.812
-150.516
-141.727
-126.346
-106.57
-73.6102
-31.8611
13.1839
51.637
79.1035
103.274
118.655
132.938
137.332
135.135
128.543
110.965
82.3995
49.4397
16.4799
-14.2826
-48.341
-85.6955
-121.951
-157.108
-188.969
-215.337
-234.015
-243.902
-242.804
-241.705
-236.212
-226.324
-209.844
-182.377
-156.01
-128.543
-94.4847
-63.7223
-28.5652
-1.09866
16.4799
28.5652
39.5517
47.2424
56.0316
61.5249
60.4263
48.341
27.4665
-2.19732
-36.2558
-65.9196
-92.2874
-113.162
-130.74
-145.023
-154.911
-161.503
-169.194
-165.898
-152.714
-125.247
-87.8928
-57.1303
-31.8611
-4.39464
24.1705
56.0316
90.0901
123.05
153.812
176.884
190.068
198.857
204.351
199.956
193.364
179.082
160.404
141.727
120.853
97.7807
75.8075
50.5383
25.2692
2.19732
-23.0719
-42.8477
-60.4263
-68.1169
-63.7223
-54.933
-43.9464
-27.4665
-12.0853
3.29598
21.9732
46.1437
74.7089
107.669
134.036
157.108
180.18
190.068
195.561
194.463
187.871
181.279
162.602
136.234
102.175
64.8209
21.9732
-17.5786
-48.341
-75.8075
-94.4847
-109.866
-125.247
-135.135
-150.516
-159.306
-156.01
-146.122
-124.149
-97.7807
-73.6102
-42.8477
-15.3812
8.78928
31.8611
53.8343
73.6102
84.5968
85.6955
79.1035
68.1169
51.637
30.7625
9.88794
-13.1839
-37.3544
-65.9196
-96.682
-123.05
-147.22
-164.799
-172.49
-172.49
-161.503
-150.516
-134.036
-109.866
-84.5968
-56.0316
-19.7759
13.1839
45.045
74.7089
91.1887
103.274
110.965
116.458
121.951
120.853
109.866
88.9914
58.229
23.0719
-9.88794
-41.7491
-68.1169
-93.3861
-117.557
-136.234
-151.615
-158.207
-156.01
-146.122
-128.543
-107.669
-86.7941
-62.6236
-38.4531
-10.9866
20.8745
58.229
98.8794
130.74
153.812
169.194
174.687
176.884
180.18
180.18
181.279
174.687
156.01
136.234
107.669
79.1035
53.8343
27.4665
4.39464
-15.3812
-39.5517
-59.3276
-74.7089
-90.0901
-91.1887
-88.9914
-86.7941
-79.1035
-74.7089
-63.7223
-50.5383
-32.9598
-10.9866
7.69062
18.6772
26.3678
35.1571
41.7491
50.5383
53.8343
51.637
45.045
28.5652
7.69062
-13.1839
-34.0584
-45.045
-53.8343
-61.5249
-68.1169
-78.0048
-85.6955
-84.5968
-84.5968
-75.8075
-68.1169
-63.7223
-57.1303
-54.933
-50.5383
-45.045
-41.7491
-29.6638
-14.2826
0
15.3812
28.5652
40.6504
56.0316
69.2156
81.3008
84.5968
81.3008
68.1169
48.341
26.3678
4.39464
-14.2826
-29.6638
-48.341
-69.2156
-83.4981
-88.9914
-85.6955
-73.6102
-58.229
-39.5517
-15.3812
10.9866
34.0584
57.1303
74.7089
93.3861
112.063
123.05
129.642
125.247
117.557
108.767
96.682
84.5968
73.6102
57.1303
34.0584
15.3812
-3.29598
-20.8745
-38.4531
-58.229
-72.5115
-83.4981
-95.5834
-95.5834
-95.5834
-93.3861
-84.5968
-79.1035
-64.8209
-47.2424
-31.8611
-12.0853
3.29598
15.3812
31.8611
40.6504
46.1437
54.933
53.8343
59.3276
57.1303
48.341
48.341
40.6504
34.0584
28.5652
27.4665
29.6638
27.4665
26.3678
26.3678
25.2692
18.6772
12.0853
1.09866
-1.09866
-1.09866
4.39464
10.9866
16.4799
21.9732
23.0719
29.6638
34.0584
39.5517
42.8477
38.4531
37.3544
35.1571
26.3678
13.1839
0
-10.9866
-16.4799
-30.7625
-42.8477
-51.637
-69.2156
-79.1035
-92.2874
-97.7807
-101.077
-108.767
-112.063
-117.557
-126.346
-130.74
-139.53
-141.727
-136.234
-131.839
-119.754
-105.471
-88.9914
-68.1169
-48.341
-28.5652
-6.59196
9.88794
19.7759
19.7759
15.3812
10.9866
-1.09866
-10.9866
-24.1705
-32.9598
-35.1571
-43.9464
-47.2424
-49.4397
-46.1437
-40.6504
-30.7625
-18.6772
-4.39464
5.4933
14.2826
30.7625
41.7491
53.8343
54.933
58.229
64.8209
70.3142
85.6955
92.2874
101.077
106.57
109.866
105.471
96.682
92.2874
82.3995
69.2156
56.0316
46.1437
35.1571
25.2692
19.7759
17.5786
19.7759
18.6772
19.7759
24.1705
23.0719
26.3678
30.7625
34.0584
38.4531
46.1437
58.229
68.1169
76.9062
82.3995
88.9914
94.4847
98.8794
99.978
95.5834
88.9914
83.4981
78.0048
74.7089
73.6102
70.3142
63.7223
53.8343
48.341
50.5383
57.1303
67.0182
76.9062
78.0048
82.3995
78.0048
74.7089
69.2156
59.3276
51.637
40.6504
32.9598
19.7759
3.29598
-12.0853
-23.0719
-26.3678
-26.3678
-28.5652
-31.8611
-39.5517
-47.2424
-59.3276
-74.7089
-90.0901
-97.7807
-103.274
-110.965
-121.951
-132.938
-143.924
-152.714
-158.207
-163.7
-170.292
-175.786
-179.082
-180.18
-183.476
-183.476
-183.476
-180.18
-175.786
-165.898
-156.01
-149.418
-141.727
-139.53
-138.431
-135.135
-130.74
-123.05
-113.162
-106.57
-99.978
-91.1887
-79.1035
-67.0182
-58.229
-47.2424
-32.9598
-21.9732
-14.2826
-4.39464
3.29598
14.2826
29.6638
39.5517
52.7357
67.0182
79.1035
98.8794
114.261
129.642
146.122
152.714
163.7
172.49
173.588
169.194
157.108
148.319
139.53
127.445
120.853
117.557
113.162
112.063
112.063
112.063
114.261
110.965
106.57
101.077
97.7807
98.8794
98.8794
97.7807
96.682
94.4847
92.2874
88.9914
84.5968
84.5968
81.3008
75.8075
70.3142
61.5249
47.2424
36.2558
24.1705
12.0853
2.19732
-13.1839
-26.3678
-31.8611
-36.2558
-35.1571
-31.8611
-28.5652
-23.0719
-16.4799
-10.9866
-8.78928
-5.4933
-4.39464
-4.39464
-3.29598
-2.19732
-6.59196
-13.1839
-13.1839
-16.4799
-16.4799
-14.2826
-19.7759
-21.9732
-25.2692
-30.7625
-37.3544
-46.1437
-58.229
-69.2156
-80.2022
-92.2874
-99.978
-108.767
-119.754
-127.445
-132.938
-129.642
-125.247
-123.05
-119.754
-118.655
-115.359
-113.162
-108.767
-104.373
-101.077
-97.7807
-98.8794
-97.7807
-96.682
-95.5834
-98.8794
-96.682
-94.4847
-95.5834
-94.4847
-90.0901
-87.8928
-78.0048
-69.2156
-61.5249
-50.5383
-40.6504
-31.8611
-24.1705
-12.0853
-1.09866
12.0853
31.8611
51.637
71.4129
90.0901
104.373
117.557
132.938
149.418
163.7
177.983
186.772
190.068
190.068
188.969
188.969
185.673
179.082
165.898
152.714
142.826
124.149
104.373
90.0901
74.7089
64.8209
60.4263
54.933
49.4397
41.7491
34.0584
27.4665
27.4665
28.5652
30.7625
29.6638
24.1705
18.6772
6.59196
-6.59196
-13.1839
-23.0719
-34.0584
-43.9464
-53.8343
-60.4263
-60.4263
-61.5249
-61.5249
-57.1303
-56.0316
-52.7357
-48.341
-47.2424
-47.2424
-45.045
-40.6504
-35.1571
-24.1705
-19.7759
-17.5786
-13.1839
-14.2826
-14.2826
-6.59196
2.19732
9.88794
14.2826
10.9866
9.88794
3.29598
1.09866
1.09866
-1.09866
-2.19732
-5.4933
-9.88794
-16.4799
-26.3678
-38.4531
-49.4397
-57.1303
-61.5249
-68.1169
-74.7089
-87.8928
-101.077
-113.162
-127.445
-134.036
-134.036
-132.938
-124.149
-114.261
-107.669
-98.8794
-90.0901
-82.3995
-64.8209
-47.2424
-31.8611
-12.0853
2.19732
12.0853
24.1705
39.5517
51.637
61.5249
72.5115
79.1035
86.7941
90.0901
90.0901
92.2874
86.7941
76.9062
71.4129
62.6236
57.1303
50.5383
41.7491
35.1571
27.4665
23.0719
26.3678
34.0584
45.045
56.0316
67.0182
75.8075
81.3008
81.3008
72.5115
65.9196
57.1303
41.7491
28.5652
8.78928
-14.2826
-31.8611
-46.1437
-56.0316
-63.7223
-68.1169
-74.7089
-75.8075
-78.0048
-80.2022
-74.7089
-67.0182
-51.637
-32.9598
-15.3812
4.39464
20.8745
30.7625
40.6504
52.7357
61.5249
69.2156
68.1169
67.0182
64.8209
52.7357
43.9464
36.2558
28.5652
18.6772
4.39464
-8.78928
-20.8745
-29.6638
-34.0584
-34.0584
-29.6638
-21.9732
-13.1839
-2.19732
7.69062
17.5786
24.1705
27.4665
31.8611
34.0584
34.0584
29.6638
24.1705
20.8745
15.3812
16.4799
13.1839
5.4933
0
-5.4933
-10.9866
-15.3812
-23.0719
-29.6638
-35.1571
-42.8477
-46.1437
-46.1437
-39.5517
-29.6638
-20.8745
-14.2826
-8.78928
-9.88794
-14.2826
-15.3812
-17.5786
-17.5786
-20.8745
-31.8611
-37.3544
-43.9464
-50.5383
-48.341
-43.9464
-40.6504
-36.2558
-32.9598
-30.7625
-24.1705
-19.7759
-12.0853
-3.29598
-1.09866
1.09866
-4.39464
-9.88794
-17.5786
-20.8745
-18.6772
-16.4799
-16.4799
-9.88794
-4.39464
5.4933
16.4799
19.7759
24.1705
26.3678
27.4665
29.6638
25.2692
17.5786
8.78928
4.39464
5.4933
6.59196
9.88794
9.88794
12.0853
20.8745
30.7625
42.8477
52.7357
58.229
62.6236
68.1169
68.1169
63.7223
52.7357
43.9464
41.7491
42.8477
37.3544
29.6638
24.1705
23.0719
30.7625
41.7491
49.4397
53.8343
56.0316
59.3276
64.8209
71.4129
72.5115
67.0182
61.5249
53.8343
48.341
43.9464
37.3544
30.7625
27.4665
26.3678
27.4665
26.3678
24.1705
24.1705
23.0719
19.7759
18.6772
16.4799
18.6772
15.3812
6.59196
4.39464
0
-2.19732
-7.69062
-14.2826
-18.6772
-19.7759
-26.3678
-34.0584
-40.6504
-48.341
-51.637
-57.1303
-64.8209
-74.7089
-80.2022
-84.5968
-86.7941
-88.9914
-92.2874
-95.5834
-98.8794
-95.5834
-88.9914
-82.3995
-82.3995
-88.9914
-94.4847
-104.373
-109.866
-114.261
-123.05
-121.951
-121.951
-118.655
-112.063
-106.57
-99.978
-92.2874
-83.4981
-72.5115
-57.1303
-45.045
-39.5517
-37.3544
-38.4531
-40.6504
-40.6504
-40.6504
-37.3544
-35.1571
-35.1571
-35.1571
-28.5652
-19.7759
-6.59196
6.59196
12.0853
15.3812
14.2826
16.4799
19.7759
27.4665
34.0584
40.6504
46.1437
51.637
60.4263
68.1169
72.5115
78.0048
84.5968
92.2874
101.077
106.57
108.767
106.57
104.373
101.077
95.5834
86.7941
83.4981
81.3008
78.0048
76.9062
83.4981
91.1887
97.7807
104.373
113.162
117.557
114.261
113.162
112.063
104.373
88.9914
65.9196
48.341
30.7625
18.6772
12.0853
9.88794
13.1839
14.2826
24.1705
38.4531
52.7357
64.8209
71.4129
72.5115
68.1169
60.4263
49.4397
36.2558
20.8745
0
-16.4799
-29.6638
-38.4531
-43.9464
-41.7491
-35.1571
-26.3678
-21.9732
-16.4799
-15.3812
-18.6772
-21.9732
-28.5652
-34.0584
-42.8477
-53.8343
-59.3276
-69.2156
-80.2022
-91.1887
-98.8794
-103.274
-101.077
-99.978
-94.4847
-90.0901
-91.1887
-85.6955
-81.3008
-75.8075
-72.5115
-74.7089
-79.1035
-84.5968
-86.7941
-87.8928
-84.5968
-80.2022
-79.1035
-80.2022
-79.1035
-81.3008
-82.3995
-75.8075
-73.6102
-68.1169
-61.5249
-61.5249
-59.3276
-60.4263
-61.5249
-57.1303
-52.7357
-43.9464
-31.8611
-23.0719
-17.5786
-17.5786
-16.4799
-12.0853
-5.4933
0
6.59196
10.9866
13.1839
12.0853
17.5786
26.3678
37.3544
41.7491
46.1437
52.7357
53.8343
58.229
59.3276
69.2156
76.9062
80.2022
84.5968
85.6955
82.3995
81.3008
81.3008
82.3995
86.7941
90.0901
94.4847
93.3861
92.2874
93.3861
90.0901
91.1887
94.4847
98.8794
102.175
96.682
90.0901
83.4981
78.0048
73.6102
68.1169
63.7223
57.1303
51.637
47.2424
43.9464
46.1437
50.5383
52.7357
50.5383
48.341
43.9464
35.1571
25.2692
18.6772
14.2826
9.88794
6.59196
3.29598
0
-5.4933
-8.78928
-12.0853
-10.9866
-10.9866
-10.9866
-12.0853
-14.2826
-17.5786
-25.2692
-29.6638
-34.0584
-40.6504
-48.341
-60.4263
-70.3142
-75.8075
-80.2022
-81.3008
-78.0048
-75.8075
-74.7089
-74.7089
-71.4129
-69.2156
-69.2156
-73.6102
-73.6102
-72.5115
-73.6102
-73.6102
-78.0048
-83.4981
-88.9914
-91.1887
-88.9914
-90.0901
-87.8928
-82.3995
-79.1035
-72.5115
-63.7223
-54.933
-45.045
-40.6504
-39.5517
-40.6504
-41.7491
-45.045
-46.1437
-41.7491
-38.4531
-34.0584
-28.5652
-25.2692
-20.8745
-17.5786
-10.9866
-6.59196
-3.29598
2.19732
6.59196
14.2826
21.9732
26.3678
31.8611
35.1571
38.4531
43.9464
48.341
50.5383
51.637
53.8343
53.8343
60.4263
61.5249
60.4263
61.5249
61.5249
62.6236
61.5249
59.3276
60.4263
61.5249
62.6236
64.8209
67.0182
70.3142
71.4129
72.5115
69.2156
64.8209
61.5249
59.3276
54.933
50.5383
50.5383
53.8343
54.933
56.0316
51.637
49.4397
46.1437
39.5517
36.2558
31.8611
26.3678
24.1705
23.0719
19.7759
18.6772
24.1705
25.2692
23.0719
19.7759
10.9866
4.39464
1.09866
-1.09866
-1.09866
0
2.19732
3.29598
3.29598
3.29598
0
-3.29598
-5.4933
-9.88794
-17.5786
-24.1705
-31.8611
-32.9598
-32.9598
-32.9598
-32.9598
-32.9598
-31.8611
-35.1571
-38.4531
-41.7491
-40.6504
-38.4531
-35.1571
-35.1571
-41.7491
-47.2424
-51.637
-54.933
-59.3276
-61.5249
-63.7223
-64.8209
-64.8209
-63.7223
-64.8209
-61.5249
-56.0316
-50.5383
-46.1437
-45.045
-49.4397
-54.933
-58.229
-59.3276
-59.3276
-51.637
-46.1437
-41.7491
-38.4531
-39.5517
-36.2558
-32.9598
-25.2692
-21.9732
-17.5786
-14.2826
-14.2826
-14.2826
-12.0853
-4.39464
2.19732
9.88794
13.1839
14.2826
12.0853
12.0853
12.0853
12.0853
17.5786
24.1705
28.5652
31.8611
32.9598
29.6638
28.5652
29.6638
30.7625
29.6638
30.7625
31.8611
32.9598
36.2558
37.3544
38.4531
46.1437
48.341
47.2424
40.6504
32.9598
24.1705
18.6772
19.7759
20.8745
21.9732
25.2692
28.5652
26.3678
21.9732
20.8745
18.6772
20.8745
21.9732
24.1705
20.8745
16.4799
14.2826
10.9866
13.1839
14.2826
14.2826
13.1839
7.69062
-1.09866
-5.4933
-3.29598
0
5.4933
12.0853
13.1839
12.0853
9.88794
10.9866
8.78928
13.1839
16.4799
17.5786
15.3812
14.2826
7.69062
5.4933
5.4933
1.09866
1.09866
0
-2.19732
-6.59196
-6.59196
-3.29598
-1.09866
4.39464
8.78928
7.69062
5.4933
2.19732
0
0
-4.39464
-5.4933
-5.4933
-8.78928
-14.2826
-18.6772
-18.6772
-17.5786
-16.4799
-10.9866
-10.9866
-15.3812
-15.3812
-18.6772
-17.5786
-13.1839
-7.69062
-5.4933
-5.4933
-5.4933
-6.59196
-7.69062
-3.29598
-2.19732
-3.29598
-6.59196
-14.2826
-17.5786
-19.7759
-21.9732
-20.8745
-18.6772
-14.2826
-13.1839
-10.9866
-7.69062
-7.69062
-4.39464
1.09866
-1.09866
2.19732
5.4933
3.29598
0
-2.19732
-1.09866
0
-3.29598
-7.69062
-12.0853
-13.1839
-9.88794
-6.59196
-1.09866
2.19732
6.59196
9.88794
8.78928
13.1839
15.3812
14.2826
13.1839
9.88794
4.39464
1.09866
-3.29598
-3.29598
-2.19732
-3.29598
-4.39464
-5.4933
-6.59196
-5.4933
-5.4933
-7.69062
-6.59196
-7.69062
-7.69062
-5.4933
-3.29598
-2.19732
-1.09866
1.09866
3.29598
4.39464
3.29598
2.19732
-1.09866
-4.39464
-5.4933
-3.29598
-6.59196
-7.69062
-9.88794
-15.3812
-15.3812
-10.9866
-7.69062
-5.4933
-2.19732
0
2.19732
7.69062
12.0853
15.3812
18.6772
19.7759
18.6772
14.2826
7.69062
6.59196
2.19732
2.19732
8.78928
12.0853
17.5786
24.1705
24.1705
28.5652
30.7625
32.9598
36.2558
36.2558
32.9598
30.7625
26.3678
24.1705
23.0719
19.7759
18.6772
17.5786
12.0853
7.69062
0
-4.39464
-10.9866
-15.3812
-15.3812
-15.3812
-16.4799
-21.9732
-29.6638
-28.5652
-30.7625
-29.6638
-24.1705
-25.2692
-28.5652
-32.9598
-38.4531
-38.4531
-36.2558
-32.9598
-30.7625
-27.4665
-29.6638
-30.7625
-29.6638
-28.5652
-25.2692
-20.8745
-16.4799
-10.9866
-9.88794
-12.0853
-10.9866
-9.88794
-7.69062
-5.4933
-1.09866
-1.09866
3.29598
9.88794
13.1839
19.7759
27.4665
30.7625
35.1571
36.2558
36.2558
34.0584
34.0584
36.2558
38.4531
37.3544
30.7625
27.4665
25.2692
24.1705
28.5652
26.3678
23.0719
16.4799
10.9866
8.78928
7.69062
8.78928
12.0853
16.4799
14.2826
10.9866
6.59196
3.29598
2.19732
-1.09866
-6.59196
-14.2826
-25.2692
-35.1571
-37.3544
-38.4531
-36.2558
-36.2558
-36.2558
-36.2558
-39.5517
-34.0584
-31.8611
-28.5652
-26.3678
-24.1705
-24.1705
-25.2692
-24.1705
-21.9732
-21.9732
-23.0719
-20.8745
-16.4799
-15.3812
-10.9866
1.09866
10.9866
21.9732
30.7625
37.3544
41.7491
41.7491
43.9464
42.8477
36.2558
24.1705
12.0853
4.39464
-2.19732
-6.59196
-4.39464
0
7.69062
14.2826
17.5786
20.8745
21.9732
26.3678
28.5652
26.3678
14.2826
-1.09866
-15.3812
-28.5652
-32.9598
-31.8611
-31.8611
-31.8611
-28.5652
-28.5652
-28.5652
-18.6772
-6.59196
3.29598
7.69062
5.4933
-1.09866
-8.78928
-14.2826
-14.2826
-9.88794
-7.69062
-8.78928
-9.88794
-10.9866
-12.0853
-6.59196
2.19732
7.69062
8.78928
10.9866
9.88794
6.59196
9.88794
15.3812
19.7759
23.0719
31.8611
39.5517
43.9464
43.9464
42.8477
45.045
42.8477
39.5517
35.1571
28.5652
20.8745
16.4799
16.4799
15.3812
12.0853
12.0853
8.78928
2.19732
0
-3.29598
-7.69062
-14.2826
-19.7759
-23.0719
-29.6638
-36.2558
-36.2558
-35.1571
-39.5517
-42.8477
-45.045
-47.2424
-46.1437
-49.4397
-47.2424
-50.5383
-56.0316
-54.933
-53.8343
-51.637
-47.2424
-43.9464
-39.5517
-38.4531
-35.1571
-29.6638
-26.3678
-18.6772
-7.69062
-2.19732
2.19732
9.88794
18.6772
26.3678
31.8611
41.7491
52.7357
61.5249
70.3142
76.9062
81.3008
83.4981
81.3008
85.6955
81.3008
76.9062
75.8075
72.5115
67.0182
67.0182
63.7223
59.3276
57.1303
48.341
47.2424
41.7491
30.7625
29.6638
19.7759
7.69062
0
-10.9866
-13.1839
-21.9732
-30.7625
-35.1571
-47.2424
-57.1303
-60.4263
-70.3142
-75.8075
-81.3008
-85.6955
-94.4847
-102.175
-102.175
-103.274
-99.978
-101.077
-99.978
-97.7807
-95.5834
-88.9914
-75.8075
-63.7223
-56.0316
-46.1437
-40.6504
-35.1571
-27.4665
-16.4799
0
6.59196
8.78928
14.2826
14.2826
15.3812
28.5652
38.4531
47.2424
57.1303
64.8209
70.3142
78.0048
88.9914
105.471
116.458
121.951
123.05
119.754
115.359
110.965
110.965
109.866
104.373
94.4847
87.8928
83.4981
73.6102
69.2156
65.9196
58.229
50.5383
38.4531
24.1705
10.9866
3.29598
-2.19732
-6.59196
-14.2826
-23.0719
-31.8611
-45.045
-53.8343
-54.933
-61.5249
-67.0182
-76.9062
-93.3861
-108.767
-117.557
-119.754
-113.162
-104.373
-97.7807
-90.0901
-86.7941
-85.6955
-80.2022
