SAMPLES: 7629
BITSPERSAMPLE:	16
CHANNELS:	1
SAMPLERATE:	16000
NORMALIZED:	FALSE
14.0084
6.0036
2.0012
1.0006
4.0024
15.009
22.0132
30.018
38.0228
41.0246
36.0216
31.0186
33.0198
25.015
18.0108
19.0114
16.0096
8.0048
-3.0018
-10.006
-22.0132
-32.0192
-37.0222
-38.0228
-36.0216
-30.018
-16.0096
-5.003
8.0048
23.0138
38.0228
41.0246
37.0222
37.0222
22.0132
10.006
0
-15.009
-22.0132
-27.0162
-24.0144
-21.0126
-20.012
-8.0048
-6.0036
-4.0024
-5.003
-3.0018
-6.0036
-11.0066
-11.0066
-16.0096
-13.0078
-13.0078
-9.0054
-10.006
-13.0078
-9.0054
-13.0078
-12.0072
-8.0048
-2.0012
3.0018
11.0066
27.0162
36.0216
49.0294
58.0348
61.0366
58.0348
48.0288
39.0234
23.0138
10.006
-12.0072
-32.0192
-45.027
-65.039
-76.0456
-81.0486
-85.051
-83.0498
-77.0462
-70.042
-56.0336
-37.0222
-29.0174
-19.0114
-7.0042
1.0006
0
-3.0018
-2.0012
-13.0078
-14.0084
-21.0126
-33.0198
-31.0186
-36.0216
-39.0234
-32.0192
-33.0198
-28.0168
-22.0132
-20.012
-18.0108
-2.0012
-5.003
2.0012
15.009
-8.0048
23.0138
-1.0006
-2.0012
9.0054
-8.0048
1.0006
0
-8.0048
-19.0114
4.0024
-8.0048
3.0018
7.0042
20.012
28.0168
32.0192
51.0306
30.018
57.0342
60.036
40.024
59.0354
59.0354
36.0216
51.0306
51.0306
28.0168
50.03
43.0258
22.0132
40.024
38.0228
16.0096
17.0102
7.0042
-9.0054
3.0018
-4.0024
-1.0006
18.0108
36.0216
42.0252
55.033
70.042
66.0396
75.045
59.0354
34.0204
30.018
6.0036
-13.0078
-11.0066
-18.0108
-11.0066
4.0024
8.0048
15.009
28.0168
38.0228
35.021
49.0294
46.0276
42.0252
41.0246
16.0096
-3.0018
-14.0084
-37.0222
-51.0306
-54.0324
-66.0396
-59.0354
-56.0336
-59.0354
-47.0282
-39.0234
-43.0258
-36.0216
-32.0192
-39.0234
-36.0216
-44.0264
-63.0378
-64.0384
-83.0498
-96.0576
-97.0582
-106.064
-97.0582
-89.0534
-78.0468
-65.039
-51.0306
-34.0204
-27.0162
-6.0036
5.003
13.0078
26.0156
26.0156
31.0186
32.0192
27.0162
18.0108
10.006
-6.0036
-15.009
-20.012
-32.0192
-29.0174
-26.0156
-16.0096
-2.0012
10.006
19.0114
32.0192
41.0246
47.0282
49.0294
39.0234
34.0204
27.0162
12.0072
3.0018
-2.0012
-8.0048
-4.0024
5.003
5.003
14.0084
31.0186
40.024
59.0354
72.0432
76.0456
84.0504
86.0516
89.0534
84.0504
66.0396
39.0234
28.0168
31.0186
25.015
20.012
16.0096
24.0144
32.0192
25.015
14.0084
6.0036
8.0048
12.0072
10.006
9.0054
6.0036
12.0072
16.0096
9.0054
9.0054
4.0024
5.003
10.006
8.0048
4.0024
-2.0012
-8.0048
-16.0096
-19.0114
-20.012
-20.012
-16.0096
-18.0108
-23.0138
-25.015
-25.015
-35.021
-47.0282
-56.0336
-64.0384
-66.0396
-66.0396
-80.048
-79.0474
-84.0504
-91.0546
-87.0522
-90.054
-80.048
-73.0438
-71.0426
-69.0414
-75.045
-66.0396
-54.0324
-60.036
-47.0282
-28.0168
-26.0156
-12.0072
-6.0036
-1.0006
13.0078
20.012
21.0126
29.0174
41.0246
37.0222
39.0234
43.0258
45.027
47.0282
38.0228
39.0234
34.0204
32.0192
33.0198
24.0144
21.0126
26.0156
18.0108
6.0036
6.0036
2.0012
-5.003
-22.0132
-35.021
-32.0192
-18.0108
-20.012
-31.0186
-15.009
-3.0018
11.0066
9.0054
0
16.0096
38.0228
50.03
45.027
43.0258
59.0354
82.0492
84.0504
75.045
76.0456
86.0516
101.061
86.0516
60.036
63.0378
80.048
87.0522
63.0378
34.0204
41.0246
64.0384
79.0474
67.0402
44.0264
60.036
56.0336
115.069
219.131
138.083
23.0138
26.0156
111.067
254.152
238.143
6.0036
-53.0318
154.092
219.131
80.048
-24.0144
-9.0054
112.067
166.1
-35.021
-219.131
-127.076
-48.0288
-118.071
-191.115
-314.189
-418.251
-391.235
-413.248
-468.281
-493.296
-584.351
-672.403
-632.379
-512.307
-471.283
-536.322
-587.352
-530.318
-413.248
-323.194
-279.168
-289.174
-172.103
5.003
-33.0198
-86.0516
50.03
210.126
315.189
393.236
303.182
271.163
498.299
602.361
587.352
708.425
695.417
587.352
681.409
757.454
689.414
701.421
679.408
551.331
574.345
571.343
439.264
420.252
442.265
334.201
190.114
131.079
110.066
104.062
74.0444
-38.0228
-145.087
-170.102
-176.106
-225.135
-282.169
-270.162
-258.155
-386.232
-492.295
-403.242
-341.205
-259.155
-127.076
-469.282
-607.364
-263.158
-112.067
31.0186
-120.072
-548.329
-407.244
195.117
219.131
-206.124
-287.172
-110.066
185.111
327.196
-188.113
-495.297
94.0564
328.197
17.0102
-146.088
-339.204
-221.133
178.107
14.0084
-340.204
-320.192
-373.224
-418.251
-269.161
-341.205
-568.341
-553.332
-528.317
-600.36
-555.333
-633.38
-732.439
-418.251
-3.0018
-377.226
-1058.64
-789.474
51.0306
326.196
-5.003
-519.312
-651.391
365.219
1053.63
46.0276
-476.286
513.308
915.549
689.414
728.437
333.2
431.259
1496.9
1398.84
548.329
962.578
1229.74
722.433
1149.69
1438.86
632.379
584.351
1062.64
685.411
560.336
844.507
414.249
205.123
709.426
425.255
-308.185
10.006
395.237
-39.0234
-231.139
-191.115
-559.336
-469.282
-22.0132
-502.301
-937.563
-457.274
-463.278
-919.552
-636.382
-473.284
-806.484
-572.343
-382.229
-745.447
-514.309
-103.062
-483.29
-434.261
123.074
-151.091
-440.264
-97.0582
86.0516
274.164
359.216
-143.086
-197.118
523.314
648.389
169.101
47.0282
180.108
408.245
515.309
72.0432
-126.076
314.189
299.18
-77.0462
-106.064
-192.115
-263.158
-153.092
-380.228
-617.37
-474.285
-585.351
-820.492
-651.391
-660.396
-964.579
-936.562
-827.496
-941.565
-953.572
-884.531
-562.337
-287.172
-818.491
-1276.77
-633.38
152.091
136.082
-333.2
-790.474
-284.171
869.522
643.386
-346.208
59.0354
986.592
1002.6
823.494
573.344
375.225
1144.69
1691.01
999.6
759.456
1244.75
1089.65
1018.61
1448.87
1228.74
778.467
981.589
1052.63
774.465
820.492
751.451
391.235
488.293
607.364
-2.0012
-365.219
87.0522
243.146
-190.114
-423.254
-522.313
-598.359
-269.161
-147.088
-649.39
-761.457
-392.235
-545.327
-753.452
-417.25
-336.202
-523.314
-414.249
-463.278
-576.346
-310.186
-117.07
-120.072
-162.097
-233.14
-236.142
-54.0324
269.161
374.225
74.0444
-141.085
190.114
467.28
250.15
110.066
179.107
93.0558
191.115
248.149
-173.104
-163.098
152.091
-122.073
-358.215
-233.14
-409.246
-547.328
-349.21
-510.306
-820.492
-744.447
-751.451
-939.564
-856.514
-833.5
-1090.65
-1048.63
-896.538
-863.518
-550.33
-596.358
-1139.68
-1009.61
-272.163
-53.0318
-278.167
-468.281
-495.297
109.065
690.414
165.099
-298.179
494.297
1101.66
870.522
728.437
607.364
753.452
1464.88
1636.98
1079.65
1009.61
1303.78
1266.76
1326.8
1491.9
1202.72
908.545
1091.65
1146.69
887.533
817.49
855.513
710.426
590.354
525.315
271.163
165.099
471.283
448.269
-102.061
-257.154
-105.063
-215.129
-187.112
-88.0528
-428.257
-601.361
-345.207
-422.253
-615.369
-276.166
-95.057
-658.395
-797.478
-374.225
-368.221
-338.203
-219.131
-648.389
-709.426
-47.0282
-207.124
-754.453
-366.22
-13.0078
-284.171
-313.188
-304.183
-435.261
-2.0012
161.097
-406.244
-455.273
-185.111
-352.211
-341.205
-213.128
-446.268
-559.336
-573.344
-696.418
-589.354
-543.326
-787.472
-844.507
-794.477
-929.558
-951.571
-869.522
-855.513
-731.439
-865.519
-1108.67
-653.392
-387.232
-924.555
-960.576
-378.227
-247.148
-249.149
-216.13
-409.246
52.0312
734.441
224.134
-240.144
615.369
1194.72
913.548
783.47
725.435
886.532
1561.94
1685.01
1178.71
1227.74
1529.92
1442.87
1427.86
1581.95
1513.91
1360.82
1265.76
1194.72
1171.7
1097.66
1030.62
952.572
732.439
575.345
472.283
315.189
451.271
602.361
135.081
-288.173
-98.0588
15.009
-105.063
-98.0588
-315.189
-596.358
-315.189
-162.097
-553.332
-571.343
-293.176
-424.255
-571.343
-460.276
-570.342
-590.354
-278.167
-307.184
-626.376
-513.308
-239.143
-316.19
-314.189
-230.138
-370.222
-387.232
-169.101
-158.095
-230.138
-167.1
-222.133
-363.218
-346.208
-268.161
-357.214
-461.277
-490.294
-578.347
-723.434
-746.448
-683.41
-713.428
-798.479
-905.543
-1049.63
-1063.64
-899.54
-904.543
-1044.63
-1063.64
-925.555
-765.459
-902.542
-1129.68
-919.552
-499.3
-437.262
-599.36
-680.408
-479.288
117.07
354.213
-125.075
-156.094
567.34
887.533
786.472
767.46
720.432
979.588
1500.9
1474.88
1207.72
1410.85
1521.91
1377.83
1526.92
1619.97
1465.88
1479.89
1456.87
1278.77
1269.76
1294.78
1192.72
1151.69
1069.64
806.484
641.385
645.387
659.396
609.366
368.221
95.057
2.0012
5.003
10.006
-114.068
-264.158
-272.163
-380.228
-518.311
-468.281
-439.264
-401.241
-401.241
-691.415
-773.464
-439.264
-387.232
-567.34
-494.297
-545.327
-692.415
-490.294
-470.282
-661.397
-393.236
-284.171
-658.395
-576.346
-355.213
-537.322
-457.274
-316.19
-592.355
-644.387
-449.27
-585.351
-657.394
-520.312
-705.423
-860.516
-765.459
-838.503
-889.534
-836.502
-975.585
-1054.63
-963.578
-961.577
-928.557
-829.498
-705.423
-556.334
-780.468
-1069.64
-557.334
52.0312
-162.097
-446.268
-381.229
-137.082
481.289
629.378
-92.0552
9.0054
966.58
1066.64
648.389
656.394
839.504
1231.74
1629.98
1332.8
1015.61
1347.81
1584.95
1518.91
1508.91
1399.84
1287.77
1375.83
1402.84
1333.8
1262.76
1118.67
1079.65
1125.68
932.56
681.409
660.396
658.395
610.366
489.294
187.112
29.0174
151.091
199.119
3.0018
-175.105
-207.124
-287.172
-308.185
-220.132
-397.238
-585.351
-420.252
-356.214
-486.292
-469.282
-527.316
-632.379
-401.241
-320.192
-653.392
-690.414
-422.253
-392.235
-445.267
-491.295
-598.359
-509.306
-347.208
-446.268
-575.345
-545.327
-519.312
-546.328
-613.368
-641.385
-606.364
-680.408
-792.475
-776.466
-813.488
-973.584
-978.587
-906.544
-961.577
-1030.62
-1066.64
-1086.65
-963.578
-866.52
-949.57
-814.489
-650.39
-907.545
-1013.61
-552.331
-251.151
-344.207
-433.26
-478.287
-134.08
443.266
249.149
-209.125
285.171
950.57
928.557
728.437
666.4
911.547
1474.88
1596.96
1230.74
1237.74
1497.9
1541.93
1562.94
1542.93
1418.85
1412.85
1368.82
1213.73
1238.74
1236.74
1045.63
1005.6
977.587
728.437
595.357
613.368
581.349
548.329
401.241
111.067
40.024
151.091
78.0468
-53.0318
-120.072
-228.137
-286.172
-306.184
-360.216
-310.186
-246.148
-365.219
-461.277
-432.259
-375.225
-280.168
-271.163
-358.215
-319.192
-228.137
-293.176
-305.183
-227.136
-293.176
-286.172
-203.122
-379.228
-460.276
-277.166
-344.207
-524.315
-491.295
-548.329
-643.386
-570.342
-687.412
-880.528
-810.486
-809.486
-972.584
-1016.61
-1036.62
-1127.68
-1054.63
-1039.62
-1188.71
-1194.72
-1137.68
-986.592
-699.42
-816.49
-1272.76
-1088.65
-408.245
-235.141
-512.307
-709.426
-545.327
110.066
533.32
21.0126
-318.191
378.227
1012.61
907.545
616.37
556.334
871.523
1409.85
1461.88
1096.66
1121.67
1383.83
1431.86
1446.87
1472.88
1387.83
1364.82
1390.83
1354.81
1313.79
1222.73
1092.66
1094.66
1096.66
884.531
649.39
603.362
721.433
740.444
443.266
140.084
131.079
233.14
201.121
117.07
-44.0264
-230.138
-186.112
-196.118
-231.139
-67.0402
-159.095
-432.259
-283.17
-110.066
-243.146
-215.129
-207.124
-331.199
-145.087
-88.0528
-457.274
-361.217
-25.015
-250.15
-391.235
-292.175
-521.313
-525.315
-246.148
-542.325
-847.509
-624.375
-710.426
-986.592
-861.517
-912.548
-1166.7
-1115.67
-1146.69
-1365.82
-1300.78
-1200.72
-1356.81
-1421.85
-1419.85
-1452.87
-1368.82
-1182.71
-1027.62
-1133.68
-1504.9
-1430.86
-718.431
-374.225
-681.409
-954.573
-829.498
-195.117
410.246
109.065
-366.22
194.116
928.557
878.527
674.405
697.418
991.595
1562.94
1639.98
1220.73
1329.8
1761.06
1791.07
1726.04
1732.04
1629.98
1682.01
1773.06
1619.97
1546.93
1569.94
1429.86
1342.81
1341.81
1168.7
948.569
883.53
926.556
883.53
652.391
416.25
356.214
408.245
465.279
321.193
-83.0498
-117.07
129.077
46.0276
-87.0522
-147.088
-387.232
-265.159
54.0324
-323.194
-638.383
-264.158
-120.072
-277.166
-244.146
-520.312
-664.399
-100.06
1.0006
-520.312
-575.345
-480.288
-626.376
-435.261
-358.215
-786.472
-882.53
-717.43
-888.533
-962.578
-884.531
-1105.66
-1265.76
-1152.69
-1264.76
-1479.89
-1391.84
-1289.77
-1361.82
-1480.89
-1683.01
-1719.03
-1309.79
-921.553
-1158.7
-1706.02
-1736.04
-1004.6
-403.242
-662.397
-1152.69
-1088.65
-465.279
113.068
-18.0108
-486.292
-148.089
693.416
847.509
523.314
483.29
827.496
1366.82
1604.96
1246.75
1070.64
1446.87
1645.99
1604.96
1667
1565.94
1424.85
1585.95
1661
1490.89
1457.87
1476.89
1356.81
1322.79
1294.78
1085.65
992.596
1145.69
1129.68
805.483
596.358
625.375
729.438
742.445
598.359
294.177
95.057
292.175
395.237
159.095
35.021
-12.0072
-161.097
-27.0162
105.063
-208.125
-300.18
-88.0528
-151.091
-192.115
-93.0558
-331.199
-402.241
-51.0306
-186.112
-550.33
-437.262
-441.265
-650.39
-556.334
-657.394
-979.588
-907.545
-861.517
-1117.67
-1129.68
-1105.66
-1332.8
-1368.82
-1314.79
-1493.9
-1616.97
-1547.93
-1603.96
-1655.99
-1668
-1700.02
-1407.84
-1208.73
-1653.99
-1931.16
-1348.81
-775.465
-842.506
-1177.71
-1327.8
-837.503
-10.006
-22.0132
-617.37
-335.201
500.3
747.448
565.339
435.261
620.372
1270.76
1631.98
1233.74
1093.66
1487.89
1634.98
1605.96
1679.01
1580.95
1491.9
1617.97
1618.97
1542.93
1579.95
1516.91
1359.82
1360.82
1375.83
1179.71
1002.6
1098.66
1207.72
970.582
621.373
552.331
692.415
798.479
708.425
303.182
29.0174
286.172
417.25
81.0486
-29.0174
71.0426
-60.036
-102.061
-164.098
-370.222
-175.105
63.0378
-301.181
-500.3
-209.125
-160.096
-187.112
-123.074
-330.198
-412.247
-173.104
-235.141
-442.265
-353.212
-373.224
-554.333
-599.36
-681.409
-791.475
-755.453
-854.513
-1069.64
-1172.7
-1293.78
-1330.8
-1249.75
-1314.79
-1517.91
-1593.96
-1623.97
-1462.88
-1122.67
-1382.83
-1983.19
-1784.07
-1040.62
-878.527
-1196.72
-1447.87
-1348.81
-656.394
-148.089
-668.401
-1061.64
-260.156
513.308
389.234
58.0348
83.0498
596.358
1276.77
1311.79
845.507
873.524
1314.79
1457.87
1346.81
1297.78
1295.78
1365.82
1376.83
1225.74
1202.72
1351.81
1375.83
1266.76
1154.69
1008.61
949.57
1083.65
1224.73
1123.67
822.493
616.37
632.379
764.459
828.497
611.367
276.166
188.113
274.164
206.124
132.079
226.136
142.085
-83.0498
-109.065
-53.0318
-21.0126
120.072
87.0522
-216.13
-193.116
97.0582
94.0564
35.021
134.08
20.012
-71.0426
125.075
93.0558
-100.06
28.0168
15.009
-287.172
-301.181
-274.164
-493.296
-504.303
-440.264
-795.477
-1164.7
-1147.69
-1079.65
-1175.71
-1363.82
-1569.94
-1765.06
-1607.96
-1191.72
-1453.87
-2182.31
-2005.2
-1186.71
-1136.68
-1527.92
-1668
-1589.95
-973.584
-403.242
-911.547
-1368.82
-566.34
223.134
55.033
-286.172
-228.137
277.166
898.539
907.545
509.306
595.357
1054.63
1240.74
1148.69
1048.63
1096.66
1245.75
1262.76
1193.72
1207.72
1233.74
1254.75
1292.78
1211.73
1045.63
999.6
1040.62
1117.67
1106.66
856.514
637.382
692.415
834.501
806.484
611.367
406.244
440.264
515.309
242.145
49.0294
196.118
224.134
70.042
-65.039
-267.16
-221.133
179.107
149.089
-282.169
-260.156
-3.0018
30.018
111.067
131.079
-82.0492
-25.015
210.126
77.0462
-14.0084
178.107
113.068
-78.0468
-19.0114
-25.015
-180.108
-135.081
-125.075
-364.219
-528.317
-629.378
-711.427
-688.413
-806.484
-1106.66
-1241.75
-1062.64
-839.504
-1094.66
-1777.07
-1830.1
-1003.6
-717.43
-1357.81
-1768.06
-1547.93
-916.55
-381.229
-819.492
-1495.9
-864.519
80.048
-67.0402
-519.312
-467.28
-61.0366
486.292
556.334
91.0546
133.08
649.39
780.468
646.388
573.344
561.337
755.453
893.536
722.433
685.411
784.471
766.46
845.507
887.533
667.4
545.327
720.432
827.496
724.435
556.334
437.262
483.29
641.385
647.388
426.256
260.156
355.213
460.276
307.184
181.109
313.188
347.208
215.129
173.104
96.0576
121.073
368.221
340.204
-8.0048
25.015
310.186
267.16
238.143
296.178
170.102
180.108
328.197
167.1
30.018
313.188
345.207
20.012
-40.024
65.039
71.0426
83.0498
-5.003
-274.164
-451.271
-446.268
-389.234
-447.268
-733.44
-936.562
-954.573
-847.509
-593.356
-829.498
-1613.97
-1605.96
-688.413
-571.343
-1246.75
-1497.9
-1312.79
-738.443
-178.107
-719.432
-1436.86
-658.395
314.189
83.0498
-388.233
-395.237
-11.0066
615.369
686.412
168.101
150.09
543.326
649.39
577.346
436.262
329.198
462.277
514.309
361.217
362.217
366.22
235.141
331.199
456.274
237.142
69.0414
210.126
352.211
377.226
267.16
35.021
11.0066
288.173
411.247
209.125
49.0294
199.119
309.186
132.079
92.0552
266.16
304.183
342.205
375.225
161.097
247.148
677.406
603.362
349.21
570.342
690.414
547.328
693.416
766.46
596.358
734.441
802.481
490.294
488.293
717.43
562.337
335.201
301.181
192.115
109.065
134.08
-26.0156
-264.158
-391.235
-546.328
-655.393
-628.377
-800.48
-1089.65
-1160.7
-1135.68
-953.572
-952.572
-1625.98
-2035.22
-1281.77
-735.441
-1263.76
-1668
-1599.96
-1228.74
-513.308
-522.313
-1376.83
-1149.69
-9.0054
122.073
-365.219
-377.226
-49.0294
481.289
812.487
435.261
213.128
650.39
885.531
747.448
649.39
580.348
616.37
700.42
555.333
461.277
555.333
470.282
347.208
430.258
398.239
214.128
208.125
325.195
339.204
256.154
127.076
32.0192
109.065
332.199
312.187
-8.0048
17.0102
303.182
143.086
-107.064
111.067
241.145
127.076
191.115
70.042
-71.0426
360.216
578.347
141.085
120.072
494.297
449.27
430.258
632.379
504.303
456.274
762.457
667.4
430.258
658.395
735.441
469.282
415.249
423.254
272.163
254.152
247.148
5.003
-204.122
-301.181
-416.25
-460.276
-549.33
-836.502
-970.582
-919.552
-994.597
-853.512
-829.498
-1510.91
-1804.08
-1042.63
-677.406
-1138.68
-1360.82
-1437.86
-1269.76
-446.268
-317.19
-1208.73
-1083.65
-55.033
92.0552
-195.117
-143.086
-71.0426
283.17
793.476
564.339
218.131
592.355
880.528
692.415
587.352
666.4
690.414
678.407
574.345
451.271
493.296
535.321
470.282
348.209
253.152
234.14
224.134
203.122
241.145
215.129
29.0174
-72.0432
-9.0054
80.048
98.0588
-23.0138
-146.088
-127.076
-72.0432
-49.0294
-44.0264
-44.0264
-76.0456
-32.0192
67.0402
21.0126
21.0126
188.113
257.154
220.132
332.199
428.257
413.248
577.346
716.43
546.328
489.294
742.445
824.495
760.456
785.471
649.39
523.314
678.407
642.385
349.21
326.196
330.198
54.0324
-80.048
-117.07
-378.227
-570.342
-557.334
-699.42
-1017.61
-1120.67
-1211.73
-1248.75
-969.582
-1262.76
-2029.22
-1789.07
-876.526
-885.531
-1430.86
-1644.99
-1556.93
-814.489
-160.096
-809.486
-1363.82
-442.265
321.193
84.0504
-182.109
-179.107
228.137
897.539
805.483
235.141
445.267
890.534
879.528
803.482
694.417
606.364
811.487
850.51
622.373
680.408
746.448
540.324
540.324
671.403
511.307
340.204
382.229
449.27
440.264
288.173
95.057
84.0504
224.134
297.178
115.069
-151.091
-70.042
180.108
52.0312
-141.085
-7.0042
-49.0294
-190.114
-32.0192
-77.0462
-177.106
93.0558
38.0228
-282.169
13.0078
312.187
57.0342
80.048
311.187
210.126
339.204
603.362
338.203
235.141
622.373
597.358
308.185
381.229
456.274
311.187
301.181
223.134
-24.0144
-29.0174
-25.015
-263.158
-406.244
-488.293
-676.406
-752.451
-842.506
-1046.63
-1035.62
-1076.65
-1255.75
-919.552
-805.483
-1541.93
-1649.99
-785.471
-611.367
-1017.61
-1061.64
-1206.72
-898.539
74.0444
-164.098
-1201.72
-666.4
405.243
250.15
-69.0414
-73.0438
-22.0132
582.349
981.589
368.221
126.076
730.438
959.576
768.461
682.409
695.417
927.557
1110.67
868.521
738.443
935.561
1005.6
968.581
969.582
817.49
707.424
808.485
798.479
668.401
589.354
503.302
329.198
221.133
267.16
238.143
75.045
27.0162
19.0114
-149.089
-180.108
-63.0378
-151.091
-234.14
-103.062
-230.138
-491.295
-282.169
-42.0252
-134.08
-162.097
-206.124
-342.205
-52.0312
314.189
25.015
-311.187
-97.0582
141.085
139.083
138.083
44.0264
-59.0354
102.061
166.1
-70.042
-163.098
-43.0258
-127.076
-350.21
-433.26
-455.273
-493.296
-485.291
-604.363
-837.503
-889.534
-783.47
-745.447
-880.528
-1052.63
-1136.68
-824.495
-510.306
-947.569
-1403.84
-1002.6
-419.252
-449.27
-748.449
-1012.61
-845.507
-49.0294
184.11
-572.343
-711.427
149.089
537.322
295.177
41.0246
-20.012
466.28
1075.65
830.498
316.19
553.332
964.579
1032.62
981.589
880.528
901.541
1101.66
1077.65
904.543
981.589
1101.66
1090.65
1021.61
877.527
756.454
846.508
919.552
815.489
693.416
515.309
349.21
311.187
351.211
304.183
137.082
7.0042
-93.0558
-203.122
-186.112
-76.0456
-170.102
-407.244
-417.25
-349.21
-432.259
-396.238
-335.201
-506.304
-521.313
-281.169
-382.229
-562.337
-288.173
-121.073
-280.168
-264.158
-195.117
-226.136
77.0462
295.177
-88.0528
-264.158
101.061
215.129
81.0486
146.088
8.0048
-249.149
-110.066
8.0048
-226.136
-297.178
-214.128
-405.243
-629.378
-549.33
-449.27
-542.325
-680.408
-787.472
-865.519
-832.499
-445.267
-391.235
-1139.68
-1439.86
-694.417
-266.16
-698.419
-986.592
-1095.66
-942.566
-216.13
-122.073
-1021.61
-996.598
42.0252
168.101
-289.174
-253.152
-66.0396
294.177
826.496
673.404
304.183
716.43
1202.72
1157.69
1041.62
1129.68
1307.78
1414.85
1333.8
1305.78
1380.83
1343.81
1343.81
1330.8
1106.66
972.584
1082.65
992.596
793.476
799.48
669.402
377.226
389.234
505.303
263.158
12.0072
83.0498
72.0432
-169.101
-202.121
-173.104
-389.234
-411.247
-299.18
-608.365
-788.473
-402.241
-341.205
-627.376
-558.335
-542.325
-650.39
-331.199
-134.08
-453.272
-474.285
-176.106
-194.116
-202.121
-23.0138
-76.0456
-192.115
-85.051
-15.009
-91.0546
-121.073
-71.0426
-85.051
-190.114
-253.152
-223.134
-267.16
-322.193
-355.213
-487.292
-604.363
-597.358
-543.326
-632.379
-807.484
-870.522
-857.515
-908.545
-975.585
-1052.63
-954.573
-726.436
-994.597
-1488.89
-1217.73
-603.362
-727.436
-1067.64
-1098.66
-1066.64
-588.353
-124.074
-677.406
-1023.61
-66.0396
544.327
150.09
-2.0012
257.154
667.4
1243.75
1316.79
865.519
990.594
1556.93
1735.04
1593.96
1513.91
1649.99
1815.09
1663
1474.88
1611.97
1673
1537.92
1436.86
1162.7
930.558
1132.68
1166.7
770.462
621.373
679.408
441.265
304.183
478.287
316.19
-5.003
91.0546
118.071
-167.1
-141.085
-24.0144
-323.194
-371.223
-103.062
-338.203
-609.366
-255.153
-127.076
-425.255
-357.214
-230.138
-441.265
-312.187
24.0144
-246.148
-403.242
-4.0024
-47.0282
-398.239
-155.093
52.0312
-249.149
-267.16
-98.0588
-318.191
-371.223
-84.0504
-236.142
-512.307
-390.234
-352.211
-493.296
-488.293
-530.318
-755.453
-887.533
-908.545
-902.542
-938.563
-1105.66
-1311.79
-1416.85
-1454.87
-1430.86
-1407.84
-1559.94
-1772.06
-1660
-1233.74
-1312.79
-1882.13
-1815.09
-1113.67
-912.548
-1168.7
-1248.75
-1269.76
-788.473
64.0384
-159.095
-912.548
-237.142
891.535
885.531
639.384
711.427
882.53
1541.93
2172.3
1767.06
1357.81
1860.12
2286.37
2132.28
1963.18
1992.2
2061.24
2046.23
1911.15
1856.11
1789.07
1668
1772.06
1718.03
1248.75
1108.67
1310.79
1156.69
1076.65
1144.69
652.391
271.163
727.436
929.558
442.265
285.171
313.188
87.0522
189.113
403.242
5.003
-245.147
39.0234
-126.076
-537.322
-355.213
-176.106
-495.297
-595.357
-559.336
-787.472
-759.456
-474.285
-548.329
-881.529
-828.497
-698.419
-781.469
-667.4
-538.323
-794.477
-979.588
-743.446
-670.402
-912.548
-952.572
-787.472
-881.529
-1022.61
-980.588
-1050.63
-1052.63
-884.531
-948.569
-1248.75
-1279.77
-1070.64
-1030.62
-1198.72
-1309.79
-1279.77
-1267.76
-1303.78
-1361.82
-1408.85
-1356.81
-1238.74
-1295.78
-1484.89
-1453.87
-926.556
-469.282
-991.595
-1595.96
-989.594
-91.0546
-83.0498
-323.194
-456.274
-460.276
473.284
1278.77
393.236
-169.101
1127.68
1901.14
1404.84
1268.76
1373.82
1566.94
2417.45
2675.61
1768.06
1692.02
2567.54
2675.61
2273.36
2280.37
2430.46
2444.47
2356.41
2233.34
2245.35
2284.37
2260.36
2203.32
1925.16
1650.99
1790.07
1788.07
1443.87
1447.87
1390.83
798.479
652.391
980.588
678.407
204.122
235.141
-28.0168
-441.265
-262.157
-353.212
-899.54
-830.498
-707.424
-1359.82
-1623.97
-1177.71
-1291.78
-1693.02
-1604.96
-1832.1
-2180.31
-1674
-1394.84
-1994.2
-2210.33
-1877.13
-1936.16
-2015.21
-1725.04
-1801.08
-2052.23
-1722.03
-1447.87
-1708.02
-1668
-1214.73
-1056.63
-1151.69
-1047.63
-954.573
-890.534
-514.309
-307.184
-604.363
-736.442
-459.276
-279.168
-291.175
-341.205
-470.282
-576.346
-490.294
-340.204
-369.222
-494.297
-488.293
-453.272
-553.332
-594.357
-440.264
-365.219
-476.286
-571.343
-539.324
-266.16
144.086
-27.0162
-682.409
-474.285
450.27
708.425
399.24
257.154
344.207
1002.6
1822.09
1447.87
793.476
1573.94
2598.56
2454.47
2119.27
2144.29
2378.43
3092.86
3515.11
2922.75
2490.49
3014.81
3355.01
3012.81
2781.67
2861.72
2756.65
2486.49
2353.41
2194.32
1964.18
1932.16
1818.09
1210.73
806.484
968.581
780.468
266.16
181.109
-30.018
-619.372
-687.412
-551.331
-967.581
-1267.76
-1265.76
-1695.02
-2011.21
-1705.02
-1797.08
-2306.38
-2259.36
-2195.32
-2627.58
-2620.57
-2309.39
-2546.53
-2693.62
-2428.46
-2551.53
-2693.62
-2206.32
-2018.21
-2392.44
-2270.36
-1875.13
-1856.11
-1693.02
-1440.86
-1552.93
-1477.89
-1017.61
-877.527
-991.595
-789.474
-502.301
-358.215
-206.124
-194.116
-235.141
35.021
331.199
354.213
296.178
291.175
314.189
424.255
561.337
553.332
489.294
430.258
329.198
335.201
437.262
405.243
342.205
327.196
234.14
229.137
348.209
350.21
344.207
420.252
372.223
256.154
377.226
498.299
495.297
767.46
981.589
693.416
371.223
635.381
1151.69
1350.81
1210.73
823.494
699.42
1309.79
1930.16
1505.9
837.503
1171.7
1895.14
2005.2
1636.98
1289.77
1344.81
1965.18
2297.38
1698.02
1154.69
1509.91
1920.15
1594.96
1103.66
973.584
1044.63
1104.66
935.561
445.267
156.094
415.249
536.322
13.0078
-416.25
-386.232
-456.274
-540.324
-508.305
-827.496
-1245.75
-1143.69
-1082.65
-1442.87
-1482.89
-1401.84
-1750.05
-1902.14
-1714.03
-1906.14
-2096.26
-1793.08
-1810.09
-2228.34
-2182.31
-1974.18
-2146.29
-2123.27
-1900.14
-2144.29
-2313.39
-1891.13
-1699.02
-1875.13
-1695.02
-1452.87
-1559.94
-1345.81
-1002.6
-1119.67
-925.555
-360.216
-343.206
-406.244
-54.0324
190.114
465.279
783.47
682.409
687.412
1213.73
1467.88
1404.84
1606.96
1638.98
1622.97
1950.17
1858.11
1563.94
1912.15
2036.22
1690.01
1750.05
1740.04
1416.85
1541.93
1688.01
1255.75
1073.64
1182.71
845.507
682.409
923.554
652.391
244.146
315.189
197.118
-68.0408
7.0042
-123.074
-532.319
-557.334
-546.328
-685.411
-535.321
-489.294
-874.525
-1144.69
-1065.64
-834.501
-500.3
-619.372
-1115.67
-986.592
-524.315
-473.284
-479.288
-494.297
-569.342
-77.0462
301.181
-152.091
-297.178
275.165
591.355
652.391
682.409
366.22
394.237
972.584
1040.62
706.424
776.466
875.525
723.434
767.46
824.495
670.402
650.39
714.429
486.292
181.109
218.131
319.192
178.107
62.0372
-53.0318
-404.243
-528.317
-284.171
-316.19
-604.363
-657.394
-738.443
-886.532
-716.43
-661.397
-933.56
-961.577
-880.528
-1085.65
-1129.68
-975.585
-1021.61
-1130.68
-1140.68
-1224.73
-1218.73
-915.549
-752.451
-896.538
-928.557
-672.403
-495.297
-362.217
-124.074
-58.0348
-25.015
224.134
466.28
406.244
619.372
999.6
837.503
869.522
1215.73
1175.71
1207.72
1526.92
1408.85
1179.71
1460.88
1464.88
1139.68
1347.81
1442.87
968.581
913.548
981.589
731.439
787.472
718.431
253.152
178.107
306.184
44.0264
-153.092
-211.127
-504.303
-640.384
-630.378
-1009.61
-1236.74
-1028.62
-1228.74
-1617.97
-1601.96
-1646.99
-1778.07
-1663
-1697.02
-1944.17
-1876.13
-1758.05
-1820.09
-1626.98
-1459.88
-1687.01
-1696.02
-1400.84
-1344.81
-1122.67
-812.487
-985.591
-934.561
-350.21
-161.097
-206.124
262.157
575.345
567.34
1028.62
1400.84
1294.78
1662
2212.33
2113.27
2198.32
2629.58
2592.56
2527.52
2881.73
2906.74
2609.57
2743.65
2800.68
2476.49
2466.48
2554.53
2195.32
1947.17
1999.2
1710.03
1287.77
1241.75
1106.66
687.412
548.329
434.261
0
-210.126
-195.117
-490.294
-803.482
-806.484
-1013.61
-1374.82
-1398.84
-1436.86
-1711.03
-1792.08
-1854.11
-2121.27
-2165.3
-2018.21
-2148.29
-2295.38
-2146.29
-2094.26
-2156.29
-1993.2
-1825.1
-1800.08
-1613.97
-1443.87
-1476.89
-1330.8
-1029.62
-906.544
-834.501
-702.421
-611.367
-452.271
-207.124
-114.068
-32.0192
188.113
199.119
115.069
356.214
568.341
567.34
626.376
573.344
491.295
756.454
935.561
652.391
499.3
672.403
700.42
617.37
552.331
379.228
346.208
505.303
374.225
109.065
89.0534
68.0408
-47.0282
-93.0558
-182.109
-278.167
-234.14
-290.174
-390.234
-248.149
-169.101
-318.191
-304.183
-198.119
-244.146
-202.121
-111.067
-238.143
-211.127
39.0234
-42.0252
-164.098
113.068
256.154
175.105
289.174
385.231
388.233
657.394
819.492
652.391
744.447
1005.6
1019.61
1061.64
1197.72
1177.71
1290.77
1533.92
1512.91
1467.88
1654.99
1755.05
1762.06
1857.11
1822.09
1729.04
1771.06
1731.04
1553.93
1414.85
1291.78
1104.66
967.581
807.484
544.327
378.227
285.171
53.0318
-211.127
-380.228
-592.355
-778.467
-882.53
-1111.67
-1421.85
-1541.93
-1596.96
-1780.07
-1907.14
-1986.19
-2161.3
-2272.36
-2260.36
-2358.42
-2509.51
-2498.5
-2480.49
-2549.53
-2557.53
-2498.5
-2445.47
-2399.44
-2302.38
-2165.3
-2030.22
-1848.11
-1611.97
-1429.86
-1291.78
-1033.62
-720.432
-552.331
-409.246
-122.073
129.077
266.16
458.275
660.396
781.469
941.565
1138.68
1248.75
1288.77
1423.85
1591.96
1691.01
1784.07
1853.11
1799.08
1823.09
2049.23
2119.27
1989.19
1906.14
1869.12
1880.13
1941.16
1832.1
1585.95
1519.91
1565.94
1450.87
1247.75
1088.65
940.564
870.522
817.49
583.35
318.191
189.113
101.061
-44.0264
-197.118
-325.195
-429.258
-493.296
-571.343
-706.424
-820.492
-852.512
-879.528
-953.572
-1037.62
-1082.65
-1066.64
-1057.63
-1126.68
-1149.69
-1123.67
-1074.64
-961.577
-934.561
-1005.6
-935.561
-753.452
-737.442
-677.406
-514.309
-503.302
-423.254
-230.138
-248.149
-284.171
-24.0144
112.067
70.042
187.112
251.151
205.123
382.229
582.349
461.277
449.27
672.403
671.403
631.379
761.457
691.415
544.327
675.405
721.433
521.313
495.297
562.337
371.223
230.138
303.182
182.109
-28.0168
-9.0054
-59.0354
-278.167
-297.178
-340.204
-588.353
-623.374
-503.302
-629.378
-779.468
-730.438
-771.463
-804.483
-721.433
-782.469
-866.52
-729.438
-651.391
-764.459
-728.437
-590.354
-559.336
-478.287
-374.225
-403.242
-310.186
-52.0312
36.0216
70.042
240.144
331.199
375.225
598.359
779.468
764.459
859.516
1037.62
995.597
984.591
1160.7
1152.69
1072.64
1184.71
1192.72
1066.64
1182.71
1204.72
1080.65
1216.73
1093.66
788.473
824.495
922.554
861.517
801.481
570.342
177.106
245.147
431.259
91.0546
-223.134
-205.123
-346.208
-382.229
-376.226
-830.498
-1015.61
-760.456
-856.514
-1154.69
-1224.73
-1358.82
-1490.89
-1345.81
-1370.82
-1635.98
-1606.96
-1494.9
-1616.97
-1523.91
-1327.8
-1386.83
-1325.8
-1149.69
-1158.7
-1093.66
-822.493
-729.438
-747.448
-590.354
-527.316
-512.307
-285.171
-52.0312
-43.0258
56.0336
172.103
220.132
354.213
479.288
584.351
623.374
685.411
714.429
742.445
810.486
935.561
1088.65
1070.64
998.599
1043.63
1142.69
1174.7
1246.75
1282.77
1198.72
1195.72
1228.74
1186.71
1161.7
1221.73
1103.66
878.527
819.492
764.459
643.386
630.378
560.336
320.192
231.139
192.115
22.0132
-19.0114
21.0126
-114.068
-263.158
-308.185
-414.249
-375.225
-208.125
-303.182
-502.301
-506.304
-488.293
-425.255
-263.158
-303.182
-437.262
-375.225
-333.2
-376.226
-292.175
-271.163
-339.204
-283.17
-272.163
-432.259
-389.234
-208.125
-256.154
-342.205
-330.198
-392.235
-402.241
-245.147
-222.133
-372.223
-366.22
-306.184
-350.21
-319.192
-261.157
-320.192
-359.216
-320.192
-348.209
-396.238
-305.183
-232.139
-286.172
-307.184
-286.172
-267.16
-181.109
-131.079
-247.148
-261.157
-226.136
-218.131
-203.122
-284.171
-312.187
-214.128
-135.081
-231.139
-267.16
-114.068
-29.0174
41.0246
148.089
101.061
117.07
315.189
352.211
380.228
476.286
423.254
407.244
483.29
504.303
501.301
574.345
580.348
512.307
543.326
558.335
463.278
517.31
569.342
372.223
257.154
214.128
110.066
109.065
101.061
-68.0408
-264.158
-267.16
-174.104
-261.157
-344.207
-371.223
-531.319
-532.319
-334.201
-400.24
-573.344
-426.256
-332.199
-485.291
-417.25
-245.147
-328.197
-102.061
233.14
-24.0144
-91.0546
361.217
487.292
499.3
840.504
778.467
517.31
846.508
1044.63
785.471
912.548
1120.67
769.462
671.403
893.536
666.4
556.334
781.469
543.326
149.089
224.134
226.136
8.0048
69.0414
64.0384
-308.185
-415.249
-323.194
-490.294
-501.301
-370.222
-614.369
-871.523
-797.478
-807.484
-850.51
-675.405
-702.421
-985.591
-929.558
-764.459
-854.513
-737.442
-497.298
-597.358
-649.39
-467.28
-472.283
-427.256
-113.068
-66.0396
-253.152
-202.121
-99.0594
-104.062
56.0336
206.124
108.065
73.0438
181.109
199.119
273.164
457.274
438.263
319.192
365.219
405.243
390.234
467.28
484.291
359.216
272.163
236.142
155.093
157.094
284.171
302.181
104.062
13.0078
26.0156
30.018
220.132
327.196
162.097
91.0546
223.134
270.162
278.167
365.219
370.222
318.191
381.229
387.232
232.139
287.172
399.24
298.179
232.139
174.104
65.039
62.0372
107.064
17.0102
-98.0588
-154.092
-230.138
-297.178
-254.152
-286.172
-443.266
-466.28
-509.306
-632.379
-655.393
-641.385
-709.426
-796.478
-828.497
-893.536
-992.596
-984.591
-870.522
-889.534
-938.563
-927.557
-971.583
-1022.61
-884.531
-681.409
-688.413
-644.387
-529.318
-470.282
-403.242
-302.181
-210.126
5.003
255.153
319.192
342.205
412.247
635.381
948.569
1019.61
898.539
1053.63
1298.78
1263.76
1308.79
1351.81
1236.74
1411.85
1607.96
1325.8
1176.71
1354.81
1206.72
1072.64
1201.72
1035.62
746.448
817.49
762.457
510.306
558.335
512.307
195.117
151.091
217.13
23.0138
-96.0576
-74.0444
-163.098
-219.131
-191.115
-331.199
-471.283
-393.236
-352.211
-463.278
-528.317
-577.346
-637.382
-558.335
-485.291
-597.358
-654.393
-590.354
-595.357
-604.363
-550.33
-585.351
-607.364
-503.302
-498.299
-539.324
-457.274
-416.25
-429.258
-344.207
-322.193
-381.229
-298.179
-217.13
-271.163
-245.147
-189.113
-258.155
-267.16
-202.121
-209.125
-192.115
-147.088
-199.119
-266.16
-216.13
-171.103
-129.077
-46.0276
-172.103
-272.163
-136.082
-44.0264
-25.015
-8.0048
-137.082
-203.122
18.0108
84.0504
-111.067
-120.072
1.0006
-37.0222
35.021
104.062
-81.0486
-28.0168
177.106
100.06
38.0228
81.0486
11.0066
-7.0042
106.064
126.076
32.0192
11.0066
30.018
3.0018
76.0456
92.0552
-25.015
10.006
35.021
-29.0174
16.0096
34.0204
-10.006
40.024
76.0456
-47.0282
-95.057
70.042
105.063
43.0258
81.0486
0
-105.063
57.0342
168.101
124.074
185.111
193.116
78.0468
104.062
312.187
391.235
350.21
401.241
416.25
426.256
570.342
646.388
655.393
753.452
861.517
859.516
799.48
822.493
893.536
932.56
958.575
861.517
702.421
669.402
666.4
619.372
522.313
407.244
278.167
142.085
63.0378
-4.0024
-110.066
-171.103
-258.155
-397.238
-463.278
-555.333
-627.376
-593.356
-602.361
-665.399
-703.422
-771.463
-848.509
-795.477
-657.394
-640.384
-709.426
-725.435
-769.462
-724.435
-549.33
-509.306
-587.352
-593.356
-581.349
-604.363
-566.34
-492.295
-480.288
-456.274
-385.231
-396.238
-413.248
-303.182
-202.121
-147.088
-83.0498
-74.0444
-93.0558
-15.009
119.071
160.096
155.093
168.101
144.086
155.093
237.142
235.141
224.134
295.177
261.157
174.104
206.124
272.163
285.171
303.182
270.162
179.107
306.184
359.216
160.096
181.109
314.189
299.18
269.161
158.095
39.0234
266.16
482.289
228.137
-29.0174
98.0588
246.148
294.177
319.192
84.0504
-14.0084
259.155
261.157
71.0426
136.082
211.127
173.104
196.118
150.09
41.0246
124.074
221.133
93.0558
61.0366
125.075
-42.0252
-108.065
-15.009
-136.082
-246.148
-241.145
-431.259
-509.306
-306.184
-330.198
-638.383
-751.451
-741.445
-747.448
-328.197
-253.152
-958.575
-1051.63
-447.268
-349.21
-354.213
-283.17
-671.403
-424.255
433.26
118.071
-639.384
-64.0384
550.33
375.225
579.348
325.195
-375.225
401.241
1256.75
542.325
262.157
655.393
258.155
337.202
1023.61
662.397
270.162
766.46
591.355
85.051
604.363
744.447
258.155
553.332
681.409
93.0558
176.106
498.299
186.112
278.167
609.366
123.074
-263.158
138.083
226.136
51.0306
269.161
72.0432
-392.235
-111.067
144.086
-189.113
-135.081
138.083
-163.098
-315.189
-69.0414
-198.119
-235.141
180.108
33.0198
-427.256
-247.148
-113.068
-276.166
-90.054
-11.0066
-330.198
-335.201
-196.118
-380.228
-368.221
-129.077
-245.147
-469.282
-439.264
-492.295
-546.328
-346.208
-306.184
-505.303
-546.328
-508.305
-570.342
-481.289
-279.168
-336.202
-449.27
-369.222
-372.223
-411.247
-236.142
-133.08
-230.138
-191.115
-137.082
-237.142
-131.079
116.07
85.051
13.0078
99.0594
59.0354
59.0354
280.168
323.194
266.16
395.237
385.231
264.158
358.215
519.312
552.331
602.361
621.373
473.284
493.296
701.421
693.416
591.355
620.372
543.326
445.267
495.297
448.269
333.2
330.198
286.172
65.039
-79.0474
-77.0462
-193.116
-292.175
-301.181
-482.289
-655.393
-639.384
-709.426
-794.477
-772.463
-817.49
-918.551
-916.55
-867.521
-870.522
-786.472
-715.429
-781.469
-734.441
-603.362
-556.334
-433.26
-296.178
-289.174
-187.112
5.003
85.051
166.1
324.195
434.261
506.304
627.376
688.413
701.421
850.51
963.578
969.582
1017.61
1039.62
1035.62
1075.65
1124.67
1131.68
1086.65
1059.64
1026.62
960.576
945.567
923.554
835.501
745.447
652.391
554.333
483.29
404.243
337.202
236.142
90.054
26.0156
-45.027
-175.105
-271.163
-323.194
-413.248
-521.313
-583.35
-681.409
-805.483
-807.484
-807.484
-975.585
-1102.66
-1139.68
-1194.72
-1183.71
-1146.69
-1221.73
-1306.78
-1234.74
-1175.71
-1202.72
-1118.67
-1008.61
-961.577
-859.516
-773.464
-744.447
-612.367
-420.252
-329.198
-255.153
-147.088
-46.0276
40.024
174.104
285.171
341.205
449.27
529.318
598.359
716.43
828.497
891.535
927.557
953.572
995.597
1059.64
1076.65
1072.64
1094.66
1103.66
1053.63
989.594
937.563
880.528
842.506
770.462
631.379
486.292
405.243
362.217
288.173
166.1
19.0114
-120.072
-243.146
-328.197
-433.26
-550.33
-590.354
-624.375
-704.423
-819.492
-882.53
-840.504
-793.476
-847.509
-917.551
-947.569
-947.569
-825.495
-756.454
-838.503
-769.462
-587.352
-588.353
-531.319
-346.208
-362.217
-279.168
22.0132
43.0258
-16.0096
207.124
270.162
255.153
541.325
595.357
407.244
576.346
726.436
624.375
769.462
853.512
662.397
754.453
912.548
748.449
727.436
862.518
733.44
660.396
747.448
561.337
412.247
539.324
482.289
279.168
233.14
167.1
39.0234
27.0162
8.0048
-154.092
-248.149
-239.143
-356.214
-488.293
-500.3
-559.336
-632.379
-606.364
-680.408
-805.483
-763.458
-728.437
-762.457
-685.411
-629.378
-698.419
-661.397
-547.328
-537.322
-457.274
-352.211
-401.241
-393.236
-264.158
-214.128
-153.092
-53.0318
-66.0396
-50.03
44.0264
79.0474
130.078
229.137
227.136
179.107
213.128
241.145
243.146
301.181
351.211
341.205
358.215
384.231
382.229
432.259
507.304
548.329
523.314
489.294
514.309
534.321
526.316
517.31
478.287
430.258
407.244
359.216
290.174
261.157
249.149
191.115
119.071
66.0396
23.0138
7.0042
1.0006
-55.033
-112.067
-123.074
-151.091
-183.11
-186.112
-209.125
-240.144
-261.157
-283.17
-296.178
-261.157
-218.131
-214.128
-226.136
-208.125
-177.106
-173.104
-154.092
-155.093
-178.107
-169.101
-166.1
-204.122
-221.133
-191.115
-187.112
-187.112
-150.09
-139.083
-140.084
-81.0486
-49.0294
-72.0432
-57.0342
-58.0348
-92.0552
-88.0528
-84.0504
-123.074
-145.087
-142.085
-165.099
-170.102
-153.092
-164.098
-190.114
-187.112
-180.108
-199.119
-189.113
-183.11
-209.125
-204.122
-196.118
-236.142
-253.152
-230.138
-199.119
-179.107
-169.101
-152.091
-136.082
-94.0564
-35.021
-7.0042
1.0006
25.015
55.033
89.0534
121.073
141.085
183.11
224.134
241.145
277.166
319.192
353.212
401.241
436.262
441.265
451.271
458.275
459.276
466.28
473.284
471.283
440.264
432.259
444.267
434.261
444.267
444.267
425.255
436.262
438.263
431.259
424.255
391.235
358.215
331.199
273.164
215.129
181.109
146.088
107.064
55.033
-7.0042
-77.0462
-137.082
-156.094
-173.104
-207.124
-240.144
-265.159
-287.172
-308.185
-315.189
-333.2
-375.225
-410.246
-428.257
-447.268
-451.271
-425.255
-405.243
-384.231
-353.212
-334.201
-327.196
-318.191
-282.169
-252.151
-240.144
-229.137
-233.14
-240.144
-231.139
-213.128
-214.128
-223.134
-215.129
-216.13
-219.131
-199.119
-170.102
-147.088
-115.069
-84.0504
-66.0396
-22.0132
14.0084
34.0204
66.0396
91.0546
113.068
140.084
162.097
158.095
146.088
148.089
148.089
139.083
140.084
144.086
146.088
153.092
152.091
152.091
156.094
148.089
147.088
138.083
90.054
68.0408
79.0474
62.0372
42.0252
43.0258
12.0072
-20.012
-5.003
9.0054
-9.0054
-12.0072
-2.0012
-5.003
3.0018
29.0174
42.0252
44.0264
57.0342
69.0414
79.0474
85.051
103.062
127.076
123.074
127.076
142.085
148.089
152.091
162.097
171.103
163.098
163.098
186.112
172.103
150.09
162.097
162.097
153.092
153.092
146.088
113.068
108.065
122.073
101.061
88.0528
68.0408
29.0174
5.003
-17.0102
-58.0348
-84.0504
-94.0564
-118.071
-168.101
-212.127
-236.142
-258.155
-268.161
-293.176
-353.212
-385.231
-389.234
-425.255
-473.284
-500.3
-516.31
-531.319
-537.322
-545.327
-541.325
-498.299
-432.259
-407.244
-403.242
-368.221
-301.181
-225.135
-175.105
-149.089
-124.074
-92.0552
-48.0288
1.0006
33.0198
79.0474
145.087
196.118
240.144
293.176
363.218
427.256
475.285
512.307
539.324
568.341
602.361
634.381
658.395
676.406
686.412
686.412
674.405
677.406
690.414
692.415
657.394
599.36
575.345
574.345
574.345
543.326
486.292
437.262
406.244
372.223
315.189
241.145
189.113
147.088
87.0522
17.0102
-47.0282
-85.051
-113.068
-163.098
-247.148
-326.196
-366.22
-397.238
-430.258
-468.281
-514.309
-546.328
-569.342
-595.357
-624.375
-640.384
-674.405
-717.43
-736.442
-743.446
-734.441
-759.456
-792.475
-794.477
-752.451
-697.418
-671.403
-676.406
-655.393
-572.343
-506.304
-475.285
-457.274
-401.241
-325.195
-260.156
-245.147
-268.161
-220.132
-130.078
-72.0432
-31.0186
-26.0156
-22.0132
48.0288
128.077
190.114
243.146
264.158
276.166
313.188
355.213
393.236
412.247
418.251
426.256
446.268
481.289
500.3
501.301
516.31
535.321
558.335
557.334
525.315
525.315
548.329
568.341
552.331
499.3
466.28
465.279
475.285
472.283
426.256
360.216
318.191
293.176
286.172
280.168
252.151
213.128
178.107
158.095
131.079
94.0564
68.0408
37.0222
21.0126
1.0006
-55.033
-89.0534
-74.0444
-51.0306
-47.0282
-78.0468
-126.076
-142.085
-125.075
-109.065
-119.071
-149.089
-165.099
-179.107
-185.111
-191.115
-216.13
-236.142
-245.147
-281.169
-318.191
-339.204
-354.213
-344.207
-323.194
-319.192
-354.213
-376.226
-366.22
-352.211
-324.195
-312.187
-321.193
-325.195
-312.187
-280.168
-253.152
-225.135
-201.121
-191.115
-169.101
-139.083
-118.071
-94.0564
-53.0318
-24.0144
-14.0084
-10.006
-11.0066
-5.003
26.0156
49.0294
27.0162
3.0018
-7.0042
-1.0006
32.0192
63.0378
64.0384
55.033
61.0366
84.0504
111.067
120.072
117.07
118.071
121.073
131.079
123.074
120.072
145.087
168.101
188.113
184.11
170.102
181.109
210.126
239.143
244.146
228.137
215.129
218.131
231.139
239.143
237.142
221.133
209.125
213.128
202.121
198.119
198.119
191.115
189.113
181.109
161.097
137.082
122.073
116.07
111.067
105.063
96.0576
82.0492
78.0468
68.0408
44.0264
21.0126
-14.0084
-54.0324
-81.0486
-104.062
-135.081
-169.101
-199.119
-213.128
-212.127
-214.128
-216.13
-231.139
-254.152
-260.156
-264.158
-266.16
-255.153
-254.152
-266.16
-271.163
-280.168
-289.174
-285.171
-263.158
-249.149
-243.146
-241.145
-253.152
-250.15
-219.131
-197.118
-191.115
-187.112
-185.111
-185.111
-168.101
-155.093
-152.091
-139.083
-120.072
-107.064
-92.0552
-59.0354
-19.0114
18.0108
51.0306
77.0462
86.0516
105.063
128.077
136.082
146.088
153.092
156.094
171.103
198.119
221.133
229.137
227.136
218.131
197.118
192.115
206.124
209.125
211.127
225.135
230.138
229.137
243.146
257.154
259.155
271.163
275.165
263.158
272.163
291.175
295.177
283.17
273.164
258.155
250.15
274.164
294.177
288.173
285.171
262.157
225.135
203.122
184.11
165.099
131.079
103.062
74.0444
36.0216
9.0054
-18.0108
-50.03
-78.0468
-99.0594
-128.077
-156.094
-174.104
-203.122
-233.14
-247.148
-264.158
-281.169
-289.174
-300.18
-310.186
-318.191
-311.187
-302.181
-285.171
-260.156
-257.154
-259.155
-252.151
-250.15
-233.14
-218.131
-214.128
-213.128
-210.126
-201.121
-197.118
-183.11
-176.106
-171.103
-159.095
-151.091
-133.08
-108.065
-86.0516
-80.048
-78.0468
-76.0456
-71.0426
-50.03
-25.015
-15.009
-14.0084
-12.0072
-13.0078
-7.0042
6.0036
8.0048
-3.0018
-23.0138
-39.0234
-52.0312
-44.0264
-34.0204
-34.0204
-33.0198
-51.0306
-55.033
-49.0294
-27.0162
-6.0036
7.0042
14.0084
17.0102
23.0138
44.0264
69.0414
78.0468
96.0576
113.068
118.071
135.081
155.093
169.101
186.112
204.122
209.125
207.124
220.132
227.136
223.134
225.135
216.13
190.114
181.109
170.102
158.095
163.098
160.096
145.087
125.075
112.067
105.063
99.0594
93.0558
77.0462
60.036
63.0378
69.0414
71.0426
79.0474
78.0468
67.0402
60.036
52.0312
42.0252
40.024
44.0264
47.0282
48.0288
43.0258
34.0204
28.0168
39.0234
52.0312
57.0342
61.0366
55.033
47.0282
55.033
53.0318
46.0276
50.03
39.0234
17.0102
3.0018
-1.0006
-4.0024
-10.006
-26.0156
-60.036
-82.0492
-80.048
-95.057
-106.064
-113.068
-126.076
-140.084
-154.092
-171.103
-186.112
-188.113
-190.114
-191.115
-186.112
-183.11
-178.107
-177.106
-173.104
-163.098
-155.093
-152.091
-155.093
-156.094
-152.091
-149.089
-137.082
-115.069
-98.0588
-85.051
-82.0492
-78.0468
-74.0444
-65.039
-31.0186
-6.0036
5.003
35.021
50.03
57.0342
84.0504
100.06
103.062
115.069
126.076
134.08
154.092
176.106
181.109
170.102
163.098
154.092
146.088
152.091
148.089
128.077
118.071
103.062
77.0462
57.0342
40.024
21.0126
-5.003
-21.0126
-36.0216
-55.033
-59.0354
-76.0456
-114.068
-141.085
-162.097
-194.116
-214.128
-229.137
-248.149
-261.157
-270.162
-290.174
-305.183
-304.183
-306.184
-306.184
-290.174
-277.166
-260.156
-244.146
-228.137
-199.119
-175.105
-144.086
-114.068
-92.0552
-65.039
-36.0216
-8.0048
22.0132
60.036
101.061
136.082
178.107
211.127
238.143
265.159
285.171
292.175
306.184
326.196
342.205
366.22
390.234
401.241
413.248
426.256
438.263
447.268
457.274
455.273
452.271
444.267
436.262
429.258
398.239
366.22
329.198
290.174
262.157
231.139
193.116
148.089
102.061
57.0342
15.009
-16.0096
-34.0204
-57.0342
-76.0456
-91.0546
-121.073
-138.083
-154.092
-178.107
-194.116
-213.128
-236.142
-251.151
-257.154
-261.157
-270.162
-280.168
-289.174
-294.177
-287.172
-278.167
-277.166
-279.168
-279.168
-278.167
-274.164
-260.156
-237.142
-213.128
-184.11
-163.098
-147.088
-130.078
-113.068
-97.0582
-82.0492
-67.0402
-53.0318
-47.0282
-38.0228
-31.0186
-36.0216
-38.0228
-41.0246
-48.0288
-47.0282
-43.0258
-38.0228
-34.0204
-34.0204
-35.021
-40.024
-44.0264
-48.0288
-65.039
-76.0456
-84.0504
-92.0552
-96.0576
-100.06
-103.062
-102.061
-98.0588
-110.066
-122.073
-129.077
-134.08
-124.074
-121.073
-115.069
-111.067
-98.0588
-71.0426
-52.0312
-43.0258
-38.0228
-40.024
-37.0222
-17.0102
3.0018
31.0186
60.036
79.0474
94.0564
94.0564
104.062
113.068
122.073
140.084
151.091
159.095
170.102
181.109
198.119
229.137
250.15
262.157
269.161
274.164
281.169
290.174
294.177
287.172
277.166
272.163
267.16
254.152
248.149
234.14
210.126
195.117
180.108
171.103
166.1
166.1
162.097
155.093
144.086
128.077
108.065
88.0528
68.0408
42.0252
24.0144
2.0012
-17.0102
-22.0132
-33.0198
-49.0294
-68.0408
-77.0462
-78.0468
-76.0456
-74.0444
-85.051
-102.061
-116.07
-124.074
-134.08
-140.084
-147.088
-160.096
-170.102
-183.11
-184.11
-176.106
-164.098
-151.091
-149.089
-158.095
-160.096
-152.091
-138.083
-126.076
-131.079
-135.081
-130.078
-116.07
-92.0552
-72.0432
-60.036
-51.0306
-46.0276
-42.0252
-37.0222
-24.0144
-7.0042
4.0024
18.0108
27.0162
36.0216
47.0282
51.0306
51.0306
53.0318
47.0282
31.0186
25.015
21.0126
19.0114
23.0138
23.0138
23.0138
17.0102
20.012
18.0108
9.0054
2.0012
-6.0036
-11.0066
-13.0078
-10.006
-19.0114
-32.0192
-43.0258
-46.0276
-48.0288
-52.0312
-47.0282
-50.03
-49.0294
-47.0282
-48.0288
-43.0258
-27.0162
-10.006
-2.0012
-3.0018
-14.0084
-19.0114
-12.0072
-6.0036
-8.0048
-21.0126
-28.0168
-25.015
-16.0096
-7.0042
-5.003
-3.0018
-6.0036
-8.0048
-14.0084
-22.0132
-23.0138
-28.0168
-40.024
-52.0312
-64.0384
-76.0456
-91.0546
-100.06
-99.0594
-98.0588
-97.0582
-91.0546
-92.0552
-91.0546
-86.0516
-84.0504
-85.051
-87.0522
-85.051
-73.0438
-63.0378
-57.0342
-55.033
-56.0336
-43.0258
-26.0156
-11.0066
2.0012
21.0126
39.0234
58.0348
68.0408
70.042
79.0474
95.057
124.074
144.086
158.095
166.1
176.106
188.113
202.121
216.13
232.139
253.152
266.16
275.165
272.163
267.16
266.16
266.16
266.16
264.158
257.154
248.149
251.151
252.151
246.148
231.139
215.129
204.122
196.118
188.113
180.108
168.101
149.089
132.079
112.067
86.0516
63.0378
41.0246
25.015
13.0078
-1.0006
-23.0138
-40.024
-58.0348
-76.0456
-90.054
-102.061
-115.069
-134.08
-149.089
-161.097
-167.1
-175.105
-185.111
-200.12
-216.13
-223.134
-226.136
-237.142
-249.149
-251.151
-246.148
-245.147
-244.146
-250.15
-255.153
-255.153
-255.153
-257.154
-251.151
-233.14
-218.131
-214.128
-220.132
-227.136
-232.139
-230.138
-228.137
-227.136
-224.134
-215.129
-203.122
-194.116
-188.113
-184.11
-181.109
-176.106
-168.101
-160.096
-144.086
-121.073
-103.062
-92.0552
-86.0516
-82.0492
-79.0474
-67.0402
-50.03
-39.0234
-21.0126
8.0048
38.0228
59.0354
83.0498
108.065
123.074
139.083
157.094
174.104
188.113
205.123
222.133
238.143
254.152
269.161
278.167
283.17
294.177
300.18
304.183
318.191
335.201
350.21
368.221
380.228
380.228
371.223
363.218
351.211
334.201
315.189
297.178
285.171
274.164
259.155
237.142
212.127
187.112
157.094
125.075
100.06
78.0468
52.0312
29.0174
9.0054
-10.006
-29.0174
-58.0348
-87.0522
-121.073
-156.094
-187.112
-221.133
-244.146
-254.152
-263.158
-275.165
-289.174
-301.181
-316.19
-323.194
-328.197
-333.2
-332.199
-321.193
-304.183
-291.175
-280.168
-278.167
-277.166
-268.161
-258.155
-253.152
-242.145
-214.128
-179.107
-139.083
-106.064
-81.0486
-60.036
-41.0246
-14.0084
11.0066
33.0198
54.0324
72.0432
94.0564
117.07
139.083
158.095
177.106
198.119
222.133
237.142
256.154
287.172
313.188
337.202
353.212
357.214
359.216
355.213
350.21
344.207
326.196
296.178
268.161
248.149
233.14
218.131
196.118
170.102
139.083
109.065
82.0492
54.0324
35.021
13.0078
-16.0096
-44.0264
-81.0486
-120.072
-148.089
-171.103
-193.116
-217.13
-249.149
-280.168
-304.183
-328.197
-342.205
-360.216
-382.229
-397.238
-408.245
-412.247
-407.244
-396.238
-383.23
-364.219
-344.207
-322.193
-300.18
-270.162
-236.142
-203.122
-178.107
-154.092
-126.076
-93.0558
-58.0348
-23.0138
8.0048
28.0168
41.0246
53.0318
62.0372
78.0468
96.0576
108.065
123.074
144.086
164.098
183.11
204.122
223.134
239.143
254.152
262.157
267.16
271.163
268.161
255.153
234.14
214.128
190.114
168.101
150.09
130.078
110.066
91.0546
68.0408
55.033
42.0252
27.0162
10.006
-11.0066
-34.0204
-52.0312
-61.0366
-64.0384
-56.0336
-47.0282
-41.0246
-35.021
-34.0204
-30.018
-25.015
-26.0156
-32.0192
-41.0246
-51.0306
-59.0354
-61.0366
-54.0324
-43.0258
-28.0168
-8.0048
15.009
38.0228
64.0384
83.0498
101.061
113.068
122.073
129.077
137.082
147.088
161.097
173.104
178.107
183.11
189.113
199.119
203.122
199.119
189.113
167.1
139.083
115.069
94.0564
75.045
65.039
54.0324
48.0288
40.024
30.018
15.009
5.003
-9.0054
-21.0126
-35.021
-55.033
-76.0456
-97.0582
-114.068
-131.079
-145.087
-161.097
-179.107
-196.118
-209.125
-220.132
-230.138
-233.14
-235.141
-230.138
-221.133
-224.134
-230.138
-236.142
-241.145
-240.144
-235.141
-228.137
-219.131
-207.124
-193.116
-180.108
-171.103
-161.097
-158.095
-153.092
-147.088
-140.084
-131.079
-122.073
-108.065
-89.0534
-75.045
-66.0396
-59.0354
-44.0264
-20.012
-1.0006
19.0114
42.0252
60.036
72.0432
85.051
94.0564
106.064
118.071
134.08
148.089
165.099
186.112
199.119
207.124
208.125
203.122
205.123
200.12
195.117
196.118
194.116
184.11
175.105
165.099
159.095
151.091
144.086
143.086
140.084
138.083
136.082
131.079
124.074
113.068
102.061
100.06
101.061
101.061
95.057
90.054
81.0486
76.0456
69.0414
56.0336
37.0222
23.0138
14.0084
3.0018
-9.0054
-18.0108
-23.0138
-27.0162
-28.0168
-29.0174
-29.0174
-32.0192
-45.027
-56.0336
-66.0396
-80.048
-91.0546
-100.06
-111.067
-120.072
-129.077
-132.079
-137.082
-140.084
-139.083
-139.083
-138.083
-132.079
-129.077
-120.072
-104.062
-94.0564
-80.048
-74.0444
-75.045
-70.042
-62.0372
-63.0378
-63.0378
-63.0378
-60.036
-55.033
-52.0312
-50.03
-50.03
-50.03
-49.0294
-46.0276
-43.0258
-43.0258
-39.0234
-34.0204
-27.0162
-23.0138
-16.0096
-1.0006
13.0078
29.0174
37.0222
44.0264
52.0312
61.0366
66.0396
64.0384
59.0354
63.0378
70.042
79.0474
86.0516
97.0582
104.062
101.061
94.0564
90.054
90.054
88.0528
88.0528
84.0504
74.0444
65.039
53.0318
42.0252
29.0174
22.0132
17.0102
12.0072
9.0054
7.0042
7.0042
10.006
15.009
20.012
20.012
25.015
25.015
18.0108
8.0048
-10.006
-23.0138
-32.0192
-38.0228
-45.027
-53.0318
-57.0342
-55.033
-49.0294
-47.0282
-44.0264
-43.0258
-45.027
-45.027
-50.03
-54.0324
-60.036
-63.0378
-57.0342
-57.0342
-59.0354
-54.0324
-45.027
-32.0192
-21.0126
-11.0066
3.0018
14.0084
23.0138
23.0138
20.012
18.0108
16.0096
19.0114
20.012
16.0096
18.0108
17.0102
14.0084
12.0072
12.0072
13.0078
15.009
8.0048
-3.0018
-6.0036
-11.0066
-9.0054
-6.0036
-6.0036
-4.0024
2.0012
7.0042
11.0066
7.0042
4.0024
3.0018
-9.0054
-17.0102
-25.015
-28.0168
-29.0174
-33.0198
-32.0192
-29.0174
-25.015
-14.0084
-5.003
-4.0024
-2.0012
5.003
13.0078
19.0114
21.0126
21.0126
25.015
31.0186
35.021
34.0204
32.0192
27.0162
30.018
37.0222
36.0216
39.0234
38.0228
33.0198
28.0168
21.0126
11.0066
0
-8.0048
-15.009
-13.0078
-11.0066
-6.0036
-1.0006
-2.0012
0
2.0012
4.0024
10.006
10.006
5.003
0
-5.003
-11.0066
-18.0108
-22.0132
-27.0162
-23.0138
-18.0108
-19.0114
-15.009
-19.0114
-17.0102
-7.0042
3.0018
18.0108
27.0162
28.0168
25.015
18.0108
9.0054
7.0042
6.0036
-1.0006
-5.003
-4.0024
-8.0048
-8.0048
-11.0066
-11.0066
-5.003
1.0006
6.0036
10.006
13.0078
11.0066
7.0042
0
-4.0024
-1.0006
3.0018
10.006
16.0096
21.0126
27.0162
31.0186
33.0198
27.0162
27.0162
34.0204
34.0204
22.0132
5.003
-8.0048
-14.0084
-11.0066
-7.0042
-7.0042
-5.003
-1.0006
-1.0006
-5.003
-11.0066
-10.006
-2.0012
5.003
9.0054
9.0054
12.0072
13.0078
9.0054
3.0018
-3.0018
-12.0072
-17.0102
-21.0126
-25.015
-22.0132
-16.0096
-9.0054
-14.0084
-25.015
-37.0222
-40.024
-40.024
-43.0258
-48.0288
-50.03
-47.0282
-48.0288
-49.0294
-50.03
-51.0306
-49.0294
-44.0264
-38.0228
-35.021
-33.0198
-34.0204
-39.0234
-44.0264
-51.0306
-50.03
-42.0252
-33.0198
-18.0108
-7.0042
4.0024
13.0078
16.0096
14.0084
10.006
9.0054
14.0084
26.0156
41.0246
57.0342
69.0414
76.0456
81.0486
88.0528
99.0594
108.065
116.07
127.076
139.083
145.087
137.082
122.073
105.063
86.0516
64.0384
42.0252
18.0108
-1.0006
-11.0066
-19.0114
-25.015
-29.0174
-29.0174
-26.0156
-23.0138
-24.0144
-29.0174
-31.0186
-37.0222
-45.027
-58.0348
-76.0456
-92.0552
-102.061
-106.064
-110.066
-112.067
-111.067
-104.062
-94.0564
-84.0504
-66.0396
-52.0312
-38.0228
-27.0162
-17.0102
-10.006
-1.0006
13.0078
24.0144
34.0204
42.0252
43.0258
49.0294
55.033
57.0342
54.0324
48.0288
44.0264
37.0222
31.0186
29.0174
33.0198
38.0228
56.0336
77.0462
92.0552
108.065
125.075
135.081
143.086
145.087
140.084
133.08
120.072
101.061
72.0432
42.0252
16.0096
-10.006
-30.018
-43.0258
-46.0276
-50.03
-45.027
-40.024
-37.0222
-34.0204
-32.0192
-33.0198
-39.0234
-46.0276
-60.036
-76.0456
-90.054
-102.061
-117.07
-127.076
-131.079
-140.084
-152.091
-159.095
-164.098
-165.099
-163.098
-154.092
-138.083
-129.077
-118.071
-110.066
-106.064
-103.062
-104.062
-105.063
-100.06
-88.0528
-82.0492
-82.0492
-83.0498
-82.0492
-77.0462
-68.0408
-52.0312
-35.021
-9.0054
16.0096
33.0198
48.0288
57.0342
62.0372
66.0396
67.0402
64.0384
67.0402
69.0414
74.0444
78.0468
75.045
78.0468
84.0504
86.0516
92.0552
101.061
108.065
115.069
117.07
115.069
114.068
114.068
118.071
122.073
120.072
121.073
114.068
104.062
99.0594
91.0546
87.0522
90.054
90.054
92.0552
95.057
96.0576
93.0558
83.0498
84.0504
88.0528
84.0504
76.0456
63.0378
49.0294
35.021
22.0132
12.0072
14.0084
17.0102
23.0138
30.018
32.0192
37.0222
37.0222
39.0234
37.0222
34.0204
35.021
34.0204
43.0258
51.0306
52.0312
57.0342
58.0348
54.0324
47.0282
33.0198
13.0078
-4.0024
-24.0144
-41.0246
-55.033
-62.0372
-61.0366
-58.0348
-51.0306
-51.0306
-55.033
-60.036
-76.0456
-89.0534
-101.061
-118.071
-131.079
-140.084
-148.089
-154.092
-164.098
-173.104
-176.106
-183.11
-186.112
-190.114
-192.115
-189.113
-188.113
-181.109
-170.102
-158.095
-143.086
-125.075
-108.065
-98.0588
-89.0534
-82.0492
-75.045
-63.0378
-53.0318
-38.0228
-22.0132
-7.0042
4.0024
14.0084
22.0132
30.018
38.0228
42.0252
49.0294
51.0306
55.033
61.0366
66.0396
72.0432
74.0444
77.0462
79.0474
79.0474
77.0462
77.0462
69.0414
64.0384
60.036
56.0336
53.0318
52.0312
45.027
43.0258
44.0264
39.0234
38.0228
36.0216
35.021
33.0198
35.021
38.0228
42.0252
48.0288
48.0288
53.0318
60.036
70.042
74.0444
78.0468
84.0504
84.0504
85.051
81.0486
73.0438
67.0402
64.0384
56.0336
50.03
50.03
47.0282
48.0288
53.0318
55.033
59.0354
64.0384
65.039
58.0348
53.0318
43.0258
27.0162
17.0102
3.0018
-13.0078
-22.0132
-31.0186
-41.0246
-47.0282
-49.0294
-54.0324
-62.0372
-64.0384
-70.042
-73.0438
-72.0432
-70.042
-70.042
-67.0402
-63.0378
-63.0378
-61.0366
-60.036
-67.0402
-66.0396
-64.0384
-63.0378
-56.0336
-45.027
-32.0192
-22.0132
-12.0072
-3.0018
0
7.0042
11.0066
11.0066
11.0066
11.0066
9.0054
7.0042
2.0012
0
-3.0018
-6.0036
-4.0024
-1.0006
6.0036
14.0084
21.0126
21.0126
22.0132
23.0138
20.012
18.0108
17.0102
17.0102
19.0114
22.0132
27.0162
30.018
28.0168
27.0162
19.0114
16.0096
18.0108
18.0108
16.0096
17.0102
18.0108
17.0102
16.0096
13.0078
8.0048
2.0012
-2.0012
-3.0018
-4.0024
-3.0018
3.0018
3.0018
3.0018
6.0036
3.0018
0
-2.0012
-7.0042
-8.0048
-6.0036
-7.0042
-9.0054
-14.0084
-16.0096
-17.0102
-20.012
-17.0102
-20.012
-26.0156
-36.0216
-47.0282
-57.0342
-65.039
-67.0402
-70.042
-68.0408
-74.0444
-77.0462
-80.048
-91.0546
-96.0576
-100.06
-99.0594
-92.0552
-86.0516
-77.0462
-70.042
-63.0378
-60.036
-55.033
-46.0276
-34.0204
-22.0132
-8.0048
3.0018
13.0078
28.0168
41.0246
54.0324
67.0402
73.0438
81.0486
87.0522
94.0564
102.061
108.065
110.066
108.065
104.062
100.06
100.06
102.061
104.062
102.061
97.0582
89.0534
79.0474
74.0444
71.0426
73.0438
82.0492
82.0492
77.0462
70.042
60.036
45.027
33.0198
25.015
18.0108
13.0078
5.003
-6.0036
-21.0126
-34.0204
-44.0264
-54.0324
-57.0342
-62.0372
-66.0396
-72.0432
-83.0498
-89.0534
-92.0552
-86.0516
-83.0498
-77.0462
-70.042
-68.0408
-64.0384
-57.0342
-48.0288
-42.0252
-33.0198
-27.0162
-20.012
-13.0078
-11.0066
-5.003
1.0006
3.0018
6.0036
6.0036
10.006
14.0084
22.0132
29.0174
38.0228
45.027
52.0312
56.0336
54.0324
53.0318
55.033
51.0306
49.0294
46.0276
39.0234
32.0192
21.0126
14.0084
7.0042
-2.0012
-10.006
-24.0144
-37.0222
-49.0294
-52.0312
-55.033
-57.0342
-53.0318
-53.0318
-60.036
-58.0348
-59.0354
-63.0378
-56.0336
-47.0282
-37.0222
-29.0174
-25.015
-19.0114
-14.0084
-4.0024
3.0018
13.0078
20.012
22.0132
26.0156
21.0126
13.0078
7.0042
5.003
3.0018
5.003
7.0042
13.0078
20.012
30.018
40.024
51.0306
60.036
61.0366
60.036
59.0354
54.0324
50.03
41.0246
31.0186
21.0126
6.0036
-4.0024
-17.0102
-28.0168
-28.0168
-26.0156
-25.015
-21.0126
-22.0132
-22.0132
-20.012
-23.0138
-24.0144
-27.0162
-27.0162
-26.0156
-30.018
-33.0198
-37.0222
-32.0192
-28.0168
-24.0144
-20.012
-20.012
-17.0102
-15.009
-16.0096
-15.009
-12.0072
-13.0078
-18.0108
-29.0174
-35.021
-42.0252
-40.024
-35.021
-35.021
-31.0186
-24.0144
-14.0084
-13.0078
-4.0024
11.0066
21.0126
31.0186
40.024
40.024
38.0228
39.0234
40.024
33.0198
26.0156
24.0144
15.009
13.0078
15.009
15.009
22.0132
32.0192
46.0276
56.0336
60.036
63.0378
72.0432
76.0456
77.0462
77.0462
73.0438
72.0432
71.0426
64.0384
53.0318
42.0252
38.0228
36.0216
35.021
38.0228
38.0228
32.0192
35.021
31.0186
25.015
16.0096
12.0072
10.006
5.003
4.0024
0
-4.0024
-5.003
-12.0072
-22.0132
-29.0174
-31.0186
-31.0186
-26.0156
-24.0144
-23.0138
-22.0132
-26.0156
-32.0192
-38.0228
-42.0252
-44.0264
-41.0246
-41.0246
-52.0312
-65.039
-76.0456
-88.0528
-88.0528
-91.0546
-94.0564
-90.054
-82.0492
-74.0444
-65.039
-58.0348
-53.0318
-48.0288
-43.0258
-39.0234
-37.0222
-37.0222
-42.0252
-43.0258
-39.0234
-36.0216
-31.0186
-21.0126
-14.0084
-11.0066
-6.0036
-11.0066
-12.0072
-10.006
-11.0066
-19.0114
-25.015
-30.018
-43.0258
-51.0306
-58.0348
-64.0384
-67.0402
-65.039
-55.033
-46.0276
-40.024
-40.024
-34.0204
-29.0174
-21.0126
-12.0072
-2.0012
10.006
24.0144
34.0204
38.0228
44.0264
51.0306
58.0348
68.0408
74.0444
80.048
79.0474
79.0474
79.0474
72.0432
68.0408
66.0396
71.0426
71.0426
73.0438
73.0438
73.0438
82.0492
84.0504
85.051
85.051
85.051
85.051
82.0492
83.0498
79.0474
79.0474
84.0504
83.0498
78.0468
76.0456
74.0444
75.045
76.0456
70.042
66.0396
66.0396
62.0372
55.033
42.0252
31.0186
25.015
14.0084
3.0018
-4.0024
-12.0072
-14.0084
-15.009
-17.0102
-20.012
-26.0156
-31.0186
-31.0186
-33.0198
-36.0216
-39.0234
-38.0228
-37.0222
-38.0228
-42.0252
-42.0252
-45.027
-46.0276
-47.0282
-54.0324
-47.0282
-42.0252
-40.024
-35.021
-36.0216
-41.0246
-50.03
-58.0348
-66.0396
-72.0432
-74.0444
-70.042
-62.0372
-58.0348
-54.0324
-54.0324
-51.0306
-47.0282
-54.0324
-60.036
-59.0354
-56.0336
-53.0318
-51.0306
-49.0294
-41.0246
-34.0204
-23.0138
-19.0114
-17.0102
-9.0054
-5.003
-8.0048
-11.0066
-16.0096
-19.0114
-22.0132
-22.0132
-22.0132
-17.0102
-11.0066
-5.003
1.0006
3.0018
6.0036
3.0018
-1.0006
-3.0018
-2.0012
2.0012
13.0078
20.012
30.018
39.0234
45.027
48.0288
46.0276
46.0276
43.0258
40.024
36.0216
33.0198
29.0174
29.0174
28.0168
27.0162
30.018
31.0186
30.018
34.0204
34.0204
34.0204
30.018
24.0144
19.0114
17.0102
17.0102
9.0054
7.0042
3.0018
0
-5.003
-4.0024
0
6.0036
9.0054
11.0066
13.0078
10.006
10.006
10.006
11.0066
12.0072
17.0102
23.0138
27.0162
29.0174
27.0162
19.0114
9.0054
-4.0024
-14.0084
-22.0132
-29.0174
-32.0192
-32.0192
-28.0168
-21.0126
-16.0096
-11.0066
-9.0054
-10.006
-10.006
-12.0072
-16.0096
-22.0132
-28.0168
-33.0198
-37.0222
-38.0228
-39.0234
-38.0228
-37.0222
-35.021
-33.0198
-29.0174
-20.012
-8.0048
4.0024
17.0102
27.0162
33.0198
32.0192
29.0174
20.012
13.0078
9.0054
9.0054
18.0108
29.0174
41.0246
56.0336
66.0396
71.0426
72.0432
68.0408
69.0414
65.039
64.0384
61.0366
56.0336
52.0312
50.03
45.027
38.0228
29.0174
16.0096
10.006
5.003
0
3.0018
4.0024
3.0018
2.0012
-2.0012
-7.0042
-11.0066
-24.0144
-37.0222
-48.0288
-55.033
-52.0312
-56.0336
-52.0312
-44.0264
-40.024
-36.0216
-39.0234
-40.024
-48.0288
-60.036
-68.0408
-75.045
-79.0474
-79.0474
-82.0492
-85.051
-82.0492
-77.0462
-68.0408
-60.036
-51.0306
-42.0252
-29.0174
-22.0132
-20.012
-21.0126
-26.0156
-40.024
-49.0294
-57.0342
-64.0384
-66.0396
-70.042
-68.0408
-58.0348
-49.0294
-40.024
-30.018
-22.0132
-18.0108
-18.0108
-18.0108
-16.0096
-13.0078
-15.009
-21.0126
-25.015
-25.015
-21.0126
-17.0102
-15.009
-6.0036
4.0024
14.0084
23.0138
33.0198
46.0276
48.0288
53.0318
65.039
72.0432
81.0486
82.0492
84.0504
90.054
95.057
108.065
119.071
123.074
130.078
137.082
144.086
148.089
148.089
148.089
146.088
136.082
131.079
131.079
133.08
130.078
124.074
125.075
124.074
120.072
116.07
116.07
116.07
109.065
102.061
95.057
83.0498
67.0402
53.0318
35.021
17.0102
1.0006
-16.0096
-34.0204
-56.0336
-70.042
-81.0486
-92.0552
-103.062
-113.068
-121.073
-133.08
-146.088
-154.092
-164.098
-171.103
-175.105
-177.106
-181.109
-184.11
-183.11
-180.108
-177.106
-175.105
-171.103
-160.096
-148.089
-132.079
-113.068
-94.0564
-77.0462
-65.039
-52.0312
-44.0264
-42.0252
-42.0252
-43.0258
-40.024
-43.0258
-44.0264
-37.0222
-32.0192
-27.0162
-15.009
-4.0024
10.006
28.0168
46.0276
63.0378
72.0432
81.0486
89.0534
90.054
87.0522
79.0474
67.0402
58.0348
51.0306
47.0282
50.03
51.0306
56.0336
64.0384
76.0456
87.0522
92.0552
94.0564
96.0576
97.0582
95.057
92.0552
76.0456
60.036
46.0276
34.0204
22.0132
12.0072
6.0036
3.0018
6.0036
7.0042
8.0048
6.0036
1.0006
-5.003
-13.0078
-18.0108
-28.0168
-34.0204
-31.0186
-25.015
-17.0102
-15.009
-15.009
-17.0102
-22.0132
-25.015
-35.021
-44.0264
-47.0282
-48.0288
-44.0264
-36.0216
-29.0174
-20.012
-14.0084
-6.0036
0
4.0024
5.003
9.0054
13.0078
17.0102
19.0114
17.0102
15.009
14.0084
15.009
11.0066
8.0048
10.006
13.0078
19.0114
26.0156
30.018
30.018
32.0192
34.0204
32.0192
31.0186
25.015
24.0144
21.0126
20.012
25.015
26.0156
36.0216
41.0246
49.0294
54.0324
47.0282
38.0228
25.015
16.0096
5.003
-4.0024
-9.0054
-11.0066
-7.0042
-5.003
-5.003
-10.006
-17.0102
-29.0174
-43.0258
-51.0306
-60.036
-63.0378
-59.0354
-53.0318
-48.0288
-45.027
-46.0276
-46.0276
-40.024
-40.024
-40.024
-43.0258
-44.0264
-41.0246
-39.0234
-30.018
-25.015
-23.0138
-19.0114
-13.0078
-6.0036
2.0012
13.0078
25.015
37.0222
46.0276
53.0318
57.0342
56.0336
53.0318
48.0288
39.0234
32.0192
24.0144
19.0114
21.0126
16.0096
13.0078
10.006
2.0012
-4.0024
-11.0066
-14.0084
-20.012
-23.0138
-27.0162
-30.018
-25.015
-29.0174
-28.0168
-29.0174
-29.0174
-29.0174
-34.0204
-36.0216
-36.0216
-37.0222
-38.0228
-37.0222
-34.0204
-31.0186
-27.0162
-23.0138
-17.0102
-10.006
-3.0018
6.0036
18.0108
26.0156
38.0228
43.0258
49.0294
54.0324
50.03
49.0294
44.0264
44.0264
48.0288
46.0276
46.0276
47.0282
46.0276
43.0258
40.024
36.0216
37.0222
31.0186
30.018
33.0198
31.0186
33.0198
28.0168
22.0132
19.0114
11.0066
1.0006
-4.0024
-8.0048
-12.0072
-15.009
-24.0144
-21.0126
-19.0114
-23.0138
-27.0162
-37.0222
-39.0234
-45.027
-49.0294
-48.0288
-49.0294
-44.0264
-40.024
-34.0204
-27.0162
-24.0144
-22.0132
-19.0114
-17.0102
-19.0114
-19.0114
-23.0138
-20.012
-20.012
-22.0132
-17.0102
-13.0078
-4.0024
2.0012
2.0012
2.0012
4.0024
3.0018
7.0042
12.0072
13.0078
18.0108
19.0114
24.0144
27.0162
30.018
32.0192
33.0198
32.0192
31.0186
34.0204
33.0198
35.021
36.0216
32.0192
24.0144
11.0066
-3.0018
-16.0096
