SAMPLES: 8099
BITSPERSAMPLE:	16
CHANNELS:	1
SAMPLERATE:	16000
NORMALIZED:	FALSE
-4.93421
-4.93421
-4.93421
-3.28947
-1.64474
1.64474
1.64474
3.28947
0
-4.93421
-3.28947
-3.28947
-4.93421
-4.93421
-6.57895
-4.93421
-6.57895
-6.57895
-4.93421
-4.93421
-4.93421
-4.93421
-1.64474
1.64474
3.28947
6.57895
4.93421
3.28947
4.93421
3.28947
0
0
1.64474
3.28947
6.57895
8.22368
8.22368
6.57895
6.57895
3.28947
4.93421
4.93421
4.93421
3.28947
1.64474
-1.64474
-3.28947
-4.93421
-6.57895
-4.93421
-4.93421
-6.57895
-4.93421
-6.57895
-4.93421
-6.57895
-6.57895
-4.93421
-4.93421
-3.28947
-3.28947
-3.28947
-4.93421
-6.57895
-6.57895
-8.22368
-11.5132
-9.86842
-11.5132
-9.86842
-9.86842
-11.5132
-11.5132
-13.1579
-11.5132
-8.22368
-8.22368
-4.93421
-3.28947
0
3.28947
4.93421
4.93421
4.93421
4.93421
6.57895
4.93421
8.22368
6.57895
6.57895
8.22368
9.86842
11.5132
9.86842
11.5132
11.5132
11.5132
13.1579
11.5132
11.5132
14.8026
14.8026
13.1579
14.8026
16.4474
16.4474
16.4474
16.4474
14.8026
14.8026
13.1579
13.1579
11.5132
9.86842
8.22368
4.93421
4.93421
3.28947
1.64474
0
-1.64474
-1.64474
-1.64474
-4.93421
-3.28947
-4.93421
-6.57895
-6.57895
-6.57895
-6.57895
-6.57895
-8.22368
-9.86842
-8.22368
-8.22368
-9.86842
-6.57895
-6.57895
-6.57895
-6.57895
-8.22368
-9.86842
-9.86842
-11.5132
-13.1579
-13.1579
-11.5132
-13.1579
-13.1579
-13.1579
-11.5132
-9.86842
-11.5132
-6.57895
-6.57895
-6.57895
-6.57895
-6.57895
-4.93421
-4.93421
-6.57895
-6.57895
-9.86842
-6.57895
-4.93421
-3.28947
1.64474
1.64474
3.28947
3.28947
4.93421
4.93421
6.57895
4.93421
4.93421
4.93421
4.93421
6.57895
6.57895
9.86842
9.86842
8.22368
8.22368
9.86842
11.5132
11.5132
13.1579
14.8026
14.8026
13.1579
14.8026
13.1579
11.5132
14.8026
14.8026
14.8026
14.8026
9.86842
9.86842
9.86842
9.86842
9.86842
9.86842
8.22368
6.57895
4.93421
1.64474
0
-3.28947
-3.28947
-6.57895
-11.5132
-9.86842
-13.1579
-13.1579
-11.5132
-14.8026
-18.0921
-18.0921
-21.3816
-24.6711
-26.3158
-27.9605
-31.25
-32.8947
-36.1842
-37.8289
-37.8289
-37.8289
-34.5395
-32.8947
-31.25
-27.9605
-24.6711
-21.3816
-18.0921
-14.8026
-8.22368
-4.93421
-4.93421
-3.28947
-1.64474
1.64474
1.64474
4.93421
4.93421
8.22368
11.5132
11.5132
14.8026
21.3816
23.0263
26.3158
27.9605
31.25
36.1842
42.7632
47.6974
52.6316
55.9211
57.5658
57.5658
59.2105
62.5
60.8553
62.5
64.1447
62.5
64.1447
65.7895
69.0789
72.3684
70.7237
69.0789
67.4342
60.8553
57.5658
52.6316
46.0526
44.4079
41.1184
32.8947
26.3158
18.0921
6.57895
-1.64474
-14.8026
-24.6711
-37.8289
-54.2763
-65.7895
-78.9474
-90.4605
-100.329
-110.197
-116.776
-125
-133.224
-133.224
-138.158
-138.158
-134.868
-131.579
-129.934
-129.934
-129.934
-125
-123.355
-120.066
-115.132
-106.908
-97.0395
-88.8158
-80.5921
-70.7237
-60.8553
-52.6316
-44.4079
-32.8947
-23.0263
-14.8026
-6.57895
0
8.22368
14.8026
21.3816
24.6711
31.25
37.8289
41.1184
49.3421
57.5658
69.0789
83.8816
103.618
120.066
136.513
157.895
175.987
195.724
217.105
230.263
241.776
251.645
256.579
256.579
250
246.711
241.776
238.487
236.842
230.263
223.684
217.105
207.237
195.724
179.276
156.25
123.355
85.5263
42.7632
-3.28947
-46.0526
-88.8158
-126.645
-156.25
-180.921
-199.013
-215.461
-223.684
-223.684
-223.684
-215.461
-213.816
-215.461
-217.105
-225.329
-231.908
-241.776
-253.289
-259.868
-261.513
-259.868
-254.934
-253.289
-245.066
-231.908
-218.75
-205.592
-197.368
-199.013
-210.526
-226.974
-245.066
-259.868
-268.092
-266.447
-263.158
-263.158
-256.579
-245.066
-222.039
-199.013
-172.697
-146.382
-123.355
-108.553
-98.6842
-85.5263
-67.4342
-42.7632
-6.57895
49.3421
118.421
197.368
286.184
388.158
491.776
598.684
694.079
779.605
848.684
881.579
886.513
871.711
842.105
807.566
763.158
718.75
680.921
641.447
605.263
580.592
554.276
523.026
480.263
421.053
333.882
228.618
101.974
-36.1842
-177.632
-317.434
-444.079
-557.566
-643.092
-694.079
-702.303
-679.276
-623.355
-546.053
-463.816
-383.224
-312.5
-248.355
-187.5
-144.737
-115.132
-95.3947
-77.3026
-52.6316
-9.86842
37.8289
92.1053
143.092
185.855
217.105
228.618
208.882
162.829
88.8158
-14.8026
-141.447
-274.671
-404.605
-516.447
-606.908
-667.763
-699.013
-705.592
-690.789
-654.605
-606.908
-559.211
-529.605
-516.447
-516.447
-523.026
-532.895
-547.697
-557.566
-562.5
-555.921
-524.671
-467.105
-375
-253.289
-120.066
4.93421
105.263
182.566
245.066
273.026
259.868
205.592
120.066
18.0921
-78.9474
-149.671
-154.605
-92.1053
26.3158
182.566
373.355
588.816
791.118
962.171
1118.42
1273.03
1371.71
1371.71
1294.41
1185.86
1037.83
853.618
695.724
608.553
574.013
542.763
527.961
575.658
661.184
730.263
771.382
784.539
741.776
592.105
348.684
60.8553
-217.105
-498.355
-777.961
-986.842
-1090.46
-1115.13
-1095.39
-1003.29
-809.211
-580.592
-389.803
-228.618
-67.4342
70.7237
136.513
141.447
116.776
50.9868
-55.9211
-166.118
-226.974
-225.329
-177.632
-110.197
-13.1579
108.553
235.197
348.684
463.816
577.303
636.513
610.197
518.092
409.539
294.408
157.895
4.93421
-111.842
-205.592
-314.145
-450.658
-549.342
-585.526
-615.132
-654.605
-687.5
-700.658
-726.974
-784.539
-843.75
-868.421
-884.868
-930.921
-998.355
-1039.47
-1024.67
-983.553
-935.855
-853.618
-745.066
-633.224
-537.829
-455.592
-361.842
-273.026
-235.197
-236.842
-231.908
-228.618
-251.645
-289.474
-330.592
-378.289
-429.276
-480.263
-523.026
-539.474
-539.474
-542.763
-549.342
-539.474
-501.645
-432.566
-289.474
-55.9211
256.579
550.987
794.408
1050.99
1353.62
1671.05
1935.86
2167.76
2411.18
2547.7
2493.42
2324.01
2208.88
2185.86
2141.45
2060.86
2023.03
2021.38
1990.13
1916.12
1876.64
1907.89
1865.13
1626.64
1251.64
851.974
463.816
37.8289
-394.737
-717.105
-978.618
-1277.96
-1555.92
-1662.83
-1565.79
-1407.89
-1268.09
-1106.91
-934.211
-766.447
-611.842
-501.645
-412.829
-388.158
-472.039
-595.395
-707.237
-746.711
-710.526
-648.026
-555.921
-480.263
-444.079
-417.763
-365.132
-292.763
-269.737
-322.368
-429.276
-557.566
-684.211
-782.895
-845.395
-889.803
-945.724
-998.355
-980.263
-893.092
-774.671
-615.132
-455.592
-343.75
-302.632
-324.013
-315.789
-248.355
-207.237
-238.487
-322.368
-389.803
-435.855
-444.079
-391.447
-291.118
-194.079
-174.342
-194.079
-184.211
-131.579
-82.2368
-80.5921
-115.132
-182.566
-264.803
-338.816
-365.132
-347.039
-330.592
-327.303
-332.237
-333.882
-325.658
-286.184
-225.329
-180.921
-180.921
-238.487
-315.789
-378.289
-396.382
-407.895
-435.855
-470.395
-452.303
-340.461
-139.803
167.763
569.079
1013.16
1401.32
1746.71
2128.29
2539.47
2884.87
3097.04
3223.68
3289.47
3208.88
2962.17
2700.66
2531.25
2394.74
2190.79
1970.39
1845.39
1794.41
1705.59
1570.72
1483.55
1394.74
1141.45
697.368
205.592
-225.329
-677.632
-1197.37
-1684.21
-2039.47
-2310.86
-2555.92
-2672.7
-2569.08
-2322.37
-2074.01
-1835.53
-1547.7
-1228.62
-980.263
-827.303
-707.237
-634.868
-669.408
-784.539
-883.224
-919.408
-935.855
-932.566
-883.224
-804.276
-730.263
-649.671
-519.737
-351.974
-230.263
-202.303
-218.75
-236.842
-266.447
-330.592
-371.711
-358.553
-345.395
-360.197
-378.289
-319.079
-175.987
-41.1184
34.5395
106.908
182.566
222.039
202.303
177.632
203.947
238.487
208.882
133.224
101.974
126.645
146.382
143.092
172.697
212.171
207.237
167.763
156.25
203.947
236.842
187.5
88.8158
-6.57895
-83.8816
-159.539
-228.618
-296.053
-351.974
-419.408
-500
-544.408
-547.697
-521.382
-523.026
-564.145
-613.487
-648.026
-684.211
-746.711
-828.947
-891.447
-972.039
-1057.57
-1037.83
-873.355
-644.737
-370.066
8.22368
481.908
942.434
1343.75
1786.18
2304.28
2741.78
2988.49
3087.17
3151.32
3144.74
2944.08
2644.74
2427.63
2274.67
2064.14
1820.72
1707.24
1751.64
1751.64
1649.67
1569.08
1519.74
1355.26
975.329
509.868
83.8816
-383.224
-981.908
-1592.11
-2003.29
-2268.09
-2539.47
-2735.2
-2713.82
-2500
-2266.45
-2041.12
-1722.04
-1340.46
-1021.38
-825.658
-671.053
-544.408
-531.25
-618.421
-728.618
-802.632
-856.908
-930.921
-940.789
-876.645
-796.053
-725.329
-631.579
-468.75
-348.684
-302.632
-259.868
-180.921
-101.974
-92.1053
-69.0789
-13.1579
34.5395
55.9211
62.5
120.066
202.303
250
296.053
378.289
445.724
424.342
355.263
345.395
368.421
335.526
245.066
199.013
199.013
171.053
116.776
90.4605
129.934
148.026
88.8158
27.9605
-1.64474
-31.25
-103.618
-182.566
-222.039
-241.776
-268.092
-300.987
-327.303
-343.75
-396.382
-453.947
-473.684
-468.75
-508.224
-582.237
-616.776
-631.579
-659.539
-707.237
-746.711
-761.513
-794.408
-865.132
-975.329
-1057.57
-1116.78
-1136.51
-1044.41
-822.368
-526.316
-218.75
146.382
648.026
1213.82
1702.3
2167.76
2690.79
3205.59
3546.05
3661.18
3692.43
3708.88
3597.04
3271.38
2898.03
2644.74
2432.57
2154.61
1904.61
1840.46
1884.87
1822.37
1677.63
1559.21
1434.21
1144.74
646.382
120.066
-368.421
-939.145
-1610.2
-2213.82
-2616.78
-2927.63
-3212.17
-3343.75
-3258.22
-3001.64
-2730.26
-2424.34
-2019.74
-1621.71
-1350.33
-1210.53
-1090.46
-981.908
-976.974
-1060.86
-1148.03
-1207.24
-1271.38
-1337.17
-1317.43
-1218.75
-1110.2
-981.908
-809.211
-585.526
-398.026
-253.289
-78.9474
118.421
304.276
445.724
574.013
695.724
768.092
804.276
812.5
812.5
797.697
738.487
684.211
616.776
523.026
406.25
304.276
238.487
154.605
55.9211
-8.22368
-21.3816
-23.0263
-41.1184
-34.5395
-27.9605
-47.6974
-106.908
-200.658
-261.513
-304.276
-363.487
-417.763
-430.921
-419.408
-417.763
-394.737
-315.789
-210.526
-136.513
-98.6842
-41.1184
24.6711
13.1579
-47.6974
-106.908
-159.539
-261.513
-434.211
-582.237
-687.5
-814.145
-975.329
-1115.13
-1171.05
-1172.7
-1138.16
-1006.58
-741.776
-402.961
-42.7632
379.934
899.671
1412.83
1865.13
2287.83
2726.97
3090.46
3238.49
3245.07
3228.62
3162.83
2972.04
2690.79
2491.78
2398.03
2312.5
2212.17
2177.63
2261.51
2299.34
2208.88
2070.72
1907.89
1638.16
1167.76
590.461
55.9211
-526.316
-1182.57
-1815.79
-2289.47
-2588.82
-2825.66
-2944.08
-2870.07
-2644.74
-2371.71
-2103.62
-1792.76
-1457.24
-1213.82
-1088.82
-1047.7
-1047.7
-1149.67
-1338.82
-1550.99
-1717.11
-1800.99
-1889.8
-1921.05
-1804.28
-1641.45
-1465.46
-1238.49
-944.079
-656.25
-439.145
-223.684
19.7368
205.592
307.566
368.421
419.408
473.684
470.395
419.408
407.895
429.276
383.224
284.539
208.882
182.566
139.803
26.3158
-9.86842
41.1184
32.8947
-23.0263
-24.6711
26.3158
54.2763
13.1579
-18.0921
13.1579
24.6711
-9.86842
-55.9211
-34.5395
23.0263
6.57895
-13.1579
64.1447
184.211
248.355
282.895
324.013
366.776
365.132
281.25
195.724
116.776
-19.7368
-213.816
-398.026
-559.211
-741.776
-940.789
-1085.53
-1164.47
-1218.75
-1251.64
-1264.8
-1222.04
-1100.33
-907.895
-605.263
-208.882
238.487
710.526
1202.3
1687.5
2148.03
2565.79
2960.53
3335.53
3577.3
3648.03
3587.17
3476.97
3304.28
3070.72
2870.07
2697.37
2503.29
2291.12
2134.87
2041.12
1970.39
1863.49
1662.83
1384.87
1009.87
491.776
-90.4605
-646.382
-1195.72
-1786.18
-2373.36
-2848.68
-3175.99
-3384.87
-3462.17
-3376.64
-3171.05
-2904.61
-2621.71
-2314.14
-1973.68
-1643.09
-1384.87
-1223.68
-1146.38
-1139.8
-1192.43
-1269.74
-1325.66
-1375
-1424.34
-1439.14
-1386.51
-1238.49
-1031.25
-799.342
-574.013
-333.882
-75.6579
161.184
379.934
611.842
832.237
958.882
978.618
939.145
904.605
891.447
870.066
802.632
685.855
578.947
481.908
411.184
411.184
488.487
580.592
613.487
608.553
610.197
621.711
616.776
585.526
518.092
412.829
251.645
70.7237
-69.0789
-151.316
-212.171
-281.25
-312.5
-271.382
-189.145
-113.487
-8.22368
138.158
243.421
253.289
189.145
105.263
-1.64474
-172.697
-412.829
-694.079
-988.487
-1263.16
-1518.09
-1725.33
-1873.36
-1990.13
-2062.5
-2065.79
-1957.24
-1728.62
-1393.09
-953.947
-467.105
-6.57895
427.632
870.066
1333.88
1782.89
2177.63
2506.58
2741.78
2866.78
2865.13
2804.28
2750
2707.24
2667.76
2601.97
2518.09
2463.82
2444.08
2470.39
2514.8
2503.29
2393.09
2139.8
1758.22
1282.89
717.105
106.908
-524.671
-1162.83
-1776.32
-2347.04
-2784.54
-3047.7
-3154.61
-3101.97
-2953.95
-2736.84
-2437.5
-2072.37
-1684.21
-1314.14
-998.355
-799.342
-708.882
-717.105
-784.539
-855.263
-930.921
-1032.89
-1177.63
-1332.24
-1425.99
-1422.7
-1325.66
-1172.7
-993.421
-754.934
-455.592
-161.184
133.224
435.855
725.329
958.882
1067.43
1105.26
1121.71
1097.04
1042.76
947.368
817.434
685.855
550.987
467.105
463.816
509.868
564.145
610.197
649.671
679.276
690.789
682.566
652.961
587.171
437.5
215.461
-11.5132
-210.526
-396.382
-583.882
-718.75
-789.474
-810.855
-782.895
-682.566
-509.868
-309.211
-157.895
-67.4342
4.93421
44.4079
29.6053
-47.6974
-184.211
-393.092
-687.5
-1013.16
-1294.41
-1501.64
-1671.05
-1814.14
-1906.25
-1947.37
-1922.7
-1763.16
-1414.47
-912.829
-396.382
69.0789
537.829
1042.76
1546.05
1980.26
2393.09
2789.47
3059.21
3134.87
3074.01
3006.58
2996.71
2981.91
2947.37
2912.83
2873.36
2817.43
2773.03
2850.33
2995.07
3041.12
2906.25
2595.39
2185.86
1674.34
1052.63
409.539
-212.171
-875
-1648.03
-2383.22
-2884.87
-3177.63
-3348.68
-3429.28
-3360.2
-3169.41
-2944.08
-2661.18
-2292.76
-1914.47
-1651.32
-1514.8
-1442.43
-1409.54
-1417.76
-1457.24
-1518.09
-1605.26
-1751.64
-1914.47
-1981.91
-1916.12
-1771.38
-1601.97
-1429.28
-1218.75
-960.526
-664.474
-305.921
98.6842
467.105
703.947
815.789
902.961
958.882
1000
993.421
912.829
779.605
585.526
422.697
360.197
351.974
401.316
458.882
498.355
552.632
606.908
689.145
787.829
860.197
842.105
695.724
504.934
343.75
194.079
36.1842
-100.329
-207.237
-296.053
-360.197
-317.434
-177.632
-4.93421
162.829
307.566
398.026
440.789
480.263
496.711
434.211
248.355
-47.6974
-378.289
-677.632
-962.171
-1254.93
-1501.64
-1680.92
-1807.57
-1853.62
-1672.7
-1223.68
-733.553
-317.434
156.25
738.487
1304.28
1763.16
2226.97
2740.13
3111.84
3143.09
2937.5
2761.51
2666.12
2546.05
2366.78
2223.68
2174.34
2143.09
2106.91
2233.55
2536.18
2773.03
2766.45
2588.82
2379.93
2077.3
1595.39
1044.41
506.579
-136.513
-973.684
-1824.01
-2437.5
-2824.01
-3138.16
-3383.22
-3437.5
-3304.28
-3070.72
-2766.45
-2337.17
-1830.59
-1424.34
-1200.66
-1095.39
-1023.03
-975.329
-998.355
-1087.17
-1251.64
-1521.38
-1843.75
-2090.46
-2185.86
-2185.86
-2149.67
-2088.82
-1965.46
-1773.03
-1508.22
-1125
-634.868
-179.276
123.355
328.947
546.053
758.224
888.158
927.632
935.855
916.118
797.697
616.776
509.868
498.355
488.487
421.053
401.316
480.263
574.013
654.605
776.316
940.789
1029.61
968.75
837.171
743.421
695.724
575.658
363.487
148.026
-83.8816
-315.789
-470.395
-521.382
-478.618
-449.013
-453.947
-419.408
-330.592
-226.974
-167.763
-157.895
-195.724
-319.079
-485.197
-684.211
-909.539
-1125
-1363.49
-1610.2
-1720.39
-1603.62
-1310.86
-962.171
-580.592
-103.618
457.237
1000
1501.64
2052.63
2664.47
3129.93
3281.25
3192.43
3069.08
3006.58
2917.76
2786.18
2671.05
2549.34
2386.51
2241.78
2241.78
2424.34
2585.53
2583.88
2480.26
2333.88
2075.66
1690.79
1314.14
953.947
449.013
-266.447
-1023.03
-1608.55
-2014.8
-2370.07
-2672.7
-2855.26
-2927.63
-2939.14
-2837.17
-2565.79
-2185.86
-1856.91
-1654.61
-1519.74
-1381.58
-1266.45
-1171.05
-1098.68
-1098.68
-1238.49
-1493.42
-1702.3
-1791.12
-1856.91
-1965.46
-2037.83
-2008.22
-1942.43
-1870.07
-1675.99
-1286.18
-856.908
-572.368
-398.026
-164.474
136.513
399.671
598.684
725.329
758.224
690.789
583.882
514.803
496.711
457.237
384.868
315.789
286.184
279.605
343.75
527.961
761.513
950.658
1031.25
1070.72
1118.42
1134.87
1075.66
939.145
751.645
529.605
277.961
36.1842
-159.539
-282.895
-343.75
-401.316
-457.237
-483.553
-473.684
-463.816
-435.855
-398.026
-411.184
-486.842
-597.039
-707.237
-842.105
-1019.74
-1134.87
-1098.68
-927.632
-713.816
-518.092
-226.974
195.724
636.513
1065.79
1537.83
2064.14
2500
2695.72
2707.24
2666.12
2638.16
2585.53
2478.62
2386.51
2264.8
2108.55
1990.13
1978.62
2069.08
2120.07
2041.12
1881.58
1675.99
1389.8
1026.32
682.566
402.961
42.7632
-468.75
-998.355
-1391.45
-1638.16
-1833.88
-1995.07
-2067.43
-2069.08
-2016.45
-1909.54
-1718.75
-1427.63
-1159.54
-1009.87
-925.987
-855.263
-781.25
-700.658
-605.263
-534.539
-575.658
-705.592
-825.658
-889.803
-970.395
-1121.71
-1268.09
-1360.2
-1467.11
-1578.95
-1606.91
-1501.64
-1337.17
-1212.17
-1149.67
-1090.46
-975.329
-815.789
-656.25
-524.671
-458.882
-445.724
-412.829
-345.395
-282.895
-231.908
-167.763
-77.3026
-1.64474
57.5658
149.671
279.605
427.632
547.697
606.908
654.605
702.303
718.75
718.75
702.303
646.382
569.079
495.066
417.763
345.395
276.316
222.039
184.211
123.355
44.4079
-34.5395
-110.197
-179.276
-274.671
-398.026
-519.737
-616.776
-679.276
-763.158
-889.803
-940.789
-814.145
-552.632
-282.895
-36.1842
276.316
685.855
1093.75
1457.24
1876.64
2386.51
2830.59
3050.99
3069.08
3041.12
3044.41
3034.54
3019.74
2991.78
2932.57
2804.28
2641.45
2574.01
2636.51
2656.25
2490.13
2208.88
1866.78
1404.61
840.461
286.184
-185.855
-651.316
-1245.07
-1866.78
-2317.43
-2592.11
-2764.8
-2875
-2879.93
-2754.93
-2578.95
-2386.51
-2128.29
-1817.43
-1564.14
-1425.99
-1383.22
-1358.55
-1315.79
-1273.03
-1212.17
-1157.89
-1177.63
-1256.58
-1287.83
-1208.88
-1105.26
-1049.34
-991.776
-902.961
-825.658
-782.895
-703.947
-544.408
-383.224
-322.368
-332.237
-337.171
-345.395
-358.553
-355.263
-373.355
-452.303
-603.618
-748.355
-759.868
-679.276
-613.487
-559.211
-437.5
-271.382
-115.132
41.1184
261.513
531.25
710.526
753.289
758.224
748.355
692.434
585.526
453.947
345.395
210.526
18.0921
-116.776
-141.447
-118.421
-77.3026
-13.1579
88.8158
182.566
226.974
220.395
187.5
106.908
-100.329
-412.829
-687.5
-899.671
-1157.89
-1411.18
-1455.59
-1223.68
-871.711
-550.987
-144.737
486.842
1177.63
1759.87
2287.83
2866.78
3453.95
3782.89
3763.16
3618.42
3509.87
3386.51
3202.3
3032.89
2937.5
2861.84
2735.2
2667.76
2789.47
2986.84
3036.18
2896.38
2657.89
2315.79
1779.61
1115.13
485.197
-129.934
-879.934
-1743.42
-2491.78
-3011.51
-3375
-3639.8
-3756.58
-3689.14
-3481.91
-3194.08
-2817.43
-2353.62
-1891.45
-1536.18
-1292.76
-1123.36
-1006.58
-942.434
-904.605
-878.289
-935.855
-1100.33
-1264.8
-1335.53
-1325.66
-1315.79
-1297.7
-1210.53
-1070.72
-925.987
-754.934
-493.421
-177.632
44.4079
133.224
210.526
269.737
253.289
157.895
23.0263
-138.158
-365.132
-646.382
-904.605
-1049.34
-1120.07
-1179.28
-1161.18
-1036.18
-828.947
-574.013
-286.184
59.2105
393.092
620.066
736.842
804.276
828.947
759.868
593.75
376.645
148.026
-92.1053
-319.079
-480.263
-560.855
-580.592
-534.539
-373.355
-171.053
-1.64474
131.579
233.553
305.921
263.158
72.3684
-166.118
-394.737
-700.658
-1088.82
-1337.17
-1282.89
-1069.08
-876.645
-625
-121.711
542.763
1151.32
1738.49
2458.88
3238.49
3792.76
3995.07
4014.8
4046.05
4027.96
3848.68
3611.84
3460.53
3302.63
3034.54
2804.28
2804.28
2973.68
3014.8
2871.71
2707.24
2541.12
2241.78
1794.41
1361.84
939.145
332.237
-475.329
-1274.67
-1896.38
-2414.47
-2907.89
-3294.41
-3506.58
-3577.3
-3555.92
-3419.41
-3123.36
-2720.39
-2342.11
-2039.47
-1774.67
-1539.47
-1325.66
-1151.32
-1057.57
-1082.24
-1250
-1450.66
-1559.21
-1613.49
-1707.24
-1833.88
-1893.09
-1878.29
-1820.72
-1675.99
-1365.13
-930.921
-542.763
-243.421
14.8026
271.382
465.461
531.25
506.579
398.026
162.829
-157.895
-475.329
-731.908
-950.658
-1156.25
-1299.34
-1332.24
-1226.97
-1001.64
-671.053
-264.803
161.184
544.408
860.197
1105.26
1268.09
1300.99
1180.92
967.105
677.632
319.079
-29.6053
-307.566
-531.25
-703.947
-779.605
-720.395
-578.947
-412.829
-207.237
6.57895
151.316
151.316
55.9211
-24.6711
-108.553
-327.303
-700.658
-975.329
-998.355
-937.5
-909.539
-743.421
-274.671
286.184
758.224
1286.18
2072.37
2962.17
3564.14
3828.95
3998.36
4192.43
4304.28
4251.64
4159.54
4106.91
3944.08
3578.95
3253.29
3218.75
3317.43
3240.13
2981.91
2717.11
2425.99
1995.07
1524.67
1180.92
853.618
302.632
-445.724
-1116.78
-1577.3
-1939.14
-2271.38
-2546.05
-2725.33
-2853.62
-2965.46
-2944.08
-2756.58
-2518.09
-2347.04
-2269.74
-2230.26
-2189.14
-2118.42
-1967.11
-1797.7
-1776.32
-1921.05
-2074.01
-2100.33
-2067.43
-2101.97
-2167.76
-2169.41
-2146.38
-2136.51
-2027.96
-1731.91
-1335.53
-1023.03
-791.118
-537.829
-276.316
-57.5658
121.711
273.026
343.75
243.421
4.93421
-238.487
-417.763
-583.882
-753.289
-868.421
-881.579
-792.763
-644.737
-399.671
-59.2105
282.895
597.039
886.513
1133.22
1291.12
1317.43
1243.42
1097.04
830.592
491.776
207.237
36.1842
-100.329
-254.934
-351.974
-327.303
-202.303
-52.6316
113.487
266.447
330.592
279.605
118.421
-64.1447
-223.684
-452.303
-774.671
-1031.25
-1052.63
-922.697
-858.553
-745.066
-330.592
273.026
786.184
1230.26
1865.13
2674.34
3296.05
3519.74
3544.41
3626.64
3703.95
3638.16
3500
3457.24
3444.08
3264.8
3016.45
2965.46
3092.11
3106.91
2896.38
2638.16
2389.8
2023.03
1527.96
1101.97
792.763
363.487
-277.961
-919.408
-1393.09
-1733.55
-2029.61
-2248.36
-2351.97
-2406.25
-2452.3
-2407.89
-2210.53
-1947.37
-1756.58
-1666.12
-1620.07
-1608.55
-1620.07
-1588.82
-1526.32
-1564.14
-1733.55
-1906.25
-1983.55
-2034.54
-2146.38
-2271.38
-2340.46
-2351.97
-2351.97
-2315.79
-2115.13
-1758.22
-1411.18
-1164.47
-940.789
-667.763
-394.737
-203.947
-88.8158
-65.7895
-159.539
-342.105
-536.184
-690.789
-791.118
-847.039
-879.934
-870.066
-807.566
-667.763
-427.632
-108.553
220.395
514.803
791.118
1042.76
1225.33
1312.5
1324.01
1251.64
1077.3
853.618
631.579
442.434
286.184
167.763
101.974
108.553
169.408
250
338.816
422.697
455.592
416.118
296.053
121.711
-54.2763
-258.224
-539.474
-847.039
-995.066
-912.829
-792.763
-723.684
-503.289
-4.93421
582.237
1070.72
1574.01
2251.64
2939.14
3315.79
3347.04
3289.47
3297.7
3269.74
3123.36
2983.55
2949.01
2896.38
2697.37
2524.67
2598.68
2779.61
2787.83
2601.97
2404.61
2192.43
1812.5
1320.72
899.671
518.092
-6.57895
-672.697
-1266.45
-1682.57
-2039.47
-2365.13
-2555.92
-2570.72
-2544.41
-2506.58
-2335.53
-2039.47
-1731.91
-1511.51
-1353.62
-1218.75
-1115.13
-1049.34
-1021.38
-1057.57
-1185.86
-1391.45
-1575.66
-1661.18
-1746.71
-1955.59
-2194.08
-2300.99
-2309.21
-2322.37
-2279.61
-2085.53
-1799.34
-1557.57
-1401.32
-1217.11
-965.461
-736.842
-587.171
-491.776
-458.882
-508.224
-608.553
-730.263
-820.724
-840.461
-824.013
-822.368
-779.605
-636.513
-375
-37.8289
289.474
592.105
884.868
1157.89
1394.74
1555.92
1601.97
1570.72
1449.01
1180.92
861.842
623.355
460.526
324.013
208.882
179.276
235.197
327.303
425.987
554.276
667.763
703.947
659.539
518.092
299.342
49.3421
-236.842
-583.882
-916.118
-1065.79
-998.355
-865.132
-748.355
-473.684
69.0789
690.789
1197.37
1664.47
2291.12
2967.11
3353.62
3381.58
3310.86
3314.14
3279.61
3062.5
2842.11
2784.54
2768.09
2606.91
2427.63
2481.91
2677.63
2699.01
2444.08
2162.83
1967.11
1652.96
1172.7
694.079
254.934
-284.539
-942.434
-1544.41
-2011.51
-2384.87
-2694.08
-2870.07
-2921.05
-2934.21
-2868.42
-2694.08
-2442.43
-2180.92
-1976.97
-1805.92
-1646.38
-1495.07
-1394.74
-1333.88
-1268.09
-1294.41
-1445.72
-1605.26
-1656.25
-1690.79
-1832.24
-2018.09
-2105.26
-2095.39
-2097.04
-2016.45
-1751.64
-1442.43
-1231.91
-1090.46
-909.539
-666.118
-460.526
-368.421
-338.816
-347.039
-447.368
-592.105
-713.816
-794.408
-800.987
-774.671
-751.645
-651.316
-465.461
-226.974
87.1711
425.987
745.066
1055.92
1353.62
1590.46
1705.59
1718.75
1705.59
1629.93
1409.54
1133.22
942.434
777.961
578.947
416.118
356.908
406.25
532.895
648.026
754.934
884.868
973.684
1006.58
967.105
837.171
628.289
358.553
32.8947
-350.329
-725.329
-904.605
-819.079
-689.145
-662.829
-476.974
14.8026
557.566
965.461
1407.89
2060.86
2708.88
2978.62
2896.38
2840.46
2919.41
2893.09
2636.51
2370.07
2310.86
2276.32
2054.28
1871.71
1996.71
2207.24
2161.18
1921.05
1738.49
1588.82
1245.07
753.289
319.079
-115.132
-733.553
-1440.79
-1996.71
-2355.26
-2669.41
-2970.39
-3126.64
-3121.71
-3052.63
-2925.99
-2667.76
-2307.57
-1985.2
-1764.8
-1590.46
-1406.25
-1248.36
-1154.61
-1087.17
-1027.96
-1082.24
-1251.64
-1373.36
-1361.84
-1370.07
-1495.07
-1606.91
-1567.43
-1473.68
-1442.43
-1353.62
-1087.17
-741.776
-506.579
-384.868
-212.171
49.3421
231.908
235.197
195.724
174.342
78.9474
-98.6842
-256.579
-350.329
-435.855
-546.053
-620.066
-610.197
-504.934
-302.632
-34.5395
243.421
496.711
725.329
924.342
1088.82
1213.82
1246.71
1161.18
962.171
703.947
457.237
246.711
80.5921
-55.9211
-156.25
-177.632
-98.6842
34.5395
154.605
305.921
516.447
669.408
685.855
634.868
552.632
343.75
1.64474
-375
-736.842
-1097.04
-1399.67
-1435.86
-1208.88
-986.842
-769.737
-332.237
282.895
858.553
1324.01
1804.28
2375
2856.91
2998.36
2912.83
2929.28
3023.03
2952.3
2690.79
2486.84
2518.09
2567.43
2481.91
2481.91
2697.37
2901.32
2848.68
2628.29
2439.14
2256.58
1870.07
1328.95
812.5
259.868
-394.737
-1052.63
-1621.71
-2052.63
-2407.89
-2717.11
-2884.87
-2925.99
-2944.08
-2886.51
-2713.82
-2496.71
-2315.79
-2177.63
-2032.89
-1855.26
-1745.07
-1722.04
-1677.63
-1620.07
-1639.8
-1751.64
-1871.71
-1906.25
-1935.86
-2019.74
-2023.03
-1899.67
-1761.51
-1667.76
-1481.91
-1171.05
-855.263
-643.092
-463.816
-217.105
18.0921
156.25
215.461
263.158
309.211
292.763
226.974
174.342
138.158
70.7237
-23.0263
-80.5921
-55.9211
21.3816
118.421
281.25
518.092
705.592
822.368
953.947
1111.84
1182.57
1113.49
1034.54
1003.29
906.25
700.658
506.579
409.539
356.908
292.763
276.316
350.329
450.658
500
521.382
541.118
529.605
462.171
335.526
177.632
-4.93421
-263.158
-567.434
-799.342
-973.684
-1187.5
-1333.88
-1233.55
-929.276
-694.079
-542.763
-174.342
384.868
835.526
1136.51
1536.18
2100.33
2570.72
2710.53
2684.21
2779.61
2940.79
2949.01
2800.99
2712.17
2791.12
2804.28
2610.2
2490.13
2623.36
2710.53
2495.07
2133.22
1865.13
1620.07
1217.11
731.908
325.658
-106.908
-679.276
-1281.25
-1782.89
-2149.67
-2434.21
-2685.86
-2883.22
-2993.42
-3041.12
-3026.32
-2906.25
-2690.79
-2462.17
-2304.28
-2177.63
-2011.51
-1870.07
-1797.7
-1726.97
-1682.57
-1763.16
-1914.47
-1963.82
-1921.05
-1942.43
-2041.12
-2065.79
-1978.62
-1891.45
-1814.14
-1629.93
-1302.63
-960.526
-708.882
-483.553
-172.697
203.947
518.092
707.237
863.487
1021.38
1097.04
1077.3
1039.47
1011.51
924.342
776.316
641.447
536.184
449.013
398.026
417.763
472.039
476.974
476.974
570.724
735.197
838.816
875
898.026
899.671
817.434
659.539
539.474
493.421
455.592
368.421
297.697
305.921
365.132
402.961
411.184
450.658
504.934
508.224
447.368
376.645
309.211
156.25
-115.132
-416.118
-672.697
-907.895
-1180.92
-1398.03
-1409.54
-1250
-1065.79
-889.803
-583.882
-121.711
347.039
746.711
1185.86
1733.55
2274.67
2629.93
2804.28
2924.34
3064.14
3161.18
3136.51
3044.41
2960.53
2851.97
2664.47
2455.59
2328.95
2279.61
2194.08
1998.36
1731.91
1473.68
1220.39
942.434
623.355
253.289
-187.5
-671.053
-1129.93
-1555.92
-1980.26
-2365.13
-2662.83
-2906.25
-3113.49
-3202.3
-3128.29
-2978.62
-2819.08
-2651.32
-2473.68
-2281.25
-2085.53
-1925.99
-1791.12
-1699.01
-1692.43
-1789.47
-1922.7
-1990.13
-2042.76
-2159.54
-2296.05
-2368.42
-2386.51
-2350.33
-2189.14
-1879.93
-1521.38
-1192.43
-868.421
-473.684
-4.93421
470.395
878.289
1192.43
1421.05
1557.57
1580.59
1509.87
1371.71
1138.16
848.684
578.947
335.526
144.737
14.8026
-39.4737
-27.9605
21.3816
146.382
363.487
638.158
935.855
1171.05
1328.95
1429.28
1481.91
1458.88
1340.46
1194.08
1042.76
861.842
672.697
541.118
491.776
473.684
457.237
480.263
537.829
597.039
654.605
672.697
636.513
529.605
353.618
126.645
-131.579
-376.645
-634.868
-950.658
-1238.49
-1432.57
-1531.25
-1531.25
-1379.93
-1080.59
-753.289
-411.184
11.5132
509.868
1011.51
1495.07
1988.49
2417.76
2720.39
2898.03
2988.49
3024.67
2988.49
2863.49
2679.28
2470.39
2246.71
2000
1761.51
1620.07
1549.34
1453.95
1347.04
1256.58
1167.76
1001.64
758.224
514.803
250
-118.421
-601.974
-1129.93
-1621.71
-2095.39
-2549.34
-2925.99
-3189.14
-3348.68
-3424.34
-3394.74
-3235.2
-2996.71
-2740.13
-2475.33
-2210.53
-1976.97
-1835.53
-1776.32
-1764.8
-1820.72
-1963.82
-2161.18
-2338.82
-2457.24
-2537.83
-2567.43
-2509.87
-2332.24
-2057.57
-1731.91
-1332.24
-871.711
-389.803
85.5263
547.697
1018.09
1440.79
1784.54
2041.12
2177.63
2212.17
2149.67
1996.71
1812.5
1590.46
1330.59
1087.17
863.487
682.566
570.724
542.763
629.934
794.408
993.421
1231.91
1491.78
1728.62
1884.87
1944.08
1925.99
1825.66
1600.33
1271.38
898.026
531.25
179.276
-141.447
-394.737
-544.408
-592.105
-574.013
-519.737
-425.987
-307.566
-207.237
-149.671
-126.645
-169.408
-289.474
-463.816
-671.053
-889.803
-1125
-1338.82
-1485.2
-1567.43
-1582.24
-1547.7
-1460.53
-1330.59
-1175.99
-978.618
-735.197
-493.421
-235.197
57.5658
342.105
620.066
925.987
1271.38
1628.29
1952.3
2231.91
2460.53
2625
2710.53
2684.21
2559.21
2398.03
2213.82
1975.33
1705.59
1480.26
1327.3
1207.24
1093.75
1023.03
996.711
937.5
817.434
684.211
532.895
296.053
-29.6053
-384.868
-751.645
-1121.71
-1476.97
-1800.99
-2072.37
-2281.25
-2427.63
-2526.32
-2565.79
-2531.25
-2478.62
-2416.12
-2320.72
-2241.78
-2203.95
-2195.72
-2166.12
-2101.97
-2057.57
-2032.89
-1950.66
-1797.7
-1654.61
-1501.64
-1284.54
-1009.87
-743.421
-504.934
-238.487
67.4342
360.197
597.039
809.211
1036.18
1261.51
1435.86
1555.92
1654.61
1754.93
1812.5
1782.89
1730.26
1672.7
1593.75
1481.91
1327.3
1171.05
1029.61
883.224
746.711
638.158
559.211
514.803
480.263
458.882
455.592
450.658
422.697
373.355
284.539
146.382
8.22368
-116.776
-248.355
-370.066
-475.329
-536.184
-537.829
-485.197
-411.184
-309.211
-195.724
-128.289
-106.908
-136.513
-203.947
-319.079
-498.355
-699.013
-896.382
-1064.14
-1194.08
-1246.71
-1215.46
-1116.78
-962.171
-771.382
-582.237
-402.961
-226.974
-83.8816
19.7368
67.4342
52.6316
26.3158
37.8289
98.6842
164.474
264.803
476.974
769.737
1055.92
1317.43
1597.04
1873.36
2070.72
2157.89
2146.38
2082.24
1981.91
1812.5
1567.43
1319.08
1116.78
916.118
692.434
516.447
458.882
447.368
391.447
312.5
259.868
228.618
151.316
23.0263
-120.066
-274.671
-455.592
-685.855
-929.276
-1159.54
-1388.16
-1620.07
-1851.97
-2042.76
-2190.79
-2300.99
-2371.71
-2376.64
-2319.08
-2231.91
-2095.39
-1894.74
-1646.38
-1388.16
-1125
-842.105
-578.947
-363.487
-194.079
-41.1184
95.3947
177.632
236.842
289.474
368.421
452.303
546.053
677.632
848.684
1055.92
1240.13
1402.96
1578.95
1753.29
1858.55
1863.49
1827.3
1754.93
1606.91
1358.55
1077.3
827.303
572.368
287.829
26.3158
-143.092
-236.842
-300.987
-322.368
-282.895
-177.632
-57.5658
37.8289
131.579
217.105
266.447
228.618
125
-31.25
-245.066
-490.132
-745.066
-963.816
-1133.22
-1259.87
-1314.14
-1276.32
-1189.14
-1090.46
-944.079
-733.553
-521.382
-345.395
-210.526
-123.355
-83.8816
-70.7237
-101.974
-148.026
-156.25
-152.961
-151.316
-144.737
-92.1053
8.22368
98.6842
199.013
315.789
435.855
521.382
570.724
597.039
600.329
564.145
475.329
345.395
199.013
64.1447
-77.3026
-215.461
-291.118
-309.211
-330.592
-335.526
-264.803
-129.934
24.6711
182.566
355.263
560.855
745.066
845.395
873.355
878.289
858.553
763.158
610.197
435.855
282.895
159.539
42.7632
-54.2763
-69.0789
-19.7368
14.8026
62.5
174.342
282.895
351.974
401.316
422.697
393.092
320.724
194.079
32.8947
-113.487
-253.289
-407.895
-523.026
-559.211
-560.855
-532.895
-457.237
-333.882
-159.539
1.64474
123.355
261.513
388.158
449.013
467.105
460.526
399.671
289.474
148.026
-36.1842
-197.368
-307.566
-416.118
-496.711
-498.355
-440.789
-381.579
-297.697
-134.868
52.6316
172.697
291.118
424.342
514.803
521.382
473.684
404.605
322.368
169.408
-57.5658
-263.158
-425.987
-582.237
-705.592
-779.605
-800.987
-736.842
-652.961
-588.816
-488.487
-351.974
-264.803
-256.579
-256.579
-289.474
-383.224
-519.737
-671.053
-814.145
-934.211
-1011.51
-1074.01
-1060.86
-960.526
-832.237
-697.368
-531.25
-333.882
-148.026
11.5132
146.382
261.513
353.618
391.447
365.132
324.013
264.803
200.658
143.092
115.132
111.842
97.0395
113.487
113.487
78.9474
88.8158
77.3026
59.2105
85.5263
92.1053
120.066
175.987
203.947
215.461
205.592
180.921
152.961
87.1711
-1.64474
-100.329
-220.395
-351.974
-475.329
-603.618
-677.632
-644.737
-582.237
-486.842
-302.632
-78.9474
174.342
440.789
685.855
919.408
1136.51
1314.14
1422.7
1475.33
1511.51
1521.38
1486.84
1427.63
1388.16
1383.22
1384.87
1393.09
1427.63
1462.17
1491.78
1496.71
1463.82
1419.41
1328.95
1197.37
1060.86
853.618
618.421
384.868
106.908
-152.961
-361.842
-552.632
-717.105
-845.395
-922.697
-952.303
-945.724
-911.184
-863.487
-796.053
-722.039
-651.316
-580.592
-518.092
-468.75
-435.855
-432.566
-442.434
-476.974
-500
-480.263
-445.724
-386.513
-320.724
-268.092
-238.487
-223.684
-245.066
-279.605
-294.408
-340.461
-434.211
-590.461
-792.763
-942.434
-1047.7
-1126.64
-1200.66
-1248.36
-1253.29
-1218.75
-1139.8
-1047.7
-965.461
-904.605
-875
-871.711
-851.974
-835.526
-812.5
-810.855
-799.342
-722.039
-636.513
-539.474
-407.895
-245.066
-67.4342
62.5
110.197
126.645
172.697
217.105
269.737
320.724
328.947
338.816
320.724
304.276
351.974
398.026
417.763
399.671
319.079
259.868
208.882
123.355
31.25
-92.1053
-210.526
-261.513
-226.974
-133.224
-1.64474
116.776
228.618
384.868
546.053
707.237
810.855
843.75
858.553
838.816
805.921
784.539
763.158
720.395
666.118
620.066
603.618
626.645
620.066
592.105
588.816
603.618
652.961
738.487
820.724
881.579
891.447
870.066
881.579
888.158
881.579
825.658
753.289
735.197
726.974
713.816
656.25
580.592
504.934
425.987
402.961
409.539
425.987
422.697
368.421
355.263
366.776
376.645
340.461
258.224
179.276
90.4605
1.64474
-67.4342
-134.868
-228.618
-353.618
-478.618
-559.211
-615.132
-667.763
-707.237
-712.171
-656.25
-598.684
-554.276
-508.224
-503.289
-493.421
-488.487
-485.197
-444.079
-437.5
-452.303
-504.934
-577.303
-638.158
-725.329
-812.5
-891.447
-940.789
-962.171
-967.105
-958.882
-940.789
-924.342
-911.184
-871.711
-820.724
-758.224
-699.013
-644.737
-598.684
-597.039
-592.105
-601.974
-610.197
-641.447
-710.526
-769.737
-817.434
-786.184
-712.171
-634.868
-559.211
-504.934
-416.118
-287.829
-146.382
-13.1579
83.8816
148.026
203.947
276.316
338.816
368.421
337.171
273.026
220.395
185.855
189.145
197.368
175.987
162.829
154.605
189.145
271.382
376.645
462.171
518.092
569.079
613.487
677.632
718.75
741.776
735.197
672.697
595.395
491.776
391.447
324.013
261.513
231.908
240.132
254.934
302.632
365.132
449.013
557.566
675.987
764.803
835.526
881.579
899.671
899.671
863.487
792.763
710.526
616.776
532.895
462.171
394.737
348.684
304.276
279.605
281.25
261.513
263.158
266.447
292.763
342.105
394.737
429.276
407.895
350.329
284.539
240.132
223.684
212.171
180.921
123.355
60.8553
19.7368
11.5132
18.0921
-3.28947
-39.4737
-126.645
-226.974
-302.632
-370.066
-398.026
-419.408
-424.342
-444.079
-478.618
-500
-501.645
-444.079
-371.711
-333.882
-370.066
-481.908
-575.658
-605.263
-562.5
-526.316
-577.303
-684.211
-786.184
-751.645
-600.329
-419.408
-307.566
-314.145
-322.368
-289.474
-151.316
1.64474
41.1184
-23.0263
-146.382
-223.684
-240.132
-243.421
-273.026
-351.974
-409.539
-421.053
-398.026
-371.711
-360.197
-358.553
-340.461
-291.118
-287.829
-324.013
-384.868
-434.211
-398.026
-337.171
-289.474
-289.474
-342.105
-368.421
-335.526
-269.737
-215.461
-243.421
-332.237
-378.289
-358.553
-276.316
-190.789
-171.053
-152.961
-97.0395
-1.64474
129.934
228.618
276.316
299.342
297.697
296.053
289.474
274.671
254.934
238.487
238.487
241.776
264.803
309.211
388.158
491.776
593.75
694.079
753.289
794.408
833.882
853.618
898.026
937.5
924.342
889.803
847.039
814.145
805.921
791.118
738.487
672.697
615.132
562.5
513.158
453.947
394.737
338.816
294.408
243.421
174.342
103.618
26.3158
-70.7237
-164.474
-251.645
-345.395
-432.566
-509.868
-588.816
-648.026
-671.053
-659.539
-613.487
-547.697
-476.974
-424.342
-379.934
-332.237
-302.632
-273.026
-245.066
-222.039
-200.658
-189.145
-187.5
-174.342
-116.776
-37.8289
77.3026
184.211
254.934
309.211
342.105
378.289
421.053
481.908
500
467.105
422.697
350.329
307.566
294.408
269.737
226.974
171.053
134.868
115.132
125
121.711
72.3684
26.3158
-8.22368
-3.28947
49.3421
97.0395
92.1053
42.7632
-8.22368
-54.2763
-88.8158
-113.487
-182.566
-286.184
-407.895
-516.447
-606.908
-672.697
-718.75
-771.382
-800.987
-802.632
-787.829
-756.579
-736.842
-717.105
-705.592
-694.079
-697.368
-722.039
-745.066
-759.868
-750
-717.105
-685.855
-651.316
-606.908
-549.342
-470.395
-368.421
-258.224
-167.763
-87.1711
-11.5132
72.3684
180.921
297.697
401.316
472.039
513.158
542.763
580.592
629.934
684.211
731.908
751.645
751.645
745.066
748.355
761.513
774.671
794.408
809.211
810.855
810.855
805.921
786.184
751.645
705.592
629.934
531.25
427.632
325.658
233.553
149.671
67.4342
-11.5132
-95.3947
-184.211
-273.026
-358.553
-430.921
-501.645
-577.303
-657.895
-750
-825.658
-881.579
-914.474
-932.566
-950.658
-963.816
-957.237
-917.763
-861.842
-800.987
-750
-700.658
-636.513
-532.895
-401.316
-254.934
-101.974
47.6974
182.566
320.724
465.461
601.974
722.039
814.145
893.092
978.618
1059.21
1121.71
1166.12
1195.72
1226.97
1268.09
1299.34
1310.86
1317.43
1320.72
1310.86
1266.45
1180.92
1077.3
955.592
828.947
685.855
536.184
402.961
282.895
169.408
60.8553
-57.5658
-199.013
-345.395
-480.263
-603.618
-694.079
-754.934
-807.566
-842.105
-858.553
-850.329
-830.592
-824.013
-824.013
-838.816
-840.461
-817.434
-789.474
-758.224
-754.934
-768.092
-781.25
-799.342
-809.211
-799.342
-769.737
-710.526
-621.711
-527.961
-439.145
-360.197
-305.921
-271.382
-259.868
-266.447
-279.605
-296.053
-289.474
-250
-192.434
-118.421
-50.9868
3.28947
52.6316
95.3947
139.803
169.408
190.789
203.947
208.882
218.75
238.487
259.868
268.092
274.671
277.961
297.697
324.013
348.684
365.132
376.645
368.421
335.526
282.895
213.816
133.224
52.6316
-14.8026
-88.8158
-143.092
-177.632
-202.303
-218.75
-230.263
-254.934
-292.763
-330.592
-371.711
-388.158
-384.868
-365.132
-333.882
-289.474
-231.908
-175.987
-128.289
-88.8158
-60.8553
-34.5395
-1.64474
24.6711
59.2105
113.487
184.211
259.868
335.526
404.605
486.842
575.658
672.697
782.895
875
952.303
1009.87
1039.47
1041.12
1014.8
960.526
878.289
796.053
720.395
652.961
588.816
519.737
452.303
384.868
319.079
240.132
154.605
77.3026
13.1579
-32.8947
-62.5
-87.1711
-100.329
-106.908
-111.842
-128.289
-156.25
-199.013
-250
-296.053
-353.618
-402.961
-455.592
-514.803
-560.855
-600.329
-623.355
-629.934
-620.066
-603.618
-574.013
-537.829
-498.355
-452.303
-406.25
-365.132
-332.237
-304.276
-284.539
-261.513
-235.197
-192.434
-159.539
-128.289
-80.5921
-27.9605
26.3158
74.0132
101.974
123.355
149.671
172.697
202.303
223.684
235.197
246.711
259.868
273.026
269.737
250
212.171
164.474
118.421
67.4342
13.1579
-49.3421
-105.263
-149.671
-171.053
-177.632
-200.658
-231.908
-254.934
-273.026
-287.829
-304.276
-338.816
-368.421
-388.158
-396.382
-383.224
-361.842
-337.171
-304.276
-276.316
-258.224
-231.908
-208.882
-185.855
-166.118
-151.316
-125
-90.4605
-60.8553
-32.8947
-8.22368
16.4474
39.4737
54.2763
64.1447
78.9474
93.75
113.487
133.224
162.829
194.079
228.618
266.447
302.632
347.039
389.803
422.697
450.658
460.526
467.105
475.329
470.395
457.237
445.724
429.276
404.605
368.421
330.592
292.763
263.158
243.421
217.105
180.921
144.737
116.776
100.329
82.2368
57.5658
24.6711
-6.57895
-26.3158
-49.3421
-59.2105
-67.4342
-90.4605
-118.421
-143.092
-177.632
-205.592
-223.684
-243.421
-253.289
-254.934
-264.803
-263.158
-266.447
-269.737
-258.224
-236.842
-220.395
-205.592
-185.855
-152.961
-120.066
-77.3026
-41.1184
-19.7368
-1.64474
19.7368
36.1842
59.2105
92.1053
103.618
101.974
101.974
103.618
113.487
111.842
92.1053
74.0132
65.7895
57.5658
54.2763
50.9868
54.2763
47.6974
46.0526
47.6974
46.0526
57.5658
65.7895
60.8553
50.9868
42.7632
34.5395
14.8026
-4.93421
-27.9605
-54.2763
-77.3026
-103.618
-134.868
-146.382
-161.184
-177.632
-172.697
-162.829
-157.895
-149.671
-141.447
-131.579
-106.908
-77.3026
-57.5658
-39.4737
-21.3816
-6.57895
9.86842
18.0921
19.7368
26.3158
36.1842
41.1184
47.6974
52.6316
55.9211
54.2763
54.2763
62.5
70.7237
85.5263
97.0395
101.974
113.487
129.934
138.158
143.092
136.513
126.645
129.934
131.579
125
115.132
98.6842
72.3684
49.3421
32.8947
21.3816
21.3816
19.7368
8.22368
-9.86842
-21.3816
-29.6053
-37.8289
-47.6974
-57.5658
-70.7237
-80.5921
-101.974
-126.645
-149.671
-169.408
-189.145
-210.526
-226.974
-231.908
-231.908
-233.553
-240.132
-245.066
-241.776
-236.842
-223.684
-205.592
-189.145
-172.697
-156.25
-148.026
-139.803
-131.579
-116.776
-100.329
-88.8158
-69.0789
-42.7632
-21.3816
-11.5132
-3.28947
0
9.86842
32.8947
64.1447
92.1053
113.487
128.289
144.737
162.829
185.855
215.461
238.487
256.579
271.382
282.895
296.053
309.211
319.079
319.079
314.145
309.211
300.987
296.053
281.25
263.158
245.066
223.684
202.303
179.276
159.539
139.803
126.645
115.132
93.75
74.0132
54.2763
34.5395
19.7368
4.93421
-6.57895
-21.3816
-37.8289
-52.6316
-65.7895
-75.6579
-80.5921
-88.8158
-108.553
-129.934
-148.026
-157.895
-159.539
-162.829
-159.539
-157.895
-157.895
-156.25
-149.671
-138.158
-123.355
-106.908
-83.8816
-64.1447
-37.8289
-8.22368
19.7368
46.0526
67.4342
82.2368
101.974
120.066
143.092
159.539
164.474
166.118
162.829
152.961
146.382
138.158
126.645
120.066
110.197
100.329
97.0395
98.6842
105.263
111.842
113.487
108.553
105.263
90.4605
75.6579
59.2105
37.8289
18.0921
-9.86842
-46.0526
-83.8816
-126.645
-166.118
-195.724
-223.684
-250
-268.092
-287.829
-304.276
-317.434
-335.526
-360.197
-381.579
-399.671
-409.539
-421.053
-432.566
-437.5
-440.789
-453.947
-457.237
-453.947
-453.947
-460.526
-462.171
-462.171
-445.724
-424.342
-394.737
-356.908
-315.789
-274.671
-236.842
-197.368
-161.184
-106.908
-60.8553
-27.9605
-1.64474
21.3816
49.3421
72.3684
98.6842
116.776
138.158
161.184
177.632
197.368
217.105
235.197
248.355
250
246.711
256.579
268.092
277.961
287.829
302.632
317.434
328.947
335.526
340.461
347.039
355.263
356.908
343.75
325.658
307.566
287.829
276.316
264.803
256.579
253.289
250
243.421
246.711
263.158
274.671
289.474
302.632
307.566
322.368
342.105
361.842
376.645
388.158
398.026
396.382
384.868
361.842
340.461
317.434
286.184
253.289
222.039
192.434
171.053
149.671
125
100.329
80.5921
70.7237
59.2105
55.9211
64.1447
65.7895
64.1447
64.1447
57.5658
52.6316
54.2763
42.7632
32.8947
16.4474
-4.93421
-24.6711
-44.4079
-70.7237
-103.618
-138.158
-184.211
-233.553
-279.605
-325.658
-363.487
-383.224
-396.382
-398.026
-398.026
-391.447
-383.224
-384.868
-391.447
-404.605
-432.566
-467.105
-500
-531.25
-555.921
-572.368
-564.145
-542.763
-516.447
-480.263
-445.724
-409.539
-381.579
-353.618
-330.592
-315.789
-294.408
-281.25
-268.092
-256.579
-240.132
-225.329
-217.105
-203.947
-194.079
-185.855
-179.276
-169.408
-166.118
-167.763
-172.697
-184.211
-195.724
-202.303
-207.237
-199.013
-180.921
-148.026
-108.553
-57.5658
-6.57895
44.4079
88.8158
120.066
136.513
143.092
136.513
120.066
111.842
110.197
115.132
129.934
157.895
189.145
223.684
261.513
294.408
327.303
355.263
383.224
411.184
429.276
450.658
467.105
480.263
483.553
478.618
468.75
452.303
435.855
411.184
391.447
371.711
353.618
350.329
340.461
337.171
332.237
324.013
317.434
312.5
300.987
286.184
273.026
263.158
254.934
251.645
254.934
261.513
271.382
281.25
291.118
305.921
317.434
324.013
322.368
310.855
296.053
281.25
259.868
230.263
197.368
159.539
120.066
80.5921
42.7632
9.86842
-23.0263
-47.6974
-75.6579
-100.329
-128.289
-159.539
-182.566
-213.816
-241.776
-268.092
-287.829
-302.632
-315.789
-327.303
-333.882
-335.526
-337.171
-342.105
-348.684
-365.132
-384.868
-406.25
-424.342
-440.789
-452.303
-453.947
-450.658
-440.789
-421.053
-396.382
-366.776
-340.461
-314.145
-291.118
-269.737
-248.355
-230.263
-218.75
-208.882
-200.658
-185.855
-167.763
-149.671
-138.158
-123.355
-110.197
-88.8158
-67.4342
-50.9868
-36.1842
-29.6053
-21.3816
-13.1579
-1.64474
8.22368
11.5132
11.5132
9.86842
8.22368
9.86842
8.22368
1.64474
-8.22368
-18.0921
-24.6711
-24.6711
-23.0263
-21.3816
-18.0921
-13.1579
-6.57895
6.57895
14.8026
21.3816
26.3158
27.9605
29.6053
32.8947
32.8947
36.1842
37.8289
39.4737
42.7632
49.3421
59.2105
70.7237
82.2368
98.6842
110.197
120.066
131.579
134.868
141.447
149.671
159.539
171.053
172.697
172.697
171.053
174.342
177.632
184.211
187.5
189.145
185.855
184.211
185.855
184.211
184.211
182.566
172.697
166.118
157.895
144.737
133.224
115.132
97.0395
77.3026
59.2105
41.1184
21.3816
-1.64474
-18.0921
-36.1842
-49.3421
-64.1447
-77.3026
-83.8816
-90.4605
-97.0395
-100.329
-101.974
-106.908
-111.842
-115.132
-118.421
-116.776
-115.132
-111.842
-111.842
-113.487
-106.908
-100.329
-98.6842
-90.4605
-82.2368
-65.7895
-42.7632
-21.3816
3.28947
34.5395
60.8553
92.1053
121.711
146.382
166.118
180.921
192.434
202.303
208.882
222.039
233.553
240.132
245.066
248.355
250
251.645
248.355
240.132
220.395
199.013
179.276
157.895
133.224
113.487
92.1053
67.4342
47.6974
23.0263
6.57895
-8.22368
-34.5395
-67.4342
-103.618
-143.092
-172.697
-202.303
-230.263
-254.934
-274.671
-284.539
-289.474
-289.474
-287.829
-289.474
-291.118
-294.408
-294.408
-291.118
-282.895
-274.671
-271.382
-269.737
-261.513
-243.421
-225.329
-202.303
-184.211
-172.697
-157.895
-139.803
-125
-111.842
-92.1053
-72.3684
-50.9868
-29.6053
-8.22368
14.8026
37.8289
54.2763
67.4342
78.9474
80.5921
78.9474
67.4342
50.9868
37.8289
29.6053
21.3816
18.0921
18.0921
14.8026
6.57895
-1.64474
-13.1579
-29.6053
-47.6974
-67.4342
-87.1711
-100.329
-105.263
-93.75
-83.8816
-72.3684
-62.5
-57.5658
-54.2763
-54.2763
-55.9211
-57.5658
-69.0789
-78.9474
-83.8816
-82.2368
-75.6579
-60.8553
-49.3421
-32.8947
-14.8026
-1.64474
13.1579
23.0263
32.8947
50.9868
69.0789
92.1053
113.487
134.868
161.184
197.368
235.197
273.026
307.566
337.171
365.132
384.868
393.092
389.803
386.513
378.289
373.355
373.355
375
379.934
379.934
379.934
371.711
356.908
340.461
312.5
282.895
254.934
225.329
200.658
184.211
174.342
174.342
189.145
205.592
212.171
213.816
200.658
182.566
156.25
116.776
82.2368
50.9868
21.3816
3.28947
-4.93421
-3.28947
-3.28947
1.64474
-4.93421
-14.8026
-34.5395
-65.7895
-98.6842
-129.934
-154.605
-166.118
-169.408
-166.118
-157.895
-152.961
-151.316
-148.026
-152.961
-162.829
-177.632
-189.145
-194.079
-205.592
-213.816
-208.882
-202.303
-190.789
-179.276
-177.632
-172.697
-174.342
-184.211
-200.658
-223.684
-250
-274.671
-300.987
-322.368
-342.105
-355.263
-353.618
-350.329
-340.461
-332.237
-328.947
-325.658
-330.592
-347.039
-358.553
-368.421
-368.421
-363.487
-351.974
-335.526
-314.145
-291.118
-274.671
-256.579
-250
-253.289
-253.289
-261.513
-259.868
-256.579
-250
-236.842
-217.105
-192.434
-171.053
-149.671
-133.224
-115.132
-98.6842
-90.4605
-82.2368
-82.2368
-82.2368
-70.7237
-49.3421
-16.4474
23.0263
65.7895
105.263
138.158
164.474
179.276
185.855
189.145
194.079
207.237
230.263
259.868
291.118
317.434
338.816
356.908
363.487
365.132
370.066
378.289
388.158
407.895
429.276
445.724
458.882
458.882
460.526
460.526
460.526
467.105
475.329
485.197
490.132
493.421
490.132
478.618
465.461
445.724
429.276
424.342
429.276
430.921
430.921
422.697
416.118
398.026
370.066
338.816
307.566
277.961
259.868
253.289
246.711
241.776
230.263
210.526
180.921
146.382
108.553
78.9474
49.3421
26.3158
4.93421
-16.4474
-32.8947
-52.6316
-72.3684
-95.3947
-121.711
-152.961
-182.566
-207.237
-230.263
-248.355
-264.803
-284.539
-304.276
-327.303
-348.684
-373.355
-393.092
-406.25
-419.408
-425.987
-427.632
-432.566
-440.789
-452.303
-465.461
-478.618
-490.132
-498.355
-496.711
-495.066
-491.776
-488.487
-483.553
-483.553
-481.908
-481.908
-488.487
-490.132
-493.421
-490.132
-481.908
-465.461
-449.013
-429.276
-406.25
-379.934
-361.842
-343.75
-327.303
-317.434
-302.632
-289.474
-271.382
-241.776
-212.171
-171.053
-125
-82.2368
-47.6974
-16.4474
4.93421
16.4474
26.3158
37.8289
52.6316
74.0132
97.0395
123.355
151.316
175.987
194.079
210.526
226.974
241.776
259.868
271.382
286.184
300.987
310.855
324.013
338.816
350.329
356.908
366.776
375
378.289
381.579
384.868
386.513
391.447
396.382
399.671
402.961
402.961
399.671
389.803
379.934
363.487
343.75
325.658
310.855
294.408
281.25
273.026
266.447
261.513
253.289
246.711
236.842
222.039
203.947
184.211
166.118
149.671
138.158
129.934
120.066
113.487
103.618
93.75
85.5263
75.6579
70.7237
65.7895
69.0789
75.6579
75.6579
78.9474
77.3026
69.0789
57.5658
44.4079
26.3158
11.5132
-8.22368
-24.6711
-42.7632
-54.2763
-67.4342
-77.3026
-83.8816
-90.4605
-100.329
-111.842
-125
-144.737
-159.539
-172.697
-179.276
-175.987
-169.408
-156.25
-139.803
-121.711
-111.842
-110.197
-113.487
-120.066
-134.868
-143.092
-151.316
-159.539
-161.184
-164.474
-166.118
-169.408
-175.987
-182.566
-192.434
-205.592
-215.461
-220.395
-220.395
-213.816
-208.882
-200.658
-195.724
-190.789
-187.5
-187.5
-190.789
-192.434
-192.434
-194.079
-190.789
-182.566
-172.697
-161.184
-152.961
-149.671
-148.026
-152.961
-161.184
-171.053
-172.697
-172.697
-166.118
-152.961
-138.158
-123.355
-113.487
-105.263
-100.329
-100.329
-105.263
-110.197
-111.842
-106.908
-92.1053
-75.6579
-57.5658
-39.4737
-26.3158
-19.7368
-18.0921
-21.3816
-24.6711
-31.25
-29.6053
-21.3816
-4.93421
16.4474
34.5395
47.6974
54.2763
62.5
67.4342
75.6579
85.5263
95.3947
101.974
113.487
128.289
141.447
156.25
166.118
177.632
179.276
187.5
190.789
192.434
199.013
205.592
212.171
225.329
233.553
241.776
248.355
250
251.645
253.289
248.355
243.421
236.842
236.842
233.553
230.263
226.974
222.039
222.039
222.039
218.75
208.882
197.368
185.855
174.342
174.342
175.987
179.276
177.632
174.342
167.763
159.539
151.316
144.737
141.447
136.513
133.224
128.289
121.711
111.842
98.6842
82.2368
60.8553
41.1184
27.9605
21.3816
14.8026
8.22368
3.28947
1.64474
-1.64474
-1.64474
-3.28947
-14.8026
-27.9605
-39.4737
-52.6316
-60.8553
-67.4342
-77.3026
-83.8816
-90.4605
-101.974
-113.487
-121.711
-123.355
-120.066
-108.553
-101.974
-105.263
-111.842
-123.355
-134.868
-148.026
-161.184
-169.408
-172.697
-169.408
-169.408
-172.697
-177.632
-182.566
-185.855
-189.145
-195.724
-200.658
-210.526
-217.105
-218.75
-218.75
-223.684
-231.908
-241.776
-250
-251.645
-250
-253.289
-256.579
-259.868
-259.868
-264.803
-266.447
-266.447
-258.224
-250
-238.487
-228.618
-225.329
-225.329
-225.329
-231.908
-233.553
-233.553
-223.684
-205.592
-177.632
-151.316
-133.224
-115.132
-103.618
-95.3947
-92.1053
-92.1053
-92.1053
-82.2368
-59.2105
-31.25
0
36.1842
65.7895
93.75
110.197
118.421
125
134.868
143.092
151.316
161.184
167.763
177.632
192.434
208.882
225.329
238.487
256.579
274.671
291.118
307.566
315.789
319.079
319.079
312.5
307.566
302.632
294.408
289.474
296.053
302.632
310.855
317.434
315.789
305.921
292.763
271.382
254.934
245.066
241.776
235.197
231.908
233.553
230.263
223.684
208.882
189.145
164.474
143.092
125
118.421
120.066
126.645
138.158
146.382
152.961
151.316
143.092
131.579
116.776
100.329
85.5263
65.7895
55.9211
49.3421
44.4079
46.0526
50.9868
55.9211
55.9211
50.9868
39.4737
24.6711
11.5132
-8.22368
-26.3158
-41.1184
-55.9211
-67.4342
-82.2368
-97.0395
-108.553
-120.066
-126.645
-139.803
-156.25
-174.342
-195.724
-212.171
-230.263
-245.066
-254.934
-264.803
-273.026
-281.25
-284.539
-281.25
-277.961
-273.026
-266.447
-263.158
-259.868
-263.158
-271.382
-276.316
-276.316
-277.961
-268.092
-254.934
-241.776
-228.618
-222.039
-218.75
-217.105
-220.395
-230.263
-241.776
-245.066
-245.066
-243.421
-240.132
-235.197
-223.684
-212.171
-208.882
-208.882
-215.461
-228.618
-243.421
-254.934
-256.579
-243.421
-222.039
-197.368
-171.053
-148.026
-128.289
-113.487
-105.263
-93.75
-80.5921
-69.0789
-57.5658
-44.4079
-32.8947
-16.4474
-4.93421
9.86842
27.9605
44.4079
59.2105
70.7237
85.5263
98.6842
111.842
125
139.803
161.184
187.5
212.171
235.197
259.868
286.184
309.211
325.658
342.105
360.197
375
384.868
396.382
401.316
412.829
429.276
442.434
450.658
463.816
472.039
480.263
481.908
475.329
470.395
467.105
462.171
458.882
460.526
463.816
463.816
462.171
453.947
439.145
427.632
407.895
379.934
351.974
317.434
281.25
243.421
207.237
179.276
156.25
139.803
125
108.553
85.5263
54.2763
16.4474
-26.3158
-69.0789
-113.487
-149.671
-184.211
-210.526
-230.263
-250
-269.737
-289.474
-307.566
-322.368
-333.882
-345.395
-361.842
-376.645
-393.092
-412.829
-430.921
-445.724
-452.303
-452.303
-442.434
-434.211
-421.053
-411.184
-406.25
-401.316
-399.671
-401.316
-394.737
-388.158
-376.645
-360.197
-337.171
-314.145
-294.408
-279.605
-268.092
-259.868
-258.224
-254.934
-246.711
-233.553
-213.816
-185.855
-157.895
-128.289
-97.0395
-72.3684
-59.2105
-50.9868
-50.9868
-55.9211
-59.2105
-62.5
-59.2105
-47.6974
-31.25
-6.57895
19.7368
46.0526
69.0789
85.5263
97.0395
95.3947
88.8158
82.2368
70.7237
64.1447
69.0789
80.5921
97.0395
118.421
136.513
151.316
164.474
172.697
175.987
175.987
171.053
161.184
151.316
141.447
138.158
138.158
139.803
144.737
151.316
164.474
175.987
190.789
199.013
205.592
202.303
190.789
169.408
151.316
139.803
129.934
126.645
129.934
141.447
156.25
161.184
162.829
151.316
133.224
116.776
97.0395
77.3026
67.4342
65.7895
70.7237
78.9474
85.5263
88.8158
90.4605
85.5263
75.6579
67.4342
55.9211
47.6974
41.1184
36.1842
34.5395
36.1842
42.7632
47.6974
52.6316
59.2105
62.5
64.1447
62.5
55.9211
39.4737
24.6711
18.0921
14.8026
13.1579
14.8026
18.0921
21.3816
26.3158
29.6053
26.3158
11.5132
3.28947
1.64474
-1.64474
-1.64474
-3.28947
-3.28947
-4.93421
-4.93421
-4.93421
-1.64474
1.64474
1.64474
-4.93421
-18.0921
-29.6053
-39.4737
-47.6974
-55.9211
-64.1447
-72.3684
-75.6579
-75.6579
-72.3684
-74.0132
-77.3026
-83.8816
-90.4605
-100.329
-113.487
-121.711
-126.645
-128.289
-123.355
-116.776
-113.487
-111.842
-115.132
-120.066
-129.934
-149.671
-171.053
-187.5
-194.079
-197.368
-202.303
-203.947
-207.237
-202.303
-197.368
-195.724
-200.658
-205.592
-208.882
-208.882
-208.882
-207.237
-205.592
-199.013
-189.145
-180.921
-164.474
-139.803
-118.421
-98.6842
-87.1711
-78.9474
-70.7237
-62.5
-52.6316
-42.7632
-32.8947
-18.0921
4.93421
29.6053
57.5658
82.2368
100.329
115.132
123.355
131.579
139.803
151.316
161.184
174.342
189.145
210.526
228.618
241.776
258.224
264.803
259.868
250
240.132
225.329
215.461
203.947
194.079
189.145
190.789
197.368
202.303
199.013
185.855
167.763
148.026
123.355
100.329
77.3026
54.2763
39.4737
26.3158
18.0921
11.5132
11.5132
11.5132
8.22368
1.64474
-9.86842
-23.0263
-37.8289
-52.6316
-67.4342
-78.9474
-83.8816
-82.2368
-69.0789
-57.5658
-42.7632
-24.6711
-8.22368
-3.28947
-6.57895
-16.4474
-29.6053
-36.1842
-37.8289
-34.5395
-19.7368
1.64474
29.6053
55.9211
78.9474
85.5263
85.5263
78.9474
64.1447
52.6316
42.7632
37.8289
41.1184
54.2763
70.7237
85.5263
95.3947
101.974
93.75
75.6579
59.2105
36.1842
21.3816
6.57895
-13.1579
-27.9605
-39.4737
-42.7632
-44.4079
-42.7632
-42.7632
-41.1184
-36.1842
-44.4079
-50.9868
-65.7895
-85.5263
-110.197
-134.868
-146.382
-152.961
-144.737
-133.224
-110.197
-85.5263
-74.0132
-72.3684
-87.1711
-111.842
-144.737
-169.408
-180.921
-174.342
-159.539
-139.803
-113.487
-83.8816
-54.2763
-37.8289
-29.6053
-27.9605
-26.3158
-27.9605
-36.1842
-42.7632
-47.6974
-46.0526
-39.4737
-27.9605
-11.5132
4.93421
21.3816
36.1842
52.6316
60.8553
57.5658
46.0526
27.9605
11.5132
-6.57895
-11.5132
-4.93421
11.5132
26.3158
41.1184
57.5658
67.4342
69.0789
59.2105
47.6974
24.6711
4.93421
-11.5132
-18.0921
-11.5132
-1.64474
14.8026
32.8947
54.2763
74.0132
78.9474
72.3684
62.5
54.2763
39.4737
18.0921
-3.28947
-9.86842
-9.86842
-4.93421
6.57895
21.3816
36.1842
52.6316
62.5
62.5
52.6316
36.1842
14.8026
0
-9.86842
-9.86842
-3.28947
18.0921
42.7632
57.5658
64.1447
65.7895
55.9211
41.1184
16.4474
-9.86842
-18.0921
-13.1579
-6.57895
6.57895
21.3816
37.8289
47.6974
42.7632
29.6053
13.1579
-9.86842
-29.6053
-36.1842
-31.25
-18.0921
-8.22368
4.93421
19.7368
24.6711
26.3158
14.8026
-1.64474
-14.8026
-31.25
-44.4079
-47.6974
-47.6974
-39.4737
-21.3816
-9.86842
-4.93421
-4.93421
-11.5132
-16.4474
-23.0263
-29.6053
-29.6053
-31.25
-29.6053
-21.3816
-18.0921
-11.5132
-3.28947
3.28947
4.93421
4.93421
8.22368
13.1579
19.7368
26.3158
29.6053
27.9605
29.6053
31.25
34.5395
44.4079
55.9211
62.5
65.7895
67.4342
67.4342
62.5
54.2763
42.7632
24.6711
14.8026
4.93421
-3.28947
-6.57895
-1.64474
3.28947
-1.64474
-13.1579
-29.6053
-44.4079
-59.2105
-75.6579
-85.5263
-93.75
-92.1053
-88.8158
-82.2368
-70.7237
-60.8553
-62.5
-67.4342
-72.3684
-77.3026
-80.5921
-88.8158
-95.3947
-100.329
-101.974
-101.974
-97.0395
-90.4605
-78.9474
-75.6579
-70.7237
-69.0789
-69.0789
-62.5
-50.9868
-42.7632
-32.8947
-24.6711
-13.1579
-3.28947
8.22368
19.7368
29.6053
36.1842
37.8289
39.4737
42.7632
46.0526
47.6974
46.0526
49.3421
54.2763
59.2105
60.8553
64.1447
75.6579
77.3026
78.9474
78.9474
77.3026
75.6579
72.3684
67.4342
65.7895
60.8553
60.8553
67.4342
72.3684
77.3026
78.9474
72.3684
67.4342
60.8553
52.6316
49.3421
44.4079
42.7632
44.4079
41.1184
41.1184
39.4737
26.3158
19.7368
9.86842
0
-6.57895
-18.0921
-21.3816
-24.6711
-26.3158
-29.6053
-26.3158
-16.4474
-11.5132
-4.93421
1.64474
8.22368
18.0921
32.8947
44.4079
57.5658
65.7895
67.4342
67.4342
62.5
67.4342
74.0132
80.5921
83.8816
82.2368
82.2368
78.9474
78.9474
82.2368
87.1711
92.1053
95.3947
90.4605
83.8816
88.8158
88.8158
92.1053
97.0395
95.3947
90.4605
80.5921
69.0789
62.5
54.2763
44.4079
29.6053
9.86842
-8.22368
-24.6711
-41.1184
-55.9211
-70.7237
-88.8158
-106.908
-123.355
-139.803
-152.961
-161.184
-167.763
-172.697
-175.987
-177.632
-180.921
-185.855
-189.145
-187.5
-190.789
-192.434
-200.658
-200.658
-205.592
-203.947
-202.303
-202.303
-199.013
-194.079
-192.434
-190.789
-194.079
-203.947
-208.882
-212.171
-210.526
-203.947
-194.079
-184.211
-169.408
-152.961
-136.513
-125
-111.842
-97.0395
-78.9474
-60.8553
-50.9868
-32.8947
-21.3816
-11.5132
0
9.86842
16.4474
18.0921
24.6711
32.8947
37.8289
46.0526
52.6316
60.8553
72.3684
87.1711
93.75
103.618
110.197
120.066
133.224
134.868
144.737
154.605
162.829
174.342
177.632
190.789
199.013
202.303
207.237
210.526
212.171
217.105
217.105
213.816
213.816
217.105
217.105
218.75
215.461
215.461
212.171
207.237
207.237
207.237
203.947
199.013
182.566
167.763
151.316
133.224
118.421
106.908
97.0395
95.3947
90.4605
82.2368
75.6579
74.0132
67.4342
60.8553
54.2763
44.4079
37.8289
29.6053
23.0263
14.8026
6.57895
-4.93421
-13.1579
-19.7368
-26.3158
-29.6053
-36.1842
-50.9868
-59.2105
-64.1447
-69.0789
-74.0132
-85.5263
-95.3947
-97.0395
-108.553
-120.066
-128.289
-133.224
-128.289
-134.868
-134.868
-125
-118.421
-111.842
-108.553
-103.618
-93.75
-85.5263
-85.5263
-85.5263
-78.9474
-77.3026
-82.2368
-92.1053
-100.329
-110.197
-113.487
-120.066
-123.355
-121.711
-113.487
-111.842
-105.263
-98.6842
-92.1053
-82.2368
-80.5921
-80.5921
-67.4342
-55.9211
-47.6974
-46.0526
-46.0526
-42.7632
-42.7632
-50.9868
-50.9868
-54.2763
-57.5658
-59.2105
-64.1447
-62.5
-60.8553
-55.9211
-44.4079
-31.25
-23.0263
-21.3816
-16.4474
-8.22368
0
0
-1.64474
-3.28947
1.64474
6.57895
6.57895
9.86842
14.8026
18.0921
23.0263
23.0263
24.6711
34.5395
36.1842
37.8289
36.1842
29.6053
26.3158
21.3816
21.3816
13.1579
14.8026
18.0921
19.7368
27.9605
36.1842
39.4737
41.1184
41.1184
39.4737
41.1184
42.7632
42.7632
47.6974
54.2763
52.6316
46.0526
42.7632
41.1184
42.7632
37.8289
27.9605
26.3158
26.3158
21.3816
14.8026
13.1579
18.0921
18.0921
19.7368
18.0921
26.3158
34.5395
34.5395
32.8947
37.8289
41.1184
42.7632
49.3421
50.9868
52.6316
55.9211
50.9868
47.6974
50.9868
55.9211
52.6316
50.9868
54.2763
57.5658
55.9211
54.2763
52.6316
54.2763
67.4342
75.6579
78.9474
85.5263
98.6842
101.974
95.3947
83.8816
72.3684
64.1447
57.5658
47.6974
52.6316
57.5658
65.7895
74.0132
80.5921
80.5921
72.3684
60.8553
52.6316
46.0526
42.7632
37.8289
34.5395
31.25
26.3158
19.7368
11.5132
8.22368
3.28947
-3.28947
-11.5132
-18.0921
-36.1842
-42.7632
-57.5658
-72.3684
-80.5921
-88.8158
-87.1711
-90.4605
-88.8158
-85.5263
-88.8158
-92.1053
-97.0395
-100.329
-113.487
-123.355
-129.934
-134.868
-136.513
-139.803
-141.447
-143.092
-148.026
-156.25
-167.763
-174.342
-179.276
-182.566
-184.211
-180.921
-177.632
-175.987
-174.342
-169.408
-167.763
-159.539
-157.895
-157.895
-148.026
-143.092
-134.868
-128.289
-125
-120.066
-111.842
-106.908
-103.618
-95.3947
-83.8816
-82.2368
-77.3026
-74.0132
-72.3684
-67.4342
-70.7237
-65.7895
-49.3421
-32.8947
-11.5132
8.22368
24.6711
44.4079
55.9211
69.0789
82.2368
97.0395
110.197
121.711
131.579
139.803
146.382
152.961
154.605
159.539
156.25
152.961
151.316
151.316
149.671
148.026
151.316
152.961
162.829
175.987
184.211
195.724
203.947
210.526
212.171
210.526
207.237
202.303
195.724
185.855
177.632
171.053
161.184
151.316
143.092
143.092
139.803
138.158
136.513
138.158
136.513
128.289
118.421
113.487
106.908
100.329
93.75
85.5263
77.3026
72.3684
67.4342
59.2105
60.8553
60.8553
65.7895
67.4342
64.1447
55.9211
41.1184
23.0263
-1.64474
-23.0263
-41.1184
-57.5658
-74.0132
-78.9474
-82.2368
-88.8158
-92.1053
-95.3947
-95.3947
-100.329
-106.908
-110.197
-115.132
-118.421
-123.355
-131.579
-138.158
-143.092
-148.026
-151.316
-149.671
-149.671
-156.25
-157.895
-156.25
-157.895
-154.605
-152.961
-151.316
-148.026
-143.092
-143.092
-141.447
-134.868
-129.934
-118.421
-108.553
-100.329
-92.1053
-85.5263
-78.9474
-77.3026
-82.2368
-83.8816
-85.5263
-87.1711
-90.4605
-87.1711
-78.9474
-70.7237
-59.2105
-52.6316
-47.6974
-42.7632
-37.8289
-34.5395
-27.9605
-19.7368
-11.5132
-8.22368
-8.22368
-8.22368
-9.86842
-16.4474
-23.0263
-23.0263
-23.0263
-23.0263
-18.0921
-13.1579
-1.64474
9.86842
18.0921
26.3158
29.6053
31.25
26.3158
19.7368
13.1579
6.57895
4.93421
8.22368
13.1579
23.0263
32.8947
47.6974
62.5
77.3026
88.8158
92.1053
100.329
98.6842
97.0395
93.75
85.5263
80.5921
80.5921
80.5921
82.2368
85.5263
90.4605
98.6842
103.618
106.908
106.908
106.908
105.263
100.329
90.4605
87.1711
83.8816
82.2368
82.2368
80.5921
83.8816
85.5263
85.5263
83.8816
74.0132
62.5
49.3421
34.5395
23.0263
18.0921
9.86842
11.5132
16.4474
21.3816
24.6711
29.6053
29.6053
26.3158
21.3816
13.1579
4.93421
0
-6.57895
-9.86842
-9.86842
-6.57895
-1.64474
6.57895
16.4474
23.0263
21.3816
18.0921
13.1579
4.93421
0
-4.93421
-11.5132
-9.86842
-8.22368
-9.86842
-4.93421
-4.93421
-4.93421
-1.64474
-9.86842
-8.22368
-11.5132
-14.8026
-16.4474
-19.7368
-26.3158
-31.25
-37.8289
-44.4079
-44.4079
-49.3421
-49.3421
-50.9868
-52.6316
-52.6316
-52.6316
-50.9868
-54.2763
-59.2105
-65.7895
-69.0789
-75.6579
-80.5921
-87.1711
-90.4605
-95.3947
-101.974
-103.618
-100.329
-95.3947
-83.8816
-75.6579
-70.7237
-60.8553
-60.8553
-64.1447
-59.2105
-62.5
-64.1447
-64.1447
-62.5
-64.1447
-60.8553
-55.9211
-55.9211
-52.6316
-46.0526
-39.4737
-32.8947
-29.6053
-27.9605
-19.7368
-11.5132
-6.57895
-3.28947
-4.93421
-6.57895
-3.28947
0
4.93421
9.86842
18.0921
16.4474
18.0921
18.0921
13.1579
13.1579
14.8026
16.4474
21.3816
21.3816
23.0263
31.25
36.1842
42.7632
54.2763
59.2105
57.5658
54.2763
50.9868
47.6974
49.3421
47.6974
49.3421
44.4079
41.1184
39.4737
37.8289
39.4737
49.3421
57.5658
69.0789
77.3026
85.5263
87.1711
83.8816
85.5263
80.5921
75.6579
69.0789
64.1447
50.9868
44.4079
37.8289
36.1842
34.5395
34.5395
42.7632
47.6974
54.2763
57.5658
57.5658
54.2763
46.0526
44.4079
39.4737
34.5395
31.25
24.6711
23.0263
16.4474
14.8026
11.5132
8.22368
9.86842
6.57895
6.57895
9.86842
8.22368
9.86842
6.57895
1.64474
0
-4.93421
-4.93421
-3.28947
-1.64474
-1.64474
-6.57895
-9.86842
-13.1579
-16.4474
-14.8026
-18.0921
-21.3816
-26.3158
-31.25
-37.8289
-44.4079
-46.0526
-46.0526
-47.6974
-44.4079
-39.4737
-36.1842
-37.8289
-42.7632
-42.7632
-46.0526
-42.7632
-39.4737
-42.7632
-49.3421
-54.2763
-57.5658
-62.5
-60.8553
-65.7895
-69.0789
-69.0789
-75.6579
-70.7237
-67.4342
-65.7895
-67.4342
-69.0789
-64.1447
-54.2763
-47.6974
-42.7632
-39.4737
-42.7632
-39.4737
-41.1184
-37.8289
-36.1842
-32.8947
-31.25
-36.1842
-37.8289
-39.4737
-41.1184
-46.0526
-44.4079
-42.7632
-39.4737
-36.1842
-34.5395
-27.9605
-18.0921
-8.22368
0
1.64474
3.28947
3.28947
3.28947
9.86842
11.5132
11.5132
9.86842
8.22368
8.22368
13.1579
14.8026
18.0921
19.7368
24.6711
26.3158
27.9605
29.6053
31.25
34.5395
36.1842
39.4737
46.0526
49.3421
55.9211
64.1447
69.0789
74.0132
75.6579
77.3026
80.5921
85.5263
88.8158
92.1053
92.1053
92.1053
90.4605
90.4605
92.1053
93.75
98.6842
101.974
98.6842
100.329
100.329
105.263
111.842
111.842
110.197
105.263
100.329
98.6842
100.329
98.6842
95.3947
88.8158
83.8816
80.5921
74.0132
69.0789
60.8553
50.9868
42.7632
34.5395
27.9605
21.3816
14.8026
9.86842
3.28947
-1.64474
-11.5132
-23.0263
-34.5395
-41.1184
-44.4079
-54.2763
-57.5658
-62.5
-72.3684
-78.9474
-88.8158
-97.0395
-103.618
-111.842
-115.132
-116.776
-120.066
-128.289
-134.868
-138.158
-141.447
-141.447
-143.092
-141.447
-144.737
-141.447
-139.803
-139.803
-139.803
-139.803
-138.158
-133.224
-133.224
-128.289
-121.711
-115.132
-108.553
-98.6842
-95.3947
-88.8158
-82.2368
-75.6579
-65.7895
-64.1447
-62.5
-57.5658
-54.2763
-47.6974
-41.1184
-31.25
-18.0921
-4.93421
8.22368
14.8026
19.7368
27.9605
29.6053
34.5395
39.4737
39.4737
44.4079
49.3421
55.9211
62.5
67.4342
74.0132
83.8816
90.4605
92.1053
88.8158
85.5263
82.2368
80.5921
83.8816
88.8158
95.3947
98.6842
105.263
108.553
110.197
108.553
105.263
100.329
92.1053
82.2368
74.0132
70.7237
69.0789
69.0789
70.7237
72.3684
72.3684
75.6579
75.6579
69.0789
59.2105
44.4079
29.6053
18.0921
8.22368
3.28947
3.28947
4.93421
4.93421
8.22368
11.5132
13.1579
9.86842
1.64474
-8.22368
-16.4474
-29.6053
-36.1842
-36.1842
-32.8947
-27.9605
-26.3158
-24.6711
-19.7368
-21.3816
-23.0263
-31.25
-46.0526
-57.5658
-70.7237
-78.9474
-83.8816
-80.5921
-72.3684
-64.1447
-57.5658
-50.9868
-50.9868
-49.3421
-49.3421
-47.6974
-42.7632
-37.8289
-31.25
-27.9605
-19.7368
-16.4474
-13.1579
-11.5132
-6.57895
-3.28947
-1.64474
1.64474
6.57895
4.93421
6.57895
4.93421
6.57895
11.5132
18.0921
23.0263
31.25
34.5395
37.8289
41.1184
42.7632
46.0526
50.9868
55.9211
57.5658
57.5658
54.2763
52.6316
49.3421
44.4079
42.7632
46.0526
47.6974
50.9868
50.9868
50.9868
47.6974
41.1184
37.8289
34.5395
29.6053
31.25
27.9605
24.6711
18.0921
11.5132
4.93421
-3.28947
-11.5132
-14.8026
-19.7368
-26.3158
-32.8947
-36.1842
-41.1184
-42.7632
-46.0526
-47.6974
-49.3421
-52.6316
-57.5658
-62.5
-69.0789
-74.0132
-80.5921
-87.1711
-90.4605
-97.0395
-98.6842
-101.974
-101.974
-103.618
-98.6842
-97.0395
-90.4605
-87.1711
-88.8158
-87.1711
-83.8816
-85.5263
-87.1711
-82.2368
-77.3026
-70.7237
-64.1447
-57.5658
-49.3421
-44.4079
-39.4737
-36.1842
-36.1842
-32.8947
-31.25
-29.6053
-27.9605
-21.3816
-16.4474
-3.28947
8.22368
23.0263
36.1842
44.4079
50.9868
50.9868
49.3421
46.0526
44.4079
44.4079
47.6974
57.5658
67.4342
75.6579
83.8816
92.1053
93.75
88.8158
85.5263
75.6579
67.4342
62.5
62.5
69.0789
80.5921
97.0395
113.487
126.645
136.513
136.513
131.579
123.355
113.487
106.908
105.263
110.197
118.421
131.579
141.447
149.671
152.961
146.382
136.513
120.066
105.263
90.4605
77.3026
67.4342
65.7895
67.4342
70.7237
77.3026
83.8816
85.5263
83.8816
72.3684
59.2105
44.4079
23.0263
8.22368
-8.22368
-18.0921
-26.3158
-29.6053
-31.25
-31.25
-34.5395
-42.7632
-57.5658
-77.3026
-100.329
-120.066
-138.158
-151.316
-154.605
-149.671
-141.447
-131.579
-123.355
-121.711
-123.355
-129.934
-139.803
-151.316
-162.829
-169.408
-175.987
-179.276
-177.632
-169.408
-161.184
-148.026
-136.513
-133.224
-133.224
-138.158
-143.092
-149.671
-146.382
-138.158
-126.645
-111.842
-100.329
-90.4605
-82.2368
-78.9474
-72.3684
-67.4342
-65.7895
-62.5
-57.5658
-49.3421
-42.7632
-32.8947
-21.3816
-9.86842
-3.28947
3.28947
6.57895
8.22368
18.0921
23.0263
34.5395
46.0526
54.2763
62.5
67.4342
69.0789
72.3684
75.6579
83.8816
92.1053
101.974
111.842
120.066
123.355
126.645
128.289
131.579
133.224
138.158
143.092
149.671
156.25
161.184
164.474
161.184
152.961
149.671
138.158
129.934
128.289
126.645
131.579
131.579
129.934
126.645
113.487
100.329
85.5263
67.4342
54.2763
42.7632
31.25
26.3158
23.0263
21.3816
13.1579
6.57895
-6.57895
-24.6711
-44.4079
-64.1447
-80.5921
-93.75
-95.3947
-93.75
-85.5263
-75.6579
-70.7237
-70.7237
-75.6579
-87.1711
-103.618
-118.421
-131.579
-131.579
-128.289
-118.421
-98.6842
-80.5921
-64.1447
-49.3421
-39.4737
-36.1842
-27.9605
-27.9605
-24.6711
-18.0921
-9.86842
3.28947
13.1579
23.0263
32.8947
34.5395
36.1842
34.5395
32.8947
31.25
34.5395
37.8289
44.4079
49.3421
54.2763
55.9211
54.2763
50.9868
49.3421
46.0526
46.0526
46.0526
47.6974
42.7632
39.4737
34.5395
21.3816
14.8026
4.93421
-3.28947
-6.57895
-11.5132
-8.22368
-4.93421
0
0
0
-1.64474
-6.57895
-13.1579
-16.4474
-23.0263
-29.6053
-32.8947
-37.8289
-39.4737
-37.8289
-37.8289
-32.8947
-34.5395
-37.8289
-41.1184
-44.4079
-52.6316
-57.5658
-57.5658
-59.2105
-60.8553
-60.8553
-59.2105
-59.2105
-57.5658
-52.6316
-50.9868
-49.3421
-49.3421
-49.3421
-50.9868
-57.5658
-59.2105
-64.1447
-67.4342
-65.7895
-62.5
-59.2105
-50.9868
-46.0526
-39.4737
-34.5395
-31.25
-34.5395
-32.8947
-31.25
-24.6711
-23.0263
-23.0263
-13.1579
-13.1579
-9.86842
-3.28947
1.64474
9.86842
21.3816
31.25
39.4737
46.0526
44.4079
44.4079
44.4079
42.7632
42.7632
50.9868
57.5658
65.7895
70.7237
75.6579
77.3026
75.6579
74.0132
70.7237
72.3684
75.6579
83.8816
92.1053
100.329
101.974
98.6842
95.3947
90.4605
83.8816
77.3026
70.7237
64.1447
60.8553
55.9211
50.9868
44.4079
39.4737
36.1842
31.25
29.6053
24.6711
19.7368
14.8026
6.57895
1.64474
-6.57895
-18.0921
-27.9605
-31.25
-32.8947
