SAMPLES: 7250
BITSPERSAMPLE:	16
CHANNELS:	1
SAMPLERATE:	16000
NORMALIZED:	FALSE
-147.868
-69.2925
2.3208
-10.6094
33.8174
125.655
40.4482
-95.4844
-108.746
-29.5073
-36.1382
-8.95166
134.275
99.4629
8.62012
-40.7798
-74.5972
-64.6509
-32.4912
-35.1436
-4.31006
97.1421
28.8442
-114.714
-48.0737
22.2134
-30.1704
-113.719
36.4697
96.479
-19.8926
-11.2725
33.1543
6.9624
-29.8389
12.9302
-35.1436
26.5234
120.682
3.64697
9.61475
52.7153
-69.9556
-61.667
36.1382
1.98926
34.4805
124.992
77.2495
-28.1812
-48.0737
-62.9932
-20.2241
28.8442
25.5288
42.4375
77.2495
33.1543
-120.019
-126.318
-45.4214
12.5986
1.98926
75.9233
205.225
117.366
17.5718
-31.4966
-57.6885
-25.5288
-1.32617
31.4966
70.9502
123.666
11.2725
-133.612
-154.499
-104.768
-103.11
-19.561
105.762
90.5112
84.2119
42.4375
-78.9072
-131.623
-26.1919
13.5933
1.65772
47.7422
91.8374
38.7905
-40.1167
-102.778
-60.0093
28.8442
-42.4375
7.95703
171.408
102.447
-33.8174
-18.5664
-43.1006
-95.1528
-69.2925
-29.5073
73.6025
74.5972
-35.4751
-50.3945
-37.4644
-129.965
-71.6133
12.9302
9.2832
174.06
130.296
-52.3838
-50.7261
12.9302
-75.2603
-95.4844
66.3086
102.778
89.8482
44.7583
-9.2832
-37.4644
-61.3355
-93.1636
-12.2671
93.1636
60.0093
87.1958
16.5772
-125.323
-92.169
-57.3569
-130.628
-41.4429
116.703
113.056
55.3677
-37.7959
-77.2495
-15.9141
-35.4751
-71.2817
79.9019
205.888
117.366
41.1113
-1.98926
-81.228
-49.7315
-24.8657
-84.5435
47.4106
127.644
35.1436
0.331543
-58.3516
-88.1904
-86.5327
-53.3784
-45.0898
22.2134
96.1475
87.8589
10.6094
-64.6509
-44.0952
-29.8389
-40.1167
-67.3032
72.6079
140.574
34.1489
-40.4482
-38.1274
-0.331543
-74.9287
-72.2764
63.3247
115.709
46.7476
-2.65234
4.31006
-8.95166
-69.624
-100.126
-33.8174
53.71
31.165
-19.8926
-8.28858
13.9248
-57.0254
-114.714
-25.5288
21.8818
-2.3208
53.71
118.692
62.3301
-9.94629
-10.2778
5.30469
-23.208
-23.208
11.2725
74.2656
57.3569
-48.0737
-77.5811
0
-24.5342
-99.1314
47.0791
122.008
1.32617
-17.2402
31.4966
-22.2134
-6.63086
5.96777
17.9033
56.6939
15.5825
-58.6831
-61.9985
0.663086
-45.7529
-38.7905
37.1328
41.1113
29.5073
-8.28858
-13.5933
61.667
47.0791
-29.1758
11.2725
38.459
-28.8442
7.95703
39.4536
5.96777
10.6094
-18.2349
-36.8013
-30.1704
-24.2026
15.9141
47.7422
45.7529
16.5772
14.5879
21.8818
-36.8013
-23.5396
45.7529
34.812
9.94629
-19.8926
7.62549
1.98926
-52.7153
10.9409
27.5181
2.65234
-4.6416
-11.2725
-16.2456
-13.5933
-17.9033
-8.28858
56.6939
7.62549
-62.3301
-2.98389
8.28858
-52.3838
-56.6939
12.5986
36.1382
-34.4805
-62.9932
-22.5449
1.32617
-8.95166
-30.502
10.6094
45.7529
2.3208
-50.3945
-23.5396
29.8389
-20.2241
-22.5449
9.94629
-8.62012
-44.7583
-62.3301
-21.2188
-23.5396
-81.228
-73.271
-20.8872
-40.7798
-104.768
-35.4751
72.9395
1.98926
-55.3677
14.5879
1.65772
-61.667
-49.7315
-23.5396
31.4966
37.1328
-42.106
38.1274
69.9556
-44.7583
-23.8711
44.4268
60.0093
50.063
18.898
43.7637
113.056
22.8765
-43.7637
43.7637
75.2603
-7.62549
-19.2295
65.9771
55.6992
16.2456
-10.6094
33.8174
94.1582
22.2134
7.95703
96.8106
70.2871
33.8174
69.2925
61.667
89.1851
108.746
62.9932
88.1904
144.221
72.2764
52.0523
124.66
64.3193
14.2563
60.6724
36.1382
-8.28858
27.5181
16.2456
5.96777
20.2241
-10.6094
-4.31006
0.994629
-26.855
6.29932
29.5073
-12.9302
-15.251
-5.63623
-41.1113
-36.1382
-15.5825
-34.812
-35.1436
-24.2026
-59.3462
-63.9878
-27.5181
-40.7798
-64.9824
-63.6563
-80.2334
-134.275
-135.933
-110.735
-98.4683
-85.2066
-79.5703
-121.676
-139.58
-121.345
-177.044
-168.092
-87.1958
-112.062
-164.445
-149.194
-194.947
-231.085
-188.648
-158.478
-130.296
-121.676
-134.938
-168.424
-153.836
-138.917
-185.664
-180.028
-173.065
-217.824
-221.802
-198.594
-222.465
-214.84
-133.943
-62.6616
-40.7798
33.1543
157.814
282.475
358.398
309.33
353.425
489.689
470.46
412.771
522.843
643.525
577.216
432.995
419.402
486.374
436.642
349.778
383.264
493.004
437.968
246.005
187.985
219.15
105.099
-27.8496
29.1758
117.366
78.5757
-29.8389
-44.7583
-35.8066
-95.1528
-123.666
-39.1221
63.3247
69.624
43.1006
58.6831
68.6294
32.1597
33.8174
117.366
183.343
168.755
141.569
134.606
109.741
39.1221
-2.3208
8.62012
-26.855
-121.676
-183.675
-216.829
-293.747
-387.905
-448.578
-464.823
-502.619
-566.939
-605.729
-619.322
-643.857
-715.801
-705.524
-618.328
-612.36
-629.6
-580.2
-478.417
-434.984
-427.027
-357.403
-294.742
-298.72
-346.131
-335.853
-294.079
-306.677
-354.419
-360.719
-345.136
-324.249
-349.446
-455.209
-510.908
-424.375
-280.485
-139.911
204.894
662.423
803.66
420.397
75.9233
292.421
649.161
766.527
1002.59
1557.26
1683.24
994.961
306.346
329.554
603.408
595.12
744.646
1296
1486.97
910.417
256.283
85.5381
67.9663
-88.8535
-71.6133
289.769
524.501
270.871
-120.019
-316.955
-453.882
-608.381
-528.148
-172.402
152.178
198.926
73.271
-20.2241
-115.045
-153.504
6.63086
347.789
667.396
795.703
834.162
831.51
738.346
580.2
479.08
513.892
552.019
510.576
421.391
270.871
-24.8657
-405.477
-655.461
-752.271
-800.345
-824.879
-800.013
-813.275
-940.256
-1040.71
-1084.48
-1082.49
-994.961
-870.632
-785.757
-737.02
-674.69
-648.498
-631.589
-555.666
-465.155
-401.167
-342.152
-247.663
-208.541
-272.197
-309.661
-255.288
-193.29
-185.001
-166.435
-182.68
-297.726
-452.888
-558.981
-577.548
-614.681
-737.683
-792.388
-813.938
-938.93
-1062.6
-767.191
123.334
902.792
789.735
77.9126
-99.7944
346.462
579.869
664.081
1415.69
2488.56
2413.3
1113.32
235.396
520.854
811.949
610.371
1018.5
2100.99
2288.64
1129.24
123.334
115.709
141.237
-244.347
-185.001
527.816
860.686
316.624
-343.81
-550.03
-617.002
-790.067
-659.439
-70.6187
380.611
284.795
28.5127
-94.8213
-193.953
-216.166
54.7046
575.227
941.582
945.892
800.013
739.341
750.282
766.196
826.205
930.31
929.978
762.217
513.56
255.62
-16.2456
-261.587
-346.794
-366.023
-502.288
-746.635
-993.634
-1202.17
-1304.29
-1235.99
-1107.69
-983.688
-911.412
-929.647
-982.03
-993.303
-940.919
-795.372
-558.65
-356.74
-263.908
-303.362
-404.482
-480.406
-487.368
-408.793
-274.849
-174.06
-172.734
-291.426
-451.893
-562.96
-620.648
-671.706
-676.016
-613.355
-623.301
-817.253
-1087.79
-1232.35
-1253.56
-1212.45
-1045.36
-274.518
829.521
1144.49
266.229
-642.862
-437.637
290.763
709.17
1251.91
2408.66
2923.88
1677.94
-62.3301
-371.66
454.214
909.754
1166.7
2104.97
2818.12
1898.75
110.735
-581.195
-164.114
82.2227
97.4736
596.777
1205.16
838.141
-274.186
-961.806
-888.867
-645.846
-394.868
159.141
759.897
810.954
309.993
-158.809
-280.485
-108.083
288.774
876.6
1370.6
1416.68
1109.67
757.244
576.553
689.941
1025.79
1375.57
1470.72
1234.67
798.356
268.881
-173.729
-393.21
-327.564
-173.065
-230.754
-547.377
-1003.58
-1437.9
-1684.9
-1597.04
-1231.02
-901.797
-821.232
-980.041
-1208.14
-1330.48
-1279.76
-1052.65
-736.689
-471.123
-359.724
-432.332
-607.387
-759.565
-788.741
-664.412
-462.502
-298.389
-286.122
-484.053
-824.547
-1076.85
-1112.66
-979.378
-848.419
-901.797
-1054.97
-1292.02
-1426.63
-1321.86
-807.639
233.738
1061.93
945.892
12.9302
-467.476
4.6416
628.606
987.998
1681.59
2660.63
2491.55
858.365
-479.08
-151.515
814.27
1188.91
1528.08
2277.37
2325.11
948.545
-502.951
-575.227
23.5396
151.184
95.8159
527.816
830.184
136.596
-906.107
-1201.18
-805.981
-401.499
-107.42
339.832
678.669
503.614
35.8066
-166.766
82.2227
519.196
991.314
1396.46
1567.2
1383.2
1060.27
871.958
928.652
1262.18
1599.69
1619.59
1265.17
839.467
527.816
185.001
-130.628
-164.445
2.3208
-77.2495
-541.078
-996.287
-1204.5
-1342.75
-1417.35
-1235
-921.358
-889.53
-1141.5
-1275.11
-1149.46
-1001.59
-892.845
-618.991
-296.399
-214.84
-378.622
-507.924
-507.592
-529.143
-526.159
-415.092
-298.389
-381.606
-649.161
-903.455
-1085.14
-1226.38
-1267.49
-1249.59
-1327.83
-1520.12
-1665.67
-1545.65
-1309.59
-750.282
209.867
890.193
473.443
-566.607
-640.541
357.735
1233.01
1579.8
2193.16
2783.3
1972.02
85.5381
-779.458
159.141
1265.83
1582.79
1903.06
2313.51
1691.2
-58.6831
-1161.4
-728.4
77.2495
291.758
313.308
544.062
323.586
-670.711
-1518.14
-1407.4
-674.027
-84.2119
176.381
365.692
354.088
-13.9248
-401.499
-292.421
388.237
1153.77
1620.58
1736.29
1605.33
1277.44
937.272
1009.55
1524.43
2005.5
2022.74
1612.96
1071.88
538.757
83.2173
-120.019
-12.2671
127.313
-44.4268
-487.7
-948.545
-1319.54
-1521.12
-1404.42
-1028.11
-724.753
-737.352
-980.373
-1182.95
-1221.07
-1127.58
-869.969
-457.198
-105.431
-24.5342
-202.573
-439.626
-595.12
-556.661
-362.377
-185.333
-121.676
-268.218
-585.836
-932.299
-1159.41
-1138.85
-1014.19
-1124.26
-1476.36
-1779.72
-1647.11
-1323.19
-921.026
-5.63623
969.1
786.42
-751.276
-1544.33
-374.975
1199.85
1657.72
1929.91
2889.73
2690.47
238.048
-1824.81
-766.196
1590.74
2229.96
1872.55
2291.29
2272.4
112.393
-2126.52
-1568.86
484.384
1072.87
315.96
212.188
406.803
-746.635
-2315.16
-2128.17
-516.212
409.787
248.989
218.487
318.944
-293.084
-1113.65
-782.11
586.168
1595.05
1794.31
1690.54
1425.97
804.323
353.425
766.859
1740.27
2324.12
2200.78
1713.75
937.272
11.604
-460.513
-154.167
362.708
398.183
-2.98389
-496.983
-1081.16
-1688.55
-1798.95
-1186.26
-466.813
-319.276
-587.163
-843.445
-1091.11
-1327.5
-1166.7
-432.332
310.324
449.241
103.441
-294.41
-605.398
-784.762
-599.098
-41.1113
331.543
101.784
-449.904
-954.181
-1352.03
-1553.61
-1334.46
-929.978
-892.845
-1184.27
-1238.31
-1155.1
-1140.84
-618.328
462.502
837.146
-308.335
-1124.26
-51.3892
1373.91
1327.5
1057.95
2114.25
2580.07
624.295
-1357.67
-347.789
1883.83
2099.99
1200.19
1592.07
2124.86
460.182
-1752.54
-1374.58
628.937
1118.29
74.9287
-210.861
164.777
-587.163
-1925.6
-1744.58
-224.786
555.998
212.851
12.5986
194.284
-85.2066
-631.258
-323.254
766.196
1534.38
1685.56
1642.13
1395.8
802.334
504.608
1032.42
1781.38
1933.23
1607.98
1175.98
477.09
-391.221
-786.088
-458.856
-108.746
-283.801
-711.491
-1105.03
-1584.78
-2038.99
-1935.88
-1265.83
-706.187
-652.808
-798.356
-914.727
-1065.91
-1111
-704.86
51.7207
554.34
505.603
204.562
-49.3999
-245.673
-351.436
-205.557
152.51
294.742
-21.5503
-589.152
-991.314
-1128.24
-1281.75
-1516.48
-1573.5
-1228.7
-841.125
-952.855
-950.202
-131.291
659.107
-3.31543
-1303.96
-902.129
944.234
1793.32
1302.63
1595.05
2564.49
1675.29
-775.148
-1200.19
1123.27
2667.93
1892.78
1262.85
1865.59
1368.61
-869.969
-1805.25
-90.1797
1443.87
772.164
-372.654
-242.358
-100.458
-1152.11
-1923.28
-1066.24
257.277
370.334
-254.625
-299.052
28.8442
-32.1597
-184.669
350.441
1327.17
1896.09
1868.58
1602.35
1389.17
1372.26
1604.67
1927.92
2128.84
2092.37
1731.65
985.677
123.997
-307.34
-218.818
-127.644
-411.113
-897.487
-1394.47
-1947.48
-2432.2
-2504.81
-2105.3
-1643.46
-1470.39
-1538.03
-1647.77
-1685.23
-1590.41
-1258.54
-673.695
-72.2764
237.385
203.236
54.0415
1.98926
23.8711
121.345
296.068
406.803
201.91
-263.577
-648.498
-819.906
-971.753
-1260.53
-1385.19
-1100.06
-781.115
-897.155
-808.633
-99.4629
275.512
-677.342
-1671.64
-692.925
1273.13
1781.38
1005.57
1179.96
1923.28
859.691
-1184.6
-710.828
2076.45
3235.2
1827.13
879.915
1421.66
955.507
-897.487
-1095.42
1015.52
2160.33
713.481
-864.664
-720.774
-440.621
-1235.66
-1502.88
-189.643
969.432
406.803
-747.961
-908.759
-378.622
-61.9985
287.448
1109.01
1808.9
1782.04
1352.03
1116.97
1178.97
1470.39
2079.11
2711.03
2768.72
2176.25
1429.61
835.82
408.129
310.987
594.125
758.57
206.22
-839.798
-1660.37
-1976
-2058.55
-2017.44
-1681.59
-1315.56
-1435.25
-2040.65
-2498.84
-2428.88
-2010.81
-1452.82
-822.558
-328.891
-317.95
-664.412
-825.874
-560.971
-175.055
123.002
397.52
484.384
99.7944
-527.816
-799.35
-674.027
-786.752
-1173
-1170.02
-707.844
-680.658
-1023.8
-511.902
505.935
129.633
-1668.32
-2002.52
54.0415
1677.61
1140.18
635.236
1626.22
1576.49
-870.632
-2260.79
65.314
2887.41
2573.77
953.518
1069.89
1506.53
-154.167
-1793.65
-365.36
2217.03
2168.62
84.5435
-710.497
-99.4629
-458.856
-1571.85
-1092.1
788.409
1418.34
212.188
-780.121
-440.621
74.2656
7.29395
289.769
1323.52
2144.09
1888.47
1171.01
951.197
1256.88
1624.23
1996.55
2486.57
2666.93
2164.31
1287.38
686.626
544.394
638.552
751.276
656.455
159.804
-614.349
-1248.26
-1485.64
-1490.62
-1416.02
-1213.45
-1080.5
-1328.49
-1814.87
-2033.35
-1804.59
-1395.13
-1059.28
-817.253
-689.609
-800.676
-1025.46
-1018.83
-700.219
-368.013
-300.378
-387.242
-492.01
-640.21
-797.692
-813.607
-785.094
-993.303
-1246.93
-1086.47
-751.276
-674.358
-304.356
523.506
574.564
-922.684
-1969.37
-653.803
1339.43
1470.72
661.428
1207.15
1717.39
-171.076
-2400.37
-1207.48
1963.73
2661.3
907.765
269.876
995.624
120.35
-1910.68
-1515.15
1194.22
2188.85
296.399
-1239.97
-757.244
-429.68
-1353.03
-1448.51
284.132
1531.07
616.67
-754.592
-668.722
136.264
377.296
576.222
1478.35
2316.82
2090.71
1297.66
1012.86
1292.02
1650.75
2075.46
2654
2862.54
2252.83
1221.74
551.688
481.732
720.111
954.512
940.587
446.92
-429.348
-1148.46
-1362.97
-1239.31
-1041.38
-783.436
-569.922
-758.902
-1326.84
-1660.37
-1326.5
-673.364
-288.774
-190.637
-181.022
-365.692
-734.699
-865.99
-499.967
-54.0415
21.5503
-225.118
-613.686
-1005.9
-1286.72
-1204.5
-1006.23
-1048.34
-1175.98
-1095.75
-1056.63
-1203.5
-704.197
357.072
469.465
-1018.17
-1833.43
-327.564
1388.5
1094.09
290.432
1181.95
1851
-76.5864
-2154.7
-794.045
2066.51
2159.67
246.336
-9.94629
950.534
-91.8374
-2187.85
-1633.51
942.908
1396.46
-772.827
-1964.39
-1062.6
-711.16
-1771.1
-1890.79
-268.55
710.497
-303.693
-1447.52
-1073.87
9.61475
484.053
614.681
1184.6
1846.69
1910.02
1495.59
1370.27
1814.2
2389.76
2664.94
2633.78
2518.73
2245.87
1685.9
1094.09
916.053
1121.94
1125.92
674.358
6.63086
-524.833
-847.092
-1052.32
-1111.66
-1002.59
-822.558
-811.617
-1042.04
-1329.49
-1378.22
-1033.42
-484.716
-38.7905
173.397
184.006
57.6885
-80.5649
-75.9233
179.365
488.031
563.623
281.48
-132.617
-445.262
-606.061
-706.187
-896.824
-1005.57
-923.347
-812.612
-955.507
-666.401
326.57
716.133
-695.246
-2312.18
-1423.31
903.123
1472.71
314.303
457.529
1570.52
368.344
-2431.54
-2204.76
1319.21
2954.38
1053.64
-356.077
578.211
479.743
-1842.05
-2404.02
331.543
2119.55
206.551
-2169.95
-1867.58
-885.551
-1672.97
-2485.25
-1226.38
351.436
-234.401
-1894.44
-2125.19
-1055.63
-327.564
-123.334
396.194
1084.48
1118.63
683.31
660.102
1253.9
1983.62
2437.5
2551.55
2370.2
2036.01
1752.2
1597.04
1569.52
1652.41
1653.07
1289.37
544.725
-215.171
-575.89
-560.308
-498.641
-579.869
-727.405
-867.316
-1114.65
-1425.3
-1487.3
-1135.87
-603.74
-253.962
-188.316
-197.268
-152.841
-47.7422
128.97
432.332
770.506
837.146
545.388
131.623
-87.5274
-50.063
-74.2656
-254.957
-325.244
-195.942
-135.27
-599.43
-723.427
219.481
1044.36
110.404
-1616.94
-1239.31
853.06
1526.76
277.501
135.933
1497.58
980.373
-1736.62
-2307.21
707.181
2645.38
985.014
-673.032
258.604
829.852
-1173.99
-2322.13
-121.013
1918.64
445.925
-2037.33
-1868.91
-491.347
-883.231
-1943.17
-1199.19
262.914
-227.77
-1967.71
-2296.27
-1142.17
-427.359
-488.031
-218.487
381.938
337.842
-242.689
-236.059
568.596
1372.59
1692.2
1724.02
1631.19
1309.26
983.688
998.939
1297
1522.45
1450.83
1131.89
629.6
27.1865
-414.097
-452.225
-290.1
-317.287
-584.842
-818.58
-957.496
-1141.5
-1245.94
-1031.1
-614.349
-430.674
-484.053
-413.103
-173.397
3.97852
69.9556
273.855
565.944
664.744
469.796
217.161
123.666
159.472
112.725
-56.6939
-96.1475
26.5234
133.612
-109.078
25.1973
978.052
1558.25
432.332
-1244.28
-771.169
1289.04
1916.98
716.796
559.976
1736.95
1083.48
-1602.68
-2096.68
878.589
2736.89
1066.57
-611.697
236.722
700.55
-1298.65
-2317.82
-9.94629
1982.63
344.142
-2221.01
-2000.86
-557.324
-931.636
-1889.13
-963.796
573.901
-12.5986
-1839.07
-2076.12
-740.004
-18.5664
-372.323
-308.667
434.653
652.145
-18.5664
-418.076
188.316
1075.19
1373.25
1174.99
1067.57
1014.52
711.16
386.911
492.01
870.963
862.675
366.687
-125.655
-348.783
-521.186
-722.101
-755.586
-667.065
-681.652
-887.872
-1104.7
-1202.51
-1154.1
-950.865
-632.253
-373.649
-323.918
-340.163
-220.145
19.8926
177.044
311.319
538.094
748.624
654.134
353.093
234.732
240.369
95.1528
-97.1421
-6.63086
210.198
93.8267
-183.675
369.339
1428.95
1413.04
-163.782
-1207.15
10.9409
1720.38
1665.01
744.977
1184.93
1885.82
450.898
-1700.15
-962.469
1858.63
2510.44
669.385
-154.499
779.789
388.237
-1621.25
-1627.54
831.841
1770.44
-382.932
-2210.73
-1447.52
-494.331
-1246.93
-1764.14
-499.967
558.65
-503.945
-1973.68
-1566.54
-263.245
-96.1475
-566.939
-51.7207
866.322
624.295
-267.555
-129.633
897.155
1250.25
936.277
1104.04
1535.04
1097.08
195.61
208.541
901.797
904.118
120.35
-317.618
-261.587
-529.474
-1109.67
-1195.54
-841.125
-840.462
-1269.15
-1482.33
-1344.41
-1345.73
-1460.45
-1210.8
-668.059
-477.753
-719.78
-740.999
-298.057
130.296
228.102
315.297
509.25
532.127
322.26
277.833
548.041
553.677
197.6
18.5664
241.363
461.176
108.415
-93.1636
796.698
1833.76
1309.59
-488.694
-867.648
820.569
1921.62
1047.01
498.972
1710.1
1994.23
-300.046
-1865.26
185.001
2618.86
1754.86
-216.829
210.53
1374.58
-24.2026
-1954.78
-780.121
1606.99
1086.8
-1486.64
-2048.6
-607.718
-475.101
-1721.04
-1580.13
0.663086
220.808
-1339.1
-2016.11
-858.033
90.5112
-254.293
-430.674
402.825
886.546
203.236
-250.647
583.847
1562.89
1470.06
1024.8
1247.93
1457.79
784.762
115.709
527.816
1260.53
972.416
-37.1328
-574.896
-596.446
-824.547
-1168.36
-1010.54
-699.224
-1040.38
-1800.61
-2057.89
-1682.25
-1411.71
-1432.27
-1254.56
-867.648
-819.243
-1095.09
-1006.9
-393.542
155.494
381.938
550.693
644.52
401.499
74.2656
257.94
768.848
773.49
326.57
169.087
416.75
435.979
28.1812
309.993
1452.49
1840.06
477.753
-885.551
-71.2817
1609.64
1598.37
492.673
856.707
1949.8
858.365
-1486.64
-1132.88
1711.09
2533.98
567.27
-325.244
958.822
1012.2
-1027.12
-1380.88
953.518
1949.47
-262.251
-2220.68
-1389.17
-203.236
-863.67
-1540.35
-534.116
334.527
-768.185
-2194.81
-1736.62
-244.679
247.331
-168.424
-130.959
336.185
267.887
-163.782
78.2441
1044.03
1687.22
1535.04
1207.81
1160.73
1067.57
704.197
549.035
896.824
1210.46
827.2
-48.0737
-672.369
-825.874
-854.718
-987.335
-1058.29
-1102.71
-1401.1
-1889.13
-2127.18
-1917.31
-1602.68
-1491.61
-1490.62
-1400.77
-1301.97
-1257.21
-1054.64
-603.74
-156.157
83.2173
238.379
369.67
336.848
274.186
466.149
802.003
781.115
433.658
307.34
570.254
710.828
418.076
746.635
1824.81
2038.33
449.241
-881.904
323.586
2226.97
1989.26
609.044
1038.72
2088.06
572.906
-1868.91
-885.883
2422.25
2820.77
266.561
-507.924
1059.28
839.135
-1400.44
-1244.28
1545.32
2133.81
-656.787
-2427.56
-1130.56
-76.5864
-1063.59
-1487.3
-93.4951
519.196
-1100.39
-2398.71
-1432.27
35.4751
137.922
-262.251
161.793
594.457
11.9355
-586.168
95.1528
1342.42
1674.62
1265.5
1187.59
1335.79
891.188
256.283
448.578
1194.55
1306.94
590.147
-67.3032
-337.842
-658.444
-1060.61
-1040.05
-764.538
-936.277
-1602.35
-2079.77
-2022.08
-1835.75
-1800.61
-1738.61
-1574.83
-1573.5
-1741.6
-1664.01
-1218.09
-740.667
-522.18
-380.943
-124.992
19.561
-52.7153
-79.2388
210.53
558.318
558.981
358.066
283.138
353.425
411.113
311.982
646.509
1657.38
2270.74
1294.01
-395.199
-330.217
1396.13
2248.52
1436.91
1234.67
2157.35
1512.83
-1022.48
-1590.74
1269.15
3211.33
1636.5
-107.751
692.593
1265.17
-639.878
-1644.12
635.899
2516.08
677.342
-1981.3
-1685.23
-204.894
-586.831
-1492.61
-584.842
647.835
-230.422
-1888.8
-1702.8
-274.518
236.39
-124.329
83.5488
693.256
525.164
-130.628
-27.1865
892.845
1499.57
1429.94
1337.44
1399.77
1120.62
592.467
529.474
946.555
1099.07
660.102
140.574
-167.098
-507.592
-925.005
-1091.77
-974.073
-1054.31
-1481.33
-1869.9
-1958.76
-1908.69
-1906.37
-1872.89
-1739.27
-1657.05
-1696.17
-1676.94
-1444.53
-1112.99
-867.648
-686.294
-450.567
-233.406
-212.851
-272.197
-146.874
132.949
237.385
80.5649
-58.3516
-20.8872
162.456
188.316
332.206
1105.7
1897.09
1420.66
-196.273
-634.242
930.31
2302.57
1810.56
1168.69
1921.95
1931.24
-297.394
-1682.58
564.618
3252.44
2503.48
315.96
346.794
1233.67
-17.9033
-1426.3
190.306
2497.51
1494.26
-1381.21
-1924.94
-462.502
-271.202
-1175.98
-759.233
508.587
99.7944
-1607.98
-1988.59
-727.074
180.691
30.1704
83.5488
623.301
643.193
42.106
-31.165
799.35
1497.58
1591.74
1608.65
1748.56
1458.13
816.59
687.62
1163.38
1401.76
1024.14
599.098
332.869
-157.483
-771.501
-926.331
-690.936
-809.628
-1406.41
-1845.7
-1855.98
-1824.15
-1960.08
-1980.31
-1799.95
-1741.93
-1869.24
-1848.35
-1512.5
-1114.65
-927.657
-837.146
-640.21
-402.825
-337.179
-387.574
-277.501
-12.2671
136.596
-25.5288
-242.689
-252.967
-89.8482
-14.5879
-53.71
502.619
1464.09
1496.25
21.2188
-1125.59
-133.943
1564.88
1697.17
941.582
1422.98
2033.02
408.129
-1764.47
-754.26
2327.76
2967.64
1006.23
175.386
1003.58
495.988
-1153.11
-508.587
2012.47
2268.09
-311.65
-1835.75
-823.221
-76.918
-773.821
-836.483
352.099
551.688
-955.175
-1895.43
-1050.66
39.7852
97.1421
-19.2295
390.558
595.12
188.648
-10.6094
599.43
1308.6
1501.56
1517.47
1701.81
1737.95
1394.14
1132.88
1326.17
1564.55
1435.58
1148.46
908.759
527.153
-75.5918
-421.391
-338.174
-369.339
-908.096
-1504.87
-1616.27
-1547.97
-1753.86
-2029.37
-1972.02
-1783.7
-1875.54
-2033.02
-1808.9
-1322.53
-1102.05
-1161.06
-1010.21
-622.638
-395.862
-442.61
-404.482
-122.339
52.0523
-109.741
-386.911
-378.291
-153.504
12.9302
-90.5112
-10.6094
796.366
1469.73
716.133
-972.416
-1159.74
559.313
1706.78
1073.87
668.722
1538.03
1219.08
-1150.45
-2062.2
560.639
2989.85
1947.15
-10.9409
204.894
795.703
-528.148
-1370.27
618.328
2523.04
1114.65
-1426.63
-1539.02
-236.059
-248.657
-842.782
-124.992
812.28
6.9624
-1529.74
-1602.35
-468.802
164.445
116.04
278.496
561.302
370.334
-48.7368
37.7959
679.663
1319.21
1669.32
1754.53
1610.97
1329.49
1134.87
1170.35
1367.95
1618.59
1770.77
1546.32
886.214
171.739
-109.741
37.4644
138.917
-102.447
-551.024
-920.695
-1211.46
-1515.81
-1695.84
-1582.12
-1330.81
-1366.29
-1668.66
-1779.39
-1482
-1124.59
-1018.83
-937.272
-663.086
-424.707
-420.397
-422.054
-208.872
1.32617
-60.0093
-282.143
-372.654
-277.501
-161.13
-61.0039
-15.5825
294.41
883.894
993.303
40.1167
-1049.67
-667.728
700.55
1262.18
811.949
857.702
1218.75
151.184
-1637.49
-1293.35
1164.38
2242.56
907.102
-174.06
169.75
-3.31543
-1146.81
-862.675
1115.64
1747.23
-60.0093
-1629.2
-1206.82
-428.022
-596.446
-595.12
168.092
373.317
-646.509
-1532.72
-1202.51
-360.387
64.9824
183.343
322.591
303.693
79.5703
-63.9878
96.479
567.602
1193.55
1613.62
1488.96
1110.01
969.1
1094.42
1169.35
1214.77
1528.08
1773.09
1403.75
648.167
257.277
337.179
353.093
160.135
6.29932
-110.072
-494.331
-1084.81
-1407.4
-1261.85
-1006.56
-997.281
-1180.96
-1312.25
-1257.87
-1106.36
-944.898
-745.309
-507.924
-355.083
-333.532
-278.496
-126.318
-21.8818
-84.5435
-154.167
-91.8374
-68.6294
-188.648
-237.053
-14.2563
208.541
438.631
781.778
835.157
92.832
-793.051
-525.496
622.306
1223.39
995.624
978.715
907.765
-271.202
-1559.58
-821.564
1247.93
1832.77
664.412
-93.8267
-19.561
-551.688
-1287.05
-453.882
1192.89
1120.95
-591.804
-1550.63
-1081.82
-678.337
-748.293
-354.751
310.656
82.5542
-954.844
-1470.72
-1029.11
-368.013
-17.2402
158.478
262.914
146.874
-146.542
-238.711
149.526
735.362
1059.61
1026.13
943.571
932.299
892.182
837.809
944.234
1166.37
1217.09
1089.78
939.593
764.538
459.187
173.065
94.1582
138.917
73.271
-165.772
-475.101
-819.906
-1086.47
-1133.21
-987.004
-891.519
-957.496
-975.068
-874.61
-779.126
-757.907
-688.946
-468.802
-223.46
-37.7959
113.056
159.804
-2.3208
-197.268
-134.938
101.452
157.483
13.5933
-74.5972
22.5449
62.3301
140.906
598.104
979.046
492.673
-580.2
-765.864
184.006
978.715
964.127
916.716
979.71
161.793
-1137.86
-1040.71
611.365
1558.58
913.401
158.809
49.0684
-383.264
-1115.31
-687.62
695.577
1025.46
-123.334
-1070.55
-1003.58
-827.863
-850.739
-393.542
271.202
111.73
-842.119
-1383.86
-1034.41
-481.4
-172.402
42.769
229.096
112.393
-252.304
-370.997
33.1543
599.761
831.51
736.357
683.31
765.533
809.628
839.798
946.887
1062.26
1008.22
883.562
868.974
865.327
637.226
294.079
159.804
220.476
180.691
-59.3462
-323.918
-500.63
-690.273
-918.374
-985.677
-813.275
-642.862
-656.787
-679.663
-602.082
-590.81
-684.968
-564.949
-98.4683
272.197
187.985
-77.2495
-125.655
-49.0684
-30.8335
37.7959
254.625
327.233
63.9878
-294.742
-322.923
-61.9985
166.103
355.414
482.064
334.195
-247.663
-642.199
-315.629
410.782
777.468
683.973
527.816
178.039
-492.01
-840.793
-180.691
769.511
893.508
323.918
-79.2388
-270.871
-654.134
-767.522
-58.02
708.176
452.225
-474.438
-903.455
-684.636
-510.576
-427.69
-70.9502
244.347
-109.409
-830.184
-981.036
-456.866
-9.61475
27.5181
1.98926
80.2334
-0.663086
-232.08
-159.804
257.277
550.693
469.796
398.515
624.295
813.607
697.235
500.961
589.815
820.9
887.209
794.709
705.524
582.521
309.661
56.3623
53.3784
215.171
230.422
-1.32617
-327.233
-601.419
-749.287
-713.149
-498.309
-250.647
-184.338
-361.713
-631.921
-699.887
-407.466
40.4482
289.437
231.749
74.5972
-15.5825
-41.1113
14.9194
221.802
460.182
462.171
189.974
-75.2603
-140.243
-108.415
-101.784
-67.3032
9.2832
57.0254
31.4966
-50.7261
-177.376
-297.063
-284.132
-159.141
-7.29395
109.078
228.765
209.535
-122.008
-544.394
-597.772
-202.904
163.782
205.888
76.5864
-68.6294
-294.742
-507.924
-377.959
94.8213
412.108
217.161
-212.188
-404.814
-309.33
-172.734
-86.5327
36.8013
81.5596
-118.029
-406.803
-432.332
-178.37
-1.98926
-65.314
-171.739
-152.841
-118.361
-164.114
-133.28
52.0523
178.702
128.97
130.959
325.244
490.021
451.893
369.339
409.787
497.315
535.11
569.259
606.392
514.555
284.132
104.436
89.1851
115.045
101.121
110.072
134.275
78.9072
-50.3945
-143.558
-172.734
-155.494
-53.0469
121.676
236.059
180.691
47.7422
-12.5986
27.1865
132.617
293.416
470.128
526.822
390.889
169.087
52.7153
88.1904
189.311
256.614
227.438
63.6563
-215.171
-462.171
-520.854
-372.986
-200.252
-177.707
-278.828
-389.231
-489.026
-596.446
-620.317
-516.212
-384.59
-340.163
-361.713
-395.199
-482.395
-620.317
-681.984
-575.89
-377.627
-193.621
-52.3838
-18.5664
-133.28
-277.833
-265.566
-76.918
133.28
270.539
301.704
202.241
4.97315
-109.078
-10.9409
180.028
257.277
159.472
-3.64697
-134.606
-191.963
-154.499
-44.7583
32.1597
-15.251
-123.002
-144.221
-46.0845
69.624
132.286
169.418
204.894
212.188
216.829
285.459
381.938
388.9
302.036
228.765
217.824
241.695
289.105
358.398
396.857
366.355
313.64
306.677
345.799
397.189
469.796
562.297
597.772
542.073
470.46
457.861
477.422
492.341
524.501
571.912
564.618
473.112
376.964
334.195
287.116
214.177
194.284
228.765
183.675
1.32617
-180.359
-245.342
-251.31
-293.416
-359.393
-418.739
-511.239
-639.878
-727.737
-751.276
-760.228
-786.752
-812.943
-833.499
-848.419
-848.087
-853.392
-883.231
-890.525
-823.884
-718.785
-639.215
-576.222
-511.902
-488.694
-519.528
-509.913
-383.927
-213.514
-106.094
-71.2817
-61.3355
-60.0093
-48.7368
12.5986
95.4844
119.024
91.1743
89.5166
127.644
144.884
123.002
101.452
88.522
68.9609
67.6348
103.773
146.874
160.135
155.494
157.151
145.879
122.008
157.483
259.598
310.987
267.224
218.818
230.422
261.919
296.399
386.579
498.309
519.859
450.898
424.375
509.582
621.643
688.946
749.619
815.927
814.601
745.972
738.678
848.087
951.86
930.641
832.836
764.538
742.988
717.791
668.391
618.991
567.27
474.438
346.794
245.342
190.306
136.264
43.7637
-68.9609
-166.103
-265.566
-372.323
-447.915
-484.053
-543.731
-660.102
-753.266
-764.87
-772.495
-856.044
-940.256
-928.983
-877.926
-876.6
-897.487
-875.937
-847.424
-871.958
-896.161
-825.211
-688.615
-611.697
-630.595
-653.471
-619.322
-576.553
-559.313
-523.838
-442.278
-365.692
-337.179
-338.505
-341.158
-345.136
-344.142
-311.65
-247.994
-191.632
-168.092
-159.141
-140.243
-124.329
-114.714
-78.9072
1.98926
85.5381
110.404
91.5059
101.121
161.13
213.845
229.428
258.935
308.003
320.934
304.356
350.441
471.454
551.024
542.736
536.768
591.141
655.461
703.203
787.415
901.797
943.24
897.155
883.894
971.089
1065.91
1076.19
1045.02
1032.76
1008.55
939.924
887.872
889.861
881.904
799.35
668.391
555.998
472.78
405.146
345.799
290.432
200.915
49.0684
-107.088
-179.365
-165.44
-177.044
-285.127
-418.739
-490.684
-526.49
-578.211
-614.018
-593.462
-579.869
-647.172
-741.993
-767.854
-727.405
-696.903
-697.898
-691.599
-675.022
-675.353
-687.62
-670.711
-632.916
-626.285
-658.113
-666.07
-618.991
-568.596
-560.639
-581.858
-602.745
-615.344
-616.67
-588.82
-538.094
-509.582
-521.517
-539.089
-522.512
-485.047
-466.813
-459.85
-423.049
-359.724
-310.324
-284.132
-254.625
-216.166
-182.68
-146.542
-78.5757
6.9624
61.0039
72.6079
92.169
154.831
235.396
302.699
373.649
459.85
520.191
531.463
547.709
624.627
729.726
804.986
855.381
914.727
958.491
946.224
920.032
950.534
1017.17
1042.04
1016.84
996.95
987.004
942.245
871.295
825.542
799.019
747.629
676.016
624.627
583.847
502.619
385.253
293.747
246.336
191.963
104.768
25.8604
-12.2671
-45.7529
-113.719
-185.333
-221.139
-230.754
-252.636
-287.779
-316.292
-335.853
-350.441
-354.751
-352.762
-366.687
-404.482
-438.963
-444.931
-432.332
-431.006
-451.23
-485.047
-518.533
-545.72
-562.96
-570.586
-574.896
-586.168
-607.718
-635.236
-662.754
-683.31
-690.604
-685.299
-668.722
-647.503
-647.835
-672.701
-697.566
-690.604
-650.156
-610.702
-586.831
-564.618
-529.474
-493.668
-466.481
-439.294
-395.199
-338.174
-275.181
-210.861
-153.504
-105.762
-57.6885
9.61475
101.784
200.915
279.159
329.222
374.312
440.952
529.474
622.969
705.524
765.864
795.372
805.981
821.564
853.392
889.861
907.433
901.465
875.274
837.809
793.051
741.662
686.294
634.242
585.836
532.79
470.791
415.423
375.97
334.527
280.154
229.759
195.279
165.772
139.248
131.623
141.569
141.9
122.339
101.452
91.8374
84.875
85.5381
105.762
131.954
124.992
81.8911
38.459
17.5718
8.95166
-3.31543
-19.561
-42.4375
-79.5703
-123.666
-159.804
-179.696
-203.899
-249.32
-301.373
-333.201
-347.457
-377.959
-441.284
-504.277
-540.084
-562.96
-591.473
-615.675
-633.579
-672.038
-725.085
-745.309
-721.438
-706.518
-729.063
-758.239
-745.972
-697.898
-653.803
-628.606
-599.43
-549.035
-500.63
-469.133
-425.038
-342.484
-248.989
-183.343
-134.938
-66.6401
5.30469
48.4053
91.8374
182.017
285.127
333.864
350.772
404.814
486.374
529.143
533.784
562.297
621.643
657.45
642.53
614.349
606.724
604.403
583.847
539.42
484.053
414.76
334.195
274.849
252.636
241.032
205.225
154.167
115.709
86.5327
56.0308
44.7583
67.6348
100.458
115.377
122.339
132.949
129.965
111.067
127.644
196.937
253.962
247.994
222.134
233.075
246.005
222.797
204.894
239.374
271.202
236.722
176.712
163.451
178.039
156.82
110.072
87.1958
79.9019
37.4644
-38.7905
-94.8213
-112.062
-129.302
-182.017
-248.326
-301.041
-349.115
-412.108
-473.443
-502.951
-514.555
-547.709
-602.414
-637.226
-641.867
-646.509
-656.787
-636.231
-580.863
-539.752
-541.41
-540.084
-493.668
-425.038
-368.676
-321.597
-259.598
-198.594
-158.478
-125.323
-74.2656
-2.3208
67.9663
120.682
164.114
214.177
269.876
311.65
336.848
363.703
403.156
435.648
435.648
421.06
421.06
432.995
419.07
370.334
316.624
271.865
228.433
186.327
155.494
129.302
93.8267
54.0415
22.5449
-7.62549
-36.1382
-43.1006
-28.5127
-10.6094
-1.98926
-0.331543
-9.61475
-27.1865
-17.5718
28.5127
69.2925
71.6133
66.9717
85.5381
99.4629
92.5005
91.8374
120.682
150.852
153.504
144.221
144.221
146.874
143.558
144.221
156.488
168.755
166.766
145.547
111.73
87.8589
85.2066
79.5703
45.4214
0.331543
-25.5288
-48.7368
-98.1367
-159.472
-198.926
-224.786
-266.561
-316.292
-342.815
-348.12
-363.371
-388.9
-393.542
-370.997
-353.093
-356.409
-345.799
-302.367
-249.32
-211.524
-181.354
-141.569
-106.094
-87.5274
-59.0147
3.31543
72.9395
104.768
101.452
104.768
137.59
178.039
198.926
212.188
232.743
248.989
233.075
193.29
175.386
193.621
211.193
190.306
144.553
106.425
73.271
34.1489
0.994629
-10.2778
-8.28858
-18.5664
-45.7529
-78.9072
-103.773
-108.746
-87.8589
-50.063
-11.9355
3.97852
-14.2563
-34.1489
-12.9302
44.0952
83.8804
79.5703
71.9448
93.4951
114.382
97.4736
71.6133
80.8965
106.094
112.062
105.762
106.425
97.1421
65.9771
45.7529
63.3247
95.1528
100.126
76.2549
44.7583
16.2456
4.31006
14.5879
22.5449
2.65234
-28.5127
-48.4053
-70.6187
-108.746
-132.617
-126.649
-134.606
-186.659
-231.417
-233.075
-238.379
-285.459
-316.292
-282.475
-244.016
-263.908
-296.068
-272.528
-220.145
-192.626
-172.071
-117.366
-54.7046
-33.8174
-31.8281
10.2778
90.5112
154.831
184.006
207.546
244.016
277.501
293.747
301.704
322.923
350.772
354.419
322.26
281.812
265.234
253.962
213.182
146.542
94.4898
63.3247
15.9141
-56.3623
-120.682
-154.499
-175.055
-200.252
-219.481
-218.487
-214.177
-229.096
-239.043
-202.904
-135.27
-96.8106
-97.1421
-77.9126
-23.208
12.5986
8.28858
19.561
79.9019
139.248
147.537
132.617
136.264
146.542
142.232
140.243
155.825
170.413
163.451
138.585
106.094
81.5596
82.5542
97.8052
95.4844
69.9556
45.4214
32.4912
19.561
6.29932
11.2725
28.1812
24.5342
-9.61475
-39.4536
-42.4375
-40.4482
-65.9771
-102.115
-114.051
-114.051
-137.59
-177.376
-192.626
-190.637
-215.834
-261.919
-274.849
-251.973
-248.657
-272.86
-275.512
-243.021
-219.813
-219.481
-201.247
-156.82
-121.676
-102.778
-65.314
0.331543
59.6777
97.4736
130.296
167.098
194.284
210.198
227.107
238.379
240.7
240.369
230.091
193.29
141.569
108.746
93.1636
64.3193
22.2134
-14.2563
-44.7583
-82.2227
-114.382
-119.687
-108.415
-108.746
-118.692
-115.709
-97.1421
-78.2441
-61.0039
-33.8174
-0.331543
23.5396
33.1543
45.0898
67.6348
98.7998
128.639
148.863
166.766
186.327
204.23
219.813
235.396
256.283
271.534
271.534
261.587
250.647
239.706
222.134
202.241
177.376
145.547
111.73
85.8696
67.3032
44.0952
21.2188
3.31543
-16.2456
-42.106
-64.3193
-70.9502
-72.2764
-79.2388
-89.1851
-98.7998
-110.404
-122.671
-126.649
-130.959
-148.2
-173.729
-188.98
-189.643
-193.953
-209.204
-223.46
-233.406
-246.005
-258.604
-257.94
-247.994
-244.016
-244.679
-231.749
-203.899
-175.718
-152.178
-129.633
-107.088
-85.2066
-63.6563
-43.7637
-28.1812
-16.5772
-2.98389
9.2832
13.5933
6.63086
-6.29932
-17.2402
-24.2026
-27.1865
-29.5073
-38.7905
-56.0308
-69.2925
-72.6079
-71.9448
-67.9663
-55.6992
-36.4697
-20.8872
-10.9409
6.63086
34.1489
63.3247
87.1958
104.105
115.045
124.66
140.243
158.809
172.402
184.006
196.273
204.562
205.888
213.182
231.417
246.668
250.647
253.962
262.914
265.234
254.957
240.037
222.134
206.551
199.589
196.273
186.327
169.087
153.173
141.9
135.933
129.633
120.682
109.078
97.1421
86.8643
76.918
61.9985
41.4429
24.2026
9.61475
-6.63086
-22.2134
-31.4966
-35.8066
-44.4268
-54.7046
-66.9717
-80.2334
-91.1743
-100.789
-111.398
-110.735
-109.741
-139.58
-193.29
-235.396
-260.593
-277.17
-271.534
-237.716
-185.001
-123.334
-74.9287
-72.6079
-109.078
-167.761
-236.059
-301.704
-345.468
-357.735
-340.826
-312.977
-294.742
-291.426
-304.025
-324.581
-330.88
-306.677
-249.983
-173.729
-104.105
-67.9663
-67.6348
-90.1797
-127.976
-169.75
-192.626
-175.055
-115.045
-26.1919
72.9395
169.087
234.732
257.94
245.01
210.198
164.114
128.97
111.398
116.703
148.531
193.29
241.032
277.17
303.03
323.918
345.136
358.066
370.997
372.323
336.848
278.496
214.84
147.868
93.1636
87.8589
129.302
191.963
248.989
280.485
277.833
245.342
203.899
180.691
194.616
230.091
263.577
269.544
232.743
163.782
90.5112
34.4805
21.8818
53.71
107.42
160.135
182.349
160.467
104.768
36.4697
-34.1489
-96.479
-136.596
-135.933
-106.425
-81.228
-77.5811
-81.5596
-82.5542
-89.8482
-99.1314
-106.094
-117.366
-148.2
-201.91
-269.876
-349.446
-433.327
-496.983
-520.854
-518.865
-500.298
-476.759
-472.449
-488.694
-510.576
-522.843
-515.218
-478.748
-423.712
-367.681
-317.95
-285.79
-274.849
-273.855
-265.566
-243.353
-205.888
-142.232
-69.2925
-14.9194
27.8496
57.0254
67.6348
79.5703
100.458
117.698
140.574
175.055
202.241
227.77
263.245
293.084
314.634
315.297
293.084
261.587
237.053
232.743
239.374
256.283
273.855
272.528
256.283
252.636
237.385
221.471
243.021
268.218
289.105
295.073
290.432
303.03
322.26
337.842
356.077
370.334
360.719
340.826
304.025
268.55
274.518
281.48
259.598
230.422
196.605
180.359
163.119
135.27
129.302
133.943
135.933
128.307
117.366
89.8482
87.8589
81.8911
33.8174
3.97852
-34.4805
-90.5112
-135.601
-179.365
-228.765
-255.288
-293.084
-350.772
-375.638
-424.043
-480.406
-509.25
-543.067
-566.275
-569.922
-548.704
-538.757
-538.757
-521.849
-507.261
-499.967
-499.304
-481.732
-431.669
-382.269
-351.436
-333.864
-298.389
-279.491
-274.518
-221.802
-179.696
-180.359
-127.644
-51.3892
-59.6777
-68.6294
5.30469
51.7207
84.2119
140.906
178.37
161.13
147.537
130.296
85.2066
135.27
196.937
177.707
168.755
188.648
126.981
118.361
162.125
144.884
197.6
260.593
211.524
208.209
233.406
211.193
272.197
341.489
355.746
417.081
441.947
355.083
316.955
336.516
349.115
416.086
458.856
452.888
496.651
456.866
332.869
301.704
281.812
246.668
287.779
294.742
312.977
357.735
341.489
302.367
258.935
178.702
125.323
91.1743
49.0684
7.29395
13.2617
63.3247
-47.7422
-157.814
-211.524
-259.267
-285.79
-330.548
-377.296
-379.948
-412.771
-505.272
-512.897
-452.888
-412.771
-416.75
-432.001
-484.384
-521.186
-559.645
-544.062
-407.135
-258.935
-197.6
-189.974
-292.089
-431.337
-380.611
-381.274
-385.253
-222.134
-120.35
-60.3408
-53.71
-166.435
-148.2
-70.2871
-102.778
-137.922
-109.741
-135.933
-97.1421
9.61475
25.1973
54.7046
71.2817
-26.855
-196.605
-160.467
-134.938
-88.8535
77.5811
89.8482
125.655
166.766
-16.5772
-144.884
-23.8711
45.0898
133.612
309.661
363.703
417.744
499.967
375.638
288.111
379.948
415.092
367.681
403.819
428.022
432.001
491.015
351.767
357.072
503.282
387.242
352.43
421.06
400.172
436.642
418.739
361.382
405.146
405.477
305.02
227.77
188.98
120.019
40.1167
15.5825
3.64697
-67.6348
-34.1489
-39.4536
-165.772
-273.523
-349.778
-314.634
-306.014
-330.217
-260.924
-233.738
-246.668
-316.292
-433.658
-413.103
-373.981
-309.33
-240.037
-176.712
-134.938
-217.161
-365.029
-393.21
-375.97
-395.862
-250.978
-142.563
-37.4644
-16.2456
-207.214
-247.994
-136.264
-233.738
-296.731
-100.126
-29.1758
-93.8267
-129.633
-102.115
-5.30469
-111.73
-353.756
-316.292
-176.049
-206.551
-220.476
-91.8374
36.8013
50.063
-167.098
-333.532
-152.841
-89.5166
-162.456
3.64697
112.062
168.092
173.729
34.812
99.4629
232.08
180.028
114.714
199.257
268.218
330.88
421.723
391.552
422.054
512.565
356.077
118.361
224.123
409.456
509.25
670.048
625.622
648.83
626.948
152.841
62.9932
321.597
238.048
393.21
564.286
398.846
346.462
102.778
-184.669
-99.1314
-101.452
-129.965
70.2871
85.8696
-52.7153
-115.709
-187.653
-323.254
-327.896
-324.912
-356.077
-168.424
-72.9395
-166.435
-158.146
-242.358
-419.07
-402.825
-316.624
-316.292
-144.884
-97.1421
-187.322
-211.193
-341.489
-406.472
-241.032
-195.61
-211.524
52.0523
-16.5772
-181.354
-185.996
-215.834
-242.689
-212.188
-190.969
-87.1958
28.1812
-164.777
-247.663
-148.2
-252.636
-225.118
-137.259
-143.558
3.64697
8.95166
-204.562
-214.508
-60.3408
-129.965
-73.9341
2.3208
52.3838
155.162
-33.1543
-114.382
74.9287
128.639
137.922
170.745
235.064
278.165
239.706
115.377
114.714
313.308
309.661
201.91
334.195
500.961
389.895
344.473
407.135
436.974
353.756
259.267
303.693
429.348
393.542
279.822
358.398
375.307
182.68
-54.0415
-12.5986
31.165
19.561
46.0845
28.5127
96.1475
72.2764
-158.809
-198.263
-193.621
-205.225
-147.205
-164.777
-46.7476
55.3677
-30.502
-72.9395
-123.334
-226.112
-135.601
-189.311
-153.836
-106.425
-52.0523
20.5557
-180.359
-277.17
-118.029
-136.264
-300.378
-201.247
-83.5488
-28.1812
-147.205
-276.838
-190.969
-123.334
-213.845
-280.485
-153.173
-118.361
-236.722
-250.315
-298.389
-234.401
-58.3516
-107.088
-71.9448
87.5274
-69.2925
-234.069
-198.263
-187.653
-23.5396
45.7529
63.9878
280.485
182.68
-164.114
-218.155
-163.782
-46.416
124.66
155.162
301.041
350.441
117.698
-189.643
-166.766
32.1597
102.115
108.746
318.944
481.4
357.735
120.019
-6.63086
251.973
251.641
141.9
305.02
453.882
306.346
196.273
129.302
61.0039
100.789
20.5557
48.0737
169.087
93.1636
17.5718
84.5435
-27.1865
-155.162
-72.9395
-22.8765
10.9409
67.3032
-26.5234
32.1597
74.9287
-130.959
-78.5757
94.1582
11.2725
8.62012
64.9824
50.7261
90.8428
2.98389
-56.3623
11.9355
-17.9033
-41.1113
-8.62012
-50.063
8.95166
63.3247
-75.2603
-131.291
-216.166
-209.867
-101.121
-118.692
-67.6348
68.9609
-3.64697
-210.198
-290.1
-327.564
-227.107
-203.899
-96.479
69.624
-114.051
-163.782
-249.32
-452.225
-308.667
-179.033
-162.788
26.855
58.3516
-23.8711
-3.31543
-188.98
-369.67
-198.926
18.898
25.1973
159.472
300.71
163.119
-6.9624
-121.676
-182.349
-29.5073
124.66
229.759
418.076
415.423
214.177
61.3355
-32.4912
-17.9033
103.441
203.567
212.188
275.512
333.201
159.472
37.4644
-25.1973
6.9624
55.0361
-9.2832
-15.9141
147.205
241.032
69.624
-37.4644
-7.62549
-56.0308
-166.103
-89.1851
38.459
236.059
305.351
124.992
123.002
110.735
-124.992
-212.851
57.3569
173.065
209.535
247.663
258.935
206.551
-35.4751
-171.076
-102.778
19.8926
-3.64697
55.3677
259.598
209.535
-121.345
-190.969
-185.664
-260.261
-249.983
-201.247
61.0039
219.813
-79.2388
-192.295
-73.271
-217.492
-351.104
-330.548
-188.648
-12.5986
-131.291
-216.166
-92.169
-137.59
-294.41
-413.766
-315.297
-187.653
-252.636
-193.29
42.106
-15.9141
-151.184
-215.834
-211.524
-138.585
-225.118
-95.1528
124.329
108.415
3.97852
-17.5718
119.355
48.7368
-42.4375
130.296
227.438
216.166
246.336
223.792
254.293
282.475
117.035
128.97
144.884
152.841
157.483
148.531
276.175
213.182
74.5972
1.32617
83.5488
63.9878
-69.624
33.1543
162.125
129.633
138.253
63.6563
-34.1489
218.155
126.981
-74.5972
43.4321
195.61
194.947
127.644
97.4736
110.072
247
133.943
-111.73
95.8159
262.914
-66.6401
56.0308
255.288
10.9409
53.0469
77.2495
-79.9019
57.0254
-123.666
-168.755
39.1221
-63.6563
-170.082
-76.5864
-93.8267
-192.958
-128.307
-216.498
-234.069
-202.573
-180.359
-173.397
-102.447
-192.295
-278.496
-159.472
-185.333
-324.249
-242.358
-92.5005
-81.228
-98.4683
-231.417
-183.343
-97.1421
-285.459
-368.013
-96.1475
-39.7852
-137.922
-20.2241
-10.2778
-47.7422
-90.5112
-224.455
-133.28
73.6025
36.4697
11.9355
165.772
241.695
47.7422
-138.917
-65.314
129.302
168.424
75.9233
92.5005
272.528
219.813
-73.6025
-128.307
74.2656
248.989
-9.94629
-75.9233
201.578
249.652
10.6094
-94.4898
137.59
207.214
19.8926
-30.502
162.125
283.469
199.257
63.9878
266.229
416.75
172.402
42.106
228.102
425.038
242.689
83.5488
312.645
415.423
199.92
79.2388
230.091
320.271
126.649
-11.9355
157.483
198.263
50.3945
41.1113
115.377
104.436
-140.906
-222.465
-45.7529
-153.173
-219.15
-80.2334
-57.6885
-149.194
-316.292
-313.971
-184.338
-250.978
-314.634
-214.177
-114.382
-163.119
-326.238
-247.663
-218.818
-272.528
-253.63
-238.711
-190.306
-248.326
-242.026
-165.108
-147.868
-212.188
-250.315
-194.947
-133.28
-160.135
-185.001
-46.0845
55.0361
-44.0952
-118.692
-121.676
-40.1167
-65.9771
-128.639
72.9395
172.402
15.5825
-80.5649
24.5342
16.9087
-131.623
-95.8159
119.687
183.675
53.71
54.0415
119.687
41.7744
-5.63623
-29.8389
105.762
244.679
115.377
66.9717
160.135
170.745
119.024
61.0039
40.1167
238.048
272.528
116.703
138.253
357.072
493.668
264.571
130.959
250.647
298.389
240.369
210.198
229.096
432.664
468.47
142.232
-15.5825
154.499
289.437
119.687
12.9302
177.044
412.439
245.673
-109.741
-110.072
197.268
102.447
-318.281
-230.091
79.5703
87.8589
-211.193
-298.057
-12.9302
-2.98389
-427.69
-480.737
-179.365
-39.7852
-196.273
-289.437
-35.1436
6.9624
-370.002
-559.313
-281.812
-173.065
-267.224
-264.24
-77.5811
81.8911
-223.46
-472.449
-308.335
-172.734
-282.143
-207.877
-5.30469
24.2026
10.2778
-192.626
-325.575
-221.802
-160.135
-209.867
-104.105
27.5181
-15.251
-37.1328
-114.051
-205.225
-114.714
-100.458
-110.735
51.0576
67.9663
-26.5234
30.8335
60.6724
-31.4966
-42.769
-43.1006
156.157
208.541
60.6724
166.435
332.538
232.743
2.3208
95.4844
305.351
331.211
162.456
220.476
453.882
366.355
106.425
128.307
338.837
343.479
241.695
299.052
436.311
412.108
284.795
149.857
238.048
297.394
101.452
169.418
338.505
211.524
143.89
97.1421
-18.898
97.4736
22.5449
-25.5288
133.28
96.1475
58.02
-7.29395
-97.4736
-192.626
-122.671
-69.9556
-213.514
-139.911
8.28858
-165.772
-214.177
-108.083
-318.944
-165.772
-162.125
-404.151
-109.741
-2.3208
-231.417
-187.322
-143.89
-250.647
-314.966
-375.307
-211.193
-114.382
-187.985
-233.738
-101.784
-142.563
-367.681
-268.881
-134.275
-234.401
-247.994
-131.623
-139.248
-158.478
-221.471
-209.535
-96.1475
-279.822
-324.912
-30.8335
-34.4805
-142.232
23.5396
114.714
-71.9448
-135.933
-172.734
-76.5864
64.3193
14.2563
168.092
254.957
76.2549
-19.561
40.1167
56.3623
93.4951
149.857
234.732
388.9
330.88
132.949
192.626
307.34
202.904
206.883
312.645
339.832
367.681
346.131
253.299
255.288
302.367
206.551
161.461
216.166
209.867
229.428
242.689
135.601
196.605
273.523
108.746
75.2603
107.751
146.542
200.252
47.7422
60.0093
233.738
125.655
-70.9502
-158.809
-36.4697
102.778
-92.832
-145.216
75.5918
98.7998
-173.065
-283.138
-38.1274
-9.61475
-160.467
-164.777
-53.0469
28.1812
-97.1421
-324.581
-173.729
-15.5825
-268.55
-304.688
-146.542
-161.793
-194.284
-231.417
-225.781
-168.424
-314.303
-356.077
-173.065
-161.793
-298.057
-282.475
-154.167
-105.431
-313.308
-428.354
-179.365
-101.784
-294.742
-321.928
-107.088
-21.5503
-167.098
-220.145
-115.045
-62.6616
-103.441
-148.531
-59.0147
35.8066
62.3301
17.9033
13.2617
64.3193
49.7315
63.3247
30.502
7.95703
155.494
287.448
146.874
126.318
318.281
257.609
60.3408
98.4683
229.759
242.689
235.727
232.08
343.81
386.248
189.643
63.3247
176.381
194.947
100.126
204.23
303.362
331.211
316.624
193.953
81.228
89.8482
64.6509
71.6133
225.118
253.299
284.795
303.362
123.334
9.61475
14.2563
-69.624
-32.1597
172.734
156.82
100.789
153.173
36.1382
-67.6348
-119.355
-201.578
-34.4805
67.6348
-55.0361
-19.561
66.9717
-32.8228
-221.139
-297.063
-168.424
-125.655
-270.208
-265.897
-77.2495
-49.7315
-296.731
-415.423
-288.442
-263.577
-382.932
-352.762
-203.236
-101.452
-191.632
-275.844
-239.706
-266.229
-278.496
-274.186
-181.022
-109.078
-149.857
-96.8106
-34.4805
-158.478
-206.551
-82.2227
-88.1904
-68.9609
-27.8496
-6.9624
132.617
71.9448
-26.855
94.4898
167.429
80.2334
94.8213
177.376
161.461
166.766
179.365
188.316
185.333
145.216
103.11
202.241
176.712
44.7583
144.553
269.876
154.831
91.1743
161.793
165.44
240.037
160.798
85.8696
143.89
146.21
120.019
72.6079
74.2656
194.947
231.417
67.9663
-21.8818
39.1221
101.784
-12.9302
-34.1489
139.911
207.214
99.1314
-7.29395
-53.0469
61.0039
31.8281
-160.135
15.251
165.44
12.2671
-120.019
-40.4482
27.5181
-45.0898
-185.333
-174.06
21.2188
-1.32617
-255.288
-172.071
54.7046
-86.2012
-246.668
-197.931
-143.558
-115.709
-150.189
-233.406
-84.875
-138.585
-246.668
-107.751
-197.6
-268.881
-48.7368
-34.812
-194.284
-134.606
-62.9932
-33.1543
-23.5396
-161.793
-81.8911
149.194
18.898
-150.852
-19.8926
176.712
39.7852
-125.655
-40.4482
144.884
143.227
-0.994629
38.1274
177.376
196.937
32.4912
-46.0845
105.431
230.422
107.42
22.2134
86.8643
88.8535
45.7529
-16.2456
-54.7046
107.751
170.745
31.165
-4.6416
49.7315
106.757
50.7261
-26.5234
79.2388
163.119
35.8066
-33.4858
59.0147
72.9395
19.561
-59.6777
10.6094
161.461
13.9248
-87.8589
59.6777
134.275
14.9194
-75.2603
-9.2832
128.639
158.809
-50.063
-67.6348
169.75
62.9932
-189.311
-72.9395
138.585
90.1797
-65.314
-115.709
-7.62549
68.9609
-106.425
-153.836
20.5557
7.62549
-94.1582
-118.692
-106.425
-19.2295
33.4858
-117.035
-157.151
-55.3677
-82.5542
-111.067
-130.628
-53.71
96.1475
-45.0898
-191.632
-114.382
3.97852
-27.8496
-135.933
-11.604
116.703
41.1113
-72.6079
-15.5825
53.0469
36.8013
-18.5664
-48.0737
82.5542
123.997
-32.4912
18.5664
94.4898
-9.61475
-21.5503
0
18.2349
97.8052
93.1636
-7.29395
91.8374
46.0845
-105.762
14.5879
10.9409
-39.1221
53.0469
39.4536
-56.3623
-17.9033
-47.0791
-57.3569
21.8818
-59.0147
-46.7476
133.612
108.415
-61.3355
-8.95166
73.9341
72.6079
-64.6509
-93.1636
124.329
209.535
29.1758
-54.0415
115.045
116.372
-56.6939
-93.8267
121.345
228.765
59.0147
-46.416
100.126
175.718
22.2134
-78.5757
49.0684
154.167
27.1865
-66.3086
-22.8765
117.035
49.0684
-133.943
-102.778
5.30469
6.63086
-111.398
-62.9932
12.2671
49.3999
-50.3945
-227.77
-74.2656
76.2549
-78.2441
-156.488
-26.1919
-66.9717
-129.965
-96.1475
-125.986
-89.8482
-55.6992
-108.746
-123.997
-125.986
-128.307
-56.0308
12.2671
-30.8335
-68.6294
15.251
-24.8657
-74.9287
-7.29395
-8.95166
12.9302
41.4429
-19.8926
-29.1758
61.667
-3.97852
-61.667
0.663086
19.2295
19.561
58.6831
98.7998
94.8213
90.8428
37.4644
1.32617
51.0576
22.5449
54.0415
157.814
94.4898
24.5342
33.8174
29.5073
-20.8872
-48.7368
37.4644
146.542
95.4844
38.459
102.447
121.013
50.7261
23.5396
63.9878
133.943
137.922
109.078
70.6187
130.628
163.782
8.62012
-33.1543
20.2241
100.458
54.7046
12.9302
79.2388
177.376
99.7944
-93.8267
-49.3999
55.0361
3.97852
-49.7315
59.0147
113.388
29.5073
-113.388
-125.323
-102.115
-147.537
-154.831
-56.3623
-52.3838
-105.099
-37.7959
-97.8052
-148.531
-159.804
-121.345
-102.447
-159.804
-93.4951
-50.063
-100.126
-101.121
-74.2656
-138.585
-176.049
-186.327
-150.189
-92.169
-144.553
-76.918
37.7959
-24.5342
-74.2656
-93.4951
-137.922
-76.2549
-24.8657
-69.9556
-6.29932
110.072
62.9932
-32.8228
-70.6187
-75.5918
-44.4268
28.1812
-17.9033
48.4053
212.519
122.339
32.1597
70.6187
95.4844
61.0039
30.502
37.7959
175.718
190.969
44.7583
71.9448
129.302
108.415
34.812
29.8389
94.4898
123.666
96.1475
79.2388
138.917
155.494
167.429
137.922
74.5972
73.6025
145.216
136.927
95.1528
134.606
143.89
113.388
71.6133
50.7261
82.8858
99.7944
5.30469
-2.3208
43.1006
22.8765
18.2349
34.1489
21.5503
-29.8389
-49.3999
-72.9395
-86.8643
-67.3032
-44.7583
-60.3408
-92.5005
-91.5059
-110.735
-113.719
-85.5381
-89.1851
-104.436
-100.458
-141.9
-119.024
-66.3086
-132.617
-167.098
-71.2817
-86.2012
-208.872
-209.535
-119.687
-50.3945
-142.232
-245.673
-122.671
7.95703
-105.431
-279.491
-138.253
54.0415
-55.3677
-208.872
-152.841
99.1314
48.0737
-211.856
-155.494
106.094
134.938
-77.2495
-67.9663
146.874
148.2
-67.9663
-82.2227
76.918
155.162
76.918
12.2671
145.547
188.648
53.0469
24.8657
86.8643
97.1421
104.768
85.2066
154.831
241.695
124.329
65.314
129.302
90.5112
25.5288
42.4375
109.409
183.675
196.937
132.286
111.398
148.863
56.0308
-29.5073
8.95166
111.067
188.316
138.585
112.725
164.114
111.73
12.9302
-3.64697
14.2563
54.7046
71.6133
31.4966
63.9878
80.5649
51.0576
40.7798
-22.8765
-38.459
-44.4268
-95.8159
-75.9233
13.9248
20.2241
7.95703
-29.5073
-92.832
-115.377
-197.268
-207.214
-115.709
-112.725
-143.89
-67.3032
-85.2066
-213.845
-187.985
-160.135
-209.867
-217.492
-217.492
-182.017
-73.271
-104.105
-204.23
-104.105
-131.954
-243.353
-233.406
-212.188
-111.73
-24.8657
-86.2012
-120.682
21.2188
-36.8013
-196.605
-155.825
-45.0898
9.2832
8.62012
17.2402
72.6079
97.1421
-30.1704
-70.2871
-0.663086
-10.9409
0.663086
133.28
151.847
84.5435
122.008
138.253
77.5811
63.6563
50.063
99.1314
190.969
117.035
126.649
276.507
240.369
88.522
123.997
148.2
116.703
183.343
154.499
198.594
329.554
227.107
116.703
140.906
166.103
144.553
144.553
140.906
225.449
297.063
153.173
65.314
119.355
120.35
28.8442
21.5503
98.7998
146.21
95.8159
28.5127
34.1489
37.7959
-46.7476
-71.9448
-29.5073
-38.1274
-63.3247
-88.1904
-59.0147
-51.0576
-159.141
-216.166
-109.409
-144.221
-250.978
-217.824
-158.146
-112.062
-180.691
-259.598
-178.702
-143.558
-265.897
-296.068
-197.931
-157.151
-191.3
-207.877
-200.252
-174.06
-203.899
-224.455
-190.637
-154.831
-95.4844
-128.97
-151.184
-148.863
-138.585
-92.169
-91.1743
-99.4629
-40.4482
-3.64697
-62.6616
-86.8643
-25.8604
30.1704
-1.98926
-54.3731
5.63623
60.3408
38.7905
51.3892
83.2173
143.89
122.339
26.5234
43.7637
117.698
100.458
68.6294
139.58
225.118
206.883
118.692
117.035
156.157
153.504
108.415
107.42
190.969
222.134
184.338
183.675
194.284
167.429
185.333
150.852
101.121
120.35
178.039
242.026
193.621
160.798
210.198
174.723
64.3193
18.898
57.6885
133.943
154.499
101.121
110.404
156.82
94.1582
-7.62549
-30.1704
-1.65772
-23.5396
-35.1436
-7.95703
8.28858
38.7905
2.65234
-81.8911
-148.2
-173.065
-185.001
-129.302
-68.6294
-123.997
-95.4844
-57.0254
-146.874
-225.449
-226.444
-169.75
-130.628
-158.146
-161.461
-83.5488
-82.2227
-201.247
-240.7
-175.718
-175.055
-221.471
-179.365
-90.1797
-67.9663
-100.458
-139.248
-117.366
-123.334
-145.879
-145.547
-149.526
-102.115
-67.6348
-71.6133
-107.751
-61.0039
-41.4429
-94.4898
-89.5166
-61.9985
-28.8442
-39.1221
-41.4429
12.2671
28.8442
7.29395
-23.5396
6.29932
44.0952
9.61475
25.1973
99.1314
140.574
155.494
128.639
83.5488
91.5059
85.2066
72.9395
130.296
200.584
192.626
172.071
180.028
169.75
149.194
181.686
203.567
201.247
172.402
165.108
195.279
182.017
114.382
151.184
222.465
125.986
32.1597
88.1904
199.589
129.965
33.8174
90.5112
127.644
70.6187
-36.1382
-46.416
91.8374
108.746
-14.2563
-49.0684
43.1006
32.8228
-103.11
-115.709
-10.2778
17.5718
-31.8281
-57.6885
-32.4912
2.98389
-72.6079
-148.863
-84.5435
-49.7315
-109.741
-81.8911
-40.1167
-59.0147
-77.9126
-111.73
-139.911
-156.488
-162.788
-146.542
-121.676
-107.088
-126.318
-107.751
-94.4898
-169.75
-197.931
-171.076
-155.162
-161.13
-173.065
-132.949
-95.4844
-106.094
-131.623
-130.959
-106.425
-112.062
-141.9
-105.431
-59.0147
-57.0254
-39.4536
-41.1113
-17.9033
1.98926
-24.5342
-0.331543
32.8228
67.3032
103.11
82.5542
68.6294
115.709
130.959
89.5166
90.5112
139.248
157.483
124.66
116.04
125.986
168.092
177.376
115.045
135.933
165.772
131.954
124.992
138.253
133.943
152.51
122.339
61.0039
66.9717
78.5757
64.9824
72.6079
97.4736
82.5542
65.9771
46.0845
12.2671
0
27.5181
48.4053
36.8013
37.7959
28.5127
30.8335
33.4858
-23.8711
-44.7583
0.994629
16.9087
-55.0361
-61.667
-14.9194
-24.2026
-38.1274
-81.5596
-83.2173
-35.4751
-68.6294
-125.655
-75.9233
-54.3731
-88.1904
-100.458
-135.601
-117.366
-89.1851
-134.606
-144.884
-93.1636
-84.5435
-115.045
-129.633
-141.569
-111.067
-105.762
-154.499
-148.531
-81.8911
-74.9287
-106.094
-75.5918
-61.667
-61.9985
-52.0523
-70.9502
-40.4482
8.28858
-7.29395
-1.98926
34.4805
17.5718
15.9141
23.8711
26.1919
53.71
68.9609
83.8804
101.452
121.676
116.703
110.072
110.404
106.425
100.126
110.072
143.227
151.847
132.617
151.184
156.157
111.73
88.522
77.9126
78.5757
105.099
89.8482
85.2066
122.671
84.875
36.1382
26.855
11.604
21.2188
25.5288
33.1543
48.4053
34.812
8.62012
-1.65772
-5.96777
-44.7583
-35.8066
-10.2778
-17.2402
-7.29395
-5.63623
-0.994629
13.5933
-17.2402
-57.3569
-39.1221
2.65234
-15.251
-36.4697
-0.994629
-0.994629
-28.8442
-66.6401
-84.5435
-44.4268
-18.898
-72.9395
-75.2603
-30.502
-74.2656
-117.366
-118.692
-114.714
-91.5059
-96.8106
-116.04
-80.5649
-67.9663
-113.719
-126.981
-99.4629
-96.479
-105.431
-81.5596
-67.3032
-86.2012
-87.1958
-115.045
-101.121
-51.0576
-84.2119
-69.624
6.9624
2.65234
-27.5181
-26.855
-24.8657
-6.63086
-18.2349
-24.8657
22.8765
61.0039
65.9771
49.3999
39.1221
66.6401
81.228
83.8804
87.8589
124.66
157.483
118.029
77.5811
71.2817
66.6401
69.9556
51.7207
40.7798
110.404
108.083
52.7153
73.271
82.2227
61.9985
50.7261
52.3838
61.667
71.9448
44.0952
19.2295
55.6992
45.4214
-5.63623
29.8389
61.667
19.8926
18.898
46.7476
38.7905
61.667
77.9126
47.0791
77.9126
71.6133
-0.331543
11.604
30.1704
0.994629
13.2617
29.1758
16.5772
9.2832
-4.31006
-23.5396
-33.4858
-36.8013
-31.165
-14.9194
-21.5503
-40.1167
-33.4858
-38.459
-65.6455
-72.2764
-52.7153
-36.8013
-69.624
-102.778
-99.4629
-100.126
-128.307
-146.542
-108.415
-78.2441
-79.5703
-81.228
-70.6187
-53.0469
-63.9878
-95.8159
-88.1904
-69.2925
-68.2979
-48.0737
-25.8604
-13.9248
-10.9409
-16.9087
-27.8496
-39.4536
-31.8281
-14.5879
17.2402
49.3999
46.7476
64.6509
91.8374
59.0147
24.8657
32.4912
39.7852
34.4805
30.8335
37.4644
53.71
53.71
25.8604
9.94629
8.62012
5.96777
4.31006
0.994629
8.28858
42.106
63.6563
48.4053
29.5073
10.2778
6.9624
1.98926
-19.8926
-12.2671
26.855
51.3892
29.8389
-4.6416
-8.62012
2.3208
2.98389
-5.63623
11.604
69.624
82.8858
54.7046
46.416
44.0952
44.4268
24.2026
8.28858
33.1543
46.7476
35.8066
35.1436
35.4751
29.8389
19.2295
13.9248
5.30469
-0.331543
-6.63086
-7.29395
6.9624
5.96777
-4.6416
-18.5664
-25.5288
-52.7153
-84.5435
-84.2119
-62.3301
-37.7959
-38.1274
-39.1221
-38.7905
-50.3945
-76.2549
-94.4898
-62.9932
-35.4751
-36.1382
-23.5396
-20.8872
-25.5288
-39.4536
-57.6885
-40.4482
-26.1919
-24.5342
-15.251
-1.32617
4.6416
10.6094
15.5825
25.5288
37.4644
38.1274
34.4805
30.1704
33.8174
27.1865
29.5073
30.502
25.8604
24.5342
11.9355
4.97315
10.9409
15.251
14.9194
15.251
10.2778
3.97852
2.98389
0.994629
6.29932
25.5288
37.4644
44.4268
45.0898
33.1543
29.5073
23.208
13.2617
12.9302
12.2671
15.9141
21.5503
17.5718
9.2832
19.2295
24.2026
17.9033
17.2402
22.8765
33.8174
36.1382
40.4482
55.0361
64.9824
47.7422
23.8711
18.2349
-2.98389
-26.5234
-31.8281
-31.165
-20.8872
-14.5879
-21.8818
-24.8657
-25.1973
-38.1274
-39.7852
-26.855
-22.2134
-18.898
-8.62012
-13.2617
-25.8604
-42.769
-59.6777
-64.6509
-68.9609
-72.6079
-62.3301
-48.7368
-50.3945
-51.7207
-53.3784
-59.3462
-61.9985
-64.6509
-50.3945
-28.5127
-17.2402
-13.9248
-12.5986
-10.6094
-21.5503
-33.1543
-41.1113
-36.1382
-22.8765
-21.8818
-16.2456
-10.2778
-11.604
-11.9355
-12.2671
-8.62012
7.95703
22.5449
22.8765
33.8174
34.812
26.855
19.2295
5.63623
1.32617
12.9302
25.1973
35.4751
49.0684
53.3784
57.6885
54.0415
43.4321
40.1167
43.1006
50.3945
57.0254
62.9932
66.6401
65.6455
57.0254
46.0845
43.1006
43.7637
43.1006
45.7529
53.0469
57.6885
55.3677
48.4053
40.7798
36.1382
31.165
28.1812
32.4912
32.4912
37.1328
42.4375
34.4805
22.2134
12.9302
3.64697
-2.98389
-5.30469
-6.63086
0.331543
5.63623
1.65772
-8.95166
-16.9087
-21.5503
-34.812
-40.1167
-28.1812
-19.2295
-13.5933
-12.2671
-22.2134
-31.8281
-45.4214
-61.667
-68.2979
-67.3032
-58.3516
-47.0791
-45.7529
-40.7798
-39.7852
-52.7153
-59.0147
-63.9878
-66.9717
-62.6616
-58.3516
-49.0684
-45.7529
-50.063
-48.7368
-54.3731
-60.6724
-53.71
-49.7315
-42.769
-31.4966
-31.4966
-29.5073
-27.5181
-35.8066
-38.459
-34.4805
-30.502
-22.5449
-13.5933
-5.30469
0.994629
6.29932
7.62549
12.2671
19.2295
23.5396
30.1704
36.8013
42.769
46.416
48.7368
46.416
47.0791
48.0737
44.0952
43.7637
48.7368
57.6885
65.9771
77.5811
82.5542
79.2388
73.9341
62.9932
54.7046
54.3731
55.3677
58.6831
66.3086
66.3086
62.3301
54.0415
37.7959
25.5288
16.5772
13.2617
19.8926
28.1812
35.4751
35.4751
26.5234
13.9248
-0.663086
-11.604
-15.9141
-14.5879
-9.94629
-5.30469
-6.9624
-12.5986
-18.5664
-29.1758
-38.1274
-39.4536
-36.4697
-31.165
-30.8335
-33.4858
-33.4858
-35.8066
-38.7905
-39.4536
-40.4482
-39.1221
-37.7959
-40.4482
-42.769
-44.4268
-50.063
-54.0415
-55.3677
-53.71
-51.7207
-46.416
-46.7476
-46.0845
-44.7583
-47.4106
-45.7529
-43.4321
-41.7744
-37.4644
-31.8281
-27.5181
-27.1865
-27.5181
-23.8711
-24.2026
-26.5234
-21.8818
-15.251
-5.30469
3.97852
10.2778
18.5664
24.8657
24.2026
22.5449
25.8604
30.502
36.1382
39.7852
42.106
49.0684
52.0523
47.4106
47.4106
47.7422
45.4214
45.4214
46.0845
53.3784
61.9985
62.9932
60.3408
56.6939
51.3892
44.0952
34.812
31.165
33.8174
37.7959
37.4644
36.8013
39.7852
38.459
31.4966
23.8711
18.5664
14.5879
12.5986
11.9355
13.5933
17.5718
17.5718
11.604
3.31543
-4.6416
-12.5986
-16.2456
-17.5718
-17.5718
-14.9194
-12.5986
-16.9087
-20.5557
-21.8818
-25.8604
-26.1919
-28.5127
-32.4912
-32.8228
-34.4805
-42.106
-48.0737
-50.3945
-54.7046
-56.3623
-58.02
-58.02
-54.7046
-55.6992
-60.3408
-62.6616
-66.6401
-70.9502
-71.6133
-68.2979
-62.3301
-56.0308
-50.3945
-48.4053
-47.4106
-48.4053
-50.3945
-48.7368
-41.4429
-32.1597
-21.2188
-5.30469
3.64697
9.94629
12.9302
13.2617
14.2563
17.2402
23.5396
33.8174
47.7422
55.3677
59.6777
62.6616
60.0093
53.0469
50.3945
50.063
54.7046
62.6616
67.9663
73.271
78.5757
74.2656
67.3032
64.3193
59.0147
57.3569
57.0254
57.0254
57.6885
58.3516
56.0308
52.0523
48.7368
44.0952
42.769
40.7798
42.4375
42.4375
43.4321
41.7744
35.8066
30.1704
24.5342
21.5503
17.9033
13.9248
10.2778
8.95166
2.65234
-4.31006
-9.2832
-13.2617
-18.2349
-23.5396
-27.5181
-30.502
-31.165
-37.1328
-41.4429
-42.4375
-44.4268
-47.4106
-51.0576
-56.3623
-60.0093
-63.6563
-71.2817
-74.5972
-76.5864
-80.5649
-83.5488
-85.8696
-87.8589
-88.1904
-89.1851
-91.8374
-89.8482
-85.2066
-82.5542
-78.9072
-71.6133
-67.3032
-61.3355
-56.0308
-51.3892
-45.0898
-39.4536
-34.4805
-28.1812
-20.2241
-13.9248
-7.62549
-1.65772
3.64697
11.9355
20.2241
24.8657
31.165
36.8013
37.7959
40.7798
44.0952
47.0791
49.7315
52.7153
51.7207
52.7153
53.71
49.7315
49.0684
48.7368
48.7368
52.0523
54.3731
53.0469
54.7046
55.6992
53.0469
54.3731
55.3677
56.3623
59.0147
61.0039
61.3355
65.6455
66.9717
63.6563
63.6563
62.6616
61.0039
61.3355
59.0147
55.6992
55.0361
52.3838
47.4106
43.7637
38.7905
32.8228
26.855
21.5503
18.898
17.5718
11.604
4.6416
-1.98926
-9.2832
-17.5718
-23.208
-23.8711
-26.5234
-28.1812
-30.8335
-32.8228
-35.8066
-41.1113
-44.0952
-46.416
-48.0737
-50.063
-51.0576
-54.3731
-58.6831
-63.6563
-70.6187
-77.2495
-81.8911
-84.2119
-85.2066
-86.5327
-84.2119
-80.5649
-80.5649
-79.2388
-76.2549
-72.6079
-68.6294
-64.3193
-58.6831
-54.0415
-50.063
-46.416
-43.1006
-41.4429
-39.4536
-36.4697
-32.4912
-28.5127
-21.5503
-12.9302
-6.63086
-0.663086
3.97852
7.62549
9.94629
13.2617
17.9033
23.208
28.1812
34.1489
40.4482
46.0845
48.7368
50.7261
53.3784
56.6939
59.3462
62.3301
64.6509
65.9771
66.6401
66.9717
68.6294
70.6187
71.9448
71.9448
69.9556
67.3032
64.6509
61.0039
57.6885
54.7046
52.3838
52.0523
49.3999
48.7368
46.7476
41.7744
37.7959
33.4858
29.8389
26.5234
22.2134
18.2349
13.9248
7.95703
3.31543
-1.98926
-7.62549
-12.9302
-19.2295
-24.5342
-31.165
-37.4644
