SAMPLES: 9566
BITSPERSAMPLE:	16
CHANNELS:	1
SAMPLERATE:	16000
NORMALIZED:	FALSE
22.1631
22.7964
24.0628
25.9625
26.5957
25.9625
25.3293
22.7964
20.8967
19.6302
15.8308
12.6646
10.7649
9.49848
8.23202
5.06586
1.8997
-1.8997
-5.69909
-8.23202
-9.49848
-11.3982
-11.3982
-10.7649
-13.9311
-12.6646
-13.2979
-17.0973
-18.997
-22.7964
-25.3293
-25.3293
-25.3293
-24.0628
-24.0628
-24.0628
-21.5299
-18.997
-16.464
-14.5643
-14.5643
-13.9311
-13.2979
-15.8308
-17.0973
-12.6646
-8.23202
-2.53293
-3.79939
-8.86525
-6.96555
-5.69909
-3.79939
-1.26646
-0.633232
5.69909
10.1317
11.3982
9.49848
5.69909
5.06586
7.59878
7.59878
3.79939
0
-1.8997
1.26646
3.16616
2.53293
-1.26646
-6.96555
-10.1317
-9.49848
-5.06586
0.633232
3.79939
1.8997
0.633232
3.16616
5.06586
6.96555
4.43262
5.69909
9.49848
13.2979
10.7649
1.8997
-3.16616
-1.26646
6.33232
11.3982
12.0314
13.2979
17.7305
21.5299
20.8967
18.3637
14.5643
13.2979
14.5643
13.9311
8.86525
1.8997
-3.79939
-8.23202
-7.59878
-8.86525
-10.7649
-9.49848
-3.79939
5.06586
7.59878
6.96555
6.33232
2.53293
-0.633232
-4.43262
-5.69909
-6.96555
-7.59878
-3.79939
-3.79939
1.8997
10.7649
14.5643
17.0973
13.9311
8.86525
8.23202
6.33232
6.33232
9.49848
16.464
22.1631
22.1631
17.0973
4.43262
-7.59878
-8.86525
-5.69909
-6.96555
-12.0314
-18.3637
-18.997
-14.5643
-8.86525
-7.59878
-10.1317
-12.0314
-11.3982
-3.79939
2.53293
10.1317
13.9311
4.43262
-2.53293
-9.49848
-12.6646
-13.9311
-16.464
-9.49848
-4.43262
5.69909
10.1317
-3.16616
-11.3982
-4.43262
2.53293
12.0314
9.49848
20.8967
89.2857
133.612
87.386
-15.1976
-70.2888
-51.925
-20.2634
-22.1631
-65.8561
-65.2229
-5.06586
30.3951
-28.4954
-137.411
-183.004
-126.646
-5.06586
52.5583
15.8308
-29.1287
-18.997
66.4894
112.082
34.1945
-73.4549
-115.248
-13.2979
170.973
274.189
266.591
154.509
62.0567
67.1226
111.449
113.349
-12.0314
-119.681
-84.8531
-5.69909
-3.16616
-183.004
-380.572
-326.114
-57.6241
122.847
7.59878
-209.6
-278.622
-139.944
20.8967
4.43262
-114.615
-150.709
-31.0284
103.85
96.2513
-41.7933
-143.11
-39.2604
148.81
210.233
136.778
56.3576
91.1854
134.878
73.4549
-26.5957
-69.6555
12.0314
92.4519
84.2199
63.9564
67.7558
98.151
103.85
53.8247
-39.2604
-90.5522
-44.9595
30.3951
56.9909
41.1601
46.8592
75.9878
63.9564
-37.3607
-106.383
-71.5552
1.8997
54.458
65.8561
89.2857
107.016
86.7528
30.3951
-32.9281
-38.6272
-13.9311
34.8278
108.283
164.64
186.803
172.239
122.214
53.8247
-17.0973
-48.1256
-6.96555
43.693
75.9878
119.681
149.443
130.446
54.458
-70.922
-150.076
-128.546
-55.0912
18.3637
58.2573
63.3232
34.8278
-22.7964
-91.1854
-153.875
-203.901
-210.866
-163.374
-110.816
-72.1884
-77.2543
-116.515
-148.176
-170.339
-185.537
-217.832
-255.193
-239.362
-166.54
-84.2199
-42.4265
-58.2573
-84.8531
-91.1854
-107.016
-129.813
-155.142
-169.073
-141.844
-103.217
-96.2513
-109.549
-117.781
-119.681
-124.113
-150.709
-176.039
-170.339
-139.944
-108.916
-110.182
-124.747
-105.117
-73.4549
-67.7558
-78.5208
-110.182
-110.816
-76.6211
-43.0598
6.96555
44.9595
88.0193
115.248
106.383
103.85
103.85
141.211
204.534
265.324
359.676
460.993
520.517
495.821
432.497
442.629
490.122
509.752
517.984
581.307
688.956
714.286
611.069
467.958
398.936
393.237
382.472
353.343
330.547
318.516
295.086
253.926
193.136
107.649
13.2979
-55.0912
-105.117
-165.274
-190.603
-139.311
-84.8531
-92.4519
-149.443
-186.803
-191.236
-255.193
-333.713
-366.641
-318.516
-237.462
-191.869
-137.411
-103.85
-89.9189
-130.446
-208.333
-276.089
-307.751
-238.728
-148.81
-91.1854
-101.95
-124.747
-121.581
-185.537
-321.682
-440.096
-472.391
-452.761
-436.297
-402.736
-343.212
-323.582
-381.206
-500.253
-604.103
-667.427
-692.756
-689.59
-623.1
-534.448
-470.491
-421.733
-420.466
-460.993
-508.485
-526.849
-492.021
-445.162
-401.469
-293.82
-169.706
-71.5552
-41.7933
-91.8186
-76.6211
-41.7933
-17.0973
48.7589
125.38
248.86
387.538
579.407
751.013
802.938
678.191
566.109
655.395
751.013
789.007
769.377
942.249
1236.7
1253.17
1043.57
829.534
806.738
860.562
816.236
794.706
815.603
829.534
823.202
770.01
650.963
452.761
229.863
128.546
42.4265
-123.48
-165.274
-39.2604
107.649
91.8186
-60.7903
-129.813
-211.499
-402.736
-491.388
-405.268
-237.462
-150.709
-103.85
37.9939
101.317
-24.696
-139.311
-133.612
-65.2229
-54.458
-74.0881
42.4265
184.271
255.193
332.447
322.315
158.308
-44.9595
-169.073
-194.402
-313.45
-467.325
-402.736
-260.258
-297.619
-550.279
-755.446
-770.643
-809.271
-952.381
-1022.04
-963.146
-885.892
-837.133
-778.875
-701.621
-702.888
-767.477
-800.405
-833.333
-864.995
-819.402
-661.094
-488.222
-412.234
-355.243
-231.13
-152.609
-190.603
-272.923
-235.562
-155.142
-131.712
-81.6869
16.464
134.878
117.781
82.3202
2.53293
-66.4894
-121.581
-176.039
-80.4205
-22.7964
77.2543
119.681
82.9534
50.0253
37.9939
96.2513
165.907
302.685
466.059
637.665
635.765
640.831
732.016
766.211
813.703
840.932
1110.69
1345.62
1298.13
1196.18
1179.71
1271.53
1291.79
1210.11
1171.48
1158.81
1037.87
972.644
944.149
863.095
713.019
526.849
438.83
283.055
57.6241
-11.3982
52.5583
54.458
-94.9848
-213.399
-186.17
-228.597
-418.566
-501.52
-422.366
-364.742
-434.397
-496.454
-401.469
-315.983
-343.845
-321.682
-245.061
-185.537
-131.712
-63.9564
-9.49848
-90.5522
-164.64
-84.2199
-27.8622
-92.4519
-189.97
-123.48
-5.69909
-140.578
-397.036
-512.918
-497.72
-538.247
-682.624
-768.744
-758.612
-749.113
-749.113
-759.245
-789.64
-870.694
-954.281
-978.343
-1011.27
-1049.9
-984.676
-835.866
-718.718
-704.154
-695.922
-607.27
-554.711
-574.975
-573.708
-490.755
-401.469
-370.441
-353.977
-272.923
-177.938
-136.145
-108.283
-132.345
-145.643
-171.606
-143.744
-96.2513
-136.145
-103.217
-38.6272
63.9564
74.0881
-8.23202
-13.2979
34.1945
82.3202
93.0851
136.778
272.29
557.244
795.973
925.785
891.591
908.055
1192.38
1327.89
1310.79
1212.64
1340.55
1693.9
1733.79
1591.31
1536.85
1636.9
1721.12
1629.94
1481.13
1415.91
1327.89
1216.44
1121.45
940.35
753.546
573.075
457.194
303.318
30.3951
-94.9848
-69.6555
-103.217
-288.121
-470.491
-458.46
-407.801
-548.379
-701.621
-694.022
-648.43
-673.126
-736.449
-680.091
-549.012
-509.119
-484.422
-414.767
-373.607
-340.679
-251.393
-129.179
-99.4174
-198.202
-228.597
-153.875
-179.205
-295.719
-348.278
-288.754
-293.186
-469.858
-623.1
-657.295
-707.32
-822.568
-939.716
-1002.41
-1004.31
-1034.07
-1015.07
-978.343
-1008.11
-1016.97
-1017.6
-989.108
-973.911
-943.516
-801.039
-636.398
-558.511
-515.451
-404.635
-262.791
-194.402
-207.067
-183.004
-108.283
-60.157
-43.0598
-15.1976
33.5613
72.8217
77.2543
59.5238
24.0628
-23.4296
-46.8592
-62.0567
-129.179
-181.738
-190.603
-149.443
-134.878
-205.167
-193.769
-149.443
-118.414
-54.458
-14.5643
120.314
390.071
644.63
885.258
931.484
985.942
1282.29
1465.93
1498.86
1426.04
1526.09
1870.57
1964.29
1869.3
1849.67
1915.53
1998.48
1901.6
1739.49
1671.73
1531.16
1419.71
1327.25
1106.89
902.989
677.558
510.385
309.017
-64.5897
-284.954
-283.688
-311.55
-474.924
-665.527
-664.26
-606.003
-769.377
-942.249
-964.412
-931.484
-934.017
-986.575
-920.086
-764.944
-671.226
-574.975
-474.924
-435.664
-399.569
-300.152
-169.073
-127.913
-212.766
-176.672
-51.2918
-77.2543
-176.672
-212.766
-134.245
-153.875
-384.372
-568.642
-615.502
-670.593
-782.042
-909.954
-975.177
-1006.21
-1099.92
-1144.25
-1146.78
-1160.08
-1144.88
-1126.52
-1117.02
-1150.58
-1153.75
-1037.87
-902.356
-859.296
-847.264
-742.781
-595.871
-507.852
-471.125
-399.569
-285.588
-236.196
-245.061
-216.565
-132.979
-38.6272
22.7964
36.0942
78.5208
122.214
165.907
179.205
82.9534
22.1631
0
6.96555
0
-61.4235
7.59878
125.38
219.098
305.851
343.845
528.749
814.97
1070.16
1226.57
1217.71
1334.22
1610.31
1767.98
1734.42
1698.96
1881.33
2121.96
2102.96
1952.25
1947.82
2053.57
2072.57
1935.79
1772.42
1658.43
1524.82
1382.35
1224.04
965.046
718.718
565.476
415.4
151.342
-194.402
-358.409
-317.882
-397.036
-608.536
-721.884
-676.292
-636.398
-776.342
-909.954
-887.158
-870.061
-923.252
-981.51
-957.447
-859.296
-790.907
-686.424
-561.044
-498.354
-438.197
-310.284
-191.869
-203.901
-260.258
-232.396
-167.173
-230.496
-347.011
-359.043
-332.447
-403.369
-571.175
-690.856
-738.982
-839.666
-1006.84
-1132.22
-1194.91
-1247.47
-1279.76
-1281.66
-1274.7
-1277.86
-1282.93
-1265.83
-1247.47
-1233.54
-1177.18
-1079.03
-994.174
-946.682
-912.487
-804.205
-676.292
-593.972
-511.018
-432.497
-326.748
-262.158
-250.127
-226.064
-160.841
-100.684
-94.3516
-107.016
-86.7528
-8.86525
55.0912
73.4549
71.5552
94.3516
151.976
157.042
103.85
62.69
97.5177
218.465
336.879
435.03
528.116
757.345
1098.66
1363.98
1435.54
1452.63
1666.67
1944.02
2000.38
1882.6
1922.49
2154.89
2302.43
2208.71
2092.2
2160.59
2243.54
2211.88
2094.73
1955.42
1828.14
1673.63
1502.03
1246.83
917.553
672.492
540.78
353.977
57.6241
-199.468
-253.926
-245.694
-432.497
-652.229
-675.025
-614.235
-685.79
-856.13
-908.688
-828.267
-820.035
-909.954
-942.249
-888.425
-805.471
-725.684
-625
-523.05
-445.795
-292.553
-100.684
-29.7619
-104.483
-136.778
-39.8936
-21.5299
-193.136
-357.143
-344.478
-296.986
-409.068
-592.705
-699.721
-754.179
-888.425
-1117.65
-1329.79
-1471.63
-1558.38
-1628.67
-1693.9
-1754.69
-1755.32
-1700.86
-1671.73
-1690.1
-1690.73
-1593.21
-1479.86
-1431.74
-1406.41
-1298.13
-1099.92
-951.748
-894.757
-824.468
-660.461
-473.658
-368.541
-317.882
-221.631
-77.8875
1.8997
-25.3293
-65.8561
-36.7275
58.2573
119.681
85.4863
70.2888
150.076
246.327
296.353
280.522
291.287
406.535
524.949
596.505
673.759
880.193
1232.9
1533.05
1635.01
1707.83
1931.36
2219.48
2303.7
2180.22
2182.75
2369.55
2511.4
2422.75
2251.77
2266.97
2379.69
2375.89
2253.04
2092.83
1987.08
1914.89
1773.68
1500.76
1143.62
854.863
664.26
397.67
19.6302
-279.889
-329.281
-277.356
-395.137
-568.009
-592.705
-497.087
-494.554
-643.364
-753.546
-766.844
-804.205
-889.691
-962.513
-955.547
-877.66
-768.744
-658.561
-602.837
-557.244
-404.002
-195.669
-109.549
-176.672
-207.067
-127.913
-134.878
-324.848
-523.05
-586.373
-628.799
-806.738
-999.873
-1079.66
-1117.02
-1186.04
-1305.72
-1423.51
-1517.22
-1588.15
-1633.11
-1696.43
-1799.01
-1849.67
-1805.98
-1776.22
-1804.71
-1792.68
-1641.34
-1447.57
-1365.88
-1320.29
-1174.65
-985.309
-868.794
-842.199
-795.339
-678.191
-591.439
-533.181
-464.159
-373.607
-265.324
-174.772
-109.549
-83.5866
-62.69
12.6646
98.151
107.649
62.69
69.0223
169.706
256.459
293.186
363.475
483.156
651.596
759.878
937.183
1289.26
1643.24
1865.5
1946.56
2111.2
2389.18
2534.19
2496.2
2484.8
2578.52
2682.37
2662.11
2547.49
2530.4
2540.53
2531.03
2499.37
2370.19
2220.74
2082.7
1977.58
1809.78
1469.1
1118.29
878.926
616.135
241.895
-149.443
-362.209
-373.607
-467.325
-632.599
-680.724
-644.63
-625.633
-697.822
-785.841
-844.732
-953.014
-1068.26
-1113.22
-1136.02
-1142.35
-1098.02
-979.61
-873.86
-856.13
-796.606
-603.47
-429.965
-417.3
-420.466
-347.644
-292.553
-370.441
-528.116
-606.003
-666.793
-808.004
-965.046
-1065.1
-1123.99
-1182.24
-1243.03
-1293.69
-1372.85
-1464.03
-1495.06
-1532.42
-1618.54
-1709.73
-1748.99
-1719.86
-1745.82
-1800.91
-1738.22
-1609.04
-1521.66
-1455.17
-1342.45
-1158.81
-1005.57
-909.321
-787.741
-657.295
-555.344
-488.222
-435.664
-371.707
-304.585
-239.995
-146.91
-82.9534
-39.2604
48.7589
153.242
235.562
248.227
270.39
359.043
421.733
441.363
492.655
615.502
795.339
935.284
1115.12
1431.1
1729.99
1928.19
2040.91
2216.95
2511.4
2667.17
2666.54
2709.6
2824.21
2892.6
2772.29
2581.69
2493.67
2434.14
2349.92
2266.34
2175.79
2095.36
1990.88
1897.8
1767.35
1472.26
1129.05
839.032
533.815
158.308
-248.227
-498.354
-567.376
-699.721
-866.895
-917.553
-863.728
-827.634
-881.459
-913.754
-892.224
-937.817
-1028.37
-1090.43
-1130.32
-1181.61
-1214.54
-1172.75
-1084.73
-1015.7
-906.155
-693.389
-486.955
-386.272
-340.046
-245.694
-162.741
-215.932
-357.776
-473.658
-569.276
-714.286
-890.324
-1018.87
-1120.19
-1225.94
-1293.06
-1323.45
-1346.88
-1385.51
-1391.84
-1363.35
-1376.01
-1438.07
-1474.16
-1464.03
-1484.3
-1550.79
-1581.81
-1538.75
-1483.03
-1419.07
-1296.86
-1136.02
-975.177
-851.064
-726.317
-585.106
-491.388
-435.03
-379.306
-334.98
-309.65
-291.92
-260.892
-211.499
-179.838
-154.509
-84.2199
2.53293
69.6555
155.775
209.6
258.992
324.848
407.801
511.018
612.335
703.521
881.459
1169.58
1452
1664.13
1835.11
2106.76
2434.78
2628.55
2669.71
2721.63
2869.17
2981.89
2899.57
2726.7
2626.01
2597.52
2544.96
2430.34
2294.2
2189.72
2086.5
1995.95
1842.71
1576.11
1300.03
1080.29
826.368
434.397
8.86525
-278.622
-430.598
-654.762
-923.886
-1058.13
-1041.67
-1006.84
-1023.3
-1002.41
-942.249
-937.183
-980.243
-1016.34
-1066.36
-1154.38
-1217.07
-1220.24
-1217.71
-1249.37
-1208.21
-1040.4
-849.164
-740.248
-677.558
-542.047
-402.102
-340.046
-343.845
-392.604
-494.554
-650.329
-797.872
-920.719
-1046.73
-1188.58
-1265.83
-1285.46
-1327.89
-1363.98
-1335.49
-1251.9
-1213.91
-1229.74
-1229.74
-1202.51
-1198.07
-1233.54
-1253.17
-1262.66
-1284.19
-1289.26
-1229.74
-1125.89
-1018.87
-885.892
-711.12
-540.78
-427.432
-327.381
-230.496
-193.136
-217.199
-255.826
-272.29
-285.588
-322.948
-339.412
-286.221
-231.13
-179.838
-96.2513
-1.26646
105.75
190.603
304.585
434.397
564.843
672.492
823.835
1084.09
1351.32
1566.62
1715.43
1923.76
2215.68
2474.04
2604.48
2689.34
2859.68
3033.81
3084.47
2992.02
2893.24
2854.61
2796.99
2691.24
2525.33
2373.99
2222.01
2089.03
1961.12
1746.45
1456.43
1168.31
930.218
620.567
227.964
-141.844
-385.005
-585.74
-868.161
-1113.22
-1210.11
-1222.77
-1261.4
-1321.56
-1326.62
-1289.26
-1268.36
-1262.03
-1253.8
-1291.16
-1327.89
-1304.46
-1281.03
-1287.36
-1296.86
-1205.67
-1042.93
-916.287
-829.534
-693.389
-509.119
-378.04
-320.415
-305.218
-319.149
-386.905
-493.288
-612.969
-768.11
-935.284
-1042.3
-1114.49
-1204.41
-1293.69
-1302.56
-1221.5
-1181.61
-1191.74
-1166.41
-1106.89
-1074.59
-1101.19
-1129.05
-1129.69
-1153.12
-1201.24
-1203.14
-1161.35
-1110.69
-1024.57
-890.324
-737.715
-613.602
-495.187
-361.575
-278.622
-263.425
-270.39
-258.359
-262.158
-312.183
-366.641
-379.939
-350.177
-317.882
-264.058
-198.835
-112.082
6.33232
136.145
275.456
415.4
568.642
749.113
1015.07
1302.56
1545.72
1735.06
1934.52
2223.28
2503.8
2667.17
2749.49
2896.4
3095.24
3188.96
3114.24
2991.39
2943.26
2888.8
2786.85
2626.65
2474.04
2356.89
2218.84
2074.47
1875
1618.54
1358.92
1111.32
807.371
424.899
46.8592
-217.832
-417.933
-692.123
-960.613
-1110.69
-1161.35
-1206.31
-1287.36
-1319.02
-1303.82
-1301.93
-1304.46
-1295.59
-1312.69
-1360.18
-1357.65
-1320.29
-1325.35
-1358.28
-1305.72
-1162.61
-1039.13
-969.478
-858.029
-674.392
-511.018
-424.265
-378.04
-365.375
-400.836
-486.955
-587.639
-697.822
-865.628
-1036.6
-1161.35
-1263.3
-1363.98
-1429.84
-1405.14
-1343.72
-1320.92
-1293.06
-1212.64
-1127.79
-1096.76
-1115.75
-1127.15
-1129.05
-1158.18
-1179.71
-1172.11
-1148.05
-1098.02
-1013.8
-888.425
-761.778
-628.799
-473.024
-341.945
-275.456
-249.493
-208.967
-174.772
-192.503
-255.193
-279.889
-267.224
-248.86
-226.697
-181.738
-96.8845
8.23202
146.91
308.384
459.093
625.633
790.274
1006.84
1277.86
1507.73
1682.5
1843.34
2066.87
2327.13
2524.7
2622.21
2747.59
2923.63
3061.04
3079.41
2997.72
2942.63
2908.43
2838.78
2724.16
2575.35
2442.38
2313.2
2187.82
2049.77
1817.38
1567.25
1352.58
1092.33
741.515
333.08
-11.3982
-244.428
-515.451
-833.333
-1068.26
-1190.48
-1250
-1323.45
-1374.11
-1348.15
-1334.85
-1321.56
-1296.23
-1294.96
-1320.92
-1365.88
-1353.22
-1326.62
-1368.41
-1401.98
-1331.69
-1223.4
-1141.72
-1073.96
-940.983
-733.283
-573.708
-469.858
-379.939
-340.046
-355.876
-429.965
-538.88
-676.925
-852.33
-1003.67
-1120.82
-1236.07
-1331.05
-1351.32
-1312.69
-1274.7
-1256.33
-1196.81
-1082.83
-1004.94
-978.343
-985.309
-993.541
-1010.64
-1060.66
-1108.16
-1130.32
-1136.65
-1103.09
-1045.47
-970.745
-851.697
-703.521
-555.344
-439.463
-369.174
-298.252
-242.528
-235.562
-259.625
-302.685
-317.882
-336.246
-348.911
-332.447
-281.155
-195.669
-92.4519
32.2948
193.136
385.005
585.106
753.546
942.882
1216.44
1525.46
1737.59
1861.07
2070.67
2370.82
2634.88
2736.2
2812.18
3012.92
3203.52
3239.61
3162.99
3094.6
3052.18
2957.19
2811.55
2664.64
2494.3
2310.66
2189.08
2077.63
1860.44
1573.58
1339.29
1155.65
832.067
389.438
32.9281
-172.239
-400.836
-747.214
-1048
-1179.08
-1239.24
-1342.45
-1436.8
-1450.1
-1434.27
-1424.14
-1391.21
-1355.12
-1357.02
-1374.11
-1349.42
-1317.12
-1370.95
-1439.34
-1400.71
-1306.99
-1248.73
-1213.91
-1081.56
-852.33
-673.759
-564.21
-461.626
-385.005
-373.607
-435.03
-535.714
-655.395
-812.437
-973.278
-1117.02
-1274.7
-1408.94
-1458.97
-1445.04
-1434.9
-1445.04
-1387.41
-1255.07
-1153.75
-1117.02
-1087.26
-1046.73
-1027.74
-1056.23
-1092.96
-1103.72
-1115.75
-1111.96
-1061.93
-988.475
-894.124
-774.443
-625
-484.422
-381.206
-295.719
-196.935
-127.28
-120.314
-113.982
-81.0537
-46.8592
-37.3607
-35.461
25.3293
122.847
202.001
267.224
364.108
529.382
690.856
849.164
986.575
1167.68
1447.57
1738.22
1945.92
2063.07
2270.77
2588.02
2845.11
2931.86
2978.09
3135.76
3314.97
3326.37
3168.06
3000.89
2898.3
2815.98
2689.97
2501.27
2322.7
2171.99
2081.43
1971.88
1733.16
1453.9
1219.6
1007.47
678.191
241.895
-132.345
-378.04
-628.799
-984.676
-1313.96
-1489.99
-1560.28
-1626.77
-1709.73
-1743.29
-1714.16
-1657.8
-1589.41
-1546.35
-1553.95
-1544.45
-1488.73
-1472.26
-1534.95
-1591.31
-1527.99
-1389.31
-1313.96
-1286.73
-1190.48
-991.008
-767.477
-616.135
-529.382
-465.426
-416.667
-393.237
-427.432
-543.313
-720.618
-878.926
-1012.54
-1173.38
-1343.72
-1445.67
-1449.47
-1425.41
-1426.67
-1402.61
-1296.86
-1165.15
-1099.29
-1079.66
-1061.3
-1040.4
-1029.64
-1039.77
-1067
-1084.73
-1073.33
-1029.64
-963.146
-904.889
-815.603
-649.063
-467.325
-319.149
-197.568
-48.1256
124.747
245.061
314.716
371.707
446.429
488.855
523.05
558.511
600.937
644.63
680.091
738.349
794.706
887.791
1015.07
1152.48
1277.23
1456.43
1735.06
1990.25
2144.76
2273.3
2499.37
2758.36
2882.47
2889.44
2929.33
3028.75
3041.41
2924.9
2764.06
2623.48
2500
2379.05
2273.94
2123.23
1949.72
1830.04
1764.82
1638.8
1365.25
1075.86
866.895
615.502
216.565
-216.565
-532.548
-782.042
-1098.66
-1438.07
-1655.27
-1766.72
-1855.37
-1924.39
-1945.29
-1925.66
-1916.16
-1868.03
-1786.98
-1759.75
-1790.78
-1787.61
-1731.89
-1712.89
-1745.19
-1728.09
-1617.91
-1512.16
-1436.17
-1314.59
-1122.72
-920.719
-742.148
-566.743
-426.165
-381.839
-376.14
-350.811
-364.108
-481.256
-665.527
-807.371
-909.321
-1037.23
-1165.15
-1218.97
-1215.17
-1225.3
-1218.34
-1129.05
-1013.17
-932.118
-873.86
-811.17
-761.778
-763.045
-767.477
-747.214
-754.813
-791.54
-795.973
-745.314
-680.724
-623.734
-518.617
-358.409
-198.202
-61.4235
93.0851
269.757
422.366
537.614
631.332
716.819
775.076
792.806
823.202
849.164
830.167
809.271
808.637
842.832
894.124
947.315
1039.77
1141.08
1281.03
1524.82
1806.61
2022.54
2149.82
2314.46
2537.99
2701.37
2711.5
2665.27
2696.3
2727.96
2660.21
2486.07
2311.93
2192.25
2078.27
1978.85
1857.27
1705.93
1579.28
1500.13
1415.91
1230.37
968.845
724.417
492.655
161.474
-256.459
-645.897
-930.218
-1186.04
-1488.1
-1746.45
-1902.86
-1998.48
-2066.87
-2099.8
-2092.83
-2065.6
-2010.51
-1921.23
-1838.27
-1814.84
-1805.98
-1742.65
-1680.6
-1673
-1688.83
-1625.51
-1492.53
-1370.95
-1248.73
-1085.36
-866.895
-652.229
-465.426
-301.418
-184.904
-128.546
-93.0851
-76.6211
-139.944
-293.82
-471.125
-600.937
-719.985
-880.193
-1030.9
-1101.82
-1127.79
-1152.48
-1142.35
-1066.36
-959.347
-874.493
-807.371
-741.515
-691.489
-660.461
-633.865
-612.969
-628.799
-653.495
-634.498
-578.141
-521.783
-467.325
-364.742
-193.136
-20.8967
132.979
318.516
521.15
692.756
817.503
923.252
1024.57
1073.33
1073.96
1090.43
1072.06
1015.7
957.447
923.252
913.121
899.189
925.785
1004.31
1109.42
1251.27
1477.96
1733.79
1918.06
2036.47
2175.15
2366.39
2484.8
2446.18
2394.25
2396.78
2398.68
2307.5
2127.66
1976.95
1846.5
1717.96
1602.08
1471
1301.93
1168.95
1089.16
1004.94
812.437
564.843
372.34
167.173
-153.875
-542.68
-866.895
-1106.89
-1355.75
-1653.37
-1886.4
-2008.61
-2085.23
-2139.69
-2153.62
-2118.79
-2057.37
-1989.61
-1880.07
-1780.02
-1726.82
-1656.53
-1555.22
-1477.33
-1458.33
-1430.47
-1318.39
-1193.64
-1108.79
-1010.01
-866.261
-680.091
-505.952
-327.381
-155.775
-46.2259
6.33232
37.9939
56.3576
8.23202
-114.615
-272.29
-419.833
-558.511
-702.888
-820.035
-908.688
-977.71
-1019.5
-1016.97
-967.579
-909.321
-830.167
-721.884
-607.27
-523.683
-460.36
-392.604
-345.745
-359.676
-400.203
-408.435
-402.102
-397.036
-380.572
-322.948
-216.565
-101.95
20.8967
194.402
367.275
528.116
662.361
798.506
951.114
1041.03
1083.46
1079.03
1060.03
1006.21
930.218
861.829
785.841
747.847
723.784
760.512
809.904
906.155
1121.45
1359.55
1576.11
1686.3
1818.01
2033.94
2222.01
2280.27
2228.34
2228.98
2258.11
2222.01
2060.54
1854.1
1710.36
1597.01
1499.49
1363.35
1209.47
1110.06
1048.63
1000.51
883.992
694.656
511.651
348.278
127.28
-207.067
-557.877
-818.769
-1022.67
-1297.49
-1600.81
-1823.07
-1937.06
-1990.25
-2046.61
-2071.94
-2036.47
-1956.69
-1843.34
-1710.99
-1614.74
-1536.22
-1433
-1327.89
-1269.63
-1256.97
-1209.47
-1109.42
-1020.14
-969.478
-899.823
-782.042
-626.9
-475.557
-359.043
-253.293
-169.073
-105.75
-58.8906
-52.5583
-113.349
-243.794
-381.839
-511.018
-678.825
-865.628
-1001.14
-1091.06
-1179.08
-1241.77
-1229.74
-1163.88
-1088.53
-1018.87
-918.82
-808.637
-706.687
-587.006
-477.457
-410.968
-391.337
-362.842
-311.55
-279.255
-276.722
-246.96
-164.007
-50.0253
77.8875
239.995
457.194
665.527
839.032
1002.41
1179.08
1315.22
1396.91
1427.94
1417.17
1391.21
1336.12
1257.6
1162.61
1080.29
1013.17
970.111
969.478
976.444
1057.5
1251.9
1462.77
1588.78
1673.63
1849.67
2051.67
2170.72
2161.22
2133.36
2163.12
2165.02
2080.17
1900.33
1726.82
1598.28
1476.06
1334.85
1174.01
1020.77
904.255
827.634
725.051
553.445
355.243
189.336
18.997
-244.428
-586.373
-894.757
-1118.29
-1346.25
-1639.44
-1895.9
-2057.37
-2155.52
-2232.78
-2281.53
-2273.3
-2231.51
-2158.05
-2035.84
-1894.63
-1785.71
-1681.86
-1549.52
-1422.24
-1352.58
-1316.49
-1222.77
-1097.39
-1013.8
-966.312
-894.124
-760.512
-618.034
-493.288
-379.306
-269.757
-181.104
-124.747
-70.922
-40.5268
-80.4205
-180.471
-257.725
-331.814
-457.827
-593.338
-688.323
-751.646
-837.766
-900.456
-882.725
-816.869
-763.045
-694.022
-574.341
-445.795
-324.215
-215.932
-107.016
-22.7964
24.0628
64.5897
115.881
161.474
176.039
205.8
269.757
358.409
457.194
577.508
733.283
873.227
993.541
1110.69
1262.66
1381.08
1429.84
1436.17
1426.67
1382.35
1297.49
1194.28
1074.59
950.481
825.735
752.28
723.151
706.054
711.753
823.835
984.676
1094.22
1170.85
1297.49
1475.43
1595.11
1595.74
1559.65
1571.05
1593.84
1530.52
1379.81
1208.21
1064.46
942.882
813.07
672.492
523.683
412.867
345.111
288.754
177.938
29.7619
-91.1854
-186.803
-355.243
-602.204
-819.402
-972.644
-1133.49
-1350.68
-1561.55
-1698.33
-1785.71
-1856.64
-1899.06
-1899.7
-1859.8
-1771.78
-1633.11
-1479.23
-1359.55
-1236.7
-1065.1
-902.356
-804.838
-740.248
-647.796
-540.147
-483.789
-467.958
-411.601
-321.682
-272.29
-244.428
-183.004
-105.75
-69.0223
-60.7903
-13.2979
32.9281
1.8997
-85.4863
-156.408
-231.763
-359.676
-513.551
-640.198
-752.913
-891.591
-980.243
-977.71
-949.215
-943.516
-914.387
-801.672
-660.461
-554.078
-469.225
-365.375
-274.189
-224.164
-183.637
-129.813
-77.8875
-44.9595
-7.59878
78.5208
177.938
269.757
397.036
553.445
699.721
816.236
934.017
1077.13
1191.11
1239.87
1251.27
1243.03
1214.54
1168.31
1089.79
999.873
894.124
804.205
773.176
768.744
749.113
735.182
830.8
975.177
1064.46
1085.99
1170.21
1344.98
1476.06
1513.42
1486.83
1498.86
1548.25
1543.82
1448.83
1294.33
1148.68
1030.9
934.017
805.471
632.599
481.89
391.971
340.046
223.531
72.1884
-34.1945
-98.7842
-216.565
-432.497
-654.129
-813.07
-930.218
-1097.39
-1305.09
-1492.53
-1612.84
-1670.47
-1711.63
-1745.82
-1769.88
-1733.79
-1616.01
-1484.3
-1396.91
-1294.33
-1120.82
-921.353
-787.741
-713.652
-619.301
-513.551
-435.664
-398.936
-393.87
-374.24
-329.914
-276.722
-233.029
-214.666
-202.001
-158.941
-101.317
-86.7528
-129.813
-186.803
-218.465
-263.425
-372.974
-500.887
-592.705
-668.06
-764.311
-849.164
-878.293
-868.161
-835.233
-770.643
-687.69
-604.737
-502.786
-368.541
-251.393
-179.838
-117.781
-23.4296
71.5552
114.615
150.709
217.832
320.415
412.867
486.955
581.94
706.687
834.6
930.218
1006.21
1072.7
1134.12
1172.11
1163.88
1104.36
1038.5
991.641
923.886
818.769
694.022
609.169
570.542
537.614
465.426
409.701
471.125
573.075
619.301
633.865
712.386
866.261
1011.27
1076.49
1075.23
1126.52
1231
1287.99
1217.71
1058.76
934.017
861.829
778.242
619.301
422.366
272.923
188.07
121.581
12.6646
-100.051
-150.709
-158.308
-218.465
-372.34
-521.15
-586.373
-625.633
-752.28
-959.98
-1132.22
-1224.67
-1286.09
-1367.15
-1446.3
-1452.63
-1386.78
-1290.53
-1194.28
-1101.82
-961.246
-774.443
-602.837
-492.655
-414.767
-312.817
-194.402
-115.248
-122.214
-143.11
-106.383
-62.69
-58.8906
-70.922
-51.2918
-21.5299
-12.6646
-29.7619
-47.4924
-67.1226
-102.584
-163.374
-261.525
-370.441
-460.36
-530.015
-595.871
-692.123
-787.741
-821.302
-795.973
-774.443
-774.443
-723.784
-619.934
-511.018
-426.798
-343.212
-241.895
-151.342
-75.9878
-23.4296
32.2948
119.681
199.468
262.791
313.45
371.074
460.993
569.276
638.931
670.593
714.286
804.205
890.324
900.456
878.293
844.732
832.7
819.402
738.349
631.966
538.88
456.56
363.475
276.722
177.305
142.477
222.264
296.353
307.118
337.513
496.454
700.988
846.631
899.189
946.049
1074.59
1178.44
1173.38
1074.59
977.71
904.255
822.568
714.919
552.812
398.303
296.986
250.76
202.634
112.082
24.696
7.59878
8.23202
-89.2857
-240.628
-353.343
-402.736
-486.955
-671.226
-858.663
-975.811
-1067
-1177.18
-1270.9
-1310.16
-1296.86
-1230.37
-1110.69
-994.174
-899.189
-770.643
-592.705
-433.764
-335.613
-265.324
-165.274
-46.8592
13.2979
4.43262
0
41.1601
74.0881
70.2888
55.7244
55.7244
61.4235
78.5208
100.051
89.9189
39.8936
-15.8308
-65.2229
-138.045
-233.029
-330.547
-401.469
-471.125
-564.21
-636.398
-661.727
-661.094
-662.994
-641.464
-585.74
-505.952
-411.601
-309.65
-231.763
-175.405
-116.515
-38.6272
22.1631
44.3262
69.0223
117.781
163.374
169.073
173.506
210.233
270.39
309.017
334.347
398.303
481.256
536.348
548.379
545.846
531.915
486.322
430.598
370.441
275.456
175.405
95.618
25.9625
-69.6555
-174.139
-171.606
-62.69
47.4924
88.0193
151.342
341.312
554.711
683.891
721.884
781.408
908.055
1032.8
1063.83
991.008
901.089
830.8
785.841
718.718
614.235
521.15
495.821
534.448
538.247
471.758
409.068
409.068
404.002
298.886
152.609
60.7903
17.0973
-71.5552
-249.493
-454.661
-607.903
-712.386
-819.402
-919.453
-977.077
-953.014
-856.763
-737.082
-645.263
-569.909
-457.194
-306.484
-179.205
-115.881
-60.7903
47.4924
143.11
144.377
88.6525
53.8247
77.8875
86.1196
47.4924
5.06586
-14.5643
-25.3293
-39.8936
-78.5208
-152.609
-226.064
-282.421
-329.914
-406.535
-515.451
-602.837
-676.925
-768.744
-878.293
-961.246
-973.278
-961.879
-973.911
-985.309
-951.748
-871.327
-776.976
-694.656
-625
-547.112
-450.228
-347.644
-274.823
-239.995
-202.634
-145.643
-95.618
-81.6869
-62.69
15.8308
112.082
167.173
192.503
237.462
329.914
432.497
488.222
512.285
529.382
560.41
575.608
551.545
462.893
359.043
301.418
246.327
186.803
100.051
98.7842
202.634
290.02
329.281
375.507
549.645
771.277
935.917
1011.27
1064.46
1182.24
1286.73
1328.52
1261.4
1150.58
1067
1007.47
956.18
833.333
706.687
637.665
629.433
603.47
530.648
504.686
524.949
538.247
441.996
293.186
195.035
153.875
79.7872
-107.016
-326.748
-495.187
-595.238
-685.157
-796.606
-891.591
-927.052
-868.794
-773.81
-703.521
-634.498
-519.883
-378.04
-293.186
-248.227
-192.503
-92.4519
13.9311
35.461
-2.53293
-31.6616
-10.1317
-7.59878
-66.4894
-150.709
-220.998
-237.462
-239.362
-258.359
-307.751
-358.409
-379.306
-415.4
-509.752
-625
-707.32
-783.308
-893.49
-1015.07
-1084.73
-1085.36
-1062.56
-1067.63
-1087.89
-1077.76
-1011.27
-916.92
-855.496
-820.035
-763.045
-687.69
-596.505
-509.752
-439.463
-371.707
-298.886
-233.029
-188.703
-132.979
-49.3921
41.7933
100.684
133.612
203.267
329.281
460.993
536.981
584.473
629.433
674.392
687.69
657.928
595.238
538.247
488.222
448.328
410.968
402.102
495.187
600.937
661.727
698.455
806.104
969.478
1090.43
1143.62
1171.48
1244.93
1351.95
1413.37
1377.91
1305.72
1265.83
1218.34
1142.98
1031.53
903.622
810.537
740.881
662.361
539.514
429.965
393.87
388.804
307.751
165.274
47.4924
-21.5299
-94.3516
-240.628
-402.102
-534.448
-624.367
-700.988
-804.838
-897.29
-940.983
-936.55
-909.321
-889.058
-860.562
-772.543
-630.066
-495.187
-395.77
-300.785
-169.706
-33.5613
18.997
-0.633232
-29.1287
-20.8967
-26.5957
-85.4863
-135.512
-169.706
-179.838
-176.039
-181.104
-234.929
-311.55
-374.24
-434.397
-514.184
-601.57
-631.966
-659.828
-725.684
-828.901
-928.951
-965.046
-963.779
-977.71
-1030.27
-1042.3
-989.742
-908.055
-818.769
-743.414
-647.796
-548.379
-469.858
-421.099
-414.134
-410.968
-392.604
-357.143
-335.613
-303.951
-201.368
-72.8217
31.0284
109.549
207.7
340.679
467.958
555.344
617.401
657.295
685.157
697.188
681.358
625.633
559.777
508.485
471.125
406.535
378.04
445.162
516.084
548.379
557.877
649.696
807.371
923.886
986.575
1057.5
1170.21
1266.46
1293.06
1232.27
1157.55
1114.49
1063.83
1000.51
904.889
806.738
734.549
704.154
669.326
580.041
505.319
471.758
448.961
333.713
170.339
63.9564
-1.8997
-88.6525
-235.562
-371.074
-469.858
-568.009
-666.793
-749.747
-792.173
-804.838
-778.242
-737.082
-703.521
-681.358
-628.799
-510.385
-395.137
-309.017
-215.932
-81.6869
55.7244
130.446
151.342
157.675
176.672
170.973
155.142
158.941
155.142
135.512
94.9848
47.4924
-11.3982
-104.483
-199.468
-275.456
-363.475
-468.592
-564.843
-653.495
-751.013
-857.396
-934.65
-969.478
-1001.77
-1049.27
-1096.76
-1122.72
-1125.89
-1120.82
-1100.56
-1054.96
-1001.14
-944.782
-885.258
-833.967
-790.907
-750.38
-713.019
-662.361
-605.37
-544.58
-451.494
-342.579
-234.296
-138.045
-51.2918
23.4296
69.6555
128.546
211.499
288.121
344.478
397.67
453.394
496.454
535.081
566.743
591.439
583.207
621.834
711.12
779.509
811.17
855.496
977.71
1087.89
1139.82
1168.31
1233.54
1340.55
1429.84
1454.53
1411.47
1369.68
1343.09
1301.93
1232.27
1127.15
1022.67
947.315
899.189
837.766
747.847
676.292
645.897
606.003
486.955
348.911
253.293
169.073
24.696
-170.973
-338.779
-447.062
-516.084
-562.943
-597.771
-614.868
-606.636
-571.809
-535.714
-515.451
-491.388
-448.328
-406.535
-385.638
-349.544
-263.425
-122.214
-7.59878
15.1976
3.79939
32.2948
96.2513
117.148
80.4205
19.6302
-32.9281
-59.5238
-78.5208
-124.747
-207.067
-290.653
-364.108
-458.46
-577.508
-697.188
-794.706
-893.49
-1011.27
-1139.82
-1225.3
-1251.27
-1270.26
-1314.59
-1362.08
-1358.28
-1308.89
-1248.73
-1215.17
-1193.01
-1161.98
-1120.19
-1060.66
-1003.67
-944.782
-880.826
-811.17
-740.881
-669.326
-579.407
-462.259
-345.745
-260.892
-169.073
-46.2259
79.7872
176.039
245.694
309.017
368.541
425.532
475.557
518.617
581.307
664.26
732.649
759.245
774.443
867.528
996.707
1096.76
1149.95
1238.6
1370.95
1479.86
1548.25
1568.52
1612.84
1671.1
1686.3
1626.14
1526.09
1465.93
1434.9
1397.54
1320.92
1219.6
1154.38
1134.12
1123.35
1037.87
920.719
823.835
723.784
564.843
343.212
151.976
20.2634
-78.5208
-210.233
-372.974
-517.984
-611.702
-684.524
-774.443
-854.863
-902.989
-895.39
-845.998
-800.405
-752.28
-677.558
-567.376
-474.924
-441.363
-411.601
-343.212
-272.923
-249.493
-269.757
-279.889
-245.061
-178.571
-108.283
-49.3921
-13.2979
7.59878
26.5957
41.1601
35.461
0
-54.458
-124.113
-241.261
-379.939
-505.952
-630.699
-754.179
-889.691
-1029
-1130.32
-1192.38
-1243.67
-1268.36
-1249.37
-1203.77
-1171.48
-1141.72
-1104.36
-1084.09
-1076.49
-1077.13
-1077.76
-1079.03
-1066.36
-1026.47
-977.077
-910.588
-825.735
-718.718
-596.505
-492.021
-388.804
-267.224
-129.179
-8.86525
93.0851
183.004
279.889
369.174
423.632
468.592
498.354
533.815
578.141
623.1
676.925
787.107
932.751
1049.9
1124.62
1211.37
1348.15
1465.3
1546.35
1609.04
1680.6
1773.05
1840.17
1827.51
1743.92
1635.01
1521.66
1401.34
1264.56
1105.62
992.275
937.183
913.754
877.026
816.869
773.81
711.753
625
502.153
359.676
233.029
101.95
-74.7214
-288.121
-461.626
-572.442
-648.43
-719.985
-787.107
-818.769
-808.004
-754.813
-685.157
-616.768
-531.915
-436.93
-338.779
-257.092
-184.904
-98.151
-24.696
8.86525
6.96555
18.997
61.4235
115.248
164.007
180.471
174.139
155.142
123.48
75.9878
16.464
-35.461
-82.9534
-151.976
-252.026
-362.842
-490.122
-627.533
-780.775
-957.447
-1113.22
-1220.24
-1280.4
-1334.85
-1388.04
-1404.51
-1399.44
-1383.61
-1370.95
-1355.12
-1327.89
-1282.93
-1246.83
-1233.54
-1232.9
-1227.84
-1198.71
-1167.05
-1129.05
-1070.16
-970.111
-829.534
-684.524
-549.012
-417.3
-267.224
-125.38
-15.1976
79.154
169.073
258.992
321.049
364.742
393.237
415.4
461.626
516.084
572.442
668.06
831.434
1000.51
1139.18
1267.1
1426.67
1600.81
1712.26
1769.25
1817.38
1866.77
1912.99
1909.83
1830.04
1727.46
1644.5
1583.08
1511.52
1397.54
1281.66
1206.31
1155.65
1096.76
1013.8
930.851
874.493
799.139
660.461
504.053
359.043
228.597
87.386
-102.584
-295.719
-447.695
-554.711
-642.097
-721.251
-786.474
-817.503
-796.606
-753.546
-706.687
-650.963
-561.677
-453.394
-378.04
-325.481
-259.625
-188.07
-157.042
-172.239
-186.17
-167.806
-125.38
-75.9878
-25.3293
7.59878
28.4954
46.2259
60.7903
57.6241
24.696
-27.8622
-91.1854
-171.606
-286.221
-421.733
-573.075
-743.414
-918.186
-1080.29
-1205.04
-1294.33
-1367.78
-1434.27
-1465.3
-1456.43
-1449.47
-1446.94
-1423.51
-1396.28
-1360.18
-1314.59
-1281.66
-1268.36
-1254.43
-1231
-1198.07
-1161.98
-1114.49
-1034.07
-920.086
-792.806
-659.195
-505.319
-342.579
-175.405
-27.229
119.048
264.691
383.105
477.457
542.68
607.903
656.028
705.42
763.678
820.669
866.895
957.447
1092.96
1206.31
1317.12
1465.93
1660.33
1830.04
1950.99
2051.67
2157.42
2251.77
2280.27
2222.64
2105.5
1972.52
1841.44
1710.36
1571.68
1415.27
1280.4
1181.61
1095.49
999.873
887.158
785.841
688.323
554.711
385.005
222.898
85.4863
-59.5238
-258.992
-478.09
-661.727
-821.302
-955.547
-1060.66
-1133.49
-1173.38
-1175.91
-1138.55
-1079.03
-1002.41
-907.421
-799.772
-706.054
-637.031
-559.777
-467.325
-396.403
-366.641
-362.209
-340.046
-300.785
-258.992
-215.932
-189.336
-165.274
-138.678
-119.681
-123.48
-128.546
-138.678
-170.339
-217.832
-295.086
-403.369
-529.382
-652.862
-799.772
-968.212
-1105.62
-1185.41
-1243.03
-1303.82
-1314.59
-1296.86
-1269
-1222.14
-1177.18
-1132.22
-1087.26
-1042.3
-1005.57
-980.876
-960.613
-935.917
-903.622
-866.261
-818.769
-764.944
-685.157
-567.376
-440.096
-321.049
-191.236
-25.9625
139.944
290.02
431.864
553.445
637.031
690.223
730.117
767.477
805.471
839.032
871.327
914.387
1007.47
1159.45
1317.76
1450.73
1600.81
1792.05
1966.82
2083.97
2167.55
2250.51
2323.96
2347.39
2299.27
2169.45
2007.98
1848.4
1686.3
1491.26
1265.2
1070.16
911.854
793.44
686.424
584.473
492.021
397.036
291.92
141.211
-17.0973
-149.443
-280.522
-450.861
-647.163
-830.167
-972.011
-1091.69
-1208.21
-1295.59
-1349.42
-1357.02
-1339.92
-1298.76
-1229.1
-1135.39
-1016.34
-902.356
-792.806
-680.724
-560.41
-467.958
-414.134
-381.839
-366.008
-338.146
-305.851
-275.456
-234.296
-191.869
-148.176
-120.314
-93.7183
-62.69
-41.7933
-51.2918
-91.1854
-148.81
-220.365
-303.951
-428.698
-574.975
-731.383
-883.992
-1016.34
-1127.79
-1232.27
-1318.39
-1358.92
-1351.32
-1310.16
-1255.07
-1182.88
-1101.19
-1022.04
-957.447
-897.29
-839.032
-792.173
-764.311
-746.581
-719.985
-681.991
-630.066
-555.344
-443.262
-314.716
-166.54
-3.16616
166.54
336.246
502.786
649.696
762.411
856.13
920.086
964.412
984.676
994.807
1001.14
1004.31
1049.9
1130.32
1215.81
1301.93
1436.17
1626.14
1801.55
1940.22
2055.47
2170.09
2258.74
2298
2268.24
2170.72
2038.37
1889.56
1730.62
1543.82
1344.98
1158.81
988.475
830.167
676.292
544.58
447.695
359.676
255.826
134.245
12.0314
-96.8845
-204.534
-347.011
-527.482
-715.552
-887.158
-1042.93
-1197.44
-1332.32
-1423.51
-1469.1
-1469.1
-1434.27
-1369.68
-1269
-1146.78
-1025.84
-905.522
-775.076
-648.43
-542.047
-457.827
-398.303
-365.375
-346.378
-312.817
-272.923
-243.161
-214.032
-185.537
-155.775
-121.581
-81.0537
-55.7244
-59.5238
-74.0881
-101.95
-160.208
-234.296
-310.917
-410.968
-538.88
-662.361
-778.242
-902.356
-1013.17
-1096.12
-1156.91
-1196.81
-1210.74
-1198.07
-1174.65
-1144.88
-1101.82
-1057.5
-1013.17
-951.748
-897.923
-866.895
-841.565
-803.571
-757.979
-707.953
-640.831
-545.213
-438.83
-330.547
-193.769
-43.0598
99.4174
234.296
360.309
468.592
557.244
645.897
733.916
798.506
841.565
883.359
906.788
947.315
1051.8
1155.65
1242.4
1361.45
1538.75
1719.86
1864.87
1987.08
2110.56
2219.48
2299.27
2341.69
2297.37
2206.81
2109.93
1984.55
1828.14
1640.7
1449.47
1276.6
1111.96
967.579
833.333
712.386
605.37
497.087
360.942
227.964
107.649
-20.2634
-155.775
-332.447
-520.517
-705.42
-873.227
-1034.7
-1190.48
-1317.12
-1394.38
-1419.07
-1420.34
-1388.68
-1324.72
-1233.54
-1139.82
-1049.27
-934.65
-808.637
-697.822
-595.238
-504.053
-435.03
-364.108
-280.522
-210.866
-160.208
-126.646
-108.283
-92.4519
-72.1884
-45.5927
-60.157
-104.483
-149.443
-210.866
-283.055
-357.143
-455.294
-585.74
-719.352
-840.299
-949.215
-1051.17
-1141.72
-1229.74
-1315.22
-1353.22
-1344.98
-1337.39
-1327.25
-1307.62
-1286.73
-1248.73
-1195.54
-1132.22
-1073.96
-1023.94
-966.945
-898.556
-821.302
-741.515
-661.094
-576.874
-482.523
-374.873
-247.594
-99.4174
46.8592
193.136
327.381
454.661
580.674
696.555
793.44
871.327
937.817
1003.67
1081.56
1157.55
1258.23
1362.08
1452.63
1553.32
1695.16
1854.74
1992.15
2106.76
2202.38
2300.53
2386.02
2437.31
2427.18
2355.62
2261.9
2132.73
1973.15
1804.71
1615.37
1420.97
1235.44
1056.23
882.092
724.417
581.307
425.532
261.525
101.95
-48.7589
-191.869
-326.114
-469.225
-626.266
-772.543
-897.923
-1030.9
-1157.55
-1267.73
-1365.88
-1436.8
-1481.76
-1477.33
-1422.87
-1340.55
-1246.83
-1158.81
-1054.33
-923.886
-803.571
-711.753
-644.63
-590.805
-532.548
-465.426
-400.203
-340.046
-287.487
-248.227
-214.666
-188.07
-162.107
-140.578
-145.01
-160.841
-181.104
-210.866
-239.995
-288.121
-367.908
-459.726
-565.476
-677.558
-785.208
-898.556
-997.974
-1072.06
-1122.72
-1156.28
-1176.55
-1172.75
-1146.78
-1118.92
-1094.86
-1057.5
-1004.31
-935.284
-855.496
-780.775
-707.32
-623.734
-540.147
-460.993
-386.905
-305.851
-217.199
-129.813
-24.0628
97.5177
215.932
335.613
452.128
554.078
643.364
725.684
788.374
840.932
892.224
946.049
1003.04
1088.53
1197.44
1289.26
1378.55
1493.79
1627.41
1741.39
1823.71
1894.63
1977.58
2052.3
2092.2
2090.93
2048.51
1976.32
1885.76
1772.42
1629.31
1467.83
1308.89
1145.52
976.444
818.136
678.825
545.846
401.469
233.663
54.458
-123.48
-292.553
-445.795
-600.937
-755.446
-892.224
-1015.07
-1130.95
-1242.4
-1331.69
-1390.58
-1420.34
-1429.2
-1424.14
-1398.18
-1335.49
-1256.97
-1177.18
-1085.99
-973.278
-841.565
-710.486
-581.94
-474.924
-383.739
-277.989
-166.54
-75.3546
-2.53293
59.5238
110.182
151.342
173.506
175.405
160.208
134.245
105.117
54.458
-15.8308
-86.7528
-170.973
-286.221
-402.736
-500.887
-597.138
-692.123
-783.308
-868.161
-936.55
-980.243
-1005.57
-1028.37
-1045.47
-1042.93
-1033.43
-1025.2
-1007.47
-974.544
-930.851
-883.359
-838.399
-785.841
-725.051
-655.395
-557.244
-454.661
-360.942
-258.359
-143.11
-25.3293
81.0537
186.17
296.353
403.369
509.119
614.868
699.088
768.11
834.6
888.425
940.983
1021.4
1130.95
1227.2
1306.36
1417.17
1564.72
1693.26
1785.08
1871.2
1947.19
2001.01
2032.67
2016.21
1950.99
1866.77
1780.65
1678.06
1549.52
1401.98
1252.53
1092.96
936.55
784.574
633.232
501.52
376.14
234.929
75.9878
-72.8217
-208.967
-352.71
-507.219
-662.361
-809.904
-942.249
-1065.73
-1201.24
-1325.99
-1420.34
-1471
-1484.3
-1481.13
-1452.63
-1395.01
-1322.19
-1240.5
-1143.62
-1026.47
-882.092
-750.38
-650.963
-555.344
-458.46
-369.174
-288.754
-210.866
-138.045
-72.1884
-4.43262
44.9595
67.7558
88.0193
110.182
110.182
83.5866
42.4265
1.26646
-43.693
-104.483
-190.603
-302.685
-416.667
-523.05
-626.9
-729.483
-811.803
-868.161
-920.086
-972.644
-1010.01
-1023.3
-1020.77
-997.34
-968.845
-944.149
-904.255
-830.167
-755.446
-700.988
-650.963
-585.74
-507.852
-428.698
-340.679
-247.594
-150.076
-43.693
66.4894
179.205
272.29
359.676
441.996
514.184
592.705
682.624
784.574
865.628
934.017
1003.04
1107.52
1232.27
1343.72
1436.17
1543.82
1700.23
1842.07
1930.72
1987.08
2053.57
2112.46
2132.09
2105.5
2029.51
1930.72
1833.84
1730.62
1601.44
1445.04
1298.13
1149.95
972.644
795.339
631.332
481.256
326.748
150.076
-44.9595
-219.732
-369.807
-513.551
-673.759
-845.365
-995.441
-1127.15
-1239.24
-1339.92
-1429.2
-1491.26
-1527.99
-1550.79
-1568.52
-1555.85
-1507.73
-1434.9
-1374.11
-1321.56
-1239.24
-1134.75
-1024.57
-921.353
-817.503
-706.054
-580.041
-438.197
-313.45
-226.697
-150.709
-67.1226
12.6646
87.386
144.377
162.107
160.841
149.443
113.982
64.5897
7.59878
-66.4894
-167.173
-274.189
-361.575
-445.162
-533.815
-614.868
-680.091
-734.549
-757.979
-759.245
-780.142
-801.039
-808.004
-811.803
-811.17
-791.54
-762.411
-740.881
-725.051
-701.621
-669.326
-635.132
-579.407
-513.551
-429.965
-322.315
-203.901
-73.4549
46.2259
153.875
257.092
345.745
428.698
495.187
540.147
586.373
629.433
668.06
713.652
788.374
915.02
1047.37
1159.45
1274.06
1437.44
1623.61
1767.35
1881.33
1978.22
2066.24
2135.26
2160.59
2117.53
2022.54
1909.83
1790.78
1648.94
1494.43
1358.28
1227.84
1104.36
977.077
836.499
716.185
607.27
484.422
336.246
183.004
43.0598
-99.4174
-250.76
-421.099
-587.639
-752.913
-906.155
-1032.8
-1151.85
-1251.9
-1320.92
-1361.45
-1391.84
-1403.24
-1373.48
-1308.89
-1238.6
-1167.05
-1085.36
-1001.14
-906.155
-818.769
-761.778
-701.621
-621.201
-536.981
-461.626
-391.971
-312.183
-230.496
-153.875
-72.8217
-13.9311
23.4296
65.8561
91.8186
78.5208
51.925
24.0628
-28.4954
-120.947
-224.164
-334.98
-455.294
-572.442
-672.492
-770.01
-862.462
-918.82
-953.014
-970.745
-966.945
-946.682
-922.619
-900.456
-876.393
-852.33
-831.434
-814.336
-796.606
-785.208
-771.91
-730.117
-686.424
-641.464
-579.407
-489.488
-383.739
-276.722
-159.574
-42.4265
68.3891
179.838
291.92
380.572
462.893
540.147
606.636
666.793
726.95
833.967
962.513
1079.66
1190.48
1327.25
1493.16
1642.6
1764.82
1862.34
1963.65
2053.57
2106.76
2109.93
2075.1
2025.08
1945.92
1844.6
1719.86
1583.08
1447.57
1310.16
1165.15
1013.8
877.66
744.681
601.57
436.93
265.957
112.082
-34.8278
-185.537
-352.71
-525.583
-678.825
-821.302
-966.945
-1108.79
-1221.5
-1295.59
-1346.25
-1389.94
-1405.14
-1386.14
-1330.42
-1268.36
-1210.74
-1144.25
-1063.2
-958.713
-865.628
-776.342
-680.724
-587.006
-500.253
-411.601
-309.65
-220.365
-125.38
-25.3293
58.8906
142.477
236.829
305.851
318.516
297.619
262.791
225.431
186.803
118.414
12.6646
-104.483
-198.835
-286.221
-390.071
-476.824
-545.213
-617.401
-670.593
-692.756
-696.555
-676.292
-655.395
-647.796
-650.329
-649.063
-637.665
-645.897
-681.358
-733.283
-757.979
-756.079
-744.048
-723.151
-693.389
-630.066
-540.78
-441.363
-355.876
-270.39
-169.706
-75.3546
-15.1976
41.1601
104.483
172.872
246.96
290.653
322.315
397.67
527.482
654.129
759.245
876.393
1042.3
1227.84
1383.61
1509.63
1652.1
1791.41
1901.6
1949.09
1916.79
1849.04
1785.08
1703.39
1563.45
1400.08
1263.3
1149.95
1013.8
868.161
733.916
634.498
549.645
432.497
274.823
122.214
6.33232
-108.283
-258.359
-431.864
-593.338
-732.016
-852.33
-985.942
-1114.49
-1198.07
-1239.24
-1261.4
-1270.9
-1243.03
-1172.75
-1077.76
-996.707
-930.851
-843.465
-733.283
-618.668
-527.482
-465.426
-406.535
-322.315
-239.995
-175.405
-105.75
-19.6302
73.4549
152.609
227.33
298.252
381.206
459.726
505.952
524.949
531.282
524.949
479.99
386.905
260.892
133.612
-2.53293
-146.91
-284.321
-412.867
-512.918
-588.906
-656.662
-719.985
-755.446
-754.813
-744.681
-743.414
-747.214
-734.549
-721.251
-726.317
-736.449
-753.546
-763.045
-763.045
-768.744
-785.208
-780.775
-742.781
-688.323
-631.332
-573.075
-497.087
-409.701
-306.484
-214.666
-136.778
-51.2918
46.8592
144.377
224.164
289.387
386.905
516.717
625.633
730.117
865.628
1042.3
1218.97
1370.31
1510.26
1677.43
1851.57
1982.65
2044.07
2037.74
1991.51
1938.32
1864.24
1748.35
1605.88
1467.2
1335.49
1184.78
1030.27
890.957
764.944
628.166
468.592
293.82
134.245
-5.06586
-143.744
-309.65
-492.655
-657.928
-797.239
-930.851
-1056.23
-1160.71
-1246.83
-1308.26
-1357.02
-1376.01
-1351.95
-1297.49
-1236.07
-1181.61
-1115.75
-1011.27
-886.525
-775.709
-686.424
-599.671
-512.285
-441.363
-372.974
-300.785
-223.531
-145.643
-77.2543
-5.06586
71.5552
150.076
220.998
258.992
264.691
265.324
271.023
262.791
222.898
162.107
84.8531
-1.26646
-86.1196
-186.17
-291.92
-390.704
-476.824
-549.645
-605.37
-630.699
-636.398
-638.931
-633.865
-617.401
-602.204
-588.273
-576.241
-580.674
-592.072
-600.937
-595.238
-593.972
-588.273
-564.843
-531.915
-491.388
-446.429
-376.14
-293.186
-204.534
-113.349
-44.3262
27.229
117.148
217.199
300.785
350.177
393.87
443.896
530.015
631.966
723.151
803.571
922.619
1090.43
1239.24
1369.05
1489.36
1630.57
1757.22
1843.97
1878.17
1852.84
1809.78
1759.75
1685.03
1569.15
1446.3
1333.59
1206.31
1078.39
952.381
839.666
728.85
596.505
439.463
271.023
122.847
-20.8967
-175.405
-353.343
-521.783
-689.59
-854.863
-1017.6
-1175.91
-1293.69
-1377.91
-1428.57
-1465.3
-1481.76
-1455.17
-1387.41
-1307.62
-1227.2
-1129.05
-1025.2
-907.421
-793.44
-680.724
-564.843
-464.792
-372.974
-284.954
-200.101
-125.38
-56.9909
0.633232
53.1915
121.581
191.869
255.826
303.951
339.412
357.143
353.977
334.98
295.086
237.462
166.54
90.5522
1.8997
-91.8186
-189.97
-283.688
-370.441
-446.429
-511.018
-565.476
-600.304
-630.066
-647.163
-645.897
-635.765
-637.665
-654.129
-666.16
-675.025
-671.859
-666.16
-660.461
-651.596
-628.166
-581.94
-540.78
-493.921
-430.598
-354.61
-263.425
-170.339
-73.4549
1.26646
70.922
135.512
182.371
218.465
255.193
284.954
322.315
405.268
498.354
590.172
695.289
841.565
1006.21
1164.51
1315.22
1464.67
1598.28
1702.13
1784.45
1807.24
1792.68
1759.75
1704.03
1619.81
1506.46
1396.91
1277.86
1151.22
1030.9
916.287
821.935
722.518
612.969
486.322
357.776
225.431
93.7183
-55.7244
-240.628
-422.366
-593.338
-754.179
-913.754
-1060.66
-1183.51
-1274.06
-1338.65
-1372.21
-1372.85
-1332.95
-1264.56
-1187.94
-1096.12
-986.575
-868.161
-757.345
-657.295
-569.909
-479.99
-395.137
-328.647
-253.926
-169.706
-88.6525
-17.0973
48.1256
131.079
214.032
286.854
338.146
352.71
349.544
345.111
334.98
290.02
223.531
146.91
59.5238
-36.7275
-137.411
-240.628
-343.212
-436.297
-516.084
-581.94
-623.1
-632.599
-635.765
-640.831
-637.665
-618.034
-606.636
-614.868
-625
-643.997
-671.226
-676.292
-678.191
-690.856
-684.524
-654.762
-618.034
-573.075
-507.852
-421.099
-322.315
-220.998
-130.446
-47.4924
25.9625
93.0851
144.377
170.339
189.336
211.499
243.794
272.923
341.312
435.664
527.482
626.266
763.678
943.516
1109.42
1265.83
1406.41
1534.32
1649.57
1746.45
1786.35
1752.15
1689.46
1617.91
1523.56
1404.51
1283.56
1172.11
1064.46
959.98
860.562
780.142
708.587
622.467
520.517
398.303
266.591
132.345
-12.0314
-190.603
-380.572
-565.476
-737.082
-906.155
-1066.36
-1181.61
-1265.2
-1313.32
-1332.95
-1320.29
-1269
-1186.04
-1091.06
-1004.94
-907.421
-790.274
-658.561
-549.012
-457.194
-379.306
-303.951
-239.995
-188.07
-134.245
-87.386
-34.8278
12.0314
71.5552
139.944
218.465
289.387
334.98
348.911
348.278
350.811
320.415
252.026
163.374
69.6555
-36.7275
-147.543
-247.594
-350.177
-436.297
-502.786
-568.642
-618.668
-630.699
-628.799
-632.599
-637.031
-634.498
-630.699
-632.599
-635.765
-652.229
-663.627
-670.593
-675.025
-669.959
-660.461
-629.433
-579.407
-506.586
-424.899
-330.547
-214.666
-105.117
-1.8997
100.051
186.17
253.293
310.917
351.444
367.275
371.707
374.24
381.206
390.071
433.131
493.921
554.711
629.433
734.549
864.362
982.143
1085.99
1179.08
1274.7
1355.12
1403.24
1398.18
1349.42
1293.06
1226.57
1149.95
1056.86
967.579
890.324
801.672
712.386
630.066
575.608
519.883
444.529
352.71
234.929
124.113
24.696
-89.9189
-233.029
-374.873
-504.053
-631.966
-765.578
-877.66
-966.945
-1032.8
-1051.8
-1055.6
-1035.97
-978.343
-899.823
-814.97
-725.684
-621.834
-521.783
-428.065
-350.811
-286.854
-227.33
-173.506
-117.781
-60.157
1.8997
52.5583
100.684
167.173
234.929
293.82
341.945
371.707
382.472
385.638
376.14
326.748
248.227
160.841
53.8247
-58.8906
-169.073
-277.989
-378.673
-467.958
-543.313
-609.169
-643.997
-654.762
-665.527
-671.859
-674.392
-665.527
-649.696
-640.831
-642.097
-646.53
-656.028
-654.762
-650.329
-654.129
-652.229
-630.699
-576.874
-504.053
-417.3
-331.814
-228.597
-117.148
-3.79939
103.85
193.136
271.023
324.848
361.575
376.14
376.14
364.108
344.478
320.415
295.086
274.823
272.923
316.616
382.472
433.764
500.253
614.235
743.414
841.565
916.92
990.375
1059.4
1124.62
1149.95
1118.29
1055.6
998.607
932.751
851.064
761.145
676.925
612.335
550.912
502.786
467.325
452.128
435.664
401.469
334.347
241.895
155.142
64.5897
-59.5238
-218.465
-367.908
-510.385
-648.43
-775.076
-870.061
-933.384
-963.146
-953.014
-923.886
-852.33
-740.881
-606.636
-484.422
-364.742
-236.196
-124.113
-31.0284
25.9625
61.4235
81.0537
98.7842
109.549
123.48
138.045
153.242
184.904
220.998
258.992
298.252
333.713
340.679
324.848
300.152
260.892
194.402
103.217
0
-106.383
-214.666
-320.415
-424.265
-519.25
-595.238
-654.762
-700.988
-724.417
-725.051
-720.618
-709.22
-700.355
-690.856
-670.593
-657.295
-656.662
-661.094
-666.793
-659.828
-635.132
-603.47
-563.576
-509.119
-428.065
-334.98
-242.528
-138.678
-28.4954
70.2888
168.44
262.791
345.745
410.968
456.56
478.723
479.99
465.426
435.03
392.604
347.644
309.017
270.39
236.196
219.732
236.829
276.722
319.149
355.876
410.334
486.955
562.943
626.9
671.859
707.953
742.148
772.543
768.744
730.75
681.991
630.066
564.21
495.821
450.228
416.033
379.939
352.71
332.447
319.782
315.35
293.82
249.493
174.139
93.7183
14.5643
-84.2199
-198.202
-303.318
-397.036
-473.024
-530.015
-568.009
-574.341
-559.144
-521.783
-462.893
-385.638
-293.82
-190.603
-100.684
-29.7619
47.4924
127.913
196.302
233.029
248.86
250.76
246.96
236.196
216.565
193.769
174.772
154.509
117.781
79.154
46.2259
17.7305
-17.7305
-72.1884
-137.411
-194.402
-244.428
-302.685
-364.742
-419.2
-467.325
-515.451
-565.476
-607.903
-645.263
-676.925
-696.555
-724.417
-740.248
-735.816
-726.95
-713.019
-703.521
-687.69
-651.596
-612.969
-591.439
-573.075
-544.58
-498.354
-435.664
-366.641
-296.353
-209.6
-113.349
-17.0973
87.386
192.503
302.052
395.77
471.125
540.147
599.037
643.997
660.461
658.561
640.831
614.868
576.241
518.617
455.927
398.936
351.444
308.384
266.591
236.196
222.898
240.628
264.691
283.688
305.851
338.779
377.406
397.67
403.369
405.902
409.068
409.701
410.334
386.905
361.575
350.177
337.513
317.882
303.951
303.951
301.418
295.086
294.453
311.55
321.049
316.616
292.553
243.794
184.904
119.681
41.1601
-58.8906
-154.509
-226.697
-288.121
-336.879
-358.409
-361.575
-350.811
-314.716
-267.224
-219.732
-161.474
-98.151
-49.3921
-16.464
7.59878
16.464
12.6646
-12.6646
-53.8247
-100.684
-158.941
-217.832
-271.023
-328.014
-372.34
-398.936
-417.3
-433.131
-427.432
-409.701
-398.936
-388.804
-381.206
-383.739
-387.538
-389.438
-420.466
-458.46
-479.357
-504.053
-527.482
-528.116
-519.25
-507.852
-478.723
-438.83
-397.67
-343.845
-289.387
-240.628
-189.336
-143.11
-96.2513
-50.6586
-16.464
15.1976
47.4924
78.5208
116.515
155.142
207.7
259.625
314.716
383.739
444.529
512.918
584.473
636.398
681.358
715.552
723.151
714.286
685.157
637.031
570.542
493.288
412.234
324.848
238.095
153.242
70.2888
5.06586
-44.3262
-92.4519
-131.079
-154.509
-168.44
-172.872
-165.907
-164.64
-166.54
-160.841
-145.01
-125.38
-98.7842
-67.1226
-32.9281
6.33232
51.925
94.9848
127.28
160.841
207.067
246.327
277.356
305.218
329.914
353.977
362.209
362.842
360.942
350.177
337.513
318.516
286.221
263.425
246.327
220.365
191.869
162.741
144.377
126.646
108.283
98.151
85.4863
70.922
56.3576
35.461
3.79939
-32.9281
-73.4549
-118.414
-165.274
-208.333
-254.559
-299.519
-341.312
-383.739
-421.733
-454.661
-481.256
-498.354
-503.419
-501.52
-493.288
-478.723
-467.958
-459.093
-446.429
-446.429
-460.36
-470.491
-479.99
-488.222
-493.288
-493.288
-483.156
-464.792
-429.965
-391.971
-350.177
-296.986
-240.628
-179.838
-127.913
-78.5208
-24.696
27.229
67.1226
99.4174
130.446
149.443
170.339
197.568
219.732
251.393
293.186
333.713
384.372
431.864
476.824
516.717
536.981
544.58
536.348
510.385
466.692
417.3
360.942
291.92
226.064
167.806
111.449
56.9909
7.59878
-36.0942
-80.4205
-114.615
-143.11
-172.239
-193.136
-213.399
-238.095
-259.625
-283.055
-302.052
-310.917
-319.782
-309.65
-281.788
-248.86
-198.202
-126.013
-44.9595
44.9595
139.311
230.496
314.716
386.905
452.128
500.253
527.482
545.846
550.279
538.88
535.081
529.382
519.883
517.984
514.184
511.018
509.752
496.454
476.19
447.695
410.334
370.441
328.014
278.622
223.531
162.107
86.1196
5.06586
-75.9878
-160.841
-241.895
-315.983
-376.14
-424.265
-457.827
-479.99
-497.087
-509.752
-515.451
-519.25
-521.783
-516.084
-514.818
-514.184
-504.686
-492.655
-483.789
-472.391
-455.927
-441.996
-420.466
-397.67
-380.572
-356.51
-333.08
-314.716
-284.954
-258.992
-227.33
-188.07
-155.775
-122.214
-88.0193
-58.2573
-31.0284
-6.96555
15.8308
34.1945
57.6241
78.5208
97.5177
113.349
126.646
146.91
162.107
183.004
198.202
205.167
219.732
225.431
232.396
240.628
234.296
226.697
220.998
207.7
193.769
170.973
135.512
96.8845
55.0912
14.5643
-21.5299
-48.1256
-72.8217
-94.9848
-110.816
-131.079
-151.976
-169.073
-187.437
-196.935
-199.468
-195.035
-186.17
-176.039
-162.741
-143.11
-116.515
-88.6525
-55.7244
-18.3637
24.0628
78.5208
134.878
190.603
250.76
308.384
367.908
426.798
474.924
520.517
564.21
607.903
649.696
680.724
708.587
723.151
726.95
725.684
710.486
687.057
657.295
611.069
550.912
485.689
417.933
343.845
260.892
174.772
79.7872
-16.464
-108.916
-203.901
-290.02
-366.641
-437.563
-496.454
-547.112
-593.338
-628.166
-652.229
-668.06
-671.226
-673.126
-677.558
-673.759
-662.361
-648.43
-631.966
-622.467
-611.069
-588.906
-561.677
-533.181
-500.887
-466.059
-425.532
-376.773
-322.948
-264.691
-207.067
-146.91
-86.1196
-27.8622
25.9625
70.2888
112.715
148.176
177.305
209.6
236.196
260.258
286.854
307.118
317.249
324.215
322.315
313.45
304.585
293.82
281.788
268.49
247.594
221.631
189.97
157.675
131.079
107.649
93.0851
79.7872
63.3232
46.2259
26.5957
1.26646
-20.8967
-41.1601
-60.157
-75.3546
-98.7842
-127.913
-155.142
-186.17
-212.133
-230.496
-250.76
-257.725
-253.926
-245.694
-227.33
-203.267
-174.772
-139.944
-101.95
-65.2229
-26.5957
5.69909
36.7275
69.6555
103.85
141.211
183.004
227.33
274.823
319.782
370.441
424.899
479.357
536.348
583.84
618.668
654.129
674.392
681.358
675.659
650.963
621.834
583.84
535.714
485.689
425.532
362.842
296.986
226.064
155.775
93.0851
37.3607
-13.2979
-57.6241
-103.217
-146.91
-196.302
-253.926
-312.183
-379.306
-436.93
-486.955
-532.548
-564.21
-587.006
-607.903
-625
-643.997
-659.195
-667.427
-671.859
-661.727
-642.73
-613.602
-571.175
-524.949
-481.256
-437.563
-397.67
-360.942
-318.516
-277.356
-229.863
-177.305
-124.113
-66.4894
-13.9311
31.6616
68.3891
96.2513
119.048
137.411
152.609
171.606
189.336
202.001
210.233
213.399
208.333
200.101
188.703
172.872
162.741
153.242
144.377
138.045
131.712
126.013
117.148
102.584
88.6525
77.8875
65.8561
58.8906
51.925
40.5268
31.6616
13.2979
-9.49848
-29.1287
-44.9595
-54.458
-56.3576
-48.7589
-34.8278
-17.0973
2.53293
24.696
46.2259
67.1226
89.2857
110.816
136.145
167.173
196.935
231.13
257.725
277.356
294.453
300.152
302.052
304.585
305.851
317.249
330.547
343.845
364.742
384.372
400.203
417.3
423.632
421.733
419.833
409.068
393.237
371.707
336.246
300.152
257.092
208.333
161.474
109.549
53.1915
-5.69909
-69.0223
-131.079
-185.537
-232.396
-265.957
-292.553
-318.516
-341.945
-367.908
-399.569
-426.165
-446.429
-465.426
-484.422
-505.952
-521.783
-535.714
-547.746
-558.511
-568.009
-572.442
-570.542
-559.144
-535.714
-499.62
-450.861
-394.504
-336.246
-282.421
-234.296
-188.07
-142.477
-103.85
-69.6555
-39.8936
-16.464
6.96555
32.9281
55.7244
71.5552
82.9534
93.7183
105.75
124.113
141.211
160.208
178.571
186.17
185.537
175.405
153.242
127.28
103.217
77.2543
53.1915
36.0942
19.6302
13.2979
13.2979
11.3982
9.49848
4.43262
-2.53293
-1.26646
4.43262
13.2979
22.1631
27.229
26.5957
27.8622
22.7964
18.3637
21.5299
27.229
42.4265
66.4894
85.4863
110.182
137.411
158.941
182.371
200.101
214.032
233.663
255.193
279.255
302.685
317.249
326.114
329.914
329.281
336.246
345.745
356.51
375.507
391.971
412.234
429.965
442.629
449.595
446.429
431.864
407.801
376.773
343.845
309.65
270.39
228.597
184.271
138.678
100.051
63.3232
22.7964
-14.5643
-49.3921
-84.8531
-117.148
-150.709
-183.004
-214.032
-248.227
-291.92
-340.679
-394.504
-445.162
-483.156
-512.918
-530.648
-536.981
-532.548
-514.184
-493.288
-470.491
-452.128
-440.096
-429.331
-419.2
-410.968
-405.902
-402.102
-393.87
-377.406
-355.243
-322.948
-283.055
-236.196
-181.104
-125.38
-70.2888
-19.6302
20.8967
53.8247
76.6211
81.0537
73.4549
51.925
23.4296
-8.86525
-38.6272
-62.69
-77.2543
-78.5208
-74.0881
-60.7903
-45.5927
-29.1287
-5.06586
9.49848
20.8967
25.9625
18.997
5.69909
-16.464
-44.3262
-74.0881
-100.051
-117.781
-124.113
-120.947
-110.182
-85.4863
-48.7589
-5.06586
43.0598
88.0193
127.28
158.941
177.305
184.904
180.471
174.139
170.973
172.872
179.205
186.803
201.368
220.998
245.061
276.722
305.851
331.814
360.942
391.337
417.933
438.83
452.128
458.46
460.993
461.626
460.36
461.626
462.259
463.526
462.893
457.194
448.328
437.563
428.065
412.234
390.704
366.008
340.046
312.183
283.688
255.826
218.465
179.205
142.477
103.217
64.5897
25.3293
-15.1976
-59.5238
-105.117
-154.509
-207.067
-258.992
-308.384
-354.61
-395.77
-435.664
-471.125
-500.253
-522.416
-537.614
-543.946
-543.946
-541.413
-530.015
-514.818
-500.887
-483.789
-466.059
-445.162
-426.165
-407.168
-393.87
-381.206
-372.34
-365.375
-351.444
-338.779
-317.249
-293.186
-270.39
-247.594
-226.697
-207.7
-188.703
-179.205
-175.405
-174.139
-181.738
-187.437
-192.503
-199.468
-199.468
-196.935
-191.236
-180.471
-167.173
-151.976
-131.079
-110.182
-90.5522
-70.922
-51.2918
-31.6616
-15.1976
3.16616
25.3293
53.1915
88.6525
131.079
168.44
208.333
253.293
293.82
338.146
377.406
407.801
435.03
450.228
464.159
474.924
479.99
488.222
493.921
497.087
500.253
497.72
497.087
495.821
491.388
489.488
480.623
466.692
450.228
432.497
412.234
388.171
365.375
341.945
319.782
298.886
280.522
260.892
238.728
215.299
192.503
170.339
139.311
106.383
74.0881
37.9939
4.43262
-24.0628
-50.0253
-72.8217
-91.1854
-108.916
-126.646
-141.844
-157.042
-168.44
-183.637
-203.901
-227.964
-257.092
-288.754
-316.616
-347.644
-373.607
-391.971
-406.535
-408.435
-403.369
-393.237
-376.14
-358.409
-339.412
-319.149
-298.252
-280.522
-265.324
-254.559
-241.895
-229.863
-222.898
-215.932
-207.067
-196.935
-182.371
-165.907
-149.443
-127.913
-107.016
-87.386
-70.2888
-65.8561
-67.7558
-72.8217
-82.3202
-92.4519
-109.549
-127.913
-145.01
-161.474
-171.606
-179.838
-183.004
-177.305
-165.274
-150.709
-132.979
-116.515
-100.684
-86.1196
-77.2543
-70.2888
-61.4235
-55.7244
-44.9595
-33.5613
-16.464
9.49848
39.2604
76.6211
115.248
151.976
187.437
220.998
253.926
284.954
314.083
336.246
351.444
357.143
354.61
350.177
346.378
345.111
347.644
352.71
363.475
376.14
387.538
400.836
408.435
413.501
411.601
397.67
373.607
342.579
305.218
269.124
234.929
199.468
166.54
134.245
104.483
78.5208
58.8906
44.3262
38.6272
33.5613
29.1287
22.7964
5.69909
-17.0973
-44.9595
-72.1884
-96.8845
-118.414
-137.411
-157.675
-172.872
-184.904
-191.869
-193.769
-189.336
-183.004
-177.305
-175.405
-177.305
-180.471
-186.803
-196.302
-207.7
-220.998
-235.562
-246.96
-253.926
-258.992
-255.826
-248.86
-239.995
-225.431
-213.399
-196.302
-178.571
-165.274
-152.609
-145.01
-141.844
-139.944
-140.578
-141.211
-141.211
-142.477
-144.377
-145.01
-143.744
-142.477
-138.678
-129.179
-120.947
-106.383
-91.8186
-79.7872
-66.4894
-56.3576
-50.6586
-45.5927
-43.0598
-43.0598
-43.0598
-43.0598
-43.0598
-36.7275
-24.696
-6.33232
15.8308
39.8936
62.0567
82.9534
103.217
126.013
151.342
170.973
191.236
210.233
224.164
237.462
249.493
260.892
273.556
288.754
300.152
310.917
319.149
326.114
333.08
334.98
335.613
334.347
328.647
321.049
310.284
293.186
272.29
245.694
217.832
187.437
154.509
120.947
89.9189
61.4235
37.3607
13.2979
-12.0314
-34.1945
-56.9909
-78.5208
-94.9848
-110.182
-122.847
-135.512
-152.609
-170.973
-189.336
-206.434
-222.898
-231.763
-238.728
-241.895
-232.396
-220.365
-205.8
-182.371
-162.741
-146.277
-131.079
-117.781
-105.75
-93.0851
-85.4863
-82.9534
-76.6211
-75.3546
-74.7214
-70.922
-70.2888
-68.3891
-62.0567
-56.9909
-53.1915
-43.693
-40.5268
-35.461
-29.1287
-29.7619
-32.9281
-39.8936
-51.2918
-59.5238
-65.8561
-67.1226
-64.5897
-61.4235
-60.157
-68.3891
-82.3202
-96.8845
-112.082
-125.38
-138.045
-151.342
-164.64
-174.772
-179.838
-175.405
-162.741
-150.709
-139.311
-126.646
-117.781
-100.051
-80.4205
-62.0567
-39.2604
-19.6302
1.26646
20.2634
39.2604
58.2573
78.5208
101.317
122.847
142.477
165.274
193.769
222.264
256.459
295.086
332.447
371.707
403.369
424.899
445.162
455.927
460.36
459.726
450.228
438.197
421.733
398.303
372.974
348.278
325.481
311.55
295.719
277.989
258.359
229.23
200.735
172.239
137.411
103.217
62.0567
12.6646
-35.461
-91.1854
-138.045
-174.772
-210.866
-241.895
-269.124
-293.186
-307.118
-316.616
-328.014
-336.246
-346.378
-357.143
-365.375
-373.607
-379.939
-384.372
-388.804
-386.905
-384.372
-379.306
-365.375
-353.977
-333.713
-307.118
-279.889
-243.161
-210.866
-176.672
-144.377
-120.314
-98.7842
-85.4863
-81.6869
-75.3546
-69.6555
-60.157
-43.693
-28.4954
-8.86525
14.5643
31.6616
51.925
69.0223
82.3202
94.9848
101.95
103.85
107.016
100.051
93.0851
86.7528
70.922
56.3576
41.1601
20.8967
7.59878
-3.16616
-8.86525
-6.33232
1.26646
13.9311
25.9625
36.7275
45.5927
50.6586
56.9909
62.69
62.0567
59.5238
52.5583
50.6586
53.8247
61.4235
70.2888
81.6869
98.151
117.148
142.477
164.007
184.271
206.434
227.33
249.493
269.124
282.421
293.82
299.519
296.353
291.92
278.622
264.691
255.193
247.594
242.528
241.261
238.095
233.029
227.964
219.098
208.333
193.769
170.973
140.578
107.649
72.1884
38.6272
10.1317
-18.997
-48.1256
-79.7872
-110.182
-142.477
-168.44
-189.336
-205.8
-217.832
-231.13
-240.628
-246.327
-249.493
-253.293
-257.725
-267.224
-283.055
-298.886
-312.183
-321.682
-328.647
-329.914
-328.014
-316.616
-296.986
-274.823
-250.76
-227.33
-204.534
-187.437
-170.973
-151.976
-132.979
-113.982
-99.4174
-87.386
-75.9878
-60.157
-44.3262
-29.1287
-17.7305
-10.1317
-1.8997
12.0314
25.9625
36.0942
44.3262
48.1256
50.6586
50.6586
47.4924
42.4265
34.1945
25.9625
15.8308
10.7649
6.96555
3.16616
2.53293
0.633232
-4.43262
-5.69909
-6.96555
-5.06586
-0.633232
2.53293
6.33232
10.1317
15.8308
21.5299
29.1287
39.2604
49.3921
62.0567
81.0537
102.584
126.646
145.643
160.208
177.305
193.769
212.133
227.964
238.095
246.327
256.459
268.49
281.155
290.653
297.619
304.585
311.55
314.716
314.716
310.284
302.685
291.287
271.023
248.227
226.064
202.634
178.571
152.609
125.38
101.317
76.6211
50.6586
22.1631
-7.59878
-39.2604
-69.0223
-97.5177
-126.013
-150.709
-175.405
-196.935
-214.032
-230.496
-247.594
-260.258
-271.657
-282.421
-289.387
-295.086
-298.252
-297.619
-298.886
-300.785
-298.886
-295.086
-288.121
-279.255
-267.857
-257.092
-244.428
-233.663
-220.998
-204.534
-189.336
-172.872
-154.509
-135.512
-115.248
-94.3516
-74.0881
-55.0912
-36.7275
-24.0628
-10.1317
7.59878
24.0628
41.7933
55.7244
65.8561
76.6211
86.7528
93.0851
100.051
103.85
103.217
103.85
103.217
100.051
98.151
93.0851
85.4863
81.0537
71.5552
56.3576
46.2259
34.1945
25.3293
19.6302
11.3982
10.7649
13.9311
11.3982
10.1317
10.7649
12.0314
18.3637
25.3293
33.5613
39.8936
46.2259
53.1915
63.9564
76.6211
88.0193
100.684
113.349
126.646
141.844
155.775
168.44
178.571
184.904
190.603
196.302
200.735
207.067
212.133
215.932
219.732
221.631
219.732
214.666
209.6
195.669
181.104
162.741
137.411
116.515
89.9189
61.4235
35.461
6.96555
-19.6302
-43.0598
-66.4894
-86.7528
-105.75
-124.747
-139.944
-154.509
-173.506
-194.402
-212.133
-223.531
-230.496
-236.196
-241.895
-248.227
-256.459
-265.324
-270.39
-271.657
-267.857
-263.425
-254.559
-242.528
-231.763
-218.465
-203.901
-190.603
-172.239
-157.042
-143.11
-128.546
-119.048
-108.283
-94.3516
-80.4205
-62.0567
-41.1601
-19.6302
2.53293
18.3637
32.9281
47.4924
59.5238
72.8217
82.9534
91.8186
101.317
111.449
120.947
131.712
139.311
141.211
144.377
145.01
144.377
141.844
138.678
136.145
133.612
130.446
128.546
126.013
121.581
115.881
107.016
98.151
88.0193
77.2543
67.7558
61.4235
53.1915
46.2259
44.3262
43.693
43.693
46.2259
46.2259
43.0598
39.2604
36.0942
33.5613
33.5613
33.5613
38.6272
46.2259
53.8247
59.5238
63.3232
65.2229
65.2229
62.69
63.3232
66.4894
64.5897
63.3232
62.69
56.9909
52.5583
44.3262
33.5613
22.7964
8.23202
-8.23202
-22.1631
-36.0942
-49.3921
-60.7903
-72.8217
-87.386
-98.7842
-110.182
-122.214
-132.345
-146.91
-160.841
-170.973
-182.371
-188.07
-194.402
-200.101
-199.468
-200.101
-196.302
-191.236
-189.336
-183.004
-172.872
-163.374
-148.176
-131.079
-113.982
-94.9848
-75.9878
-56.9909
-41.1601
-27.229
-18.3637
-9.49848
-0.633232
8.86525
20.2634
31.6616
44.9595
58.8906
70.2888
79.7872
89.9189
96.8845
105.117
115.248
122.214
131.079
138.045
141.844
146.91
147.543
147.543
143.11
131.079
120.947
108.283
94.3516
84.2199
74.7214
66.4894
63.3232
58.2573
55.0912
50.6586
46.2259
45.5927
41.7933
35.461
31.0284
24.696
20.2634
17.0973
13.9311
12.0314
8.86525
2.53293
-2.53293
-8.23202
-12.0314
-10.7649
-8.23202
-1.8997
5.06586
12.0314
20.8967
31.0284
37.9939
46.8592
52.5583
55.0912
61.4235
65.2229
69.0223
74.7214
77.8875
84.8531
89.9189
89.2857
88.0193
84.8531
81.6869
81.0537
74.7214
67.1226
60.7903
54.458
47.4924
37.9939
25.9625
12.0314
-1.26646
-15.8308
-30.3951
-46.2259
-63.9564
-79.7872
-95.618
-117.148
-131.712
-149.443
-164.64
-179.205
-195.035
-208.967
-224.164
-234.929
-243.794
-253.926
-260.258
-262.791
-261.525
-255.826
-252.026
-247.594
-241.261
-234.929
-223.531
-214.032
-204.534
-193.769
-180.471
-165.274
-147.543
-129.179
-112.082
-89.9189
-67.7558
-47.4924
-23.4296
-4.43262
17.7305
41.7933
62.69
86.1196
107.016
124.747
142.477
155.775
167.806
182.371
190.603
198.202
204.534
206.434
207.067
209.6
208.333
208.967
207.7
202.634
199.468
197.568
196.302
198.202
192.503
184.271
180.471
169.073
162.741
157.042
149.443
141.844
133.612
127.28
120.947
113.349
108.916
100.051
93.7183
90.5522
88.0193
84.2199
86.1196
88.0193
86.1196
83.5866
79.7872
76.6211
74.7214
69.6555
65.2229
58.8906
51.2918
46.2259
36.0942
24.0628
17.0973
11.3982
5.06586
0
-8.23202
-20.2634
-31.0284
-42.4265
-56.3576
-71.5552
-87.386
-103.217
-112.715
-123.48
-134.878
-145.01
-155.775
-166.54
-177.305
-191.236
-205.167
-215.299
-224.164
-235.562
-239.995
-245.061
-250.127
-246.96
-246.96
-247.594
-247.594
-246.96
-241.261
-231.13
-220.998
-213.399
-209.6
-204.534
-193.769
-184.271
-174.139
-158.941
-143.11
-124.113
-101.317
-81.6869
-62.69
-39.8936
-17.7305
1.26646
18.997
37.3607
54.458
70.922
88.6525
103.85
117.781
132.979
145.643
160.208
174.772
188.07
197.568
204.534
205.8
205.8
202.634
193.769
186.803
179.838
173.506
170.339
166.54
162.741
157.042
146.91
131.712
115.881
99.4174
84.8531
70.2888
58.2573
48.1256
39.2604
32.2948
26.5957
25.9625
27.8622
26.5957
27.229
27.8622
27.8622
27.8622
25.9625
19.6302
16.464
13.2979
8.86525
7.59878
6.33232
9.49848
18.997
29.1287
41.1601
53.8247
62.69
70.2888
74.0881
75.9878
77.8875
75.9878
72.1884
69.6555
68.3891
66.4894
64.5897
58.8906
53.8247
46.8592
39.8936
32.9281
20.8967
10.7649
-1.26646
-19.6302
-36.7275
-55.7244
-72.1884
-86.1196
-96.8845
-105.75
-115.248
-122.214
-127.28
-134.878
-143.744
-153.242
-165.274
-177.938
-188.703
-195.035
-198.835
-198.202
-194.402
-191.236
-186.803
-181.738
-178.571
-172.239
-170.973
-170.339
-164.007
-158.308
-148.176
-137.411
-128.546
-113.982
-100.051
-86.1196
-68.3891
-52.5583
-36.7275
-18.3637
-1.26646
17.7305
35.461
52.5583
71.5552
85.4863
98.7842
113.349
123.48
132.979
136.778
139.311
141.844
142.477
139.944
139.311
138.678
138.045
139.944
138.045
137.411
137.411
135.512
134.878
131.079
127.28
125.38
120.314
113.349
107.016
97.5177
91.8186
87.386
79.154
70.922
64.5897
58.2573
55.7244
54.458
53.8247
54.458
51.2918
46.2259
40.5268
33.5613
27.229
21.5299
15.8308
10.7649
7.59878
6.96555
5.69909
0
-4.43262
-8.23202
-13.2979
-12.6646
-13.2979
-16.464
-18.3637
-20.8967
-25.3293
-29.7619
-33.5613
-41.1601
-46.8592
-54.458
-61.4235
-65.2229
-68.3891
-73.4549
-80.4205
-89.2857
-96.2513
-101.95
-105.75
-110.182
-117.781
-124.113
-128.546
-134.878
-140.578
-146.277
-148.81
-148.81
-150.076
-148.81
-146.91
-146.91
-146.277
-142.477
-139.944
-129.179
-117.781
-108.283
-94.9848
-84.2199
-72.1884
-60.7903
-50.6586
-41.1601
-28.4954
-14.5643
-1.26646
15.1976
31.0284
44.3262
58.8906
73.4549
86.1196
100.051
112.082
123.48
134.878
148.176
157.042
165.907
171.606
167.806
167.806
170.973
171.606
176.039
177.938
175.405
170.339
162.107
150.709
143.11
136.145
123.48
113.982
100.684
84.2199
68.3891
53.8247
38.6272
29.1287
18.997
9.49848
1.26646
-9.49848
-18.997
-30.3951
-40.5268
-44.9595
-47.4924
-48.1256
-46.8592
-47.4924
-45.5927
-44.9595
-44.9595
-42.4265
-35.461
-31.0284
-24.0628
-15.8308
-9.49848
-1.8997
1.8997
4.43262
5.06586
6.33232
4.43262
4.43262
8.23202
9.49848
10.1317
12.0314
8.86525
5.06586
6.33232
4.43262
3.79939
4.43262
-1.26646
-6.96555
-15.8308
-24.696
-32.2948
-38.6272
-42.4265
-46.2259
-51.925
-61.4235
-68.3891
-70.2888
-74.0881
-75.3546
-77.8875
-86.1196
-93.7183
-103.85
-112.082
-117.148
-117.148
-116.515
-117.148
-114.615
-113.982
-113.349
-110.182
-110.182
-107.649
-106.383
-105.117
-102.584
-102.584
-101.317
-99.4174
-95.618
-87.386
-77.8875
-67.1226
-55.0912
-46.8592
-37.3607
-27.229
-18.997
-5.69909
7.59878
19.6302
33.5613
46.8592
55.7244
65.2229
73.4549
79.7872
91.1854
104.483
113.982
124.747
132.979
134.878
136.145
133.612
131.712
130.446
127.913
126.646
126.646
126.013
123.48
118.414
115.881
112.082
109.549
106.383
99.4174
91.1854
82.3202
74.0881
64.5897
58.2573
55.0912
50.6586
51.2918
48.7589
45.5927
46.2259
41.7933
42.4265
42.4265
33.5613
27.8622
22.7964
18.3637
18.997
20.8967
21.5299
19.6302
15.8308
10.1317
5.06586
-1.8997
-8.86525
-15.8308
-20.8967
-26.5957
-31.0284
-33.5613
-35.461
-36.7275
-37.3607
-41.1601
-48.7589
-55.0912
-60.7903
-63.9564
-63.3232
-61.4235
-60.7903
-60.7903
-62.69
-66.4894
-72.8217
-79.154
-80.4205
-79.7872
-77.8875
-75.3546
-75.3546
-79.7872
-81.0537
-81.0537
-81.0537
-79.154
-77.2543
-78.5208
-77.8875
-74.7214
-72.1884
-67.7558
-64.5897
-59.5238
-52.5583
-46.8592
-42.4265
-41.1601
-41.1601
-41.1601
-37.3607
-32.2948
-29.1287
-24.0628
-18.3637
-15.1976
-8.23202
-3.16616
1.26646
5.06586
8.23202
10.1317
11.3982
15.1976
18.997
24.0628
27.8622
29.7619
35.461
36.7275
37.3607
38.6272
37.9939
35.461
36.0942
37.3607
34.8278
33.5613
29.1287
24.696
23.4296
21.5299
19.6302
17.7305
15.8308
15.1976
16.464
18.3637
20.8967
24.0628
24.696
26.5957
31.0284
32.2948
33.5613
33.5613
36.0942
43.693
51.925
61.4235
67.7558
71.5552
74.7214
79.7872
80.4205
78.5208
79.7872
80.4205
87.386
94.3516
97.5177
96.8845
92.4519
83.5866
75.3546
69.0223
62.0567
56.3576
51.925
47.4924
45.5927
40.5268
30.3951
15.8308
-2.53293
-17.7305
-26.5957
-29.7619
-32.9281
-36.0942
-38.6272
-43.693
-47.4924
-50.6586
-58.2573
-68.3891
-78.5208
-87.386
-92.4519
-92.4519
-91.8186
-87.386
-81.6869
-78.5208
-79.154
-80.4205
-82.3202
-82.9534
-81.0537
-79.154
-73.4549
-62.69
-55.0912
-50.0253
-48.7589
-48.7589
-45.5927
-39.2604
-30.3951
-27.229
-23.4296
-22.1631
-21.5299
-17.7305
-12.6646
-6.33232
-0.633232
3.16616
4.43262
10.1317
15.8308
20.8967
22.7964
17.0973
12.0314
13.2979
18.997
27.8622
27.8622
25.3293
24.0628
25.3293
28.4954
29.1287
25.3293
27.229
31.0284
28.4954
25.9625
22.7964
15.8308
18.3637
18.997
15.1976
12.6646
8.23202
6.33232
6.96555
5.69909
1.26646
-2.53293
-8.23202
-13.2979
-17.7305
-18.3637
-13.2979
-5.69909
1.26646
3.79939
5.06586
4.43262
5.69909
8.86525
11.3982
13.2979
13.2979
16.464
18.3637
22.1631
27.8622
31.6616
34.8278
35.461
31.6616
27.229
22.7964
21.5299
17.0973
13.2979
12.0314
12.6646
12.6646
15.1976
12.6646
6.96555
1.26646
-6.96555
-17.7305
-22.7964
-27.229
-29.7619
-27.229
-29.7619
-32.9281
-33.5613
-36.7275
-42.4265
-46.8592
-52.5583
-52.5583
-47.4924
-44.9595
-45.5927
-43.0598
-37.3607
-32.2948
-28.4954
-29.7619
-30.3951
-25.9625
-20.2634
-17.0973
-13.2979
-7.59878
-0.633232
5.06586
8.23202
8.23202
12.0314
15.1976
18.997
22.1631
28.4954
32.9281
36.7275
38.6272
39.2604
41.1601
39.2604
41.7933
41.1601
44.3262
49.3921
51.2918
50.0253
48.1256
48.7589
50.6586
53.1915
53.1915
50.6586
50.0253
49.3921
46.8592
45.5927
44.9595
44.9595
45.5927
41.1601
36.7275
29.7619
22.7964
18.3637
15.1976
13.9311
12.0314
9.49848
3.79939
-4.43262
-11.3982
-14.5643
-17.7305
-20.8967
-24.696
-29.1287
-29.1287
-28.4954
-25.9625
-25.9625
-27.229
-27.229
-29.1287
-29.7619
-30.3951
-31.6616
-29.7619
-25.9625
-20.8967
-16.464
-12.6646
-10.7649
-13.2979
-15.8308
-18.997
-22.1631
-23.4296
-26.5957
-29.1287
-31.6616
-37.3607
-41.1601
-47.4924
-52.5583
-56.9909
-60.157
-63.3232
-69.6555
-73.4549
-78.5208
-85.4863
-91.1854
-96.8845
-98.7842
-99.4174
-97.5177
-94.9848
-94.3516
-91.8186
-89.2857
-85.4863
-82.3202
-79.154
-72.1884
-64.5897
-60.157
-56.3576
-49.3921
-39.2604
-27.229
-12.6646
-1.26646
9.49848
17.0973
24.0628
36.0942
47.4924
59.5238
67.7558
70.922
74.0881
80.4205
92.4519
106.383
113.982
120.947
126.646
132.345
135.512
138.678
144.377
148.81
152.609
154.509
151.976
150.709
147.543
145.643
142.477
136.145
127.913
119.048
110.816
102.584
97.5177
93.0851
85.4863
70.922
55.7244
39.8936
26.5957
16.464
6.33232
-6.33232
-21.5299
-34.1945
-46.8592
-60.7903
-70.922
-82.3202
-88.6525
-94.3516
-98.151
-99.4174
-101.95
-101.95
-102.584
-101.95
-100.051
-100.684
-100.051
-98.7842
-92.4519
-82.9534
-69.0223
-58.2573
-48.7589
-41.1601
-38.6272
-35.461
-28.4954
-22.7964
-15.8308
-6.33232
3.16616
12.6646
18.997
22.7964
24.696
24.696
26.5957
26.5957
27.229
28.4954
26.5957
21.5299
12.6646
1.8997
-5.69909
-13.2979
-19.6302
-19.6302
-20.2634
-25.3293
-27.229
-31.0284
-37.9939
-39.8936
-43.693
-46.8592
-50.0253
-53.8247
-60.157
-66.4894
-70.922
-72.1884
-72.1884
-74.0881
-72.1884
-71.5552
-72.1884
-70.922
-69.0223
-65.8561
-60.7903
-54.458
-45.5927
-35.461
-25.3293
-15.1976
-5.06586
1.26646
5.69909
13.2979
17.7305
24.0628
33.5613
38.6272
46.2259
52.5583
55.7244
57.6241
56.9909
57.6241
59.5238
63.3232
64.5897
69.0223
74.7214
77.2543
77.8875
77.2543
74.0881
72.8217
70.922
69.6555
70.922
72.1884
72.8217
70.922
67.1226
63.3232
57.6241
52.5583
46.2259
41.7933
36.0942
31.6616
27.8622
23.4296
23.4296
23.4296
22.1631
22.7964
20.8967
16.464
13.9311
8.23202
1.26646
-1.8997
-3.16616
-5.06586
-3.16616
-1.8997
-3.16616
-1.8997
-2.53293
-4.43262
-6.33232
-8.23202
-6.33232
-6.96555
-5.69909
-5.06586
-4.43262
-5.06586
-6.33232
-10.1317
-13.9311
-16.464
-17.7305
-18.3637
-16.464
-16.464
-16.464
-20.2634
-27.229
-32.9281
-40.5268
-42.4265
-44.3262
-45.5927
-44.3262
-46.8592
-46.2259
-49.3921
-52.5583
-55.0912
-59.5238
-61.4235
-62.69
-62.69
-62.0567
-60.7903
-59.5238
-60.7903
-60.157
-58.8906
-55.0912
-51.925
-48.1256
-42.4265
-37.9939
-35.461
-32.9281
-29.7619
-27.229
-22.7964
-17.7305
-13.2979
-9.49848
-3.16616
2.53293
5.69909
11.3982
16.464
20.2634
25.3293
27.229
27.229
30.3951
32.9281
36.7275
39.2604
39.8936
41.1601
45.5927
47.4924
48.1256
48.1256
46.2259
46.8592
46.2259
41.7933
38.6272
34.8278
32.9281
30.3951
30.3951
29.7619
29.1287
31.0284
29.1287
27.8622
24.696
22.1631
17.7305
11.3982
5.06586
0
-0.633232
-2.53293
-1.26646
-2.53293
-3.16616
-3.16616
-5.06586
-8.23202
-9.49848
-8.86525
-10.7649
-9.49848
-10.1317
-12.0314
-8.86525
-5.69909
-3.79939
0
0
2.53293
5.69909
8.23202
11.3982
12.6646
14.5643
17.7305
21.5299
21.5299
27.229
32.2948
32.2948
36.0942
36.0942
34.8278
35.461
32.9281
27.8622
23.4296
20.2634
15.8308
13.9311
10.7649
9.49848
12.6646
11.3982
8.86525
5.69909
-2.53293
-8.86525
-14.5643
-20.2634
-24.696
-26.5957
-29.1287
-29.7619
-30.3951
-31.6616
-34.1945
-34.8278
-37.9939
-41.7933
-42.4265
-46.8592
-46.2259
-44.9595
-44.9595
-40.5268
-40.5268
-39.2604
-37.3607
-39.2604
-37.3607
-33.5613
-32.9281
-33.5613
-32.2948
-31.6616
-30.3951
-26.5957
-23.4296
-18.3637
-14.5643
-11.3982
-5.69909
-1.8997
2.53293
6.96555
9.49848
11.3982
15.8308
19.6302
25.3293
30.3951
36.0942
39.2604
41.1601
42.4265
39.8936
38.6272
39.2604
37.9939
39.2604
41.1601
40.5268
39.8936
37.3607
35.461
34.1945
31.0284
28.4954
22.1631
17.7305
13.2979
12.0314
8.86525
8.23202
6.96555
1.8997
-2.53293
-8.86525
-13.9311
-17.0973
-19.6302
-19.6302
-19.6302
-20.2634
-21.5299
-22.1631
-24.0628
-24.0628
-25.3293
-27.229
-25.9625
-27.229
-25.9625
-26.5957
-27.229
-30.3951
-31.6616
-32.9281
-30.3951
-28.4954
-26.5957
-23.4296
-23.4296
-22.7964
-20.2634
-20.2634
-18.3637
-15.1976
-12.6646
-6.33232
-1.26646
0.633232
3.79939
2.53293
5.69909
8.23202
9.49848
12.0314
12.6646
13.9311
18.3637
24.696
31.0284
36.0942
37.3607
36.0942
36.7275
39.2604
41.7933
45.5927
45.5927
44.9595
44.9595
42.4265
40.5268
37.9939
34.8278
36.0942
36.7275
37.3607
36.7275
32.9281
29.7619
25.9625
20.8967
15.8308
6.33232
-2.53293
-9.49848
-13.2979
-14.5643
-16.464
-17.0973
-19.6302
-21.5299
-27.229
-33.5613
-41.7933
-51.925
-56.3576
-56.9909
-53.1915
-50.0253
-48.7589
-49.3921
-49.3921
-48.1256
-46.8592
-46.8592
-48.1256
-48.1256
-49.3921
-46.2259
-37.3607
-30.3951
-27.8622
-25.3293
-22.7964
-18.3637
-10.7649
-4.43262
1.8997
6.96555
11.3982
18.3637
24.696
29.7619
33.5613
31.0284
29.7619
32.2948
33.5613
35.461
39.2604
41.7933
46.8592
50.6586
52.5583
51.925
46.8592
41.1601
37.3607
34.8278
29.7619
29.1287
29.1287
27.8622
26.5957
22.1631
17.0973
11.3982
6.96555
3.16616
1.8997
0.633232
-3.79939
-9.49848
-16.464
-22.1631
-23.4296
-25.3293
-26.5957
-29.1287
-34.8278
-37.3607
-37.9939
-37.9939
-37.3607
-36.7275
-38.6272
-38.6272
-39.2604
-39.2604
-37.3607
-37.9939
-38.6272
-37.9939
-35.461
-29.1287
-22.1631
-19.6302
-15.8308
-11.3982
-9.49848
-5.69909
0.633232
3.79939
5.69909
5.69909
5.69909
9.49848
14.5643
21.5299
26.5957
27.229
30.3951
34.1945
38.6272
41.1601
40.5268
38.6272
36.7275
35.461
37.9939
41.1601
44.3262
46.8592
48.7589
48.7589
48.7589
46.8592
43.0598
36.7275
32.2948
27.8622
22.7964
18.997
18.3637
16.464
14.5643
13.2979
12.6646
13.9311
13.2979
9.49848
6.96555
3.16616
-1.26646
-1.26646
-1.8997
-3.79939
-5.69909
-8.23202
-10.7649
-13.9311
-15.8308
-16.464
-17.7305
-18.997
-17.7305
-16.464
-17.7305
-17.7305
-17.7305
-20.2634
-22.7964
-25.9625
-29.7619
-31.6616
-35.461
-37.3607
-42.4265
-50.6586
-53.1915
-55.0912
-57.6241
-59.5238
-60.7903
-59.5238
-57.6241
-56.3576
-52.5583
-52.5583
-54.458
-54.458
-55.7244
-55.0912
-51.925
-51.2918
-49.3921
-49.3921
-50.0253
-47.4924
-42.4265
-36.7275
-30.3951
-25.9625
-23.4296
-18.3637
-15.8308
-15.1976
-9.49848
-4.43262
0.633232
6.96555
12.0314
15.8308
16.464
18.997
23.4296
27.8622
31.6616
35.461
39.8936
44.9595
50.6586
55.7244
62.0567
63.9564
68.3891
72.1884
72.8217
74.0881
74.7214
72.1884
70.2888
69.6555
69.0223
69.0223
64.5897
67.1226
67.1226
65.2229
62.69
58.2573
53.1915
49.3921
44.9595
40.5268
34.8278
25.9625
19.6302
14.5643
7.59878
6.33232
5.06586
2.53293
4.43262
1.8997
0.633232
1.26646
-1.26646
-2.53293
-3.16616
-6.96555
-6.96555
-9.49848
-15.1976
-15.1976
-15.8308
-13.9311
-10.7649
-9.49848
-6.33232
-6.33232
-8.23202
-6.33232
-8.23202
-8.86525
-7.59878
-11.3982
-13.2979
-12.6646
-12.6646
-11.3982
-7.59878
-5.06586
-1.26646
1.26646
1.8997
3.79939
2.53293
-1.26646
-1.26646
-5.06586
-9.49848
-12.6646
-15.8308
-18.3637
-22.1631
-25.9625
-25.9625
-27.229
-27.229
-25.3293
-27.8622
-29.1287
-32.2948
-38.6272
-41.1601
-44.9595
-49.3921
-50.6586
-50.6586
-48.7589
-43.0598
-41.1601
-40.5268
-39.2604
-38.6272
-38.6272
-38.6272
-37.9939
-34.8278
-31.0284
-27.8622
-22.1631
-19.6302
-18.997
-13.9311
-9.49848
-6.33232
-0.633232
2.53293
5.06586
8.23202
10.7649
13.2979
15.1976
15.8308
18.3637
20.2634
24.0628
27.8622
31.6616
32.9281
32.9281
31.6616
30.3951
30.3951
29.7619
31.6616
32.9281
28.4954
24.696
20.8967
18.3637
16.464
15.8308
13.9311
12.0314
10.7649
8.86525
9.49848
9.49848
5.06586
1.8997
-2.53293
-7.59878
-10.7649
-12.0314
-12.6646
-13.2979
-14.5643
-18.997
-19.6302
-19.6302
-20.2634
-14.5643
-10.7649
-9.49848
-6.96555
-5.69909
-3.79939
-0.633232
1.26646
3.79939
5.69909
5.69909
6.96555
7.59878
9.49848
13.9311
16.464
20.8967
22.1631
22.7964
26.5957
29.1287
30.3951
34.1945
34.1945
35.461
37.3607
38.6272
39.2604
39.8936
40.5268
39.8936
37.9939
34.1945
32.9281
32.9281
32.9281
31.6616
31.0284
29.1287
25.3293
18.997
12.6646
6.96555
3.16616
1.8997
-1.26646
-0.633232
-1.26646
-3.16616
-1.26646
-3.16616
-6.96555
-8.86525
-13.9311
-17.0973
-22.1631
-29.1287
-31.6616
-35.461
-38.6272
-40.5268
-42.4265
-44.3262
-42.4265
-39.2604
-39.2604
-37.9939
-37.3607
-36.0942
-34.8278
-36.7275
-37.3607
-36.7275
-41.7933
-41.1601
-44.3262
-44.9595
-42.4265
-44.9595
-43.693
-41.1601
-41.7933
-39.2604
-37.3607
-35.461
-34.8278
-36.7275
-38.6272
-37.3607
-36.0942
-34.8278
-32.2948
-32.2948
-33.5613
-33.5613
-36.0942
-36.7275
-32.9281
-30.3951
-27.8622
-24.0628
-21.5299
-17.0973
-16.464
-14.5643
-12.6646
-10.7649
