SAMPLES: 9938
BITSPERSAMPLE:	16
CHANNELS:	1
SAMPLERATE:	16000
NORMALIZED:	FALSE
-45.8967
-17.1256
17.1256
17.1256
-8.2203
-13.7005
-30.8261
-11.6454
33.5662
-50.6919
-40.4165
43.1566
16.4406
-12.3305
-59.5972
-85.6282
-46.5817
-33.5662
-21.2358
0
58.2272
40.4165
15.0706
-11.6454
6.16523
17.1256
32.8812
45.8967
2.05508
13.0155
-0.685025
-3.42513
27.401
50.6919
21.2358
123.99
128.785
-13.7005
0
50.6919
-21.9208
-29.4561
1.37005
-32.8812
58.9122
90.4233
26.716
134.265
114.399
52.747
73.2977
-26.031
17.1256
86.9982
46.5817
84.2581
122.62
-13.7005
-24.6609
-65.0774
-124.675
-36.9914
37.6764
58.9122
61.6523
119.194
19.8657
-47.9518
-80.148
-79.4629
-77.4079
-80.148
-26.716
12.3305
65.7624
54.802
56.1721
60.9673
43.8416
-14.3855
-15.0706
-14.3855
-23.9759
-15.0706
-67.8175
-50.6919
-34.2513
-55.4871
-43.8416
-21.2358
28.7711
32.8812
32.8812
39.7315
7.53528
13.0155
-18.4957
-71.2426
-54.117
-95.9035
-108.234
-58.2272
-56.1721
-32.8812
2.7401
49.3218
61.6523
64.3924
36.9914
20.5508
10.2754
-28.7711
-52.0619
-54.117
-30.8261
-98.6436
-77.4079
-25.3459
-14.3855
79.4629
80.833
82.203
80.833
23.9759
-32.8812
-40.4165
-41.1015
-86.3132
-88.3683
-76.7228
-66.4475
-28.086
-24.6609
3.42513
62.3373
58.2272
35.6213
38.3614
43.8416
25.3459
4.79518
-30.8261
-56.1721
-83.5731
-94.5335
-75.3528
-30.8261
-10.9604
1.37005
60.2822
107.549
73.2977
52.747
8.2203
-70.5576
-70.5576
-106.864
-90.4233
14.3855
39.0464
-2.7401
20.5508
23.2909
-9.59035
24.6609
26.716
62.3373
121.935
65.0774
19.8657
-1.37005
-23.2909
-6.85025
-8.90533
-17.1256
-11.6454
33.5662
37.6764
36.3063
45.2117
46.5817
80.833
36.9914
-6.85025
-30.8261
-32.8812
-39.0464
-37.6764
-2.7401
34.2513
57.5421
63.0223
56.8571
54.117
68.5025
34.2513
30.1411
27.401
2.7401
12.3305
13.0155
-12.3305
-28.7711
-23.9759
-14.3855
-23.2909
-21.2358
36.3063
53.432
64.3924
59.5972
-17.8107
-56.8571
-73.2977
-95.9035
-68.5025
-52.747
-25.3459
-2.7401
-39.7315
-21.9208
-28.7711
-36.9914
-15.0706
34.9363
42.4716
40.4165
15.7556
-34.9363
-50.6919
-102.754
-112.344
-100.699
-30.1411
39.7315
54.802
63.0223
50.0069
4.11015
-24.6609
-19.8657
-34.2513
-13.7005
-14.3855
-48.6368
-46.5817
-28.086
-26.716
10.9604
57.5421
30.1411
57.5421
57.5421
62.3373
89.0533
39.7315
71.9277
34.9363
-15.7556
-5.4802
-12.3305
-22.6058
-4.11015
26.031
13.0155
3.42513
-20.5508
1.37005
17.8107
13.0155
-29.4561
-63.0223
-31.5112
-34.9363
-41.1015
-7.53528
1.37005
12.3305
23.9759
-5.4802
-35.6213
-15.7556
-7.53528
-6.16523
32.1962
30.1411
11.6454
5.4802
-2.05508
-14.3855
-24.6609
-15.0706
19.1807
57.5421
41.7865
6.16523
-13.0155
-46.5817
-37.6764
-32.1962
-14.3855
12.3305
1.37005
-8.2203
-2.05508
6.85025
18.4957
6.85025
28.7711
16.4406
-21.2358
-23.9759
-59.5972
-50.0069
-37.6764
-44.5266
-19.8657
-13.7005
-30.8261
10.9604
26.031
19.1807
45.2117
26.716
0.685025
10.9604
-26.716
-65.7624
-59.5972
-49.3218
-19.8657
30.1411
47.2667
61.6523
69.1876
35.6213
39.0464
43.1566
10.9604
2.05508
0.685025
-11.6454
15.7556
17.8107
13.7005
10.2754
-27.401
-30.8261
-34.2513
-41.7865
-5.4802
55.4871
86.9982
104.809
67.1325
14.3855
-19.8657
-49.3218
-60.2822
-33.5662
15.0706
60.9673
77.4079
51.3769
52.747
19.8657
-5.4802
-12.3305
0.685025
2.05508
-8.90533
-13.7005
-25.3459
-12.3305
-32.1962
-41.7865
-41.1015
-54.117
-60.9673
-42.4716
-37.6764
-22.6058
14.3855
15.0706
0.685025
-6.16523
-45.8967
-81.518
-40.4165
-28.7711
-36.3063
-31.5112
-56.8571
-63.7074
-50.6919
-61.6523
-41.7865
9.59035
-9.59035
-23.2909
-43.8416
-83.5731
-60.9673
-67.1325
-59.5972
-23.9759
-22.6058
-19.1807
-13.0155
-36.3063
-47.9518
-36.9914
-40.4165
-23.9759
7.53528
7.53528
20.5508
27.401
6.85025
4.11015
-25.3459
-50.6919
-54.802
-42.4716
-27.401
23.2909
58.2272
69.1876
106.864
86.9982
101.384
119.194
134.95
178.792
203.453
232.224
254.144
280.86
278.12
269.215
265.105
253.459
261.68
253.459
241.129
240.444
228.113
208.248
192.492
165.776
145.91
127.415
104.809
90.4233
47.9518
26.716
2.7401
-19.1807
-29.4561
-45.8967
-65.0774
-98.6436
-103.439
-126.045
-140.43
-144.54
-154.816
-144.54
-150.021
-147.28
-142.485
-151.391
-163.721
-193.177
-213.043
-211.673
-218.523
-202.082
-184.272
-182.217
-173.996
-193.177
-223.318
-253.459
-290.451
-306.206
-328.127
-354.158
-382.244
-425.401
-463.077
-492.533
-495.273
-474.723
-436.361
-389.094
-360.323
-343.198
-331.552
-304.836
-271.27
-243.869
-215.783
-205.508
-202.768
-197.287
-215.098
-231.539
-221.263
-196.602
-167.831
-112.344
-22.6058
96.5886
265.105
442.526
608.988
743.253
905.604
1057.68
1198.11
1291.27
1317.3
1305.66
1206.33
1056.31
863.817
682.285
507.604
356.898
200.712
85.6282
17.1256
2.7401
54.117
121.935
178.107
217.153
245.239
260.31
255.514
185.642
81.518
-35.6213
-156.871
-276.75
-363.748
-401.425
-410.33
-393.89
-352.788
-272.64
-132.21
47.9518
227.428
389.094
491.848
558.981
609.673
627.483
604.877
534.32
425.401
295.246
115.769
-73.2977
-243.869
-414.44
-569.256
-722.702
-845.321
-922.729
-941.225
-922.729
-893.958
-861.762
-817.92
-749.418
-652.144
-560.351
-474.038
-401.425
-375.394
-355.528
-347.308
-353.473
-356.213
-387.039
-428.141
-439.101
-468.557
-474.038
-450.747
-426.771
-407.59
-404.165
-367.859
-295.931
-249.349
-237.019
-243.869
-267.16
-280.86
-340.458
-396.63
-470.612
-545.965
-626.798
-695.986
-746.678
-789.149
-749.418
-729.552
-666.53
-525.414
-388.409
-166.461
184.957
562.406
984.381
1261.13
1558.43
1892.73
2188.66
2388
2409.23
2405.81
2266.75
1972.19
1563.91
1173.45
832.991
514.454
194.547
-32.1962
-151.391
-177.422
-93.1634
100.699
311.002
413.755
508.974
633.648
724.072
695.986
532.95
325.387
103.439
-156.186
-344.568
-473.353
-510.344
-482.258
-408.96
-210.988
2.7401
269.9
574.051
842.581
1047.4
1113.17
1103.58
1061.79
952.185
786.409
527.47
248.664
-28.086
-280.86
-486.368
-682.97
-830.251
-943.28
-1015.89
-1063.16
-1096.73
-1098.1
-1076.86
-1080.97
-1084.4
-1078.23
-1049.46
-1025.48
-1009.73
-961.776
-904.918
-836.416
-754.213
-651.459
-538.43
-456.912
-406.22
-365.804
-352.788
-363.063
-392.52
-449.377
-520.619
-613.783
-685.71
-739.827
-785.039
-824.771
-842.581
-867.242
-880.258
-839.841
-812.44
-778.874
-809.015
-824.771
-855.597
-869.982
-892.588
-898.753
-904.233
-930.949
-882.313
-790.519
-617.208
-439.786
-47.9518
431.566
991.917
1426.91
1802.3
2260.58
2627.07
2942.87
3036.72
3077.13
3003.15
2768.87
2340.73
1846.14
1344.02
880.943
489.793
144.54
-93.8485
-217.838
-163.721
13.7005
278.805
500.069
641.869
778.874
912.454
989.177
946.02
760.378
545.28
282.23
10.2754
-208.933
-356.898
-426.086
-408.275
-270.585
-26.031
274.01
640.499
1050.14
1378.96
1576.93
1622.14
1607.75
1509.11
1276.89
912.454
441.156
-65.7624
-528.84
-920.674
-1253.6
-1565.28
-1809.15
-1916.02
-1909.85
-1828.33
-1706.4
-1519.39
-1346.07
-1235.1
-1165.91
-1123.44
-1077.54
-1047.4
-1064.53
-1098.78
-1151.53
-1150.84
-1079.6
-961.091
-818.605
-701.466
-580.901
-480.888
-369.914
-293.191
-263.735
-276.065
-384.299
-503.494
-626.798
-735.032
-832.991
-905.604
-946.02
-981.641
-988.492
-969.311
-920.674
-869.982
-868.612
-909.029
-950.13
-974.106
-1025.48
-1041.92
-1002.88
-923.414
-769.968
-584.327
-126.045
472.667
1142.62
1678.31
2150.98
2701.74
3176.46
3525.14
3616.25
3625.84
3460.06
3101.11
2514.04
1842.72
1203.59
614.468
52.0619
-426.771
-711.741
-803.535
-715.851
-474.038
-123.99
220.578
501.439
769.283
1068.64
1244.69
1241.27
1062.47
835.731
598.027
328.812
105.494
-55.4871
-148.651
-141.8
34.2513
337.717
689.821
1068.64
1478.97
1861.21
2066.04
2126.32
2097.55
1965.34
1658.45
1153.58
537.06
-109.604
-743.253
-1309.08
-1795.45
-2212.63
-2494.18
-2606.52
-2556.51
-2414.71
-2205.1
-1916.7
-1614.6
-1344.7
-1130.98
-975.476
-889.848
-869.982
-896.013
-923.414
-987.807
-1026.85
-998.767
-923.414
-816.55
-738.457
-628.168
-508.974
-406.905
-356.898
-387.039
-469.927
-602.137
-748.048
-883.683
-1012.47
-1165.23
-1287.16
-1374.85
-1422.11
-1402.25
-1372.11
-1285.11
-1201.53
-1120.02
-1063.84
-1030.96
-1050.14
-1024.8
-975.476
-837.101
-724.072
-484.313
36.9914
658.309
1341.96
1805.73
2351.01
2925.06
3452.53
3784.77
3880.67
3871.76
3658.72
3197.7
2527.74
1823.54
1153.58
516.509
-117.139
-618.578
-919.989
-993.972
-864.502
-601.452
-237.704
113.029
422.661
786.409
1135.09
1356.35
1361.83
1251.54
1125.5
939.855
759.693
587.752
437.731
319.222
254.144
399.37
656.939
956.295
1285.11
1633.1
1931.77
2074.26
2122.89
2109.88
1942.05
1578.98
1020.69
361.693
-301.411
-925.469
-1472.12
-1984.52
-2442.8
-2740.79
-2809.97
-2709.28
-2499.66
-2225.65
-1876.97
-1538.57
-1232.36
-961.776
-744.623
-602.822
-610.358
-674.75
-760.378
-839.841
-880.258
-880.943
-872.722
-868.612
-827.511
-721.332
-582.272
-486.368
-452.117
-500.754
-605.562
-764.488
-918.619
-1064.53
-1230.31
-1408.41
-1599.53
-1682.42
-1725.58
-1694.07
-1642.69
-1572.13
-1495.41
-1448.83
-1352.24
-1323.47
-1225.51
-1161.12
-995.342
-867.927
-593.917
-65.7624
537.745
1196.74
1617.34
2166.05
2746.27
3301.14
3646.39
3737.5
3755.31
3556.65
3118.24
2460.61
1745.44
1095.36
458.967
-167.146
-672.01
-985.751
-1106.32
-1023.43
-759.008
-418.55
-56.8571
295.246
737.087
1180.3
1497.47
1603.64
1547.47
1463.21
1326.89
1175.5
1007.67
811.07
632.278
543.225
639.129
824.085
1039.18
1307.03
1636.53
1952.32
2149.61
2259.9
2296.89
2196.19
1890.67
1382.38
739.142
40.4165
-650.089
-1252.23
-1812.58
-2327.03
-2723.66
-2907.93
-2825.73
-2618.85
-2288.67
-1869.43
-1404.99
-940.54
-578.161
-306.891
-163.721
-139.745
-195.917
-363.063
-563.776
-762.433
-900.123
-982.326
-1044.66
-1046.72
-999.452
-877.517
-756.268
-630.223
-548.02
-543.91
-615.838
-735.032
-867.242
-1039.18
-1213.18
-1419.37
-1589.26
-1701.6
-1774.22
-1760.52
-1763.26
-1707.77
-1639.95
-1570.08
-1522.81
-1490.62
-1364.57
-1185.09
-1018.63
-784.354
-330.867
224.003
808.33
1242.64
1733.8
2277.02
2788.05
3113.44
3223.04
3257.3
3068.91
2660.64
2016.03
1333.74
720.647
110.974
-451.432
-922.729
-1210.44
-1304.97
-1233.73
-932.319
-522.674
-82.8881
328.812
784.354
1279.63
1674.89
1861.21
1901.63
1855.05
1731.74
1533.77
1325.52
1127.55
934.375
815.18
812.44
935.06
1091.25
1318.67
1616.66
1929.72
2177.7
2305.8
2363.34
2296.89
2058.5
1650.23
1074.8
405.535
-333.607
-1010.41
-1633.1
-2181.12
-2580.49
-2802.44
-2789.42
-2625.02
-2326.35
-1912.59
-1432.39
-922.729
-482.943
-143.17
55.4871
121.249
106.864
-11.6454
-198.657
-440.471
-665.16
-832.306
-951.5
-985.066
-956.295
-874.777
-782.299
-668.585
-556.926
-488.423
-469.242
-519.249
-612.413
-739.827
-885.053
-1052.2
-1209.07
-1356.35
-1467.32
-1541.99
-1578.98
-1583.09
-1548.16
-1464.58
-1448.83
-1414.58
-1383.75
-1211.81
-1043.29
-897.383
-515.824
-59.5972
483.628
865.872
1280.31
1781.75
2248.25
2549.66
2618.85
2635.98
2511.3
2178.38
1619.4
979.586
360.323
-227.428
-795.314
-1257.02
-1559.12
-1689.27
-1644.06
-1395.4
-1005.62
-538.43
-82.203
401.425
920.674
1373.48
1682.42
1813.95
1879.71
1846.83
1711.19
1513.91
1277.57
1061.79
872.037
809.015
876.147
973.421
1143.31
1386.49
1709.82
2008.49
2237.98
2392.79
2427.04
2304.43
1983.15
1500.89
893.273
200.712
-488.423
-1143.99
-1735.17
-2186.6
-2455.82
-2492.12
-2363.34
-2102.34
-1692.01
-1179.61
-622.003
-108.234
300.041
554.186
656.939
639.129
513.084
265.79
-50.6919
-392.52
-686.395
-905.604
-1041.92
-1088.51
-1046.03
-921.359
-780.244
-623.373
-494.588
-411.7
-395.945
-461.707
-619.948
-805.59
-1016.58
-1222.09
-1415.26
-1579.67
-1734.48
-1822.17
-1859.16
-1805.73
-1724.89
-1637.9
-1543.36
-1441.29
-1260.45
-1063.16
-876.147
-635.704
-222.633
221.948
643.239
925.469
1289.9
1705.03
2055.08
2221.54
2270.17
2248.25
2045.49
1650.23
1102.21
568.571
36.9914
-474.038
-972.736
-1365.94
-1602.96
-1653.65
-1532.4
-1248.8
-861.077
-442.526
-14.3855
495.273
1009.73
1444.72
1705.03
1824.22
1871.49
1842.72
1753.66
1574.19
1363.89
1139.88
973.421
956.295
1033.7
1168.65
1338.54
1620.77
1931.77
2206.47
2424.3
2546.92
2553.09
2370.19
2022.88
1505
853.542
159.611
-542.54
-1234.42
-1852.31
-2307.17
-2497.6
-2503.08
-2355.12
-2054.39
-1598.85
-1046.72
-478.833
26.031
409.645
631.593
700.781
635.704
423.346
96.5886
-284.971
-656.254
-998.082
-1256.34
-1413.89
-1457.05
-1386.49
-1237.84
-1045.35
-843.266
-666.53
-546.65
-508.289
-574.736
-704.891
-863.132
-1048.77
-1266.61
-1465.27
-1639.95
-1793.4
-1911.91
-1944.1
-1870.12
-1744.07
-1618.71
-1490.62
-1287.85
-1031.65
-766.543
-563.091
-211.673
254.829
735.032
1083.71
1341.96
1689.96
2035.21
2253.73
2257.16
2206.47
2082.48
1768.74
1251.54
707.631
195.917
-280.175
-765.858
-1172.76
-1420.74
-1529.66
-1481.71
-1291.96
-950.815
-552.13
-137.69
308.261
790.519
1242.64
1552.95
1691.33
1737.22
1734.48
1690.64
1575.56
1411.15
1220.03
1047.4
974.106
1009.04
1119.33
1261.82
1468.01
1736.54
2021.51
2267.43
2426.36
2478.42
2403.07
2173.59
1760.52
1194.68
532.95
-133.58
-782.299
-1422.11
-1956.43
-2292.78
-2410.6
-2338.68
-2127.69
-1760.52
-1265.24
-710.371
-162.351
277.435
554.186
686.395
693.246
560.351
302.096
-52.747
-421.976
-763.803
-1040.55
-1226.2
-1296.75
-1252.23
-1131.66
-937.115
-748.048
-585.697
-461.707
-398.685
-413.755
-548.02
-739.827
-978.216
-1241.27
-1500.89
-1715.3
-1905.74
-2033.84
-2105.77
-2086.59
-1974.93
-1826.28
-1694.75
-1541.31
-1352.24
-1134.4
-923.414
-748.733
-375.394
69.8726
518.564
785.724
1055.62
1437.87
1804.36
2039.32
2094.12
2115.36
2013.97
1725.58
1253.6
748.048
271.955
-204.823
-691.191
-1083.71
-1350.18
-1448.14
-1418
-1216.61
-906.289
-546.65
-158.241
282.23
776.134
1217.29
1531.03
1674.2
1757.78
1795.45
1770.79
1684.48
1532.4
1342.65
1192.63
1146.73
1213.18
1323.47
1462.53
1674.2
1947.53
2227.02
2448.28
2583.92
2623.65
2539.39
2274.28
1829.02
1233.05
571.996
-108.234
-772.709
-1428.28
-1985.2
-2353.75
-2519.52
-2483.22
-2281.82
-1905.74
-1433.76
-908.344
-393.205
59.5972
388.409
601.452
679.545
618.578
421.976
125.36
-177.422
-482.943
-728.867
-902.863
-996.712
-976.846
-876.832
-698.726
-526.099
-388.409
-296.616
-256.885
-267.16
-393.89
-602.822
-880.943
-1157.69
-1443.35
-1700.92
-1931.77
-2111.25
-2217.43
-2258.53
-2215.37
-2134.54
-1986.57
-1855.73
-1683.11
-1499.52
-1314.56
-1163.17
-901.493
-462.392
3.42513
384.984
661.734
1058.36
1531.03
1933.83
2130.43
2203.04
2202.36
2060.56
1720.1
1252.23
720.647
182.902
-351.418
-835.046
-1204.27
-1421.43
-1472.8
-1366.63
-1104.95
-778.189
-407.59
20.5508
533.635
1040.55
1400.19
1558.43
1615.29
1647.49
1643.38
1538.57
1340.59
1112.48
943.28
900.808
1002.19
1180.98
1388.55
1656.39
2019.45
2426.36
2763.39
2957.94
3027.81
2975.07
2752.43
2324.29
1681.05
939.855
165.776
-572.681
-1302.92
-1989.31
-2496.92
-2742.84
-2726.4
-2554.46
-2244.83
-1797.51
-1252.91
-662.42
-121.249
302.096
584.327
749.418
795.999
696.671
447.322
131.525
-128.785
-326.072
-472.667
-566.516
-578.846
-480.888
-319.222
-137.69
-20.5508
1.37005
-28.7711
-101.384
-245.239
-517.879
-872.037
-1225.51
-1540.62
-1825.59
-2072.2
-2272.91
-2396.22
-2454.45
-2453.08
-2393.48
-2298.26
-2179.07
-2024.93
-1852.31
-1696.81
-1561.17
-1379.64
-972.736
-456.227
25.3459
367.174
726.812
1237.84
1766.68
2144.81
2316.07
2381.15
2323.61
2095.49
1692.7
1187.15
600.082
-3.42513
-595.287
-1092.62
-1441.98
-1633.79
-1614.6
-1410.47
-1102.21
-739.827
-317.852
197.287
759.693
1209.07
1463.9
1552.27
1579.67
1611.18
1561.86
1404.3
1165.23
958.35
885.738
979.586
1192.63
1448.83
1754.35
2143.44
2585.29
2988.77
3262.09
3372.38
3343.61
3139.47
2714.07
2066.04
1259.76
435.676
-355.528
-1127.55
-1866.01
-2466.78
-2790.11
-2864.78
-2759.97
-2504.45
-2097.55
-1564.6
-980.956
-433.621
-2.7401
271.955
440.471
521.989
519.934
370.599
155.501
-30.1411
-163.721
-228.798
-268.53
-250.034
-165.091
-36.3063
113.714
178.107
148.651
61.6523
-78.0929
-286.341
-588.437
-952.185
-1317.3
-1652.97
-1945.47
-2152.35
-2273.6
-2338.68
-2327.72
-2276.34
-2179.75
-2070.83
-1983.83
-1885.19
-1803.67
-1752.29
-1692.01
-1615.29
-1370.05
-902.178
-423.346
-9.59035
351.418
881.628
1526.92
2087.96
2429.1
2629.81
2705.17
2589.4
2250.31
1721.47
1100.15
419.236
-263.05
-898.068
-1408.41
-1743.39
-1844.09
-1728.32
-1449.51
-1093.99
-619.948
-59.5972
565.831
1126.18
1494.04
1675.57
1720.1
1732.43
1677.63
1491.99
1233.05
951.5
789.834
796.684
954.925
1195.37
1489.93
1892.73
2380.46
2888.07
3248.39
3444.31
3487.46
3340.18
3000.41
2404.44
1602.27
710.371
-195.917
-1063.16
-1909.17
-2620.91
-3062.06
-3222.36
-3144.27
-2895.6
-2481.16
-1927.66
-1276.2
-613.098
-61.6523
334.977
570.626
719.277
759.008
646.664
411.7
155.501
-30.1411
-159.611
-256.199
-304.836
-276.75
-159.611
9.59035
149.336
210.988
193.177
106.179
-37.6764
-274.695
-615.838
-1032.33
-1441.98
-1786.55
-2044.8
-2256.47
-2395.53
-2441.43
-2389.37
-2287.3
-2186.6
-2062.61
-1957.8
-1848.88
-1767.37
-1717.36
-1668.04
-1611.86
-1397.45
-954.24
-484.313
-76.0378
293.876
813.125
1468.01
2027.68
2363.34
2542.81
2650.36
2594.19
2274.97
1746.81
1103.58
437.046
-213.728
-813.81
-1291.27
-1613.92
-1724.21
-1594.05
-1276.2
-873.407
-398.685
148.651
767.913
1318.67
1683.11
1839.98
1873.54
1852.99
1761.89
1546.79
1262.5
1003.56
857.652
879.573
1035.76
1288.53
1604.33
2028.36
2531.85
3007.95
3340.87
3495.68
3458.01
3256.61
2879.85
2268.8
1440.61
511.029
-389.779
-1237.16
-2029.73
-2692.15
-3095.63
-3213.45
-3100.42
-2819.56
-2391.42
-1834.5
-1204.27
-579.531
-51.3769
317.167
550.76
698.041
762.433
681.6
463.762
227.428
47.2667
-73.9827
-152.761
-185.642
-164.406
-89.0533
7.53528
82.203
83.5731
28.7711
-69.1876
-230.854
-481.573
-792.574
-1135.77
-1478.28
-1759.15
-1991.37
-2184.55
-2331.83
-2394.16
-2403.07
-2377.04
-2327.72
-2259.9
-2209.89
-2175.64
-2144.81
-2143.44
-2116.73
-2055.76
-1942.05
-1728.32
-1282.37
-702.836
-114.399
418.55
1013.15
1702.97
2324.29
2718.18
2932.59
3053.16
3004.52
2677.76
2060.56
1354.3
665.16
15.0706
-608.988
-1119.33
-1452.25
-1541.99
-1372.11
-982.326
-517.194
-32.1962
508.289
1078.91
1552.95
1824.91
1893.41
1824.91
1687.22
1502.26
1266.61
989.177
752.158
653.514
759.693
1034.39
1420.74
1863.27
2371.56
2907.25
3341.55
3618.3
3698.45
3568.3
3222.36
2685.98
1968.76
1067.27
63.7074
-878.888
-1690.64
-2403.07
-2942.18
-3214.82
-3189.48
-2963.42
-2625.7
-2178.38
-1612.55
-987.122
-405.535
47.9518
328.812
471.297
547.335
563.776
473.353
261.68
30.8261
-113.029
-154.131
-152.076
-130.155
-66.4475
30.8261
123.99
200.712
231.539
185.642
48.6368
-163.721
-437.046
-757.638
-1096.04
-1415.95
-1712.56
-2002.33
-2254.42
-2414.03
-2471.57
-2481.16
-2492.12
-2497.6
-2475
-2435.27
-2395.53
-2359.91
-2345.53
-2338.68
-2254.42
-2075.63
-1836.55
-1457.05
-850.116
-159.611
474.038
1033.02
1667.35
2370.87
2927.11
3200.44
3316.89
3321.69
3096.31
2572.27
1862.58
1129.61
424.031
-224.688
-781.614
-1188.52
-1388.55
-1340.59
-1057.68
-620.633
-184.957
251.404
726.127
1185.09
1493.36
1604.33
1561.17
1421.43
1211.81
1000.82
806.275
659.679
595.972
700.781
997.397
1409.78
1873.54
2390.74
2939.44
3388.14
3634.74
3672.42
3535.42
3186.05
2630.5
1910.54
1043.98
59.5972
-902.178
-1675.57
-2257.16
-2722.29
-3049.73
-3137.42
-2948.35
-2587.34
-2138.65
-1639.27
-1117.28
-622.003
-165.091
182.217
376.764
446.637
456.912
439.786
337.717
148.651
-7.53528
-52.747
-57.5421
-82.8881
-94.5335
-27.401
88.3683
167.146
186.327
133.58
25.3459
-128.1
-309.631
-553.5
-859.022
-1190.57
-1512.54
-1785.86
-2060.56
-2306.48
-2475
-2581.86
-2648.99
-2689.41
-2679.82
-2615.43
-2556.51
-2536.65
-2473.63
-2381.83
-2240.72
-2048.23
-1819.43
-1557.06
-1228.25
-619.948
152.761
863.817
1411.84
1965.34
2612.69
3199.75
3518.98
3621.04
3612.82
3418.28
2978.49
2318.81
1607.07
924.784
262.365
-325.387
-774.079
-1050.83
-1089.19
-933.69
-622.003
-306.891
-1.37005
363.063
752.843
1059.73
1204.27
1176.19
1054.25
912.454
811.755
751.473
683.655
650.089
728.182
1024.11
1492.67
1969.45
2379.09
2751.75
3083.98
3286.07
3270.31
3081.93
2699.68
2120.15
1411.84
646.664
-147.965
-948.075
-1646.8
-2187.97
-2603.78
-2860.67
-2901.08
-2711.33
-2401.7
-2041.38
-1613.92
-1141.94
-674.75
-274.695
32.1962
218.523
295.246
303.466
319.222
280.86
158.241
19.8657
-60.2822
-41.7865
-11.6454
24.6609
107.549
219.208
313.742
366.489
365.804
311.687
175.366
-56.1721
-351.418
-697.356
-1093.99
-1484.45
-1868.06
-2247.57
-2596.93
-2846.28
-2960.68
-3011.37
-3051.79
-3058.64
-2983.97
-2833.95
-2660.64
-2494.86
-2321.55
-2123.58
-1896.15
-1634.47
-1302.23
-993.972
-623.373
0
771.339
1444.72
1944.79
2389.37
2974.38
3508.01
3721.74
3725.85
3605.97
3366.21
2932.59
2257.84
1521.44
789.149
121.249
-403.48
-837.101
-1139.88
-1241.27
-1111.8
-781.614
-421.976
-106.864
254.829
648.719
996.027
1182.35
1200.85
1137.14
1052.2
1019.32
1010.41
991.917
993.972
1080.28
1341.96
1698.86
2029.73
2314.02
2573.64
2800.38
2883.27
2766.13
2507.88
2120.15
1598.85
984.381
326.757
-358.953
-1024.11
-1556.38
-1899.58
-2148.92
-2320.87
-2312.65
-2101.66
-1796.14
-1511.85
-1215.92
-867.927
-523.359
-244.554
-52.747
56.8571
98.6436
91.7934
78.7779
57.5421
2.05508
-40.4165
-12.3305
69.1876
147.28
213.728
293.876
380.189
424.716
380.189
250.034
46.5817
-245.239
-593.917
-986.436
-1415.95
-1849.57
-2281.13
-2661.32
-2953.14
-3173.72
-3323.06
-3371.01
-3336.76
-3230.58
-3057.27
-2814.77
-2546.24
-2310.59
-2091.38
-1833.81
-1561.86
-1344.7
-1166.6
-964.516
-718.592
-432.251
-141.8
293.191
941.91
1556.38
2031.1
2416.08
2853.13
3371.01
3655.98
3629.26
3536.79
3375.8
3051.1
2452.39
1705.03
1030.28
406.905
-151.391
-571.311
-867.927
-963.146
-836.416
-523.359
-126.73
222.633
600.767
1037.81
1413.21
1628.31
1647.49
1575.56
1496.78
1376.9
1247.43
1091.93
962.461
925.469
1001.51
1200.16
1418.69
1611.18
1844.09
2068.78
2209.89
2186.6
2035.21
1824.22
1509.8
1093.99
614.468
107.549
-395.945
-857.652
-1201.53
-1437.18
-1663.93
-1794.77
-1781.75
-1679.68
-1587.2
-1517.33
-1374.16
-1167.97
-978.216
-837.786
-739.142
-639.129
-542.54
-453.487
-343.883
-252.774
-171.256
-68.5025
50.6919
150.706
176.052
158.241
145.225
84.2581
-66.4475
-317.167
-626.798
-973.421
-1350.87
-1715.3
-2072.89
-2406.49
-2695.57
-2903.82
-3027.81
-3092.89
-3100.42
-3010
-2848.34
-2641.46
-2444.86
-2234.55
-2001.64
-1796.14
-1607.75
-1412.52
-1231.68
-1046.72
-865.872
-677.49
-426.086
-126.73
186.327
550.76
1134.4
1797.51
2317.44
2663.38
3005.89
3442.94
3784.08
3801.21
3666.94
3483.35
3187.42
2700.37
2009.86
1320.04
719.277
171.256
-267.16
-576.791
-726.812
-627.483
-322.647
114.399
471.297
778.874
1159.06
1522.13
1726.26
1715.99
1557.75
1381.7
1163.17
939.17
731.607
529.525
386.354
373.339
569.941
881.628
1174.13
1454.99
1761.2
2060.56
2237.29
2213.32
2086.59
1858.47
1498.15
1047.4
567.886
65.7624
-468.557
-954.24
-1335.8
-1650.23
-1875.6
-1967.39
-1946.84
-1900.95
-1867.38
-1736.54
-1490.62
-1259.08
-1101.52
-1002.88
-878.202
-712.426
-564.461
-423.346
-303.466
-228.798
-156.186
-35.6213
67.8175
81.518
-6.85025
-140.43
-286.341
-466.502
-695.301
-975.476
-1300.18
-1646.12
-1955.06
-2200.99
-2400.33
-2557.88
-2659.27
-2695.57
-2667.49
-2585.29
-2476.37
-2374.98
-2252.36
-2117.41
-1995.48
-1875.6
-1771.48
-1633.79
-1475.54
-1314.56
-1104.95
-863.817
-598.712
-320.592
-71.2426
215.098
507.604
800.11
1067.27
1414.58
1910.54
2291.41
2494.86
2662.69
2907.93
3204.55
3242.91
3083.98
2985.34
2827.1
2556.51
2087.96
1552.27
1141.94
788.464
511.029
313.057
146.595
156.871
350.048
658.994
927.524
1044.66
1170.71
1348.81
1446.77
1370.74
1144.68
904.233
713.111
550.075
432.936
326.757
306.891
419.921
673.38
1023.43
1326.89
1602.96
1918.76
2178.38
2275.65
2159.2
1941.36
1695.44
1335.11
868.612
328.812
-203.453
-665.845
-1085.08
-1422.11
-1713.25
-1955.75
-2042.06
-2003.7
-1916.7
-1843.4
-1769.42
-1585.83
-1380.33
-1222.77
-1089.19
-974.106
-841.211
-749.418
-691.191
-658.309
-653.514
-635.704
-616.523
-637.759
-721.332
-844.636
-909.714
-986.436
-1129.61
-1322.1
-1528.29
-1661.19
-1788.6
-1941.36
-2084.53
-2215.37
-2253.73
-2233.18
-2248.94
-2229.07
-2165.37
-2056.45
-1934.51
-1859.84
-1768.74
-1624.2
-1448.83
-1252.91
-1078.91
-882.998
-624.743
-345.253
-67.8175
180.162
411.7
626.798
804.905
925.469
991.917
1020
1022.74
1147.42
1433.76
1652.28
1740.65
1847.51
2166.74
2620.22
2872.31
2916.84
2987.4
3086.04
3067.54
2764.08
2308.54
1901.63
1508.43
1157.01
830.936
520.619
358.953
393.205
584.327
763.803
836.416
984.381
1235.1
1431.7
1451.57
1302.92
1133.03
997.397
859.707
713.796
535.005
381.559
333.607
416.495
600.767
752.843
878.888
1063.16
1276.2
1394.03
1329.63
1185.09
1018.63
766.543
397.315
-13.7005
-397.315
-764.488
-1112.48
-1394.03
-1609.12
-1772.85
-1852.99
-1826.96
-1754.35
-1719.41
-1674.2
-1549.53
-1414.58
-1341.96
-1302.92
-1263.87
-1240.58
-1267.3
-1342.65
-1408.41
-1452.25
-1513.91
-1566.65
-1577.61
-1568.71
-1536.51
-1487.88
-1437.18
-1384.44
-1343.33
-1278.26
-1213.86
-1214.55
-1263.19
-1315.93
-1337.17
-1343.33
-1410.47
-1512.54
-1597.48
-1628.31
-1585.15
-1526.92
-1477.6
-1392.66
-1229.62
-968.626
-668.585
-402.11
-156.186
88.3683
356.898
568.571
697.356
741.882
721.332
654.199
552.13
456.227
383.614
296.616
411.7
827.511
1250.86
1596.11
1953.69
2519.52
3202.49
3605.29
3736.81
3845.73
3886.15
3733.39
3246.34
2608.58
2021.51
1461.84
976.161
591.862
306.891
196.602
329.497
672.695
1013.15
1194.68
1409.78
1697.49
1870.8
1779.01
1474.86
1132.35
803.535
425.401
57.5421
-235.649
-454.857
-554.871
-472.667
-217.153
46.5817
284.286
586.382
938.485
1158.38
1154.95
1060.42
948.075
726.812
344.568
-98.6436
-501.439
-899.438
-1289.9
-1573.5
-1766
-1929.03
-2064.67
-2064.67
-1956.43
-1912.59
-1931.77
-1884.5
-1804.36
-1809.84
-1891.35
-1967.39
-1990
-2024.25
-2079.74
-2094.81
-2040.01
-1946.84
-1816.69
-1628.99
-1418.69
-1246.06
-1100.84
-919.304
-753.528
-674.065
-669.27
-682.285
-723.387
-819.975
-931.634
-992.602
-1005.62
-1028.22
-1045.35
-1013.15
-931.634
-817.92
-708.316
-577.476
-426.771
-329.497
-241.814
-112.344
13.7005
83.5731
144.54
204.823
268.53
283.6
290.451
313.742
297.301
253.459
251.404
316.482
418.55
485.683
652.144
1160.43
1718.04
2116.04
2401.01
2790.79
3362.79
3752.57
3810.8
3824.5
3802.58
3645.02
3248.39
2681.87
2201.67
1735.85
1318.67
1037.13
837.101
739.827
776.134
958.35
1167.97
1170.02
1106.32
1117.96
1083.03
856.282
458.967
76.7228
-261.68
-635.018
-932.319
-1080.97
-1104.26
-1061.79
-884.368
-504.179
-69.1876
280.175
602.137
950.13
1196.74
1197.42
1055.62
915.194
681.6
291.821
-178.792
-580.216
-941.225
-1350.18
-1677.63
-1834.5
-1965.34
-2129.06
-2220.17
-2179.75
-2160.57
-2235.24
-2279.08
-2270.86
-2321.55
-2464.72
-2572.96
-2541.44
-2505.14
-2508.56
-2436.64
-2242.77
-1968.08
-1707.77
-1391.97
-973.421
-593.917
-293.191
-18.4957
187.697
295.246
283.6
223.318
125.36
-93.8485
-361.008
-567.886
-710.371
-826.141
-962.461
-1010.41
-908.344
-761.063
-618.578
-480.203
-330.867
-186.327
-61.6523
56.1721
125.36
119.194
86.3132
108.234
174.681
195.232
219.208
243.184
299.356
426.086
502.809
567.886
641.869
702.151
820.66
993.287
1140.57
1434.44
1912.59
2383.2
2760.65
3081.24
3535.42
4021.78
4206.74
4178.65
4119.06
3991.64
3686.12
3079.19
2433.21
1861.9
1298.81
813.125
386.354
52.0619
-147.965
-158.926
6.16523
117.824
60.9673
23.9759
84.2581
83.5731
-138.375
-479.518
-760.378
-981.641
-1217.98
-1378.96
-1406.36
-1356.35
-1245.38
-982.326
-551.445
-135.635
212.358
561.036
924.784
1128.92
1077.54
933.005
785.039
506.919
71.9277
-374.709
-736.402
-1122.76
-1548.16
-1855.05
-2052.34
-2239.35
-2439.38
-2556.51
-2609.26
-2731.2
-2878.48
-2916.15
-2864.09
-2852.45
-2879.16
-2808.6
-2612
-2380.46
-2124.95
-1779.7
-1335.11
-897.383
-496.643
-51.3769
361.008
620.633
780.929
885.738
916.564
808.33
554.871
297.301
48.6368
-232.909
-494.588
-709.686
-835.731
-889.848
-914.509
-830.936
-680.915
-543.225
-387.039
-232.909
-96.5886
2.7401
37.6764
84.2581
102.069
89.7383
117.139
211.673
368.544
521.989
680.23
896.698
1098.1
1281.68
1465.95
1584.46
1665.3
1713.25
1742.02
1791.34
1794.77
1883.13
2203.73
2501.71
2715.44
2881.9
3136.05
3484.04
3573.78
3423.07
3259.35
3046.99
2706.54
2107.14
1412.52
850.801
352.788
-25.3459
-304.151
-519.934
-588.437
-450.747
-145.225
85.6282
55.4871
8.2203
50.0069
-5.4802
-321.277
-820.66
-1250.86
-1582.41
-1885.19
-2084.53
-2105.08
-1959.86
-1705.03
-1302.23
-717.907
-158.926
297.986
739.142
1136.46
1329.63
1233.73
1028.91
815.18
440.471
-156.871
-779.559
-1248.12
-1656.39
-2094.81
-2438.69
-2625.7
-2743.53
-2836
-2842.17
-2768.87
-2749.01
-2764.76
-2692.15
-2549.66
-2444.17
-2383.2
-2210.58
-1907.11
-1637.9
-1403.62
-1106.32
-710.371
-325.387
-23.2909
311.687
642.554
853.542
980.956
1063.84
1098.78
1029.59
867.242
698.726
521.989
276.75
17.1256
-182.217
-303.466
-434.991
-581.587
-634.333
-597.342
-528.84
-458.282
-330.182
-146.595
19.1807
199.342
432.251
663.105
869.297
1061.79
1328.95
1593.37
1767.37
1912.59
2044.8
2160.57
2135.22
1993.42
1850.25
1670.09
1458.42
1233.73
1018.63
882.998
765.858
789.149
1088.51
1394.71
1602.96
1759.15
2032.47
2392.79
2482.53
2332.51
2190.71
2044.12
1770.11
1254.28
689.821
287.711
-56.1721
-329.497
-527.47
-641.184
-656.939
-557.611
-304.836
-130.84
-202.768
-321.277
-365.119
-447.322
-759.008
-1222.77
-1553.64
-1745.44
-1920.81
-2031.79
-1956.43
-1703.66
-1396.08
-1029.59
-527.47
-39.7315
298.671
563.776
815.865
887.108
658.994
333.607
85.6282
-193.862
-652.829
-1159.75
-1494.73
-1736.54
-2009.86
-2215.37
-2266.75
-2237.29
-2275.65
-2310.59
-2253.05
-2229.07
-2264.01
-2244.14
-2107.82
-1966.71
-1909.17
-1787.92
-1486.51
-1165.91
-924.099
-636.389
-218.523
220.578
535.69
826.826
1159.06
1398.14
1467.32
1459.1
1436.5
1326.89
1086.45
814.495
577.476
315.112
8.2203
-219.893
-302.096
-332.237
-343.198
-267.845
-59.5972
196.602
446.637
747.363
1077.54
1345.39
1524.87
1708.45
1898.89
1995.48
1963.28
1924.24
1932.46
1892.04
1766
1601.59
1429.65
1230.99
989.862
777.504
606.932
381.559
117.824
-97.2736
-205.508
-276.75
-373.339
-373.339
-102.069
230.854
456.912
630.908
906.974
1297.44
1511.85
1528.98
1547.47
1550.21
1431.7
1140.57
779.559
504.864
210.303
-65.7624
-247.979
-391.834
-530.21
-602.137
-518.564
-440.471
-587.067
-816.55
-906.974
-981.641
-1230.99
-1602.96
-1848.2
-1961.23
-2096.86
-2166.74
-2038.64
-1767.37
-1506.37
-1229.62
-770.654
-271.955
48.6368
270.585
509.659
671.325
569.941
332.237
184.272
5.4802
-358.268
-763.118
-987.122
-1100.84
-1287.85
-1475.54
-1481.71
-1418
-1428.96
-1410.47
-1306.34
-1252.23
-1350.87
-1427.59
-1348.81
-1282.37
-1346.76
-1361.15
-1178.24
-911.084
-688.45
-406.22
23.9759
483.628
843.951
1171.39
1535.83
1807.78
1926.98
1959.86
1966.71
1852.31
1606.38
1354.3
1146.73
911.769
652.829
504.179
493.218
514.454
521.989
581.587
742.567
932.319
1065.9
1187.15
1294.01
1332.37
1284.42
1230.31
1189.2
1067.95
878.202
706.261
604.877
493.218
346.623
211.673
63.7074
-120.564
-315.797
-470.612
-624.058
-837.101
-1053.57
-1179.61
-1244.69
-1279.63
-1291.96
-1213.18
-1012.47
-572.681
-46.5817
330.182
582.957
891.903
1378.27
1704.34
1711.19
1609.12
1596.79
1570.76
1294.7
819.29
424.031
137.69
-126.045
-337.032
-491.848
-646.664
-730.922
-642.554
-519.934
-619.948
-861.077
-957.665
-966.571
-1167.97
-1587.2
-1895.47
-1974.93
-2021.51
-2111.25
-2050.28
-1771.48
-1444.72
-1110.43
-618.578
-47.2667
372.654
665.16
1009.73
1302.23
1287.16
1065.21
922.729
845.321
551.445
89.0533
-228.113
-372.654
-572.681
-843.951
-963.146
-953.555
-1011.1
-1107
-1095.36
-1081.66
-1194
-1287.85
-1222.09
-1095.36
-1081.66
-1050.83
-784.354
-408.275
-117.139
173.996
635.018
1139.2
1487.19
1766
2120.15
2453.08
2600.36
2596.93
2567.47
2473.63
2239.35
1962.6
1706.4
1407.04
1052.2
749.418
581.587
411.015
169.201
-8.90533
-34.9363
-2.7401
-59.5972
-147.28
-149.336
-108.234
-124.675
-173.996
-214.413
-286.341
-381.559
-437.731
-458.282
-503.494
-604.877
-698.726
-715.851
-721.332
-780.244
-850.801
-872.037
-902.178
-1006.3
-1106.32
-1151.53
-1189.89
-1261.13
-1318.67
-1297.44
-1202.22
-1069.32
-756.268
-284.971
101.384
364.433
669.27
1143.99
1522.81
1598.16
1578.3
1620.08
1594.74
1334.43
921.359
580.216
287.026
-55.4871
-319.907
-438.416
-532.265
-610.358
-516.509
-308.946
-265.105
-396.63
-434.991
-353.473
-437.046
-762.433
-1040.55
-1129.61
-1198.79
-1336.48
-1346.07
-1139.2
-900.123
-674.065
-282.23
255.514
691.191
983.011
1311.82
1660.5
1752.98
1607.75
1505.69
1457.73
1228.25
800.795
465.132
274.01
4.79518
-324.702
-511.714
-563.776
-639.814
-756.953
-724.757
-598.027
-587.752
-617.893
-496.643
-260.31
-137.69
-112.344
38.3614
280.86
443.211
548.705
724.757
948.075
1075.49
1128.92
1247.43
1361.15
1318.67
1199.48
1154.95
1135.09
985.066
774.079
640.499
507.604
299.356
71.9277
-96.5886
-229.483
-424.031
-648.034
-793.944
-882.313
-1017.95
-1196.05
-1287.85
-1308.4
-1355.67
-1372.79
-1278.94
-1139.88
-1045.35
-942.595
-766.543
-585.697
-466.502
-415.81
-384.984
-343.198
-361.693
-443.211
-534.32
-653.514
-822.715
-991.917
-1084.4
-1165.23
-1280.31
-1361.83
-1335.11
-1248.8
-1155.64
-1063.16
-805.59
-313.742
113.714
363.063
624.743
1112.48
1625.57
1890.67
2022.19
2222.22
2431.15
2450.34
2250.99
2009.86
1774.22
1442.66
1080.28
781.614
482.943
139.06
-66.4475
-67.1325
-115.084
-341.143
-471.297
-369.229
-308.946
-493.903
-711.056
-734.347
-706.946
-820.66
-920.674
-808.33
-612.413
-467.187
-216.468
237.704
668.585
944.65
1265.24
1729
2051.65
2065.35
2000.96
2039.32
1961.23
1581.04
1153.58
870.667
544.595
44.5266
-406.22
-626.798
-814.495
-1080.28
-1228.94
-1171.39
-1128.24
-1217.98
-1196.05
-980.956
-830.251
-841.896
-778.874
-552.13
-354.158
-289.766
-194.547
8.90533
154.816
186.327
247.294
403.48
495.273
423.346
360.323
386.354
322.647
137.69
-52.747
-182.217
-365.804
-632.963
-817.92
-942.595
-1093.99
-1259.08
-1342.65
-1311.14
-1295.38
-1340.59
-1325.52
-1213.18
-1111.11
-1075.49
-989.862
-815.18
-678.175
-635.704
-563.091
-419.921
-298.671
-231.539
-166.461
-75.3528
-22.6058
1.37005
20.5508
54.117
-1.37005
-123.99
-234.964
-308.946
-443.896
-675.435
-866.557
-915.879
-878.202
-828.881
-710.371
-423.346
154.131
755.583
1257.02
1752.98
2382.52
3036.72
3412.8
3559.39
3638.85
3629.26
3403.21
2912.04
2310.59
1752.29
1176.87
652.144
248.664
-82.203
-345.253
-417.865
-247.979
-97.2736
-153.446
-182.217
-46.5817
19.1807
-210.988
-563.091
-742.567
-839.156
-1046.03
-1220.72
-1162.49
-942.595
-736.402
-456.912
28.7711
521.304
839.841
1106.32
1428.96
1597.48
1438.55
1183.72
1043.98
834.361
377.449
-78.0929
-278.805
-402.795
-655.569
-864.502
-834.361
-756.268
-819.975
-893.273
-837.786
-843.951
-1035.07
-1228.94
-1302.23
-1392.66
-1594.05
-1691.33
-1559.12
-1409.78
-1338.54
-1157.01
-795.999
-450.062
-263.735
-88.3683
168.516
328.127
284.286
163.721
95.9035
-14.3855
-239.759
-457.597
-574.051
-685.71
-804.22
-809.7
-697.356
-611.728
-610.358
-561.036
-420.606
-327.442
-376.764
-441.841
-445.952
-488.423
-609.673
-704.891
-698.726
-635.704
-565.146
-426.771
-190.437
75.3528
320.592
587.067
855.597
1017.26
1056.31
1055.62
1023.43
887.108
636.389
377.449
169.201
-8.90533
-167.146
-267.845
-239.074
-133.58
52.0619
304.151
628.168
964.516
1389.23
1936.57
2353.06
2544.87
2669.54
2915.47
3075.76
2946.29
2668.86
2455.82
2249.62
1864.64
1361.83
960.406
646.664
287.711
-29.4561
-189.752
-311.687
-489.108
-557.611
-492.533
-544.595
-771.339
-912.454
-885.738
-971.366
-1279.63
-1524.18
-1528.29
-1491.3
-1576.93
-1573.5
-1332.37
-1049.46
-869.982
-598.712
-186.327
108.919
224.003
362.378
580.901
601.452
393.205
241.814
232.224
110.974
-211.673
-433.621
-461.022
-567.201
-837.786
-1023.43
-1023.43
-1110.43
-1366.63
-1541.31
-1551.58
-1625.57
-1819.43
-1900.26
-1795.45
-1694.07
-1655.71
-1474.17
-1147.42
-873.407
-678.86
-384.984
-0.685025
245.924
345.253
516.509
752.158
846.006
788.464
774.079
851.487
826.141
689.135
580.901
538.43
464.447
306.206
187.697
132.21
32.1962
-128.1
-221.263
-226.058
-276.065
-370.599
-369.914
-266.475
-198.657
-147.28
-6.85025
203.453
376.764
522.674
733.662
988.492
1183.04
1280.31
1386.49
1546.79
1630.36
1582.41
1507.06
1460.47
1345.39
1141.25
955.61
790.519
571.996
339.088
159.611
24.6609
-105.494
-258.94
-328.127
-282.915
-250.034
-295.931
-195.917
170.571
463.762
518.564
589.122
902.863
1194.68
1199.48
1095.36
1104.26
1150.16
987.122
648.034
393.89
213.043
-58.9122
-312.372
-415.81
-510.344
-707.631
-781.614
-633.648
-613.783
-866.557
-1061.79
-1006.3
-1006.99
-1312.51
-1634.47
-1672.15
-1635.16
-1770.79
-1862.58
-1674.2
-1404.3
-1276.2
-1096.73
-693.246
-331.552
-197.972
-67.8175
204.823
352.103
231.539
134.95
225.373
228.798
-25.3459
-211.673
-138.375
-102.754
-303.466
-478.833
-423.346
-370.599
-523.359
-664.475
-621.318
-613.098
-743.938
-779.559
-604.877
-447.322
-424.716
-308.946
-4.79518
261.68
351.418
464.447
688.45
819.29
780.244
750.103
824.771
815.865
654.199
539.115
556.926
537.745
408.275
321.277
383.614
448.692
393.89
347.308
402.11
443.896
385.669
325.387
333.607
316.482
250.034
254.144
358.268
454.172
496.643
598.712
789.149
957.665
1044.66
1131.66
1272.09
1333.74
1259.08
1165.91
1108.37
1012.47
802.85
555.556
358.268
167.146
-47.2667
-229.483
-378.819
-532.265
-713.111
-871.352
-987.807
-1130.29
-1309.08
-1458.42
-1518.7
-1539.25
-1561.86
-1529.66
-1419.37
-1103.58
-603.507
-137.005
219.893
566.516
1072.75
1561.17
1761.2
1750.24
1710.51
1634.47
1351.56
835.046
341.143
-59.5972
-485.683
-889.848
-1177.56
-1368
-1512.54
-1506.37
-1325.52
-1241.27
-1347.44
-1396.08
-1299.49
-1283.05
-1528.29
-1807.1
-1837.92
-1775.59
-1842.72
-1839.29
-1552.95
-1137.83
-779.559
-358.268
242.499
792.574
1141.94
1465.95
1855.73
2072.2
1968.08
1800.93
1750.24
1594.74
1207.01
859.022
735.717
606.247
338.403
146.595
142.485
110.289
-60.2822
-178.792
-154.816
-155.501
-313.057
-460.337
-436.361
-381.559
-421.976
-400.74
-194.547
21.9208
133.58
326.072
654.884
881.628
935.745
1000.82
1135.77
1159.75
1029.59
881.628
804.22
721.332
541.855
388.409
379.504
426.771
389.094
379.504
472.667
514.454
483.628
476.778
468.557
363.063
166.461
-11.6454
-133.58
-287.711
-489.793
-637.759
-655.569
-620.633
-629.538
-593.232
-443.896
-305.521
-243.869
-191.122
-134.265
-133.58
-218.523
-346.623
-484.313
-648.719
-834.361
-978.901
-1048.09
-1100.15
-1157.01
-1163.17
-1092.62
-1024.8
-1006.99
-976.846
-882.313
-811.755
-816.55
-834.361
-782.984
-710.371
-545.28
-245.239
15.0706
148.651
265.79
595.972
929.579
1004.93
931.634
965.201
1059.05
916.564
526.099
217.838
73.2977
-121.935
-347.308
-460.337
-458.967
-453.487
-380.189
-164.406
-14.3855
-52.0619
-65.7624
35.6213
58.9122
-158.241
-413.755
-452.802
-439.101
-565.831
-641.184
-441.841
-126.045
75.3528
291.136
689.135
1107
1367.31
1565.28
1810.52
1957.8
1882.45
1748.87
1725.58
1646.8
1348.13
1067.95
972.736
867.927
613.783
389.094
337.032
280.86
77.4079
-119.194
-145.91
-167.831
-330.867
-504.864
-524.044
-476.093
-507.604
-525.414
-426.086
-326.757
-304.151
-199.342
2.05508
102.754
56.8571
57.5421
170.571
207.563
98.6436
0.685025
10.9604
31.5112
-54.802
-172.626
-183.587
-167.831
-259.625
-361.693
-412.385
-493.218
-622.688
-734.347
-800.795
-888.478
-1000.14
-1051.51
-1030.96
-1011.78
-1022.06
-983.696
-828.196
-664.475
-580.901
-484.313
-321.962
-195.232
-170.571
-165.776
-140.43
-154.131
-253.459
-382.244
-469.242
-536.375
-610.358
-657.624
-634.333
-583.642
-531.58
-417.18
-271.955
-186.327
-185.642
-173.311
-143.17
-202.082
-360.323
-503.494
-564.461
-601.452
-647.349
-628.853
-455.542
-68.5025
417.865
817.92
1128.24
1502.95
1964.65
2285.24
2360.6
2279.08
2182.49
2038.64
1683.79
1170.71
694.616
321.277
13.0155
-230.854
-374.024
-427.456
-350.048
-107.549
165.776
318.537
418.55
586.382
726.127
661.734
424.031
225.373
118.509
-34.9363
-241.814
-321.962
-243.184
-126.73
-14.3855
194.547
487.738
724.072
900.123
1089.19
1235.79
1220.03
1095.36
995.342
898.753
676.805
383.614
196.602
89.0533
-58.9122
-246.609
-361.693
-392.52
-455.542
-573.366
-665.16
-739.142
-875.462
-1056.99
-1187.15
-1270.72
-1371.42
-1465.27
-1465.27
-1387.86
-1289.22
-1141.25
-925.469
-693.246
-513.769
-345.253
-147.28
16.4406
52.747
18.4957
33.5662
59.5972
-6.85025
-130.84
-209.618
-230.169
-256.885
-294.561
-295.931
-280.86
-287.026
-300.726
-290.451
-267.845
-307.576
-412.385
-487.738
-522.674
-539.115
-561.721
-556.926
-505.549
-426.771
-315.797
-165.776
-29.4561
58.9122
126.73
200.712
260.31
269.9
226.743
173.311
148.651
132.895
113.714
116.454
158.241
215.783
255.514
295.246
342.513
356.213
309.631
230.169
145.225
44.5266
-105.494
-267.845
-384.984
-444.581
-453.487
-400.055
-273.325
-102.754
99.3287
443.896
899.438
1257.02
1457.73
1644.06
1922.18
2106.45
2047.54
1872.86
1759.15
1666.67
1424.17
1080.28
832.991
665.845
475.408
292.506
191.122
126.045
48.6368
43.8416
62.3373
-28.7711
-197.287
-301.411
-350.733
-495.273
-762.433
-962.461
-1010.41
-1046.03
-1128.92
-1133.03
-960.406
-746.678
-591.862
-374.024
-65.7624
182.217
315.797
424.716
539.8
554.871
453.487
359.638
295.246
163.721
-49.3218
-186.327
-225.373
-313.742
-466.502
-548.705
-550.075
-594.602
-716.537
-815.18
-848.061
-887.108
-953.555
-1002.19
-982.326
-927.524
-885.738
-798.055
-649.404
-513.084
-394.575
-247.294
-93.1634
-5.4802
31.5112
93.8485
151.391
147.28
108.919
95.9035
126.73
165.091
169.886
190.437
270.585
344.568
378.134
407.59
450.747
448.692
384.984
304.836
219.893
119.879
32.8812
-56.1721
-131.525
-171.256
-192.492
-181.532
-129.47
-69.8726
-17.8107
64.3924
158.241
218.523
255.514
291.821
300.726
274.695
227.428
175.366
138.375
116.454
81.518
37.6764
26.031
43.1566
52.747
54.802
44.5266
2.05508
-43.1566
-84.9431
-150.706
-238.389
-337.717
-419.236
-465.817
-495.958
-530.895
-550.075
-507.604
-403.48
-311.002
-197.972
32.8812
297.301
495.273
628.853
802.85
1018.63
1140.57
1141.25
1107
1108.37
1065.21
886.423
664.475
483.628
294.561
86.9982
-89.0533
-224.003
-347.993
-430.196
-442.526
-456.227
-522.674
-585.012
-576.106
-556.241
-618.578
-722.017
-739.827
-704.891
-713.111
-711.741
-598.027
-402.795
-239.074
-72.6127
178.792
469.242
697.356
861.077
1030.96
1191.26
1260.45
1244.69
1207.7
1152.21
1007.67
832.991
708.316
582.272
404.85
225.373
112.344
20.5508
-126.73
-287.711
-405.535
-522.674
-687.08
-850.801
-941.91
-1007.67
-1107.69
-1191.26
-1191.26
-1141.94
-1080.28
-990.547
-848.061
-671.325
-498.698
-293.876
-53.432
171.256
351.418
508.289
668.585
789.149
855.597
887.793
895.328
869.297
769.968
641.869
528.84
397.315
227.428
66.4475
-73.9827
-221.948
-370.599
-479.518
-541.17
-607.617
-668.585
-704.206
-717.222
-704.206
-682.285
-650.089
-591.177
-516.509
-446.637
-352.788
-230.854
-127.415
-57.5421
7.53528
76.0378
114.399
135.635
128.785
100.014
70.5576
42.4716
8.2203
-43.1566
-104.124
-171.941
-232.224
-298.671
-384.984
-489.108
-579.531
-648.034
-723.387
-797.37
-857.652
-886.423
-872.722
-830.936
-745.308
-594.602
-411.7
-211.673
84.2581
437.046
727.497
926.839
1133.03
1387.86
1555.69
1572.82
1507.06
1461.84
1415.95
1261.82
1018.63
807.645
635.704
464.447
329.497
239.074
166.461
147.28
212.358
299.356
314.427
300.041
339.088
374.024
319.907
203.453
121.935
75.3528
-0.685025
-76.7228
-40.4165
71.9277
139.06
210.303
385.669
621.318
805.59
919.989
1026.17
1109.06
1104.26
1034.39
944.65
816.55
624.058
402.795
213.043
41.7865
-171.256
-375.394
-512.399
-633.648
-782.299
-902.863
-976.161
-1053.57
-1161.8
-1243.32
-1258.39
-1240.58
-1230.99
-1198.79
-1085.77
-915.879
-752.158
-598.027
-421.976
-253.459
-121.249
1.37005
109.604
165.776
167.831
142.485
129.47
113.714
60.2822
-16.4406
-86.9982
-155.501
-224.688
-278.12
-341.143
-452.117
-587.752
-693.931
-772.024
-861.762
-961.776
-1038.5
-1051.51
-1015.21
-963.831
-882.313
-754.898
-599.397
-434.306
-271.955
-125.36
-13.7005
66.4475
121.249
156.186
153.446
116.454
78.7779
67.1325
61.6523
43.8416
42.4716
66.4475
91.7934
108.234
125.36
128.1
99.3287
40.4165
-28.7711
-100.699
-176.052
-241.814
-285.656
-291.821
-269.9
-208.248
-86.3132
69.8726
218.523
336.347
453.487
587.067
704.206
750.788
780.244
906.974
1061.1
1115.91
1113.17
1214.55
1387.18
1467.32
1439.24
1437.18
1506.37
1487.88
1302.92
1073.43
911.769
752.843
554.871
373.339
237.019
156.871
180.847
290.451
363.063
384.299
467.187
611.728
667.215
589.807
501.439
469.242
387.039
198.657
36.3063
-4.79518
-32.1962
-126.045
-174.681
-93.8485
-0.685025
13.0155
10.9604
47.2667
54.802
-30.1411
-141.8
-225.373
-326.757
-479.518
-603.507
-665.845
-743.253
-843.951
-877.517
-852.857
-871.352
-935.745
-961.776
-965.201
-1020
-1117.96
-1176.19
-1170.71
-1169.34
-1171.39
-1124.13
-1019.32
-908.344
-806.275
-676.12
-536.375
-443.896
-390.464
-327.442
-278.805
-300.041
-371.284
-417.18
-424.031
-434.306
-460.337
-459.652
-417.18
-363.748
-313.742
-258.94
-212.358
-196.602
-191.122
-165.091
-152.076
-182.217
-212.358
-195.232
-135.635
-84.9431
-32.1962
54.117
165.776
258.94
315.112
365.119
403.48
404.165
376.079
323.332
247.294
166.461
107.549
70.5576
58.2272
71.9277
117.139
202.082
292.506
361.008
423.346
484.998
508.974
487.053
437.731
378.134
310.316
241.129
177.422
129.47
144.54
200.712
263.05
340.458
425.401
495.273
548.02
595.287
593.917
606.247
687.765
732.292
664.475
580.216
624.058
732.977
769.283
743.938
787.779
915.194
971.366
880.943
769.283
719.277
641.184
508.289
370.599
279.49
233.594
241.814
274.695
289.081
319.907
398
480.203
483.628
414.44
337.717
267.845
127.415
-74.6678
-217.838
-288.396
-391.834
-533.635
-587.067
-535.69
-479.518
-459.652
-418.55
-330.182
-253.459
-252.089
-296.616
-328.127
-374.709
-459.652
-542.54
-605.562
-672.01
-722.702
-726.812
-731.607
-763.118
-776.134
-753.528
-735.032
-754.213
-774.764
-745.993
-709.001
-728.182
-756.268
-723.387
-658.994
-649.404
-662.42
-632.963
-586.382
-560.351
-551.445
-528.84
-504.179
-482.258
-448.692
-378.819
-287.711
-219.208
-141.8
-49.3218
21.9208
54.802
101.384
153.446
163.036
132.21
92.4784
80.148
52.0619
-8.90533
-58.2272
-63.0223
-57.5421
-47.2667
-0.685025
60.2822
97.2736
123.305
150.021
154.131
113.029
54.802
16.4406
-5.4802
-26.716
-37.6764
-11.6454
40.4165
101.384
189.752
315.112
428.141
491.848
537.06
589.807
624.058
593.232
528.155
449.377
350.733
256.199
173.311
121.935
100.699
86.9982
94.5335
143.855
223.318
286.341
328.127
350.048
332.922
286.341
246.609
197.972
170.571
250.719
383.614
475.408
559.666
743.938
989.862
1160.43
1244.69
1335.8
1455.68
1473.49
1296.07
1039.87
844.636
654.199
403.48
156.186
-2.7401
-56.1721
-32.1962
17.1256
45.8967
59.5972
86.3132
89.7383
11.6454
-145.225
-322.647
-495.273
-695.986
-909.714
-1040.55
-1042.61
-998.082
-944.65
-802.85
-556.926
-305.521
-108.234
73.9827
243.184
337.717
329.497
260.31
182.217
91.7934
-36.9914
-147.965
-192.492
-214.413
-237.019
-243.184
-239.074
-259.625
-306.891
-369.229
-487.053
-673.38
-869.297
-1025.48
-1154.27
-1281
-1386.49
-1396.77
-1327.58
-1246.06
-1140.57
-954.24
-709.001
-500.754
-326.072
-151.391
4.79518
106.179
142.485
163.721
187.012
213.043
221.263
215.783
217.153
231.539
257.57
250.034
180.847
76.0378
-1.37005
-54.802
-147.965
-302.781
-438.416
-502.809
-548.705
-589.807
-593.917
-551.445
-486.368
-427.456
-352.788
-239.759
-126.73
-48.6368
19.8657
96.5886
165.091
231.539
305.521
378.134
461.022
563.091
674.75
776.134
853.542
904.918
932.319
927.524
870.667
767.913
647.349
515.139
369.914
215.783
79.4629
-24.6609
-93.8485
-124.675
-130.84
-114.399
-82.203
-30.8261
33.5662
102.069
154.131
219.893
385.669
615.153
765.858
818.605
928.894
1130.29
1278.94
1293.33
1274.83
1324.84
1361.83
1252.23
1032.33
841.896
698.041
519.249
304.836
138.375
56.1721
40.4165
56.1721
60.2822
57.5421
70.5576
74.6678
23.2909
-90.4233
-217.153
-317.167
-434.991
-588.437
-671.325
-648.719
-604.192
-576.791
-498.698
-321.277
-132.21
-33.5662
19.1807
96.5886
147.28
92.4784
-23.9759
-106.864
-152.761
-226.058
-324.702
-393.89
-418.55
-433.621
-454.172
-493.218
-547.335
-607.617
-693.931
-800.11
-927.524
-1067.27
-1169.34
-1226.2
-1261.13
-1263.19
-1183.72
-1039.18
-907.659
-804.905
-689.135
-554.871
-469.927
-456.227
-473.353
-454.172
-406.22
-401.425
-407.59
-334.977
-210.988
-105.494
-14.3855
72.6127
158.926
231.539
250.034
193.177
107.549
7.53528
-113.714
-224.003
-311.687
-369.229
-363.748
-306.891
-231.539
-119.194
30.1411
163.721
258.255
321.277
356.213
352.788
306.206
226.058
147.28
119.194
119.879
116.454
150.706
253.459
381.559
493.218
589.122
682.97
778.189
850.116
841.211
765.173
678.175
572.681
445.266
308.946
200.027
130.84
82.8881
73.9827
101.384
156.186
201.397
214.413
222.633
234.964
235.649
213.728
276.065
501.439
738.457
843.266
902.863
1080.28
1326.89
1433.07
1371.42
1344.7
1420.06
1390.6
1120.02
789.149
591.862
445.952
217.153
-40.4165
-181.532
-168.516
-105.494
-102.754
-125.36
-101.384
-62.3373
-110.974
-259.625
-396.63
-487.053
-576.791
-700.096
-779.559
-719.277
-600.082
-523.359
-448.007
-278.12
-68.5025
62.3373
105.494
130.84
159.611
136.32
39.7315
-47.9518
-78.0929
-101.384
-158.241
-221.263
-259.625
-281.545
-328.127
-443.896
-614.468
-781.614
-939.17
-1143.99
-1381.7
-1558.43
-1620.77
-1594.74
-1548.84
-1463.21
-1272.09
-1011.1
-780.244
-621.318
-475.408
-344.568
-291.136
-321.277
-369.914
-374.709
-348.678
-330.867
-309.631
-232.224
-90.4233
73.2977
212.358
303.466
354.158
378.134
350.048
249.349
116.454
-22.6058
-163.721
-293.191
-392.52
-404.165
-322.647
-222.633
-127.415
5.4802
171.941
291.821
328.127
326.757
334.977
334.977
304.836
258.94
239.074
262.365
315.797
392.52
496.643
617.893
736.402
838.471
903.548
936.43
940.54
901.493
826.141
729.552
639.129
558.981
471.297
399.37
367.174
354.843
335.662
292.506
241.814
200.712
135.635
39.7315
-39.7315
-83.5731
-122.62
-182.902
-238.389
-247.294
-213.043
-191.807
-185.642
-153.446
-91.7934
-4.11015
133.58
337.717
572.681
763.118
924.784
1109.06
1290.59
1404.99
1414.58
1393.34
1378.27
1278.94
1041.92
738.457
465.817
247.294
29.4561
-171.941
-293.876
-321.962
-306.891
-308.261
-326.757
-357.583
-412.385
-539.8
-714.481
-861.077
-982.326
-1093.99
-1167.97
-1158.38
-1040.55
-866.557
-685.025
-480.203
-253.459
-29.4561
143.855
240.444
280.86
260.995
171.941
54.117
-54.802
-134.95
-194.547
-246.609
-282.23
-284.971
-289.081
-337.032
-441.156
-586.382
-750.788
-936.43
-1143.99
-1342.65
-1491.3
-1554.32
-1544.73
-1478.28
-1334.43
-1121.39
-865.187
-602.822
-364.433
-146.595
40.4165
162.351
227.428
276.75
321.962
368.544
405.535
447.322
504.864
569.256
619.263
643.924
625.428
548.705
434.991
295.931
144.54
-20.5508
-184.957
-346.623
-463.077
-488.423
-466.502
-437.731
-382.244
-315.112
-241.814
-152.761
-91.7934
-50.6919
3.42513
36.9914
65.7624
129.47
219.893
328.127
478.833
644.609
801.48
964.516
1086.45
1138.51
1156.32
1137.14
1046.72
899.438
739.142
580.216
440.471
319.907
204.138
134.95
121.935
111.659
112.344
131.525
134.265
119.879
96.5886
39.0464
-22.6058
-62.3373
-100.014
-116.454
-95.2185
-75.3528
-42.4716
36.3063
128.1
222.633
306.206
380.874
482.943
562.406
542.54
546.65
673.38
748.733
700.096
649.404
682.285
729.552
687.08
541.855
424.716
415.81
345.938
154.131
-11.6454
-86.3132
-151.391
-243.184
-363.748
-447.322
-437.731
-456.912
-570.626
-640.499
-616.523
-643.924
-746.678
-811.07
-778.874
-715.851
-704.206
-701.466
-616.523
-476.778
-389.779
-336.347
-260.31
-181.532
-124.675
-110.974
-134.265
-156.186
-127.415
-117.824
-158.241
-180.847
-150.706
-123.99
-154.131
-197.287
-212.358
-230.854
-321.962
-462.392
-574.051
-654.884
-759.008
-873.407
-948.76
-976.161
-966.571
-950.13
-925.469
-864.502
-767.913
-661.049
-559.666
-484.313
-394.575
-263.735
-158.926
-67.1325
31.5112
121.935
211.673
296.616
369.914
427.456
456.912
445.952
425.401
415.125
393.205
361.693
348.678
347.308
368.544
404.85
428.141
441.156
450.062
455.542
447.322
417.865
378.819
345.253
326.072
306.891
303.466
337.717
387.724
433.621
487.053
552.815
606.932
615.153
583.642
539.8
483.628
399.37
289.766
193.862
130.155
74.6678
25.3459
0.685025
4.79518
3.42513
-13.0155
-33.5662
-51.3769
-89.7383
-141.115
-206.878
-253.459
-256.199
-225.373
-135.635
30.1411
287.711
511.029
678.86
833.676
1006.99
1122.07
1120.02
1049.46
987.122
911.084
737.772
539.115
378.819
291.821
181.532
53.432
-24.6609
-39.0464
-58.2272
-134.95
-211.673
-277.435
-357.583
-501.439
-651.459
-728.867
-742.567
-755.583
-751.473
-659.679
-502.809
-355.528
-279.49
-220.578
-151.391
-131.525
-191.122
-276.75
-312.372
-332.237
-361.693
-367.859
-317.852
-219.208
-133.58
-94.5335
-73.9827
-56.8571
-93.1634
-203.453
-361.008
-519.249
-663.105
-804.905
-915.194
-960.406
-920.674
-846.006
-770.654
-682.285
-586.382
-496.643
-458.967
-466.502
-502.809
-535.005
-576.791
-606.247
-588.437
-513.769
-392.52
-242.499
-52.0619
147.965
328.812
447.322
504.864
527.47
511.714
434.991
327.442
238.389
185.642
180.847
205.508
247.979
334.292
437.046
503.494
531.58
541.17
502.124
422.661
324.702
203.453
108.919
55.4871
17.8107
8.2203
54.117
128.785
220.578
316.482
387.039
436.361
474.723
485.683
463.077
428.826
382.929
352.788
347.993
345.938
354.158
382.244
411.7
424.031
434.306
437.046
417.865
373.339
308.946
243.184
192.492
152.761
102.754
66.4475
54.802
51.3769
44.5266
29.4561
1.37005
-34.9363
-69.1876
-105.494
-130.155
-139.745
-147.965
-145.91
-109.604
-51.3769
-8.2203
29.4561
71.9277
108.919
139.745
145.225
128.1
119.194
119.879
106.179
93.1634
106.864
127.415
139.745
148.651
150.021
146.595
134.265
84.9431
8.90533
-60.9673
-128.785
-209.618
-294.561
-361.693
-410.33
-439.786
-462.392
-483.628
-484.998
-477.463
-482.943
-487.053
-483.628
-487.738
-493.218
-489.108
-484.998
-474.038
-454.857
-435.676
-404.85
-354.158
-300.041
-258.255
-213.728
-169.886
-128.1
-96.5886
-90.4233
-97.2736
-109.604
-129.47
-160.981
-204.138
-237.704
-264.42
-291.821
-319.222
-341.143
-345.938
-340.458
-333.607
-317.167
-291.821
-261.68
-239.759
-219.208
-186.327
-147.965
-93.8485
-34.2513
22.6058
95.2185
176.737
251.404
318.537
377.449
417.865
439.786
447.322
436.361
419.236
402.795
371.284
339.088
321.962
311.687
301.411
288.396
277.435
271.27
256.885
232.224
210.988
198.657
187.012
168.516
162.351
171.941
191.807
228.113
267.845
308.946
361.008
406.22
440.471
469.242
484.313
487.738
482.258
476.778
477.463
482.258
490.478
492.533
489.108
483.628
469.242
441.841
408.96
363.748
298.671
212.358
119.194
35.6213
-35.6213
-101.384
-158.926
-194.547
-217.838
-221.948
-209.618
-202.082
-192.492
-186.327
-193.177
-205.508
-222.633
-241.129
-263.735
-290.451
-300.726
-291.136
-266.475
-228.798
-190.437
-150.021
-115.084
-91.7934
-84.2581
-97.2736
-137.005
-193.177
-264.42
-339.088
-407.59
-470.612
-524.729
-560.351
-586.382
-600.767
-598.712
-584.327
-565.146
-543.91
-527.47
-523.359
-524.044
-522.674
-515.824
-501.439
-471.297
-426.086
-374.709
-305.521
-228.113
-153.446
-77.4079
-11.6454
38.3614
76.0378
99.3287
111.659
121.249
122.62
121.935
121.935
119.194
106.179
92.4784
81.518
70.5576
57.5421
45.8967
34.9363
21.2358
6.16523
-17.1256
-34.9363
-38.3614
-35.6213
-17.8107
18.4957
62.3373
113.714
169.201
216.468
266.475
325.387
378.134
428.826
473.353
506.234
532.95
558.981
582.957
596.657
594.602
576.791
552.815
528.84
502.809
478.148
461.707
450.062
441.156
424.716
399.37
370.599
339.773
300.041
252.774
214.413
176.737
137.005
100.699
59.5972
21.2358
-12.3305
-41.1015
-60.2822
-69.8726
-73.2977
-75.3528
-69.1876
-60.9673
-57.5421
-65.7624
-78.0929
-93.1634
-105.494
-119.879
-140.43
-154.131
-156.871
-156.186
-158.241
-163.721
-173.996
-177.422
-182.217
-193.177
-205.508
-221.263
-237.704
-257.57
-271.955
-284.971
-291.821
-295.246
-297.986
-290.451
-277.435
-262.365
-252.774
-241.814
-230.169
-221.263
-210.303
-197.287
-178.792
-152.076
-125.36
-100.699
-76.0378
-56.1721
-42.4716
-34.9363
-34.2513
-31.5112
-29.4561
-39.0464
-48.6368
-53.432
-59.5972
-63.0223
-71.9277
-84.9431
-92.4784
-97.2736
-106.864
-119.879
-130.155
-140.43
-146.595
-148.651
-147.965
-143.17
-137.005
-132.21
-123.305
-98.6436
-71.9277
-46.5817
-26.031
-5.4802
14.3855
34.9363
52.747
65.7624
88.3683
110.289
135.635
164.406
184.957
205.508
217.838
221.263
220.578
212.358
194.547
173.996
144.54
113.714
91.1084
67.1325
50.6919
44.5266
45.2117
52.0619
60.2822
64.3924
69.1876
75.3528
77.4079
80.148
80.833
87.6832
101.384
119.194
141.8
163.721
182.902
206.193
225.373
235.649
244.554
243.869
230.169
215.783
192.492
167.831
147.28
121.249
96.5886
71.2426
46.5817
20.5508
-7.53528
-36.3063
-65.0774
-92.4784
-114.399
-139.745
-169.201
-180.162
-188.382
-191.122
-182.902
-173.311
-153.446
-121.935
-95.9035
-63.7074
-25.3459
4.11015
30.8261
50.0069
56.1721
63.7074
63.7074
56.8571
47.2667
32.8812
18.4957
6.85025
-2.7401
-4.79518
-6.85025
-15.0706
-25.3459
-36.9914
-44.5266
-52.0619
-63.7074
-66.4475
-64.3924
-61.6523
-47.9518
-32.1962
-20.5508
1.37005
21.2358
41.1015
66.4475
84.2581
91.7934
99.3287
104.124
108.919
113.029
104.124
87.6832
69.1876
46.5817
21.9208
-10.2754
-43.1566
-81.518
-124.675
-165.776
-206.878
-243.184
-274.695
-306.206
-332.237
-347.993
-359.638
-363.063
-366.489
-367.859
-358.953
-342.513
-324.017
-303.466
-277.435
-250.719
-222.633
-197.972
-167.831
-138.375
-106.864
-76.7228
-52.0619
-25.3459
-0.685025
20.5508
39.7315
58.9122
71.2426
80.148
80.148
80.148
78.7779
74.6678
69.1876
65.7624
66.4475
73.2977
84.2581
94.5335
113.029
132.21
154.131
180.162
207.563
236.334
265.105
289.081
311.687
332.237
345.938
354.158
356.898
352.788
347.993
339.773
329.497
318.537
307.576
298.671
292.506
286.341
281.545
273.325
265.105
258.94
247.979
233.594
217.838
197.287
178.107
159.611
140.43
126.73
113.714
100.699
90.4233
81.518
73.9827
66.4475
53.432
38.3614
23.2909
6.16523
-14.3855
-34.9363
-52.0619
-70.5576
-90.4233
-108.234
-126.045
-139.06
-153.446
-169.886
-187.697
-201.397
-216.468
-230.169
-240.444
-246.609
-246.609
-245.239
-237.019
-222.633
-203.453
-183.587
-162.351
-141.115
-119.194
-100.014
-87.6832
-81.518
-79.4629
-83.5731
-100.014
-119.194
-141.115
-164.406
-187.012
-210.303
-228.113
-247.294
-264.42
-283.6
-303.466
-323.332
-344.568
-367.174
-389.779
-406.905
-419.921
-429.511
-436.361
-434.306
-426.771
-414.44
-399.37
-381.559
-355.528
-329.497
-306.206
-280.86
-249.349
-215.098
-180.847
-144.54
-100.014
-51.3769
-6.85025
40.4165
90.4233
134.95
171.256
201.397
225.373
241.129
245.924
244.554
239.759
236.334
237.704
246.609
260.995
284.971
311.687
337.032
367.174
395.26
424.031
454.172
474.723
491.848
511.714
530.21
546.65
565.831
587.067
609.673
627.483
636.389
642.554
641.869
625.428
598.027
566.516
527.47
478.833
424.716
369.229
313.057
256.885
198.657
143.17
97.2736
50.6919
2.7401
-34.2513
-63.7074
-92.4784
-114.399
-129.47
-141.115
-145.91
-145.225
-139.06
-126.73
-111.659
-98.6436
-83.5731
-73.2977
-69.8726
-68.5025
-77.4079
-96.5886
-121.935
-151.391
-180.162
-211.673
-249.349
-287.711
-332.237
-376.764
-420.606
-463.762
-500.069
-537.745
-574.736
-595.972
-610.358
-622.003
-622.003
-617.208
-607.617
-587.752
-565.146
-535.005
-498.698
-465.132
-426.086
-378.134
-329.497
-280.175
-232.909
-191.122
-152.076
-117.824
-82.203
-46.5817
-17.8107
0.685025
12.3305
19.8657
21.2358
17.1256
10.9604
4.11015
-2.7401
-8.2203
-9.59035
-8.90533
-0.685025
13.7005
29.4561
49.3218
71.2426
93.8485
116.454
141.8
162.351
186.327
210.303
231.539
256.885
284.286
306.891
326.072
350.048
372.654
393.89
408.275
416.495
421.976
425.401
416.495
403.48
389.094
364.433
341.143
317.167
295.931
278.805
258.94
237.019
213.728
193.862
171.941
150.706
130.155
110.289
92.4784
74.6678
62.3373
55.4871
47.2667
40.4165
29.4561
19.8657
15.7556
13.0155
13.0155
13.7005
10.9604
8.90533
8.2203
4.79518
-2.7401
-13.7005
-28.7711
-41.7865
-52.0619
-63.0223
-76.0378
-86.9982
-100.014
-110.289
-117.824
-128.785
-135.635
-139.06
-139.745
-139.06
-137.69
-133.58
-129.47
-123.305
-121.935
-121.249
-115.769
-111.659
-104.809
-96.5886
-92.4784
-89.7383
-88.3683
-89.0533
-88.3683
-91.7934
-94.5335
-97.2736
-98.6436
-102.069
-105.494
-110.974
-116.454
-120.564
-122.62
-123.305
-121.935
-117.824
-112.344
-107.549
-102.754
-93.8485
-83.5731
-77.4079
-71.9277
-64.3924
-56.1721
-47.9518
-39.7315
-25.3459
-12.3305
-2.7401
6.85025
13.7005
22.6058
23.9759
27.401
33.5662
41.1015
46.5817
54.802
61.6523
57.5421
50.0069
40.4165
33.5662
31.5112
32.8812
41.7865
53.432
57.5421
56.1721
53.432
43.8416
35.6213
29.4561
23.9759
23.9759
28.086
31.5112
36.3063
37.6764
29.4561
17.1256
6.16523
-4.11015
-15.0706
-21.2358
-29.4561
-35.6213
-39.7315
-45.2117
-50.6919
-57.5421
-65.0774
-72.6127
-77.4079
-76.0378
-69.1876
-62.3373
-55.4871
-46.5817
-41.7865
-35.6213
-26.031
-17.8107
-9.59035
-1.37005
2.05508
5.4802
13.0155
19.1807
29.4561
42.4716
54.117
64.3924
70.5576
74.6678
78.7779
80.148
78.7779
84.9431
91.7934
97.9586
101.384
106.179
110.289
110.289
110.289
112.344
117.824
121.249
125.36
132.895
140.43
142.485
140.43
139.06
133.58
128.1
129.47
129.47
128.1
128.1
121.935
111.659
103.439
93.8485
85.6282
82.203
81.518
83.5731
87.6832
89.7383
85.6282
76.0378
60.9673
43.8416
29.4561
17.8107
7.53528
-6.16523
-19.8657
-40.4165
-65.7624
-85.6282
-103.439
-121.935
-137.005
-145.225
-146.595
-145.91
-144.54
-143.855
-147.28
-153.446
-160.296
-167.146
-171.941
-176.052
-179.477
-182.217
-184.957
-190.437
-195.232
-200.712
-204.138
-200.712
-191.122
-181.532
-168.516
-156.871
-147.965
-143.17
-138.375
-131.525
-131.525
-132.21
-131.525
-132.21
-132.21
-126.73
-121.249
-116.454
-114.399
-115.084
-113.714
-112.344
-106.179
-97.9586
-91.7934
-87.6832
-85.6282
-80.833
-74.6678
-69.8726
-64.3924
-58.9122
-53.432
-43.8416
-28.7711
-14.3855
4.11015
19.8657
29.4561
41.1015
52.747
63.7074
74.6678
85.6282
97.9586
108.234
117.139
130.155
145.225
158.926
169.886
176.737
185.642
197.287
207.563
216.468
224.003
225.373
224.003
221.948
217.838
213.728
211.673
210.988
210.988
208.933
203.453
196.602
192.492
193.177
196.602
200.712
205.508
207.563
210.303
213.043
216.468
219.893
220.578
217.838
213.043
206.878
201.397
193.177
179.477
163.721
149.336
133.58
120.564
104.809
87.6832
73.9827
58.9122
41.1015
27.401
12.3305
-2.05508
-13.0155
-26.031
-37.6764
-44.5266
-47.9518
-50.6919
-52.0619
-58.9122
-67.1325
-73.9827
-77.4079
-79.4629
-82.8881
-91.7934
-102.754
-116.454
-131.525
-147.28
-165.776
-184.272
-204.823
-229.483
-251.404
-267.845
-280.86
-291.821
-300.041
-308.946
-317.167
-324.702
-332.237
-338.403
-339.088
-334.977
-330.182
-322.647
-314.427
-308.261
-307.576
-308.261
-305.521
-303.466
-298.671
-293.876
-289.081
-281.545
-269.215
-253.459
-236.334
-214.413
-195.232
-178.107
-160.981
-143.17
-122.62
-95.9035
-67.8175
-39.7315
-12.3305
12.3305
34.9363
56.1721
77.4079
95.2185
108.234
117.824
121.935
122.62
121.935
121.935
119.879
116.454
110.974
105.494
102.069
102.069
102.069
104.809
113.714
126.73
143.17
162.351
184.272
208.248
230.854
254.144
274.695
292.506
309.631
320.592
330.867
342.513
353.473
366.489
377.449
384.984
393.89
397.315
397.315
392.52
380.189
369.229
358.953
345.253
332.922
318.537
302.781
289.081
273.325
257.57
241.814
224.688
212.358
202.082
191.122
182.902
173.311
160.981
145.91
123.99
103.439
83.5731
61.6523
39.0464
17.8107
0.685025
-13.7005
-28.086
-39.0464
-50.6919
-63.7074
-77.4079
-90.4233
-106.864
-121.249
-134.95
-153.446
-176.052
-202.768
-227.428
-247.979
-266.475
-282.23
-295.931
-308.261
-317.852
-327.442
-337.717
-348.678
-365.119
-380.874
-394.575
-405.535
-413.07
-423.346
-432.251
-439.101
-444.581
-443.896
-437.731
-429.511
-421.291
-406.22
-389.094
-367.859
-349.363
-336.347
-322.647
-306.891
-293.191
-278.12
-259.625
-242.499
-223.318
-198.657
-174.681
-153.446
-135.635
-120.564
-104.124
-91.1084
-77.4079
-61.6523
-48.6368
-37.6764
-27.401
-14.3855
1.37005
15.0706
28.7711
48.6368
71.2426
95.9035
119.879
142.485
165.776
184.272
202.082
219.893
232.909
245.239
260.995
274.695
287.711
303.466
313.057
321.962
327.442
328.127
325.387
318.537
311.687
310.316
308.946
311.687
313.057
312.372
315.797
316.482
315.797
315.797
312.372
311.002
311.687
316.482
325.387
333.607
335.662
334.977
333.607
330.867
326.757
318.537
313.057
304.836
291.821
276.75
260.31
243.869
225.373
201.397
176.737
155.501
131.525
108.919
87.6832
65.0774
48.6368
30.1411
6.16523
-13.7005
-31.5112
-54.117
-72.6127
-91.1084
-106.179
-121.249
-141.8
-156.871
-169.201
-184.272
-197.972
-205.508
-213.043
-217.838
-228.798
-244.554
-256.199
-269.9
-283.6
-294.561
-300.726
-303.466
-309.631
-317.852
-325.387
-330.867
-337.032
-350.048
-360.323
-365.119
-369.914
-373.339
-375.394
-371.284
-363.063
-358.953
-354.158
-339.088
-324.702
-315.112
-303.466
-293.191
-279.49
-266.475
-254.829
-236.334
-215.783
-200.712
-185.642
-169.886
-152.761
-133.58
-118.509
-102.754
-83.5731
-63.7074
-45.8967
-30.1411
-15.0706
-0.685025
10.9604
23.9759
39.7315
56.8571
71.2426
82.8881
97.2736
112.344
126.73
136.32
144.54
153.446
164.406
174.681
191.122
204.138
215.098
219.893
221.948
225.373
225.373
229.483
234.964
237.704
240.444
238.389
234.964
230.169
221.948
213.728
207.563
206.878
205.508
206.878
210.303
206.193
203.453
197.972
191.807
189.752
187.697
189.067
191.122
193.177
191.122
185.642
179.477
171.256
163.036
154.131
145.91
137.69
128.785
116.454
104.124
88.3683
69.1876
52.0619
33.5662
15.0706
-0.685025
-15.7556
-24.6609
-30.1411
-38.3614
-44.5266
-50.6919
-54.802
-53.432
-53.432
-51.3769
-42.4716
-35.6213
-30.1411
-23.2909
-19.8657
-19.8657
-19.8657
-18.4957
-14.3855
-4.79518
4.11015
8.2203
9.59035
5.4802
0.685025
-6.85025
-15.0706
-19.8657
-28.086
-37.6764
-47.9518
-56.8571
-63.7074
-71.9277
-79.4629
-87.6832
-95.2185
-97.2736
-100.699
-101.384
-100.014
-101.384
-98.6436
-94.5335
-94.5335
-93.1634
-96.5886
-98.6436
-95.9035
-96.5886
-97.2736
-97.9586
-104.124
-115.084
-121.249
-128.785
-137.69
-144.54
-155.501
-167.146
-176.737
-192.492
-203.453
-215.783
-228.798
-236.334
-241.129
-245.924
-245.924
-239.759
-230.854
-221.263
-211.673
-200.712
-190.437
-182.902
-176.737
-169.201
-159.611
-152.761
-142.485
-129.47
-117.139
-106.864
-99.3287
-93.1634
-86.3132
-78.0929
-70.5576
-56.8571
-44.5266
-33.5662
-21.2358
-10.2754
-4.11015
3.42513
10.2754
19.8657
34.2513
47.2667
63.7074
82.203
99.3287
117.824
137.005
155.501
178.107
198.657
217.153
239.074
261.68
282.23
300.041
312.372
329.497
348.678
363.748
377.449
384.984
384.984
374.024
361.693
356.213
356.898
352.103
341.828
331.552
316.482
297.301
280.86
270.585
266.475
260.995
252.774
247.979
241.814
230.854
221.263
215.098
210.988
204.138
197.287
191.807
184.272
175.366
165.776
161.666
159.611
153.446
142.485
125.36
104.809
84.9431
63.7074
43.8416
24.6609
0.685025
-27.401
-52.0619
-75.3528
-95.9035
-118.509
-141.115
-160.296
-177.422
-196.602
-215.783
-233.594
-248.664
-265.105
-285.656
-302.096
-315.112
-329.497
-341.143
-344.568
-347.993
-351.418
-356.898
-366.489
-374.024
-382.929
-391.834
-391.149
-393.205
-400.74
-412.385
-424.031
-435.676
-441.841
-441.156
-434.991
-421.976
-417.865
-410.33
-402.795
-401.425
-396.63
-386.354
-367.859
-345.938
-321.277
-300.041
-283.6
-270.585
-258.255
-239.074
-209.618
-171.256
-128.785
-94.5335
-67.8175
-46.5817
-25.3459
-3.42513
20.5508
47.9518
80.833
109.604
130.155
150.706
168.516
184.957
205.508
226.058
251.404
278.805
300.041
321.277
340.458
353.473
363.748
375.394
386.354
402.795
417.865
424.716
430.881
430.196
430.881
434.306
436.361
441.841
451.432
458.282
458.282
450.747
435.676
419.236
407.59
391.834
383.614
382.929
374.709
352.788
321.277
295.246
278.805
265.105
253.459
246.609
235.649
215.098
185.642
156.186
137.005
117.824
93.1634
71.2426
51.3769
30.1411
13.0155
-5.4802
-27.401
-46.5817
-65.7624
-87.6832
-103.439
-113.714
-122.62
-132.21
-151.391
-172.626
-185.642
-193.862
-202.768
-217.838
-228.113
-239.074
-247.294
-249.349
-250.719
-247.294
-250.719
-266.475
-286.341
-296.616
-299.356
-296.616
-284.971
-277.435
-274.695
-278.12
-289.081
-300.041
-295.931
-279.49
-269.215
-263.735
-260.995
-260.995
-263.735
-271.27
-272.64
-256.199
-238.389
-233.594
-225.373
-219.208
-223.318
-224.688
-222.633
-210.988
-187.697
-172.626
-164.406
-147.965
-138.375
-127.415
-104.124
-86.9982
-71.9277
-52.0619
-41.1015
-38.3614
-26.716
-16.4406
-6.16523
16.4406
31.5112
33.5662
37.6764
47.2667
61.6523
78.0929
89.7383
100.699
115.769
118.509
128.1
193.862
258.94
250.719
220.578
200.712
165.776
117.824
102.754
156.186
228.113
212.358
143.17
126.045
126.73
98.6436
114.399
202.082
269.9
271.27
245.924
230.854
218.523
176.052
141.8
160.981
184.957
181.532
186.327
203.453
183.587
139.745
121.249
125.36
139.745
168.516
202.082
215.098
189.752
143.17
102.069
80.148
71.2426
67.1325
83.5731
98.6436
92.4784
78.7779
73.2977
68.5025
52.0619
36.3063
23.2909
17.1256
17.1256
14.3855
13.7005
13.7005
-3.42513
-32.1962
-45.8967
-54.117
-60.9673
-54.117
-39.7315
-30.8261
-42.4716
-56.8571
-67.1325
-81.518
-100.014
-108.234
-98.6436
-84.9431
-82.203
-76.0378
-72.6127
-84.2581
-100.699
-106.179
-106.864
-112.344
-117.139
-125.36
-126.045
-121.249
-123.305
-118.509
-119.879
-133.58
-141.8
-147.965
-154.816
-156.186
-147.965
-139.06
-137.005
-137.69
-143.17
-148.651
-153.446
-157.556
-152.761
-152.076
-152.076
-143.855
-137.005
-139.06
-142.485
-138.375
-129.47
-119.879
-112.344
-107.549
-104.809
-108.234
-106.864
-97.9586
-91.7934
-84.2581
-73.2977
-63.7074
-62.3373
-67.1325
-66.4475
-51.3769
-38.3614
-32.1962
-23.9759
-10.9604
1.37005
6.85025
9.59035
10.2754
18.4957
27.401
29.4561
38.3614
52.747
62.3373
73.2977
89.0533
100.014
103.439
107.549
115.769
124.675
129.47
137.69
147.28
158.241
161.666
163.721
170.571
180.847
187.697
188.382
190.437
190.437
188.382
187.697
187.012
183.587
178.792
168.516
156.871
150.021
145.91
142.485
149.336
163.721
173.311
174.681
167.831
159.611
147.965
130.84
123.99
126.045
126.045
128.785
131.525
119.879
99.3287
86.3132
75.3528
69.8726
66.4475
62.3373
52.0619
37.6764
23.2909
9.59035
-1.37005
-13.7005
-23.9759
-36.3063
-50.6919
-59.5972
-62.3373
-65.0774
-70.5576
-78.0929
-87.6832
-93.1634
-96.5886
-99.3287
-104.124
-107.549
-111.659
-117.824
-128.785
-136.32
-136.32
-136.32
-136.32
-139.745
-141.8
-142.485
-143.17
-142.485
-145.91
-151.391
-156.186
-156.871
-156.871
-159.611
-163.036
-170.571
-180.847
-183.587
-182.902
-180.162
-165.776
-152.761
-144.54
-141.115
-140.43
-138.375
-131.525
-116.454
-102.069
-88.3683
-77.4079
-76.0378
-78.7779
-83.5731
-80.833
-67.8175
-48.6368
-32.1962
-19.1807
-11.6454
-10.9604
-19.1807
-26.031
-32.1962
-32.1962
-20.5508
-4.11015
14.3855
28.086
36.3063
36.9914
34.9363
36.3063
37.6764
41.7865
50.6919
60.9673
67.8175
76.0378
79.4629
82.8881
87.6832
89.7383
89.7383
89.7383
90.4233
90.4233
98.6436
108.919
117.824
125.36
128.785
126.73
126.045
126.73
128.1
131.525
132.21
133.58
133.58
133.58
130.155
126.045
125.36
120.564
114.399
110.974
103.439
100.014
98.6436
101.384
110.289
116.454
117.824
113.714
107.549
98.6436
90.4233
86.3132
82.203
82.8881
84.2581
81.518
77.4079
70.5576
60.9673
57.5421
52.0619
47.9518
43.1566
36.9914
28.7711
21.2358
14.3855
3.42513
-3.42513
-6.85025
-9.59035
-10.2754
-10.9604
-15.7556
-26.031
-37.6764
-52.747
-63.7074
-71.2426
-73.9827
-73.9827
-76.7228
-80.148
-87.6832
-98.6436
-108.919
-117.139
-120.564
-123.305
-120.564
-117.139
-121.935
-129.47
-134.95
-142.485
-149.336
-149.336
-146.595
-145.225
-137.69
-128.1
-122.62
-118.509
-117.824
-117.139
-117.824
-121.249
-123.99
-125.36
-128.785
-130.155
-130.84
-128.785
-125.36
-124.675
-121.249
-118.509
-119.879
-120.564
-117.139
-113.029
-104.124
-93.8485
-82.8881
-71.9277
-67.1325
-60.9673
-58.2272
-59.5972
-58.2272
-50.6919
-39.7315
-23.2909
-3.42513
16.4406
33.5662
46.5817
55.4871
65.7624
73.2977
80.148
90.4233
99.3287
105.494
109.604
111.659
108.919
109.604
108.234
106.179
108.919
111.659
114.399
116.454
119.879
121.935
126.045
128.1
132.21
139.06
143.17
150.021
157.556
165.776
172.626
177.422
179.477
178.792
175.366
170.571
166.461
163.036
163.036
163.036
162.351
162.351
159.611
150.706
141.115
128.785
117.139
109.604
104.124
97.9586
93.8485
87.6832
79.4629
69.1876
56.8571
42.4716
31.5112
21.2358
13.7005
8.90533
4.11015
0.685025
-4.11015
-9.59035
-16.4406
-23.9759
-34.2513
-45.2117
-54.802
-65.0774
-73.9827
-80.833
-84.2581
-89.0533
-97.2736
-106.864
-117.824
-130.84
-143.855
-154.131
-162.351
-167.831
-169.886
-170.571
-172.626
-177.422
-183.587
-191.122
-197.972
-203.453
-207.563
-207.563
-204.823
-200.712
-195.232
-189.752
-187.012
-186.327
-185.642
-185.642
-183.587
-178.792
-171.256
-160.981
-150.021
-137.69
-124.675
-111.659
-102.754
-95.2185
-85.6282
-75.3528
-68.5025
-56.8571
-45.8967
-36.3063
-23.9759
-16.4406
-8.90533
-0.685025
10.2754
22.6058
36.3063
49.3218
60.2822
70.5576
78.0929
84.2581
89.0533
91.1084
95.9035
100.014
106.864
116.454
126.045
136.32
147.28
157.556
163.036
166.461
167.146
167.146
167.831
165.776
164.406
163.721
165.091
166.461
169.201
169.886
168.516
166.461
164.406
161.666
156.186
150.706
143.17
135.635
127.415
119.879
108.919
100.699
93.1634
86.9982
81.518
76.7228
69.1876
61.6523
58.9122
53.432
47.2667
42.4716
33.5662
26.716
21.9208
15.0706
10.2754
6.16523
0
-2.05508
-2.7401
-4.79518
-8.2203
-10.2754
-15.0706
-20.5508
-26.716
-38.3614
-50.0069
-58.2272
-64.3924
-71.9277
-77.4079
-83.5731
-87.6832
-90.4233
-91.7934
-93.8485
-97.2736
-102.069
-107.549
-113.029
-119.194
-123.305
-126.045
-128.1
-128.785
-128.1
-126.045
-122.62
-121.249
-121.249
-122.62
-122.62
-121.249
-114.399
-104.124
-95.2185
-84.9431
-76.0378
-68.5025
-60.9673
-53.432
-48.6368
-42.4716
-36.3063
-30.8261
-26.031
-22.6058
-22.6058
-21.2358
-21.9208
-26.031
-28.7711
-29.4561
-29.4561
-27.401
-24.6609
-23.9759
-23.9759
-22.6058
-21.9208
-17.8107
-11.6454
-5.4802
3.42513
12.3305
21.2358
26.716
30.8261
36.3063
39.0464
42.4716
43.8416
46.5817
50.0069
50.6919
51.3769
50.6919
47.2667
45.2117
45.2117
47.2667
52.0619
56.8571
59.5972
62.3373
63.0223
60.9673
57.5421
51.3769
43.1566
34.9363
28.7711
28.086
30.8261
32.8812
34.9363
37.6764
38.3614
36.9914
39.7315
39.7315
39.0464
39.0464
39.0464
39.0464
41.1015
40.4165
39.0464
39.0464
41.1015
41.1015
40.4165
36.3063
31.5112
29.4561
23.9759
17.1256
12.3305
6.85025
1.37005
-1.37005
0.685025
2.05508
2.7401
5.4802
3.42513
4.11015
7.53528
6.85025
9.59035
11.6454
9.59035
11.6454
15.7556
18.4957
22.6058
24.6609
29.4561
32.8812
33.5662
34.2513
34.9363
36.3063
36.9914
33.5662
30.8261
28.086
22.6058
16.4406
10.9604
5.4802
0.685025
-3.42513
-7.53528
-13.7005
-17.1256
-20.5508
-23.9759
-25.3459
-29.4561
-32.8812
-34.9363
-36.9914
-39.7315
-40.4165
-41.7865
-42.4716
-43.1566
-45.2117
-47.2667
-49.3218
-52.0619
-56.1721
-58.9122
-60.2822
-61.6523
-63.0223
-65.0774
-69.1876
-70.5576
-71.2426
-71.9277
-76.0378
-80.148
-83.5731
-83.5731
-84.2581
-84.9431
-85.6282
-85.6282
-83.5731
-83.5731
-82.8881
-80.833
-78.0929
-73.9827
-70.5576
-68.5025
-65.0774
-62.3373
-59.5972
-55.4871
-53.432
-50.6919
-45.8967
-43.1566
-40.4165
-34.9363
-31.5112
-26.716
-24.6609
-23.9759
-19.8657
-15.0706
-7.53528
0
4.11015
10.2754
18.4957
24.6609
32.1962
40.4165
48.6368
57.5421
65.7624
73.2977
78.0929
86.3132
91.1084
94.5335
96.5886
100.699
105.494
111.659
118.509
123.99
127.415
129.47
132.895
137.69
141.115
142.485
142.485
142.485
142.485
143.17
143.17
141.115
137.005
132.895
130.84
130.84
130.155
127.415
123.99
117.824
112.344
109.604
105.494
102.069
95.9035
87.6832
76.7228
67.1325
61.6523
55.4871
48.6368
40.4165
30.8261
22.6058
15.0706
8.90533
1.37005
-6.16523
-15.7556
-25.3459
-35.6213
-46.5817
-56.1721
-65.0774
-72.6127
-80.833
-88.3683
-94.5335
-100.699
-109.604
-119.194
-125.36
-130.84
-133.58
-139.06
-142.485
-147.28
-151.391
-157.556
-162.351
-164.406
-167.831
-167.146
-167.146
-167.831
-169.201
-169.886
-168.516
-168.516
-168.516
-166.461
-165.091
-163.721
-162.351
-158.241
-154.131
-149.336
-141.8
-135.635
-129.47
-123.305
-114.399
-107.549
-102.069
-97.9586
-92.4784
-86.9982
-77.4079
-69.1876
-60.9673
-52.747
-40.4165
-28.7711
-19.8657
-12.3305
-4.11015
3.42513
13.0155
24.6609
36.3063
49.3218
59.5972
72.6127
84.2581
95.9035
107.549
115.769
123.305
131.525
135.635
141.115
145.91
151.391
155.501
158.241
163.721
169.886
174.681
180.162
185.642
189.752
192.492
197.972
202.768
204.138
202.768
200.027
197.287
192.492
187.697
183.587
178.107
171.941
169.201
165.091
159.611
154.816
149.336
141.8
133.58
123.305
113.029
98.6436
89.0533
80.833
72.6127
64.3924
53.432
41.7865
31.5112
21.2358
10.9604
-0.685025
-13.0155
-23.9759
-36.9914
-45.8967
-53.432
-61.6523
-67.8175
-75.3528
-82.203
-91.1084
-97.9586
-107.549
-117.139
-126.73
-135.635
-143.17
-150.706
-155.501
-158.926
-162.351
-164.406
-163.036
-160.981
-160.981
-160.296
-159.611
-159.611
-157.556
-156.871
-154.131
-154.131
-153.446
-152.076
-150.706
-148.651
-143.17
-138.375
-133.58
-127.415
-120.564
-115.084
-108.919
-102.069
-98.6436
-93.1634
-86.9982
-78.7779
-70.5576
-60.9673
-53.432
-45.8967
-40.4165
-34.9363
-27.401
-20.5508
-15.0706
-8.2203
-4.79518
0.685025
8.2203
14.3855
19.8657
23.2909
24.6609
25.3459
26.716
27.401
31.5112
34.2513
35.6213
41.1015
45.8967
51.3769
56.8571
58.9122
57.5421
57.5421
58.2272
58.2272
61.6523
63.7074
69.1876
76.0378
79.4629
84.9431
89.0533
91.1084
92.4784
93.1634
91.1084
93.8485
96.5886
97.2736
97.9586
99.3287
102.069
106.179
108.919
111.659
114.399
116.454
116.454
116.454
115.084
113.714
113.029
110.289
109.604
108.919
107.549
103.439
98.6436
93.1634
86.9982
80.833
73.2977
66.4475
60.9673
56.8571
51.3769
46.5817
41.7865
36.3063
32.8812
27.401
23.2909
18.4957
11.6454
6.85025
2.05508
-2.7401
-9.59035
-16.4406
-24.6609
-34.9363
-44.5266
-52.747
-59.5972
-64.3924
-65.7624
-69.1876
-72.6127
-78.0929
-82.8881
-87.6832
-93.1634
-97.2736
-105.494
-112.344
-117.824
-123.99
-130.155
-136.32
-141.115
-143.855
-145.91
-145.225
-143.17
-139.745
-135.635
-130.84
-123.99
-116.454
-107.549
-101.384
-95.2185
-89.0533
-82.8881
-80.833
-80.833
-82.203
-84.2581
-83.5731
-83.5731
-80.148
-78.0929
-78.0929
-78.0929
-78.0929
-76.7228
-75.3528
-72.6127
-66.4475
-57.5421
-46.5817
-37.6764
-30.1411
-21.2358
-10.2754
0
8.90533
19.1807
28.086
39.0464
50.0069
56.1721
60.2822
64.3924
67.1325
70.5576
73.9827
75.3528
76.7228
78.7779
78.0929
80.148
82.8881
84.2581
87.6832
94.5335
101.384
108.234
113.714
121.249
131.525
137.69
141.8
144.54
143.17
141.115
141.115
138.375
136.32
134.265
130.84
125.36
117.824
111.659
104.124
96.5886
91.1084
85.6282
80.148
76.0378
71.2426
67.8175
67.8175
65.0774
63.0223
61.6523
60.9673
60.2822
57.5421
54.802
53.432
47.9518
43.1566
36.9914
28.7711
18.4957
8.90533
-3.42513
-17.1256
-30.1411
-39.7315
-49.3218
-58.2272
-65.0774
-72.6127
-79.4629
-86.3132
-92.4784
-96.5886
-97.9586
-95.2185
-92.4784
-90.4233
-87.6832
-87.6832
-89.7383
-90.4233
-89.7383
-91.1084
-95.2185
-97.9586
-104.124
-109.604
-112.344
-115.084
-117.824
-117.139
-115.769
-117.139
-115.084
-109.604
-102.754
-97.9586
-92.4784
-84.9431
-79.4629
-71.9277
-65.0774
-59.5972
-53.432
-48.6368
-42.4716
-34.9363
-29.4561
-23.9759
-19.8657
-19.1807
-15.7556
-13.7005
-13.0155
-9.59035
-9.59035
-8.90533
-8.2203
-8.2203
-8.2203
-7.53528
-4.11015
0.685025
4.11015
10.9604
17.1256
19.8657
23.2909
29.4561
32.8812
36.9914
42.4716
46.5817
50.6919
53.432
52.0619
49.3218
47.9518
44.5266
43.8416
41.7865
40.4165
39.7315
38.3614
39.7315
40.4165
42.4716
46.5817
49.3218
51.3769
50.6919
49.3218
49.3218
48.6368
47.9518
49.3218
48.6368
46.5817
44.5266
41.7865
37.6764
36.9914
36.9914
38.3614
37.6764
37.6764
37.6764
34.9363
32.8812
29.4561
25.3459
25.3459
23.2909
21.2358
19.8657
18.4957
16.4406
13.7005
12.3305
11.6454
12.3305
14.3855
17.1256
19.8657
21.2358
18.4957
19.1807
20.5508
23.2909
24.6609
23.2909
21.9208
18.4957
13.7005
8.2203
2.7401
0
-1.37005
-6.85025
-11.6454
-15.0706
-14.3855
-12.3305
-12.3305
-11.6454
-9.59035
-10.2754
-11.6454
-12.3305
-13.7005
-15.7556
-18.4957
-20.5508
-22.6058
-22.6058
-21.2358
-23.2909
-22.6058
-21.9208
-21.2358
-21.9208
-21.9208
-19.8657
-20.5508
-23.9759
-25.3459
-26.031
-28.086
-30.8261
-34.9363
-38.3614
-41.7865
-45.2117
-50.0069
-54.802
-57.5421
-58.2272
-58.2272
-55.4871
-52.747
-51.3769
-50.0069
-52.747
-51.3769
-50.0069
-52.747
-52.0619
-51.3769
-52.0619
-53.432
-54.802
-54.117
-54.117
-53.432
-51.3769
-50.0069
-47.9518
-45.8967
-43.1566
-38.3614
-35.6213
-30.8261
-28.7711
-26.716
-23.9759
-24.6609
-25.3459
-23.2909
-17.8107
-15.0706
-10.9604
-6.16523
0.685025
8.2203
15.7556
25.3459
30.8261
37.6764
45.2117
50.6919
56.8571
60.9673
63.0223
64.3924
65.0774
67.1325
67.8175
67.1325
70.5576
71.9277
73.2977
75.3528
76.7228
78.0929
80.148
82.203
86.3132
89.7383
92.4784
93.1634
95.2185
97.9586
96.5886
95.9035
97.2736
97.9586
99.3287
98.6436
95.2185
94.5335
92.4784
89.7383
88.3683
86.3132
82.8881
78.0929
71.9277
65.7624
58.2272
49.3218
41.7865
36.9914
32.1962
28.086
22.6058
18.4957
15.7556
14.3855
13.0155
13.7005
17.1256
16.4406
14.3855
13.0155
10.9604
9.59035
7.53528
4.11015
0
-4.79518
-10.9604
-19.1807
-27.401
-34.2513
-43.8416
-49.3218
-56.1721
-60.2822
-62.3373
-69.8726
-76.0378
-80.833
-88.3683
-95.2185
-103.439
-113.029
-119.194
-128.1
-137.69
-144.54
-149.336
-153.446
-154.131
-152.761
-152.761
-154.816
-155.501
-155.501
-154.131
-152.761
-153.446
-154.131
-154.131
-154.816
-156.871
-154.816
-154.816
-152.761
-148.651
-147.965
-145.225
-138.375
-132.895
-125.36
-115.769
-106.179
-98.6436
-92.4784
-86.9982
-76.7228
-67.1325
-58.9122
-46.5817
-35.6213
-25.3459
-13.7005
0.685025
15.0706
30.1411
44.5266
59.5972
75.3528
91.7934
106.864
118.509
128.785
137.005
145.225
154.816
163.036
171.941
182.217
185.642
187.697
190.437
193.862
199.342
208.248
215.098
218.523
219.208
216.468
215.098
211.673
209.618
208.933
206.193
203.453
200.027
196.602
191.122
184.957
179.477
174.681
168.516
163.036
158.241
148.651
137.69
126.045
115.084
105.494
91.7934
82.8881
73.9827
62.3373
50.6919
40.4165
28.086
15.0706
2.05508
-10.2754
-21.2358
-34.9363
-46.5817
-54.117
-64.3924
-76.7228
-87.6832
-97.9586
-108.919
-117.139
-121.935
-125.36
-128.785
-136.32
-142.485
-147.28
-151.391
-154.816
-156.871
-156.871
-159.611
-163.721
-165.091
-167.146
-169.886
-171.256
-171.256
-171.941
-171.941
-171.941
-172.626
-172.626
-173.996
-170.571
-168.516
-165.776
-161.666
-154.816
-147.965
-142.485
-134.95
-130.84
-126.73
-122.62
-118.509
-113.714
-108.919
-104.124
-97.2736
-89.7383
-80.833
-71.9277
-60.2822
-48.6368
-40.4165
-33.5662
-25.3459
-19.8657
-13.0155
-7.53528
-2.7401
2.05508
5.4802
13.7005
22.6058
30.8261
40.4165
49.3218
59.5972
68.5025
74.6678
82.203
86.3132
90.4233
94.5335
99.3287
102.069
106.864
110.974
112.344
114.399
117.139
119.194
123.305
125.36
127.415
132.21
133.58
134.95
134.95
133.58
134.95
134.265
134.95
135.635
134.95
132.21
130.84
128.1
123.99
119.194
117.139
113.029
107.549
100.699
95.9035
91.7934
89.0533
86.3132
82.203
77.4079
72.6127
69.8726
65.0774
57.5421
47.2667
40.4165
34.2513
28.086
23.2909
19.8657
15.0706
10.9604
6.85025
3.42513
-2.05508
-8.2203
-12.3305
-19.1807
-26.031
-31.5112
-34.2513
-36.3063
-40.4165
-45.2117
-50.6919
-55.4871
-56.8571
-59.5972
-63.7074
-69.8726
-72.6127
-76.0378
-76.0378
-76.0378
-76.0378
-76.0378
-76.0378
-72.6127
-72.6127
-70.5576
-69.1876
-69.1876
-69.1876
-68.5025
-69.1876
-70.5576
-73.2977
-76.7228
-80.148
-79.4629
-78.0929
-76.7228
-73.9827
-69.8726
-68.5025
-65.0774
-63.0223
-60.9673
-62.3373
-63.7074
-63.7074
-64.3924
-65.0774
-65.7624
-65.0774
-65.7624
-63.7074
-62.3373
-59.5972
-58.2272
-57.5421
-54.117
-51.3769
-47.2667
-46.5817
-45.8967
-45.8967
-44.5266
-44.5266
-44.5266
-42.4716
-41.7865
-41.7865
-39.7315
-36.3063
-32.1962
-28.086
-25.3459
-21.2358
-17.1256
-13.0155
-8.2203
-2.7401
3.42513
8.90533
15.7556
25.3459
32.1962
39.7315
45.8967
51.3769
53.432
55.4871
58.2272
64.3924
69.8726
75.3528
80.148
84.2581
88.3683
90.4233
89.7383
89.0533
86.9982
84.9431
86.3132
86.3132
87.6832
89.7383
88.3683
89.0533
89.0533
87.6832
87.6832
89.0533
91.7934
95.9035
98.6436
101.384
104.124
104.809
105.494
104.124
104.124
102.754
101.384
100.014
100.699
100.699
97.2736
95.2185
89.0533
84.9431
78.7779
71.2426
63.7074
52.747
42.4716
34.2513
26.716
19.8657
12.3305
5.4802
0
-8.2203
-16.4406
-21.2358
-26.031
-30.8261
-34.9363
-39.0464
-40.4165
-43.1566
-45.2117
-47.2667
-49.3218
-50.6919
-50.6919
-49.3218
-47.9518
-50.0069
-54.802
-56.8571
-60.2822
-65.7624
-70.5576
-76.7228
-80.148
-86.9982
-91.7934
-96.5886
-102.754
-107.549
-111.659
-114.399
-115.769
-118.509
-119.879
-121.935
-123.305
-125.36
-125.36
-123.99
-121.935
-119.879
-118.509
-118.509
-114.399
-110.289
-104.124
-96.5886
-90.4233
-84.9431
-80.833
-76.7228
-74.6678
-73.9827
-74.6678
-73.2977
-71.2426
-67.1325
-61.6523
-57.5421
-52.0619
-49.3218
-44.5266
-38.3614
-31.5112
-22.6058
-12.3305
-3.42513
5.4802
10.9604
14.3855
19.1807
19.1807
21.2358
23.2909
29.4561
38.3614
44.5266
51.3769
56.1721
60.2822
63.0223
63.7074
65.7624
66.4475
69.1876
73.9827
78.7779
84.2581
89.0533
91.7934
93.1634
93.8485
94.5335
97.9586
103.439
108.919
