SAMPLES: 6273
BITSPERSAMPLE:	16
CHANNELS:	1
SAMPLERATE:	16000
NORMALIZED:	FALSE
-82.5542
69.624
69.2925
115.377
97.8052
-17.2402
-72.6079
-129.302
-178.039
-104.105
80.5649
154.499
97.4736
88.1904
-8.28858
-106.094
-59.0147
-139.911
-103.773
137.259
91.5059
60.3408
67.6348
-117.698
-121.676
-67.6348
-133.28
-8.95166
138.917
78.9072
64.6509
56.6939
-77.5811
-101.121
-64.9824
-62.9932
52.7153
132.617
61.667
31.4966
9.61475
-121.345
-169.418
-60.6724
0
25.8604
137.59
70.9502
31.8281
29.8389
-103.11
-69.9556
15.251
-2.65234
58.6831
134.938
69.624
47.0791
-18.5664
-118.692
-65.6455
-54.3731
-78.5757
62.6616
138.917
96.479
78.2441
-19.2295
-50.7261
-60.0093
-84.2119
11.2725
101.784
105.099
63.3247
-4.97315
-85.5381
-129.965
-104.436
-21.5503
48.7368
88.1904
94.4898
69.624
31.165
-87.1958
-123.334
14.9194
-6.63086
38.1274
110.735
49.7315
32.1597
-57.0254
-165.108
-134.606
-46.0845
-24.8657
90.1797
126.649
36.4697
8.28858
-57.0254
-97.4736
-61.9985
-12.2671
27.1865
107.42
104.436
0.663086
-25.5288
-42.4375
-111.73
-91.8374
-9.2832
29.1758
80.8965
54.0415
36.4697
9.61475
-57.0254
-44.4268
-21.8818
11.604
95.4844
82.5542
46.0845
35.1436
-77.2495
-105.431
-40.1167
-13.9248
10.6094
17.5718
78.2441
73.271
-50.7261
-16.5772
-35.1436
-47.7422
48.0737
30.8335
31.8281
116.372
39.7852
-13.5933
0.663086
-106.094
-99.7944
-24.8657
10.2778
53.3784
49.3999
13.5933
23.8711
-91.5059
-125.323
-53.0469
-5.63623
79.9019
56.6939
64.9824
56.6939
-55.6992
-119.355
-99.1314
-56.0308
4.6416
0.994629
53.3784
115.045
-11.2725
-84.875
-71.6133
-52.0523
-2.98389
43.1006
74.5972
147.537
112.393
-45.4214
-107.088
-79.9019
-90.8428
-35.4751
102.115
78.9072
86.8643
74.2656
-87.1958
-151.184
-60.6724
-22.2134
19.2295
142.232
122.008
65.6455
-1.32617
-96.479
-127.313
-63.6563
35.4751
70.2871
110.404
123.334
36.8013
-26.1919
-61.667
-105.431
-7.95703
54.3731
51.0576
123.997
85.8696
3.31543
-41.7744
-87.8589
-82.5542
-52.0523
14.2563
71.6133
65.6455
73.271
-1.32617
-92.832
-83.2173
-98.1367
-52.0523
36.1382
25.5288
23.208
35.8066
-33.8174
-80.2334
-87.1958
-49.3999
0.331543
14.9194
59.6777
59.0147
16.9087
5.96777
-20.8872
-50.7261
-12.5986
3.97852
8.62012
32.8228
17.5718
-16.5772
-33.1543
-61.3355
-62.6616
-17.2402
7.29395
11.2725
30.8335
44.7583
17.5718
5.63623
-17.9033
-45.4214
0
28.1812
-3.64697
29.5073
39.4536
-6.29932
-5.96777
-36.4697
-54.0415
6.29932
26.855
37.1328
60.6724
54.7046
27.1865
-10.6094
-25.1973
-4.97315
21.8818
22.5449
34.4805
17.9033
-2.3208
-10.9409
-44.0952
-28.5127
34.4805
53.3784
60.0093
45.0898
4.97315
-13.5933
-5.63623
1.65772
26.1919
73.6025
56.0308
12.5986
-4.97315
-21.2188
-36.8013
-0.663086
21.5503
11.604
25.1973
3.97852
-27.1865
-29.8389
-32.1597
-14.2563
12.9302
6.29932
6.63086
4.97315
-6.29932
-20.8872
-35.8066
-37.1328
-25.1973
-15.5825
-12.5986
-15.9141
-1.98926
-8.28858
-47.0791
-45.7529
-53.71
-55.3677
-42.106
-29.1758
-18.5664
-11.604
-31.4966
-58.6831
-67.9663
-84.2119
-87.8589
-72.9395
-62.6616
-49.0684
-19.2295
-21.5503
-36.4697
-38.459
-43.1006
-39.1221
-7.29395
13.9248
34.812
63.6563
69.2925
62.6616
57.6885
63.3247
67.9663
88.522
103.441
127.644
155.162
162.125
171.408
169.418
164.114
159.472
155.494
152.178
172.071
186.327
182.68
177.707
143.89
100.789
63.6563
52.3838
59.3462
62.3301
62.6616
45.4214
18.5664
-22.2134
-63.6563
-91.1743
-95.4844
-90.8428
-83.5488
-70.9502
-86.2012
-107.088
-145.216
-190.306
-209.535
-214.84
-196.273
-150.852
-135.601
-138.585
-159.804
-237.053
-274.849
-285.79
-286.122
-240.369
-206.551
-181.022
-179.033
-247.331
-293.084
-294.742
-302.036
-292.089
-286.122
-273.855
-259.267
-273.855
-307.009
-319.607
-312.977
-309.661
-290.763
-216.166
-125.655
-71.2817
68.2979
285.79
454.214
465.155
344.805
346.462
448.578
518.533
644.52
864.001
988.661
843.445
558.981
352.762
310.987
321.265
391.884
570.917
672.701
543.067
251.31
20.8872
-110.072
-184.669
-197.268
-108.083
7.29395
-0.994629
-123.002
-256.614
-357.072
-433.658
-418.076
-288.111
-93.1636
47.4106
87.1958
76.2549
35.1436
13.5933
65.6455
217.824
407.135
551.356
635.236
651.814
572.243
437.305
336.848
305.351
312.314
304.688
253.962
167.761
-5.30469
-257.94
-484.053
-625.622
-647.503
-615.344
-584.179
-587.494
-678.337
-812.612
-897.487
-913.069
-815.927
-651.814
-566.939
-520.523
-517.87
-514.555
-457.198
-411.776
-342.484
-243.021
-148.2
-61.0039
-8.62012
-24.5342
-54.3731
-89.8482
-87.5274
-24.8657
5.63623
14.9194
-70.9502
-265.566
-444.268
-523.838
-465.818
-423.38
-509.582
-629.269
-707.844
-748.624
-677.342
-230.422
440.952
773.49
464.16
-4.6416
-11.9355
272.528
676.348
1212.78
1824.15
2014.46
1391.82
558.65
252.967
479.743
815.596
1180.62
1610.3
1700.48
1150.79
362.708
-73.271
-89.8482
2.98389
126.981
351.767
495.325
284.795
-208.209
-614.681
-763.544
-717.791
-489.026
-113.388
213.845
270.208
44.4268
-220.145
-340.163
-250.647
85.5381
583.516
950.534
977.72
834.825
685.299
536.437
446.92
505.935
703.866
802.666
652.808
396.857
128.307
-187.653
-528.811
-751.608
-745.972
-636.894
-616.338
-705.855
-879.252
-1103.38
-1280.09
-1291.36
-1104.37
-870.963
-733.042
-696.903
-768.185
-863.67
-865.99
-751.276
-533.453
-332.869
-254.625
-256.283
-318.944
-404.814
-492.01
-496.983
-383.264
-306.014
-328.228
-432.664
-530.8
-618.659
-702.871
-678.669
-572.243
-497.315
-512.897
-531.463
-191.3
407.798
712.817
457.198
35.8066
48.4053
353.425
619.985
949.539
1499.9
1709.44
1119.29
275.512
-9.61475
348.12
707.181
962.138
1297
1368.28
854.718
43.4321
-336.516
-146.542
67.6348
108.415
189.974
287.116
125.986
-320.271
-624.627
-514.886
-265.566
-54.0415
230.754
540.084
630.263
419.733
191.3
234.069
481.069
802.003
1142.17
1326.17
1245.61
998.939
833.831
871.958
980.041
1065.58
1077.18
893.508
525.164
168.424
-15.5825
-59.3462
-140.906
-310.656
-508.587
-740.999
-987.004
-1165.04
-1198.53
-1082.49
-952.523
-890.193
-876.931
-908.759
-940.256
-948.213
-851.734
-612.691
-369.007
-220.476
-174.392
-218.155
-315.96
-449.241
-502.288
-352.43
-204.562
-222.465
-385.585
-602.082
-778.463
-973.742
-1094.09
-1056.3
-973.079
-976.063
-1009.22
-1005.9
-989.656
-1052.98
-908.759
-218.818
472.449
529.806
31.8281
-103.773
342.815
707.181
894.171
1323.52
1901.07
1722.7
741.662
36.4697
308.335
890.856
1101.72
1226.05
1393.14
1165.04
251.641
-525.164
-423.712
69.624
218.818
76.918
55.6992
-12.2671
-421.723
-893.84
-867.98
-434.321
-85.2066
44.4268
172.402
316.624
218.155
-11.604
44.7583
484.716
970.426
1259.2
1372.59
1342.42
1158.74
964.127
989.987
1273.79
1595.38
1612.29
1221.4
674.69
246.668
45.0898
33.8174
82.5542
44.7583
-236.722
-703.534
-1084.81
-1243.29
-1193.55
-1027.78
-848.419
-740.336
-777.137
-886.546
-953.518
-929.647
-782.773
-537.1
-274.186
-98.7998
-75.5918
-226.444
-406.14
-480.737
-394.868
-215.834
-148.2
-213.514
-425.701
-700.55
-955.175
-1160.4
-1159.41
-981.699
-753.266
-689.941
-872.621
-1192.56
-1103.71
-366.023
349.446
332.869
-243.684
-266.892
239.706
516.876
524.501
925.668
1639.48
1449.17
307.009
-369.007
180.028
917.711
978.052
891.188
1151.45
1013.53
-35.1436
-902.792
-577.216
293.084
417.744
-75.2603
-242.026
-161.461
-528.48
-1108.68
-971.089
-217.492
203.899
24.2026
-88.8535
128.97
154.167
-94.1582
-32.1597
583.184
1214.11
1382.53
1256.55
1145.81
1030.77
906.77
1002.92
1467.41
1988.93
1939.86
1273.79
505.935
116.04
111.067
255.288
472.117
512.234
92.5005
-679
-1310.26
-1436.91
-1172.67
-797.361
-482.064
-358.398
-549.367
-930.973
-1143.82
-979.378
-509.582
-46.0845
190.969
176.712
-71.2817
-356.74
-507.924
-410.45
-165.772
-24.2026
-78.9072
-331.543
-672.038
-1007.56
-1203.5
-1254.56
-1062.26
-748.624
-558.65
-736.689
-1068.56
-758.902
-23.5396
265.566
-254.957
-508.919
177.376
797.692
640.541
464.492
1076.52
1480.34
700.219
-339.168
-131.954
884.557
1162.72
720.443
658.776
929.978
439.294
-628.606
-808.633
123.666
635.568
13.9248
-676.016
-536.437
-316.292
-761.886
-1105.7
-624.959
37.7959
-53.3784
-515.881
-438.3
20.8872
112.725
-62.9932
185.001
841.788
1185.93
958.491
714.144
818.248
1029.44
1094.09
1210.46
1546.98
1658.71
1151.78
339.5
-37.7959
106.425
305.683
320.602
135.601
-238.048
-830.515
-1372.92
-1517.14
-1272.79
-913.069
-695.577
-656.124
-744.646
-940.919
-1032.76
-799.682
-286.453
218.155
421.06
347.789
214.177
148.531
149.194
220.808
369.67
432.995
259.267
-78.2441
-406.472
-622.638
-789.072
-842.119
-668.722
-462.171
-511.571
-849.745
-773.49
-78.2441
414.429
-1.98926
-680.989
-353.093
597.44
956.502
645.183
813.938
1356.34
975.731
-257.277
-609.708
580.863
1571.85
1245.94
576.222
583.184
530.137
-360.387
-982.693
-208.209
898.15
670.711
-534.447
-1097.41
-779.789
-720.443
-1049.33
-838.804
-39.1221
211.524
-490.021
-1067.9
-771.832
-179.033
59.0147
239.043
741.993
1174.33
1025.13
584.179
516.876
969.1
1475.7
1734.3
1870.9
1879.52
1479.01
669.717
68.9609
134.938
552.019
734.699
389.895
-281.148
-1013.2
-1605
-1837.08
-1657.05
-1208.81
-886.214
-999.271
-1439.89
-1829.45
-1839.73
-1433.92
-847.092
-303.693
-0.994629
-19.8926
-255.951
-444.931
-303.03
122.339
502.288
607.387
467.144
203.236
-131.954
-469.465
-588.82
-368.676
-34.4805
63.3247
-222.465
-322.923
113.719
508.587
94.1582
-740.004
-598.767
437.637
1035.74
678.337
482.395
935.946
798.356
-370.997
-1013.86
61.3355
1465.75
1465.09
577.879
306.014
437.968
-78.2441
-757.244
-260.593
954.512
1070.88
-128.307
-1027.78
-762.88
-364.366
-566.275
-659.107
-111.73
300.71
-172.734
-860.686
-760.228
-86.5327
317.287
356.409
547.377
922.684
961.475
621.643
504.277
961.143
1598.37
1847.03
1737.95
1591.41
1370.6
929.978
513.892
571.58
983.357
1133.21
689.941
-89.8482
-730.389
-1058.62
-1155.43
-1057.95
-836.815
-713.149
-946.887
-1467.74
-1824.15
-1726.01
-1294.01
-857.37
-621.312
-571.249
-699.224
-919.7
-967.774
-693.92
-247.994
13.5933
-41.1113
-269.544
-513.56
-710.165
-747.298
-494.331
-103.773
103.11
-124.329
-242.689
256.614
773.49
352.762
-663.749
-660.434
457.198
1158.08
701.545
324.249
768.848
750.613
-482.727
-1332.47
-229.428
1382.2
1391.49
232.412
-180.028
184.338
-83.8804
-806.313
-445.925
856.044
1092.1
-239.706
-1309.26
-900.802
-167.429
-242.358
-474.77
-58.6831
334.195
-180.028
-908.096
-685.299
205.888
666.733
550.361
572.575
897.155
944.566
656.787
631.258
1142.83
1706.45
1816.86
1633.18
1505.21
1349.38
973.079
619.322
737.02
1124.26
1135.2
611.034
-29.5073
-419.07
-664.744
-821.564
-769.18
-539.089
-514.555
-910.417
-1402.1
-1550.63
-1286.39
-908.428
-658.444
-564.949
-557.324
-642.199
-756.25
-702.871
-450.235
-209.867
-177.044
-286.122
-444.599
-596.446
-738.678
-807.307
-714.807
-508.587
-371.328
-433.99
-83.8804
723.758
1031.76
70.6187
-1006.9
-458.856
1033.09
1552.95
853.723
679
1116.64
500.298
-1089.45
-1310.59
522.18
1880.51
1134.54
-176.381
-280.817
-19.561
-685.962
-1228.37
-205.888
1110.34
610.039
-1168.03
-1873.55
-1083.48
-488.363
-701.877
-669.054
-40.1167
27.8496
-887.209
-1480.67
-828.526
243.021
636.231
487.037
505.272
673.695
581.858
441.947
790.399
1545.99
2044.63
1995.89
1750.88
1550.3
1289.04
947.218
823.553
1104.04
1363.3
1150.12
471.123
-256.283
-673.695
-789.404
-687.952
-522.18
-509.25
-783.436
-1234.33
-1527.42
-1445.86
-1082.82
-717.459
-513.56
-447.915
-491.015
-628.274
-630.263
-309.993
139.58
380.611
317.618
164.445
2.65234
-214.508
-400.504
-315.629
23.5396
175.055
-11.9355
177.707
882.236
1011.21
-111.067
-1116.31
-396.525
1093.76
1407.73
627.942
493.004
875.605
94.8213
-1543
-1562.56
454.877
1829.45
967.442
-465.818
-647.835
-384.59
-794.045
-966.779
188.316
1270.8
436.974
-1435.91
-2007.16
-1053.31
-355.083
-518.533
-563.292
-203.567
-419.07
-1384.19
-1846.36
-1027.12
151.184
530.469
226.112
-22.2134
-27.8496
-51.0576
21.2188
503.945
1288.71
1816.19
1703.14
1229.69
932.299
948.876
1040.38
1103.04
1275.45
1465.42
1266.16
559.645
-169.75
-394.536
-206.883
-84.875
-218.818
-415.755
-637.226
-1015.52
-1403.09
-1423.65
-1044.36
-713.149
-677.011
-738.015
-740.667
-781.778
-812.28
-608.713
-240.037
-14.2563
20.8872
72.9395
98.7998
-109.409
-311.65
-88.8535
505.272
805.649
886.878
1317.55
1703.47
1059.94
-268.881
-325.907
1174.33
2296.27
1754.86
880.91
883.231
662.423
-701.545
-1596.05
-315.96
1571.85
1514.82
-147.537
-1023.8
-731.715
-744.977
-1197.2
-636.563
744.314
831.51
-869.637
-2231.28
-1755.19
-688.946
-476.759
-676.348
-410.782
-271.202
-1016.18
-1859.62
-1543
-325.244
430.674
332.869
55.0361
20.5557
-32.1597
-158.809
76.918
789.404
1477.02
1561.9
1101.39
667.396
612.691
781.115
821.895
761.554
797.361
800.345
461.839
-154.167
-539.42
-480.406
-327.896
-437.637
-671.375
-760.56
-774.484
-912.406
-1052.65
-930.641
-691.599
-645.514
-744.314
-672.369
-478.417
-438.631
-482.064
-390.889
-216.829
-154.831
-162.456
-67.3032
-30.8335
-162.788
-250.315
38.1274
486.705
726.079
1124.59
1682.58
1640.81
470.791
-350.109
612.028
2229.3
2445.46
1426.3
1066.57
1234
385.253
-1027.12
-712.817
1270.14
2116.9
684.305
-837.478
-768.848
-285.79
-632.916
-734.036
337.511
1030.77
-133.943
-1866.92
-1928.25
-695.246
-88.522
-479.743
-727.405
-579.869
-930.973
-1695.51
-1732.64
-721.769
210.861
200.252
-277.501
-407.135
-150.189
96.1475
300.378
730.389
1306.94
1570.19
1274.78
833.499
812.612
1088.79
1149.46
874.279
666.401
637.557
406.472
-173.729
-690.604
-767.191
-648.498
-773.821
-1111.66
-1307.61
-1297.33
-1344.74
-1509.85
-1519.46
-1298.99
-1101.72
-1057.95
-993.966
-824.547
-712.154
-681.652
-567.602
-346.462
-213.845
-232.412
-169.418
-45.7529
-57.6885
-171.076
-27.5181
414.429
715.47
1057.62
1613.29
1820.17
946.887
-40.4482
528.48
2113.26
2666.93
1768.12
1217.43
1467.08
981.036
-473.775
-727.737
1002.92
2328.09
1397.79
-275.512
-577.879
-106.425
-289.769
-513.56
414.76
1353.36
511.571
-1351.04
-1865.92
-723.095
189.974
-33.1543
-469.796
-482.395
-755.586
-1498.24
-1711.09
-852.729
163.451
277.833
-274.186
-616.67
-460.513
-119.355
180.359
575.559
1083.15
1383.86
1217.09
848.087
808.633
1105.7
1267.49
1090.78
910.417
903.786
760.228
268.55
-271.202
-474.106
-437.637
-591.473
-993.303
-1303.63
-1396.13
-1502.22
-1742.26
-1853.66
-1736.29
-1643.13
-1685.56
-1677.61
-1523.44
-1402.43
-1404.42
-1302.63
-991.314
-706.85
-669.717
-752.934
-700.219
-596.777
-539.752
-400.172
23.5396
453.882
814.601
1333.47
1698.49
1221.4
247.994
428.354
1928.92
2950.07
2377.83
1568.86
1660.7
1536.7
311.319
-430.011
805.981
2389.43
2021.09
284.795
-504.94
-107.088
23.8711
-242.689
274.849
1195.88
779.458
-945.561
-1850.01
-943.571
266.561
393.21
-126.981
-395.199
-611.034
-1113.32
-1355.02
-774.153
104.105
384.921
3.31543
-417.081
-461.176
-185.001
226.775
624.295
972.416
1195.21
1173
937.272
852.729
1117.3
1381.21
1267.49
956.833
847.092
840.462
591.473
128.97
-157.151
-170.745
-253.962
-607.055
-965.453
-1084.15
-1151.45
-1382.2
-1639.15
-1665.01
-1550.3
-1551.29
-1615.61
-1543.33
-1419.67
-1480.01
-1612.29
-1462.44
-1039.39
-734.699
-787.415
-966.116
-964.79
-914.064
-924.01
-766.859
-280.817
181.022
511.571
959.817
1221.74
679
-138.253
264.903
1812.88
2678.2
2051.92
1393.81
1543
1295.01
70.6187
-403.819
994.297
2402.03
1786.35
115.377
-409.456
90.8428
151.515
-103.441
496.983
1285.72
609.708
-1085.14
-1636.83
-543.731
431.006
253.962
-276.838
-420.065
-628.937
-1144.82
-1251.57
-536.437
258.604
342.484
-100.789
-432.995
-393.873
-88.522
346.131
773.821
1052.65
1097.41
959.817
829.852
918.374
1229.69
1534.71
1486.31
1098.73
772.827
719.117
712.154
523.506
291.095
117.698
-122.671
-502.951
-802.997
-868.974
-894.171
-1090.11
-1341.75
-1475.03
-1512.83
-1512.83
-1442.88
-1311.25
-1264.84
-1396.13
-1529.08
-1403.09
-1061.6
-851.071
-878.92
-942.245
-929.647
-994.297
-1145.48
-1068.23
-632.584
-187.985
-51.7207
268.218
871.295
900.802
-64.3193
-599.761
585.505
2230.29
2347.99
1301.97
1049.33
1447.52
884.888
-309.33
42.4375
1855.98
2483.59
996.95
-366.355
-3.31543
686.626
371.328
91.8374
845.103
1217.76
-3.31543
-1397.79
-1074.86
238.379
619.654
-54.7046
-572.575
-632.584
-892.182
-1238.64
-927.989
-39.7852
452.556
111.067
-501.625
-695.909
-353.425
262.914
802.003
1008.89
954.512
891.851
897.487
916.716
1093.43
1490.62
1711.09
1369.94
846.429
750.613
970.758
925.005
536.105
220.808
101.452
-102.778
-464.492
-699.556
-711.491
-784.762
-1113.32
-1435.58
-1464.09
-1300.97
-1256.22
-1372.26
-1453.82
-1412.7
-1359.66
-1320.54
-1151.45
-887.872
-768.848
-914.396
-1135.2
-1198.2
-1149.46
-1054.64
-873.284
-580.2
-395.531
-434.321
-113.056
586.831
759.233
-96.8106
-639.878
422.386
1890.46
1890.13
881.904
827.2
1420
849.082
-504.608
-259.93
1601.02
2342.35
961.143
-286.785
177.044
885.22
444.931
12.9302
765.864
1338.11
302.699
-1112.66
-935.946
279.159
622.638
-140.906
-678.005
-602.745
-699.224
-1041.71
-839.467
-13.5933
386.248
-107.088
-752.271
-713.481
-68.6294
546.714
798.687
818.248
797.692
755.255
701.877
876.6
1368.28
1774.42
1648.43
1097.41
756.581
864.996
1075.19
989.987
720.111
513.56
270.871
-145.879
-515.881
-526.49
-414.097
-628.937
-1101.05
-1323.52
-1190.57
-1093.43
-1221.74
-1340.76
-1292.35
-1197.86
-1177.97
-1152.44
-988.661
-797.029
-769.511
-945.229
-1115.31
-1088.12
-878.257
-740.336
-778.463
-833.168
-672.369
-436.642
-263.245
247.331
914.396
908.096
-78.5757
-596.114
391.221
1684.24
1683.24
947.881
937.604
1078.84
156.82
-892.182
-86.2012
1785.36
2124.53
608.713
-451.893
-50.3945
403.819
164.445
347.789
1203.5
1126.91
-368.676
-1442.21
-718.785
509.582
585.505
-160.135
-554.34
-580.532
-812.28
-960.149
-432.001
297.394
295.736
-360.387
-745.972
-395.862
258.272
673.032
709.834
565.944
467.476
515.881
675.353
979.71
1335.79
1424.31
1083.48
658.113
610.039
867.648
991.977
790.399
517.87
325.907
120.682
-167.761
-371.66
-383.595
-407.798
-641.536
-966.448
-1136.86
-1129.9
-1099.4
-1090.44
-1053.98
-1033.09
-1049
-1028.78
-933.294
-838.804
-764.207
-707.844
-685.962
-734.699
-792.719
-765.201
-652.145
-612.028
-674.69
-710.828
-568.928
-345.136
-41.1113
577.548
1095.42
741.993
-403.488
-682.979
569.591
1816.86
1564.55
738.678
824.547
962.138
-6.9624
-840.462
273.523
2009.15
1800.61
43.4321
-625.622
190.969
560.639
44.4268
206.883
1099.4
842.451
-787.083
-1607.32
-545.388
653.471
474.77
-349.446
-619.654
-598.104
-830.515
-827.531
-125.986
549.367
362.045
-362.708
-723.095
-367.681
321.928
811.617
798.687
495.657
364.366
525.496
729.063
944.566
1246.6
1393.48
1086.8
623.301
621.312
1005.57
1152.78
784.099
372.986
251.641
206.22
8.62012
-177.707
-200.252
-328.891
-727.405
-1078.51
-1042.04
-814.601
-773.821
-913.733
-1007.56
-1058.95
-1110.34
-1051.65
-808.965
-614.349
-660.102
-779.458
-741.662
-604.071
-601.087
-630.263
-506.598
-370.665
-505.935
-739.672
-674.358
-317.618
-140.243
26.1919
566.275
907.102
171.739
-958.491
-654.797
887.541
1657.72
990.65
562.628
968.769
687.289
-646.177
-894.503
868.974
2237.25
1292.69
-374.975
-463.166
326.901
230.091
-260.924
277.833
997.944
222.465
-1314.24
-1427.96
-138.253
489.689
-204.894
-833.499
-610.702
-424.043
-768.848
-865.99
-221.471
337.842
47.4106
-597.109
-607.718
53.3784
586.168
560.639
340.495
404.482
619.654
681.652
704.197
1052.65
1476.36
1355.35
776.805
552.351
1001.26
1400.77
1151.78
630.595
459.187
487.7
288.442
-2.98389
-25.5288
25.1973
-267.555
-746.966
-922.684
-773.49
-698.893
-802.666
-843.114
-797.361
-866.653
-964.127
-827.2
-465.818
-213.514
-278.496
-460.845
-453.882
-232.743
-50.7261
-50.063
-114.382
-136.927
-229.759
-407.135
-487.037
-302.367
-93.4951
-53.71
187.653
614.681
499.304
-492.01
-1050
-118.692
1213.78
1250.91
380.611
221.802
568.265
96.8106
-750.282
-189.974
1378.56
1671.97
230.754
-762.88
-203.899
424.043
102.447
-47.4106
635.568
744.646
-495.657
-1499.57
-793.382
483.721
522.843
-417.081
-892.182
-724.421
-759.565
-956.502
-588.489
139.248
185.001
-610.702
-1170.68
-759.233
98.7998
488.031
267.224
-44.0952
-52.0523
160.798
378.622
619.322
918.374
1044.69
764.538
386.248
458.856
961.143
1210.13
854.718
358.398
220.476
316.292
290.432
204.894
183.675
17.9033
-454.877
-844.772
-755.918
-422.717
-344.142
-527.485
-657.45
-662.091
-650.819
-567.933
-280.817
26.855
73.9341
-115.709
-226.775
-85.5381
179.033
312.645
208.209
-6.9624
-130.628
-97.8052
-46.7476
-46.7476
-71.6133
-104.105
-243.353
-298.057
109.078
660.434
486.374
-448.246
-832.173
-43.1006
856.044
789.735
428.354
608.05
617.996
-270.539
-918.706
-20.2241
1338.44
1240.63
-24.2026
-540.415
-15.9141
214.177
-100.789
139.58
844.772
609.708
-664.081
-1262.18
-420.065
495.988
287.779
-422.386
-639.215
-555.003
-697.898
-750.282
-293.747
139.58
-140.243
-769.511
-855.712
-335.522
107.42
90.8428
-94.8213
-139.248
-54.0415
76.2549
298.72
604.403
760.56
586.168
244.679
189.974
523.838
857.37
798.356
470.128
235.727
157.814
103.773
52.7153
79.2388
43.7637
-171.408
-422.054
-442.61
-307.672
-291.426
-386.911
-379.948
-266.229
-219.481
-192.626
-45.4214
91.8374
-1.65772
-198.926
-166.435
87.1958
235.727
163.119
47.4106
-25.5288
-139.58
-232.412
-128.307
47.7422
-89.5166
-486.374
-702.208
-530.137
-299.383
-75.2603
296.068
465.818
-100.458
-873.284
-639.546
470.46
1053.64
603.74
264.24
478.417
298.057
-523.175
-589.815
612.691
1427.96
653.471
-451.23
-342.815
297.394
213.182
-92.5005
365.029
823.553
168.092
-829.189
-656.787
335.19
597.44
-54.7046
-459.519
-260.924
-208.541
-491.347
-434.653
28.8442
101.121
-462.834
-905.775
-644.851
-101.452
73.271
-124.329
-306.346
-296.068
-192.958
-50.7261
166.766
394.205
450.898
279.822
96.479
172.071
456.866
621.312
478.085
229.759
134.606
161.461
191.632
272.197
418.407
403.156
95.4844
-223.46
-191.632
130.628
357.072
295.405
102.115
-42.106
-107.088
-127.644
-33.8174
164.777
256.946
103.441
-134.938
-198.926
-107.088
-60.0093
-102.447
-143.558
-214.177
-367.018
-467.144
-371.66
-253.962
-343.147
-536.437
-544.062
-396.525
-243.353
15.251
329.222
259.93
-353.093
-720.443
-240.037
502.619
600.093
260.924
200.915
192.626
-300.378
-752.271
-239.043
761.886
895.166
78.2441
-432.332
-117.366
204.23
79.5703
132.949
586.5
666.401
-8.95166
-529.143
-152.178
501.956
475.433
-59.3462
-272.86
-99.1314
-110.735
-375.638
-363.371
-24.8657
5.96777
-470.46
-804.655
-501.293
-0.331543
48.7368
-256.614
-384.258
-235.396
-134.606
-128.639
36.4697
329.222
313.64
-70.9502
-263.245
80.8965
537.431
557.655
282.806
170.082
253.299
291.095
326.901
561.302
797.361
656.124
221.802
2.65234
183.012
419.07
425.701
288.442
179.696
72.2764
-48.0737
-61.0039
41.7744
83.5488
-59.6777
-242.689
-300.046
-232.412
-145.547
-114.714
-138.253
-195.61
-229.096
-203.899
-154.167
-130.628
-139.248
-172.734
-244.016
-311.319
-312.314
-260.261
-258.604
-305.02
-234.732
-83.2173
-121.676
-405.809
-549.035
-332.538
-58.3516
-12.2671
-6.29932
104.436
19.2295
-388.237
-592.136
-174.723
408.461
461.176
80.5649
-124.66
-24.2026
73.9341
138.253
380.611
615.344
420.397
-77.2495
-247.994
118.692
504.608
451.23
135.27
-71.6133
-133.943
-182.349
-137.259
69.9556
209.204
31.8281
-295.736
-389.231
-174.723
61.3355
89.5166
-43.7637
-188.316
-251.31
-181.022
38.459
284.795
339.5
141.569
-85.5381
-53.0469
251.31
565.281
636.231
453.219
211.193
98.7998
193.953
417.413
597.772
558.981
299.383
31.8281
-31.8281
100.126
243.021
267.555
153.173
-30.1704
-167.429
-149.194
14.5879
160.798
154.831
23.208
-96.479
-111.398
-32.4912
66.3086
109.409
43.4321
-118.029
-262.251
-263.577
-137.922
-60.6724
-161.13
-358.73
-493.999
-531.795
-514.223
-455.872
-398.846
-455.209
-625.622
-698.23
-515.218
-257.609
-229.759
-451.893
-642.862
-600.756
-411.776
-237.053
-115.045
-53.3784
-139.911
-367.35
-493.668
-309.661
40.4482
224.455
154.167
30.1704
-1.65772
5.63623
4.6416
80.8965
258.935
372.986
287.779
126.649
113.388
240.7
301.041
234.732
194.616
241.695
259.93
191.3
141.9
183.012
220.145
185.333
151.847
203.899
295.405
316.292
253.63
207.546
244.679
327.564
412.439
477.09
486.705
406.803
298.72
285.79
385.585
472.449
451.562
367.018
309.33
294.742
280.485
272.528
304.688
345.799
324.249
250.315
220.145
269.876
311.65
263.577
177.707
145.547
146.21
100.789
15.5825
-3.64697
53.0469
60.3408
-64.3193
-242.689
-308.335
-234.732
-174.392
-252.304
-403.819
-491.678
-509.913
-536.437
-568.928
-555.998
-547.377
-620.98
-720.111
-716.464
-605.066
-519.196
-543.731
-614.349
-623.964
-564.949
-505.272
-485.047
-493.336
-495.325
-476.759
-445.925
-425.701
-421.723
-408.461
-380.28
-364.697
-370.002
-346.131
-257.94
-181.354
-203.567
-258.935
-213.514
-71.9448
41.1113
68.2979
73.6025
94.4898
104.105
118.361
195.61
312.977
366.355
321.928
265.234
285.127
358.398
418.407
444.931
445.262
419.733
387.905
401.167
484.716
580.863
604.403
553.014
495.325
491.015
543.067
602.082
625.29
619.322
610.702
606.061
594.125
576.222
566.939
553.345
525.164
513.892
533.453
540.747
490.684
405.477
345.468
327.233
322.26
306.677
271.202
206.883
130.296
61.9985
10.9409
-25.5288
-60.6724
-102.447
-159.472
-238.379
-323.254
-380.943
-401.167
-402.493
-419.402
-460.845
-508.919
-539.089
-539.752
-527.816
-518.865
-507.924
-496.651
-505.272
-531.463
-543.067
-526.159
-513.892
-528.148
-534.447
-512.234
-501.293
-532.79
-568.265
-561.634
-529.806
-515.549
-517.87
-504.608
-477.422
-455.54
-436.311
-401.167
-346.131
-300.046
-272.528
-240.369
-195.61
-165.108
-160.467
-158.146
-135.27
-97.8052
-68.9609
-46.0845
-19.2295
-1.98926
-1.32617
10.6094
68.6294
157.483
223.792
258.935
299.052
356.077
422.054
501.293
595.12
663.418
664.744
634.573
650.156
717.128
757.576
733.373
677.342
631.921
601.087
582.853
585.836
595.12
567.933
505.272
463.497
480.737
522.512
529.143
491.015
436.311
386.248
354.088
346.131
350.441
326.238
249.652
147.868
67.9663
38.459
46.0845
49.7315
7.62549
-84.5435
-175.386
-201.91
-161.13
-123.334
-150.852
-221.802
-269.544
-266.892
-251.641
-256.946
-272.86
-293.416
-327.896
-368.344
-389.895
-392.878
-412.439
-453.219
-483.058
-493.668
-520.854
-570.254
-594.457
-582.19
-586.168
-630.926
-663.418
-636.231
-599.761
-605.066
-629.6
-621.643
-579.537
-545.72
-532.127
-515.218
-488.031
-465.155
-445.262
-411.776
-364.366
-323.918
-292.089
-248.326
-184.338
-123.334
-78.5757
-28.5127
51.7207
147.537
220.145
267.887
327.233
411.113
491.678
550.693
597.772
648.83
686.294
694.583
697.235
716.796
734.699
715.138
664.412
624.959
611.034
603.077
582.521
548.372
503.282
448.578
403.488
396.857
410.45
390.226
322.591
249.983
213.182
209.535
210.198
199.589
172.402
123.997
75.5918
63.6563
93.8267
129.633
127.644
91.5059
65.6455
67.3032
95.8159
130.296
149.194
148.2
123.997
91.5059
76.5864
87.1958
101.452
80.2334
12.5986
-58.02
-92.5005
-98.7998
-113.719
-157.483
-219.481
-288.774
-360.056
-411.113
-433.99
-455.54
-512.897
-604.403
-683.973
-716.464
-720.443
-731.052
-755.586
-785.757
-812.943
-828.858
-824.216
-789.072
-742.325
-713.481
-702.54
-680.326
-627.279
-554.34
-482.064
-410.119
-334.858
-257.277
-181.022
-101.784
-12.5986
80.5649
168.092
239.706
293.747
341.821
398.515
465.155
523.506
558.65
572.243
571.912
561.302
547.377
544.725
549.035
536.437
496.32
448.246
411.113
382.601
348.783
309.661
274.518
230.422
170.413
116.04
94.1582
94.8213
77.2495
31.4966
-5.96777
-7.62549
13.5933
30.502
41.1113
49.0684
53.3784
61.0039
85.8696
132.949
179.033
204.23
211.193
223.46
263.245
322.591
371.66
393.542
394.868
395.199
394.868
390.226
393.21
406.472
401.83
354.751
292.421
257.277
242.689
208.541
144.553
69.9556
-0.994629
-76.2549
-149.526
-199.92
-243.021
-312.645
-401.499
-469.133
-506.266
-550.03
-610.039
-653.803
-663.749
-663.086
-673.032
-678.337
-671.375
-662.423
-646.177
-596.114
-508.919
-433.327
-407.466
-400.835
-359.061
-281.812
-209.204
-158.146
-113.056
-65.9771
-29.5073
-0.994629
49.0684
116.703
164.777
175.055
167.098
174.723
200.584
221.139
225.449
215.171
200.252
186.327
169.75
163.782
169.087
163.119
130.296
91.8374
78.2441
80.8965
69.624
36.4697
2.98389
-20.8872
-41.1113
-51.7207
-45.0898
-30.502
-29.5073
-42.4375
-47.4106
-33.1543
-2.98389
32.8228
68.6294
99.7944
114.051
109.741
118.692
165.108
232.412
278.165
285.127
279.159
291.426
317.95
343.81
365.692
376.633
367.018
330.548
291.426
274.518
269.213
244.347
190.637
129.633
76.918
29.1758
-18.2349
-58.3516
-93.4951
-140.574
-200.252
-251.973
-280.817
-298.057
-321.265
-350.441
-373.649
-380.28
-374.975
-366.355
-350.441
-322.591
-285.79
-252.636
-225.118
-186.327
-131.954
-78.2441
-38.7905
-6.63086
28.1812
66.6401
103.11
138.253
171.408
196.605
206.551
199.589
185.333
181.354
188.648
187.653
161.793
117.698
77.9126
54.3731
42.769
34.4805
26.1919
13.2617
-10.9409
-33.4858
-42.4375
-42.106
-43.4321
-47.4106
-52.0523
-67.6348
-90.8428
-98.1367
-78.9072
-58.6831
-58.02
-66.6401
-64.6509
-51.7207
-33.1543
-4.31006
28.5127
44.7583
39.1221
32.8228
46.7476
72.2764
87.8589
92.832
94.8213
93.8267
88.8535
91.5059
111.067
136.596
143.89
126.649
103.441
91.8374
89.8482
81.5596
57.0254
20.5557
-16.9087
-52.3838
-91.5059
-127.976
-159.472
-192.295
-230.422
-266.561
-286.453
-299.052
-315.96
-330.217
-335.853
-332.869
-329.554
-321.928
-300.378
-278.165
-264.24
-248.326
-215.171
-170.082
-128.307
-88.522
-43.4321
3.31543
43.1006
79.2388
124.66
181.686
233.406
263.908
278.828
297.063
322.26
340.826
347.457
347.789
348.783
341.821
312.977
278.165
261.587
258.272
241.032
204.562
178.039
161.461
126.649
71.2817
35.4751
33.1543
19.561
-27.8496
-73.6025
-90.1797
-104.105
-133.943
-151.515
-139.911
-129.965
-149.526
-170.745
-159.804
-132.949
-113.719
-98.4683
-71.9448
-42.769
-24.8657
-10.6094
12.9302
40.7798
67.3032
94.1582
120.35
137.259
148.2
159.472
168.424
170.082
166.103
164.114
162.788
149.526
129.302
110.735
85.8696
53.0469
19.2295
-6.9624
-29.5073
-62.3301
-101.452
-138.917
-171.408
-198.926
-219.481
-232.412
-245.01
-258.272
-269.876
-276.838
-280.154
-274.518
-257.94
-242.026
-233.738
-228.102
-216.498
-201.578
-188.648
-168.755
-135.27
-105.099
-89.5166
-80.5649
-57.3569
-17.9033
16.2456
42.769
69.624
95.4844
115.377
131.623
153.504
179.696
192.295
187.985
185.996
194.284
202.573
200.252
187.985
178.039
169.087
156.488
142.563
123.334
96.1475
66.6401
48.4053
39.7852
26.1919
0.994629
-26.5234
-44.0952
-60.6724
-80.5649
-95.4844
-91.8374
-81.228
-84.2119
-96.479
-98.1367
-83.8804
-65.6455
-50.7261
-33.8174
-13.2617
4.6416
19.2295
38.7905
60.3408
80.8965
100.789
121.345
141.9
148.863
147.868
156.82
171.739
182.349
178.702
164.114
149.526
136.264
127.644
120.682
109.078
89.8482
58.6831
22.5449
-5.63623
-22.2134
-33.1543
-46.0845
-63.9878
-86.5327
-103.773
-112.062
-110.735
-102.447
-92.832
-88.522
-90.5112
-93.1636
-86.5327
-74.2656
-65.9771
-64.3193
-72.6079
-87.5274
-101.121
-113.388
-124.329
-132.286
-138.917
-148.531
-162.456
-176.049
-184.338
-182.68
-171.408
-154.167
-137.922
-126.649
-116.04
-100.458
-74.9287
-47.4106
-27.8496
-13.5933
3.64697
21.8818
37.4644
47.7422
54.0415
57.6885
62.3301
68.6294
72.6079
72.6079
69.9556
67.3032
63.6563
60.6724
57.0254
55.0361
57.6885
61.3355
60.0093
50.7261
39.7852
37.4644
42.769
47.4106
48.0737
44.4268
36.4697
24.5342
19.2295
30.502
49.3999
60.3408
63.9878
69.9556
84.2119
101.121
116.372
138.917
165.108
182.017
185.996
183.675
180.359
178.702
177.044
173.729
163.119
138.585
108.746
85.8696
70.2871
57.3569
43.1006
27.1865
10.6094
-1.32617
-3.31543
2.65234
4.31006
0.663086
-1.98926
-1.98926
-4.31006
-10.2778
-14.2563
-15.251
-24.8657
-48.7368
-71.6133
-86.5327
-101.121
-121.345
-144.553
-166.103
-189.643
-215.171
-234.732
-243.353
-245.673
-251.973
-260.261
-266.892
-269.544
-266.892
-259.267
-247.663
-237.053
-227.438
-219.481
-213.514
-200.584
-178.039
-153.504
-136.264
-131.291
-124.992
-105.762
-75.5918
-44.7583
-22.2134
-7.95703
2.3208
12.5986
30.1704
55.0361
75.9233
84.5435
84.2119
83.5488
89.8482
95.8159
95.8159
95.8159
100.789
105.431
105.431
101.784
104.436
117.698
132.949
146.542
158.146
169.087
180.691
192.626
208.209
226.775
242.026
250.315
253.63
255.62
261.256
268.55
273.191
268.881
256.283
243.684
235.396
230.091
226.112
223.128
216.166
200.915
184.006
176.381
177.707
172.402
157.483
139.911
127.976
120.35
109.741
98.1367
83.2173
62.9932
38.7905
16.9087
-0.663086
-19.561
-45.0898
-77.2495
-112.393
-147.205
-180.691
-213.182
-246.005
-274.186
-297.394
-321.928
-350.109
-372.654
-384.59
-389.231
-393.21
-396.857
-394.205
-388.237
-386.911
-388.237
-381.938
-369.007
-357.735
-348.783
-338.174
-321.597
-306.346
-293.084
-276.175
-252.967
-228.765
-208.872
-187.653
-159.472
-128.307
-104.105
-89.5166
-75.2603
-56.0308
-34.1489
-16.2456
-1.32617
13.9248
29.1758
42.769
58.3516
77.2495
97.8052
116.703
132.286
149.857
171.408
190.306
200.252
207.546
219.813
235.064
246.668
252.636
256.946
264.24
273.191
280.817
290.763
305.351
319.939
330.548
339.5
353.756
370.334
380.943
383.264
382.601
383.927
384.921
379.285
366.023
350.109
332.538
310.987
290.1
272.528
255.62
232.08
204.23
180.359
162.125
140.574
110.404
78.5757
49.7315
26.1919
0
-31.4966
-66.9717
-104.436
-138.917
-167.429
-191.632
-214.177
-236.722
-260.924
-281.48
-295.405
-303.03
-309.33
-320.271
-329.885
-332.869
-329.885
-329.554
-336.848
-345.799
-351.767
-356.409
-357.072
-352.43
-346.794
-343.479
-344.473
-341.489
-330.217
-315.629
-300.71
-284.132
-265.897
-247.994
-232.743
-220.808
-207.546
-193.29
-175.718
-157.814
-142.895
-129.302
-118.029
-109.409
-100.789
-85.8696
-63.3247
-39.1221
-21.5503
-7.62549
9.94629
31.8281
56.0308
82.2227
110.404
137.59
163.451
188.648
215.171
239.706
261.919
283.469
305.683
328.228
347.126
360.387
368.013
371.991
375.307
377.627
379.617
379.948
376.964
371.66
363.371
351.767
339.5
329.885
320.934
308.335
292.752
275.512
254.957
232.08
206.551
182.68
159.804
132.949
104.105
77.5811
50.063
19.8926
-10.9409
-36.4697
-56.3623
-74.5972
-92.169
-107.751
-125.323
-140.906
-152.841
-162.788
-171.408
-179.033
-187.985
-197.931
-209.867
-219.15
-225.118
-235.396
-244.347
-249.983
-253.299
-257.94
-264.571
-266.892
-265.234
-266.229
-263.908
-256.614
-248.989
-244.679
-241.032
-234.069
-225.781
-218.487
-212.851
-207.214
-202.904
-197.6
-190.637
-184.006
-179.696
-176.049
-169.75
-159.804
-148.863
-136.596
-123.997
-110.072
-96.479
-75.5918
-48.7368
-21.8818
5.63623
35.1436
70.2871
104.105
135.933
172.734
209.867
242.026
267.887
291.758
315.297
332.206
343.147
354.088
364.697
370.334
372.323
371.991
372.654
372.323
370.002
366.355
359.393
347.789
334.195
317.618
298.72
279.159
253.962
224.455
191.632
159.804
129.302
95.8159
60.3408
25.1973
-8.28858
-40.1167
-68.6294
-92.832
-113.719
-134.938
-154.167
-169.418
-182.017
-193.621
-203.236
-211.193
-217.161
-222.797
-230.091
-236.722
-241.695
-242.358
-241.695
-242.358
-243.021
-240.037
-232.412
-223.128
-211.193
-198.263
-185.333
-173.397
-162.125
-148.531
-134.606
-123.997
-117.366
-114.714
-113.056
-111.73
-112.725
-115.045
-121.013
-128.639
-137.259
-145.216
-150.521
-154.499
-158.146
-155.825
-149.526
-142.563
-134.606
-121.013
-100.789
-75.2603
-50.063
-25.1973
-1.32617
22.2134
47.0791
72.9395
97.8052
118.029
133.943
145.547
158.146
173.397
189.311
202.241
212.851
226.444
242.026
256.283
270.208
285.459
296.731
306.014
314.303
321.265
324.581
322.591
318.944
311.65
299.715
286.453
272.86
256.946
237.716
214.84
189.643
167.098
147.205
127.313
105.431
83.2173
64.3193
47.4106
28.8442
9.94629
-5.63623
-20.5557
-35.8066
-47.4106
-56.6939
-69.2925
-87.5274
-105.431
-117.366
-127.976
-139.911
-153.173
-162.456
-166.435
-172.402
-181.686
-190.637
-196.937
-199.589
-200.252
-197.931
-194.284
-192.958
-196.273
-200.584
-201.247
-200.252
-202.573
-209.535
-211.193
-208.541
-210.198
-215.834
-221.802
-222.134
-215.834
-210.861
-203.899
-191.963
-175.055
-158.809
-147.205
-132.949
-114.051
-93.8267
-74.2656
-56.0308
-36.8013
-20.5557
-8.95166
-3.31543
2.98389
12.5986
20.5557
28.8442
36.8013
48.4053
60.0093
67.9663
77.9126
93.1636
111.398
127.644
139.248
151.184
162.125
170.413
179.033
189.974
200.252
205.225
204.562
200.915
197.268
195.279
193.621
195.279
196.273
196.937
193.29
185.001
178.702
175.386
172.734
166.766
159.472
152.178
146.542
140.243
130.959
123.002
115.377
101.784
81.5596
59.3462
44.4268
32.4912
20.8872
11.9355
5.63623
1.32617
-10.9409
-29.8389
-49.7315
-62.6616
-67.6348
-68.9609
-70.6187
-74.9287
-83.5488
-101.784
-122.008
-136.596
-143.89
-148.863
-158.809
-170.745
-181.022
-189.311
-196.273
-198.594
-198.263
-197.268
-198.263
-200.915
-199.257
-187.653
-170.745
-154.499
-140.574
-129.633
-115.377
-99.7944
-82.2227
-57.6885
-30.8335
-9.94629
-2.3208
-6.29932
-7.95703
-4.6416
-3.31543
-1.98926
1.65772
15.5825
31.4966
43.1006
49.3999
51.3892
53.3784
56.0308
70.6187
100.126
145.879
182.349
211.856
211.193
163.451
96.479
19.8926
-1.65772
25.5288
68.6294
107.088
123.334
85.2066
4.6416
-77.9126
-113.719
-40.1167
93.4951
223.128
291.758
274.849
178.37
39.4536
-92.5005
-162.125
-143.89
-70.9502
13.5933
68.2979
84.875
74.5972
59.6777
33.1543
7.95703
3.64697
31.8281
78.9072
124.329
151.847
143.558
77.9126
-47.7422
-191.963
-297.063
-320.602
-256.946
-114.382
63.6563
229.428
316.624
277.17
122.671
-97.1421
-310.987
-439.626
-441.615
-334.195
-171.408
-18.898
60.3408
29.8389
-94.8213
-241.695
-332.538
-306.346
-173.397
9.94629
182.68
278.496
252.636
113.388
-79.9019
-257.609
-346.462
-319.276
-191.3
-11.604
153.504
250.647
264.571
201.91
106.094
17.2402
-44.7583
-69.624
-59.3462
-26.1919
36.1382
123.666
228.433
310.656
336.185
288.442
175.055
36.4697
-78.2441
-123.666
-87.1958
11.9355
127.313
205.225
205.888
148.863
64.6509
-7.62549
-40.4482
-22.8765
24.2026
90.5112
144.884
163.782
133.28
59.0147
-37.4644
-114.714
-145.879
-119.687
-46.416
42.106
113.056
141.237
125.986
75.5918
12.5986
-39.4536
-70.6187
-77.5811
-61.667
-27.8496
25.5288
53.3784
41.7744
2.98389
-48.4053
-98.1367
-126.981
-129.302
-91.8374
-38.7905
-5.96777
-11.604
-61.0039
-118.692
-157.151
-161.461
-137.922
-102.778
-67.3032
-46.416
-58.3516
-93.1636
-122.671
-142.563
-160.467
-155.494
-129.302
-79.9019
-28.1812
-8.28858
-4.31006
-0.663086
-33.1543
-97.8052
-147.537
-155.162
-138.253
-109.078
-66.3086
-13.9248
39.1221
32.4912
-6.29932
-29.8389
-41.1113
-28.8442
9.94629
57.6885
109.409
148.863
135.601
81.5596
23.5396
-29.1758
-52.0523
-17.9033
41.7744
102.115
158.146
157.814
105.762
43.1006
-11.9355
-1.65772
36.4697
55.6992
108.415
154.167
139.911
94.8213
68.6294
63.3247
75.9233
73.271
69.9556
118.692
149.526
153.836
150.521
155.494
162.788
112.062
74.9287
113.719
140.906
172.734
201.578
184.338
184.338
125.655
33.1543
3.64697
8.95166
25.8604
91.1743
112.062
68.2979
38.459
-49.0684
-128.307
-174.723
-213.845
-156.82
-30.502
-5.96777
-21.8818
0.994629
-58.3516
-128.97
-202.904
-261.587
-189.974
-111.398
-86.5327
-56.0308
-34.1489
-92.5005
-201.91
-284.464
-289.769
-241.032
-206.883
-162.125
-73.9341
-46.7476
-103.773
-156.488
-152.841
-134.606
-170.413
-160.798
-124.329
-50.3945
-16.2456
-17.9033
24.5342
69.624
16.9087
-95.4844
-96.8106
-120.019
-95.4844
13.2617
60.3408
115.709
122.671
49.7315
-10.9409
-19.8926
-23.8711
-1.98926
107.751
94.4898
51.7207
24.2026
-10.6094
-27.8496
-34.4805
-1.65772
28.5127
97.4736
66.6401
40.7798
76.5864
116.04
109.409
153.173
183.343
164.777
191.632
191.632
225.118
215.171
185.001
142.895
168.092
166.435
117.698
158.478
265.566
299.052
240.369
189.311
122.008
87.1958
-12.5986
-34.1489
70.2871
166.766
175.055
93.4951
52.3838
-17.5718
-98.4683
-160.467
-145.879
-50.3945
16.9087
-20.2241
-107.751
-98.1367
-135.601
-209.867
-201.91
-185.001
-219.813
-264.903
-326.57
-273.855
-127.644
-93.4951
-94.1582
-59.3462
-79.9019
-245.01
-311.319
-259.267
-143.558
8.95166
122.339
149.194
108.415
12.5986
-148.863
-234.401
-188.316
-85.8696
-9.94629
152.51
249.983
89.5166
-29.5073
-24.2026
-201.578
-187.322
-24.5342
-7.95703
180.359
215.834
7.29395
25.1973
24.5342
-201.578
-208.872
-147.537
-158.146
33.8174
48.4053
-11.2725
111.067
75.5918
-82.5542
-140.243
-162.125
-114.051
76.2549
181.686
207.877
294.742
279.491
87.8589
60.6724
34.1489
18.5664
180.359
304.025
325.575
390.226
366.023
118.029
104.436
99.4629
0.331543
132.949
220.145
201.578
258.272
146.874
6.9624
11.2725
-18.2349
-26.1919
-16.5772
9.2832
44.7583
44.0952
-65.6455
-137.922
-108.746
-97.1421
-104.105
-77.9126
-35.8066
-80.8965
-94.1582
-185.996
-258.604
-145.547
-135.27
-172.071
-74.9287
11.2725
-69.624
-221.139
-240.369
-155.825
-127.644
-164.445
-100.126
2.3208
-1.32617
-56.3623
-160.798
-142.895
-84.5435
-149.194
-165.772
-43.1006
35.8066
-72.9395
-106.425
-66.9717
-85.5381
-99.1314
-159.472
-84.2119
75.9233
-11.9355
-101.784
-28.5127
-67.9663
-115.709
-90.1797
-92.5005
0.331543
135.27
69.2925
-58.3516
-62.3301
-59.3462
-61.9985
35.4751
160.135
177.707
231.085
183.675
23.8711
-44.4268
34.1489
178.702
273.855
314.634
342.484
344.473
170.413
114.382
154.499
170.082
312.314
315.297
309.661
387.905
265.234
87.1958
72.6079
101.784
100.458
174.06
213.182
239.706
281.148
110.404
-18.898
5.96777
-47.7422
-39.4536
63.3247
49.7315
59.0147
139.911
27.8496
-94.8213
-104.436
-192.295
-201.91
-125.655
-133.943
0.663086
41.1113
-46.0845
-150.521
-328.891
-312.314
-274.518
-283.469
-151.184
-13.2617
-58.3516
-130.296
-221.802
-335.19
-296.068
-274.186
-250.315
-193.621
-173.397
-142.895
-197.6
-191.963
-233.075
-270.539
-172.071
-185.996
-194.616
-146.542
-110.735
-95.1528
-113.719
-141.569
-177.707
-123.997
-156.82
-213.514
-113.388
-68.9609
-73.6025
-24.8657
-45.4214
-126.649
-99.7944
-67.3032
-63.6563
52.0523
149.526
160.135
161.461
116.703
84.2119
75.2603
93.1636
133.28
219.15
331.211
316.292
263.245
302.036
297.063
221.139
215.834
279.822
260.261
300.378
342.815
308.667
335.853
275.844
128.307
126.649
173.397
123.666
167.761
217.492
208.541
143.558
105.762
81.8911
11.604
57.0254
114.051
105.762
147.205
61.667
11.2725
114.714
96.8106
44.4268
75.2603
29.5073
-20.2241
27.5181
-54.0415
-71.9448
70.9502
45.0898
-56.6939
-32.4912
-154.831
-201.578
-117.698
-125.655
-113.056
-75.2603
-75.2603
-118.029
-109.741
-238.048
-294.41
-178.702
-185.333
-203.899
-161.793
-147.537
-149.194
-141.237
-254.957
-277.833
-174.723
-265.897
-200.915
-123.666
-176.712
-93.1636
-158.478
-235.396
-189.643
-215.503
-239.043
-148.2
-39.7852
-32.8228
-51.7207
-107.42
-118.029
-113.056
-120.019
-62.6616
14.2563
77.5811
12.9302
16.5772
-3.97852
-41.4429
53.0469
35.4751
70.6187
182.349
142.563
144.553
121.345
55.3677
101.452
76.2549
16.5772
118.029
224.786
153.173
135.601
114.051
23.208
35.8066
83.8804
38.459
81.8911
276.838
191.963
75.9233
117.366
78.9072
92.5005
115.377
29.5073
49.3999
141.569
9.61475
41.7744
119.355
42.4375
154.499
147.868
41.4429
79.9019
50.063
4.31006
76.5864
105.431
135.601
137.59
90.5112
20.5557
-86.2012
-72.9395
-16.9087
17.2402
73.6025
87.5274
11.9355
-39.4536
-109.741
-148.531
-131.623
-99.7944
14.9194
-19.2295
-96.1475
-94.4898
-171.076
-149.194
-54.7046
-140.243
-101.784
3.97852
-111.73
-63.3247
-13.9248
-163.782
-51.7207
-37.1328
-191.3
-41.4429
-26.1919
-79.2388
49.7315
36.1382
-35.8066
50.3945
16.9087
-19.2295
76.2549
9.94629
-77.2495
43.4321
27.8496
-82.8858
92.832
32.4912
-7.62549
68.9609
-39.7852
-44.7583
87.5274
67.6348
35.8066
106.757
-8.28858
-78.5757
5.63623
-69.9556
-98.1367
118.692
-9.2832
11.604
82.8858
-77.5811
32.4912
110.404
-23.208
-64.6509
50.7261
21.5503
15.251
87.8589
89.1851
81.5596
45.4214
-74.2656
-83.2173
-1.98926
-36.4697
16.9087
127.313
64.9824
33.4858
24.2026
-74.2656
-105.762
-56.3623
-28.5127
-44.0952
64.6509
96.1475
-67.9663
-67.9663
-114.714
-182.349
-48.0737
-23.208
-55.3677
83.8804
33.8174
-172.071
-105.099
-170.745
-139.248
13.9248
-25.1973
-57.0254
-6.29932
-19.561
-175.718
-100.126
-48.0737
-100.458
8.62012
8.95166
-34.812
124.66
26.5234
-92.5005
-25.1973
-114.051
-175.055
-29.5073
58.3516
25.8604
193.29
213.514
109.741
102.447
68.9609
-6.63086
17.2402
132.617
125.986
158.146
252.636
178.702
41.7744
38.459
-26.5234
-13.9248
121.013
124.329
139.248
223.46
128.639
35.8066
42.4375
-1.32617
15.251
48.4053
18.5664
16.9087
13.2617
-50.3945
40.1167
56.6939
-6.9624
-9.94629
-7.62549
14.9194
-18.2349
-20.8872
20.8872
51.7207
34.1489
19.8926
8.62012
-27.1865
42.4375
55.6992
10.2778
55.0361
58.02
-19.2295
-75.9233
-52.7153
-99.1314
-80.2334
11.2725
-22.8765
4.97315
70.2871
-33.4858
-95.4844
-20.5557
-74.5972
-114.714
-11.2725
-15.5825
-126.981
-111.067
-108.415
-196.605
-139.58
-113.719
-167.429
-93.8267
-65.314
-133.943
-61.0039
-26.5234
-67.3032
-37.4644
-87.1958
-169.087
-93.1636
-54.0415
-120.019
-32.1597
26.5234
-80.2334
-46.416
-51.3892
-99.1314
-49.3999
-71.9448
54.7046
62.6616
13.5933
89.1851
76.2549
14.2563
7.62549
50.063
49.3999
101.784
145.879
136.927
88.522
81.5596
24.2026
-30.8335
27.5181
28.8442
-27.8496
46.416
136.596
-0.331543
32.4912
75.5918
40.7798
25.8604
68.9609
91.1743
54.0415
148.863
79.2388
32.1597
40.7798
13.2617
-3.31543
20.8872
78.5757
44.7583
61.667
48.0737
-38.459
79.5703
10.6094
7.95703
130.959
8.62012
90.5112
99.1314
21.2188
39.7852
35.1436
-17.5718
26.5234
27.1865
-10.2778
34.812
-1.32617
10.9409
-73.271
-68.6294
-29.8389
-71.9448
29.5073
2.98389
-43.4321
77.2495
37.7959
-82.2227
0.994629
-8.95166
-81.8911
-23.8711
-58.3516
-60.0093
22.2134
-17.9033
-112.393
-85.8696
-103.441
-189.643
-137.59
-115.045
-75.2603
-72.2764
-72.2764
0.994629
-45.4214
-103.441
-99.1314
-43.4321
-97.1421
-131.954
23.5396
45.7529
66.9717
127.976
-71.2817
-32.8228
33.8174
-131.954
-42.4375
170.413
128.639
48.0737
145.879
17.9033
-61.9985
59.3462
54.0415
5.30469
111.73
72.9395
-27.5181
82.8858
64.3193
-50.7261
79.9019
91.8374
-59.0147
-26.855
-38.1274
16.5772
70.9502
89.5166
73.6025
109.409
88.8535
-9.2832
-0.994629
7.95703
44.0952
-0.663086
20.2241
84.2119
20.8872
18.2349
-5.30469
-43.7637
-30.8335
-36.4697
-2.98389
-58.6831
39.7852
78.2441
-18.898
14.2563
-89.8482
-164.114
-58.3516
-153.504
-256.283
54.7046
70.2871
-63.6563
98.4683
-13.9248
-139.58
-23.5396
-114.382
-140.243
104.768
41.4429
-4.6416
68.9609
-43.7637
-65.314
-83.5488
-179.365
-148.531
-13.9248
-55.0361
-29.1758
55.0361
14.5879
-8.95166
-35.1436
-122.008
-108.746
-5.96777
8.62012
1.98926
154.831
189.311
27.1865
86.5327
-20.8872
-42.106
20.2241
-24.2026
33.1543
146.542
173.397
53.0469
51.3892
71.6133
40.1167
7.62549
10.6094
53.0469
152.841
173.397
114.051
58.3516
62.9932
-10.2778
-108.746
-51.0576
28.5127
88.1904
98.1367
105.431
112.393
55.0361
36.8013
39.4536
44.7583
88.522
81.8911
43.4321
43.1006
64.6509
35.1436
-43.7637
-26.1919
-59.3462
-76.2549
-53.71
-95.1528
-6.29932
6.63086
20.2241
-5.96777
-59.6777
-38.1274
-46.416
-53.3784
-21.2188
-4.97315
-20.8872
33.4858
-78.2441
-63.9878
-19.2295
-86.8643
-43.4321
-33.4858
-47.0791
-82.8858
-30.8335
-106.425
-107.42
-36.1382
-70.6187
-28.8442
-19.8926
-89.8482
-88.522
-102.447
-150.521
-159.804
-112.393
-43.7637
-101.784
-70.2871
-44.7583
-97.1421
-127.313
-86.5327
-84.875
-41.1113
-28.1812
-76.2549
-19.8926
-0.663086
-12.5986
-62.9932
-73.6025
-39.1221
-13.9248
-65.9771
-14.5879
59.6777
26.5234
67.3032
25.8604
-27.5181
-38.459
3.64697
14.5879
58.02
124.992
117.035
115.709
103.441
79.2388
13.2617
78.2441
136.596
94.4898
189.311
262.582
169.75
183.343
155.162
92.5005
58.02
25.1973
61.3355
138.253
201.247
167.761
208.872
159.472
75.2603
35.1436
-4.6416
28.5127
93.8267
131.291
106.094
93.4951
32.4912
-23.8711
-85.8696
-59.0147
2.98389
14.9194
106.094
135.27
64.3193
59.6777
59.0147
-36.8013
-45.4214
-8.62012
-49.7315
-25.5288
37.7959
9.94629
-42.4375
-38.1274
-42.4375
-131.954
-161.793
-83.5488
-19.561
-64.6509
-69.624
-40.4482
-118.692
-182.349
-174.723
-137.922
-166.435
-105.431
-89.5166
-205.557
-145.547
-175.718
-262.582
-157.151
-74.2656
-178.702
-157.483
-94.8213
-141.237
-104.105
-163.782
-121.676
-37.1328
-118.361
-89.8482
-47.7422
-121.013
-18.5664
-51.7207
-171.408
-16.2456
18.5664
-80.5649
-4.97315
96.479
41.4429
11.604
-35.8066
9.2832
104.105
48.4053
105.099
180.691
96.8106
91.5059
70.9502
8.95166
68.9609
101.784
123.334
140.574
182.017
143.89
71.2817
65.9771
82.2227
68.2979
91.1743
164.114
139.58
235.064
189.643
32.4912
98.7998
49.7315
-18.2349
116.703
149.857
132.286
221.139
151.847
54.0415
90.1797
-12.2671
-42.106
60.6724
75.9233
97.8052
152.51
133.943
19.2295
19.8926
-1.65772
-148.531
-59.3462
75.9233
5.96777
71.9448
140.243
-71.2817
-61.667
-58.3516
-229.759
-61.667
-9.2832
-82.2227
52.3838
41.1113
-83.8804
-87.8589
-127.976
-146.21
-163.451
-165.108
-78.9072
-76.2549
-105.099
-69.624
-108.746
-200.584
-150.189
-162.456
-165.108
-78.2441
-48.7368
-72.2764
-52.0523
-32.8228
-119.024
-95.1528
-89.8482
-129.633
-67.3032
-45.4214
-66.6401
0.331543
12.2671
-12.2671
7.95703
-65.9771
-88.1904
-34.4805
-60.6724
-70.6187
33.1543
54.7046
51.7207
46.416
26.5234
43.4321
27.5181
32.1597
8.62012
88.522
164.777
96.1475
46.7476
96.1475
121.013
-19.561
2.3208
139.911
92.5005
124.329
158.809
96.1475
174.723
124.66
-19.8926
93.8267
165.108
63.6563
24.5342
80.8965
114.714
73.6025
48.4053
44.4268
94.1582
141.569
21.5503
9.61475
106.094
40.1167
60.6724
63.6563
-7.95703
57.0254
13.5933
-119.355
-26.5234
32.8228
-93.8267
-74.5972
18.2349
-29.8389
-57.6885
-102.115
-100.789
-5.96777
-97.4736
-166.435
-38.1274
-43.4321
-102.778
-58.3516
-148.531
-107.751
-46.0845
-123.002
-111.73
-24.8657
-58.02
-142.563
-88.8535
-106.757
-155.494
-69.624
-40.1167
-86.8643
38.7905
-28.5127
-172.071
-11.604
-38.459
-233.406
-50.7261
23.8711
-107.088
38.7905
1.65772
-90.5112
5.63623
-57.6885
-115.377
49.7315
45.0898
14.9194
171.076
104.768
13.9248
41.1113
-22.5449
-75.9233
28.5127
46.416
77.2495
156.82
150.852
122.339
84.5435
83.8804
60.3408
86.5327
130.296
143.89
112.393
146.874
138.585
47.7422
113.719
121.676
47.0791
155.494
156.82
90.5112
180.028
148.863
87.5274
93.4951
102.447
21.8818
13.9248
75.2603
23.208
55.6992
60.3408
0.331543
23.208
7.62549
-58.02
-12.9302
-4.6416
-18.5664
9.61475
-26.855
-39.4536
-39.7852
-121.013
-151.515
-66.9717
-121.345
-92.832
-6.29932
-52.0523
-35.4751
-52.7153
-94.8213
-113.719
-110.072
-104.768
-139.248
-125.323
-84.5435
-139.911
-135.27
-92.5005
-136.927
-139.248
-109.409
-139.911
-117.035
-56.0308
-87.8589
-71.2817
-67.6348
-66.3086
-86.2012
-111.398
-100.126
-133.28
-82.8858
-31.4966
-79.9019
-46.7476
19.2295
-40.4482
-51.0576
-25.5288
-35.4751
-40.7798
-16.5772
-5.63623
-2.98389
40.1167
22.2134
38.1274
90.1797
76.5864
7.29395
34.4805
90.1797
33.8174
91.8374
140.906
117.698
169.087
152.178
58.02
71.9448
108.415
56.0308
107.088
186.99
140.574
152.178
166.103
75.5918
90.1797
136.927
13.5933
67.9663
205.225
62.9932
61.9985
178.039
50.3945
57.6885
152.178
-17.2402
63.6563
158.809
-2.3208
51.7207
116.703
25.5288
47.4106
81.5596
-3.97852
4.31006
19.8926
-55.6992
-33.4858
74.5972
-31.165
-8.95166
79.2388
-62.9932
-22.8765
-18.5664
-89.1851
18.898
-17.9033
-76.5864
-27.8496
-78.5757
-106.425
-70.9502
-107.42
-117.698
-37.4644
-136.596
-112.062
-38.459
-154.831
-102.778
-74.2656
-178.37
-177.707
-112.062
-137.259
-156.157
-109.078
-121.345
-146.874
-123.334
-137.259
-132.949
-76.2549
-44.7583
-106.757
-74.2656
-13.5933
-68.2979
-68.9609
-46.7476
-37.7959
-62.3301
-39.1221
-31.8281
-24.8657
14.2563
-36.1382
-25.8604
44.7583
-2.98389
30.1704
98.1367
89.5166
120.019
77.9126
47.4106
87.8589
99.7944
56.6939
61.0039
96.1475
96.1475
78.5757
56.0308
68.2979
104.436
69.9556
54.0415
107.751
106.094
104.436
127.976
112.725
89.5166
117.035
76.918
44.7583
107.42
60.3408
40.4482
72.2764
28.5127
39.1221
59.0147
44.0952
45.0898
60.6724
71.2817
51.3892
34.4805
49.0684
3.31543
8.62012
31.4966
-12.5986
14.9194
21.2188
-46.416
-55.0361
-50.063
-72.6079
-51.3892
-30.8335
-14.9194
16.2456
5.30469
-46.0845
-78.9072
-80.5649
-96.1475
-130.628
-97.1421
-83.2173
-80.5649
-43.4321
-86.2012
-100.126
-63.3247
-100.126
-97.8052
-46.0845
-44.7583
-37.1328
-25.8604
-50.3945
-71.9448
-55.3677
-109.409
-142.895
-81.228
-53.0469
-28.8442
2.98389
50.3945
47.4106
8.95166
-8.28858
-62.6616
-5.96777
72.9395
37.7959
121.013
157.151
83.2173
53.3784
-21.5503
-41.4429
8.28858
13.5933
9.94629
78.9072
112.393
64.6509
39.7852
44.4268
36.8013
8.28858
27.5181
52.0523
63.6563
129.633
69.624
41.4429
105.431
-14.5879
-73.9341
-18.898
-27.5181
-20.5557
54.0415
44.4268
30.1704
83.8804
9.94629
-37.4644
11.9355
-36.4697
-56.0308
16.5772
1.98926
-50.3945
13.5933
-7.29395
-71.6133
-16.5772
-76.5864
-92.832
11.9355
-18.5664
-48.7368
40.1167
22.5449
-42.769
-25.8604
-55.6992
-77.5811
-37.4644
-42.769
-42.4375
1.32617
-26.1919
-64.6509
-34.1489
-29.5073
-31.165
-19.561
16.5772
-6.29932
-19.8926
2.3208
-31.8281
-6.29932
-6.63086
9.2832
10.9409
-17.2402
0.663086
-11.604
-19.8926
2.65234
-12.5986
-1.32617
11.9355
17.9033
24.2026
41.7744
48.4053
23.5396
55.3677
7.29395
-6.29932
35.8066
-1.32617
-1.98926
48.4053
28.1812
5.63623
51.3892
19.8926
5.63623
45.7529
16.5772
24.8657
42.769
21.8818
12.9302
12.9302
43.1006
25.8604
19.561
45.7529
13.5933
7.95703
-5.96777
-19.2295
19.2295
39.4536
19.8926
75.2603
77.5811
-0.663086
12.9302
-6.9624
-24.8657
4.97315
9.2832
0.663086
38.7905
9.94629
-29.5073
14.5879
-15.251
-33.1543
26.855
28.5127
-12.2671
33.8174
9.61475
-43.1006
6.29932
-31.165
-46.0845
2.3208
-34.4805
-39.1221
-26.1919
-26.855
-37.1328
-22.5449
-7.95703
-35.4751
-0.994629
-16.9087
-62.3301
-26.1919
5.96777
-56.6939
-41.1113
-12.9302
-90.1797
-71.9448
-46.0845
-72.2764
-40.7798
-23.8711
-59.6777
-65.6455
-56.3623
-95.8159
-70.6187
-20.8872
-48.7368
-6.29932
19.561
-13.9248
-33.1543
-1.32617
-6.63086
-29.8389
8.62012
-6.29932
-5.63623
1.65772
-6.63086
-13.5933
-1.32617
26.1919
-9.94629
23.5396
55.3677
22.5449
88.1904
88.1904
51.0576
81.5596
68.9609
20.8872
29.8389
42.769
0.331543
48.7368
58.02
21.8818
76.2549
51.7207
26.5234
56.0308
