SAMPLES: 7236
BITSPERSAMPLE:	16
CHANNELS:	1
SAMPLERATE:	16000
NORMALIZED:	FALSE
-80.0261
-76.405
-73.146
-68.4386
-63.3691
-57.9374
-51.4195
-45.6257
-38.7457
-31.5035
-22.8129
-14.4844
-5.06952
3.25898
13.0359
24.2613
34.7625
46.3499
58.6616
71.6976
86.544
102.477
117.685
133.256
148.827
162.587
175.261
185.762
193.366
198.798
202.419
203.143
203.143
200.246
195.901
190.469
185.038
178.52
172.002
167.294
161.863
157.879
153.534
148.465
144.481
139.774
132.532
124.928
116.237
106.46
95.2346
82.1987
69.1628
56.8511
44.1773
31.1414
18.4676
5.79374
-6.15585
-17.0191
-27.5203
-36.9351
-45.6257
-53.23
-61.5585
-69.887
-79.664
-88.7167
-98.8557
-110.081
-119.496
-129.273
-137.601
-145.568
-152.086
-157.517
-161.863
-165.484
-168.019
-169.105
-169.105
-168.743
-167.656
-165.122
-163.673
-161.138
-160.052
-158.604
-155.707
-152.81
-147.378
-141.222
-135.791
-128.549
-119.858
-111.892
-103.563
-95.2346
-87.9925
-78.5776
-70.9733
-65.1796
-59.3859
-53.9542
-49.971
-44.9015
-40.1941
-36.2109
-30.7793
-25.7097
-20.6402
-15.5707
-10.5012
-6.51796
-2.89687
-0.724218
1.08633
3.62109
4.70742
6.15585
9.41483
11.9496
16.657
22.4508
27.1582
34.7625
42.3667
50.3331
59.748
68.0765
77.4913
84.7335
90.8893
94.5104
97.7694
99.58
100.666
101.39
100.304
101.028
100.666
101.753
103.563
105.012
106.822
108.271
109.357
110.081
110.805
112.254
112.254
112.616
112.616
112.254
111.53
114.064
115.875
120.22
128.549
136.515
147.74
158.604
169.467
179.244
186.848
193.004
195.177
193.366
188.297
177.433
161.863
140.136
114.789
88.7167
60.1101
32.2277
5.06952
-20.2781
-40.9183
-58.6616
-69.5249
-77.8534
-82.1987
-82.9229
-83.6472
-83.6472
-83.2851
-86.1819
-89.0788
-92.6999
-99.9421
-108.633
-120.582
-133.618
-145.568
-155.345
-163.311
-168.743
-170.553
-170.553
-168.019
-164.397
-160.776
-157.517
-155.345
-153.172
-152.81
-155.345
-159.69
-166.57
-172.726
-178.882
-183.589
-186.848
-189.383
-190.107
-191.194
-191.194
-190.107
-188.297
-186.486
-183.951
-182.865
-180.33
-177.433
-174.537
-169.105
-165.484
-160.052
-153.172
-147.74
-141.222
-136.877
-135.791
-133.256
-131.808
-132.532
-131.808
-128.911
-122.393
-103.563
-75.3187
-32.5898
31.1414
109.357
199.884
299.826
403.027
506.59
602.549
681.127
737.978
771.292
777.448
754.997
698.146
610.878
501.883
383.473
259.994
140.136
30.4171
-59.748
-119.134
-149.551
-150.637
-128.911
-92.6999
-38.0214
22.4508
82.1987
137.239
177.071
203.143
215.093
214.368
200.608
177.433
150.637
123.841
104.649
91.6136
89.803
98.4936
113.702
130.359
146.654
159.328
159.69
148.103
118.048
71.3355
10.8633
-60.8343
-134.705
-212.196
-284.256
-347.262
-395.423
-424.392
-437.79
-436.703
-420.771
-389.991
-350.884
-307.068
-263.977
-225.594
-194.09
-169.829
-157.517
-154.621
-157.517
-165.846
-173.088
-180.33
-183.951
-179.606
-169.829
-153.534
-134.705
-115.513
-96.6831
-81.1124
-68.8007
-65.5417
-72.0597
-84.7335
-103.925
-128.911
-158.242
-185.762
-209.299
-223.421
-224.87
-216.903
-195.539
-160.052
-115.875
-66.628
-14.8465
32.9519
76.7671
109.719
129.635
137.239
129.997
111.53
85.4577
56.1269
27.8824
0.362109
-21.0023
-33.6761
-38.0214
-33.6761
-22.8129
-12.3117
-2.89687
5.06952
4.34531
0
-12.3117
-31.8656
-48.5226
-57.5753
-54.6784
-32.9519
15.5707
96.6831
206.764
338.934
485.588
639.846
789.397
918.308
1012.82
1062.79
1063.51
1015.35
913.601
760.067
562.355
342.917
119.134
-95.5968
-287.152
-442.859
-551.854
-605.446
-599.29
-545.336
-459.154
-347.262
-222.697
-97.7694
16.657
108.271
173.088
209.661
220.162
210.747
187.935
156.069
122.393
97.0452
82.1987
81.4745
93.4241
110.081
126.738
135.429
129.273
106.098
59.748
-8.69061
-100.666
-210.747
-326.622
-437.428
-536.645
-618.12
-671.712
-689.817
-668.453
-609.067
-523.61
-421.133
-308.155
-193.004
-87.6304
-3.25898
54.3163
77.8534
69.887
32.2277
-24.9855
-96.321
-175.261
-246.596
-303.809
-340.744
-355.953
-344.366
-309.965
-254.925
-187.572
-116.599
-47.7984
9.05272
48.8847
69.1628
68.8007
51.7816
24.2613
-13.398
-50.3331
-77.1292
-87.6304
-78.2155
-53.9542
-12.3117
44.1773
110.081
176.347
232.474
273.03
292.584
290.049
266.874
222.697
163.311
94.5104
26.7961
-32.2277
-80.0261
-113.702
-130.721
-130.359
-114.064
-92.3378
-74.2323
-61.1964
-55.7648
-55.7648
-62.6448
-80.3882
-97.4073
-102.477
-84.3714
-26.7961
74.5944
218.714
395.061
593.497
804.244
1010.65
1188.44
1309.75
1358.63
1330.39
1227.55
1051.2
799.899
486.312
140.86
-200.608
-506.228
-753.911
-931.706
-1022.6
-1017.89
-916.86
-733.271
-502.607
-253.838
-13.7601
196.263
366.816
476.173
517.816
491.382
411.356
303.809
184.676
69.1628
-28.9687
-98.4936
-129.273
-114.426
-64.8175
7.60429
81.8366
139.412
170.915
162.225
105.736
-0.724218
-153.534
-336.761
-525.42
-699.957
-836.472
-920.481
-944.742
-902.738
-795.191
-628.983
-425.116
-211.472
-6.88007
168.743
296.929
362.833
359.936
288.963
165.122
6.88007
-167.656
-338.934
-482.329
-580.461
-620.293
-597.118
-523.247
-404.838
-259.994
-103.925
44.5394
164.397
243.699
272.306
252.39
189.021
96.6831
-12.6738
-118.41
-202.781
-252.752
-256.373
-214.731
-130.721
-17.7433
111.167
240.078
352.694
432.358
469.655
456.981
398.682
307.43
193.728
72.0597
-47.4363
-145.93
-214.006
-241.889
-229.215
-187.935
-123.479
-56.1269
0
37.6593
44.1773
15.9328
-44.1773
-126.376
-209.299
-264.702
-278.824
-223.421
-91.9757
116.237
396.871
713.717
1041.43
1351.39
1604.5
1765.28
1810.18
1725.09
1514.34
1189.89
772.016
291.136
-204.229
-662.659
-1040.7
-1305.76
-1439.38
-1429.61
-1284.4
-1019.34
-672.074
-292.584
73.5081
384.56
613.775
744.134
771.654
701.405
555.475
363.919
162.949
-11.2254
-140.86
-206.04
-202.781
-139.412
-31.5035
93.4241
205.678
279.91
294.032
229.939
89.4409
-120.944
-380.576
-660.487
-926.637
-1137.02
-1267.02
-1291.64
-1202.93
-1008.11
-723.494
-379.49
-11.9496
333.14
611.602
797.364
868.699
821.625
669.539
428.737
133.256
-176.347
-462.051
-692.352
-841.541
-894.409
-847.335
-710.82
-510.574
-273.754
-28.9687
186.848
352.332
447.567
460.603
398.682
274.116
109.719
-66.628
-229.577
-355.953
-420.771
-417.512
-346.176
-218.352
-55.0406
124.203
291.86
423.667
500.797
512.384
463.137
359.212
216.179
57.5753
-90.8893
-204.592
-273.754
-290.049
-259.994
-191.194
-93.062
9.77694
104.287
160.776
165.122
118.772
11.9496
-130.359
-300.188
-472.19
-615.585
-698.146
-690.18
-569.597
-323.363
22.8129
450.463
902.013
1328.94
1695.39
1951.4
2061.85
2003.91
1780.85
1428.88
977.694
463.137
-69.5249
-587.341
-1020.79
-1325.32
-1477.77
-1483.92
-1362.62
-1118.92
-789.76
-408.821
-39.4699
265.788
474.725
574.667
587.703
523.247
409.907
270.133
135.067
41.6425
14.1222
54.6784
143.395
255.649
361.385
445.756
477.622
434.893
305.62
87.2683
-193.004
-504.78
-806.417
-1059.53
-1231.17
-1298.52
-1245.65
-1068.58
-779.983
-411.718
-13.398
367.903
694.163
938.224
1060.98
1046.49
899.116
639.122
315.397
-27.1582
-346.538
-599.29
-755.721
-798.45
-732.908
-581.909
-371.524
-131.083
95.2346
278.824
401.217
447.205
425.84
341.831
206.402
46.7121
-114.426
-247.683
-333.502
-376.955
-375.507
-328.071
-254.2
-169.829
-95.2346
-49.971
-33.6761
-52.5058
-97.4073
-148.103
-195.539
-235.371
-257.097
-252.028
-215.093
-154.258
-78.5776
-3.62109
69.1628
127.1
154.258
133.618
59.0238
-40.9183
-149.913
-249.855
-354.505
-447.205
-507.677
-538.456
-529.041
-491.02
-426.564
-345.452
-252.028
-134.705
12.3117
235.733
580.461
945.829
1237.33
1465.45
1674.39
1839.51
1879.71
1758.04
1460.75
1074.38
704.664
336.399
-115.875
-628.983
-1052.65
-1301.78
-1381.45
-1326.04
-1183.01
-965.02
-627.173
-179.244
273.754
631.156
855.663
948.363
933.879
862.906
756.083
605.446
410.269
233.198
148.465
154.621
199.16
216.903
187.935
121.306
31.8656
-99.2178
-301.637
-560.183
-819.452
-1028.39
-1168.16
-1219.22
-1164.18
-1008.84
-759.705
-442.859
-90.8893
269.047
594.583
828.867
923.378
883.908
759.342
558.734
274.116
-53.5921
-364.282
-605.446
-741.599
-778.896
-741.599
-637.312
-476.173
-276.289
-78.2155
65.9038
153.534
187.572
178.52
148.827
95.9589
17.0191
-58.6616
-91.6136
-78.5776
-44.5394
-17.7433
-17.0191
-46.3499
-93.7862
-152.086
-215.817
-286.79
-342.193
-361.023
-329.881
-244.786
-139.412
-43.8152
26.7961
77.8534
117.323
129.273
93.062
18.1054
-69.1628
-144.119
-198.436
-259.27
-325.898
-367.178
-370.075
-330.605
-257.459
-186.486
-138.688
-119.858
-139.774
-177.433
-231.75
-306.706
-384.922
-425.478
-390.353
-133.618
432.358
1078.72
1575.54
1920.26
2227.33
2462.7
2479.72
2159.26
1508.55
756.083
181.779
-236.095
-729.287
-1290.56
-1694.67
-1783.39
-1599.44
-1247.83
-907.445
-615.223
-230.663
265.064
754.273
1076.91
1171.42
1060.98
850.956
675.695
569.959
463.499
295.481
139.774
120.22
249.131
383.835
390.353
239.716
-6.15585
-258.184
-499.71
-749.565
-988.557
-1145.35
-1190.61
-1117.83
-905.997
-592.41
-249.493
47.0742
254.2
389.629
505.504
592.048
561.631
385.646
172.364
27.1582
-60.1101
-127.462
-216.179
-324.087
-380.576
-368.627
-329.519
-301.637
-301.275
-319.38
-332.416
-308.517
-252.752
-203.867
-193.366
-192.28
-142.671
-43.4531
70.2491
132.894
135.067
117.323
84.3714
24.9855
-91.9757
-262.167
-421.133
-504.78
-508.763
-445.756
-334.951
-178.52
14.8465
183.951
278.824
299.102
270.857
188.297
56.489
-86.544
-198.074
-260.718
-278.1
-269.047
-276.289
-278.462
-245.872
-207.851
-183.227
-168.381
-165.484
-164.76
-178.158
-221.249
-289.687
-370.075
-415.701
-410.632
-363.919
-232.474
215.817
996.162
1696.12
2061.49
2195.1
2277.3
2282.37
2054.61
1460.75
592.772
-144.481
-456.257
-568.873
-812.935
-1168.89
-1368.77
-1257.6
-928.809
-571.408
-355.229
-210.385
50.3331
461.327
879.925
1124.35
1126.88
945.104
724.942
592.772
564.528
506.59
309.603
101.028
52.8679
118.048
118.772
-29.3308
-299.826
-573.943
-749.565
-840.455
-888.977
-865.802
-739.789
-565.252
-371.524
-134.705
134.342
345.814
402.665
269.047
45.2636
-85.8198
-133.618
-231.75
-374.059
-511.298
-556.561
-487.399
-410.632
-394.337
-415.339
-426.926
-382.749
-262.167
-120.582
-25.7097
-2.53476
9.41483
54.3163
110.081
121.306
56.1269
-49.6089
-96.321
-70.2491
-54.3163
-78.5776
-152.086
-233.198
-266.15
-267.961
-308.879
-386.008
-416.063
-386.008
-314.673
-201.695
-74.2323
61.5585
228.129
387.094
461.689
435.255
340.382
193.004
11.2254
-145.93
-250.217
-297.291
-281.359
-250.217
-217.265
-166.208
-116.599
-73.8702
-73.8702
-113.702
-120.944
-57.9374
3.62109
6.15585
-33.314
-75.6808
-89.4409
-92.3378
-94.5104
-79.664
248.769
1067.86
1918.82
2310.25
2272.96
2103.85
1907.23
1573
923.74
-39.832
-834.299
-996.162
-700.681
-445.756
-474.001
-588.427
-555.475
-366.816
-161.138
-146.654
-296.205
-374.421
-159.69
316.121
771.654
985.298
908.531
691.99
529.403
488.123
401.941
89.0788
-320.104
-547.871
-529.041
-426.926
-389.991
-477.984
-620.655
-693.076
-680.403
-628.621
-547.509
-434.893
-341.469
-267.598
-143.757
62.6448
263.615
303.085
116.961
-177.795
-368.989
-424.03
-431.996
-482.329
-604.722
-644.916
-507.677
-295.119
-127.824
-75.6808
-141.947
-211.11
-157.517
-8.69061
74.5944
24.2613
-70.9733
-72.4218
48.1605
183.227
194.09
51.0574
-86.1819
-107.184
-73.146
-95.2346
-208.213
-325.898
-345.09
-269.771
-158.604
-60.4722
6.15585
72.0597
166.57
252.028
295.843
312.5
319.38
306.706
258.546
200.246
119.496
-4.70742
-143.395
-297.291
-420.408
-443.221
-410.632
-365.006
-319.38
-265.064
-159.69
3.25898
144.119
175.985
150.999
123.479
72.4218
37.2972
-26.7961
-129.635
-193.366
-149.189
-10.139
316.845
1171.78
2188.22
2633.62
2431.2
1932.58
1430.69
962.486
364.644
-495.003
-1239.86
-1188.08
-438.514
271.22
450.101
172.726
-134.705
-300.55
-342.193
-423.667
-594.583
-615.947
-271.582
445.394
1177.58
1550.19
1420.55
902.375
303.809
-116.599
-370.8
-644.916
-926.275
-955.243
-615.585
-124.928
226.68
271.22
21.0023
-375.507
-772.378
-1064.6
-1186.63
-1084.52
-810.038
-475.087
-126.376
227.767
534.473
609.067
287.152
-323.725
-875.941
-1130.5
-1117.83
-976.97
-797.364
-586.979
-289.687
42.3667
231.025
187.935
-55.7648
-349.797
-505.142
-431.634
-202.781
45.6257
238.63
379.128
476.535
474.363
281.359
-111.892
-541.353
-793.019
-798.088
-616.309
-330.968
-9.05272
288.601
496.813
571.046
468.931
231.025
-21.0023
-172.726
-161.863
-1.81054
273.754
576.477
814.383
899.116
755.359
418.96
-40.5562
-495.365
-821.263
-965.02
-854.215
-485.95
-12.3117
380.576
584.806
586.979
447.567
194.815
-141.222
-467.845
-628.983
-516.729
-199.884
207.488
527.231
656.503
640.209
526.506
285.704
208.937
870.872
1844.22
2198
1922.07
1487.91
1127.61
889.702
538.456
-260.718
-1057.72
-941.483
-75.6808
548.595
438.514
-123.117
-617.396
-802.795
-648.537
-451.55
-450.463
-378.042
123.117
944.38
1547.29
1588.21
1021.15
85.4577
-676.419
-899.841
-768.757
-648.899
-526.506
-188.659
314.311
682.575
678.23
235.733
-505.866
-1202.2
-1570.83
-1559.24
-1197.13
-572.132
12.3117
308.879
359.936
302.361
147.016
-243.699
-899.841
-1510.36
-1627.32
-1132.31
-372.248
212.558
405.924
283.531
71.6976
-180.692
-572.494
-1053.37
-1397.38
-1354.65
-828.867
-21.0023
666.643
954.157
841.541
497.9
106.098
-282.807
-647.089
-868.337
-803.882
-409.907
156.431
607.619
719.873
489.933
47.7984
-405.924
-689.817
-728.201
-517.454
-126.376
368.989
892.961
1297.44
1393.76
1085.24
498.262
-115.513
-533.749
-692.714
-643.468
-441.773
-127.462
249.493
558.734
680.041
554.751
186.124
-269.771
-577.564
-608.343
-374.059
-34.0382
258.546
529.403
802.071
963.21
849.145
472.19
44.5394
-225.956
-251.666
-67.3523
141.222
334.951
1004.13
2098.06
2608.63
2142.24
1252.9
425.478
-81.8366
-141.585
-125.29
-295.843
-60.8343
845.524
1559.6
1302.14
239.716
-967.555
-1849.29
-2043.38
-1541.5
-910.704
-410.994
287.152
1273.17
1912.3
1724.72
854.577
-358.488
-1358.27
-1554.9
-976.608
-245.872
308.155
781.431
1094.29
985.298
413.528
-457.344
-1464.73
-2236.02
-2346.1
-1779.4
-866.165
72.0597
733.995
818.004
374.783
-266.512
-843.352
-1283.31
-1503.84
-1375.29
-856.388
-22.0886
843.714
1326.77
1156.21
466.034
-418.96
-1163.82
-1501.67
-1484.28
-1246.02
-782.517
-100.304
585.53
951.622
803.52
169.467
-605.446
-1080.9
-1031.65
-601.825
-81.4745
414.615
822.711
1056.63
1012.82
620.655
-92.3378
-865.078
-1271.36
-1093.21
-466.758
263.977
828.505
1114.93
1096.47
821.987
380.939
-135.791
-593.134
-810.4
-655.417
-197.711
303.085
599.29
579.374
307.793
-13.7601
-262.891
-461.689
-639.484
-635.139
-309.241
157.517
529.403
678.954
607.257
385.646
134.342
7.60429
-30.7793
-78.2155
-129.635
-49.2468
67.3523
370.437
1466.18
2732.47
2868.63
1971.32
1020.06
433.806
257.459
371.886
259.27
-13.7601
422.581
1485.37
1926.78
991.454
-699.232
-2112.91
-2728.49
-2251.23
-1018.97
36.573
599.652
1176.49
1888.4
2006.08
1171.06
-209.299
-1481.03
-1966.61
-1296.71
65.1796
1129.78
1511.44
1459.66
1045.77
178.882
-853.491
-1710.96
-2294.68
-2370.73
-1696.84
-517.454
584.444
1160.2
983.488
98.1315
-1034.18
-1798.23
-1885.5
-1498.77
-945.466
-305.258
377.317
956.692
1206.91
902.375
39.1078
-936.776
-1537.51
-1552.36
-1057.72
-440.324
28.6066
346.538
449.377
271.944
-89.0788
-529.403
-925.188
-1021.51
-713.355
-165.846
375.145
697.06
732.546
519.264
181.054
-106.822
-298.74
-401.941
-362.109
-131.808
194.09
463.137
541.715
395.061
180.692
14.4844
-87.2683
-129.273
-98.1315
11.9496
167.656
262.529
228.491
129.997
-30.7793
-207.126
-274.479
-222.697
-112.254
-18.4676
-79.664
-287.152
-402.665
-362.109
-285.342
-213.282
-136.877
-51.0574
106.098
299.102
388.905
347.625
162.587
-20.2781
-74.9565
-69.5249
525.42
1935.47
2950.46
2643.76
1613.2
656.866
80.0261
44.1773
172.364
22.4508
115.875
970.09
1848.2
1636.73
289.687
-1267.74
-2302.29
-2362.76
-1332.92
11.2254
827.057
1226.46
1628.04
1772.16
1215.96
120.582
-1027.67
-1678.74
-1329.66
-39.1078
1314.46
1904.69
1708.07
1057.72
102.477
-840.455
-1383.62
-1600.16
-1554.9
-1075.1
-217.627
526.144
766.222
426.564
-419.684
-1436.12
-2060.04
-1911.21
-1179.75
-332.778
345.814
733.995
772.74
554.389
175.985
-408.821
-990.006
-1211.62
-992.903
-409.183
241.889
518.54
332.054
-167.656
-722.045
-1013.18
-1014.63
-888.977
-694.525
-380.939
5.06952
339.296
438.514
211.11
-159.69
-430.91
-393.975
-83.6472
224.145
361.385
274.841
81.8366
-95.9589
-221.249
-308.517
-339.658
-236.095
10.5012
271.944
379.852
332.778
185.038
-40.9183
-229.577
-246.596
-115.513
48.5226
184.313
233.56
156.793
10.139
-188.659
-464.586
-716.976
-780.345
-580.098
-191.918
162.225
363.195
365.368
165.846
-26.434
-17.3812
106.46
183.589
230.663
214.006
263.615
1016.08
2348.28
2957.71
2251.23
1021.87
183.951
80.7503
551.854
915.411
726.753
591.686
1059.89
1516.87
1039.98
-409.545
-1973.86
-2736.82
-2095.16
-393.25
1043.24
1377.46
1043.24
803.882
664.47
253.476
-434.893
-1072.57
-1140.28
-212.196
1334.01
2396.44
2332.34
1415.12
206.04
-800.985
-1276.07
-1274.62
-1113.48
-825.246
-342.555
78.5776
142.671
-162.587
-708.285
-1415.48
-1966.61
-1864.14
-1022.96
45.2636
746.669
843.352
458.792
-4.70742
-189.383
-210.385
-333.864
-439.962
-422.219
-279.186
-32.9519
15.2086
-341.107
-900.927
-1327.13
-1299.25
-832.488
-349.435
-129.997
-115.151
-160.052
-182.141
-136.153
-96.6831
-66.628
34.7625
240.802
513.833
632.242
424.03
-49.6089
-600.377
-938.224
-895.857
-566.338
-157.155
152.448
280.272
237.181
68.4386
-164.397
-320.104
-295.843
-93.4241
212.196
545.336
732.184
641.657
298.378
-182.141
-603.998
-772.74
-659.4
-408.459
-181.417
-22.4508
136.877
184.313
7.24218
-220.886
-321.191
-228.129
104.287
534.111
789.035
764.05
548.233
250.941
-15.5707
-286.428
-136.877
925.55
2139.7
2514.85
2149.84
1488.99
934.241
872.683
1017.16
815.469
514.557
724.58
1161.65
1107.69
307.068
-949.45
-2075.61
-2270.06
-1297.07
-113.34
320.829
181.779
121.306
289.325
450.463
422.581
122.393
-162.949
146.292
1092.48
1937.64
1986.53
1253.62
149.189
-752.824
-1026.22
-837.196
-749.565
-863.63
-852.404
-719.148
-681.489
-734.357
-900.203
-1214.15
-1398.1
-1148.61
-565.976
54.6784
482.329
563.441
308.155
-41.6425
-201.695
-75.3187
128.187
118.772
-114.789
-424.392
-664.832
-775.275
-930.62
-1244.93
-1427.07
-1195.68
-666.643
-154.258
105.012
7.24218
-258.546
-357.402
-131.446
256.735
535.921
586.254
509.849
411.718
248.769
-48.5226
-454.085
-761.877
-758.98
-456.981
-76.7671
162.587
139.412
-143.033
-489.209
-626.811
-451.55
-64.8175
360.298
693.801
886.443
872.32
589.151
139.412
-298.74
-602.911
-669.539
-438.876
-46.7121
263.977
363.919
225.956
-97.0452
-383.835
-431.996
-257.097
72.7839
477.622
773.103
779.983
530.127
152.086
-270.133
-596.756
-660.849
-451.912
-226.68
236.819
1348.13
2520.28
2805.26
2229.87
1319.52
593.134
641.295
1309.39
1771.8
1705.17
1427.8
991.092
274.841
-699.232
-1842.77
-2817.57
-2918.24
-1829.74
-304.171
571.77
588.789
271.582
73.146
161.863
443.583
659.762
740.875
1005.94
1542.22
1893.83
1594.73
661.211
-454.085
-1144.26
-1140.64
-767.671
-511.298
-495.727
-599.29
-836.472
-1209.08
-1508.18
-1592.56
-1433.95
-985.66
-357.764
162.949
415.339
448.291
312.862
84.7335
-146.654
-285.342
-151.362
279.186
630.794
492.83
-115.151
-863.268
-1380.72
-1509.63
-1378.91
-1141.01
-834.299
-480.519
-133.98
106.822
115.151
-100.304
-307.793
-243.337
130.721
594.945
873.045
849.145
616.309
324.45
47.0742
-179.968
-349.797
-463.137
-492.106
-462.051
-439.238
-449.377
-480.156
-477.984
-361.023
-136.153
140.136
399.044
548.957
513.108
308.517
58.2995
-90.8893
-69.1628
74.5944
180.692
169.467
128.549
117.323
91.6136
-72.4218
-308.517
-397.233
-203.505
233.198
680.403
828.143
586.979
111.167
-354.505
-636.95
-780.707
-843.352
-772.016
-522.523
-160.414
218.352
756.446
1637.46
2490.22
2771.22
2461.25
1872.83
1387.96
1335.1
1592.19
1642.89
1251.09
605.084
-107.546
-750.29
-1377.82
-2108.92
-2687.21
-2483.71
-1362.25
-16.657
812.935
884.632
513.108
227.767
325.174
647.451
815.107
714.079
674.971
924.826
1183.01
1000.87
262.167
-660.849
-1165.27
-1065.69
-723.856
-501.883
-499.71
-678.592
-923.74
-1066.05
-1055.19
-955.243
-773.465
-473.638
-207.126
-143.395
-216.179
-259.27
-195.177
-71.6976
25.3476
48.1605
98.4936
226.318
273.754
74.5944
-351.608
-812.572
-1021.15
-846.611
-463.137
-166.932
-136.153
-272.306
-409.907
-472.914
-488.123
-409.183
-149.551
266.512
668.453
850.594
732.184
424.754
139.774
-33.314
-100.666
-114.426
-122.031
-90.5272
-9.05272
-26.434
-237.543
-541.715
-698.87
-568.511
-230.663
70.9733
178.52
131.446
68.8007
97.7694
146.654
114.426
20.6402
-28.9687
69.887
289.325
435.255
387.819
238.992
151.724
185.4
347.262
558.01
665.918
572.494
292.584
-91.9757
-488.123
-790.484
-950.536
-947.277
-807.141
-607.981
-366.454
-65.9038
200.246
334.589
364.644
593.497
1285.49
2164.33
2613.34
2419.25
1786.28
1071.12
710.458
746.306
673.885
169.829
-428.375
-771.292
-778.172
-626.448
-691.99
-1021.87
-1081.98
-559.82
165.122
602.187
517.816
32.5898
-325.174
-181.779
218.714
405.562
228.853
-64.8175
-181.779
-139.412
-196.987
-409.183
-596.031
-524.334
-138.688
321.553
524.696
359.212
9.05272
-275.927
-340.02
-248.769
-169.829
-171.278
-194.452
-269.409
-479.07
-727.477
-870.872
-879.925
-772.74
-571.408
-369.713
-183.227
34.0382
197.349
192.28
6.51796
-265.064
-397.233
-227.767
106.46
323.725
288.601
64.8175
-174.899
-271.22
-221.249
-124.928
-41.2804
38.0214
138.326
251.304
295.843
195.901
15.5707
-112.616
-156.069
-163.673
-165.122
-175.261
-174.174
-184.313
-240.44
-321.191
-359.574
-294.757
-125.652
43.091
94.8725
59.0238
25.3476
52.5058
146.292
240.802
299.102
380.939
514.919
630.794
638.76
516.005
317.932
165.846
141.222
187.935
192.28
83.2851
-129.997
-340.02
-436.703
-425.116
-364.282
-284.98
-203.505
-129.635
-43.4531
52.1437
135.791
206.764
304.896
419.684
476.535
488.485
524.334
585.892
559.458
390.716
116.961
-173.45
-291.86
-143.395
114.789
277.013
305.62
230.301
115.875
48.1605
26.434
3.25898
43.091
228.853
442.859
513.47
357.039
18.4676
-337.848
-546.06
-575.391
-514.919
-418.96
-312.862
-212.92
-143.757
-137.239
-181.417
-249.493
-260.356
-152.81
40.1941
224.145
313.586
281.359
146.292
-24.6234
-167.656
-262.167
-318.294
-337.848
-296.205
-177.433
-15.9328
101.39
126.376
56.8511
-63.3691
-129.273
-56.8511
116.599
277.375
324.087
233.922
88.3546
-5.06952
-26.7961
-45.2636
-107.184
-195.901
-255.649
-213.282
-59.3859
120.944
202.419
162.225
81.8366
35.4867
47.4363
75.6808
49.971
-27.5203
-108.271
-170.915
-209.299
-259.632
-354.143
-461.327
-501.883
-470.017
-396.871
-301.275
-220.524
-135.791
-5.43163
157.517
291.136
356.677
352.332
328.433
357.764
442.135
510.936
484.14
333.14
105.012
-105.374
-223.059
-238.63
-221.611
-242.251
-287.877
-291.498
-231.025
-133.256
-40.5562
-16.2949
-66.628
-119.134
-105.736
-43.8152
7.24218
-25.3476
-125.652
-197.711
-204.954
-200.246
-258.184
-356.677
-389.991
-240.078
48.8847
309.603
393.975
311.776
245.872
327.346
495.365
561.993
466.034
326.622
304.896
410.632
501.521
431.634
183.589
-60.4722
-143.757
-96.6831
-20.2781
67.3523
193.004
325.536
386.732
320.104
158.966
-6.88007
-96.321
-89.803
-37.6593
-4.34531
-9.41483
-31.8656
-45.2636
-74.2323
-160.414
-271.944
-329.157
-294.032
-196.625
-92.3378
-2.17265
74.5944
140.498
191.556
194.452
149.189
110.443
144.844
269.047
394.699
429.461
367.903
257.459
133.98
14.4844
-85.4577
-179.968
-246.958
-245.148
-184.676
-98.8557
-45.2636
-81.1124
-194.452
-312.862
-389.267
-409.183
-356.677
-225.956
-69.5249
38.0214
30.4171
-122.031
-356.315
-568.511
-696.335
-720.235
-659.4
-530.127
-348.349
-183.589
-101.028
-87.6304
-73.8702
-19.1918
74.2323
181.417
264.34
313.948
343.641
340.744
295.119
193.366
24.9855
-153.896
-255.287
-248.045
-157.517
-30.055
68.4386
99.58
62.6448
-11.2254
-65.9038
-48.5226
25.3476
99.2178
140.136
116.599
23.8992
-87.2683
-174.174
-246.234
-342.193
-454.809
-512.022
-464.586
-338.934
-205.316
-86.9061
9.77694
79.664
143.033
259.994
437.065
577.564
609.791
523.61
402.303
333.864
319.018
316.121
305.258
261.443
199.16
196.625
263.253
317.207
304.534
267.236
272.306
341.107
385.646
337.486
262.529
231.388
224.87
215.093
172.364
48.5226
-123.479
-265.788
-344.728
-378.766
-388.905
-372.248
-294.032
-162.949
-58.2995
-25.7097
-23.8992
1.44844
69.5249
177.433
277.738
329.519
329.519
295.481
242.975
177.433
94.1483
14.4844
-13.7601
13.7601
68.8007
120.22
136.515
101.39
46.7121
-0.724218
-67.7144
-178.52
-280.634
-312.5
-253.476
-156.431
-93.4241
-85.8198
-122.755
-183.951
-258.546
-319.018
-363.195
-403.389
-426.564
-405.2
-342.917
-295.481
-302.361
-337.123
-365.006
-402.303
-426.564
-378.404
-241.165
-57.5753
98.4936
164.76
146.292
95.9589
50.3331
28.6066
31.8656
50.6952
72.7839
92.3378
112.254
118.048
76.0429
-4.70742
-69.5249
-63.007
9.05272
90.8893
157.879
196.625
181.417
112.978
-6.15585
-154.983
-273.754
-331.692
-336.399
-288.239
-204.229
-133.618
-112.978
-121.669
-121.306
-101.028
-55.7648
19.1918
120.582
201.333
222.335
182.141
85.8198
-23.5371
-81.4745
-35.4867
102.115
245.872
312.138
317.207
321.553
317.207
267.236
187.935
150.275
200.608
339.658
508.039
611.24
593.859
502.607
426.564
374.059
282.083
144.119
27.1582
-27.8824
-40.1941
-73.8702
-157.879
-269.047
-365.73
-409.183
-389.629
-322.639
-237.181
-129.997
24.6234
182.865
243.699
203.867
144.844
130.721
159.328
196.987
217.265
207.126
192.642
197.711
212.558
183.951
83.2851
-34.0382
-107.184
-140.136
-168.381
-191.918
-180.33
-119.134
-24.2613
59.3859
65.5417
-30.4171
-163.311
-253.838
-259.27
-202.057
-133.618
-65.9038
7.24218
58.2995
51.0574
-30.4171
-152.81
-256.373
-304.896
-301.637
-283.893
-277.738
-275.203
-250.941
-203.505
-164.397
-159.328
-179.606
-187.21
-159.328
-111.167
-56.489
-7.24218
45.9878
118.048
177.795
182.865
141.585
108.271
114.789
140.136
154.983
141.947
94.5104
33.6761
-28.2445
-95.2346
-170.553
-249.855
-285.704
-237.543
-135.067
-48.1605
-10.5012
-9.77694
-20.2781
-29.3308
-39.832
-40.9183
-34.0382
-45.2636
-63.007
-64.0933
-69.887
-93.7862
-138.688
-198.074
-251.304
-279.91
-285.704
-283.531
-280.272
-267.961
-200.97
-76.0429
56.489
157.879
235.009
324.812
424.754
505.504
528.317
489.933
430.548
392.164
387.457
382.387
343.641
282.083
250.217
240.802
169.467
26.0718
-93.4241
-116.237
-63.7312
-21.3644
-42.7289
-106.098
-151.724
-138.688
-87.6304
-63.7312
-102.115
-127.462
-33.6761
151.724
289.325
312.5
281.359
256.735
248.045
240.078
205.678
153.534
132.532
160.052
198.074
191.194
91.2514
-61.5585
-153.172
-156.431
-123.841
-91.9757
-77.8534
-81.8366
-74.9565
-37.2972
6.88007
31.8656
31.1414
14.4844
-0.724218
-15.2086
-25.3476
-23.8992
-3.62109
42.3667
83.6472
74.9565
16.657
-60.1101
-133.98
-189.383
-231.75
-269.047
-277.738
-252.028
-216.541
-180.692
-147.378
-111.892
-59.0238
0
44.9015
61.9206
56.1269
48.1605
55.7648
60.1101
27.8824
-31.1414
-80.3882
-111.892
-143.757
-174.899
-189.383
-175.623
-133.98
-84.7335
-40.5562
-2.17265
18.8297
7.60429
-31.8656
-77.8534
-124.928
-151.724
-128.549
-81.1124
-59.0238
-72.4218
-103.925
-140.86
-182.141
-242.251
-325.174
-388.905
-383.835
-323.725
-263.615
-240.078
-254.2
-270.495
-256.373
-219.076
-194.09
-179.606
-147.016
-47.7984
116.237
258.908
306.706
281.721
269.771
309.241
371.524
397.596
376.955
350.884
353.78
382.387
395.785
355.229
272.668
211.472
188.659
162.949
103.201
32.9519
7.24218
39.1078
80.0261
81.1124
45.9878
4.34531
-11.5875
1.44844
10.5012
-11.9496
-36.2109
-15.2086
55.4027
142.309
204.229
226.68
225.956
220.162
204.592
165.484
115.875
89.4409
104.287
134.705
139.774
101.028
38.3835
-7.9664
-27.8824
-38.0214
-50.6952
-59.0238
-47.7984
1.81054
85.8198
157.517
177.433
148.827
102.839
61.1964
30.7793
15.5707
7.60429
4.70742
8.69061
7.60429
-5.79374
-31.5035
-73.8702
-118.048
-148.827
-166.208
-165.484
-126.014
-48.5226
19.916
27.5203
-31.8656
-113.34
-167.656
-176.347
-157.879
-139.05
-131.808
-127.1
-108.995
-78.2155
-48.1605
-41.2804
-64.8175
-93.062
-95.9589
-68.8007
-24.9855
15.2086
27.1582
-1.81054
-47.0742
-67.3523
-56.8511
-48.8847
-70.9733
-131.083
-195.901
-217.627
-201.333
-187.935
-195.177
-207.126
-207.126
-194.452
-186.124
-211.11
-276.651
-356.315
-396.871
-381.663
-337.486
-289.325
-252.028
-238.268
-242.975
-249.493
-251.666
-248.769
-228.129
-182.503
-114.064
-13.0359
109.719
207.126
233.56
196.263
157.155
151.724
167.294
183.589
196.987
210.747
242.251
300.188
343.641
326.26
253.476
186.124
179.244
215.455
223.783
181.779
143.395
152.448
190.831
207.851
181.417
133.98
101.028
105.012
137.239
163.673
160.414
151.724
172.364
220.886
258.184
261.443
237.543
203.505
177.433
164.397
156.793
154.621
178.158
229.215
284.98
310.689
284.98
241.165
223.059
228.129
221.973
196.987
176.709
179.244
197.711
197.711
146.292
59.3859
-10.8633
-32.5898
-26.434
-21.0023
-25.3476
-27.8824
-16.657
1.81054
-0.362109
-48.5226
-127.824
-203.505
-251.666
-262.167
-252.752
-247.683
-250.217
-251.666
-250.579
-256.011
-262.167
-261.081
-245.872
-212.558
-168.743
-135.429
-128.549
-136.877
-137.601
-141.222
-166.57
-204.592
-230.663
-230.301
-213.644
-200.97
-203.867
-210.023
-200.97
-170.553
-144.481
-138.326
-148.103
-164.76
-184.676
-211.11
-238.268
-270.857
-305.258
-336.761
-366.092
-389.629
-388.905
-353.418
-311.776
-283.169
-265.064
-242.251
-200.608
-135.429
-63.007
-31.1414
-48.1605
-87.6304
-117.685
-106.098
-69.5249
-35.4867
-36.573
-45.6257
3.25898
106.098
203.505
238.992
218.352
203.867
241.889
306.706
317.207
264.702
216.541
229.939
297.291
354.505
361.747
307.793
245.148
219.8
249.855
320.829
358.126
338.572
286.066
256.011
269.771
286.066
267.236
199.16
114.789
76.0429
88.7167
126.014
158.604
178.882
209.661
238.63
247.683
244.786
250.217
272.668
308.517
337.486
342.555
329.157
309.241
282.083
247.32
216.903
195.539
185.038
179.606
181.779
183.951
178.882
170.553
146.292
101.39
40.5562
-24.2613
-69.887
-84.7335
-89.4409
-114.064
-162.587
-212.558
-236.095
-226.68
-211.834
-206.402
-210.023
-206.04
-181.417
-157.879
-151.362
-164.397
-193.366
-225.956
-258.184
-292.222
-334.951
-373.696
-385.284
-370.075
-341.107
-325.898
-328.433
-329.881
-303.447
-246.234
-184.313
-143.395
-130.359
-133.98
-141.222
-154.258
-181.054
-214.731
-233.198
-234.284
-236.457
-249.131
-279.186
-310.327
-316.483
-306.344
-292.222
-271.22
-248.045
-226.318
-200.608
-174.174
-156.793
-149.913
-141.222
-126.738
-99.58
-61.9206
-30.4171
-5.79374
21.7265
45.9878
48.5226
30.4171
-0.362109
-25.3476
-22.0886
-2.53476
15.2086
28.6066
34.0382
30.4171
32.2277
51.0574
91.6136
139.774
171.278
180.692
189.745
221.611
270.857
307.43
311.414
300.55
305.62
332.054
368.627
379.128
350.521
323.363
326.984
353.418
359.574
319.38
265.788
238.63
240.078
244.424
230.301
198.074
167.294
162.587
179.968
195.539
194.452
185.038
201.333
256.735
311.776
330.605
312.862
286.066
278.1
287.877
292.946
270.495
229.939
197.349
183.227
176.347
163.673
138.688
107.546
94.5104
104.649
118.772
111.892
89.0788
74.9565
79.3019
91.2514
78.5776
37.6593
-9.77694
-58.6616
-107.908
-157.879
-211.472
-276.651
-347.625
-402.303
-417.874
-404.476
-399.044
-415.701
-443.221
-460.603
-462.051
-450.463
-419.684
-368.989
-307.793
-253.114
-220.524
-209.661
-213.644
-239.354
-284.618
-326.26
-340.382
-325.174
-292.584
-262.529
-253.476
-264.702
-286.428
-304.534
-296.205
-258.546
-217.99
-192.642
-180.33
-169.105
-151.724
-131.808
-122.393
-123.479
-122.031
-111.892
-93.062
-77.1292
-73.8702
-75.6808
-70.6112
-56.489
-40.5562
-33.6761
-37.6593
-45.2636
-43.091
-28.9687
-18.4676
-22.4508
-33.6761
-38.0214
-34.7625
-32.2277
-40.5562
-58.2995
-70.2491
-69.5249
-52.1437
-22.8129
5.43163
20.2781
17.7433
23.5371
60.1101
123.117
186.848
221.973
224.508
222.697
237.181
263.977
292.946
314.311
326.26
339.658
370.075
405.2
414.977
394.699
379.49
392.526
412.08
416.425
410.632
409.545
420.408
427.289
412.804
376.955
325.174
268.685
229.939
221.973
229.215
222.697
207.488
208.213
230.663
259.632
284.618
304.896
322.277
340.744
357.039
368.265
374.421
376.955
369.351
348.711
323.725
288.601
240.078
185.762
134.705
88.7167
40.1941
-18.4676
-87.6304
-147.378
-189.383
-222.697
-248.045
-269.047
-293.67
-327.346
-366.092
-395.423
-403.751
-399.044
-404.838
-425.84
-450.826
-466.034
-472.19
-472.914
-470.379
-469.293
-459.878
-438.152
-421.133
-422.943
-435.617
-437.428
-416.425
-378.042
-336.399
-307.43
-295.119
-292.584
-294.757
-297.654
-298.378
-297.654
-291.86
-283.893
-277.738
-275.565
-281.721
-295.843
-308.155
-308.155
-300.55
-285.704
-262.529
-234.647
-208.575
-191.556
-185.038
-183.589
-177.433
-162.587
-141.222
-119.858
-93.062
-56.489
-17.0191
14.8465
40.1941
52.8679
53.5921
54.3163
60.1101
69.887
76.7671
78.2155
82.1987
86.544
84.3714
75.6808
66.628
60.1101
64.4554
84.7335
117.685
158.604
198.798
235.733
277.375
334.951
409.183
478.708
521.799
538.818
554.751
572.132
589.151
598.928
594.945
581.547
562.717
548.595
528.679
492.106
435.617
382.387
355.591
344.728
339.296
330.243
323.001
323.363
328.071
323.001
309.603
294.757
286.428
298.378
324.087
349.797
363.557
359.212
347.987
333.502
306.344
272.306
241.165
214.006
192.28
168.019
129.635
82.1987
34.0382
-11.2254
-62.2827
-117.323
-165.484
-200.608
-222.335
-241.527
-266.874
-290.049
-307.43
-321.553
-330.605
-345.814
-371.886
-402.665
-424.392
-434.169
-445.032
-458.43
-468.207
-474.001
-472.19
-466.034
-467.845
-467.121
-462.413
-457.344
-443.583
-425.116
-410.994
-400.855
-395.785
-395.061
-388.181
-382.387
-386.008
-391.802
-392.164
-380.214
-364.282
-351.246
-341.469
-344.003
-348.711
-344.366
-333.14
-314.311
-296.567
-287.877
-276.289
-252.028
-220.886
-183.589
-143.757
-111.892
-85.0956
-59.3859
-32.2277
-4.34531
22.4508
42.0046
51.7816
60.8343
74.2323
84.7335
85.8198
77.8534
63.7312
52.5058
49.971
56.1269
73.5081
94.5104
114.426
132.894
152.448
177.071
202.419
221.611
238.992
262.529
288.601
309.965
318.294
315.397
317.932
325.898
344.366
365.006
368.989
361.747
357.039
368.627
390.716
401.941
398.682
393.975
405.2
433.082
453.722
447.567
422.943
399.044
393.25
410.994
424.754
419.684
408.459
404.838
412.804
412.804
391.802
361.385
341.469
340.744
350.521
343.279
306.706
254.563
206.04
181.054
169.105
150.637
130.359
111.53
105.012
104.649
87.9925
56.1269
17.7433
-17.3812
-41.2804
-58.6616
-78.5776
-100.666
-124.565
-149.189
-179.244
-217.265
-249.855
-265.426
-264.702
-260.718
-270.857
-296.567
-317.932
-328.071
-333.864
-336.761
-349.435
-362.471
-366.092
-371.162
-380.214
-398.32
-424.392
-443.946
-451.55
-457.344
-467.121
-488.485
-510.211
-519.264
-523.247
-526.868
-534.835
-540.991
-528.317
-503.694
-477.26
-451.912
-435.617
-421.857
-398.682
-372.248
-346.176
-323.363
-303.809
-274.479
-242.251
-219.438
-205.316
-198.798
-187.572
-169.829
-152.81
-133.98
-115.151
-96.6831
-77.4913
-58.6616
-43.8152
-28.9687
-13.0359
4.34531
27.1582
51.4195
73.146
98.1315
127.462
154.983
172.002
175.985
177.433
184.676
201.333
221.973
238.63
254.2
270.495
288.239
303.085
313.948
325.174
342.193
368.989
399.044
421.857
431.634
428.013
420.408
412.08
400.492
388.543
377.317
375.507
384.56
394.337
400.13
396.147
389.267
391.44
401.217
416.063
430.185
439.962
449.377
454.809
452.274
442.497
425.478
413.528
411.718
410.632
405.2
398.32
388.543
376.955
365.006
340.02
308.517
276.289
244.061
218.714
193.366
158.966
115.875
68.8007
22.8129
-18.4676
-55.0406
-89.4409
-120.582
-143.757
-160.052
-173.088
-185.762
-197.711
-208.937
-217.99
-227.042
-235.733
-245.872
-260.718
-276.289
-294.757
-317.932
-346.176
-382.025
-420.046
-455.171
-486.674
-513.47
-533.024
-546.06
-550.043
-548.233
-546.06
-539.542
-529.041
-517.454
-506.952
-497.176
-487.761
-476.535
-468.207
-462.051
-457.344
-457.344
-459.878
-459.516
-451.188
-434.169
-413.89
-392.888
-366.816
-337.848
-307.793
-278.824
-254.563
-231.025
-207.488
-179.244
-147.74
-116.599
-88.3546
-65.9038
-51.7816
-38.7457
-23.175
-8.32851
8.69061
26.7961
45.6257
63.3691
73.146
79.3019
82.5608
82.9229
87.2683
96.321
109.719
135.067
168.381
202.781
233.198
257.097
274.841
287.877
298.378
310.327
322.639
331.692
340.382
346.9
346.538
343.641
338.21
336.399
339.658
343.641
350.159
358.85
368.265
374.783
372.972
365.368
358.126
347.987
337.486
329.157
323.001
320.104
317.207
311.776
305.258
297.654
292.584
286.066
278.462
277.013
280.997
284.256
288.601
289.687
286.066
279.548
270.857
261.443
251.304
241.165
232.112
220.524
208.575
198.798
185.762
170.191
156.431
144.844
134.342
124.203
110.443
93.7862
72.0597
42.0046
8.69061
-25.3476
-60.8343
-93.7862
-124.203
-150.637
-171.278
-189.021
-205.678
-225.594
-248.045
-264.34
-277.013
-285.342
-285.342
-284.618
-283.531
-282.807
-288.239
-300.55
-312.862
-324.812
-334.227
-345.09
-356.315
-365.368
-372.61
-376.593
-380.576
-386.37
-391.078
-396.509
-401.941
-401.579
-397.233
-393.612
-391.802
-394.699
-399.768
-404.476
-404.838
-398.682
-391.802
-388.181
-382.025
-373.334
-362.109
-349.073
-338.21
-328.071
-317.932
-304.171
-282.807
-255.649
-227.042
-195.901
-170.915
-151.724
-129.635
-108.995
-87.2683
-64.8175
-45.9878
-27.1582
-6.51796
14.4844
37.6593
56.489
69.5249
81.8366
93.4241
107.184
125.652
147.378
166.57
181.054
196.263
215.817
235.371
253.476
269.771
280.634
293.308
308.879
324.087
338.934
346.9
346.538
347.625
351.608
356.677
365.368
372.972
383.111
398.32
412.804
431.272
449.377
460.603
466.396
471.466
475.449
480.156
481.605
471.104
453.36
434.531
413.528
393.25
372.972
353.056
332.416
314.673
300.55
288.963
274.116
253.476
227.042
197.711
170.191
146.654
126.014
103.201
74.5944
46.7121
26.434
11.5875
1.44844
-5.43163
-11.9496
-17.3812
-22.4508
-24.6234
-24.2613
-26.0718
-35.4867
-49.6089
-66.9902
-84.3714
-101.028
-116.237
-131.446
-152.086
-174.899
-194.452
-207.488
-219.438
-235.009
-254.2
-273.03
-283.531
-290.773
-298.378
-309.603
-325.536
-341.469
-349.073
-351.608
-355.591
-361.747
-371.524
-378.766
-379.852
-379.128
-379.49
-379.852
-381.663
-385.284
-384.56
-384.198
-385.646
-382.025
-377.317
-373.696
-371.162
-365.006
-355.591
-345.09
-333.502
-325.174
-319.38
-306.706
-290.773
-278.1
-266.874
-260.718
-257.822
-249.131
-234.284
-220.886
-208.575
-195.177
-180.33
-156.431
-129.997
-107.184
-87.2683
-66.628
-40.9183
-12.6738
16.2949
43.4531
66.2659
86.9061
110.081
129.273
144.119
159.328
174.537
192.28
212.196
232.474
251.304
271.944
292.222
312.5
334.951
357.039
376.231
395.423
414.615
429.461
436.341
441.411
446.842
454.085
462.051
461.689
458.792
458.43
459.154
460.965
456.619
445.394
431.996
419.322
411.356
403.751
388.181
369.351
350.159
335.313
325.898
312.5
293.308
273.754
259.632
250.217
242.613
231.388
215.093
200.246
183.227
164.035
145.93
123.841
102.477
76.405
49.971
24.9855
-3.9832
-30.055
-52.8679
-76.7671
-99.2178
-119.858
-139.412
-150.275
-160.052
-173.088
-188.297
-200.608
-207.126
-210.385
-212.558
-216.541
-222.697
-229.215
-233.922
-235.371
-236.819
-241.165
-249.131
-257.459
-261.443
-262.529
-265.788
-272.668
-286.066
-295.481
-297.291
-297.654
-296.205
-298.378
-304.896
-312.862
-319.742
-319.38
-320.104
-323.001
-326.622
-331.692
-331.692
-327.346
-324.087
-319.018
-315.759
-313.948
-308.517
-298.016
-280.997
-262.167
-243.337
-223.421
-202.057
-181.054
-160.776
-138.688
-121.669
-107.184
-94.1483
-83.2851
-73.146
-67.3523
-65.9038
-63.7312
-59.3859
-52.8679
-45.2636
-39.4699
-36.2109
-32.5898
-24.2613
-10.5012
6.51796
25.3476
44.1773
63.3691
85.8198
112.254
139.774
162.225
175.623
187.21
202.781
222.335
243.699
262.529
278.1
287.877
293.67
300.188
305.62
307.068
306.344
302.723
300.188
297.654
295.481
292.946
287.877
280.997
271.582
263.977
257.822
253.114
250.217
245.872
242.613
242.613
243.337
244.786
244.061
240.802
237.543
233.56
228.491
220.524
210.385
198.798
188.297
182.503
182.141
181.417
178.882
171.278
163.673
158.604
152.448
145.93
138.688
128.187
117.685
107.546
96.6831
85.4577
68.0765
43.4531
18.4676
-5.43163
-24.6234
-42.3667
-63.007
-87.2683
-111.167
-131.446
-148.827
-164.035
-179.606
-194.815
-208.213
-218.352
-224.87
-231.025
-238.63
-248.045
-256.735
-260.718
-261.805
-262.167
-260.718
-258.546
-258.908
-261.081
-264.702
-270.133
-273.754
-275.565
-273.392
-267.236
-262.891
-259.632
-256.011
-251.666
-246.234
-239.716
-233.198
-227.404
-222.335
-216.903
-208.575
-202.781
-200.246
-198.798
-197.349
-194.09
-188.297
-183.589
-178.52
-171.278
-162.225
-152.448
-142.309
-130.359
-118.048
-107.546
-93.4241
-75.6808
-61.9206
-49.2468
-35.1246
-22.4508
-5.79374
12.3117
31.1414
50.6952
69.1628
84.0093
97.0452
107.546
115.151
120.22
125.652
135.429
147.74
161.138
172.002
174.174
173.812
172.364
168.381
169.467
174.174
177.433
182.865
189.745
197.349
207.488
213.644
217.265
220.524
221.249
222.697
224.87
224.508
220.524
214.368
208.575
205.678
206.04
208.937
212.196
214.731
216.179
215.455
213.282
209.661
206.402
203.867
201.695
200.246
198.074
193.366
184.676
177.433
168.019
158.604
148.827
134.705
120.582
108.271
95.5968
82.9229
71.3355
60.1101
51.0574
43.091
34.4003
25.3476
13.398
-0.724218
-15.9328
-30.7793
-46.3499
-59.748
-71.3355
-82.5608
-93.062
-104.649
-118.772
-133.618
-148.465
-163.311
-173.812
-183.227
-192.28
-199.522
-205.678
-211.834
-215.093
-218.352
-223.059
-225.232
-226.318
-226.318
-225.956
-227.404
-231.75
-237.181
-244.061
-251.666
-254.2
-254.925
-253.838
-249.855
-246.234
-239.354
-229.939
-218.714
-206.402
-194.09
-183.227
-173.088
-161.863
-150.999
-141.222
-133.618
-127.462
-121.306
-112.616
-102.477
-92.3378
-82.5608
-73.5081
-64.0933
-52.8679
-42.0046
-31.5035
-19.916
-8.32851
2.17265
13.0359
22.8129
30.4171
36.573
44.1773
51.4195
58.6616
66.9902
76.7671
89.803
103.925
117.685
131.446
142.671
152.448
159.69
163.673
166.57
169.105
174.174
180.33
187.572
193.004
194.815
196.625
199.884
202.781
205.678
206.402
206.04
206.764
209.299
212.558
214.368
214.368
212.196
209.299
204.592
198.074
191.918
184.676
175.985
166.932
156.069
144.844
136.153
127.462
118.048
107.908
95.5968
84.7335
75.3187
65.9038
60.8343
53.9542
49.2468
42.7289
32.9519
22.4508
10.8633
0.362109
-10.139
-18.1054
-24.9855
-31.5035
-38.3835
-47.4363
-57.2132
-69.887
-84.0093
-98.4936
-112.616
-123.479
-131.083
-135.429
-136.153
-136.877
-137.601
-139.05
-142.671
-144.844
-149.189
-152.81
-154.258
-158.242
-161.138
-165.122
-170.915
-174.174
-179.606
-184.676
-186.848
-187.572
-186.486
-180.33
-174.174
-164.76
-155.707
-150.637
-143.395
-137.963
-132.17
-127.1
-123.479
-119.134
-115.875
-114.789
-112.616
-108.995
-103.925
-98.1315
-91.9757
-83.6472
-76.405
-70.6112
-64.0933
-56.8511
-48.8847
-40.1941
-31.8656
-25.7097
-19.1918
-13.398
-9.77694
-4.70742
1.08633
8.69061
19.1918
27.1582
38.7457
48.8847
59.748
72.0597
81.4745
89.803
99.9421
108.633
116.961
127.824
133.98
137.963
141.222
140.136
142.671
147.74
149.913
156.431
161.863
167.656
174.537
177.071
179.244
179.244
177.795
177.795
177.433
177.433
177.071
173.45
170.191
169.105
166.208
162.587
158.242
152.448
147.74
144.844
140.86
138.326
134.342
128.549
123.117
115.875
105.012
93.4241
80.0261
65.9038
53.23
38.0214
27.1582
16.2949
4.70742
-3.62109
-16.2949
-26.7961
-36.9351
-49.971
-58.6616
-66.9902
-76.0429
-85.0956
-94.5104
-101.753
-107.546
-113.702
-120.582
-126.376
-132.532
-136.877
-139.412
-143.033
-143.395
-143.757
-144.844
-144.481
-146.292
-149.189
-150.275
-154.983
-155.707
-154.983
-154.621
-148.465
-144.481
-141.947
-139.05
-140.86
-141.222
-138.688
-138.326
-135.067
-130.359
-125.29
-117.685
-112.254
-110.443
-108.271
-106.46
-102.839
-98.1315
-95.2346
-92.3378
-86.9061
-82.9229
-78.2155
-72.7839
-68.4386
-59.748
-53.5921
-49.2468
-43.091
-39.832
-35.8488
-31.8656
-29.3308
-22.8129
-17.0191
-9.41483
1.08633
8.32851
15.2086
20.2781
23.175
27.5203
30.7793
33.6761
38.3835
43.4531
49.6089
59.748
69.5249
79.664
90.1651
98.4936
109.357
121.306
132.17
146.654
159.328
171.278
184.313
193.728
201.333
208.213
212.558
215.817
216.179
214.006
213.282
211.11
208.937
207.488
203.867
202.057
202.057
201.695
200.246
196.625
191.918
188.659
185.038
180.692
173.812
164.397
151.724
137.963
123.117
106.098
87.9925
69.887
55.7648
42.7289
29.6929
17.0191
0
-14.8465
-28.9687
-43.4531
-54.3163
-65.9038
-77.8534
-87.2683
-97.0452
-104.649
-113.702
-123.841
-134.342
-143.395
-150.999
-158.242
-164.397
-172.002
-179.244
-185.762
-189.383
-190.831
-191.918
-191.556
-190.831
-188.297
-184.313
-181.417
-178.52
-174.537
-170.553
-166.932
-162.587
-158.242
-152.086
-145.568
-138.688
-128.911
-120.582
-113.702
-105.374
-98.8557
-91.9757
-86.9061
-83.2851
-77.4913
-72.7839
-67.7144
-63.007
-59.0238
-53.9542
-48.8847
-45.6257
-43.4531
-40.1941
-37.6593
-34.0382
-28.2445
-24.2613
-17.7433
-13.0359
-10.139
-6.88007
-5.06952
-2.17265
3.25898
9.77694
18.1054
24.2613
29.6929
34.4003
37.6593
39.832
42.0046
45.2636
47.7984
49.6089
52.5058
57.2132
61.1964
63.007
65.1796
67.7144
70.9733
77.1292
85.4577
95.2346
105.012
113.34
119.496
122.393
122.393
120.22
116.961
115.151
115.513
115.513
116.237
115.875
114.789
114.064
112.978
112.254
114.789
118.41
123.117
126.376
125.652
123.841
118.772
111.167
104.649
98.8557
93.7862
92.3378
91.6136
90.5272
86.9061
80.0261
70.9733
61.5585
51.4195
43.8152
38.3835
35.1246
34.0382
32.5898
29.3308
23.5371
16.657
9.41483
5.43163
1.44844
-2.17265
-5.06952
-9.05272
-14.8465
-23.5371
-34.7625
-45.6257
-54.6784
-61.1964
-64.4554
-64.4554
-64.0933
-64.4554
-65.1796
-69.1628
-73.8702
-79.3019
-84.0093
-87.2683
-89.803
-91.9757
-95.5968
-99.2178
-102.839
-106.822
-110.805
-113.34
-114.789
-114.064
-113.34
-113.702
-114.426
-116.237
-118.048
-119.496
-120.582
-121.306
-119.858
-119.134
-117.685
-115.151
-112.616
-109.719
-106.098
-101.028
-95.5968
-89.803
-82.9229
-75.6808
-69.887
-65.9038
-63.3691
-60.4722
-56.1269
-52.5058
-47.0742
-41.2804
-35.8488
-30.055
-25.7097
-23.5371
-20.6402
-18.1054
-15.2086
-11.2254
-5.79374
2.53476
11.9496
20.2781
27.5203
31.5035
31.8656
31.8656
31.5035
32.2277
35.1246
38.0214
43.091
48.5226
51.0574
53.23
53.5921
55.0406
59.3859
64.0933
69.5249
75.6808
81.4745
87.9925
93.7862
97.7694
100.304
101.753
103.925
107.184
110.443
115.513
120.944
124.565
126.376
125.652
123.841
123.479
123.479
123.479
123.479
122.393
122.031
121.669
119.858
117.685
115.513
113.702
112.254
108.271
102.839
98.1315
93.062
88.3546
82.5608
74.9565
67.7144
59.0238
51.0574
43.8152
37.2972
35.1246
33.314
30.7793
27.1582
22.4508
18.1054
15.9328
12.6738
7.9664
0.724218
-6.88007
-13.398
-18.8297
-23.5371
-28.6066
-33.6761
-39.1078
-44.5394
-51.4195
-57.5753
-62.6448
-67.3523
-72.7839
-78.9397
-85.0956
-90.8893
-95.9589
-102.115
-108.271
-115.875
-122.393
-127.824
-134.342
-140.498
-147.016
-151.362
-153.172
-154.983
-156.431
-156.793
-157.517
-156.431
-154.983
-153.534
-152.81
-152.086
-150.275
-147.74
-144.119
-139.412
-132.894
-127.462
-123.841
-118.772
-112.978
-105.736
-96.6831
-88.7167
-81.1124
-73.5081
-66.9902
-60.8343
-55.7648
-52.8679
-49.6089
-46.7121
-43.091
-37.6593
-32.2277
-24.9855
-17.0191
-9.05272
-2.89687
2.89687
8.69061
15.2086
20.2781
26.0718
32.5898
38.3835
44.1773
48.5226
51.0574
53.5921
57.2132
63.007
70.2491
77.4913
85.8198
95.2346
104.649
115.875
125.652
132.17
137.239
140.86
145.568
150.637
154.258
158.966
162.949
165.122
167.656
171.278
172.364
173.45
174.899
177.433
179.606
181.054
181.417
180.692
178.158
175.261
170.191
163.311
155.707
148.465
140.136
132.17
123.117
114.789
107.184
98.8557
93.4241
87.9925
81.4745
74.5944
68.8007
62.6448
53.9542
43.8152
33.314
22.8129
11.2254
-0.724218
-12.3117
-24.9855
-35.8488
-44.9015
-52.8679
-59.748
-65.1796
-71.6976
-78.2155
-85.4577
-91.6136
-98.8557
-108.995
-118.41
-127.462
-137.239
-145.93
-153.172
-159.69
-165.122
-170.191
-174.899
-179.244
-183.589
-187.572
-186.486
-182.503
-178.158
-174.899
-174.174
-173.088
-171.278
-170.915
-169.829
-168.743
-166.57
-162.949
-159.328
-153.896
-146.654
-138.688
-131.446
-124.565
-116.961
-109.719
-102.839
-97.0452
-89.4409
-81.1124
-71.6976
-62.6448
-53.23
-45.6257
-38.0214
-30.7793
-26.0718
-21.0023
-15.2086
-10.5012
-6.51796
-1.81054
2.89687
9.05272
16.2949
22.0886
29.3308
34.0382
38.0214
43.4531
49.971
57.5753
65.9038
75.3187
84.3714
92.3378
99.2178
103.563
106.822
110.081
114.064
119.858
124.928
129.273
133.256
135.067
137.963
139.774
142.309
143.033
144.119
146.292
150.275
153.896
156.069
157.879
157.517
155.345
152.448
148.827
145.568
144.481
144.119
143.395
141.585
136.877
131.083
125.652
119.858
114.064
108.995
103.563
98.8557
95.9589
90.1651
80.0261
68.8007
58.2995
48.5226
38.7457
29.3308
19.1918
10.8633
5.06952
2.53476
-1.81054
-9.41483
-17.3812
-25.3476
-32.5898
-40.1941
-48.1605
-56.489
-62.6448
-69.1628
-75.3187
-81.8366
-90.8893
-98.4936
-104.649
-110.805
-115.513
-119.134
-120.22
-121.669
-121.669
-119.858
-119.134
-117.685
-117.685
-119.134
-119.134
-120.22
-121.306
-122.393
-123.117
-125.652
-127.1
-127.824
-128.911
-128.549
-128.549
-128.549
-125.29
-120.22
-115.151
-109.719
-104.287
-98.1315
-90.8893
-85.4577
-82.5608
-78.5776
-75.6808
-73.5081
-72.4218
-70.9733
-69.1628
-66.628
-64.8175
-61.5585
-56.8511
-49.971
-42.0046
-35.4867
-27.1582
-19.916
-11.5875
-4.70742
1.81054
7.60429
11.5875
17.3812
22.0886
25.3476
30.055
32.9519
35.8488
41.2804
44.1773
49.2468
52.8679
55.4027
58.2995
61.1964
65.5417
69.1628
73.5081
76.0429
77.4913
80.0261
81.1124
84.0093
85.8198
86.9061
89.803
92.3378
95.5968
97.4073
98.1315
100.304
103.201
104.649
107.546
109.719
111.53
112.616
112.616
110.443
107.908
103.925
100.304
98.1315
93.4241
91.6136
89.4409
86.1819
82.9229
79.664
77.8534
75.6808
71.6976
69.5249
67.3523
66.2659
64.0933
60.8343
56.8511
53.5921
49.971
44.5394
40.5562
35.8488
33.6761
32.9519
29.6929
24.9855
16.657
8.32851
1.08633
-4.34531
-9.05272
-10.5012
-11.9496
-14.4844
-17.3812
-22.0886
-28.6066
-35.4867
-39.832
-42.3667
-44.5394
-45.6257
-47.7984
-50.3331
-53.9542
-56.8511
-60.8343
-66.628
-73.8702
-80.0261
-85.0956
-88.3546
-90.5272
-92.6999
-95.5968
-98.1315
-101.028
-104.649
-107.546
-110.805
-113.702
-115.875
-114.789
-110.805
-106.46
-103.925
-103.563
-103.925
-105.736
-107.546
-109.357
-109.719
-108.271
-105.374
-101.753
-98.4936
-96.6831
-97.0452
-96.6831
-96.321
-95.5968
-93.7862
-93.4241
-91.6136
-87.9925
-82.5608
-77.4913
-74.5944
-70.2491
-65.5417
-59.0238
-50.3331
-43.4531
-36.9351
-28.9687
-22.0886
-14.4844
-6.88007
-1.81054
3.9832
9.77694
13.398
16.657
20.2781
23.8992
29.6929
37.2972
44.5394
52.5058
58.6616
63.7312
70.6112
75.6808
81.1124
86.544
91.2514
97.7694
103.563
108.995
115.151
120.22
123.479
125.652
127.824
131.083
134.342
137.239
140.498
144.119
147.74
150.275
150.637
148.827
147.378
146.292
144.119
141.585
139.05
137.601
137.963
137.239
136.153
134.342
132.17
129.273
124.203
119.858
117.323
114.064
110.443
106.822
102.839
97.4073
91.6136
84.3714
76.7671
70.9733
65.5417
61.1964
56.1269
49.971
42.3667
34.4003
25.7097
14.4844
3.62109
-7.60429
-17.3812
-26.434
-34.7625
-42.7289
-49.6089
-56.8511
-64.8175
-73.146
-81.8366
-91.2514
-98.8557
-106.098
-111.167
-115.875
-122.031
-127.1
-132.532
-137.963
-143.757
-148.827
-153.896
-158.242
-161.501
-162.225
-162.949
-165.846
-167.294
-169.105
-170.191
-172.726
-175.261
-177.795
-179.244
-178.158
-177.433
-176.347
-174.899
-173.088
-169.467
-166.208
-163.673
-162.587
-160.052
-154.258
-147.378
-140.498
-133.256
-126.376
-118.41
-111.167
-103.563
-96.321
-89.4409
-80.3882
-72.0597
-62.6448
-53.23
-45.2636
-36.2109
-27.1582
-17.3812
-8.69061
-0.724218
7.24218
16.2949
24.9855
35.1246
44.9015
53.5921
61.9206
68.4386
74.9565
79.664
84.7335
90.5272
95.9589
103.201
111.167
119.858
127.1
133.98
140.498
146.292
151.362
155.707
159.328
162.225
164.397
167.294
170.191
172.364
173.45
175.623
177.795
179.244
179.968
180.33
181.054
181.779
182.141
182.503
179.968
177.071
174.174
169.467
164.035
159.69
156.069
153.172
149.551
146.292
141.947
136.877
131.808
126.376
120.22
113.34
107.184
100.304
92.6999
84.3714
77.4913
69.887
61.5585
54.3163
46.3499
37.6593
29.3308
21.3644
13.7601
5.43163
-4.34531
-14.1222
-24.6234
-36.2109
-47.4363
-57.5753
-66.9902
-76.7671
-84.7335
-92.3378
-99.2178
-107.184
-114.789
-122.755
-130.359
-137.601
-145.206
-152.448
-159.69
-166.57
-172.364
-178.882
-183.951
-189.021
-193.728
-198.074
-202.057
-205.678
-208.937
-210.747
-212.196
-211.11
-208.575
-206.764
-204.954
-203.143
-201.695
-199.522
-196.987
-194.09
-190.107
-186.124
-183.227
-180.33
-176.709
-173.088
-169.467
-164.035
-158.242
-152.448
-145.206
-136.515
-126.014
-115.151
-104.649
-93.062
-81.8366
-71.6976
-61.1964
-50.6952
-40.9183
-31.1414
-21.7265
-13.398
-4.34531
5.79374
15.9328
26.0718
36.9351
48.1605
59.748
70.9733
81.8366
93.7862
103.925
113.34
122.755
131.808
139.412
147.378
154.258
160.414
167.294
173.45
178.882
185.4
190.831
196.625
203.143
207.488
212.196
215.455
217.627
220.524
222.697
224.87
225.594
225.594
225.594
223.783
221.973
219.438
216.903
213.282
208.213
203.143
198.436
193.004
186.848
181.054
174.174
167.656
161.863
153.896
145.568
137.601
128.911
118.048
106.098
94.1483
80.7503
68.0765
56.1269
44.5394
35.1246
26.0718
17.7433
10.8633
2.17265
-5.79374
-15.2086
-26.7961
-38.3835
-50.3331
-61.5585
-70.9733
-79.3019
-87.6304
-95.2346
-102.477
-110.443
-116.961
-124.203
-129.997
-135.429
-140.136
-143.757
-145.93
-147.74
-151.724
-156.793
-163.311
-168.743
-174.899
-180.692
-185.038
-189.745
-192.642
-194.815
-194.815
-195.901
-196.987
-197.711
-199.522
-199.16
-199.16
-199.522
-198.798
-195.901
-192.642
-187.935
-183.951
-179.968
-175.985
-172.364
-168.381
-162.949
-156.069
-148.465
-141.222
-131.808
-123.117
-115.875
-108.271
-102.477
-95.5968
-89.803
-84.0093
-77.1292
-68.4386
-59.748
-51.7816
-43.4531
-35.1246
-26.0718
-15.9328
-6.15585
3.62109
13.0359
21.0023
29.6929
39.1078
48.8847
59.0238
68.4386
77.4913
87.6304
96.6831
104.649
112.616
120.22
128.911
137.963
146.654
153.534
158.242
162.225
164.035
167.656
172.002
174.537
179.244
183.951
188.297
193.366
196.625
200.608
204.954
207.851
209.299
210.023
210.023
208.575
206.764
204.592
199.884
195.539
189.021
184.676
182.503
178.158
172.726
166.932
160.414
153.896
148.103
140.86
132.17
123.117
116.599
108.995
99.58
91.2514
81.4745
72.0597
63.3691
54.6784
44.9015
34.0382
23.175
12.3117
1.44844
-9.05272
-19.1918
-27.8824
-36.2109
-44.5394
-52.5058
-60.8343
-68.4386
-75.3187
-81.8366
-87.6304
-95.2346
-101.753
-109.357
-116.961
-120.582
-126.738
-133.618
-140.136
-147.74
-153.172
-158.966
-165.484
-170.553
-173.812
-174.537
-175.985
-178.158
-180.33
-182.503
-183.951
-186.124
-188.659
-190.469
-189.745
-189.383
-187.21
-183.589
-180.692
-177.433
-174.537
-171.64
-169.105
-166.208
-164.76
-161.863
-156.793
-151.362
-143.757
-136.877
-131.808
-125.652
-118.772
-110.805
-103.563
-97.4073
-89.803
-81.8366
-73.146
-63.007
-54.3163
-47.0742
-39.4699
-32.9519
-27.1582
-21.7265
-15.5707
-8.32851
0.362109
9.41483
18.8297
28.9687
38.3835
46.3499
55.0406
63.007
70.2491
78.2155
85.0956
92.3378
98.8557
105.012
111.167
118.048
125.29
130.359
135.429
140.86
145.206
150.637
154.983
158.242
162.587
166.208
169.467
172.726
174.899
176.709
178.158
180.692
183.951
187.21
190.831
193.366
193.728
193.366
193.004
190.469
188.659
184.676
178.882
174.899
170.553
166.208
161.863
156.069
148.827
142.671
137.239
130.359
126.014
121.306
114.426
108.271
100.304
92.6999
85.8198
75.6808
65.9038
54.6784
42.0046
31.1414
21.3644
11.2254
0.362109
-11.5875
-22.8129
-34.4003
-44.1773
-55.4027
-66.628
-77.1292
-87.2683
-95.9589
-102.477
-110.081
-119.496
-128.911
-138.688
-146.654
-153.172
-161.138
-168.743
-174.537
-180.692
-184.313
-187.935
-192.28
-197.349
-203.143
-207.488
-209.299
-209.661
-210.385
-210.385
-210.747
-209.299
-204.954
-201.695
-198.074
-195.901
-194.09
-189.383
-184.313
-178.52
-172.002
-165.846
-158.242
-149.189
-140.498
-132.17
-125.29
-118.048
-110.805
-104.287
-95.2346
-86.544
-77.4913
-68.0765
-59.0238
-48.8847
-39.1078
-28.9687
-18.8297
-9.41483
1.08633
9.41483
17.3812
25.7097
34.0382
42.0046
50.6952
59.3859
66.9902
77.1292
87.6304
95.5968
105.012
114.426
121.669
129.273
134.705
137.963
140.86
142.671
143.033
144.844
145.93
147.74
150.999
153.534
157.155
160.052
164.035
168.019
171.278
173.45
174.537
174.174
174.174
172.364
169.105
165.846
161.863
157.879
154.258
149.913
145.93
142.671
137.963
134.705
130.721
124.928
118.772
112.254
104.287
96.6831
88.3546
80.7503
72.4218
64.0933
56.1269
47.7984
40.9183
35.4867
28.9687
21.7265
15.2086
9.05272
2.53476
-2.89687
-10.139
-16.2949
-22.4508
-29.3308
-35.8488
-42.0046
-48.8847
-55.4027
-61.1964
-66.9902
-73.146
-79.3019
-84.3714
-89.4409
-94.5104
-99.2178
-104.649
-109.357
-114.789
-119.134
-122.393
-127.824
-131.446
-133.618
-135.067
-135.791
-135.791
-135.791
-135.067
-133.618
-132.532
-130.721
-129.635
-129.635
-129.635
-128.549
-127.824
-126.738
-125.29
-124.565
-123.479
-122.031
-119.496
-116.599
-114.426
-111.892
-108.995
-105.736
-101.028
-96.321
-91.2514
-85.8198
-81.1124
-74.2323
-67.7144
-63.007
-56.489
-50.3331
-44.5394
-37.6593
-30.4171
-24.9855
-18.8297
-13.0359
-5.43163
2.53476
9.77694
16.657
22.4508
28.2445
35.4867
43.8152
51.0574
57.2132
62.6448
68.0765
72.7839
76.7671
84.0093
87.9925
91.2514
95.5968
98.4936
101.753
106.822
111.892
115.513
118.41
120.944
125.652
127.462
128.549
129.635
128.911
127.462
126.376
126.014
123.117
120.582
117.685
114.789
111.892
108.995
106.46
102.477
98.4936
94.8725
89.0788
84.0093
79.3019
73.146
68.0765
61.5585
55.0406
49.971
44.9015
39.1078
35.1246
31.1414
26.434
22.0886
16.657
11.5875
8.32851
4.34531
1.44844
-2.17265
-7.24218
-11.9496
-15.5707
-20.2781
-24.6234
-27.8824
-32.5898
-37.6593
-41.6425
-44.5394
-47.0742
-48.8847
-48.5226
-48.5226
-49.971
-49.971
-49.971
-52.1437
-52.8679
-53.23
-53.9542
-55.0406
-55.7648
-56.8511
-59.3859
-60.4722
-60.1101
-61.1964
-60.8343
-60.4722
-60.1101
-59.3859
-59.3859
-60.4722
-61.1964
-61.5585
-61.5585
-62.6448
-63.007
-64.0933
-65.1796
-65.1796
-65.5417
-65.9038
-67.3523
-67.3523
-66.9902
-65.9038
-63.7312
-60.8343
-58.2995
-55.4027
-53.5921
-53.23
-52.1437
-51.4195
-50.6952
-48.1605
-46.7121
-44.9015
-42.3667
-41.2804
-39.1078
-36.9351
-35.1246
-32.9519
-28.9687
-25.7097
-22.8129
-17.7433
-13.0359
-8.32851
-4.70742
-3.25898
-2.17265
-1.08633
0.724218
3.9832
6.51796
10.8633
15.2086
19.5539
22.8129
27.1582
30.7793
35.1246
40.1941
44.9015
50.3331
53.9542
57.5753
61.5585
63.007
66.628
70.6112
73.8702
75.3187
76.7671
78.5776
79.3019
80.7503
82.5608
82.9229
83.2851
83.2851
83.2851
84.3714
85.4577
86.9061
88.3546
89.4409
90.8893
89.803
87.9925
87.9925
87.2683
86.9061
85.4577
84.7335
83.6472
81.1124
78.2155
74.5944
71.3355
67.3523
63.007
60.1101
56.489
52.5058
47.7984
42.3667
37.6593
30.7793
24.6234
17.7433
11.9496
6.51796
0.724218
-4.70742
-9.77694
-13.398
-17.0191
-23.175
-29.6929
-36.573
-42.3667
-48.1605
-53.23
-57.9374
-63.007
-67.7144
-72.7839
-77.4913
-82.1987
-86.544
-90.1651
-94.5104
-95.2346
-96.6831
-98.1315
-99.58
-102.115
-103.925
-106.098
-106.822
-107.184
-106.098
-105.736
-104.649
-103.201
-102.115
-101.028
-99.9421
-99.58
-98.1315
-97.7694
-95.9589
-93.062
-90.1651
-84.0093
-78.2155
-73.8702
-68.4386
-64.0933
-60.1101
-54.3163
-50.6952
-46.3499
-39.4699
-34.4003
-28.6066
-23.175
-19.5539
-13.7601
-9.77694
-5.43163
0
3.62109
8.69061
13.7601
18.4676
23.175
26.0718
28.2445
31.8656
36.2109
40.9183
45.9878
50.3331
54.6784
59.0238
61.9206
64.4554
66.2659
68.0765
71.3355
72.7839
74.2323
77.1292
79.664
83.6472
86.1819
86.1819
87.2683
86.1819
85.8198
86.1819
85.0956
84.7335
85.0956
84.0093
83.2851
83.6472
82.9229
82.5608
81.8366
80.0261
79.664
79.3019
77.8534
76.7671
74.2323
70.9733
67.3523
63.007
58.6616
54.6784
51.7816
48.5226
46.3499
44.9015
41.2804
36.2109
31.5035
26.7961
23.175
20.2781
17.0191
14.4844
12.3117
8.69061
4.34531
0.724218
-4.34531
-9.41483
-14.4844
-20.2781
-24.2613
-26.0718
-27.1582
-30.055
-33.314
-35.8488
-39.832
-43.8152
-49.6089
-54.3163
-58.6616
-61.5585
-62.6448
-63.7312
-65.5417
-66.9902
-66.2659
-67.7144
-69.5249
-71.3355
-74.2323
-76.0429
-76.0429
-75.6808
-74.9565
-75.3187
-76.7671
-78.2155
-80.7503
-82.1987
-82.1987
-82.5608
-81.8366
-80.0261
-77.4913
-75.3187
-71.6976
-69.887
-69.887
-69.5249
-68.0765
-66.9902
-65.5417
-64.8175
-63.3691
-59.748
-55.4027
-51.7816
-48.1605
-46.7121
-44.9015
-42.0046
-39.832
-36.2109
-32.2277
-28.9687
-24.6234
-19.916
-15.5707
-12.6738
-9.41483
-5.79374
-3.62109
-0.724218
2.17265
5.79374
10.5012
15.5707
20.6402
24.6234
27.5203
31.1414
34.0382
36.2109
40.1941
43.4531
47.4363
53.5921
59.3859
64.8175
68.4386
70.2491
72.4218
74.9565
78.2155
82.1987
84.3714
85.8198
87.9925
90.5272
93.7862
97.7694
99.9421
100.666
101.39
102.477
103.563
106.46
107.908
108.995
110.081
108.995
107.546
105.374
101.753
98.8557
95.5968
92.6999
91.9757
88.7167
85.4577
81.1124
76.7671
73.5081
70.2491
64.0933
56.8511
48.8847
42.7289
37.6593
31.8656
26.434
19.5539
12.3117
5.43163
-1.81054
-7.60429
-13.0359
-17.7433
-22.4508
-27.5203
-32.5898
-38.3835
-44.5394
-50.3331
-55.0406
-61.1964
-67.3523
-71.6976
-75.6808
-78.2155
-80.7503
-85.0956
-89.4409
-94.8725
-98.4936
-99.9421
-102.477
-103.563
-105.374
-107.908
-108.995
-110.081
-110.443
-112.254
-114.064
-115.151
-115.875
-114.426
-112.616
-109.357
-107.184
-106.098
-104.649
-102.477
-99.9421
-96.6831
-92.3378
-89.803
-87.2683
-82.5608
-78.5776
-75.6808
-70.9733
-68.4386
-64.8175
-60.1101
-55.7648
-52.1437
-46.7121
-42.0046
-37.6593
-31.5035
-28.2445
-22.4508
-16.2949
-11.5875
-7.24218
-3.62109
-0.362109
2.17265
8.69061
13.398
17.3812
22.0886
26.434
31.8656
38.0214
42.0046
46.3499
52.1437
56.8511
61.9206
66.9902
72.4218
77.8534
82.5608
87.2683
88.3546
91.2514
93.7862
96.321
99.9421
102.477
104.649
107.908
111.167
112.254
114.789
115.513
116.237
117.323
116.599
116.961
117.685
116.961
116.599
114.064
111.892
110.805
108.995
107.908
106.098
100.666
98.1315
95.5968
90.5272
85.8198
79.3019
73.146
68.4386
63.007
56.1269
52.1437
44.9015
38.7457
33.6761
26.434
20.6402
13.398
6.88007
2.17265
-5.06952
-10.139
-14.4844
-19.1918
-22.0886
-27.5203
-31.8656
