SAMPLES: 9734
BITSPERSAMPLE:	16
CHANNELS:	1
SAMPLERATE:	16000
NORMALIZED:	FALSE
-8.55038
-9.2081
-9.86582
-9.2081
-7.89266
-7.23494
-3.94633
0
2.63089
3.28861
4.60405
8.55038
16.443
26.9666
36.1747
39.4633
40.7787
39.4633
40.7787
47.356
53.2755
59.1949
64.4567
63.1413
61.1681
63.1413
65.7722
63.799
59.1949
57.8795
59.8527
61.1681
57.8795
48.0137
37.4901
30.9129
26.3089
21.0471
19.7316
18.4162
15.1276
9.86582
0
-7.23494
-7.89266
-7.23494
-6.57722
-8.55038
-17.7585
-26.3089
-28.9398
-27.6243
-32.8861
-46.6982
-63.799
-73.6648
-78.2689
-82.2152
-86.8193
-90.1079
-91.4233
-96.6851
-105.893
-109.84
-107.866
-102.605
-96.6851
-94.7119
-99.9737
-109.84
-111.813
-98.0005
-78.2689
-69.7185
-78.2689
-91.4233
-97.3428
-97.3428
-96.6851
-94.7119
-89.4501
-82.8729
-81.5575
-84.1884
-76.9534
-67.0876
-67.7453
-61.1681
-30.9129
-4.60405
1.97316
80.242
274.928
411.076
290.713
38.1479
-21.7048
176.927
379.505
402.526
361.089
404.499
396.606
164.43
-118.39
-129.571
115.759
313.076
287.424
132.202
-37.4901
-188.766
-276.901
-241.384
-101.947
7.23494
-29.5975
-155.88
-230.203
-204.551
-146.014
-110.497
-86.8193
-16.443
91.4233
151.934
127.598
65.7722
47.356
98.6582
178.9
244.672
307.814
337.411
265.062
129.571
59.1949
101.947
174.296
166.404
63.1413
-50.6446
-110.497
-150.618
-206.525
-255.196
-279.532
-294.002
-305.841
-302.552
-290.055
-289.398
-307.156
-317.022
-261.115
-148.645
-65.7722
-46.6982
-53.2755
-48.0137
-11.839
46.0405
99.316
146.014
175.612
157.195
106.551
79.5843
86.8193
96.6851
77.6112
24.3357
-30.2552
-57.2218
-84.8461
-129.571
-165.088
-176.927
-180.873
-200.605
-240.068
-260.458
-240.726
-207.182
-188.108
-172.981
-145.356
-107.866
-63.1413
-19.7316
15.1276
56.5641
103.262
140.095
163.115
187.451
209.813
219.021
222.968
211.786
207.182
215.075
201.263
174.296
159.826
143.383
117.732
93.3965
73.6648
60.5104
49.9868
45.3828
53.2755
67.0876
74.9803
71.6917
68.4031
71.0339
80.242
102.605
135.491
154.565
150.618
145.356
149.961
157.853
159.169
159.826
168.377
174.954
163.115
131.544
106.551
95.3696
94.7119
95.3696
76.9534
38.1479
-2.63089
-28.282
-36.1747
-38.1479
-47.356
-61.8258
-76.2957
-95.3696
-117.074
-128.913
-132.202
-135.491
-141.41
-139.437
-128.256
-120.363
-131.544
-146.014
-151.934
-151.934
-146.672
-147.987
-147.33
-149.961
-160.484
-177.585
-192.712
-199.29
-194.028
-182.847
-176.927
-184.162
-207.182
-213.102
-206.525
-200.605
-184.162
-161.8
-137.464
-134.175
-150.618
-156.538
-132.86
-107.866
-108.524
-111.813
-95.3696
-75.638
-69.0608
-78.2689
-90.1079
-80.8998
-51.96
-30.2552
-30.9129
-32.8861
-26.3089
-5.91949
20.3894
23.0203
18.4162
40.7787
76.9534
102.605
133.517
170.35
191.397
207.182
225.599
246.646
281.505
313.733
328.203
343.331
368.324
378.848
378.19
386.74
386.74
380.163
369.64
349.25
331.492
324.914
314.391
280.189
247.303
211.129
174.954
150.618
123.652
103.262
97.3428
95.3696
69.7185
30.9129
3.28861
-10.5235
-17.7585
-25.6511
-42.7519
-55.9063
-58.5372
-70.3762
-82.8729
-93.3965
-111.155
-144.041
-161.142
-159.826
-151.276
-150.618
-184.162
-228.229
-243.357
-224.283
-213.102
-216.39
-234.807
-267.693
-303.867
-337.411
-341.358
-318.337
-297.948
-298.606
-324.914
-340.7
-343.331
-365.693
-402.526
-413.707
-369.64
-326.888
-316.364
-344.646
-370.955
-349.908
-315.706
-311.76
-330.176
-310.445
-272.297
-236.122
-190.082
-162.457
-122.336
-82.2152
-96.0274
-136.806
-151.276
-80.8998
147.987
491.318
787.951
817.548
534.07
196.001
159.826
544.594
1003.03
1206.92
1156.93
972.113
691.923
290.713
-28.9398
32.2284
479.479
858.984
755.064
291.371
-174.296
-422.257
-408.445
-208.498
21.0471
94.7119
-73.0071
-354.512
-516.969
-443.304
-251.907
-90.7656
28.282
145.356
247.961
284.793
230.203
182.847
263.089
446.593
629.44
743.225
764.273
689.292
532.097
384.109
383.452
548.54
661.668
511.707
199.947
-97.3428
-301.237
-404.499
-449.224
-468.956
-513.023
-631.413
-816.233
-906.34
-864.246
-839.253
-832.676
-752.434
-621.547
-516.969
-490.66
-534.728
-515.654
-346.619
-139.437
-13.8122
34.8592
-10.5235
-95.3696
-82.8729
36.8324
171.008
238.753
174.954
-8.55038
-140.752
-145.356
-113.128
-78.2689
-86.8193
-188.766
-318.337
-396.606
-439.358
-443.304
-398.579
-386.74
-401.21
-393.318
-395.948
-411.076
-398.579
-372.928
-329.519
-218.364
-88.1347
-44.0674
-80.8998
-107.866
-90.1079
3.28861
99.9737
107.209
83.5306
89.4501
87.477
46.0405
118.39
354.512
592.607
646.54
592.607
712.313
861.615
761.642
526.177
655.748
1149.7
1410.81
1154.96
722.836
634.701
729.413
626.809
451.197
555.117
820.837
795.185
433.439
67.0876
-76.9534
-88.1347
-86.8193
-87.477
-59.1949
-86.1615
-267.693
-457.774
-475.533
-297.948
-82.8729
7.23494
-32.8861
-72.3494
1.97316
107.209
158.511
217.706
334.123
450.539
479.479
410.418
351.223
359.774
349.908
270.324
232.176
245.988
186.135
-3.28861
-261.773
-476.848
-557.748
-561.037
-602.473
-691.923
-801.105
-904.367
-982.636
-994.475
-947.119
-892.528
-854.38
-842.541
-823.468
-770.85
-703.104
-606.419
-465.009
-315.706
-227.572
-202.578
-176.269
-115.101
-5.91949
88.7924
130.887
132.202
89.4501
25.6511
-32.2284
-90.1079
-133.517
-138.122
-150.618
-240.068
-382.794
-482.768
-475.533
-413.049
-385.425
-422.257
-454.486
-457.117
-478.821
-516.311
-503.815
-390.687
-222.968
-135.491
-208.498
-309.129
-310.445
-224.941
-97.3428
9.86582
32.8861
19.7316
99.9737
401.868
851.092
1182.58
1187.19
937.911
760.326
838.595
1134.57
1508.81
1784.4
1809.39
1550.91
1104.31
646.54
431.465
599.842
1020.78
1299
1122.07
588.003
60.5104
-169.692
-94.0542
102.605
207.84
113.128
-146.014
-428.177
-574.191
-529.466
-381.479
-252.565
-163.773
-88.1347
-34.2015
-23.0203
-28.9398
6.57722
132.202
338.727
551.828
666.93
633.386
509.077
397.922
381.479
474.217
608.393
627.466
422.915
100.631
-169.692
-322.941
-399.237
-497.895
-630.755
-759.669
-877.401
-1002.37
-1143.78
-1233.23
-1233.23
-1166.8
-1053.67
-953.039
-906.34
-898.448
-868.85
-769.534
-559.721
-282.163
-98.0005
-43.4096
-40.121
-2.63089
94.0542
206.525
301.237
353.197
360.431
284.793
134.833
-11.839
-125.625
-197.974
-208.498
-239.411
-339.384
-479.479
-616.943
-691.265
-686.661
-652.46
-657.064
-650.487
-626.151
-609.05
-556.433
-450.539
-276.243
-101.947
-5.91949
32.2284
101.289
239.411
332.149
343.988
340.7
370.955
443.304
446.593
332.807
224.283
247.961
294.659
236.78
140.752
78.2689
84.8461
62.4836
-49.3291
-160.484
-139.437
-115.759
-175.612
61.1681
681.4
1199.68
1039.2
374.901
44.7251
477.506
1245.07
1646.28
1743.62
1841.62
1725.2
1091.16
285.451
104.578
760.984
1574.59
1708.76
1096.42
261.115
-350.566
-557.09
-377.532
-15.7853
149.303
-114.444
-703.762
-1190.48
-1231.25
-946.461
-680.742
-570.245
-493.949
-380.821
-305.841
-342.015
-412.391
-301.894
24.3357
359.774
535.385
554.459
456.459
286.767
176.927
272.954
587.345
862.931
804.394
404.499
-36.8324
-233.491
-230.86
-188.766
-223.625
-367.666
-589.319
-843.857
-989.213
-1031.97
-1034.6
-1051.7
-1072.74
-998.421
-903.052
-903.052
-992.502
-996.448
-838.595
-624.178
-457.117
-397.264
-386.74
-354.512
-297.948
-196.659
-23.678
147.33
214.417
161.8
72.3494
40.7787
91.4233
180.216
219.021
194.028
132.86
66.4299
-21.7048
-83.5306
-79.5843
-33.5438
3.94633
-67.7453
-254.538
-390.687
-382.136
-341.358
-353.854
-401.868
-372.27
-296.632
-278.874
-361.747
-405.814
-303.21
-155.88
-96.6851
-146.014
-149.961
-117.732
-13.8122
176.269
338.727
511.05
955.67
1579.85
1681.14
1069.46
543.936
983.952
2004.08
2485.53
2152.72
1822.55
1937.65
1731.12
865.562
281.505
784.004
1693.63
1847.54
1091.16
138.779
-431.465
-635.359
-578.795
-287.424
-32.8861
-268.35
-968.824
-1533.15
-1549.59
-1141.15
-745.199
-660.353
-748.487
-735.991
-601.158
-509.077
-470.271
-321.626
28.282
395.291
496.58
412.391
403.841
478.164
445.278
345.962
432.781
681.4
741.252
398.579
-109.84
-393.318
-376.875
-357.143
-514.996
-762.299
-979.348
-1142.46
-1304.26
-1401.6
-1402.26
-1317.42
-1231.91
-1193.76
-1095.11
-1039.2
-1047.09
-1024.73
-870.823
-487.372
-109.84
5.26177
-68.4031
-88.1347
69.7185
287.424
471.586
617.601
682.715
661.01
541.963
368.324
315.049
403.841
477.506
415.68
247.961
54.5909
-113.786
-186.793
-169.692
-130.229
-88.7924
-116.417
-226.914
-336.753
-384.109
-338.069
-222.31
-77.6112
60.5104
109.182
-9.86582
-197.974
-225.599
-38.8056
209.155
311.102
236.78
171.665
157.853
121.021
32.8861
51.96
226.914
324.257
263.746
120.363
80.8998
207.182
356.485
635.359
1166.8
1512.1
1134.57
393.318
318.337
1120.76
1881.74
1866.61
1467.38
1462.77
1568.01
1000.39
141.41
105.235
967.509
1645.62
1367.4
420.284
-424.888
-743.883
-668.903
-417.653
-156.538
-256.511
-850.434
-1521.97
-1794.26
-1519.99
-1031.97
-784.662
-872.797
-1018.81
-991.187
-891.871
-828.072
-715.601
-466.982
-121.679
101.947
77.6112
-1.31544
21.0471
36.8324
-2.63089
67.0876
317.022
470.271
267.035
-231.518
-599.842
-457.117
-189.424
-203.236
-446.593
-693.896
-824.125
-909.629
-983.294
-962.247
-706.393
-516.311
-607.077
-760.326
-718.89
-554.459
-410.418
-256.511
-65.1144
210.471
338.069
219.021
117.732
241.384
455.143
578.795
672.192
706.393
670.876
572.876
413.049
312.418
410.418
525.52
472.244
365.036
266.377
204.551
139.437
19.7316
-65.1144
44.7251
234.807
229.545
27.6243
-206.525
-295.975
-152.591
66.4299
144.699
55.2486
-115.101
-211.786
-219.021
-156.538
-90.1079
-99.316
-101.947
-175.612
-290.055
-310.445
-197.316
-63.799
-70.3762
-121.021
-87.477
19.0739
175.612
545.909
1100.37
1341.75
880.032
266.377
472.902
1448.3
2119.84
1893.58
1443.04
1400.95
1390.42
928.703
409.103
569.587
1195.74
1357.54
711.655
-187.451
-747.172
-911.602
-880.689
-782.031
-728.756
-914.891
-1395.03
-1876.48
-2003.42
-1723.89
-1328.6
-1113.52
-1126.02
-1191.79
-1115.5
-922.783
-708.366
-411.734
-17.7585
297.948
365.693
270.324
288.74
511.707
724.809
739.279
688.635
764.93
837.937
691.923
311.76
-22.3625
-101.947
-46.0405
-69.7185
-279.532
-499.868
-702.447
-938.569
-1068.8
-1020.13
-850.434
-770.192
-846.488
-920.81
-821.494
-632.071
-580.768
-511.707
-218.364
137.464
330.834
357.143
372.27
451.855
572.876
719.547
890.555
1067.48
1104.97
853.723
565.641
512.365
644.567
803.078
749.803
492.634
207.182
19.7316
-48.0137
-58.5372
-18.4162
-76.9534
-266.377
-469.613
-539.989
-471.586
-426.204
-459.747
-521.573
-459.09
-348.592
-358.458
-422.915
-463.694
-415.68
-231.518
-89.4501
-78.9266
-113.786
-144.699
-153.249
-180.216
-165.088
-96.6851
3.28861
40.121
-80.8998
-174.954
-138.779
133.517
693.239
1278.61
1295.05
651.802
151.934
472.902
1366.75
1853.46
1602.87
1243.75
1190.48
1035.91
454.486
39.4633
295.317
865.562
1012.23
495.922
-230.203
-702.447
-860.3
-829.387
-624.178
-420.942
-518.942
-941.857
-1400.95
-1537.1
-1266.77
-835.964
-572.218
-536.701
-576.822
-603.131
-574.849
-451.197
-185.478
180.873
428.177
431.465
349.908
399.237
540.647
570.902
497.895
511.05
640.621
697.843
492.634
118.39
-118.39
-101.947
-5.26177
0
-144.699
-383.452
-629.44
-760.326
-732.702
-533.412
-260.458
-247.303
-483.425
-699.816
-588.003
-221.652
42.0942
70.3762
0.657722
97.3428
185.478
103.92
28.9398
194.028
501.184
605.104
440.674
215.733
147.987
183.504
194.028
191.397
248.619
232.176
35.517
-188.108
-249.934
-109.84
-3.28861
-79.5843
-259.142
-363.72
-388.056
-428.177
-480.137
-487.372
-421.6
-395.291
-478.821
-575.506
-555.775
-456.459
-422.257
-444.62
-422.915
-390.687
-394.633
-439.358
-444.62
-345.304
-266.377
-263.746
-324.257
-334.123
-277.559
-239.411
-100.631
88.1347
263.746
343.331
410.418
780.716
1356.22
1716.65
1533.15
1160.88
1204.29
1683.11
2101.42
2083.66
1900.82
1816.63
1630.49
1125.36
586.688
486.714
770.192
916.864
570.245
-69.0608
-631.413
-895.159
-901.736
-759.669
-630.755
-756.38
-1137.2
-1539.73
-1644.3
-1385.16
-974.086
-703.762
-693.239
-744.541
-711.655
-550.513
-305.841
-61.8258
166.404
336.096
441.331
532.755
619.574
654.433
612.339
549.855
595.896
695.212
669.561
457.117
113.786
-133.517
-195.343
-163.115
-190.082
-384.109
-668.245
-922.783
-1014.21
-971.455
-894.501
-820.179
-785.32
-787.951
-800.447
-735.333
-575.506
-403.183
-285.451
-219.021
-114.444
60.5104
255.854
341.358
328.861
323.599
364.378
428.835
455.801
430.808
382.794
342.015
281.505
179.558
89.4501
35.517
-11.839
-24.9934
-57.8795
-188.108
-359.774
-472.244
-468.298
-365.036
-317.68
-443.962
-578.795
-605.762
-536.701
-420.284
-326.888
-274.27
-286.109
-270.324
-195.343
-100.631
1.31544
13.1544
-54.5909
-79.5843
-42.7519
-46.0405
-109.182
-180.873
-196.659
-163.773
-82.2152
49.3291
205.867
326.23
292.686
470.271
1053.67
1549.59
1401.6
854.38
836.622
1439.75
1925.81
1782.43
1418.71
1460.8
1556.17
1106.95
435.412
367.009
858.327
1139.17
804.394
147.987
-328.203
-477.506
-452.512
-399.895
-378.848
-553.144
-949.75
-1293.74
-1372.01
-1166.8
-882.662
-778.085
-870.823
-948.435
-837.28
-617.601
-398.579
-211.786
-57.2218
74.9803
154.565
220.994
383.452
580.11
609.708
502.499
478.821
629.44
758.353
630.755
307.156
46.0405
58.5372
178.9
77.6112
-231.518
-582.084
-764.93
-773.481
-761.642
-814.259
-858.984
-822.152
-858.327
-968.824
-1026.05
-922.783
-691.923
-465.009
-351.881
-299.921
-213.102
-160.484
-130.229
-42.7519
140.752
313.733
388.713
374.244
276.901
217.048
225.599
236.78
279.532
311.102
261.773
124.309
-35.517
-142.068
-152.591
-111.155
-140.752
-235.464
-321.626
-395.291
-440.674
-451.197
-432.781
-379.505
-322.941
-307.814
-288.082
-257.169
-250.592
-244.015
-174.296
-11.1813
77.6112
-13.1544
-167.719
-209.155
-71.6917
83.5306
101.289
30.9129
-53.2755
-14.4699
138.779
304.525
429.492
702.447
1247.7
1615.36
1347.67
754.407
699.816
1389.11
2034.33
2006.05
1654.83
1570.64
1571.3
1142.46
497.895
401.868
960.274
1401.6
1121.42
307.814
-444.62
-757.038
-626.151
-341.358
-199.947
-382.794
-909.629
-1488.42
-1727.83
-1496.97
-1045.78
-757.038
-835.964
-1128.65
-1253.62
-1097.08
-829.387
-582.084
-358.458
-159.169
-38.1479
24.3357
73.6648
201.263
378.19
471.586
531.439
637.99
737.964
653.118
355.17
78.9266
72.3494
272.297
361.089
157.853
-224.941
-503.815
-572.876
-528.808
-495.264
-484.741
-551.828
-687.319
-819.521
-877.401
-766.246
-598.527
-496.58
-466.325
-422.915
-319.653
-240.068
-187.451
-103.92
15.7853
179.558
301.894
281.505
213.76
194.686
211.786
274.928
362.405
367.666
279.532
173.639
86.1615
105.893
198.632
229.545
96.6851
-138.779
-301.894
-315.706
-186.793
-129.571
-224.941
-330.176
-365.036
-365.036
-332.807
-288.082
-307.814
-330.834
-335.438
-305.841
-256.511
-253.223
-339.384
-432.123
-416.996
-374.901
-287.424
-174.954
-112.47
-98.0005
-57.2218
67.0876
125.625
264.404
817.548
1637.73
1969.88
1338.46
540.647
680.742
1693.63
2415.15
2279.66
1912.65
1803.47
1582.48
872.139
321.626
649.829
1472.64
1748.22
1076.69
32.2284
-678.111
-804.394
-541.305
-209.155
-136.148
-524.862
-1255.59
-1909.37
-2046.17
-1643.65
-1105.63
-891.871
-1074.06
-1345.04
-1413.44
-1218.1
-901.079
-571.56
-243.357
1.97316
82.8729
39.4633
80.242
274.27
483.425
611.681
693.896
810.313
822.81
614.312
276.901
93.3965
237.438
465.009
441.331
90.7656
-349.25
-620.232
-636.017
-550.513
-522.231
-577.48
-693.896
-805.051
-872.797
-860.958
-794.528
-686.661
-573.533
-489.345
-411.076
-327.545
-247.961
-208.498
-130.229
-7.23494
131.544
265.062
340.7
380.163
367.666
330.834
336.096
401.868
484.741
468.956
299.263
107.209
48.0137
96.0274
156.538
65.1144
-134.833
-292.028
-322.941
-245.33
-220.994
-262.431
-314.391
-332.807
-328.861
-307.814
-269.008
-244.015
-191.397
-87.477
-73.0071
-151.276
-214.417
-205.867
-84.1884
26.9666
28.282
-31.5706
-58.5372
-63.1413
1.31544
150.618
311.102
351.223
455.801
945.804
1546.3
1623.26
958.3
432.781
828.729
1752.83
2187.58
1872.53
1573.27
1616.68
1484.48
811.629
232.176
466.982
1212.18
1545.65
981.321
-40.7787
-803.736
-952.381
-655.748
-302.552
-235.464
-652.46
-1389.11
-2034.99
-2130.36
-1669.96
-1076.03
-843.199
-1124.05
-1487.11
-1553.54
-1270.06
-861.615
-488.029
-183.504
-31.5706
-48.0137
-94.7119
71.6917
400.552
584.057
559.063
572.218
746.514
855.696
661.01
237.438
-21.0471
128.256
414.365
403.183
-23.0203
-554.459
-858.327
-814.917
-603.131
-516.311
-584.715
-746.514
-922.783
-1025.39
-980.005
-799.79
-623.52
-526.177
-475.533
-440.674
-362.405
-234.807
-86.8193
82.2152
208.498
278.216
333.465
407.13
498.553
513.023
483.425
480.795
533.412
622.862
599.184
472.902
349.908
319.653
359.116
330.834
192.712
55.2486
11.1813
26.9666
9.2081
-87.477
-192.712
-228.887
-191.397
-119.048
-58.5372
-64.4567
-129.571
-167.719
-162.457
-155.88
-122.994
-51.3023
-9.86582
-54.5909
-211.129
-351.223
-229.545
24.3357
47.356
-128.913
-157.195
38.8056
197.316
182.847
405.814
1169.43
1836.36
1454.88
443.962
301.237
1292.42
2198.76
2166.54
1686.4
1569.32
1593
1011.58
182.189
206.525
1120.76
1737.04
1287.16
128.256
-872.139
-1100.37
-722.836
-303.21
-194.028
-545.251
-1307.55
-2057.35
-2292.16
-1931.07
-1278.61
-926.73
-1216.79
-1717.97
-1840.31
-1513.42
-1102.34
-816.89
-586.688
-362.405
-222.31
-249.277
-245.988
-7.23494
265.72
342.673
397.264
603.131
774.796
678.769
313.076
23.0203
130.229
468.956
593.265
282.82
-132.202
-374.901
-422.257
-363.062
-387.398
-456.459
-499.868
-559.721
-701.789
-722.836
-590.634
-549.198
-564.325
-545.251
-415.022
-228.229
-80.8998
-37.4901
-8.55038
130.887
269.666
405.157
548.54
609.708
562.352
528.15
553.144
635.359
759.011
764.273
631.413
504.473
474.875
477.506
415.68
321.626
215.733
221.652
260.458
147.33
-12.4967
-111.155
-107.209
-75.638
-24.9934
-31.5706
-94.7119
-161.142
-265.062
-272.954
-156.538
-42.0942
-101.947
-259.142
-401.868
-482.11
-441.989
-342.015
-268.35
-290.713
-368.324
-485.399
-410.418
-105.235
126.283
148.645
-40.7787
6.57722
583.399
1389.11
1696.26
1160.22
556.433
627.466
1298.34
1827.15
1850.17
1696.26
1591.69
1279.93
555.775
32.2284
288.082
974.743
1209.55
624.178
-332.149
-993.16
-1072.74
-878.058
-714.943
-735.333
-1063.54
-1556.83
-1937.65
-1960.67
-1648.25
-1262.83
-1139.17
-1281.24
-1359.51
-1214.15
-936.596
-727.44
-564.325
-307.156
18.4162
218.364
245.988
290.055
420.942
568.272
657.064
737.306
881.347
982.636
880.032
563.01
284.136
261.115
413.707
436.727
178.9
-142.068
-343.331
-428.835
-466.325
-490.003
-436.727
-376.875
-461.721
-658.379
-745.856
-612.339
-411.076
-297.29
-269.008
-243.357
-196.659
-113.128
-40.121
42.7519
186.135
320.31
405.814
422.257
394.633
328.203
275.585
292.028
357.143
453.828
462.378
316.364
114.444
15.1276
40.7787
147.987
220.994
121.679
-60.5104
-204.551
-232.176
-155.88
-57.2218
-34.8592
-86.8193
-146.014
-272.954
-340.7
-259.8
-99.9737
-42.0942
-187.451
-408.445
-564.325
-557.09
-500.526
-453.17
-411.076
-414.365
-478.164
-549.855
-509.734
-334.78
-68.4031
113.128
121.679
300.579
949.092
1624.57
1548.28
776.769
369.64
1041.83
2073.8
2341.49
1888.98
1569.98
1558.14
1231.91
590.634
415.022
1000.39
1571.95
1270.06
276.901
-556.433
-760.984
-604.446
-462.378
-484.083
-721.521
-1154.3
-1656.8
-1943.57
-1838.33
-1425.28
-1049.07
-1041.83
-1291.11
-1393.71
-1187.19
-876.085
-650.487
-426.861
-74.9803
238.753
276.243
215.075
345.304
645.225
837.937
890.555
966.193
1086.56
1110.23
865.562
552.486
431.465
542.62
647.198
451.855
34.8592
-368.982
-519.6
-438.043
-384.767
-486.714
-651.144
-799.79
-946.461
-1042.49
-1043.15
-899.105
-698.5
-596.554
-647.198
-712.313
-614.312
-382.794
-128.913
19.7316
34.2015
29.5975
92.081
188.766
255.196
295.975
303.21
284.793
293.344
318.337
317.68
296.632
244.672
182.847
139.437
106.551
92.081
87.477
88.1347
41.4365
-53.2755
-110.497
-126.94
-77.6112
-17.1008
-99.9737
-239.411
-234.807
-105.235
-14.4699
-65.1144
-207.84
-311.102
-311.76
-255.196
-209.813
-149.961
-141.41
-228.229
-324.914
-347.935
-278.216
-128.256
-40.121
-50.6446
26.3089
176.927
298.606
274.27
186.793
462.378
1233.23
1810.05
1479.22
691.265
513.681
1139.17
1766.64
1742.96
1385.16
1361.48
1409.5
847.803
46.0405
-51.96
605.762
1150.36
901.079
9.2081
-798.474
-1011.58
-805.709
-564.325
-449.224
-596.554
-1027.36
-1472.64
-1639.7
-1437.12
-996.448
-712.97
-813.602
-1042.49
-1052.35
-812.944
-510.392
-262.431
-73.6648
121.021
253.881
261.773
311.102
522.889
708.366
731.386
720.205
799.79
914.233
861.615
536.701
183.504
168.377
402.526
464.351
184.162
-263.089
-509.077
-443.962
-345.304
-445.278
-636.017
-718.232
-739.937
-766.246
-810.971
-818.206
-751.776
-696.527
-667.587
-626.151
-531.439
-436.727
-390.687
-353.197
-294.659
-198.632
-84.1884
8.55038
72.3494
124.967
132.202
114.444
180.873
317.68
415.022
378.848
278.874
254.538
372.27
466.982
388.713
257.169
201.263
250.592
253.881
182.847
117.732
84.8461
46.0405
-38.1479
-65.1144
-40.7787
-34.8592
-122.336
-255.196
-297.29
-301.237
-312.418
-387.398
-463.036
-463.036
-415.68
-357.143
-330.834
-255.854
-227.572
-295.317
-328.861
-199.947
121.021
377.532
320.968
145.356
424.23
1168.77
1606.16
1232.57
574.849
543.278
1179.29
1673.24
1604.18
1425.94
1437.78
1230.6
499.211
-124.309
112.47
895.817
1239.81
645.883
-361.747
-956.327
-911.602
-582.741
-350.566
-361.089
-652.46
-1107.6
-1495
-1550.91
-1175.35
-678.111
-499.211
-770.85
-1080.64
-991.844
-585.372
-255.854
-165.088
-73.6648
143.383
290.055
285.451
318.995
548.54
812.944
914.891
851.75
781.373
803.736
779.4
634.044
470.271
425.546
459.09
378.848
116.417
-154.565
-318.337
-390.687
-455.143
-515.654
-530.124
-586.03
-737.964
-940.542
-997.106
-849.119
-685.346
-670.218
-742.568
-753.091
-647.856
-495.922
-424.23
-393.318
-313.733
-184.162
-76.9534
-26.3089
3.28861
56.5641
123.652
172.323
228.229
329.519
460.405
507.103
434.754
292.686
212.444
280.189
416.996
475.533
397.264
252.565
94.0542
-33.5438
-122.336
-131.544
-24.3357
90.1079
-1.31544
-280.189
-502.499
-529.466
-403.183
-285.451
-265.72
-338.727
-466.982
-594.58
-611.681
-467.64
-306.498
-243.357
-271.639
-315.706
-269.008
-136.806
48.6714
190.082
203.236
142.068
282.163
930.018
1614.71
1581.16
809.655
255.854
663.641
1529.2
1904.1
1618
1370.03
1368.06
1053.01
306.498
-91.4233
367.666
1096.42
1229.28
563.667
-315.049
-827.414
-853.065
-602.473
-328.203
-231.518
-539.989
-1134.57
-1620.63
-1635.1
-1174.03
-662.983
-545.909
-823.468
-1056.3
-980.663
-678.111
-393.318
-197.974
-14.4699
127.598
217.706
328.861
561.694
770.85
751.776
631.413
689.292
978.032
1183.9
1006.97
565.641
275.585
328.861
494.607
475.533
208.498
-122.994
-345.962
-424.888
-420.284
-409.103
-449.882
-619.574
-865.562
-1008.95
-931.334
-750.46
-694.554
-803.736
-906.34
-817.548
-597.869
-433.439
-411.076
-467.64
-412.391
-249.277
-78.2689
10.5235
-6.57722
-24.3357
19.0739
150.618
311.102
431.465
432.123
305.841
196.001
244.015
422.915
545.251
495.922
303.21
153.249
103.92
78.9266
34.2015
-33.5438
-62.4836
-90.1079
-154.565
-269.008
-340.042
-299.263
-245.988
-264.404
-369.64
-486.056
-499.211
-435.412
-430.808
-466.982
-393.318
-249.934
-195.343
-273.612
-373.586
-324.914
-49.9868
283.478
455.801
420.284
312.418
527.493
1200.34
1726.52
1459.48
784.662
662.326
1231.91
1725.86
1639.04
1389.11
1468.03
1469.35
800.447
2.63089
49.3291
790.581
1237.83
867.535
41.4365
-612.339
-795.843
-665.614
-436.727
-317.68
-587.345
-1183.24
-1662.06
-1698.9
-1397
-1039.86
-926.072
-1109.58
-1294.4
-1225.99
-949.75
-672.849
-445.935
-213.102
4.60405
97.3428
78.2689
204.551
532.755
781.373
773.481
694.554
756.38
905.025
917.522
677.453
436.069
391.344
513.023
577.48
345.962
-63.799
-375.559
-362.405
-217.048
-180.873
-330.176
-541.305
-659.037
-787.951
-864.904
-796.501
-556.433
-432.781
-522.231
-617.601
-604.446
-405.814
-244.015
-206.525
-151.276
11.839
157.195
166.404
135.491
168.377
332.149
529.466
635.359
612.339
584.057
575.506
498.553
451.197
481.452
584.715
618.916
459.09
188.108
11.1813
17.7585
24.9934
-36.8324
-146.672
-235.464
-282.82
-369.64
-495.922
-570.245
-519.6
-467.64
-499.868
-611.681
-682.715
-622.205
-586.688
-632.728
-696.527
-617.601
-428.835
-368.324
-459.09
-596.554
-521.573
-213.102
59.1949
184.82
94.0542
76.9534
558.406
1250.33
1414.76
879.374
434.096
739.279
1415.42
1666.67
1387.13
1252.3
1443.7
1204.95
394.633
-40.121
420.942
1137.86
1195.08
490.66
-330.176
-717.574
-669.561
-491.976
-368.324
-428.177
-767.561
-1225.34
-1533.81
-1500.92
-1152.99
-789.266
-737.306
-974.086
-1127.99
-968.166
-641.279
-399.237
-239.411
-14.4699
219.021
267.693
209.813
315.049
609.05
826.098
848.461
824.783
852.407
903.71
853.723
678.111
521.573
501.184
620.232
624.836
357.143
-21.0471
-234.807
-155.88
-44.0674
-103.262
-299.921
-430.15
-495.922
-647.198
-749.803
-651.144
-430.808
-354.512
-472.244
-611.023
-567.614
-321.626
-113.128
-69.0608
-59.8527
-3.94633
46.0405
99.9737
203.894
357.143
495.264
505.13
420.284
401.21
523.546
594.58
541.963
458.432
399.895
411.076
367.009
228.229
62.4836
11.839
9.2081
-122.336
-290.055
-426.861
-491.318
-506.446
-570.245
-712.313
-799.79
-759.011
-739.279
-803.078
-894.501
-928.045
-893.186
-815.575
-787.951
-799.132
-707.708
-606.419
-600.5
-697.843
-643.252
-347.935
33.5438
199.947
36.8324
192.712
873.454
1393.71
1086.56
476.19
597.211
1385.16
1904.1
1590.37
1193.76
1387.79
1596.29
1088.53
337.411
369.64
1066.17
1483.16
1047.09
169.034
-403.841
-503.815
-374.244
-227.572
-163.773
-391.344
-893.186
-1374.64
-1548.28
-1284.53
-810.313
-578.137
-792.555
-1081.95
-1074.72
-776.769
-441.989
-226.256
-18.4162
204.551
317.68
261.115
315.049
626.809
886.609
918.179
845.83
903.71
1050.38
1026.7
762.299
500.526
505.13
719.547
799.79
524.204
44.7251
-274.27
-203.894
-38.1479
-80.8998
-284.793
-426.861
-483.425
-637.332
-804.394
-760.326
-503.157
-335.438
-447.908
-633.386
-628.124
-449.882
-279.532
-207.182
-165.746
-76.2957
22.3625
61.1681
72.3494
126.94
244.672
336.753
361.747
363.062
380.821
439.358
422.915
338.069
261.773
253.223
274.27
206.525
75.638
-37.4901
-71.0339
-147.987
-274.27
-368.982
-422.257
-461.721
-555.117
-664.957
-677.453
-645.883
-710.339
-885.951
-985.925
-856.354
-666.93
-621.547
-791.239
-944.488
-882.005
-662.983
-474.875
-413.707
-379.505
-338.069
-228.229
-83.5306
4.60405
66.4299
371.613
1021.44
1453.56
1176.01
519.6
430.15
1149.04
1843.59
1823.86
1446.33
1419.36
1522.63
1148.38
501.184
408.445
985.925
1436.46
1170.09
365.036
-311.76
-513.681
-393.318
-217.706
-165.088
-332.149
-740.595
-1187.19
-1443.04
-1374.64
-1002.37
-638.648
-618.916
-884.636
-1063.54
-957.643
-695.212
-432.781
-183.504
73.0071
236.122
220.337
183.504
311.76
540.647
737.306
851.75
925.414
964.22
905.025
747.83
558.406
511.707
601.815
739.937
739.279
364.378
-130.229
-366.351
-264.404
-87.477
-102.605
-306.498
-526.177
-653.118
-789.266
-871.481
-734.675
-511.707
-462.378
-599.184
-743.883
-737.964
-528.808
-291.371
-192.712
-149.303
-98.6582
-118.39
-126.94
-23.678
117.074
288.082
380.821
349.25
322.941
392.66
473.56
455.801
447.251
451.855
493.949
486.714
295.975
69.7185
-22.3625
-6.57722
-22.3625
-90.1079
-191.397
-303.21
-455.143
-624.836
-682.057
-559.063
-420.942
-510.392
-707.051
-810.971
-753.091
-621.547
-591.949
-641.279
-624.836
-510.392
-415.68
-353.854
-326.888
-284.793
-148.645
71.0339
220.337
226.914
393.975
883.978
1395.69
1325.97
740.595
555.775
1158.25
1868.59
1900.82
1498.29
1356.88
1472.64
1259.54
664.957
425.546
822.81
1251.64
1066.82
394.633
-276.243
-631.413
-640.621
-514.338
-424.23
-539.989
-918.837
-1437.78
-1799.53
-1781.11
-1445.01
-1058.27
-978.69
-1226.65
-1439.09
-1334.52
-1021.44
-705.735
-434.096
-207.84
-66.4299
-37.4901
36.8324
270.981
553.144
699.816
734.017
835.964
984.609
1024.73
868.193
624.178
501.184
636.017
890.555
879.374
469.613
-37.4901
-272.954
-157.853
35.517
26.3089
-135.491
-329.519
-584.715
-794.528
-746.514
-492.634
-336.096
-403.841
-543.936
-568.272
-425.546
-259.8
-196.001
-125.625
9.86582
105.235
136.806
155.222
186.793
292.686
476.19
603.131
626.809
618.916
593.265
555.775
533.412
528.15
551.171
589.976
513.681
326.888
145.356
15.7853
-32.2284
-50.6446
-99.316
-233.491
-418.969
-590.634
-668.903
-633.386
-583.399
-639.305
-819.521
-932.649
-930.676
-810.971
-698.5
-725.467
-812.944
-825.441
-695.212
-568.272
-486.056
-455.801
-333.465
-117.074
38.8056
71.0339
84.1884
497.238
1149.7
1445.01
1054.99
496.58
626.809
1352.28
1904.76
1821.23
1532.49
1475.27
1394.37
942.515
462.378
584.057
1132.6
1377.93
904.367
66.4299
-550.513
-698.5
-538.674
-396.606
-440.016
-772.165
-1265.46
-1685.08
-1812.02
-1583.79
-1220.73
-1004.34
-1120.1
-1387.79
-1473.3
-1275.98
-918.837
-593.923
-320.968
-104.578
8.55038
37.4901
112.47
325.572
568.929
752.434
867.535
952.381
980.005
922.783
800.447
671.534
666.93
756.38
868.85
782.689
388.713
-43.4096
-245.988
-125.625
52.6177
48.6714
-158.511
-431.465
-593.923
-643.909
-607.735
-520.916
-448.566
-445.278
-447.251
-436.069
-388.056
-278.216
-154.565
-21.7048
99.316
216.39
245.33
222.31
242.699
333.465
524.862
688.635
708.366
614.312
526.835
497.895
509.077
553.802
564.983
519.6
415.68
253.223
86.8193
12.4967
0
-57.8795
-176.927
-327.545
-440.674
-510.392
-555.117
-621.547
-739.279
-852.407
-914.891
-871.481
-824.125
-849.119
-891.213
-880.032
-845.83
-867.535
-833.991
-665.614
-463.694
-365.036
-330.834
-230.86
-93.3965
48.0137
405.157
1003.68
1362.8
1057.62
505.13
585.372
1387.13
2069.19
2017.23
1667.98
1585.77
1516.71
1089.19
646.54
813.602
1400.29
1605.5
1038.54
105.893
-494.607
-583.399
-399.237
-271.639
-390.029
-771.507
-1293.74
-1728.49
-1902.13
-1725.86
-1340.44
-1112.87
-1272.69
-1587.08
-1670.61
-1420.68
-1073.4
-802.42
-532.755
-251.25
-89.4501
-76.2957
7.89266
301.237
618.258
759.669
814.259
937.911
1074.06
1047.09
836.622
657.722
657.064
828.072
962.904
805.051
401.21
-28.9398
-209.813
-136.806
-44.0674
-87.477
-262.431
-474.875
-693.239
-828.729
-777.427
-605.104
-507.761
-535.385
-608.393
-601.158
-465.667
-317.68
-207.182
-88.7924
53.2755
146.014
184.82
195.343
215.733
341.358
531.439
694.554
734.017
682.057
611.023
582.084
626.151
670.876
695.212
668.245
589.976
451.855
321.626
244.015
198.632
180.873
103.262
-30.9129
-171.665
-301.237
-403.183
-445.935
-424.23
-454.486
-594.58
-775.454
-870.823
-832.018
-732.044
-684.688
-707.708
-739.937
-743.883
-722.836
-666.93
-518.942
-300.579
-107.866
-26.3089
-52.6177
99.316
656.406
1253.62
1253.62
702.447
457.774
966.851
1720.6
1982.37
1723.23
1534.46
1508.16
1179.95
630.755
563.01
1117.47
1550.91
1234.54
335.438
-456.459
-720.205
-610.366
-462.378
-455.143
-725.467
-1287.82
-1850.17
-2104.05
-1956.06
-1581.16
-1311.5
-1392.4
-1700.87
-1850.83
-1651.54
-1242.44
-879.374
-642.594
-432.123
-223.625
-127.598
-47.356
196.659
541.963
778.085
845.83
897.79
992.502
1056.96
979.348
818.206
735.333
780.716
904.367
860.3
536.701
119.705
-138.122
-130.229
-16.443
-14.4699
-194.686
-407.787
-596.554
-759.669
-772.823
-609.708
-426.204
-377.532
-457.117
-565.641
-537.359
-353.197
-167.061
-33.5438
70.3762
147.987
197.974
252.565
310.445
389.371
529.466
657.064
714.286
738.621
755.064
734.017
686.661
661.01
668.245
715.601
722.836
601.815
395.948
233.491
174.296
186.135
197.974
82.2152
-122.336
-282.82
-382.136
-447.251
-467.64
-465.667
-507.761
-611.023
-751.118
-833.333
-783.346
-686.661
-674.165
-715.601
-722.178
-705.078
-674.822
-584.057
-363.72
-102.605
23.0203
-73.6648
-139.437
308.471
1065.51
1370.69
941.2
463.694
709.682
1444.36
1827.15
1573.27
1341.09
1471.98
1427.26
874.77
403.183
626.151
1183.24
1263.48
601.158
-207.182
-603.788
-641.279
-642.594
-739.937
-868.193
-1100.37
-1460.14
-1844.25
-2046.83
-1911.34
-1572.61
-1368.72
-1465.4
-1631.81
-1591.03
-1310.18
-989.871
-747.172
-480.795
-186.793
-11.1813
1.31544
107.209
435.412
766.246
910.287
903.71
935.938
1074.72
1164.83
1047.75
825.441
752.434
870.166
929.361
730.071
330.176
5.26177
-57.8795
0.657722
-30.9129
-163.773
-292.028
-466.325
-713.628
-841.884
-737.306
-497.895
-342.015
-415.68
-594.58
-633.386
-472.902
-247.303
-67.0876
28.282
71.6917
136.806
217.048
265.062
324.914
443.304
570.902
662.983
671.534
614.312
606.419
629.44
616.285
603.131
622.862
601.815
508.419
378.848
224.283
114.444
105.235
109.84
64.4567
-67.0876
-264.404
-426.204
-465.667
-418.969
-434.096
-540.647
-668.903
-759.011
-807.682
-814.917
-774.138
-693.239
-613.654
-623.52
-707.708
-692.581
-522.231
-332.149
-193.37
-94.0542
47.356
131.544
192.712
572.876
1244.41
1585.11
1127.99
523.546
684.688
1500.26
2028.41
1812.02
1479.87
1493.69
1401.6
817.548
327.545
624.178
1284.53
1372.67
663.641
-216.39
-664.957
-685.346
-609.05
-607.077
-681.4
-931.334
-1373.98
-1837.02
-2050.78
-1842.94
-1382.53
-1112.87
-1281.24
-1583.14
-1612.73
-1318.73
-977.374
-717.574
-418.311
-109.182
17.7585
-63.799
-21.7048
310.445
693.896
871.481
877.401
921.468
1014.86
984.609
764.273
553.802
553.802
698.5
809.655
603.788
132.202
-249.934
-330.176
-176.269
-89.4501
-176.269
-390.687
-611.023
-802.42
-920.81
-858.327
-666.272
-536.701
-589.976
-684.031
-699.158
-573.533
-380.163
-251.907
-140.752
9.86582
161.142
213.76
209.155
216.39
320.968
552.486
720.205
737.306
674.165
635.359
610.366
611.023
678.769
756.38
777.427
645.225
416.996
257.827
256.511
302.552
259.142
130.887
-37.4901
-175.612
-245.988
-261.115
-252.565
-257.169
-322.284
-463.036
-614.312
-696.527
-655.748
-522.231
-440.674
-477.506
-591.292
-658.379
-564.325
-380.163
-240.068
-196.659
-143.383
-0.657722
145.356
173.639
265.72
780.058
1436.46
1516.05
894.501
437.385
841.884
1627.86
1915.94
1603.53
1391.74
1454.88
1177.98
461.721
125.625
607.077
1225.99
1135.89
326.888
-520.258
-921.468
-891.213
-697.185
-530.124
-554.459
-971.455
-1607.47
-2049.46
-2044.2
-1616.02
-1118.13
-1008.29
-1335.83
-1656.8
-1587.08
-1189.16
-774.138
-465.667
-231.518
-76.9534
-44.7251
-42.7519
164.43
543.278
788.608
812.944
834.649
962.247
1048.41
926.072
662.983
538.016
637.99
843.199
836.622
486.714
7.23494
-334.123
-335.438
-169.692
-96.0274
-201.921
-422.915
-701.789
-975.401
-1033.94
-837.28
-574.849
-477.506
-569.587
-682.715
-681.4
-572.876
-438.043
-254.538
-23.0203
142.068
132.202
29.5975
2.63089
153.249
434.096
648.514
688.635
617.601
561.037
543.278
561.694
651.144
766.246
825.441
702.447
440.674
253.223
239.411
325.572
350.566
263.089
105.893
-55.2486
-174.954
-234.149
-239.411
-238.095
-273.612
-361.089
-470.271
-556.433
-584.057
-563.667
-533.412
-538.016
-551.828
-523.546
-487.372
-463.036
-438.7
-363.72
-198.632
-8.55038
138.122
165.088
184.162
503.815
1097.08
1448.96
1147.72
616.285
646.54
1264.14
1748.22
1644.3
1370.69
1357.54
1271.38
732.702
199.29
343.988
926.072
1118.13
578.795
-234.149
-751.118
-843.857
-730.729
-621.547
-646.54
-922.783
-1366.75
-1748.22
-1875.16
-1724.55
-1397
-1127.99
-1159.56
-1389.77
-1479.87
-1222.05
-774.796
-426.204
-228.229
-81.5575
39.4633
128.913
286.109
558.406
813.602
911.602
903.052
919.495
975.401
973.428
843.857
684.031
598.527
633.386
707.708
593.923
218.364
-222.31
-395.291
-255.854
-87.477
-139.437
-382.794
-624.178
-807.024
-941.857
-935.938
-734.017
-513.023
-460.405
-580.768
-734.017
-717.574
-524.862
-297.29
-87.477
75.638
125.625
76.2957
51.96
157.195
399.237
653.118
734.675
647.198
552.486
583.399
667.587
718.89
721.521
691.265
667.587
546.567
345.962
229.545
253.223
298.606
217.706
9.2081
-215.733
-294.659
-272.954
-290.713
-351.881
-431.465
-531.439
-662.983
-745.856
-748.487
-661.668
-586.03
-622.205
-663.641
-601.815
-470.929
-454.486
-517.627
-459.747
-227.572
60.5104
147.987
74.3225
295.317
870.823
1210.21
929.361
455.801
549.855
1251.64
1778.48
1640.36
1274.01
1218.1
1232.57
873.454
439.358
541.305
1044.46
1245.72
753.749
-86.8193
-585.372
-588.003
-419.626
-341.358
-469.613
-818.863
-1272.03
-1620.63
-1706.13
-1483.82
-1135.89
-959.616
-1097.08
-1343.07
-1359.51
-1079.32
-695.212
-395.291
-203.236
-32.8861
80.8998
118.39
255.854
548.54
826.098
957.643
997.764
1037.23
1068.8
1007.63
844.515
714.943
699.816
760.326
784.662
601.158
197.974
-205.867
-347.935
-237.438
-137.464
-226.256
-465.667
-686.004
-847.145
-955.67
-958.958
-837.937
-693.896
-656.406
-704.42
-745.856
-703.104
-586.03
-453.828
-301.894
-130.229
7.23494
51.3023
26.9666
19.7316
128.256
367.009
575.506
632.071
559.063
468.298
449.224
467.64
488.029
526.177
574.191
540.647
357.801
145.356
46.6982
71.6917
113.786
82.2152
-16.443
-134.833
-251.25
-377.532
-453.17
-436.727
-376.875
-388.056
-503.157
-637.332
-709.024
-664.299
-568.929
-498.553
-450.539
-405.814
-363.062
-367.009
-389.371
-294.659
-22.3625
273.612
354.512
380.163
700.474
1191.13
1298.34
873.454
611.023
1041.17
1742.96
1926.47
1556.17
1291.77
1308.87
1164.83
739.937
538.674
849.119
1201.66
1004.34
310.445
-358.458
-651.802
-600.5
-423.573
-357.801
-577.48
-1033.28
-1473.95
-1688.37
-1624.57
-1347.67
-1051.04
-989.213
-1203.63
-1383.19
-1245.07
-855.696
-506.446
-340.042
-202.578
-38.1479
71.6917
147.33
315.706
570.245
745.856
797.816
845.172
962.904
1016.18
888.582
657.722
505.788
486.056
586.03
657.722
457.117
12.4967
-420.942
-520.258
-342.673
-205.867
-327.545
-611.681
-809.655
-957.643
-1039.2
-983.294
-810.971
-649.829
-611.681
-682.715
-759.011
-689.95
-518.285
-323.599
-144.699
11.839
90.7656
76.9534
59.1949
99.9737
286.767
548.54
708.366
676.796
557.748
485.399
468.956
506.446
551.171
609.708
624.836
499.868
256.511
38.8056
-4.60405
62.4836
121.679
76.2957
-41.4365
-190.082
-368.324
-485.399
-480.137
-347.277
-247.303
-313.733
-503.157
-689.95
-719.547
-625.493
-505.13
-390.687
-328.203
-308.471
-370.297
-447.908
-380.163
-144.041
128.913
232.833
290.055
611.023
1095.76
1248.36
831.36
421.6
699.158
1443.04
1878.45
1706.79
1391.08
1283.87
1117.47
684.031
427.519
757.038
1289.13
1277.95
557.748
-278.874
-660.353
-545.909
-284.136
-190.082
-388.056
-832.676
-1315.44
-1602.87
-1575.24
-1304.26
-978.69
-865.562
-1068.8
-1333.86
-1329.91
-995.791
-614.97
-407.787
-270.324
-84.1884
88.7924
168.377
248.619
447.251
689.95
836.622
891.213
953.039
1020.13
962.247
761.642
531.439
458.432
584.057
659.695
479.479
57.8795
-338.727
-466.325
-378.19
-301.894
-349.908
-491.976
-726.782
-1004.34
-1160.22
-1063.54
-816.89
-643.909
-654.433
-782.031
-830.045
-721.521
-528.15
-312.418
-140.752
-29.5975
47.356
101.947
110.497
127.598
247.961
441.989
611.023
659.037
611.023
557.09
534.728
525.52
534.728
589.976
632.071
545.251
332.807
113.786
9.2081
15.7853
51.3023
40.121
-38.1479
-163.115
-333.465
-466.982
-490.003
-411.734
-288.74
-280.847
-443.962
-652.46
-718.232
-604.446
-428.177
-338.727
-374.244
-422.257
-422.915
-386.083
-310.445
-144.041
65.7722
202.578
230.86
374.244
812.286
1250.33
1202.97
731.386
541.963
972.77
1573.93
1735.73
1519.34
1371.35
1287.82
918.837
403.841
365.693
908.314
1350.96
1062.88
232.833
-493.291
-728.756
-569.587
-358.458
-330.176
-586.03
-1067.48
-1510.13
-1711.39
-1598.26
-1243.09
-907.656
-888.582
-1166.14
-1378.58
-1230.6
-824.125
-491.318
-307.814
-140.095
42.7519
140.095
164.43
293.344
559.721
774.796
862.273
909.629
972.77
991.187
869.508
636.675
486.056
572.876
709.024
637.332
282.82
-174.954
-411.734
-372.928
-264.404
-261.773
-347.935
-509.077
-775.454
-1042.49
-1090.5
-849.119
-531.439
-437.385
-635.359
-810.971
-741.91
-486.714
-216.39
-56.5641
15.1276
61.8258
115.759
139.437
147.987
236.78
406.472
549.198
597.211
559.721
523.546
514.338
458.432
372.27
395.291
526.177
551.828
366.351
93.3965
-35.517
38.1479
95.3696
30.9129
-82.8729
-169.692
-261.773
-400.552
-511.05
-488.029
-397.922
-388.056
-515.654
-707.708
-784.662
-736.648
-636.675
-539.332
-506.446
-518.942
-516.311
-449.224
-365.693
-274.27
-157.195
5.91949
163.773
249.277
450.539
901.079
1322.02
1231.91
727.44
537.359
1029.99
1675.22
1811.37
1549.59
1383.19
1338.46
1016.84
520.258
469.613
968.824
1365.43
1087.87
314.391
-357.143
-572.218
-447.908
-288.082
-279.532
-505.788
-912.26
-1333.86
-1577.87
-1523.28
-1193.76
-823.468
-777.427
-1083.27
-1331.23
-1189.82
-797.159
-490.66
-332.807
-153.249
73.0071
157.195
136.806
248.619
520.916
750.46
797.159
793.87
856.354
883.32
750.46
511.05
358.458
387.398
528.808
535.385
236.78
-236.78
-570.902
-555.117
-343.331
-257.827
-407.787
-636.017
-830.702
-1022.1
-1124.05
-987.24
-691.923
-488.687
-518.285
-677.453
-710.997
-549.855
-338.069
-180.873
-27.6243
110.497
167.061
155.88
109.182
149.961
355.17
588.003
689.95
648.514
553.144
478.821
449.224
495.264
612.339
716.259
668.245
407.787
126.94
61.1681
176.269
251.25
175.612
9.86582
-154.565
-267.693
-347.935
-382.136
-363.062
-317.68
-342.673
-484.083
-640.621
-714.286
-655.748
-538.674
-512.365
-574.849
-555.775
-409.761
-294.002
-318.995
-361.747
-266.377
-34.8592
165.746
197.974
311.102
728.098
1136.54
1049.07
586.688
457.117
979.348
1608.79
1658.77
1282.56
1151.67
1288.48
1091.82
531.439
305.183
735.991
1235.2
1068.8
289.398
-426.204
-628.782
-495.264
-364.378
-342.673
-504.473
-888.582
-1337.15
-1608.13
-1521.31
-1117.47
-734.017
-727.44
-1049.72
-1257.56
-1078.66
-647.198
-288.082
-142.726
-40.121
101.947
172.981
194.686
325.572
596.554
814.259
865.562
865.562
916.206
961.589
842.541
579.453
399.237
458.432
650.487
639.305
274.27
-248.619
-549.855
-449.224
-221.652
-205.209
-420.284
-663.641
-853.723
-1025.39
-1087.87
-919.495
-645.225
-516.969
-630.755
-794.528
-760.326
-573.533
-409.103
-277.559
-104.578
59.8527
107.209
51.96
13.1544
109.182
325.572
511.707
572.876
553.144
509.734
451.855
418.969
456.459
559.063
668.903
630.755
377.532
119.048
49.9868
165.088
290.055
260.458
74.9803
-142.068
-250.592
-238.095
-186.793
-178.9
-242.042
-359.116
-487.372
-595.896
-625.493
-531.439
-413.049
-438.7
-578.795
-645.883
-539.332
-341.358
-272.297
-342.673
-304.525
-99.316
115.101
179.558
243.357
587.345
1022.1
1078.66
681.4
426.204
801.105
1411.47
1578.53
1314.79
1181.27
1279.93
1096.42
487.372
134.833
533.412
1164.83
1169.43
426.861
-407.13
-743.883
-602.473
-385.425
-320.31
-476.19
-863.589
-1330.57
-1629.18
-1578.53
-1225.99
-845.83
-754.407
-1008.29
-1259.54
-1163.51
-772.823
-380.821
-176.269
-63.1413
74.9803
178.243
236.122
355.17
599.842
838.595
937.911
943.831
951.066
972.113
912.26
726.125
542.62
551.828
679.426
676.138
405.157
-23.0203
-285.451
-263.089
-153.907
-182.847
-318.995
-459.747
-638.648
-824.125
-887.267
-772.823
-595.896
-538.674
-643.252
-705.735
-593.265
-447.908
-372.928
-331.492
-233.491
-66.4299
65.1144
80.242
23.0203
51.3023
207.84
376.875
468.956
488.029
475.533
452.512
418.311
386.083
438.7
552.486
560.379
415.68
211.786
98.0005
115.101
147.987
107.209
-1.31544
-102.605
-194.686
-282.82
-343.331
-390.029
-432.123
-440.016
-409.761
-419.626
-473.56
-580.768
-676.138
-679.426
-601.815
-480.137
-370.297
-336.096
-453.17
-588.661
-609.708
-432.123
-101.947
149.961
187.451
25.6511
-11.1813
388.056
1050.38
1365.43
997.764
491.318
532.097
1039.2
1403.58
1418.05
1406.87
1443.7
1102.34
330.834
-75.638
434.754
1275.98
1401.6
644.567
-284.793
-719.547
-610.366
-372.928
-256.511
-323.599
-601.815
-1006.97
-1346.36
-1427.91
-1190.48
-808.34
-618.916
-784.662
-1024.73
-965.535
-645.225
-377.532
-299.921
-219.679
49.3291
301.237
354.512
365.693
519.6
713.628
765.588
764.273
864.904
1030.65
1001.71
685.346
359.774
298.606
544.594
774.796
611.681
84.1884
-416.996
-510.392
-277.559
-108.524
-204.551
-400.552
-565.641
-801.105
-1054.33
-1063.54
-715.601
-336.753
-313.076
-628.124
-882.005
-792.555
-491.976
-242.042
-101.289
-33.5438
-44.7251
-79.5843
-72.3494
23.678
231.518
440.674
527.493
505.13
461.063
476.848
518.942
547.224
568.272
589.319
609.05
503.157
303.21
170.35
130.229
115.101
31.5706
-71.0339
-134.833
-180.216
-299.263
-492.634
-584.715
-550.513
-501.184
-519.6
-611.681
-722.836
-784.662
-772.165
-674.165
-522.231
-420.942
-453.17
-585.372
-655.091
-555.117
-303.21
-7.89266
175.612
183.504
49.9868
-32.8861
348.592
1142.46
1618.65
1246.38
520.258
397.922
978.69
1535.12
1556.83
1428.57
1499.61
1283.87
497.238
-135.491
194.686
1080.64
1404.89
771.507
-182.847
-676.138
-624.178
-440.016
-353.854
-363.062
-546.567
-897.79
-1254.93
-1466.06
-1358.2
-963.562
-628.124
-649.829
-892.528
-961.589
-732.702
-447.251
-313.733
-210.471
67.7453
352.539
408.445
393.318
531.439
717.574
747.83
714.286
808.998
1009.6
1059.59
772.823
382.136
208.498
282.163
461.063
521.573
267.693
-172.981
-491.318
-535.385
-401.868
-299.263
-347.277
-502.499
-670.218
-843.857
-956.327
-885.951
-695.212
-570.902
-548.54
-564.983
-557.09
-486.056
-411.076
-324.914
-165.746
55.2486
223.625
282.82
270.324
227.572
274.928
436.069
597.211
670.876
662.983
572.218
440.016
396.606
468.956
560.379
546.567
397.922
205.209
98.6582
54.5909
-52.6177
-142.726
-143.383
-144.041
-232.833
-395.291
-526.177
-553.144
-495.922
-445.935
-428.835
-420.284
-487.372
-615.627
-620.232
-463.694
-291.371
-244.672
-369.64
-549.855
-576.822
-429.492
-240.068
-82.8729
38.8056
82.8729
46.0405
-19.0739
-42.7519
278.874
945.804
1366.09
1079.98
422.915
215.733
693.239
1279.93
1382.53
1233.23
1276.64
1210.87
571.56
-161.142
-84.8461
712.313
1281.9
931.992
-0.657722
-686.661
-808.998
-613.654
-379.505
-204.551
-275.585
-653.775
-1106.29
-1396.34
-1327.94
-914.233
-494.607
-421.6
-641.279
-801.105
-689.95
-423.573
-245.988
-126.283
146.014
470.271
539.332
392.002
320.968
419.626
584.715
705.735
818.863
935.938
907.656
627.466
261.773
149.303
338.727
589.976
618.258
294.659
-157.853
-422.257
-414.365
-298.606
-255.196
-326.888
-467.64
-644.567
-821.494
-906.34
-824.125
-653.118
-563.667
-562.352
-570.902
-539.989
-488.029
-447.908
-356.485
-178.243
57.8795
234.807
274.27
220.337
181.531
265.062
465.009
649.171
709.682
669.561
582.084
485.399
413.707
422.257
501.184
532.097
440.674
232.833
36.8324
-74.9803
-115.101
-103.92
-93.3965
-128.256
-268.35
-442.647
-533.412
-506.446
-424.23
-365.036
-362.405
-413.707
-452.512
-458.432
-411.076
-342.015
-298.606
-294.002
-294.659
-277.559
-303.867
-302.552
-253.881
-198.632
-115.759
-9.86582
84.1884
105.235
35.517
-59.1949
159.169
754.407
1172.06
936.596
319.653
80.242
427.519
893.186
1006.97
933.307
987.24
844.515
197.316
-418.311
-228.229
588.661
1110.89
736.648
-169.034
-791.239
-837.28
-565.641
-269.666
-84.1884
-157.853
-498.553
-897.79
-1126.68
-1008.95
-583.399
-165.746
-85.5038
-306.498
-512.365
-470.929
-216.39
22.3625
186.135
384.767
551.828
528.15
383.452
358.458
523.546
725.467
829.387
841.226
838.595
777.427
566.956
286.109
194.686
396.606
639.305
591.949
171.008
-307.814
-465.009
-311.76
-169.034
-208.498
-329.519
-488.687
-722.836
-953.696
-988.556
-746.514
-461.063
-429.492
-625.493
-746.514
-651.802
-452.512
-292.028
-184.82
-87.477
30.2552
113.786
92.7388
58.5372
113.128
267.693
419.626
440.016
367.009
328.203
363.062
367.009
311.76
305.841
349.908
317.68
159.169
-17.1008
-71.6917
1.97316
27.6243
-49.3291
-146.672
-222.31
-292.686
-348.592
-351.223
-328.861
-308.471
-349.25
-448.566
-511.05
-499.211
-474.875
-463.036
-446.593
-413.049
-370.297
-373.586
-427.519
-493.949
-464.351
-291.371
-80.242
57.2218
54.5909
-64.4567
-159.169
3.94633
507.103
1039.2
1089.19
597.869
158.511
300.579
849.119
1188.5
1137.2
1001.05
908.314
632.728
165.746
-14.4699
372.27
872.139
849.119
282.163
-311.102
-523.546
-426.204
-270.324
-172.981
-192.712
-358.458
-612.339
-811.629
-858.984
-712.313
-423.573
-203.236
-220.994
-406.472
-490.66
-318.337
-32.2284
160.484
249.277
319.653
370.297
388.713
451.197
589.976
676.138
655.748
638.648
729.413
849.776
808.998
576.164
343.988
283.478
382.794
511.707
470.271
203.894
-155.222
-387.398
-384.767
-264.404
-230.203
-354.512
-507.761
-645.225
-791.239
-867.535
-795.843
-632.728
-499.868
-488.687
-553.144
-564.325
-505.13
-407.13
-270.981
-101.947
42.0942
124.967
138.779
74.9803
23.0203
97.3428
271.639
417.653
430.808
311.76
161.142
83.5306
85.5038
142.726
198.632
159.826
-1.97316
-178.9
-231.518
-167.719
-97.3428
-94.7119
-153.907
-232.833
-297.948
-345.962
-338.069
-265.062
-222.31
-267.035
-355.17
-415.022
-408.445
-370.955
-370.955
-403.841
-404.499
-363.72
-343.988
-376.875
-416.996
-403.183
-298.606
-136.806
-4.60405
37.4901
-33.5438
-67.0876
232.833
776.769
1016.18
691.265
257.827
301.894
771.507
1118.13
1103.66
1043.15
1099.05
931.992
413.049
75.638
368.982
949.75
1099.71
611.023
-51.3023
-390.687
-371.613
-240.726
-146.014
-143.383
-297.29
-547.224
-766.246
-880.689
-817.548
-597.211
-398.579
-366.351
-464.351
-522.889
-440.016
-305.841
-203.236
-59.8527
172.981
357.801
388.713
359.774
392.002
460.405
519.6
609.05
765.588
899.105
837.937
562.352
301.237
261.773
397.922
530.124
498.553
276.243
-1.31544
-184.162
-232.176
-220.337
-220.337
-249.934
-331.492
-473.56
-624.178
-694.554
-648.514
-551.171
-490.66
-463.694
-423.573
-392.66
-391.344
-393.975
-336.096
-185.478
-2.63089
122.336
148.645
105.893
68.4031
87.477
185.478
333.465
437.385
436.069
344.646
220.337
145.356
151.934
190.739
211.129
176.269
84.1884
-19.0739
-102.605
-128.913
-82.8729
-61.1681
-115.759
-199.947
-264.404
-295.975
-318.995
-334.123
-343.988
-399.895
-499.868
-566.298
-553.144
-480.137
-456.459
-532.755
-609.05
-605.762
-532.097
-441.989
-390.687
-374.244
-347.277
-288.082
-203.894
-125.625
-41.4365
190.739
565.641
775.454
583.399
226.256
208.498
603.131
978.69
1031.31
930.018
903.052
791.239
392.66
11.1813
146.672
701.131
1052.35
782.031
104.578
-434.754
-547.224
-346.619
-109.84
-27.6243
-153.249
-416.996
-698.5
-895.159
-896.475
-655.748
-310.445
-136.806
-228.229
-380.821
-389.371
-274.928
-147.33
21.0471
309.787
593.265
639.963
466.325
318.995
360.431
561.694
796.501
981.978
1051.04
935.28
676.796
441.331
390.687
520.916
682.715
687.319
453.17
96.6851
-150.618
-175.612
-100.631
-90.1079
-172.981
-287.424
-399.895
-532.755
-649.829
-654.433
-541.963
-437.385
-420.284
-436.069
-417.653
-384.109
-386.74
-380.163
-276.243
-78.2689
91.4233
128.256
53.9332
-21.7048
-7.89266
88.1347
213.76
300.579
306.498
209.155
51.96
-60.5104
-49.3291
57.8795
134.175
92.7388
-60.5104
-214.417
-286.109
-278.216
-232.176
-205.209
-224.941
-296.632
-378.848
-434.754
-442.647
-428.835
-433.439
-472.244
-530.124
-541.305
-500.526
-448.566
-459.09
-520.916
-556.433
-541.305
-491.976
-438.7
-351.881
-224.941
-130.887
-136.148
-156.538
12.4967
447.251
893.844
941.857
570.245
282.163
480.137
962.247
1247.04
1206.92
1120.76
1105.63
911.602
467.64
198.632
476.848
1005
1130.62
653.775
-1.97316
-367.009
-374.244
-257.827
-194.686
-217.048
-334.123
-552.486
-818.206
-1008.95
-998.421
-769.534
-515.654
-448.566
-544.594
-597.211
-497.895
-369.64
-317.68
-232.176
14.4699
321.626
479.479
432.781
339.384
330.834
415.022
571.56
778.742
961.589
959.616
709.682
394.633
263.089
370.955
543.278
572.876
400.552
138.779
-54.5909
-145.356
-173.639
-171.008
-172.981
-194.686
-278.874
-416.996
-514.996
-513.023
-440.674
-362.405
-306.498
-261.773
-222.31
-223.625
-245.988
-227.572
-117.074
60.5104
207.84
250.592
201.921
141.41
127.598
172.323
241.384
301.894
316.364
259.142
152.591
28.282
-31.5706
-5.91949
29.5975
26.3089
-46.0405
-165.088
-297.29
-401.868
-407.787
-313.076
-220.337
-263.089
-422.915
-545.909
-537.359
-455.143
-404.499
-407.13
-432.123
-468.298
-526.177
-553.144
-509.077
-424.23
-381.479
-420.284
-478.821
-487.372
-410.418
-251.25
-67.7453
24.9934
-0.657722
30.2552
334.123
759.669
880.689
585.372
330.834
554.459
1070.11
1340.44
1203.63
1003.03
953.039
843.199
541.305
361.747
586.03
953.696
962.247
502.499
-50.6446
-318.337
-286.767
-211.129
-238.753
-346.619
-488.029
-648.514
-820.179
-956.327
-957.643
-786.635
-617.601
-615.627
-715.601
-702.447
-518.285
-338.069
-275.585
-223.625
-49.3291
181.531
322.284
353.854
371.613
414.365
444.62
485.399
604.446
766.246
820.837
668.245
400.552
216.39
223.625
337.411
378.848
259.142
64.4567
-62.4836
-119.048
-177.585
-233.491
-223.625
-178.243
-224.283
-386.74
-523.546
-507.103
-376.217
-260.458
-226.256
-196.001
-128.913
-96.6851
-117.074
-103.92
44.0674
263.746
407.13
409.103
324.257
278.216
315.049
388.056
449.224
491.976
473.56
361.747
196.659
73.6648
84.1884
172.981
193.37
71.6917
-112.47
-238.095
-293.344
-332.149
-360.431
-360.431
-343.331
-367.009
-441.989
-507.761
-527.493
-509.734
-485.399
-453.17
-409.761
-403.183
-465.667
-541.305
-572.876
-536.701
-466.982
-429.492
-437.385
-447.251
-403.183
-306.498
-191.397
-84.1884
78.2689
419.626
794.528
822.81
438.7
148.645
415.68
1038.54
1404.24
1274.66
1021.44
925.414
749.803
350.566
134.833
452.512
983.952
1090.5
572.218
-132.86
-481.452
-419.626
-252.565
-201.921
-309.129
-509.077
-718.232
-897.132
-1046.44
-1091.16
-944.488
-710.997
-591.292
-618.916
-657.064
-584.057
-461.721
-389.371
-264.404
24.3357
337.411
428.177
297.29
197.974
278.874
474.875
662.326
799.132
881.347
830.045
627.466
407.787
330.834
409.761
520.258
491.318
262.431
-27.6243
-204.551
-222.968
-195.343
-245.988
-342.673
-367.666
-336.096
-382.794
-511.05
-566.956
-467.64
-296.632
-169.692
-118.39
-98.6582
-88.7924
-125.625
-132.202
18.4162
280.189
481.452
516.311
407.13
291.371
293.344
409.761
549.198
632.728
618.258
513.023
358.458
203.236
143.383
201.263
275.585
242.699
93.3965
-86.1615
-230.203
-301.237
-313.076
-297.948
-288.74
-313.733
-368.324
-443.962
-513.023
-565.641
-582.084
-527.493
-441.989
-428.177
-500.526
-581.426
-614.312
-603.131
-576.164
-542.62
-510.392
-485.399
-465.667
-412.391
-292.028
-136.148
86.8193
428.177
714.943
676.138
353.197
202.578
523.546
1040.52
1264.8
1126.68
964.22
890.555
648.514
236.78
103.262
466.325
924.757
921.468
383.452
-240.726
-523.546
-451.855
-283.478
-223.625
-351.881
-602.473
-822.81
-949.092
-1011.58
-997.764
-855.696
-658.379
-561.694
-589.976
-606.419
-501.184
-370.297
-322.284
-250.592
-0.657722
333.465
507.103
462.378
360.431
369.64
509.734
694.554
858.327
937.911
874.112
672.849
451.197
341.358
367.009
461.063
485.399
340.7
77.6112
-146.014
-222.968
-205.209
-192.055
-205.209
-195.343
-190.082
-301.894
-513.681
-640.621
-549.855
-313.076
-115.101
-69.0608
-144.699
-236.78
-258.485
-165.746
26.3089
219.679
309.787
284.136
222.31
201.921
260.458
375.559
485.399
524.862
490.003
425.546
373.586
334.123
278.874
226.256
204.551
199.29
165.746
83.5306
-61.1681
-231.518
-355.827
-388.056
-344.646
-284.793
-278.874
-393.975
-593.923
-743.883
-728.756
-557.748
-407.13
-422.915
-554.459
-655.748
-655.091
-618.258
-564.325
-473.56
-382.794
-313.076
-285.451
-253.881
-172.981
59.8527
499.868
901.079
897.132
506.446
288.082
636.017
1237.17
1475.27
1270.72
1082.61
1101.03
972.113
539.989
251.907
502.499
981.321
1049.07
531.439
-150.618
-525.52
-534.728
-401.868
-347.935
-465.009
-689.95
-901.079
-1063.54
-1211.52
-1297.68
-1199.03
-949.75
-764.273
-776.112
-858.327
-839.911
-743.225
-652.46
-509.734
-192.055
174.296
316.364
205.209
71.0339
131.544
366.351
637.332
826.098
883.32
797.816
613.654
466.325
425.546
482.768
551.828
528.808
378.19
165.746
28.282
-7.23494
-19.0739
-86.8193
-171.008
-161.142
-98.0005
-139.437
-303.867
-444.62
-432.123
-312.418
-192.055
-103.262
-53.9332
-53.2755
-119.705
-176.927
-108.524
101.947
311.76
376.217
317.022
257.827
274.928
359.774
452.512
518.942
577.48
607.077
568.272
470.929
384.109
368.324
400.552
393.975
299.921
155.222
28.9398
-79.5843
-190.739
-294.659
-353.197
-363.062
-372.27
-428.835
-534.07
-648.514
-726.125
-739.279
-686.661
-599.842
-557.748
-596.554
-682.057
-741.252
-718.232
-636.017
-555.117
-494.607
-437.385
-359.774
-286.109
-184.162
90.1079
525.52
806.367
632.071
249.934
254.538
832.018
1461.46
1566.69
1247.04
999.079
932.649
770.85
490.66
457.117
818.863
1172.72
1017.5
369.64
-261.773
-472.902
-307.156
-95.3696
-122.336
-389.371
-679.426
-851.092
-968.166
-1116.81
-1182.58
-1013.55
-730.071
-622.862
-753.749
-883.32
-801.763
-622.205
-526.177
-442.647
-234.149
49.3291
188.766
105.893
-15.7853
10.5235
200.605
450.539
645.883
714.286
618.916
415.68
238.095
174.954
229.545
337.411
380.821
281.505
63.799
-142.726
-226.914
-207.84
-173.639
-155.222
-130.887
-138.779
-248.619
-438.7
-549.198
-469.613
-279.532
-125.625
-76.2957
-102.605
-166.404
-213.102
-159.826
19.0739
247.961
401.868
409.761
325.572
284.793
367.009
538.016
687.319
736.648
699.816
652.46
644.567
649.171
625.493
584.715
551.171
516.969
455.801
355.17
241.384
133.517
24.3357
-73.6648
-128.256
-136.148
-151.934
-237.438
-392.66
-560.379
-667.587
-660.353
-571.56
-520.916
-578.137
-716.917
-828.072
-844.515
-804.394
-754.407
-705.078
-623.52
-518.285
-408.445
-216.39
105.235
390.029
379.505
101.289
-25.6511
318.337
927.388
1294.4
1234.54
1021.44
882.005
743.883
543.278
485.399
735.991
1100.37
1185.21
809.655
205.867
-223.625
-290.713
-130.229
-34.2015
-170.35
-454.486
-691.265
-817.548
-947.119
-1125.36
-1187.85
-992.502
-680.084
-551.828
-700.474
-906.34
-943.173
-800.447
-578.795
-312.418
-37.4901
130.229
103.262
-36.8324
-100.631
23.0203
285.451
543.278
664.299
605.104
440.674
299.921
255.854
276.901
319.653
365.693
388.056
334.78
172.981
-29.5975
-153.907
-157.853
-105.893
-74.3225
-82.2152
-138.122
-249.934
-381.479
-451.855
-411.734
-311.102
-225.599
-183.504
-190.082
-231.518
-278.216
-269.008
-161.8
1.31544
119.048
150.618
136.148
124.309
149.303
224.941
345.962
460.405
513.023
497.895
475.533
502.499
552.486
577.48
578.795
566.298
537.359
486.714
420.284
360.431
313.076
256.511
182.847
115.101
67.0876
9.86582
-80.242
-187.451
-274.928
-324.914
-345.962
-347.935
-342.673
-361.747
-430.15
-516.969
-553.144
-508.419
-427.519
-394.633
-449.882
-526.177
-529.466
-427.519
-232.833
43.4096
309.129
390.029
223.625
-11.1813
1.31544
365.036
820.179
1040.52
977.374
801.763
624.836
432.781
272.297
308.471
602.473
940.542
988.556
623.52
61.8258
-329.519
-358.458
-145.356
17.7585
-57.8795
-318.995
-571.56
-715.601
-820.837
-927.388
-940.542
-782.031
-548.54
-434.754
-534.07
-722.836
-797.816
-689.95
-482.11
-278.216
-119.705
-28.9398
-41.4365
-148.645
-245.33
-194.028
44.7251
332.149
461.721
348.592
117.732
-28.9398
-4.60405
107.866
180.873
171.665
124.967
86.8193
49.9868
-26.3089
-121.021
-165.088
-119.705
-24.3357
24.9934
-23.678
-144.699
-253.881
-283.478
-232.176
-150.618
-90.7656
-73.6648
-92.081
-127.598
-157.195
-146.672
-76.9534
36.1747
125.625
136.806
103.262
107.209
169.692
224.283
238.095
255.196
330.176
437.385
480.137
424.23
343.988
340.042
438.7
555.117
595.896
537.359
426.204
350.566
347.277
377.532
386.083
353.854
297.29
222.31
123.652
29.5975
-11.1813
2.63089
11.1813
-38.8056
-124.967
-176.927
-161.142
-120.363
-127.598
-193.37
-257.169
-253.881
-189.424
-139.437
-147.987
-188.766
-207.182
-180.873
-141.41
-108.524
-66.4299
13.8122
122.336
178.243
119.705
-11.839
-95.3696
-44.7251
98.0005
225.599
263.089
206.525
69.7185
-116.417
-261.115
-252.565
-70.3762
133.517
165.746
-28.9398
-307.156
-466.982
-423.573
-268.35
-164.43
-194.028
-309.787
-397.922
-397.264
-361.089
-355.17
-378.19
-382.794
-317.022
-207.182
-127.598
-143.383
-228.887
-295.317
-263.746
-138.122
1.31544
59.1949
9.86582
-69.0608
-104.578
-66.4299
12.4967
72.3494
86.1615
73.0071
77.6112
104.578
127.598
122.994
107.209
108.524
140.095
189.424
225.599
237.438
205.209
143.383
96.0274
105.893
171.008
227.572
210.471
128.913
53.2755
30.9129
66.4299
111.155
119.705
105.893
82.2152
69.7185
78.2689
80.8998
81.5575
80.242
84.1884
105.235
132.86
144.041
146.672
146.672
148.645
176.927
219.021
260.458
268.35
233.491
187.451
171.665
207.182
248.619
236.122
163.115
88.1347
48.6714
55.2486
86.1615
82.2152
33.5438
-40.121
-110.497
-136.148
-105.235
-71.0339
-80.242
-142.068
-213.76
-232.833
-209.813
-178.243
-171.008
-187.451
-196.659
-188.108
-171.665
-166.404
-171.008
-168.377
-146.014
-115.101
-101.289
-107.209
-113.786
-107.866
-90.1079
-80.8998
-84.8461
-97.3428
-102.605
-98.0005
-86.8193
-76.2957
-77.6112
-96.6851
-132.86
-168.377
-167.061
-113.128
-49.3291
-32.2284
-76.9534
-142.726
-169.692
-139.437
-78.2689
-28.282
-16.443
-37.4901
-66.4299
-77.6112
-62.4836
-40.121
-24.9934
-12.4967
2.63089
28.282
46.6982
35.517
10.5235
1.97316
19.7316
51.3023
76.2957
83.5306
79.5843
69.0608
66.4299
78.9266
100.631
122.994
138.779
146.014
149.961
152.591
152.591
158.511
172.323
185.478
196.659
199.947
192.055
178.243
160.484
146.014
144.699
147.33
154.565
154.565
135.491
108.524
86.8193
70.3762
58.5372
53.9332
55.9063
59.8527
65.7722
69.0608
57.8795
45.3828
40.121
40.7787
43.4096
47.356
51.96
63.1413
64.4567
40.121
8.55038
-12.4967
-24.3357
-28.9398
-39.4633
-53.9332
-65.1144
-78.2689
-95.3696
-115.759
-128.913
-130.229
-121.679
-113.786
-115.759
-122.994
-119.705
-121.021
-140.095
-168.377
-190.082
-197.974
-192.055
-186.135
-193.37
-196.001
-189.424
-184.162
-174.954
-157.195
-132.86
-104.578
-86.8193
-82.2152
-78.9266
-67.7453
-53.9332
-42.7519
-34.2015
-21.7048
-7.89266
5.26177
5.91949
-7.23494
-15.7853
-0.657722
32.8861
65.7722
69.7185
40.121
17.7585
13.8122
19.0739
19.7316
5.91949
-3.94633
5.26177
15.7853
17.7585
21.0471
24.9934
26.3089
25.6511
26.3089
42.0942
67.7453
79.5843
57.8795
17.7585
-7.89266
-1.31544
26.3089
44.0674
36.1747
12.4967
-13.8122
-22.3625
-17.7585
-11.839
-7.23494
0.657722
9.2081
5.91949
-6.57722
-8.55038
9.2081
46.0405
78.9266
92.7388
94.7119
95.3696
92.7388
96.6851
116.417
147.33
181.531
190.082
168.377
136.806
123.652
135.491
157.853
170.35
167.719
163.773
158.511
155.88
152.591
144.699
146.014
155.222
161.142
151.934
134.833
115.759
101.947
92.081
81.5575
81.5575
80.242
69.7185
38.1479
-7.23494
-43.4096
-52.6177
-48.0137
-55.2486
-79.5843
-116.417
-147.33
-163.115
-166.404
-160.484
-153.249
-159.169
-182.189
-209.813
-220.337
-204.551
-178.243
-178.243
-205.209
-240.726
-252.565
-226.914
-195.343
-185.478
-201.263
-225.599
-229.545
-205.867
-172.323
-145.356
-134.175
-136.148
-134.833
-117.074
-79.5843
-34.8592
-9.86582
-4.60405
-1.31544
18.4162
51.96
73.0071
73.6648
65.7722
74.9803
91.4233
94.7119
78.2689
50.6446
32.2284
36.8324
49.9868
56.5641
44.0674
13.1544
-9.86582
-12.4967
7.89266
40.121
53.2755
42.0942
24.9934
20.3894
38.8056
62.4836
73.6648
69.0608
55.2486
43.4096
40.7787
36.8324
32.2284
24.3357
9.86582
-1.97316
-11.839
-21.7048
-32.2284
-48.0137
-58.5372
-59.1949
-57.8795
-57.8795
-61.1681
-59.1949
-46.6982
-24.9934
-3.28861
13.1544
26.3089
42.0942
62.4836
86.1615
105.235
124.309
137.464
140.095
140.095
141.41
146.672
158.511
163.115
157.853
155.222
153.907
156.538
159.826
154.565
151.934
155.222
153.249
149.303
138.779
129.571
123.652
120.363
114.444
107.209
96.0274
83.5306
70.3762
55.9063
40.7787
24.9934
7.89266
-11.1813
-29.5975
-48.6714
-63.799
-76.9534
-90.1079
-103.92
-116.417
-122.994
-127.598
-132.202
-134.833
-137.464
-139.437
-145.356
-154.565
-164.43
-167.719
-167.061
-163.773
-164.43
-171.008
-174.296
-174.296
-170.35
-161.142
-151.276
-139.437
-128.256
-116.417
-107.209
-98.0005
-84.8461
-65.7722
-46.0405
-29.5975
-12.4967
5.26177
17.7585
26.3089
30.2552
35.517
44.7251
50.6446
48.0137
41.4365
33.5438
24.9934
15.7853
5.91949
-2.63089
-9.2081
-15.1276
-22.3625
-30.2552
-36.8324
-42.0942
-46.0405
-49.3291
-49.9868
-46.6982
-42.0942
-41.4365
-40.121
-40.121
-40.7787
-36.8324
-36.1747
-38.1479
-41.4365
-44.0674
-44.0674
-46.6982
-53.9332
-61.1681
-62.4836
-57.8795
-50.6446
-44.0674
-38.8056
-31.5706
-21.7048
-8.55038
3.94633
17.1008
32.8861
48.6714
63.1413
79.5843
94.7119
111.813
125.625
135.491
145.356
161.142
180.873
196.001
207.84
214.417
220.994
231.518
242.042
249.277
250.592
248.619
245.33
242.699
236.122
229.545
221.652
208.498
193.37
178.243
167.719
158.511
143.383
119.705
92.081
67.7453
48.6714
30.9129
6.57722
-19.0739
-48.0137
-75.638
-101.289
-124.967
-140.752
-150.618
-157.853
-166.404
-176.269
-185.478
-190.739
-193.37
-194.686
-199.947
-203.894
-202.578
-197.316
-191.397
-188.108
-187.451
-182.847
-171.008
-153.907
-135.491
-118.39
-101.289
-84.8461
-68.4031
-48.0137
-26.9666
-11.839
0
12.4967
29.5975
44.0674
55.2486
63.799
71.0339
82.2152
93.3965
98.0005
94.7119
91.4233
87.477
80.8998
73.0071
63.1413
53.2755
43.4096
28.9398
14.4699
-3.28861
-19.7316
-32.2284
-44.0674
-54.5909
-65.1144
-76.9534
-88.7924
-100.631
-109.84
-118.39
-130.887
-146.014
-156.538
-163.773
-169.692
-173.639
-183.504
-195.343
-201.921
-203.236
-197.974
-192.055
-182.847
-171.008
-157.853
-140.752
-126.283
-113.128
-96.0274
-75.638
-53.2755
-30.9129
-9.2081
14.4699
38.8056
59.1949
82.2152
107.209
127.598
144.041
155.88
169.692
190.082
209.813
226.256
238.753
245.33
255.854
267.693
276.901
284.136
284.136
287.424
292.028
297.948
302.552
297.29
286.109
272.297
253.881
238.095
223.625
207.84
192.055
172.323
147.987
124.309
99.9737
72.3494
44.0674
14.4699
-11.1813
-30.2552
-48.0137
-64.4567
-81.5575
-94.0542
-105.893
-115.101
-118.39
-126.94
-137.464
-146.672
-157.195
-163.115
-165.088
-165.746
-165.088
-164.43
-161.142
-156.538
-153.907
-148.645
-143.383
-137.464
-126.283
-119.048
-109.84
-99.9737
-89.4501
-71.0339
-53.9332
-38.1479
-25.6511
-13.8122
-3.28861
6.57722
17.1008
24.3357
28.282
29.5975
31.5706
29.5975
29.5975
28.282
19.7316
14.4699
6.57722
-6.57722
-17.1008
-31.5706
-45.3828
-50.6446
-60.5104
-68.4031
-76.2957
-87.477
-92.081
-96.0274
-99.316
-98.6582
-105.235
-106.551
-111.813
-124.967
-131.544
-138.779
-144.041
-140.095
-140.752
-147.33
-151.934
-163.115
-163.773
-149.303
-136.806
-123.652
-115.759
-113.128
-102.605
-91.4233
-73.0071
-51.96
-30.9129
-5.26177
10.5235
23.0203
40.7787
53.9332
71.0339
98.0005
119.705
147.33
170.35
177.585
184.82
188.766
201.921
219.679
234.149
244.015
248.619
246.646
245.33
245.33
249.934
260.458
260.458
257.169
250.592
236.122
226.914
217.048
207.182
204.551
200.605
188.766
175.612
157.853
143.383
133.517
115.759
99.316
85.5038
69.7185
53.9332
26.9666
-1.97316
-21.7048
-35.517
-37.4901
-40.121
-53.9332
-76.2957
-99.316
-121.021
-133.517
-139.437
-140.095
-142.068
-151.276
-164.43
-178.243
-188.766
-186.135
-177.585
-164.43
-157.195
-160.484
-167.061
-169.034
-161.8
-143.383
-124.309
-110.497
-101.289
-97.3428
-99.316
-99.316
-93.3965
-82.8729
-73.6648
-69.0608
-70.3762
-71.0339
-67.7453
-66.4299
-63.1413
-59.1949
-53.9332
-51.3023
-53.2755
-55.2486
-53.2755
-48.0137
-42.7519
-41.4365
-44.0674
-43.4096
-35.517
-23.0203
-11.1813
-8.55038
-10.5235
-9.2081
-4.60405
3.28861
7.23494
5.91949
1.97316
-3.94633
-9.2081
-11.839
-12.4967
-9.86582
-1.97316
2.63089
6.57722
5.91949
1.97316
0
0
3.28861
9.86582
14.4699
19.7316
25.6511
33.5438
42.7519
52.6177
59.1949
62.4836
67.0876
70.3762
77.6112
86.1615
94.7119
102.605
108.524
114.444
119.705
122.994
128.256
128.913
127.598
126.283
121.679
117.074
111.813
103.92
94.7119
83.5306
69.0608
57.8795
50.6446
47.356
46.0405
40.121
34.2015
23.0203
12.4967
13.1544
12.4967
12.4967
13.1544
9.2081
7.23494
7.89266
5.91949
7.23494
9.2081
10.5235
11.839
7.23494
0
-5.91949
-14.4699
-20.3894
-26.9666
-36.8324
-39.4633
-40.121
-44.0674
-49.9868
-61.1681
-70.3762
-67.7453
-59.1949
-48.6714
-43.4096
-42.7519
-37.4901
-30.9129
-24.3357
-13.8122
-5.91949
1.31544
10.5235
9.86582
5.91949
5.26177
3.94633
4.60405
6.57722
4.60405
2.63089
0
-1.97316
-5.26177
-13.8122
-21.7048
-28.9398
-42.0942
-55.2486
-66.4299
-74.3225
-74.3225
-74.9803
-79.5843
-82.8729
-86.8193
-88.7924
-90.7656
-98.0005
-107.209
-109.84
-110.497
-109.84
-111.813
-111.813
-107.866
-98.6582
-91.4233
-89.4501
-88.7924
-89.4501
-88.1347
-86.8193
-82.8729
-76.2957
-64.4567
-53.2755
-44.7251
-38.8056
-30.9129
-18.4162
-4.60405
7.89266
15.7853
25.6511
38.8056
52.6177
66.4299
78.2689
91.4233
109.182
124.967
133.517
138.122
140.752
146.672
152.591
155.88
155.88
157.853
159.826
163.115
166.404
165.088
167.719
167.061
163.115
156.538
144.699
128.913
115.101
98.6582
81.5575
70.3762
61.1681
53.2755
44.7251
30.2552
14.4699
3.28861
-5.91949
-17.1008
-32.2284
-51.3023
-68.4031
-77.6112
-84.8461
-91.4233
-92.7388
-96.0274
-97.3428
-103.92
-113.786
-120.363
-122.336
-121.021
-119.705
-116.417
-113.786
-105.235
-98.0005
-94.7119
-88.1347
-79.5843
-67.0876
-53.9332
-40.121
-31.5706
-19.7316
-7.89266
5.91949
20.3894
32.2284
43.4096
54.5909
67.0876
76.9534
86.1615
92.081
99.316
102.605
105.893
103.92
103.262
103.262
98.6582
97.3428
94.0542
94.0542
92.081
86.8193
77.6112
66.4299
52.6177
38.8056
24.9934
11.839
0.657722
-13.1544
-23.678
-32.8861
-40.121
-49.9868
-62.4836
-73.0071
-88.7924
-101.289
-111.155
-118.39
-123.652
-132.202
-139.437
-145.356
-151.276
-151.276
-152.591
-159.826
-163.115
-169.692
-167.719
-163.115
-156.538
-145.356
-140.095
-128.913
-117.732
-98.6582
-78.2689
-61.1681
-46.0405
-36.1747
-24.3357
-11.839
4.60405
21.7048
38.8056
57.2218
71.0339
85.5038
100.631
113.786
123.652
130.887
133.517
134.833
132.202
124.967
122.336
118.39
117.732
122.336
122.994
126.94
124.309
120.363
116.417
112.47
105.235
93.3965
80.8998
68.4031
59.8527
55.9063
50.6446
48.0137
46.6982
46.6982
48.6714
48.6714
49.3291
44.0674
29.5975
17.1008
4.60405
-5.91949
-13.1544
-22.3625
-25.6511
-30.2552
-34.8592
-34.8592
-36.1747
-39.4633
-40.121
-42.7519
-43.4096
-44.7251
-46.0405
-45.3828
-40.7787
-33.5438
-24.9934
-17.7585
-11.1813
-3.94633
0.657722
7.23494
10.5235
13.8122
17.1008
19.7316
28.9398
35.517
42.0942
44.7251
45.3828
47.356
44.7251
42.7519
40.7787
35.517
27.6243
17.7585
7.89266
-0.657722
-6.57722
-11.839
-17.1008
-23.0203
-26.9666
-31.5706
-37.4901
-40.7787
-46.6982
-53.2755
-60.5104
-70.3762
-76.9534
-85.5038
-93.3965
-99.9737
-106.551
-113.128
-119.048
-121.679
-122.994
-122.994
-124.309
-124.309
-125.625
-126.94
-121.679
-119.705
-113.786
-110.497
-107.866
-107.209
-105.235
-101.947
-96.0274
-88.1347
-76.9534
-59.8527
-45.3828
-28.9398
-15.1276
0.657722
14.4699
25.6511
35.517
41.4365
48.6714
57.8795
69.0608
76.9534
82.8729
90.7656
96.0274
104.578
112.47
117.074
121.021
117.732
117.732
117.074
117.074
119.705
118.39
120.363
120.363
119.048
117.074
114.444
112.47
109.182
106.551
103.92
98.6582
91.4233
84.8461
77.6112
73.0071
68.4031
63.1413
54.5909
48.0137
42.0942
35.517
27.6243
21.7048
15.1276
9.2081
3.28861
-4.60405
-7.89266
-11.1813
-13.8122
-13.1544
-13.1544
-14.4699
-17.1008
-23.0203
-26.9666
-33.5438
-38.8056
-42.0942
-45.3828
-45.3828
-44.7251
-44.0674
-46.0405
-44.0674
-42.0942
-40.121
-39.4633
-36.8324
-32.2284
-27.6243
-23.0203
-21.7048
-20.3894
-20.3894
-17.1008
-14.4699
-11.1813
-7.23494
-7.89266
-11.839
-17.1008
-21.7048
-25.6511
-30.2552
-35.517
-38.1479
-43.4096
-48.6714
-50.6446
-53.9332
-53.2755
-52.6177
-51.96
-50.6446
-48.6714
-50.6446
-51.96
-52.6177
-50.6446
-49.9868
-51.96
-53.9332
-58.5372
-63.1413
-65.7722
-67.0876
-67.7453
-67.7453
-67.7453
-67.7453
-66.4299
-64.4567
-61.8258
-57.2218
-55.9063
-51.3023
-42.7519
-32.8861
-21.7048
-9.86582
0
9.2081
18.4162
27.6243
34.8592
41.4365
48.0137
54.5909
60.5104
64.4567
66.4299
65.1144
63.799
61.8258
61.1681
62.4836
63.1413
61.8258
57.8795
55.9063
53.9332
54.5909
55.9063
56.5641
57.8795
61.8258
65.7722
68.4031
71.6917
71.0339
69.7185
69.0608
69.7185
69.7185
67.7453
64.4567
61.8258
58.5372
55.9063
53.9332
50.6446
47.356
45.3828
42.7519
39.4633
35.517
29.5975
24.9934
21.7048
19.0739
17.7585
15.1276
10.5235
5.26177
-0.657722
-3.28861
-5.91949
-10.5235
-14.4699
-17.7585
-21.0471
-23.0203
-28.9398
-34.2015
-37.4901
-40.121
-40.7787
-40.121
-41.4365
-40.7787
-40.7787
-39.4633
-36.1747
-32.8861
-30.2552
-28.282
-25.6511
-23.678
-22.3625
-22.3625
-21.0471
-21.7048
-22.3625
-21.0471
-22.3625
-25.6511
-28.282
-28.9398
-28.9398
-28.282
-30.2552
-33.5438
-36.1747
-38.8056
-41.4365
-44.0674
-48.6714
-50.6446
-51.96
-54.5909
-55.9063
-58.5372
-61.8258
-64.4567
-66.4299
-67.7453
-66.4299
-65.7722
-65.1144
-65.1144
-63.799
-59.8527
-57.2218
-54.5909
-51.96
-46.0405
-36.1747
-28.9398
-23.678
-16.443
-9.2081
2.63089
15.1276
23.0203
30.2552
37.4901
44.0674
50.6446
54.5909
60.5104
64.4567
65.1144
67.0876
65.1144
65.7722
66.4299
63.799
60.5104
55.9063
51.3023
48.0137
44.0674
38.8056
34.2015
28.9398
23.678
19.7316
15.7853
12.4967
11.839
9.86582
8.55038
7.23494
8.55038
13.8122
19.0739
21.7048
23.678
27.6243
33.5438
40.7787
46.0405
50.6446
56.5641
61.1681
64.4567
67.0876
69.0608
71.0339
69.0608
65.7722
61.8258
57.2218
53.9332
49.9868
42.0942
36.1747
28.9398
20.3894
11.839
3.94633
-5.26177
-14.4699
-22.3625
-30.9129
-40.121
-47.356
-52.6177
-58.5372
-62.4836
-64.4567
-63.1413
-58.5372
-53.9332
-49.3291
-42.7519
-36.8324
-30.9129
-24.9934
-19.7316
-13.1544
-7.89266
-4.60405
-1.97316
-1.97316
-3.28861
-1.97316
-1.31544
-1.31544
0.657722
-0.657722
-3.94633
-5.26177
-11.839
-15.7853
-20.3894
-25.6511
-30.2552
-34.2015
-42.0942
-49.9868
-55.9063
-63.1413
-67.7453
-67.0876
-66.4299
-67.7453
-67.7453
-67.7453
-65.7722
-64.4567
-63.1413
-61.8258
-59.1949
-55.9063
-52.6177
-48.6714
-44.0674
-38.1479
-29.5975
-19.7316
-9.86582
0.657722
9.86582
16.443
21.0471
26.3089
32.8861
40.7787
46.6982
47.356
46.6982
42.7519
41.4365
40.121
42.0942
47.356
45.3828
38.8056
40.7787
47.356
56.5641
55.9063
46.6982
37.4901
29.5975
23.678
20.3894
21.0471
23.0203
19.7316
11.839
3.94633
-2.63089
1.31544
13.1544
19.7316
19.0739
12.4967
5.91949
9.2081
13.1544
6.57722
3.28861
10.5235
14.4699
12.4967
8.55038
7.89266
15.7853
17.1008
15.1276
23.0203
32.2284
39.4633
34.8592
25.6511
19.0739
15.1276
12.4967
9.2081
0
-13.1544
-19.0739
-18.4162
-12.4967
-11.1813
-19.7316
-28.282
-32.2284
-36.8324
-34.2015
-23.678
-19.0739
-16.443
-20.3894
-19.7316
-15.7853
-7.89266
1.31544
6.57722
11.1813
19.7316
26.9666
31.5706
30.9129
24.3357
21.7048
18.4162
12.4967
10.5235
9.86582
11.839
15.7853
18.4162
18.4162
15.7853
9.2081
0.657722
-11.1813
-17.7585
-11.839
-0.657722
3.94633
-3.28861
-19.0739
-32.2284
-36.1747
-35.517
-30.9129
-26.3089
-29.5975
-40.121
-44.7251
-44.7251
-37.4901
-36.1747
-36.1747
-34.8592
-33.5438
-21.0471
-15.1276
-9.86582
0.657722
12.4967
32.2284
36.8324
21.7048
5.91949
-7.23494
-24.3357
-22.3625
-5.26177
19.0739
38.8056
24.9934
7.89266
-1.31544
1.31544
25.6511
60.5104
69.7185
58.5372
35.517
46.0405
163.773
288.74
234.149
-11.1813
-280.189
-395.948
-293.344
-77.6112
115.101
185.478
81.5575
-175.612
-428.835
-487.372
-294.002
48.0137
318.995
323.599
71.6917
-197.316
-282.82
-128.913
105.893
224.941
278.216
348.592
313.076
107.866
-88.1347
-102.605
67.7453
211.129
270.324
345.304
327.545
47.356
-356.485
-547.882
-399.237
-25.6511
261.773
257.827
20.3894
-307.156
-499.868
-405.157
-148.645
46.0405
111.155
40.7787
-83.5306
-134.833
-93.3965
38.1479
215.733
264.404
117.074
34.8592
96.0274
268.35
383.452
234.149
26.3089
-73.6648
-30.9129
76.2957
180.873
195.343
104.578
-24.3357
-201.921
-141.41
19.7316
78.2689
-17.1008
-172.981
-170.35
-98.6582
-46.6982
-77.6112
-147.33
-132.86
0
82.2152
155.88
233.491
240.726
148.645
-76.9534
-292.028
-99.316
220.994
159.826
-7.89266
-113.786
-238.753
-301.237
-286.767
-201.921
-8.55038
69.7185
24.3357
-17.1008
-105.893
-174.954
-86.8193
-1.31544
-65.7722
-107.209
2.63089
130.229
93.3965
-74.9803
-124.309
-57.8795
46.0405
194.686
238.753
170.35
35.517
-28.282
13.1544
0
-95.3696
-147.33
-39.4633
39.4633
-48.6714
-122.994
-97.3428
-66.4299
-96.6851
-151.276
-192.055
-172.323
-90.1079
32.8861
55.9063
-49.3291
-152.591
-135.491
31.5706
114.444
110.497
131.544
137.464
104.578
102.605
63.799
-7.89266
12.4967
66.4299
124.309
107.866
-21.7048
12.4967
174.954
31.5706
-140.095
-29.5975
34.2015
-26.9666
26.3089
120.363
50.6446
-82.8729
-208.498
-52.6177
201.263
105.235
-71.6917
23.0203
165.746
151.934
67.0876
-9.86582
65.7722
130.887
57.8795
-3.28861
86.8193
208.498
240.068
134.833
28.9398
71.6917
136.148
125.625
212.444
244.672
73.6648
-1.31544
12.4967
67.0876
64.4567
34.2015
40.7787
71.6917
51.3023
-68.4031
25.6511
134.175
-1.97316
-117.732
-129.571
1.31544
73.0071
-76.2957
-159.826
-95.3696
-109.182
-199.29
-144.699
-30.2552
-25.6511
-126.283
-121.679
-74.9803
-78.9266
-78.2689
-126.94
-50.6446
-1.31544
-112.47
-137.464
-28.282
-86.8193
-125.625
-13.8122
-157.195
-247.961
-123.652
-116.417
-119.705
-99.9737
-158.511
-69.0608
9.2081
-114.444
-85.5038
98.0005
30.9129
-57.2218
-2.63089
-3.94633
-1.97316
-74.3225
-123.652
-14.4699
65.1144
-77.6112
-121.021
18.4162
71.6917
124.967
144.699
34.8592
-15.1276
34.8592
57.2218
86.8193
36.1747
-58.5372
32.8861
102.605
-32.2284
-59.8527
19.7316
72.3494
73.6648
-55.9063
-86.8193
115.759
217.048
75.638
-71.6917
-120.363
-15.7853
78.2689
-20.3894
3.94633
179.558
149.961
-74.9803
-223.625
-115.759
144.699
133.517
-122.336
-153.907
80.242
166.404
7.23494
-101.947
-62.4836
65.7722
66.4299
-13.1544
4.60405
99.316
132.202
69.7185
-28.9398
-90.1079
34.8592
160.484
161.8
76.2957
14.4699
46.0405
74.9803
99.316
101.947
91.4233
73.0071
103.92
132.86
65.7722
16.443
-23.678
-8.55038
41.4365
22.3625
25.6511
28.9398
15.1276
24.3357
41.4365
5.26177
2.63089
37.4901
7.23494
17.1008
-59.8527
-105.235
73.0071
98.0005
-151.934
-238.753
-66.4299
107.209
105.893
-69.7185
-149.303
-78.2689
-49.9868
-13.8122
-13.1544
-24.3357
28.9398
-19.7316
-136.806
-184.82
-76.9534
23.0203
-24.9934
-139.437
-133.517
-29.5975
44.0674
82.8729
-7.23494
-163.115
-167.719
-46.0405
41.4365
74.3225
21.7048
-49.3291
-74.3225
-99.316
-78.2689
81.5575
81.5575
-120.363
-139.437
-52.6177
-1.31544
-2.63089
6.57722
52.6177
14.4699
-97.3428
-134.833
33.5438
153.907
27.6243
-73.6648
-44.7251
-4.60405
27.6243
40.121
17.7585
0
-48.0137
-46.0405
42.7519
52.6177
2.63089
21.7048
41.4365
-22.3625
-29.5975
69.7185
151.934
78.9266
-96.6851
-134.833
-35.517
23.0203
61.1681
48.6714
23.678
47.356
-3.28861
-55.2486
-40.121
30.2552
101.947
126.94
90.7656
26.3089
24.9934
7.89266
-30.2552
-14.4699
21.0471
71.6917
117.732
105.235
51.96
-12.4967
-44.7251
1.97316
69.0608
44.0674
-0.657722
45.3828
49.3291
17.7585
6.57722
22.3625
57.8795
49.3291
22.3625
9.2081
38.1479
100.631
94.0542
-21.7048
-69.0608
-41.4365
-5.26177
32.2284
-2.63089
-30.2552
13.1544
12.4967
-43.4096
-13.8122
-12.4967
-39.4633
7.23494
-6.57722
-38.1479
19.0739
52.6177
10.5235
11.839
-48.6714
-124.309
-57.8795
-3.28861
29.5975
59.8527
-0.657722
-53.2755
-28.282
-19.0739
-34.2015
-51.96
-43.4096
19.7316
59.8527
28.9398
-12.4967
-9.2081
16.443
-5.26177
-17.1008
3.94633
-3.28861
-14.4699
19.7316
38.8056
-17.7585
-33.5438
-22.3625
-42.0942
-28.282
-39.4633
-54.5909
11.839
48.6714
-7.89266
0
9.86582
-59.8527
-57.2218
-32.8861
-64.4567
-39.4633
-1.97316
13.8122
32.2284
-38.1479
-125.625
-112.47
-83.5306
-71.0339
-57.2218
-10.5235
13.1544
-3.28861
-20.3894
-50.6446
-40.121
-32.8861
-70.3762
-89.4501
-15.7853
36.8324
7.23494
-32.8861
-6.57722
40.7787
-9.86582
-72.3494
-51.96
28.282
62.4836
49.3291
80.242
96.6851
61.8258
32.2284
38.1479
74.9803
95.3696
99.316
81.5575
40.121
21.0471
65.7722
126.283
117.074
65.1144
10.5235
21.0471
68.4031
57.2218
49.3291
73.6648
49.3291
-5.91949
-25.6511
-11.1813
27.6243
28.9398
-19.0739
-39.4633
-24.9934
-9.86582
6.57722
21.0471
-11.1813
-53.9332
-67.0876
-76.2957
-63.799
-48.0137
-31.5706
-34.2015
-66.4299
-89.4501
-84.8461
-76.2957
-75.638
-69.7185
-84.1884
-88.7924
-57.8795
-15.1276
-7.89266
-47.356
-65.1144
-32.8861
-8.55038
-19.0739
-24.9934
15.1276
46.0405
24.9934
-6.57722
7.89266
48.0137
40.121
22.3625
24.3357
62.4836
109.84
95.3696
51.3023
44.7251
69.0608
86.8193
76.2957
56.5641
59.1949
73.0071
94.7119
86.1615
51.96
40.7787
30.2552
3.28861
-5.91949
0.657722
28.282
59.1949
27.6243
-26.9666
-28.282
0.657722
24.3357
17.7585
-19.0739
-32.8861
-22.3625
-44.7251
-56.5641
-44.0674
-28.9398
-40.121
-80.8998
-94.0542
-79.5843
-44.0674
-42.7519
-79.5843
-93.3965
-88.1347
-90.1079
-88.7924
-76.2957
-78.9266
-61.1681
-42.0942
-48.6714
-58.5372
-68.4031
-66.4299
-48.6714
-36.8324
-31.5706
-7.89266
21.0471
40.7787
40.121
20.3894
2.63089
7.23494
36.8324
48.6714
38.1479
46.6982
76.9534
101.289
90.7656
47.356
11.839
9.2081
11.839
11.1813
32.8861
67.7453
82.2152
53.9332
6.57722
-21.7048
-13.8122
-3.94633
-1.97316
1.97316
30.2552
60.5104
62.4836
30.2552
-4.60405
-2.63089
5.26177
13.8122
28.9398
47.356
60.5104
42.7519
12.4967
2.63089
18.4162
40.7787
31.5706
16.443
9.2081
20.3894
34.2015
25.6511
13.8122
-6.57722
-20.3894
-16.443
2.63089
20.3894
21.7048
10.5235
-15.1276
-31.5706
-10.5235
23.0203
51.3023
55.2486
40.121
40.7787
46.6982
49.9868
49.9868
44.7251
42.0942
40.7787
38.8056
53.2755
55.9063
48.0137
23.0203
-3.28861
-7.23494
-1.31544
7.23494
1.31544
-5.26177
-19.7316
-28.9398
-31.5706
-33.5438
-29.5975
-39.4633
-57.8795
-61.8258
-57.8795
-51.96
-48.6714
-57.8795
-53.2755
-47.356
-46.6982
-50.6446
-60.5104
-62.4836
-62.4836
-59.8527
-54.5909
-53.9332
-59.8527
-65.1144
-68.4031
-74.3225
-76.9534
-80.8998
-82.2152
-77.6112
-78.9266
-72.3494
-69.7185
-73.0071
-71.6917
-80.242
-75.638
-59.8527
-43.4096
-35.517
-42.0942
-50.6446
-43.4096
-23.678
-9.2081
-1.97316
-1.97316
-1.31544
4.60405
9.86582
9.2081
9.2081
15.7853
24.3357
37.4901
44.0674
51.96
55.9063
49.3291
47.356
46.0405
51.3023
53.9332
46.0405
39.4633
38.8056
45.3828
49.3291
48.0137
45.3828
47.356
51.96
53.2755
53.9332
53.2755
57.8795
66.4299
76.9534
83.5306
84.8461
90.7656
86.8193
78.9266
71.6917
71.6917
86.1615
89.4501
76.9534
66.4299
65.1144
70.3762
63.1413
46.0405
30.9129
22.3625
29.5975
32.2284
24.9934
13.1544
-1.97316
-5.91949
-5.26177
-11.1813
-18.4162
-15.1276
-1.97316
11.1813
11.839
6.57722
-1.31544
-5.26177
-3.94633
-6.57722
-9.86582
-13.8122
-14.4699
-14.4699
-29.5975
-48.6714
-58.5372
-61.8258
-63.799
-71.6917
-82.2152
-78.2689
-64.4567
-65.1144
-82.8729
-107.866
-107.866
-100.631
-101.289
-105.235
-101.947
-89.4501
-78.2689
-80.8998
-81.5575
-71.6917
-67.0876
-73.0071
-76.2957
-61.1681
-35.517
-14.4699
-17.1008
-24.9934
-31.5706
-35.517
-42.0942
-48.6714
-38.8056
-5.91949
24.9934
32.2284
17.7585
13.1544
18.4162
19.7316
13.8122
21.7048
43.4096
52.6177
46.0405
44.7251
62.4836
71.6917
58.5372
42.0942
49.9868
64.4567
68.4031
55.2486
53.9332
77.6112
98.0005
81.5575
57.2218
46.6982
46.6982
42.7519
28.9398
25.6511
31.5706
38.8056
34.8592
24.9934
17.1008
8.55038
-7.89266
-13.1544
-8.55038
-5.91949
-15.1276
-30.2552
-34.8592
-26.9666
-22.3625
-28.282
-35.517
-28.9398
-19.0739
-23.678
-23.678
-16.443
-8.55038
-10.5235
-14.4699
-5.26177
8.55038
6.57722
1.31544
5.26177
19.7316
28.282
25.6511
27.6243
34.8592
40.121
40.7787
36.8324
37.4901
39.4633
39.4633
40.7787
40.121
45.3828
48.0137
50.6446
53.2755
61.1681
69.0608
59.8527
44.7251
37.4901
27.6243
21.0471
19.7316
26.3089
32.8861
31.5706
24.3357
13.8122
13.8122
3.94633
-19.0739
-34.2015
-34.8592
-29.5975
-23.0203
-26.9666
-38.8056
-48.0137
-53.9332
-62.4836
-77.6112
-84.1884
-76.9534
-68.4031
-59.1949
-61.1681
-67.0876
-63.1413
-65.1144
-65.7722
-73.6648
-85.5038
-82.8729
-68.4031
-49.9868
-41.4365
-49.9868
-56.5641
-57.2218
-62.4836
-67.7453
-65.7722
-51.3023
-28.9398
-11.839
-4.60405
-7.89266
-13.8122
-15.1276
-8.55038
-7.23494
-5.91949
-4.60405
6.57722
19.7316
19.0739
13.1544
7.23494
9.86582
6.57722
-1.31544
-1.97316
9.2081
28.282
44.7251
46.0405
37.4901
31.5706
25.6511
25.6511
23.678
21.7048
24.9934
30.9129
38.1479
36.1747
26.9666
15.7853
9.86582
11.839
19.0739
26.3089
33.5438
37.4901
42.0942
40.7787
28.9398
22.3625
21.7048
24.9934
27.6243
26.9666
27.6243
32.2284
36.8324
32.8861
19.7316
7.23494
3.28861
8.55038
16.443
21.0471
23.0203
25.6511
28.282
23.678
14.4699
9.2081
3.94633
7.23494
13.8122
15.1276
12.4967
15.7853
13.1544
8.55038
3.28861
-4.60405
-3.28861
