SAMPLES: 8073
BITSPERSAMPLE:	16
CHANNELS:	1
SAMPLERATE:	16000
NORMALIZED:	FALSE
3.16616
3.16616
1.8997
1.26646
0.633232
0.633232
1.26646
0.633232
1.8997
1.26646
0.633232
0
-1.26646
-2.53293
-3.16616
-5.06586
-5.69909
-6.96555
-8.23202
-6.96555
-6.33232
-5.69909
-5.69909
-5.69909
-5.69909
-6.96555
-6.96555
-6.96555
-7.59878
-6.96555
-6.96555
-7.59878
-6.96555
-8.23202
-8.23202
-8.23202
-7.59878
-6.96555
-5.69909
-4.43262
-3.16616
-3.79939
-3.16616
-2.53293
-0.633232
-1.26646
-1.8997
-2.53293
-2.53293
-1.8997
0
0.633232
1.8997
1.8997
3.79939
5.69909
6.33232
8.23202
8.86525
8.86525
8.23202
8.23202
8.86525
9.49848
10.1317
10.1317
10.1317
10.1317
11.3982
12.0314
10.7649
10.1317
8.86525
7.59878
7.59878
8.23202
6.33232
5.69909
5.06586
4.43262
4.43262
3.16616
1.8997
1.8997
0.633232
-0.633232
-1.8997
-1.8997
-1.26646
-2.53293
-4.43262
-6.33232
-6.96555
-8.23202
-10.1317
-11.3982
-10.1317
-8.23202
-4.43262
-1.8997
-1.8997
-4.43262
-6.33232
-9.49848
-14.5643
-20.2634
-19.6302
-15.8308
-14.5643
-15.8308
-18.997
-19.6302
-16.464
-13.2979
-8.86525
0
9.49848
15.8308
16.464
12.0314
10.1317
10.7649
12.0314
13.2979
12.6646
7.59878
1.26646
-1.26646
-1.8997
1.8997
6.33232
10.7649
12.0314
9.49848
6.96555
2.53293
-1.26646
-0.633232
-1.26646
-2.53293
-1.26646
0
1.8997
1.8997
0
0
1.26646
1.26646
1.8997
3.16616
3.79939
3.79939
2.53293
2.53293
3.79939
1.8997
1.26646
0.633232
-3.16616
-3.16616
-3.16616
-3.79939
-5.06586
-6.96555
-9.49848
-8.86525
-8.86525
-8.23202
-6.33232
-5.06586
-1.8997
0.633232
1.8997
3.16616
6.33232
9.49848
13.9311
17.0973
15.8308
13.9311
14.5643
13.2979
7.59878
5.69909
7.59878
3.79939
2.53293
1.8997
4.43262
6.33232
0
-5.06586
-4.43262
-5.06586
-5.06586
-3.79939
-9.49848
-15.8308
-18.997
-18.997
-10.1317
-1.26646
5.69909
15.1976
20.8967
16.464
10.1317
0.633232
-6.33232
-7.59878
-10.1317
-15.8308
-14.5643
-11.3982
-6.96555
-11.3982
-25.3293
-31.6616
-29.7619
-32.2948
-25.3293
6.96555
45.5927
60.157
39.2604
-4.43262
-55.0912
-94.3516
-113.349
-91.8186
-44.3262
12.6646
110.816
194.402
184.904
109.549
61.4235
96.2513
189.336
231.763
219.732
210.866
139.944
-15.8308
-189.336
-308.384
-301.418
-200.735
-141.211
-138.678
-169.706
-228.597
-243.161
-190.603
-108.916
-31.0284
3.79939
-4.43262
-17.7305
-30.3951
-27.229
20.8967
92.4519
161.474
189.336
170.973
151.976
153.242
155.775
155.775
160.841
155.142
120.314
67.1226
24.0628
4.43262
-18.3637
-70.922
-93.7183
-74.0881
-74.7214
-101.95
-137.411
-162.741
-148.81
-97.5177
-62.69
-46.2259
-43.693
-69.0223
-84.2199
-81.6869
-77.8875
-50.0253
-3.16616
27.8622
30.3951
3.79939
-25.3293
6.33232
84.8531
149.443
167.806
146.277
105.117
78.5208
90.5522
108.916
112.715
107.016
89.9189
64.5897
43.693
15.1976
-5.06586
-6.96555
-15.1976
-34.1945
-55.7244
-62.69
-49.3921
-26.5957
-13.9311
-18.997
-18.3637
-15.1976
-15.8308
-22.1631
-29.1287
-22.7964
-2.53293
6.33232
10.1317
22.1631
34.1945
34.1945
17.0973
-9.49848
-22.1631
-18.3637
-8.86525
0
-6.33232
-13.2979
-3.79939
18.3637
41.1601
46.2259
33.5613
12.6646
-22.7964
-54.458
-69.0223
-56.9909
-27.229
-2.53293
0
-15.8308
-36.7275
-53.8247
-86.1196
-136.778
-160.841
-153.242
-138.045
-132.979
-122.847
-108.283
-101.95
-124.747
-161.474
-170.973
-164.64
-160.841
-155.775
-150.709
-133.612
-112.082
-109.549
-117.781
-127.28
-135.512
-131.712
-124.113
-102.584
-62.69
-34.1945
-20.8967
-22.7964
-22.1631
4.43262
54.458
98.151
112.082
96.8845
64.5897
41.7933
51.925
76.6211
114.615
159.574
186.803
168.44
135.512
119.048
143.744
203.267
231.13
228.597
231.763
265.324
329.281
389.438
393.237
369.174
356.51
343.212
334.98
340.679
375.507
429.965
463.526
436.297
383.739
365.375
382.472
387.538
346.378
265.957
201.368
170.339
136.145
91.1854
57.6241
43.693
14.5643
-51.2918
-117.781
-147.543
-136.778
-131.079
-163.374
-212.766
-240.628
-248.86
-254.559
-279.889
-325.481
-369.807
-397.036
-404.635
-416.033
-421.733
-417.933
-408.435
-421.733
-457.827
-473.658
-456.56
-445.162
-451.494
-457.194
-455.294
-449.595
-449.595
-443.262
-431.231
-413.501
-398.936
-396.403
-395.137
-388.171
-366.008
-346.378
-343.845
-352.077
-347.011
-313.45
-272.923
-260.892
-259.625
-239.362
-203.267
-174.772
-171.606
-160.208
-122.214
-76.6211
-54.458
-53.8247
-31.0284
15.8308
58.8906
67.7558
67.1226
76.6211
103.85
131.712
151.976
165.907
253.926
483.789
751.646
885.258
864.362
877.026
946.682
976.444
928.318
963.146
1144.88
1275.33
1202.51
1031.53
977.077
1015.7
1044.2
965.046
828.901
741.515
717.452
685.79
590.172
473.024
379.306
295.719
129.179
-107.016
-274.823
-277.989
-211.499
-222.264
-328.014
-412.867
-390.704
-340.046
-366.008
-431.864
-441.363
-396.403
-379.939
-405.902
-395.77
-309.65
-189.336
-121.581
-126.646
-121.581
-69.0223
2.53293
35.461
20.8967
31.6616
110.816
200.101
203.267
119.681
27.8622
-30.3951
-80.4205
-201.368
-360.309
-464.159
-497.72
-542.68
-646.53
-762.411
-823.202
-819.402
-833.333
-890.957
-928.318
-921.986
-913.754
-928.318
-963.779
-966.312
-912.487
-845.998
-790.907
-725.684
-625.633
-521.15
-448.328
-408.435
-380.572
-319.149
-230.496
-177.305
-153.875
-98.151
-3.16616
65.2229
82.3202
72.1884
77.8875
109.549
105.75
52.5583
8.23202
-2.53293
-1.8997
-28.4954
-80.4205
-129.813
-140.578
-163.374
-221.631
-271.657
-283.055
-274.823
-266.591
-235.562
-145.01
82.9534
435.664
769.377
951.748
1021.4
1101.19
1220.87
1328.52
1438.07
1638.17
1898.43
2020.01
1940.86
1841.44
1842.07
1885.76
1888.93
1818.64
1711.63
1621.71
1548.25
1443.77
1287.36
1101.19
908.688
693.389
400.203
78.5208
-128.546
-196.935
-257.092
-397.036
-581.94
-715.552
-777.609
-854.863
-950.481
-995.441
-969.478
-947.948
-962.513
-955.547
-887.791
-776.976
-687.057
-651.596
-643.997
-591.439
-505.952
-441.363
-417.933
-399.569
-340.046
-270.39
-240.628
-231.13
-146.91
-22.1631
27.8622
-36.7275
-143.11
-203.267
-254.559
-357.776
-495.821
-604.103
-692.756
-798.506
-921.986
-1018.87
-1054.33
-1042.93
-1054.96
-1130.32
-1194.28
-1166.41
-1073.96
-1013.17
-976.444
-918.186
-832.067
-761.145
-733.916
-697.188
-588.273
-450.228
-368.541
-321.049
-244.428
-107.649
42.4265
165.907
248.227
315.983
390.071
440.096
462.893
466.692
472.391
473.658
425.532
328.014
230.496
170.339
114.615
19.6302
-91.8186
-175.405
-227.33
-268.49
-314.083
-331.814
-323.582
-287.487
-222.898
-118.414
58.2573
323.582
601.57
789.007
891.591
1005.57
1177.81
1347.52
1496.96
1664.13
1890.2
2050.41
2070.04
2024.44
2040.27
2109.3
2143.49
2089.03
1969.98
1844.6
1723.66
1580.55
1377.91
1134.75
881.459
635.132
342.579
43.0598
-160.208
-238.728
-295.086
-429.965
-620.567
-771.277
-858.663
-942.249
-1040.4
-1100.56
-1098.66
-1086.63
-1101.19
-1104.36
-1052.43
-947.315
-828.901
-742.148
-681.991
-604.737
-497.72
-404.002
-352.077
-321.682
-262.791
-183.004
-127.28
-103.217
-81.0537
-22.1631
28.4954
13.9311
-89.9189
-218.465
-314.083
-382.472
-471.125
-605.37
-718.718
-785.841
-864.362
-985.942
-1076.49
-1118.29
-1129.69
-1172.75
-1231
-1243.03
-1195.54
-1121.45
-1073.96
-1048.63
-1023.3
-966.312
-885.892
-816.236
-730.117
-594.605
-439.463
-319.782
-231.13
-118.414
32.9281
187.437
289.387
350.811
412.234
481.256
528.749
547.746
555.978
571.175
582.573
548.379
466.692
381.206
313.45
229.23
113.982
-1.26646
-82.9534
-141.844
-193.136
-246.96
-267.224
-243.794
-186.17
-83.5866
48.1256
231.763
497.087
764.311
937.183
1041.03
1188.58
1382.98
1571.68
1718.59
1875.63
2047.87
2122.59
2086.5
2034.57
2025.71
2014.31
1972.52
1856.64
1703.39
1543.19
1388.68
1215.17
986.575
721.884
441.996
159.574
-148.81
-437.563
-634.498
-740.248
-832.067
-963.779
-1100.56
-1177.18
-1204.41
-1227.2
-1278.5
-1317.12
-1314.59
-1291.79
-1271.53
-1225.3
-1122.72
-984.676
-840.299
-728.217
-631.966
-523.683
-388.171
-272.29
-215.932
-189.336
-139.944
-72.8217
-25.3293
34.1945
114.615
216.565
294.453
302.685
249.493
164.007
91.8186
12.6646
-98.7842
-248.86
-379.939
-457.827
-530.015
-628.166
-711.12
-740.881
-737.082
-740.248
-791.54
-833.967
-821.302
-804.205
-823.835
-844.732
-838.399
-799.772
-730.117
-660.461
-575.608
-433.131
-268.49
-128.546
-14.5643
86.7528
189.336
289.387
349.544
361.575
368.541
390.071
394.504
385.005
371.707
350.811
331.814
292.553
203.267
96.8845
12.6646
-74.7214
-171.606
-271.657
-361.575
-422.999
-455.294
-488.222
-494.554
-435.03
-322.315
-189.336
-3.16616
239.362
478.723
678.825
825.735
1001.14
1213.27
1419.07
1589.41
1763.55
1957.95
2088.4
2114.99
2087.77
2071.3
2069.4
2042.17
1937.69
1793.95
1659.7
1522.29
1344.98
1122.09
861.196
589.539
327.381
39.8936
-254.559
-476.824
-617.401
-733.916
-866.895
-1020.77
-1128.42
-1179.71
-1226.57
-1294.33
-1355.12
-1389.94
-1400.08
-1405.78
-1395.01
-1330.42
-1218.97
-1100.56
-1008.11
-913.121
-787.741
-637.031
-498.354
-411.601
-351.444
-282.421
-206.434
-155.775
-108.916
-27.8622
47.4924
101.95
134.245
112.715
44.3262
-39.8936
-133.612
-232.396
-338.146
-469.858
-568.009
-622.467
-701.621
-779.509
-797.239
-759.878
-721.251
-675.659
-636.398
-590.172
-528.749
-502.153
-507.219
-502.153
-495.821
-470.491
-397.036
-300.785
-188.07
-17.0973
181.738
349.544
495.821
633.232
742.781
808.637
827.001
807.371
785.841
752.913
684.524
602.204
520.517
440.729
371.707
293.186
188.07
74.0881
-30.3951
-138.678
-264.691
-410.334
-546.479
-659.828
-736.449
-775.709
-742.781
-614.235
-447.695
-221.631
63.3232
339.412
543.313
712.386
897.29
1079.66
1237.97
1383.61
1555.22
1726.82
1814.21
1824.34
1859.17
1921.23
1947.82
1937.06
1891.46
1823.71
1735.69
1588.15
1370.31
1106.26
818.136
515.451
221.631
-62.0567
-315.983
-492.655
-601.57
-704.787
-820.669
-927.052
-1009.37
-1076.49
-1163.88
-1265.2
-1341.19
-1398.81
-1457.7
-1508.36
-1512.16
-1469.1
-1392.48
-1291.79
-1180.34
-1054.96
-915.02
-781.408
-680.091
-613.602
-564.843
-511.018
-462.893
-431.864
-395.77
-319.782
-210.233
-123.48
-60.157
-8.86525
13.9311
-3.16616
-78.5208
-169.706
-264.058
-350.177
-446.429
-554.711
-637.031
-685.157
-714.919
-705.42
-673.126
-643.997
-563.576
-465.426
-397.67
-351.444
-307.118
-265.324
-234.929
-227.964
-223.531
-151.976
-27.8622
107.016
271.657
476.824
679.458
861.196
1021.4
1130.95
1181.61
1199.34
1182.88
1131.59
1045.47
942.249
843.465
745.314
629.433
511.018
423.632
333.713
208.333
63.3232
-72.1884
-200.101
-336.246
-460.36
-562.943
-644.63
-686.424
-652.229
-552.812
-394.504
-149.443
147.543
415.4
603.47
763.678
963.146
1148.05
1267.1
1351.32
1482.4
1598.28
1607.14
1569.15
1582.45
1640.07
1677.43
1655.9
1576.75
1480.5
1369.05
1201.24
959.347
669.959
355.243
44.3262
-269.124
-576.874
-822.568
-975.811
-1082.83
-1192.38
-1320.92
-1415.27
-1448.83
-1486.83
-1557.12
-1638.8
-1690.73
-1722.39
-1761.02
-1788.25
-1752.15
-1654.64
-1521.02
-1375.38
-1225.94
-1053.06
-853.597
-658.561
-508.485
-407.801
-321.682
-229.23
-155.142
-96.8845
-3.16616
118.414
221.631
298.886
368.541
416.667
447.695
456.56
431.864
374.873
289.387
184.271
91.8186
1.8997
-115.248
-220.365
-282.421
-306.484
-294.453
-252.66
-193.136
-131.079
-74.7214
-46.2259
-41.7933
-46.2259
-72.8217
-95.618
-96.8845
-80.4205
-25.9625
71.5552
208.333
367.908
535.714
689.59
810.537
887.158
908.688
891.591
847.898
772.543
652.862
513.551
369.807
233.663
128.546
36.7275
-59.5238
-170.339
-283.688
-389.438
-486.322
-597.771
-719.985
-821.302
-906.155
-966.312
-970.111
-900.456
-752.28
-495.821
-172.239
128.546
367.275
599.037
858.029
1109.42
1308.89
1476.7
1662.23
1790.15
1789.51
1746.45
1756.59
1812.31
1864.24
1868.03
1829.41
1794.58
1747.72
1634.37
1441.87
1187.94
897.29
562.943
173.506
-237.462
-573.075
-795.973
-966.312
-1132.85
-1293.06
-1396.91
-1427.3
-1430.47
-1465.93
-1522.92
-1567.25
-1610.94
-1680.6
-1752.15
-1773.05
-1738.22
-1667.3
-1582.45
-1468.47
-1287.36
-1046.1
-794.706
-583.84
-416.033
-264.691
-132.345
-28.4954
43.0598
124.113
214.666
271.657
296.353
312.183
336.879
355.876
361.575
342.579
302.685
237.462
146.91
55.7244
-37.3607
-148.176
-270.39
-383.739
-476.19
-524.949
-523.683
-479.357
-411.601
-341.945
-271.657
-208.333
-163.374
-144.377
-137.411
-129.179
-119.681
-100.684
-51.2918
60.157
212.766
367.275
514.818
656.028
781.408
875.76
921.986
925.152
878.293
783.308
659.195
503.419
343.845
199.468
69.0223
-57.6241
-195.669
-319.782
-406.535
-490.755
-577.508
-657.295
-733.283
-803.571
-863.728
-891.591
-864.362
-774.443
-592.072
-309.65
-10.7649
256.459
514.818
816.236
1127.15
1386.14
1602.71
1831.31
2042.17
2119.43
2067.5
2020.64
2037.74
2054.84
2018.11
1927.56
1864.24
1818.01
1747.72
1620.44
1439.97
1225.3
953.647
612.335
224.797
-150.076
-444.529
-673.759
-909.954
-1142.35
-1323.45
-1412.74
-1435.54
-1468.47
-1518.49
-1538.12
-1534.32
-1553.95
-1618.54
-1664.13
-1650.84
-1619.17
-1607.14
-1595.74
-1524.82
-1370.95
-1164.51
-959.347
-776.976
-600.304
-413.501
-246.327
-118.414
-18.997
62.69
127.913
150.076
132.979
103.85
94.3516
104.483
86.1196
35.461
-21.5299
-70.922
-105.75
-162.741
-249.493
-334.347
-409.701
-490.755
-574.975
-637.031
-663.627
-650.963
-630.699
-614.235
-589.539
-532.548
-462.259
-389.438
-319.782
-247.594
-164.64
-75.3546
18.3637
121.581
245.061
371.707
487.589
585.106
679.458
772.543
852.33
895.39
887.158
849.164
785.208
680.724
540.78
395.137
240.628
64.5897
-115.881
-286.221
-419.833
-499.62
-571.809
-636.398
-679.458
-702.254
-680.724
-604.103
-490.755
-311.55
-33.5613
271.657
516.084
707.32
942.249
1227.2
1484.93
1695.8
1922.49
2192.88
2379.05
2404.38
2370.19
2387.28
2405.02
2358.79
2251.14
2134.63
2046.61
1944.02
1780.65
1564.08
1322.82
1054.33
726.95
353.343
-27.8622
-361.575
-626.266
-867.528
-1129.69
-1369.68
-1531.16
-1628.67
-1704.66
-1794.58
-1856
-1865.5
-1859.17
-1880.7
-1906.03
-1869.93
-1785.71
-1720.49
-1695.16
-1645.14
-1527.99
-1358.92
-1183.51
-1031.53
-869.428
-692.123
-519.883
-371.074
-241.895
-101.95
49.3921
174.139
226.697
217.199
210.233
219.098
207.067
146.91
60.157
-10.1317
-60.7903
-119.048
-213.399
-300.785
-359.043
-414.767
-492.655
-571.175
-615.502
-626.9
-616.135
-618.668
-626.266
-597.771
-555.344
-526.216
-496.454
-455.294
-380.572
-276.722
-171.606
-58.2573
77.8875
233.663
375.507
473.658
551.545
635.765
705.42
742.781
737.715
705.42
668.06
613.602
518.617
399.569
278.622
148.81
15.8308
-125.38
-272.923
-397.036
-491.388
-573.708
-647.163
-688.956
-677.558
-609.802
-502.153
-347.644
-109.549
209.6
498.987
713.652
937.183
1215.81
1499.49
1723.66
1924.39
2170.09
2399.95
2494.93
2460.11
2442.38
2481.64
2503.17
2443.01
2327.13
2227.08
2137.79
2005.45
1801.55
1556.48
1287.99
987.209
631.966
245.694
-125.38
-423.632
-656.662
-900.456
-1170.21
-1408.94
-1559.65
-1638.17
-1722.39
-1809.14
-1850.3
-1852.2
-1856
-1878.8
-1878.17
-1825.61
-1763.55
-1737.59
-1713.53
-1633.11
-1492.53
-1332.95
-1184.78
-1043.57
-882.725
-700.988
-524.316
-372.974
-244.428
-108.916
25.9625
110.182
119.681
101.317
108.916
112.082
58.8906
-39.2604
-120.314
-160.208
-188.07
-245.694
-319.782
-368.541
-410.968
-487.589
-573.075
-632.599
-650.329
-635.765
-634.498
-654.762
-662.361
-645.897
-614.235
-577.508
-540.147
-462.259
-341.312
-217.832
-102.584
27.229
194.402
371.707
508.485
604.103
693.389
794.706
877.026
893.49
861.829
821.935
781.408
704.787
585.74
446.429
310.284
168.44
21.5299
-127.28
-266.591
-372.974
-457.194
-525.583
-595.238
-633.232
-619.301
-543.946
-437.563
-299.519
-50.6586
271.023
549.012
754.179
977.077
1248.1
1512.16
1704.66
1903.5
2148.56
2344.86
2392.35
2339.79
2335.36
2372.09
2376.52
2303.06
2177.05
2064.97
1958.59
1805.98
1594.48
1346.25
1077.13
771.91
426.798
60.157
-274.189
-539.514
-761.778
-997.34
-1254.43
-1462.13
-1590.05
-1664.77
-1748.35
-1826.24
-1851.57
-1831.31
-1822.44
-1845.87
-1841.44
-1778.12
-1700.86
-1655.27
-1612.84
-1524.19
-1376.01
-1197.44
-1030.9
-872.594
-711.12
-543.946
-379.939
-239.362
-122.847
-8.86525
113.982
215.299
250.76
257.725
278.622
297.619
264.691
170.339
75.3546
16.464
-25.9625
-108.916
-228.597
-324.215
-395.77
-485.056
-582.573
-645.897
-661.727
-628.166
-599.671
-606.636
-610.436
-578.774
-530.015
-502.153
-495.187
-466.692
-386.905
-269.757
-150.076
-27.8622
115.881
280.522
422.366
519.883
600.937
695.922
777.609
809.271
785.208
728.217
659.828
561.677
419.2
258.992
89.9189
-80.4205
-241.895
-395.77
-533.815
-629.433
-681.991
-715.552
-740.881
-733.283
-666.16
-566.109
-451.494
-296.986
-40.5268
267.224
531.915
735.816
973.911
1261.4
1521.02
1727.46
1936.42
2184.02
2374.62
2424.65
2390.45
2399.95
2443.01
2440.48
2358.16
2248.61
2156.79
2042.17
1869.93
1642.6
1383.61
1108.16
805.471
462.893
94.9848
-245.061
-516.717
-732.016
-958.08
-1201.24
-1395.64
-1514.69
-1579.91
-1658.43
-1732.52
-1754.05
-1750.89
-1764.82
-1804.08
-1807.88
-1753.42
-1688.83
-1643.87
-1591.95
-1500.76
-1361.45
-1200.61
-1034.7
-862.462
-684.524
-503.419
-326.748
-169.706
-46.2259
63.9564
158.941
212.766
219.098
197.568
182.371
166.54
112.715
29.7619
-42.4265
-94.3516
-148.176
-226.064
-303.951
-348.911
-388.171
-450.861
-523.683
-569.276
-574.341
-574.975
-602.204
-630.699
-643.364
-623.734
-583.207
-552.178
-513.551
-445.795
-337.513
-215.299
-98.151
36.7275
205.167
376.773
488.222
554.078
623.1
694.022
727.584
706.687
659.195
615.502
562.31
476.19
362.842
248.227
153.875
46.2259
-86.7528
-223.531
-336.246
-422.999
-500.887
-577.508
-631.332
-640.831
-612.969
-560.41
-481.89
-357.143
-131.712
195.035
518.617
778.875
1021.4
1321.56
1626.77
1863.6
2045.34
2267.6
2506.33
2639.31
2601.32
2505.7
2496.83
2503.17
2435.41
2281.53
2120.06
1999.75
1855.37
1633.74
1369.68
1105.62
842.832
528.749
140.578
-270.39
-624.367
-893.49
-1124.62
-1390.58
-1659.7
-1835.11
-1928.82
-1994.05
-2080.17
-2127.66
-2091.57
-2025.08
-2004.18
-2028.88
-2011.78
-1931.36
-1849.04
-1792.05
-1725.56
-1610.31
-1438.7
-1258.23
-1090.43
-923.886
-735.182
-519.883
-312.817
-153.875
-29.1287
110.816
262.791
345.111
341.312
322.948
336.246
338.779
271.023
164.64
95.618
67.7558
31.6616
-39.2604
-117.148
-159.574
-181.104
-234.296
-299.519
-339.412
-343.212
-328.014
-343.212
-386.905
-410.968
-386.272
-345.111
-314.083
-274.823
-191.236
-63.9564
76.6211
210.233
347.644
507.852
656.662
749.113
798.506
826.368
850.431
847.264
795.973
719.352
631.332
544.58
440.729
309.65
171.606
48.7589
-73.4549
-217.199
-370.441
-507.852
-600.937
-677.558
-745.314
-785.208
-788.374
-747.847
-680.724
-586.373
-436.93
-157.042
186.17
467.958
687.057
938.45
1235.44
1503.93
1704.66
1917.43
2186.55
2396.15
2439.84
2354.99
2304.96
2303.7
2263.8
2134.63
1978.22
1861.7
1750.89
1572.32
1331.69
1083.46
843.465
574.975
229.863
-162.741
-523.683
-793.44
-1013.8
-1255.07
-1538.12
-1771.15
-1894
-1960.49
-2031.41
-2081.43
-2055.47
-1973.78
-1918.69
-1917.43
-1887.03
-1776.22
-1641.97
-1555.22
-1492.53
-1404.51
-1258.87
-1080.93
-911.854
-754.179
-581.307
-383.739
-189.336
-27.229
120.947
281.788
433.131
525.583
521.15
485.689
476.824
469.858
422.999
331.18
242.528
164.64
67.7558
-39.8936
-122.214
-177.305
-207.7
-254.559
-331.814
-366.008
-370.441
-372.34
-385.005
-431.864
-487.589
-504.053
-481.256
-453.394
-410.334
-336.879
-229.23
-112.082
-2.53293
131.079
297.619
473.658
603.47
669.326
720.618
778.875
811.17
791.54
730.117
652.229
554.711
435.664
286.221
129.813
5.06586
-98.7842
-204.534
-327.381
-427.432
-485.056
-517.984
-551.545
-590.805
-602.204
-574.341
-521.15
-445.162
-339.412
-191.869
58.8906
347.011
584.473
793.44
1044.2
1333.59
1591.31
1792.68
1995.95
2246.07
2432.88
2453.77
2351.82
2282.8
2260.01
2180.85
2014.31
1819.28
1658.43
1492.53
1275.96
1023.3
768.11
527.482
268.49
-44.9595
-389.438
-725.684
-1011.27
-1244.3
-1488.1
-1767.98
-2002.91
-2127.66
-2177.05
-2225.18
-2257.47
-2225.81
-2134.63
-2032.04
-1981.38
-1908.56
-1760.39
-1621.71
-1519.12
-1434.9
-1339.92
-1208.21
-1067
-922.619
-765.578
-596.505
-396.403
-176.672
51.2918
269.757
457.194
617.401
741.515
799.772
803.571
793.44
780.142
735.816
646.53
542.047
440.096
353.977
281.155
210.233
130.446
62.0567
0
-65.2229
-108.283
-147.543
-184.271
-197.568
-224.164
-272.923
-299.519
-296.986
-283.055
-260.892
-220.998
-162.107
-82.3202
27.229
169.706
327.381
473.658
590.172
657.295
692.756
704.154
686.424
635.765
544.58
427.432
293.82
160.208
31.0284
-92.4519
-212.133
-329.914
-444.529
-549.645
-635.132
-710.486
-771.91
-812.437
-840.932
-856.13
-847.898
-807.371
-729.483
-619.934
-416.667
-121.581
184.271
452.128
713.652
1009.37
1314.59
1562.18
1773.68
2019.38
2241.01
2344.86
2289.13
2208.71
2204.28
2179.58
2070.67
1902.23
1752.79
1632.47
1463.4
1244.3
1016.97
793.44
555.978
262.158
-80.4205
-422.366
-721.251
-965.046
-1186.04
-1438.07
-1679.96
-1849.67
-1930.72
-1982.02
-2041.54
-2028.88
-1947.19
-1864.24
-1819.91
-1778.12
-1671.73
-1534.95
-1434.9
-1358.92
-1277.86
-1176.55
-1027.74
-863.095
-700.355
-540.147
-378.04
-174.139
37.9939
209.6
350.811
482.523
611.069
678.191
676.292
678.191
705.42
714.286
669.326
586.373
511.018
459.093
401.469
322.948
219.098
107.649
13.2979
-86.7528
-181.104
-265.324
-329.914
-356.51
-387.538
-435.03
-466.692
-443.896
-391.337
-350.811
-314.083
-245.694
-154.509
-60.157
38.6272
133.612
240.628
336.246
397.036
432.497
465.426
511.651
543.946
547.746
518.617
456.56
377.406
286.221
169.073
35.461
-104.483
-236.829
-371.074
-503.419
-603.47
-670.593
-724.417
-758.612
-751.013
-724.417
-669.959
-597.138
-510.385
-399.569
-208.333
89.2857
383.105
603.47
804.205
1047.37
1294.33
1511.52
1698.96
1925.66
2159.95
2289.77
2272.67
2209.98
2215.68
2201.75
2090.3
1913.63
1733.16
1562.82
1358.28
1103.72
842.832
596.505
345.745
50.6586
-281.155
-601.57
-890.324
-1113.86
-1292.43
-1493.79
-1697.06
-1841.44
-1900.33
-1925.03
-1968.72
-1968.09
-1908.56
-1834.47
-1785.71
-1737.59
-1631.21
-1486.2
-1369.05
-1275.96
-1175.91
-1048
-889.691
-720.618
-551.545
-402.736
-258.359
-92.4519
85.4863
240.628
371.074
493.921
591.439
642.73
648.43
636.398
646.53
652.229
609.169
528.749
438.83
369.174
319.149
262.791
178.571
67.7558
-44.3262
-148.176
-256.459
-343.845
-407.168
-450.861
-479.99
-522.416
-559.144
-557.877
-522.416
-473.658
-426.165
-365.375
-283.055
-190.603
-84.8531
25.9625
137.411
248.227
336.879
395.77
436.93
467.958
491.388
492.021
460.993
410.334
353.343
300.152
233.029
139.944
44.3262
-46.2259
-161.474
-287.487
-397.67
-475.557
-531.282
-568.642
-569.276
-566.109
-550.279
-496.454
-400.836
-294.453
-139.944
127.28
441.996
719.352
953.014
1210.11
1472.9
1703.39
1883.23
2073.2
2287.87
2419.58
2401.22
2292.93
2219.48
2173.25
2080.17
1907.29
1696.43
1492.53
1292.43
1053.7
808.637
587.639
358.409
100.051
-208.333
-536.981
-854.23
-1122.72
-1329.79
-1530.52
-1769.88
-1968.09
-2086.5
-2147.29
-2200.48
-2222.01
-2149.82
-2052.3
-1984.55
-1937.69
-1849.04
-1690.73
-1530.52
-1410.84
-1287.99
-1151.22
-1000.51
-827.001
-649.063
-466.692
-293.82
-117.148
82.3202
245.061
378.04
516.717
657.295
750.38
750.38
729.483
738.349
737.082
691.489
604.737
503.419
419.2
329.914
226.697
131.712
56.9909
-3.79939
-73.4549
-148.176
-222.264
-277.989
-309.017
-348.911
-414.767
-474.291
-497.72
-481.256
-462.259
-435.664
-376.773
-288.754
-191.869
-96.8845
14.5643
154.509
294.453
399.569
470.491
516.084
559.144
600.304
605.37
536.348
416.667
305.851
207.7
93.7183
-27.8622
-127.913
-201.368
-286.221
-399.569
-499.62
-539.514
-543.313
-552.812
-564.843
-562.31
-540.147
-511.651
-470.491
-402.736
-312.817
-134.878
142.477
413.501
645.263
896.023
1203.77
1512.16
1761.65
1963.65
2180.22
2394.88
2510.13
2456.31
2323.96
2246.71
2165.65
2002.91
1777.48
1557.12
1378.55
1193.01
958.08
718.718
516.084
324.848
97.5177
-183.637
-485.056
-764.944
-991.641
-1176.55
-1405.14
-1671.1
-1868.03
-1957.95
-2006.08
-2064.34
-2070.67
-1980.12
-1866.13
-1786.98
-1723.66
-1601.44
-1420.34
-1270.26
-1176.55
-1101.19
-1002.41
-864.362
-719.352
-587.639
-461.626
-335.613
-189.97
-46.2259
70.922
191.236
334.98
486.955
586.373
604.737
614.235
640.198
640.831
580.674
469.225
361.575
286.854
208.333
95.618
-18.997
-123.48
-204.534
-281.788
-374.24
-445.162
-479.357
-481.89
-491.388
-531.282
-561.677
-548.379
-502.153
-456.56
-419.2
-367.908
-291.287
-203.901
-110.182
-15.8308
91.1854
216.565
328.647
404.002
461.626
533.181
616.768
649.696
604.103
519.883
452.128
394.504
299.519
170.973
49.3921
-36.0942
-119.048
-220.998
-309.65
-352.077
-365.375
-371.074
-392.604
-414.134
-397.67
-361.575
-319.149
-281.788
-240.628
-115.881
123.48
377.406
588.906
799.772
1073.96
1376.01
1612.21
1792.68
1995.95
2244.17
2420.21
2405.02
2241.64
2106.13
2007.35
1844.6
1603.98
1348.15
1161.35
1012.54
820.035
610.436
446.429
334.347
195.669
-29.7619
-302.052
-564.21
-776.976
-946.049
-1165.15
-1457.07
-1705.93
-1852.2
-1921.23
-1987.72
-2040.91
-1981.38
-1837.01
-1698.96
-1592.58
-1448.83
-1232.27
-1011.27
-881.459
-818.136
-755.446
-678.191
-578.141
-502.153
-459.093
-407.801
-316.616
-202.634
-104.483
-6.33232
128.546
290.02
425.532
479.357
478.09
510.385
561.677
550.912
451.494
307.751
177.938
67.1226
-49.3921
-172.239
-293.82
-391.971
-459.726
-524.949
-590.172
-606.636
-572.442
-545.213
-544.58
-552.812
-530.648
-471.125
-416.033
-400.836
-388.804
-345.111
-278.622
-209.6
-129.813
-17.0973
121.581
263.425
373.607
453.394
528.116
600.937
638.298
609.169
536.348
474.291
425.532
358.409
268.49
174.772
87.386
0
-90.5522
-160.208
-188.703
-176.672
-160.208
-160.208
-165.274
-160.841
-140.578
-113.349
-101.317
-91.8186
-44.9595
66.4894
282.421
546.479
785.208
1022.67
1285.46
1545.09
1769.88
1956.69
2140.32
2316.36
2396.78
2313.83
2092.2
1881.33
1724.29
1532.42
1270.9
999.24
793.44
650.963
503.419
353.977
248.86
155.142
18.3637
-189.336
-445.795
-694.656
-918.186
-1115.12
-1331.05
-1614.11
-1862.97
-1987.72
-2022.54
-2040.91
-2016.21
-1895.26
-1712.89
-1549.52
-1417.81
-1251.27
-1048.63
-885.892
-805.471
-768.744
-730.75
-698.455
-647.796
-585.106
-543.313
-497.72
-412.867
-279.255
-134.245
16.464
193.136
367.275
495.821
559.777
602.204
661.727
697.822
657.295
555.978
428.698
286.854
155.775
39.8936
-45.5927
-122.214
-205.8
-258.359
-296.353
-328.014
-343.212
-341.312
-326.748
-334.347
-366.008
-381.839
-377.406
-375.507
-385.638
-393.237
-386.905
-370.441
-331.18
-248.86
-145.01
-35.461
79.154
190.603
289.387
374.24
431.231
468.592
464.792
405.268
331.814
265.324
189.336
100.051
3.16616
-70.922
-125.38
-170.973
-172.239
-148.176
-115.248
-77.2543
-53.1915
-38.6272
-31.0284
-44.9595
-45.5927
-36.7275
-38.6272
-21.5299
51.2918
229.23
481.89
733.283
971.378
1222.77
1477.96
1711.63
1894
2043.44
2182.12
2239.74
2144.12
1900.33
1644.5
1466.57
1287.99
1054.96
814.336
652.862
578.141
504.686
402.102
317.249
245.061
141.844
-31.0284
-283.055
-562.31
-821.302
-1039.13
-1256.33
-1530.52
-1777.48
-1899.06
-1910.46
-1875.63
-1834.47
-1733.79
-1547.62
-1365.88
-1222.14
-1078.39
-916.92
-756.712
-668.693
-660.461
-676.292
-689.59
-664.26
-618.034
-586.373
-536.981
-449.595
-305.851
-150.709
-21.5299
133.612
324.848
497.087
618.034
676.292
704.787
732.016
701.621
604.737
478.723
349.544
228.597
98.151
-44.3262
-182.371
-291.287
-331.814
-353.343
-385.638
-385.005
-345.111
-273.556
-212.766
-192.503
-196.935
-199.468
-229.863
-290.653
-359.043
-409.701
-429.331
-431.231
-408.435
-366.641
-296.986
-173.506
-32.2948
90.5522
211.499
345.111
447.062
480.623
457.194
410.968
358.409
276.722
172.872
70.922
-3.16616
-39.2604
-66.4894
-74.0881
-53.1915
-15.8308
24.0628
48.7589
56.9909
41.7933
13.2979
-29.1287
-86.7528
-135.512
-149.443
-85.4863
74.0881
277.989
469.225
662.994
908.688
1172.75
1396.91
1576.75
1750.25
1900.33
1951.62
1859.17
1648.94
1455.17
1310.16
1125.89
897.923
694.656
581.94
521.15
433.131
341.312
284.954
245.061
177.938
36.7275
-162.741
-369.174
-572.442
-763.045
-981.51
-1253.17
-1470.36
-1583.08
-1624.24
-1636.9
-1621.07
-1516.59
-1354.48
-1210.74
-1085.36
-945.415
-783.941
-638.931
-564.21
-538.247
-520.517
-509.752
-495.187
-488.222
-484.422
-462.259
-398.936
-286.221
-173.506
-62.0567
90.5522
274.823
443.896
561.677
635.132
707.32
765.578
754.813
680.724
569.909
445.162
310.917
183.637
69.6555
-55.7244
-151.976
-196.302
-218.465
-225.431
-213.399
-170.973
-122.214
-113.982
-146.277
-194.402
-237.462
-293.82
-388.171
-492.021
-568.009
-618.668
-632.599
-616.768
-576.874
-485.689
-344.478
-183.004
-31.6616
101.95
233.663
336.246
375.507
351.444
293.82
238.728
174.139
89.2857
0
-75.3546
-136.145
-166.54
-175.405
-170.973
-145.643
-101.95
-59.5238
-55.7244
-67.7558
-72.1884
-82.9534
-98.7842
-122.214
-139.311
-111.449
-1.26646
171.606
347.644
520.517
726.317
972.011
1212.64
1399.44
1547.62
1708.46
1829.41
1831.31
1692
1510.89
1388.04
1269
1088.53
882.725
732.649
659.195
587.639
488.222
422.999
393.237
351.444
247.594
72.8217
-128.546
-314.716
-479.99
-667.427
-911.854
-1158.81
-1316.49
-1389.31
-1441.24
-1479.86
-1446.3
-1317.76
-1170.85
-1068.26
-973.911
-837.133
-678.191
-582.573
-566.109
-581.307
-597.138
-601.57
-600.937
-611.702
-616.135
-575.608
-478.723
-363.475
-258.359
-107.016
89.9189
275.456
414.767
490.755
545.846
600.304
612.969
568.642
481.89
372.974
263.425
170.973
83.5866
-20.8967
-105.117
-126.646
-128.546
-143.11
-149.443
-127.28
-88.0193
-83.5866
-121.581
-158.308
-186.803
-236.196
-317.882
-411.601
-479.99
-524.949
-552.812
-545.213
-514.818
-460.993
-352.71
-219.098
-90.5522
35.461
158.941
274.189
362.209
391.337
386.272
374.873
348.911
286.854
187.437
94.9848
21.5299
-48.7589
-104.483
-143.11
-160.208
-152.609
-136.778
-133.612
-142.477
-129.813
-101.317
-91.1854
-92.4519
-81.6869
-38.6272
48.7589
190.603
351.444
493.921
637.031
810.537
1013.17
1198.07
1332.95
1477.33
1618.54
1673
1606.51
1457.07
1349.42
1278.5
1139.82
952.381
793.44
695.289
618.668
514.818
421.099
372.34
328.014
251.393
118.414
-55.7244
-226.697
-379.306
-533.181
-730.117
-973.911
-1169.58
-1271.53
-1325.99
-1397.54
-1439.34
-1368.41
-1243.67
-1153.75
-1078.39
-966.945
-827.634
-728.85
-704.787
-719.352
-735.816
-734.549
-723.151
-724.417
-739.615
-725.684
-641.464
-513.551
-407.801
-300.152
-125.38
89.2857
262.158
351.444
417.933
512.918
587.639
590.172
550.912
494.554
445.795
391.971
308.384
211.499
126.013
83.5866
84.2199
62.69
18.3637
-0.633232
23.4296
62.69
43.0598
-21.5299
-60.157
-92.4519
-167.806
-270.39
-357.143
-395.137
-411.601
-428.698
-434.397
-404.002
-316.616
-189.336
-60.157
68.3891
202.001
342.579
464.792
519.25
517.351
503.419
481.256
414.134
287.487
157.042
59.5238
-10.1317
-66.4894
-118.414
-139.944
-114.615
-76.6211
-63.3232
-71.5552
-73.4549
-70.922
-98.151
-148.176
-200.735
-227.33
-212.133
-136.145
-33.5613
64.5897
184.904
360.942
568.642
761.145
943.516
1137.92
1325.99
1436.8
1426.04
1325.35
1234.8
1155.02
1009.37
813.07
642.73
542.68
478.09
397.036
318.516
286.854
274.823
227.33
123.48
-8.86525
-145.01
-274.823
-410.968
-590.805
-818.769
-1005.57
-1110.06
-1175.91
-1245.57
-1286.73
-1233.54
-1134.12
-1056.23
-991.641
-887.158
-749.113
-637.665
-595.238
-595.871
-605.37
-614.235
-616.135
-622.467
-635.132
-626.266
-565.476
-459.726
-357.143
-257.092
-105.75
70.922
215.932
307.751
393.237
507.219
610.436
660.461
673.759
666.16
639.564
599.671
547.112
483.156
421.733
373.607
327.381
272.29
215.932
172.872
142.477
106.383
55.0912
-4.43262
-56.3576
-114.615
-181.104
-240.628
-297.619
-359.043
-422.999
-473.024
-502.786
-512.285
-500.887
-463.526
-397.036
-310.284
-203.267
-79.154
48.1256
150.076
210.866
244.428
277.356
286.221
270.39
233.029
179.838
119.048
50.6586
2.53293
-25.9625
-44.3262
-57.6241
-47.4924
-22.7964
-13.9311
-23.4296
-46.8592
-71.5552
-109.549
-153.242
-186.17
-176.672
-94.3516
23.4296
153.242
300.152
482.523
675.025
848.531
995.441
1139.18
1270.9
1333.59
1286.09
1176.55
1102.46
1045.47
936.55
776.342
645.263
559.777
483.789
396.403
320.415
272.923
224.164
143.11
20.2634
-127.28
-270.39
-399.569
-529.382
-697.188
-882.725
-999.24
-1055.6
-1103.72
-1167.05
-1186.04
-1136.65
-1077.13
-1046.1
-1013.17
-942.249
-855.496
-802.938
-797.239
-789.64
-764.944
-728.85
-676.292
-639.564
-618.668
-568.642
-466.059
-343.212
-246.327
-132.345
28.4954
182.371
288.121
364.742
466.059
591.439
683.891
716.819
720.618
730.117
750.38
757.979
733.283
690.223
641.464
596.505
552.178
481.89
396.403
336.246
283.688
195.035
85.4863
-1.26646
-58.8906
-119.681
-211.499
-300.785
-354.61
-393.237
-440.729
-484.422
-503.419
-485.056
-441.363
-396.403
-344.478
-280.522
-194.402
-97.5177
-24.696
25.9625
65.8561
102.584
132.345
132.345
113.349
100.051
82.9534
49.3921
5.69909
-35.461
-57.6241
-76.6211
-104.483
-127.28
-154.509
-181.104
-212.133
-270.39
-326.748
-359.043
-369.807
-352.71
-281.788
-141.844
23.4296
170.339
323.582
520.517
719.352
894.757
1050.53
1189.21
1293.06
1315.22
1241.77
1140.45
1074.59
1005.57
890.957
759.245
668.06
621.201
573.075
520.517
483.789
454.027
405.268
315.983
190.603
37.9939
-128.546
-281.155
-432.497
-625.633
-823.202
-949.848
-1020.14
-1078.39
-1134.12
-1136.02
-1067.63
-1005.57
-968.212
-913.121
-843.465
-786.474
-773.176
-780.775
-775.076
-768.11
-754.179
-728.85
-714.919
-692.123
-625.633
-521.783
-408.435
-296.986
-155.142
13.2979
157.675
260.892
353.343
460.36
559.144
606.003
617.401
625
635.132
640.198
635.765
623.1
604.103
592.072
575.608
535.081
473.658
408.435
327.381
222.898
91.8186
-43.693
-138.045
-210.233
-292.553
-376.14
-433.131
-459.093
-473.024
-479.99
-466.059
-428.698
-383.739
-340.046
-300.152
-250.127
-189.336
-135.512
-85.4863
-39.8936
5.06586
59.5238
114.615
158.308
189.336
223.531
265.324
290.653
296.986
295.719
290.653
266.591
206.434
131.712
66.4894
1.8997
-72.8217
-145.01
-210.866
-269.757
-298.886
-296.353
-277.356
-238.728
-127.28
27.229
160.208
283.688
432.497
599.671
738.982
835.866
918.186
994.807
1042.93
1025.84
935.284
856.763
823.202
774.443
688.956
602.837
564.843
555.978
523.05
470.491
407.801
343.212
265.324
147.543
-12.0314
-198.202
-372.974
-516.084
-676.925
-869.428
-1005.57
-1045.47
-1050.53
-1079.66
-1092.96
-1024.57
-932.751
-872.594
-830.8
-789.007
-743.414
-718.718
-727.584
-745.947
-748.48
-736.449
-704.787
-664.26
-609.169
-530.015
-416.033
-264.691
-125.38
1.26646
150.709
303.318
417.3
488.855
559.144
636.398
673.126
662.994
649.063
646.53
642.097
631.332
609.169
590.805
574.975
544.58
494.554
426.165
354.61
272.923
167.173
43.693
-82.3202
-200.101
-302.685
-399.569
-490.122
-544.58
-557.244
-552.178
-548.379
-535.714
-496.454
-443.262
-397.67
-362.209
-323.582
-270.39
-215.932
-169.073
-119.048
-54.458
19.6302
95.618
163.374
225.431
286.854
352.71
405.902
427.432
431.231
426.798
404.635
352.71
267.224
169.073
81.0537
-6.33232
-96.8845
-186.803
-255.193
-289.387
-307.751
-310.284
-287.487
-233.663
-154.509
-42.4265
82.9534
199.468
306.484
426.798
547.746
633.865
705.42
775.076
822.568
837.766
826.368
789.64
746.581
719.352
687.057
628.799
571.175
538.247
513.551
471.125
417.3
367.275
307.118
214.666
86.7528
-55.0912
-194.402
-331.814
-462.893
-590.805
-712.386
-801.039
-854.863
-896.023
-920.719
-918.186
-882.092
-837.133
-811.803
-793.44
-759.245
-709.853
-675.659
-668.693
-665.527
-645.263
-602.837
-543.946
-484.422
-410.334
-304.585
-185.537
-72.8217
32.2948
141.211
256.459
359.043
424.265
470.491
514.818
549.012
569.909
580.041
583.207
576.874
570.542
561.044
527.482
481.89
441.363
385.005
293.82
183.004
70.2888
-36.7275
-145.643
-260.892
-371.707
-461.626
-525.583
-571.809
-606.636
-624.367
-625
-621.834
-608.536
-583.207
-551.545
-509.752
-459.093
-408.435
-349.544
-270.39
-180.471
-88.6525
-3.79939
86.1196
184.271
289.387
394.504
488.222
564.21
627.533
664.894
660.461
623.734
569.276
509.119
435.03
343.845
245.694
150.076
62.0567
-7.59878
-60.157
-101.95
-131.712
-154.509
-172.872
-174.772
-155.775
-112.082
-41.7933
34.1945
96.8845
157.675
237.462
320.415
390.071
463.526
543.313
608.536
649.696
668.693
669.326
663.627
655.395
630.066
590.805
552.812
518.617
486.322
450.228
402.102
340.046
267.857
189.97
94.9848
-15.8308
-120.314
-225.431
-338.779
-456.56
-573.075
-669.326
-744.681
-810.537
-859.296
-886.525
-894.757
-886.525
-866.895
-835.233
-792.806
-753.546
-713.019
-668.06
-618.668
-564.21
-507.219
-443.896
-376.14
-314.716
-252.026
-184.271
-108.916
-29.7619
50.6586
134.245
208.333
265.324
323.582
374.873
412.234
432.497
429.331
424.265
418.566
397.036
367.908
334.98
295.086
248.227
183.637
105.117
19.6302
-62.69
-138.678
-214.032
-277.989
-327.381
-360.309
-385.638
-406.535
-419.833
-418.566
-405.902
-382.472
-350.177
-299.519
-238.095
-188.07
-133.612
-67.7558
1.26646
74.0881
138.678
204.534
280.522
347.644
414.767
481.89
539.514
592.072
619.301
621.201
609.802
578.141
543.313
507.219
450.861
390.704
334.98
269.757
204.534
134.245
62.69
3.16616
-50.6586
-103.85
-167.173
-226.064
-265.324
-302.685
-343.212
-340.679
-283.055
-228.597
-171.606
-94.3516
-10.1317
63.9564
134.878
212.133
285.588
348.278
398.303
406.535
386.905
376.14
355.243
309.017
266.591
245.061
227.964
210.233
205.8
207.7
196.935
182.371
167.806
120.947
53.1915
-10.1317
-77.8875
-163.374
-275.456
-376.773
-450.228
-514.184
-564.843
-602.204
-612.969
-593.338
-571.809
-550.279
-516.084
-473.024
-440.729
-428.065
-416.667
-394.504
-369.174
-342.579
-314.083
-288.121
-258.992
-208.967
-146.91
-99.4174
-46.8592
19.6302
83.5866
134.878
180.471
230.496
276.722
304.585
303.318
283.055
259.625
238.095
195.035
145.01
110.816
81.6869
42.4265
2.53293
-38.6272
-82.3202
-115.248
-141.211
-165.907
-179.205
-183.637
-177.305
-165.907
-167.806
-175.405
-168.44
-150.076
-139.311
-126.013
-88.0193
-41.7933
-2.53293
51.2918
117.148
188.07
265.957
331.18
381.839
436.93
493.921
536.981
566.109
584.473
592.705
578.141
545.213
503.419
448.961
386.272
332.447
274.189
208.967
152.609
98.7842
42.4265
-18.3637
-76.6211
-127.913
-176.039
-232.396
-290.653
-343.212
-386.905
-419.2
-443.896
-457.194
-447.695
-412.234
-367.275
-321.682
-260.258
-187.437
-122.214
-66.4894
-9.49848
44.3262
91.8186
126.013
132.345
134.245
143.11
131.079
108.916
91.8186
82.9534
95.618
121.581
148.81
180.471
214.032
240.628
244.428
219.732
180.471
134.245
76.6211
-1.8997
-91.8186
-165.907
-230.496
-295.086
-340.046
-366.641
-365.375
-335.613
-305.218
-271.657
-222.898
-173.506
-141.211
-125.38
-117.148
-114.615
-119.048
-121.581
-129.813
-137.411
-127.913
-107.016
-85.4863
-50.6586
2.53293
65.8561
143.744
216.565
273.556
324.215
359.676
365.375
343.212
300.152
248.86
192.503
124.747
52.5583
-10.7649
-56.3576
-89.2857
-112.715
-119.681
-118.414
-108.283
-84.2199
-59.5238
-41.7933
-26.5957
-22.1631
-37.3607
-70.2888
-106.383
-143.11
-175.405
-202.634
-217.832
-205.167
-167.806
-118.414
-55.0912
23.4296
105.117
181.104
258.359
317.249
349.544
377.406
390.071
380.572
355.243
312.183
269.757
225.431
174.139
128.546
93.0851
71.5552
62.0567
46.8592
24.696
-1.26646
-34.1945
-79.7872
-141.211
-207.067
-265.957
-320.415
-364.742
-397.036
-414.767
-412.867
-402.736
-384.372
-353.343
-323.582
-287.487
-239.995
-201.368
-167.806
-129.813
-86.1196
-39.8936
-3.79939
32.9281
80.4205
126.646
166.54
201.368
235.562
271.023
302.052
327.381
352.71
365.375
364.108
355.243
326.114
282.421
243.794
203.901
160.841
120.947
73.4549
25.3293
-13.9311
-52.5583
-91.1854
-121.581
-138.678
-139.311
-139.944
-142.477
-139.311
-139.944
-148.176
-168.44
-194.402
-212.766
-226.697
-239.995
-233.029
-210.233
-179.838
-136.145
-84.2199
-25.9625
37.9939
101.317
166.54
216.565
248.227
274.823
289.387
286.221
270.39
239.995
217.832
195.669
158.941
124.113
94.3516
75.9878
65.2229
50.0253
43.693
41.7933
31.0284
20.2634
5.69909
-10.1317
-25.9625
-51.2918
-87.386
-124.113
-163.374
-196.302
-217.199
-231.13
-235.562
-225.431
-203.267
-172.872
-137.411
-92.4519
-33.5613
19.6302
59.5238
91.8186
115.881
124.747
114.615
90.5522
68.3891
48.7589
24.696
3.16616
-13.9311
-27.229
-41.7933
-63.3232
-87.386
-107.649
-128.546
-145.643
-165.907
-189.97
-215.299
-244.428
-275.456
-296.986
-311.55
-312.183
-291.287
-260.258
-229.23
-200.101
-169.706
-139.311
-118.414
-94.9848
-62.0567
-33.5613
-9.49848
13.9311
28.4954
44.9595
70.2888
103.217
147.543
198.835
250.127
297.619
344.478
385.638
412.867
426.798
434.397
434.397
422.366
405.268
385.638
359.676
329.281
290.653
245.061
200.101
151.342
103.217
59.5238
18.3637
-25.3293
-70.922
-110.816
-144.377
-176.039
-203.267
-220.365
-230.496
-238.095
-244.428
-253.293
-265.324
-279.255
-289.387
-283.688
-260.258
-231.763
-193.769
-143.11
-93.0851
-42.4265
19.6302
81.6869
139.944
193.769
235.562
265.324
279.255
279.255
273.556
264.058
249.493
232.396
212.766
197.568
194.402
197.568
203.267
216.565
226.064
225.431
212.133
188.703
154.509
108.283
49.3921
-12.0314
-61.4235
-103.217
-136.778
-154.509
-164.007
-170.973
-169.073
-163.374
-153.875
-142.477
-138.045
-141.844
-148.81
-162.107
-173.506
-176.672
-176.039
-174.139
-169.706
-166.54
-165.274
-164.64
-163.374
-159.574
-152.609
-152.609
-162.107
-177.305
-197.568
-217.832
-233.029
-249.493
-264.058
-271.023
-275.456
-272.923
-258.992
-240.628
-214.666
-183.004
-156.408
-129.179
-105.117
-84.2199
-56.9909
-30.3951
-1.8997
29.7619
56.3576
81.6869
106.383
129.813
156.408
177.938
193.136
206.434
210.866
214.032
226.697
243.161
263.425
289.387
310.284
321.682
321.049
310.284
290.02
259.625
221.631
174.772
119.681
62.0567
3.79939
-45.5927
-81.6869
-106.383
-119.048
-124.747
-134.878
-142.477
-145.01
-146.91
-143.744
-136.145
-136.145
-140.578
-146.91
-155.775
-162.107
-160.841
-152.609
-131.712
-100.051
-58.8906
-13.9311
36.0942
89.2857
138.045
188.703
233.663
269.124
297.619
320.415
333.08
343.212
351.444
353.343
348.911
347.011
343.212
341.945
342.579
336.246
333.08
333.08
330.547
324.215
308.384
284.954
250.76
202.634
146.91
86.1196
21.5299
-31.0284
-75.3546
-111.449
-129.813
-141.211
-150.709
-149.443
-150.709
-155.142
-163.374
-179.838
-198.835
-220.365
-244.428
-269.757
-296.986
-321.049
-341.945
-362.842
-381.206
-400.836
-418.566
-426.798
-426.165
-416.667
-397.67
-379.306
-364.742
-352.077
-340.679
-327.381
-309.65
-289.387
-262.791
-231.763
-206.434
-186.803
-175.405
-165.907
-151.342
-134.878
-110.816
-82.3202
-55.0912
-22.1631
8.86525
41.1601
74.0881
100.051
124.113
143.11
156.408
164.64
167.806
167.806
170.973
172.872
173.506
174.772
174.139
170.973
167.806
160.208
151.976
140.578
119.681
98.151
70.2888
39.8936
8.86525
-26.5957
-54.458
-72.8217
-85.4863
-84.2199
-81.0537
-75.9878
-67.1226
-59.5238
-49.3921
-39.8936
-36.7275
-33.5613
-25.9625
-15.8308
1.8997
21.5299
43.0598
72.1884
103.217
137.411
174.139
213.399
258.359
303.318
344.478
383.105
410.968
428.698
441.996
443.262
442.629
436.93
422.366
413.501
410.334
411.601
417.933
414.134
398.303
376.773
355.876
334.347
308.384
277.356
241.895
210.233
174.772
135.512
89.9189
43.693
1.26646
-43.693
-87.386
-129.813
-165.907
-194.402
-218.465
-238.728
-260.258
-283.055
-304.585
-328.647
-344.478
-353.977
-362.842
-373.607
-383.739
-391.337
-396.403
-398.303
-402.736
-408.435
-409.701
-411.601
-408.435
-398.936
-391.971
-381.839
-366.641
-350.811
-336.246
-323.582
-310.284
-293.186
-269.757
-241.895
-213.399
-187.437
-157.042
-124.747
-89.9189
-56.3576
-27.8622
-8.23202
5.69909
15.8308
23.4296
35.461
47.4924
51.2918
57.6241
63.9564
73.4549
89.9189
102.584
115.881
124.747
130.446
129.813
120.947
109.549
93.7183
75.9878
60.157
38.6272
17.7305
-3.79939
-24.696
-44.9595
-69.6555
-91.8186
-111.449
-126.646
-132.979
-132.979
-126.013
-115.881
-102.584
-89.9189
-76.6211
-61.4235
-50.0253
-28.4954
-1.8997
28.4954
63.3232
98.7842
133.612
167.806
200.101
226.697
254.559
282.421
313.45
340.679
368.541
393.237
410.334
428.698
439.463
446.429
451.494
452.761
448.961
444.529
440.096
431.231
419.833
399.569
374.24
349.544
318.516
292.553
267.224
237.462
210.233
184.904
155.775
129.179
101.95
71.5552
41.7933
10.1317
-20.2634
-46.8592
-69.0223
-86.1196
-101.317
-115.248
-131.712
-151.976
-169.073
-186.803
-205.167
-217.199
-227.964
-241.261
-245.061
-252.66
-257.092
-255.193
-258.992
-262.158
-265.957
-277.356
-286.221
-292.553
-299.519
-302.052
-302.685
-302.052
-297.619
-289.387
-277.356
-260.892
-246.96
-233.663
-222.264
-208.967
-194.402
-183.637
-170.339
-164.007
-162.107
-155.142
-151.342
-147.543
-136.145
-124.113
-108.916
-93.0851
-82.3202
-72.8217
-63.9564
-59.5238
-53.8247
-49.3921
-50.6586
-54.458
-63.9564
-76.6211
-86.1196
-98.7842
-112.715
-120.947
-127.28
-133.612
-139.311
-146.277
-153.875
-162.741
-172.872
-182.371
-185.537
-179.838
-167.806
-148.81
-127.28
-103.217
-77.8875
-47.4924
-18.3637
12.6646
39.8936
60.7903
83.5866
107.016
134.245
164.64
201.368
245.061
291.287
336.246
371.074
398.936
419.2
438.83
459.726
479.357
498.987
517.984
534.448
548.379
558.511
555.978
542.68
521.783
495.187
469.225
438.197
402.736
365.375
326.748
293.186
260.892
229.23
198.202
169.073
143.744
125.38
108.916
94.3516
84.2199
72.1884
58.2573
43.0598
21.5299
-0.633232
-25.3293
-49.3921
-68.3891
-89.9189
-108.916
-126.646
-140.578
-147.543
-151.976
-153.242
-155.142
-153.242
-153.242
-151.976
-151.342
-155.775
-162.107
-174.139
-184.271
-192.503
-200.101
-207.7
-217.832
-228.597
-241.895
-255.826
-272.923
-286.854
-297.619
-305.851
-307.118
-303.951
-297.619
-289.387
-277.989
-260.892
-247.594
-237.462
-234.296
-235.562
-232.396
-224.797
-213.399
-202.634
-196.935
-193.136
-189.97
-185.537
-183.004
-184.904
-190.603
-191.869
-191.236
-191.869
-189.97
-188.07
-182.371
-168.44
-155.142
-144.377
-138.678
-136.145
-129.813
-122.214
-115.881
-116.515
-119.048
-118.414
-109.549
-95.618
-84.2199
-77.8875
-72.8217
-58.8906
-40.5268
-17.0973
9.49848
38.6272
75.3546
120.314
170.339
220.998
262.791
302.052
338.779
365.375
384.372
393.237
398.303
405.268
413.501
421.733
426.798
427.432
427.432
433.764
433.764
430.598
419.2
401.469
385.638
367.908
348.278
326.748
299.519
274.189
252.026
227.964
202.001
172.239
140.578
112.715
91.8186
76.6211
62.0567
52.5583
45.5927
41.1601
36.7275
29.7619
19.6302
6.33232
-2.53293
-10.7649
-18.3637
-24.0628
-24.696
-22.7964
-17.0973
-7.59878
2.53293
13.2979
20.8967
25.3293
26.5957
24.0628
17.0973
12.0314
6.33232
-4.43262
-18.997
-32.9281
-49.3921
-63.9564
-76.6211
-93.0851
-108.283
-125.38
-141.211
-158.308
-173.506
-187.437
-199.468
-208.967
-217.832
-222.264
-219.732
-219.732
-215.299
-210.233
-212.766
-216.565
-217.832
-222.264
-227.964
-231.13
-236.196
-245.061
-250.76
-253.293
-257.092
-262.791
-268.49
-274.189
-280.522
-284.954
-291.92
-297.619
-303.951
-313.45
-314.083
-313.45
-316.616
-313.45
-305.851
-303.951
-301.418
-295.086
-290.653
-281.155
-267.857
-248.227
-224.164
-194.402
-155.142
-106.383
-55.7244
-1.26646
54.458
110.816
162.741
212.133
260.258
295.719
317.882
339.412
351.444
355.243
360.942
359.043
359.043
359.676
357.776
360.309
362.842
362.842
360.309
355.876
350.811
343.212
333.713
320.415
304.585
288.754
271.023
250.76
229.863
209.6
188.07
167.173
150.076
132.345
113.982
98.7842
82.9534
71.5552
66.4894
62.69
60.7903
60.7903
63.9564
69.0223
72.8217
76.6211
79.154
81.0537
81.6869
79.7872
79.154
79.154
75.9878
72.1884
70.2888
70.922
69.0223
72.1884
74.0881
79.154
87.386
93.7183
101.317
102.584
100.684
97.5177
91.8186
87.386
79.154
66.4894
55.0912
40.5268
27.8622
16.464
0.633232
-18.997
-40.5268
-65.2229
-89.9189
-112.715
-134.245
-155.142
-176.672
-192.503
-206.434
-216.565
-224.797
-234.296
-241.895
-252.026
-260.258
-273.556
-286.221
-296.353
-309.017
-314.716
-319.782
-328.647
-334.347
-343.845
-348.911
-347.011
-347.011
-345.745
-344.478
-345.745
-336.879
-325.481
-314.083
-296.986
-287.487
-277.356
-262.158
-246.96
-225.431
-199.468
-174.772
-146.277
-115.881
-84.2199
-46.8592
-10.7649
22.7964
55.7244
87.386
116.515
142.477
161.474
176.672
189.97
197.568
204.534
207.7
205.167
203.267
196.935
195.035
196.302
191.869
188.703
185.537
179.205
175.405
169.706
162.107
151.342
134.245
116.515
93.7183
70.922
53.8247
37.3607
23.4296
15.1976
11.3982
11.3982
17.7305
27.8622
45.5927
66.4894
84.8531
100.051
113.349
130.446
150.076
163.374
174.772
183.004
181.738
181.738
184.271
186.803
194.402
200.101
210.233
223.531
238.728
258.992
276.722
289.387
300.152
305.218
301.418
296.353
288.121
280.522
269.757
255.193
240.628
224.164
205.8
192.503
180.471
164.64
148.81
127.28
107.649
91.1854
69.0223
44.9595
18.3637
-6.96555
-31.6616
-55.0912
-76.6211
-101.317
-124.113
-147.543
-171.606
-197.568
-222.264
-249.493
-274.189
-295.719
-318.516
-341.945
-366.008
-389.438
-411.601
-426.798
-441.996
-454.027
-461.626
-465.426
-462.893
-459.726
-450.861
-438.197
-428.065
-416.667
-402.102
-384.372
-364.108
-342.579
-321.682
-298.886
-276.089
-252.66
-225.431
-192.503
-162.741
-128.546
-97.5177
-65.2229
-29.7619
1.8997
32.2948
59.5238
83.5866
107.016
126.646
139.944
146.91
147.543
144.377
141.211
136.145
129.179
121.581
113.982
107.016
99.4174
86.7528
74.0881
60.7903
46.2259
37.3607
28.4954
22.1631
17.7305
9.49848
8.23202
12.0314
13.9311
21.5299
29.7619
36.0942
48.1256
60.7903
77.8875
100.051
116.515
134.245
148.176
160.841
174.139
188.703
203.901
219.098
231.13
240.628
250.76
260.258
268.49
279.255
288.754
298.252
304.585
305.218
306.484
306.484
305.218
304.585
299.519
293.82
283.688
271.023
260.258
245.694
227.964
210.233
191.236
176.672
163.374
149.443
138.045
126.013
113.349
103.217
91.8186
78.5208
63.3232
46.2259
29.1287
8.86525
-13.2979
-33.5613
-51.925
-73.4549
-96.8845
-120.947
-146.91
-169.073
-189.97
-206.434
-219.098
-233.663
-245.694
-259.625
-274.189
-287.487
-300.152
-307.118
-314.083
-321.049
-323.582
-329.914
-330.547
-328.647
-323.582
-312.183
-301.418
-290.02
-273.556
-257.092
-236.829
-210.866
-183.637
-159.574
-134.878
-110.182
-86.1196
-63.3232
-45.5927
-31.6616
-17.0973
-8.23202
-1.8997
6.96555
10.1317
12.0314
5.69909
-0.633232
-5.06586
-13.9311
-21.5299
-31.6616
-47.4924
-62.0567
-74.7214
-86.7528
-93.0851
-101.95
-111.449
-118.414
-129.813
-141.211
-150.076
-158.941
-162.107
-161.474
-159.574
-155.142
-151.976
-147.543
-141.211
-126.646
-108.283
-84.2199
-62.69
-39.2604
-13.2979
12.6646
45.5927
77.2543
108.916
139.311
166.54
194.402
222.264
243.794
265.957
283.688
292.553
306.484
318.516
328.014
335.613
333.713
333.08
334.98
335.613
337.513
338.146
336.879
333.08
328.647
324.215
317.882
308.384
300.152
288.754
272.923
258.359
243.794
225.431
212.766
199.468
188.703
178.571
160.208
140.578
126.646
111.449
99.4174
89.9189
73.4549
56.9909
39.8936
20.2634
1.26646
-20.2634
-43.693
-65.2229
-85.4863
-105.117
-125.38
-145.01
-167.806
-186.803
-203.901
-218.465
-229.863
-243.794
-256.459
-269.757
-279.889
-289.387
-297.619
-301.418
-303.318
-299.519
-290.653
-276.722
-256.459
-233.029
-208.967
-181.104
-151.976
-128.546
-102.584
-80.4205
-59.5238
-37.3607
-20.2634
-6.96555
3.16616
7.59878
15.8308
22.1631
24.696
27.8622
24.0628
17.7305
7.59878
-6.33232
-16.464
-29.7619
-47.4924
-65.2229
-86.7528
-107.016
-121.581
-138.678
-153.242
-165.274
-183.004
-191.869
-199.468
-210.866
-210.866
-212.766
-211.499
-205.167
-202.001
-193.136
-180.471
-172.872
-158.308
-143.744
-128.546
-106.383
-82.9534
-60.157
-32.2948
-5.69909
20.2634
44.3262
63.9564
84.2199
103.217
116.515
127.913
135.512
138.045
139.944
139.311
138.678
139.944
139.944
141.844
145.01
150.709
161.474
174.772
185.537
199.468
212.766
222.898
236.196
243.794
249.493
251.393
246.327
241.895
235.562
225.431
217.199
210.233
207.067
207.067
210.233
214.032
220.365
228.597
234.929
240.628
244.428
243.161
238.095
226.697
214.032
197.568
177.305
155.142
132.345
110.182
87.386
63.9564
39.2604
15.1976
-7.59878
-30.3951
-51.2918
-69.6555
-83.5866
-94.9848
-101.95
-108.283
-113.982
-117.781
-120.314
-120.314
-119.048
-119.048
-119.048
-117.148
-115.881
-113.982
-111.449
-111.449
-111.449
-109.549
-107.649
-107.016
-103.217
-101.317
-98.151
-91.8186
-82.3202
-72.8217
-67.1226
-63.9564
-65.8561
-70.2888
-80.4205
-96.8845
-119.681
-145.643
-174.772
-203.267
-229.863
-252.026
-271.023
-288.121
-301.418
-310.284
-315.35
-317.882
-317.882
-314.716
-305.851
-295.086
-281.155
-264.691
-248.86
-230.496
-211.499
-196.302
-181.738
-166.54
-155.142
-141.211
-123.48
-105.117
-81.0537
-56.9909
-33.5613
-10.7649
8.23202
24.0628
39.8936
54.458
72.8217
91.8186
107.649
126.013
141.844
155.775
166.54
171.606
171.606
168.44
161.474
155.142
148.81
144.377
143.11
142.477
145.643
150.076
153.242
154.509
156.408
158.941
164.007
174.772
187.437
202.634
218.465
233.029
248.86
261.525
272.29
274.189
269.757
264.691
257.092
249.493
248.86
246.327
245.694
246.327
243.161
238.095
227.964
212.133
195.035
174.139
152.609
132.979
112.715
93.0851
77.2543
62.0567
50.0253
36.0942
20.2634
4.43262
-14.5643
-33.5613
-49.3921
-63.3232
-70.922
-74.0881
-75.3546
-72.8217
-70.2888
-66.4894
-63.3232
-64.5897
-69.0223
-75.3546
-82.3202
-84.2199
-83.5866
-82.9534
-77.2543
-72.1884
-69.0223
-67.1226
-70.922
-73.4549
-81.0537
-94.9848
-109.549
-122.847
-137.411
-145.01
-152.609
-162.741
-170.973
-182.371
-193.769
-205.167
-216.565
-226.064
-232.396
-235.562
-236.196
-234.296
-231.13
-226.697
-221.631
-215.932
-209.6
-208.967
-206.434
-204.534
-202.634
-196.935
-186.803
-176.672
-162.741
-150.709
-143.744
-135.512
-128.546
-120.947
-110.816
-99.4174
-88.0193
-75.9878
-65.2229
-51.2918
-41.7933
-34.1945
-25.3293
-18.997
-11.3982
-6.33232
-3.16616
1.26646
8.23202
15.1976
25.3293
36.7275
44.9595
55.0912
64.5897
74.0881
84.2199
94.3516
105.117
115.881
126.013
136.145
145.01
153.242
162.107
169.706
176.672
183.004
189.97
196.935
203.267
208.967
216.565
224.797
232.396
242.528
250.127
257.725
264.058
265.324
264.058
260.258
253.926
248.227
242.528
236.829
233.663
225.431
215.932
203.267
189.336
175.405
160.208
145.01
130.446
116.515
106.383
98.7842
92.4519
88.6525
84.2199
79.154
76.6211
72.1884
67.1226
64.5897
63.9564
62.69
61.4235
60.7903
57.6241
51.2918
44.3262
36.0942
27.229
16.464
3.16616
-10.1317
-27.229
-44.3262
-60.7903
-79.154
-100.051
-119.048
-140.578
-160.841
-182.371
-203.901
-224.797
-243.161
-257.725
-270.39
-283.055
-289.387
-297.619
-307.118
-314.083
-320.415
-326.748
-329.281
-328.647
-326.114
-322.315
-319.149
-312.817
-307.118
-302.052
-291.287
-281.788
-273.556
-264.058
-255.826
-247.594
-235.562
-224.797
-211.499
-200.101
-190.603
-180.471
-169.706
-157.675
-143.744
-131.079
-117.148
-106.383
-93.0851
-79.7872
-65.8561
-48.7589
-27.229
-8.86525
11.3982
34.8278
55.7244
81.0537
105.75
125.38
141.844
158.941
172.872
184.271
195.669
204.534
210.866
214.666
220.365
226.064
229.863
236.196
239.995
241.895
244.428
250.127
253.293
258.359
264.058
262.791
260.258
257.725
252.66
250.76
249.493
246.327
243.161
240.628
234.929
229.23
221.631
210.233
197.568
185.537
172.872
162.741
155.142
150.709
148.81
141.844
136.778
130.446
119.681
109.549
100.684
89.2857
80.4205
70.2888
63.9564
61.4235
57.6241
56.9909
53.1915
46.2259
39.2604
34.1945
24.0628
14.5643
5.06586
-8.23202
-18.3637
-25.3293
-32.9281
-39.8936
-51.2918
-65.2229
-76.6211
-88.6525
-99.4174
-107.649
-120.314
-133.612
-146.277
-158.308
-165.274
-172.239
-177.305
-181.104
-185.537
-189.97
-195.035
-200.101
-207.7
-214.032
-218.465
-222.264
-222.898
-223.531
-219.098
-213.399
-209.6
-205.8
-206.434
-211.499
-214.666
-215.932
-214.666
-212.766
-210.233
-205.167
-197.568
-188.703
-179.205
-168.44
-158.941
-153.242
-143.744
-131.712
-123.48
-112.715
-105.75
-99.4174
-89.9189
-79.154
-64.5897
-53.8247
-42.4265
-32.2948
-22.7964
-10.1317
3.79939
17.0973
30.3951
41.1601
49.3921
56.9909
63.3232
67.7558
73.4549
81.0537
86.1196
94.9848
101.95
109.549
121.581
130.446
136.145
141.844
143.11
143.11
145.643
145.01
148.176
151.976
151.976
154.509
153.875
151.976
150.709
148.81
145.643
145.01
142.477
142.477
140.578
138.678
140.578
139.311
136.778
136.145
132.345
132.345
134.878
136.145
139.944
142.477
143.11
144.377
146.277
146.91
148.81
150.709
153.242
157.675
158.941
157.675
154.509
150.709
145.643
141.211
133.612
126.013
117.781
107.649
100.684
88.6525
79.154
66.4894
54.458
43.693
31.6616
18.997
5.69909
-9.49848
-25.3293
-40.5268
-58.2573
-74.0881
-89.2857
-102.584
-115.248
-126.646
-137.411
-150.076
-162.107
-171.606
-179.838
-189.336
-198.202
-207.7
-216.565
-221.631
-227.33
-231.763
-235.562
-241.261
-246.327
-248.86
-249.493
-248.86
-245.694
-243.161
-237.462
-234.929
-232.396
-227.33
-223.531
-217.832
-212.766
-208.967
-203.267
-198.202
-190.603
-178.571
-167.173
-155.142
-143.11
-131.712
-117.781
-107.016
-94.9848
-86.1196
-75.3546
-60.157
-44.9595
-29.1287
-14.5643
-1.8997
9.49848
18.997
29.1287
41.1601
53.1915
64.5897
74.0881
81.6869
89.2857
98.7842
108.916
118.414
125.38
130.446
133.612
136.778
139.311
140.578
142.477
142.477
139.944
136.145
132.979
131.712
132.979
137.411
143.744
150.076
153.875
158.308
160.208
162.741
168.44
176.039
183.637
188.703
194.402
196.935
198.202
196.935
194.402
191.236
189.336
189.336
191.869
193.769
193.769
191.869
190.603
189.336
185.537
181.738
176.672
167.173
158.308
145.643
132.345
119.681
104.483
93.7183
82.9534
71.5552
61.4235
50.0253
37.9939
29.7619
19.6302
7.59878
-3.16616
-17.0973
-29.1287
-37.9939
-50.0253
-62.0567
-78.5208
-98.151
-114.615
-127.913
-140.578
-153.875
-169.706
-188.07
-203.267
-214.666
-222.898
-229.863
-239.362
-246.327
-248.86
-246.327
-241.895
-241.261
-245.061
-251.393
-257.092
-254.559
-247.594
-236.196
-223.531
-215.299
-209.6
-207.067
-205.8
-202.001
-198.202
-192.503
-182.371
-174.139
-162.741
-150.076
-138.045
-127.28
-120.947
-113.982
-99.4174
-83.5866
-62.69
-43.693
-32.9281
-25.9625
-21.5299
-13.2979
-1.8997
10.7649
24.0628
34.8278
44.9595
56.3576
69.0223
81.0537
89.9189
98.151
104.483
110.182
118.414
127.913
139.311
145.01
144.377
141.211
134.878
130.446
128.546
122.847
116.515
110.816
103.217
97.5177
93.0851
86.1196
82.9534
79.154
74.7214
76.6211
77.2543
77.2543
81.0537
83.5866
86.7528
92.4519
99.4174
108.283
115.248
119.048
121.581
124.113
127.913
134.245
136.145
136.145
132.979
126.646
124.747
126.646
126.646
131.712
132.979
132.979
130.446
126.646
123.48
119.681
115.881
115.248
112.715
106.383
100.684
91.8186
83.5866
72.8217
60.7903
52.5583
42.4265
29.7619
16.464
-1.26646
-18.3637
-34.1945
-46.8592
-56.9909
-65.2229
-74.0881
-81.6869
-90.5522
-101.317
-106.383
-114.615
-119.681
-123.48
-133.612
-143.744
-152.609
-163.374
-166.54
-167.173
-169.706
-167.173
-170.339
-176.672
-178.571
-181.104
-181.104
-179.205
-180.471
-178.571
-177.938
-176.672
-169.706
-164.64
-160.208
-156.408
-153.242
-148.176
-141.211
-133.612
-124.747
-115.881
-107.649
-96.2513
-89.9189
-82.9534
-74.0881
-67.7558
-58.8906
-48.1256
-43.0598
-33.5613
-26.5957
-17.7305
-5.06586
1.26646
6.96555
12.0314
12.6646
18.997
23.4296
29.1287
34.1945
37.9939
43.693
50.6586
53.1915
57.6241
62.0567
62.69
65.8561
67.7558
70.2888
76.6211
81.0537
86.1196
93.7183
98.151
104.483
110.182
110.182
114.615
117.781
118.414
124.747
129.813
132.979
138.678
140.578
143.744
145.643
144.377
144.377
145.643
144.377
143.744
139.311
135.512
134.878
132.345
129.813
127.28
123.48
119.681
112.082
103.217
96.8845
88.0193
77.8875
70.922
62.0567
55.7244
48.1256
38.6272
32.9281
25.3293
15.1976
5.06586
-5.69909
-15.1976
-25.3293
-36.0942
-44.9595
-52.5583
-59.5238
-65.8561
-72.8217
-80.4205
-87.386
-95.618
-103.217
-107.649
-112.715
-117.781
-122.214
-127.28
-130.446
-130.446
-129.813
-126.646
-126.013
-125.38
-122.847
-120.314
-114.615
-108.283
-101.95
-94.3516
-86.1196
-76.6211
-66.4894
-58.8906
-49.3921
-41.7933
-36.0942
-31.0284
-24.696
-15.8308
-5.69909
3.79939
10.1317
16.464
22.1631
25.9625
29.7619
32.2948
34.1945
37.9939
41.7933
47.4924
51.2918
53.8247
53.8247
50.0253
45.5927
41.7933
39.8936
38.6272
36.0942
31.0284
25.3293
18.3637
13.2979
10.1317
6.33232
1.26646
-6.96555
-15.8308
-24.696
-34.1945
-43.693
-50.6586
-57.6241
-62.69
-68.3891
-73.4549
-74.0881
-74.0881
-76.6211
-79.7872
-83.5866
-86.1196
-84.8531
-83.5866
-81.0537
-77.8875
-72.8217
-67.7558
-63.3232
-62.0567
-62.0567
-60.7903
-57.6241
-50.6586
-41.7933
-31.0284
-17.7305
-4.43262
7.59878
17.0973
25.9625
38.6272
51.925
63.3232
74.0881
82.9534
91.1854
101.95
110.182
117.781
123.48
123.48
123.48
123.48
121.581
120.947
123.48
124.747
127.28
128.546
128.546
130.446
127.913
125.38
122.847
119.681
116.515
112.082
108.283
103.85
95.618
88.6525
84.2199
74.7214
65.8561
53.8247
39.2604
26.5957
12.6646
0
-9.49848
-18.997
-27.229
-35.461
-43.693
-50.6586
-55.0912
-59.5238
-60.7903
-64.5897
-69.0223
-69.0223
-70.2888
-69.6555
-66.4894
-65.2229
-65.8561
-66.4894
-68.3891
-68.3891
-68.3891
-69.0223
-65.2229
-62.0567
-58.8906
-56.3576
-55.0912
-51.925
-48.1256
-44.9595
-40.5268
-36.7275
-36.0942
-34.1945
-33.5613
-32.9281
-32.2948
-32.2948
-31.6616
-30.3951
-30.3951
-29.7619
-31.6616
-36.7275
-39.8936
-40.5268
-43.0598
-44.3262
-45.5927
-46.8592
-46.2259
-48.1256
-49.3921
-51.925
-52.5583
-53.8247
-56.9909
-56.3576
-53.8247
-51.2918
-49.3921
-46.2259
-46.2259
-45.5927
-46.2259
-46.2259
-46.2259
-47.4924
-46.2259
-46.8592
-46.8592
-46.2259
-47.4924
-47.4924
-46.8592
-44.9595
-40.5268
-35.461
-32.9281
-25.9625
-19.6302
-13.9311
-2.53293
6.96555
16.464
29.1287
38.6272
46.2259
52.5583
56.3576
58.8906
62.69
65.8561
71.5552
77.8875
82.3202
86.1196
89.9189
93.0851
96.2513
98.7842
103.85
108.283
112.082
115.248
117.148
116.515
115.881
112.715
108.283
105.117
100.684
96.8845
93.0851
89.9189
86.7528
82.3202
78.5208
75.3546
71.5552
69.0223
67.1226
62.69
60.157
58.2573
53.8247
50.0253
45.5927
40.5268
37.3607
31.6616
25.9625
18.997
11.3982
2.53293
-6.33232
-16.464
-23.4296
-28.4954
-34.8278
-36.7275
-40.5268
-44.9595
-45.5927
-46.8592
-48.1256
-44.3262
-41.1601
-38.6272
-36.0942
-35.461
-33.5613
-31.6616
-34.1945
-34.1945
-36.7275
-38.6272
-39.8936
-45.5927
-50.6586
-53.8247
-58.2573
-62.0567
-63.3232
-65.2229
-64.5897
-61.4235
-58.2573
-54.458
-51.925
-50.0253
-49.3921
-52.5583
-54.458
-56.3576
-59.5238
-62.0567
-67.1226
-72.8217
-77.8875
-81.0537
-81.0537
-82.3202
-83.5866
-82.9534
-80.4205
-77.2543
-73.4549
-70.2888
-67.1226
-63.3232
-58.8906
-55.7244
-55.0912
-54.458
-55.0912
-59.5238
-65.2229
-67.1226
-67.7558
-66.4894
-63.9564
-61.4235
-57.6241
-51.925
-44.3262
-34.8278
-28.4954
-23.4296
-17.7305
-12.0314
-6.96555
1.8997
7.59878
12.0314
17.0973
18.997
24.696
31.6616
39.8936
49.3921
57.6241
66.4894
74.7214
82.9534
90.5522
98.7842
107.016
114.615
118.414
121.581
122.847
123.48
125.38
124.113
122.847
122.847
126.013
130.446
134.245
136.145
134.878
134.878
131.712
128.546
124.113
117.781
110.182
103.85
94.9848
89.2857
85.4863
78.5208
71.5552
63.3232
56.9909
52.5583
47.4924
43.693
37.9939
29.1287
20.2634
10.7649
3.79939
-0.633232
-2.53293
-5.06586
-6.96555
-9.49848
-12.0314
-13.2979
-16.464
-19.6302
-23.4296
-29.7619
-34.8278
-39.2604
-43.693
-47.4924
-51.925
-58.8906
-63.3232
-69.6555
-77.2543
-81.0537
-86.7528
-88.6525
-86.7528
-84.2199
-79.154
-75.3546
-69.6555
-66.4894
-63.3232
-60.7903
-58.8906
-57.6241
-58.8906
-60.157
-63.9564
-66.4894
-69.0223
-69.6555
-69.0223
-69.6555
-69.6555
-69.6555
-68.3891
-65.8561
-59.5238
-53.1915
-46.2259
-40.5268
-39.2604
-37.9939
-41.1601
-44.3262
-46.8592
-51.2918
-52.5583
-51.925
-51.2918
-47.4924
-44.9595
-40.5268
-37.9939
-36.7275
-36.7275
-36.7275
-35.461
-30.3951
-22.7964
-13.9311
-5.69909
3.16616
6.33232
6.33232
3.79939
-2.53293
-7.59878
-14.5643
-18.997
-20.2634
-18.997
-17.0973
-9.49848
-0.633232
7.59878
13.2979
14.5643
13.2979
8.86525
6.33232
8.23202
10.1317
17.0973
26.5957
33.5613
39.2604
41.7933
41.1601
37.3607
31.0284
26.5957
23.4296
20.2634
18.3637
19.6302
23.4296
26.5957
31.0284
37.3607
42.4265
44.3262
46.8592
50.0253
56.3576
67.7558
81.0537
93.0851
102.584
110.816
117.148
122.214
125.38
127.913
126.646
122.214
117.781
114.615
115.248
114.615
116.515
119.048
120.947
124.747
127.913
129.813
131.079
130.446
130.446
127.28
123.48
115.248
104.483
89.2857
74.7214
62.69
50.0253
36.0942
24.696
11.3982
-0.633232
-8.86525
-17.7305
-23.4296
-31.0284
-38.6272
-47.4924
-56.9909
-67.7558
-79.7872
-92.4519
-101.95
-110.182
-117.148
-123.48
-131.079
-140.578
-149.443
-154.509
-156.408
-158.941
-161.474
-163.374
-166.54
-170.339
-168.44
-167.173
-164.007
-160.208
-157.042
-153.242
-149.443
-145.643
-141.844
-139.311
-136.145
-130.446
-124.113
-115.248
-106.383
-97.5177
-90.5522
-84.2199
-77.2543
-68.3891
-59.5238
-49.3921
-43.0598
-38.6272
-36.0942
-32.9281
-29.7619
-25.3293
-18.3637
-11.3982
-1.8997
10.1317
22.1631
34.1945
41.1601
45.5927
46.2259
42.4265
34.8278
27.229
18.997
9.49848
0.633232
-3.79939
-4.43262
-2.53293
3.16616
8.86525
15.1976
22.1631
29.1287
34.8278
38.6272
40.5268
40.5268
41.7933
43.0598
45.5927
48.7589
54.458
63.3232
72.1884
79.154
85.4863
91.1854
96.2513
101.317
105.117
108.916
115.248
120.947
126.013
131.079
138.678
147.543
158.941
168.44
177.305
184.271
193.136
199.468
203.267
205.167
203.267
200.735
198.202
194.402
189.336
183.637
176.039
168.44
160.841
151.342
143.11
134.245
122.847
110.816
97.5177
86.1196
75.9878
63.3232
47.4924
30.3951
13.9311
-3.79939
-22.1631
-43.693
-65.2229
-88.0193
-109.549
-129.179
-146.277
-162.741
-175.405
-186.803
-196.302
-203.901
-210.866
-216.565
-222.264
-228.597
-233.663
-238.095
-242.528
-245.694
-248.227
-249.493
-248.86
-247.594
-246.327
-243.794
-240.628
-233.029
-226.064
-219.098
-210.233
-202.001
-192.503
-181.104
-168.44
-155.775
-143.11
-129.179
-114.615
-98.151
-81.6869
-63.9564
-47.4924
-32.2948
-19.6302
-7.59878
3.16616
11.3982
19.6302
25.9625
33.5613
42.4265
50.0253
58.8906
68.3891
76.6211
83.5866
88.6525
93.0851
95.618
97.5177
96.2513
96.8845
99.4174
102.584
108.283
115.881
121.581
126.013
129.179
128.546
125.38
118.414
107.649
98.7842
91.1854
86.7528
86.7528
88.6525
90.5522
94.3516
96.2513
98.7842
100.684
98.7842
96.8845
97.5177
98.151
103.217
108.283
113.349
119.048
122.847
122.847
122.847
118.414
111.449
107.016
101.317
101.317
101.95
101.95
101.95
99.4174
94.3516
89.2857
84.2199
79.154
73.4549
67.7558
61.4235
56.9909
52.5583
48.1256
44.9595
37.9939
29.7619
20.8967
12.0314
0.633232
-9.49848
-22.7964
-35.461
-43.693
-54.458
-61.4235
-65.2229
-74.7214
-82.9534
-91.1854
-103.217
-113.982
-124.747
-138.045
-146.277
-151.976
-155.142
-153.875
-150.709
-148.176
-144.377
-141.844
-139.944
-139.944
-141.211
-142.477
-141.844
-143.11
-139.944
-134.878
-132.345
-127.913
-126.013
-123.48
-119.681
-117.148
-110.182
-100.684
-91.1854
-80.4205
-69.0223
-56.9909
-44.3262
-34.1945
-25.9625
-18.997
-15.8308
-12.0314
-7.59878
-5.06586
0.633232
7.59878
12.0314
18.3637
19.6302
18.3637
15.1976
12.6646
8.23202
5.69909
5.69909
4.43262
5.69909
9.49848
15.8308
25.3293
34.8278
43.0598
51.2918
56.3576
56.9909
56.9909
52.5583
46.2259
42.4265
36.7275
31.0284
31.0284
31.0284
34.1945
40.5268
44.3262
46.8592
50.6586
53.8247
55.0912
61.4235
69.6555
77.2543
85.4863
89.2857
92.4519
95.618
97.5177
99.4174
105.117
109.549
113.349
113.982
112.715
111.449
109.549
108.916
108.916
108.916
108.916
105.75
100.684
94.9848
88.6525
84.2199
80.4205
75.9878
72.1884
65.2229
56.9909
48.7589
42.4265
39.2604
36.7275
31.0284
25.3293
16.464
5.06586
-5.06586
-13.9311
-22.7964
-29.7619
-36.0942
-45.5927
-53.8247
-63.3232
-72.1884
-78.5208
-86.7528
-90.5522
-90.5522
-90.5522
-88.6525
-88.0193
-89.9189
-93.0851
-97.5177
-101.95
-102.584
-101.317
-98.7842
-96.2513
-95.618
-94.3516
-93.0851
-91.1854
-87.386
-81.6869
-77.2543
-73.4549
-70.2888
-67.1226
-64.5897
-62.0567
-59.5238
-55.7244
-51.2918
-47.4924
-41.1601
-37.3607
-35.461
-36.7275
-37.3607
-39.2604
-39.2604
-36.7275
-33.5613
-31.0284
-27.8622
-25.9625
-22.1631
-17.7305
-17.0973
-17.7305
-20.2634
-25.9625
-32.2948
-37.3607
-39.2604
-36.7275
-32.9281
-27.8622
-22.7964
-19.6302
-15.1976
-10.1317
-4.43262
-0.633232
0.633232
0
1.26646
4.43262
10.7649
14.5643
21.5299
30.3951
37.9939
44.3262
51.925
59.5238
66.4894
70.922
71.5552
72.8217
72.8217
74.7214
80.4205
83.5866
86.7528
91.8186
95.618
100.051
103.217
104.483
103.85
100.684
97.5177
91.8186
86.7528
83.5866
83.5866
83.5866
82.9534
80.4205
77.2543
77.2543
75.9878
74.0881
66.4894
56.3576
46.8592
39.2604
32.2948
26.5957
22.1631
17.7305
13.9311
10.1317
6.96555
3.79939
1.26646
-2.53293
-8.23202
-16.464
-24.0628
-30.3951
-35.461
-38.6272
-38.6272
-39.8936
-41.1601
-39.8936
-37.3607
-36.0942
-35.461
-37.3607
-40.5268
-44.9595
-46.8592
-44.9595
-44.3262
-43.693
-40.5268
-37.9939
-34.1945
-31.0284
-26.5957
-21.5299
-18.997
-15.8308
-12.6646
-12.6646
-11.3982
-9.49848
-10.7649
-12.0314
-15.1976
-17.0973
-18.3637
-20.2634
-17.7305
-16.464
-18.3637
-20.8967
-25.9625
-32.2948
-38.6272
-43.0598
-48.1256
-53.8247
-60.157
-63.9564
-66.4894
-69.6555
-72.1884
-73.4549
-77.2543
-80.4205
-83.5866
-86.1196
-88.6525
-89.9189
-90.5522
-89.9189
-90.5522
-91.1854
-89.9189
-89.2857
-87.386
-82.9534
-78.5208
-70.922
-62.0567
-54.458
-48.1256
-41.7933
-34.1945
-29.1287
-22.7964
-15.1976
-5.06586
3.16616
12.0314
21.5299
31.6616
40.5268
47.4924
53.8247
59.5238
63.9564
69.0223
75.3546
82.3202
87.386
93.0851
99.4174
102.584
105.75
108.283
109.549
111.449
110.816
111.449
113.349
112.715
112.082
109.549
107.649
105.75
103.217
101.317
98.7842
