SAMPLES: 10026
BITSPERSAMPLE:	16
CHANNELS:	1
SAMPLERATE:	16000
NORMALIZED:	FALSE
-2.39464
-2.87356
-2.87356
-2.87356
-2.39464
-2.39464
-1.91571
-2.39464
-2.87356
-2.87356
-3.83142
-4.31034
-4.31034
-4.78927
-5.74713
-6.70498
-6.22605
-6.70498
-6.70498
-6.70498
-6.22605
-6.22605
-5.74713
-6.22605
-5.74713
-5.74713
-5.74713
-5.2682
-4.78927
-5.2682
-5.2682
-5.2682
-4.78927
-3.83142
-2.87356
-1.91571
-1.43678
-0.478927
-0.478927
0
0
0.478927
1.43678
2.87356
3.35249
4.31034
4.78927
6.22605
6.70498
6.70498
7.18391
7.66284
7.66284
8.14176
9.09962
10.5364
11.0153
11.4943
11.4943
11.4943
10.5364
10.0575
10.0575
10.5364
10.0575
10.0575
9.57854
8.62069
8.62069
8.14176
7.18391
7.18391
7.18391
7.18391
7.66284
7.66284
7.18391
6.70498
6.22605
4.78927
3.35249
2.87356
1.43678
0.478927
-0.957854
-2.39464
-3.35249
-5.74713
-7.66284
-9.09962
-11.0153
-12.4521
-14.3678
-16.7625
-18.1992
-19.636
-22.0307
-23.4674
-24.9042
-26.341
-26.341
-28.7356
-30.1724
-32.0881
-34.0038
-35.9195
-37.3563
-37.8352
-37.3563
-36.8774
-37.8352
-38.7931
-40.7088
-42.1456
-42.1456
-40.7088
-36.8774
-34.0038
-30.6513
-27.7778
-25.8621
-23.9464
-23.4674
-21.0728
-18.1992
-16.2835
-12.4521
-7.66284
-1.91571
3.83142
8.62069
13.8889
16.7625
19.1571
21.0728
24.4253
28.2567
32.0881
34.0038
36.8774
39.272
43.5824
49.3295
54.5977
58.908
62.2605
65.1341
67.0498
71.3602
74.2337
77.1073
79.023
80.9387
81.8966
82.8544
83.3333
83.8123
85.249
84.7701
83.3333
82.8544
79.9808
75.1916
71.3602
66.5709
62.2605
57.9502
51.2452
44.5402
36.8774
29.6935
23.4674
18.1992
11.4943
3.83142
-3.35249
-8.62069
-12.4521
-17.2414
-22.9885
-29.6935
-36.8774
-45.0192
-53.1609
-60.3448
-66.5709
-73.2759
-78.5441
-81.4176
-83.8123
-86.2069
-91.954
-98.659
-103.448
-109.195
-113.985
-116.379
-120.211
-124.521
-128.352
-133.142
-136.494
-136.494
-136.973
-138.41
-139.368
-139.847
-139.847
-140.805
-139.847
-137.931
-135.057
-133.142
-133.142
-130.747
-126.437
-119.253
-110.153
-100.096
-91.4751
-83.8123
-76.6284
-67.5287
-56.5134
-46.4559
-37.3563
-27.2989
-15.3257
0.478927
20.5939
41.1877
63.2184
90.5172
120.211
148.946
170.019
179.119
187.739
204.502
226.054
251.437
273.946
286.398
288.314
281.609
274.904
275.862
283.525
291.188
297.893
302.682
302.682
291.667
277.299
262.452
244.732
219.828
190.613
168.103
159.004
162.835
168.103
165.709
153.736
135.536
123.084
120.69
120.69
121.648
114.943
101.533
88.6015
74.2337
61.7816
49.3295
29.2146
8.14176
-12.931
-30.1724
-41.1877
-50.2874
-62.2605
-81.8966
-116.858
-165.23
-216.475
-253.831
-284.483
-308.908
-326.628
-343.87
-357.759
-371.169
-383.142
-393.199
-401.341
-408.525
-416.188
-420.498
-420.498
-417.625
-413.793
-407.567
-399.904
-391.762
-384.579
-378.831
-371.169
-359.195
-344.349
-328.544
-314.655
-304.119
-299.33
-293.582
-285.441
-274.904
-260.536
-248.084
-239.464
-231.322
-218.391
-194.923
-163.314
-136.015
-112.069
-95.7854
-79.023
-49.3295
-0.957854
79.023
184.866
283.525
336.686
343.391
339.559
368.295
433.429
514.368
586.207
630.747
635.536
603.927
572.318
572.797
601.054
628.352
654.215
681.034
694.444
684.866
661.877
647.989
632.663
586.207
512.452
437.261
389.368
370.69
366.379
363.985
348.18
310.345
255.747
219.828
220.307
215.038
185.824
152.299
137.452
136.973
131.226
120.211
97.2222
50.7663
-7.18391
-55.0766
-77.1073
-87.1648
-108.716
-131.226
-152.299
-172.893
-199.234
-225.096
-231.801
-245.69
-301.724
-383.142
-444.444
-454.502
-439.655
-430.556
-430.556
-452.586
-507.184
-577.107
-629.789
-649.904
-650.383
-650.383
-636.494
-596.264
-564.176
-559.866
-571.36
-574.234
-564.176
-558.429
-556.992
-537.835
-491.379
-437.739
-397.51
-369.732
-352.011
-347.701
-350.096
-324.234
-268.199
-218.391
-176.724
-132.663
-83.8123
-47.4138
-35.4406
-38.3142
-46.9349
-61.7816
-70.4023
-66.092
-47.4138
-20.1149
-6.70498
0.957854
11.0153
11.0153
4.31034
0.957854
17.7203
42.6245
59.387
69.9234
91.4751
135.536
227.49
395.115
603.448
744.732
729.885
609.195
528.736
581.418
716.954
839.559
920.498
939.176
871.169
739.943
622.605
583.333
585.249
611.59
687.739
774.904
797.893
716.954
614.943
567.05
522.989
430.556
299.33
207.854
213.123
269.157
319.444
342.912
318.966
236.111
134.579
86.6858
108.238
122.126
94.8276
68.4866
78.5441
99.6169
80.4598
31.6092
-19.636
-73.2759
-120.69
-142.241
-144.157
-161.877
-200.67
-215.038
-202.586
-209.77
-286.398
-400.862
-462.165
-447.797
-421.456
-470.307
-561.782
-626.437
-641.762
-613.985
-610.632
-657.567
-752.395
-861.111
-922.893
-931.034
-910.441
-889.847
-837.165
-715.996
-569.444
-488.985
-499.521
-546.456
-567.529
-534.962
-497.126
-457.854
-416.667
-359.195
-276.82
-224.617
-211.686
-257.184
-322.318
-335.249
-284.962
-193.966
-107.759
-57.4713
-41.6667
-46.4559
-68.0077
-103.448
-144.636
-177.682
-182.471
-147.989
-74.7126
0
44.5402
47.4138
26.8199
8.14176
4.78927
28.2567
65.1341
113.985
165.23
200.192
255.747
335.249
487.069
803.64
1213.6
1548.85
1577.11
1332.38
1090.04
1040.23
1222.22
1395.11
1401.82
1270.59
1038.31
756.705
470.785
258.142
171.456
189.176
340.038
618.295
810.345
775.862
564.176
353.927
234.674
114.943
-3.83142
-71.8391
-0.478927
220.785
432.95
529.693
476.054
310.824
132.184
8.62069
-6.70498
40.7088
44.5402
28.7356
44.5402
84.7701
52.682
-137.452
-392.72
-607.759
-718.87
-696.36
-600.575
-486.111
-415.709
-391.762
-397.51
-479.885
-652.299
-872.605
-1042.15
-1059.39
-911.877
-698.755
-532.088
-470.785
-485.632
-523.467
-577.107
-647.989
-735.632
-787.356
-747.605
-627.395
-504.789
-443.008
-458.333
-509.1
-525.862
-492.337
-441.571
-420.977
-391.762
-313.218
-184.387
-56.9923
-20.5939
-93.8697
-212.165
-281.13
-272.51
-234.195
-198.755
-156.609
-103.448
-19.1571
70.8812
103.927
79.023
13.8889
-16.2835
12.4521
49.8084
73.7548
65.613
64.6552
88.1226
121.169
146.552
126.916
87.6437
66.5709
98.659
161.398
203.544
209.291
191.571
183.429
200.192
208.333
198.276
236.111
373.563
755.268
1293.1
1750.96
1874.04
1564.66
1174.33
966.954
1029.69
1192.53
1203.54
1069.44
851.054
533.525
159.962
-179.119
-344.349
-310.824
-146.552
186.303
474.138
523.946
396.073
214.08
100.575
-15.8046
-139.847
-195.402
-132.663
94.8276
366.379
511.015
464.559
287.835
68.4866
-140.326
-256.226
-253.831
-235.632
-231.801
-203.544
-156.609
-170.019
-319.923
-540.709
-736.59
-813.697
-719.349
-529.693
-344.828
-232.759
-193.966
-191.092
-255.747
-403.257
-589.08
-759.1
-811.303
-727.49
-574.713
-465.996
-427.203
-411.398
-422.893
-471.264
-571.839
-709.291
-817.05
-810.824
-675.766
-483.238
-335.728
-295.019
-337.644
-391.762
-399.904
-370.69
-342.912
-304.598
-220.307
-84.2912
42.6245
96.7433
54.1188
-63.6973
-167.146
-194.444
-144.636
-61.7816
28.2567
123.084
222.222
294.54
304.119
245.211
136.973
62.2605
45.977
70.4023
93.8697
93.8697
106.322
131.705
133.142
113.027
71.8391
38.7931
42.6245
65.1341
103.927
128.831
161.877
184.387
175.766
146.073
135.536
200.192
458.812
980.364
1576.63
1983.24
1911.4
1503.83
1112.55
956.897
1049.81
1140.8
1090.52
892.241
577.586
135.057
-315.613
-594.349
-606.801
-450.192
-175.766
200.67
450.192
479.406
325.192
135.536
-28.2567
-197.797
-275.383
-220.307
-15.3257
289.272
540.709
606.801
493.295
273.467
15.3257
-232.28
-363.027
-340.996
-284.483
-242.816
-206.418
-196.36
-293.103
-518.199
-773.467
-939.176
-934.387
-761.973
-529.215
-335.249
-215.038
-153.257
-174.33
-335.249
-593.87
-853.927
-970.785
-910.92
-727.49
-548.851
-490.421
-482.28
-473.659
-461.686
-539.751
-711.686
-863.506
-868.295
-722.701
-505.747
-295.977
-179.119
-152.778
-172.893
-183.908
-194.444
-217.433
-226.054
-171.935
-44.5402
98.1801
181.992
160.441
70.4023
-26.341
-94.8276
-122.126
-95.7854
3.83142
143.199
294.54
443.487
528.736
510.057
385.536
230.843
147.031
123.563
142.72
145.594
150.383
180.077
183.429
151.341
62.7395
-4.31034
-11.4943
40.2299
119.253
198.276
277.778
313.697
335.249
296.935
222.701
205.46
352.49
862.069
1586.21
2138.41
2181.51
1725.57
1204.5
931.034
922.414
1007.66
993.295
848.18
615.9
234.674
-238.027
-639.368
-779.215
-645.594
-331.897
134.579
523.467
645.594
509.1
283.525
92.433
-138.889
-355.364
-421.456
-309.387
-22.0307
294.061
468.391
419.061
185.824
-91.954
-386.494
-646.552
-782.088
-799.33
-730.843
-616.858
-507.663
-490.9
-659.962
-920.498
-1112.55
-1156.13
-1026.34
-806.513
-583.333
-396.073
-263.41
-215.996
-323.276
-584.291
-876.437
-1090.04
-1171.93
-1132.18
-950.67
-617.816
-298.851
-82.8544
-77.1073
-266.762
-503.831
-699.713
-731.801
-587.165
-363.027
-102.49
85.728
111.59
51.2452
-46.9349
-95.3065
-70.4023
27.7778
188.218
345.785
479.406
553.161
536.877
445.402
281.609
129.31
68.0077
105.843
233.238
369.253
494.253
608.238
672.414
650.862
533.046
391.284
284.483
221.743
204.023
207.854
236.59
260.536
227.49
162.835
68.9655
-44.0613
-108.716
-113.506
-44.5402
122.605
255.747
304.598
245.211
125.479
68.9655
118.774
451.149
1121.17
1852.49
2227.49
2015.8
1443.49
931.992
662.835
612.069
620.211
566.092
442.05
152.299
-309.387
-788.793
-1052.2
-975.096
-667.146
-201.149
309.387
641.762
660.441
448.755
203.544
-47.8927
-320.881
-494.253
-470.785
-258.621
21.0728
256.226
357.759
248.084
-10.0575
-327.586
-638.41
-843.391
-918.103
-894.636
-806.513
-674.808
-534.483
-489.943
-624.042
-849.617
-1006.7
-988.985
-812.739
-600.096
-429.598
-299.33
-197.797
-191.571
-362.548
-670.498
-988.985
-1163.79
-1157.57
-995.69
-744.253
-464.08
-180.077
21.5517
116.858
66.092
-96.7433
-269.157
-346.743
-280.651
-121.169
51.2452
171.456
239.464
256.705
246.169
211.207
161.398
132.184
170.019
276.82
389.368
474.617
510.536
481.801
424.33
358.238
302.203
286.398
307.95
396.073
524.904
668.103
772.51
780.172
697.797
538.314
351.533
182.95
54.1188
-42.1456
-79.9808
-61.7816
-34.4828
-42.6245
-102.969
-204.502
-273.946
-295.498
-251.437
-147.989
-45.0192
9.09962
3.35249
-75.6705
-140.805
-106.801
150.383
794.54
1623.08
2209.77
2162.36
1552.68
868.774
460.249
358.716
437.739
486.111
408.525
151.341
-302.203
-800.766
-1169.54
-1233.24
-995.69
-516.762
119.253
672.893
900.862
758.142
425.287
84.7701
-270.594
-581.897
-708.812
-596.264
-294.54
59.8659
352.49
451.628
293.582
-24.9042
-382.184
-663.793
-807.471
-824.713
-721.264
-534.962
-284.962
-78.0651
-84.2912
-293.103
-556.513
-695.881
-648.946
-509.1
-335.249
-145.115
47.4138
161.398
75.1916
-209.291
-594.349
-915.23
-1067.53
-1059.87
-920.977
-706.418
-422.893
-52.2031
286.877
500.958
460.249
176.724
-122.605
-311.782
-322.797
-172.893
23.9464
187.739
284.483
269.636
185.345
53.1609
-119.253
-252.395
-255.268
-115.421
115.421
338.123
445.402
443.008
369.253
251.916
159.962
104.885
85.249
142.241
272.989
441.571
549.808
505.747
329.502
122.605
-58.908
-211.207
-337.165
-408.046
-382.663
-272.51
-169.54
-173.372
-249.042
-323.755
-325.192
-277.299
-238.985
-188.697
-137.931
-58.4291
12.931
-5.74713
-59.387
-71.3602
218.391
1008.62
1912.84
2378.35
2111.59
1403.26
839.559
573.755
534.962
602.011
596.743
417.146
17.7203
-475.096
-875.479
-1061.3
-960.728
-621.648
-48.3716
624.042
1084.29
1151.34
892.72
559.866
254.789
-79.5019
-330.46
-372.605
-211.207
70.4023
373.563
630.747
665.709
404.693
9.57854
-366.858
-616.379
-738.506
-769.636
-676.245
-477.49
-212.644
-6.22605
-32.0881
-273.946
-547.414
-670.977
-627.395
-522.989
-395.594
-244.732
-92.9119
-27.7778
-155.172
-454.502
-829.981
-1144.16
-1279.69
-1217.91
-996.169
-693.487
-417.146
-132.663
196.36
438.218
473.18
230.364
-109.195
-334.291
-397.51
-318.487
-174.808
-48.8506
41.1877
85.728
28.2567
-95.3065
-264.847
-424.33
-458.333
-309.387
-26.8199
246.648
398.946
425.287
391.762
328.544
241.858
142.72
47.4138
23.9464
112.069
255.268
329.023
269.636
112.069
-77.5862
-254.789
-416.667
-540.23
-574.713
-495.211
-361.59
-234.674
-159.004
-128.352
-116.858
-124.042
-123.084
-89.5594
-60.8238
-30.6513
20.1149
34.4828
40.7088
109.674
481.322
1302.2
2184.87
2576.63
2223.18
1469.83
879.789
601.533
568.966
684.387
722.701
509.579
26.8199
-516.284
-881.705
-992.337
-835.728
-423.851
236.111
940.613
1384.1
1443.01
1195.88
827.586
413.793
-6.22605
-277.778
-325.192
-181.992
74.7126
387.931
664.751
718.87
470.785
44.0613
-367.337
-657.567
-816.092
-847.701
-728.927
-488.985
-190.134
27.7778
4.31034
-237.069
-530.651
-715.517
-740.9
-674.33
-557.95
-384.579
-213.123
-134.579
-244.732
-535.441
-887.931
-1208.81
-1383.62
-1345.79
-1098.18
-743.774
-383.142
-86.6858
199.713
437.739
484.195
313.218
-55.0766
-402.778
-595.785
-602.49
-447.797
-235.153
-90.0383
-24.4253
-55.0766
-183.908
-329.981
-493.295
-585.728
-515.326
-275.383
49.8084
302.203
417.146
420.019
384.1
285.441
130.268
-14.3678
-94.8276
-22.5096
152.778
319.444
355.364
250.479
68.9655
-126.916
-299.33
-438.697
-494.732
-444.444
-335.728
-194.923
-72.7969
9.57854
56.5134
29.2146
-30.1724
-79.023
-91.954
-61.3027
10.0575
113.985
259.579
430.556
850.575
1574.71
2242.82
2427.2
1924.33
1187.26
674.33
473.18
506.705
631.226
646.552
435.345
-6.70498
-459.291
-708.333
-714.559
-478.927
-43.1034
590.996
1225.1
1574.23
1531.61
1200.67
768.199
278.736
-205.46
-471.743
-468.87
-307.95
-94.3487
164.272
426.245
504.31
320.881
-35.4406
-434.866
-737.069
-900.383
-883.142
-695.402
-415.709
-89.5594
136.973
153.736
-31.1303
-309.866
-541.667
-665.23
-699.234
-659.483
-539.751
-390.805
-339.559
-443.008
-667.146
-936.782
-1173.85
-1319.92
-1287.36
-1048.37
-696.839
-305.077
38.3142
342.433
579.023
603.927
412.356
24.9042
-379.31
-633.621
-714.559
-606.801
-431.034
-307.471
-234.674
-242.816
-321.36
-438.218
-586.686
-672.414
-616.379
-384.579
-32.567
293.582
498.563
583.812
583.333
497.605
340.996
169.061
43.5824
25.8621
94.3487
180.077
202.107
144.157
46.9349
-85.728
-240.421
-392.72
-491.858
-474.138
-362.548
-242.816
-131.226
-14.8467
98.1801
197.318
194.444
95.3065
-21.5517
-123.563
-95.3065
107.759
398.467
778.257
1354.89
2079.98
2625.48
2530.17
1820.4
1004.79
479.885
315.613
385.057
509.1
464.559
140.805
-353.448
-733.716
-822.318
-620.69
-250.479
255.747
912.356
1485.63
1708.33
1528.26
1118.77
625
44.0613
-491.379
-751.437
-708.812
-515.805
-261.015
53.6398
314.655
354.406
145.115
-202.107
-549.808
-790.709
-896.073
-827.586
-598.659
-252.874
107.759
302.203
259.1
32.567
-240.421
-469.349
-640.326
-754.789
-784.483
-693.966
-559.866
-525.862
-655.651
-895.115
-1149.43
-1353.45
-1433.43
-1297.89
-963.123
-515.326
-57.4713
322.797
591.954
662.835
627.395
503.352
264.368
-62.7395
-461.686
-722.701
-798.851
-707.375
-475.575
-254.789
-142.241
-178.161
-360.153
-533.046
-599.138
-508.621
-250
107.759
515.326
824.234
970.307
962.165
790.709
547.893
262.931
37.3563
-27.7778
2.39464
69.4444
76.6284
8.14176
-102.969
-244.732
-380.268
-531.13
-657.567
-674.808
-593.391
-405.172
-187.261
22.0307
215.517
279.693
184.866
-30.1724
-264.847
-368.295
-330.939
-130.747
163.793
555.077
1268.68
2110.15
2680.08
2505.27
1670.5
853.927
386.494
312.261
463.602
563.697
482.28
107.759
-409.962
-751.916
-871.648
-693.966
-335.249
203.065
965.038
1585.73
1850.1
1696.84
1261.97
764.368
156.609
-375.479
-603.448
-537.356
-282.088
0.957854
326.149
596.264
613.985
384.1
-33.046
-451.628
-744.732
-900.383
-840.517
-623.084
-269.157
130.747
360.632
351.533
107.759
-215.996
-471.264
-660.92
-761.015
-762.452
-660.441
-518.678
-483.716
-615.421
-875.479
-1180.56
-1427.68
-1534.96
-1424.81
-1121.65
-686.782
-205.939
243.774
641.284
845.785
790.709
468.391
-8.14176
-479.885
-831.418
-984.674
-948.755
-794.061
-591.954
-406.13
-302.203
-309.866
-416.667
-568.487
-670.498
-591.954
-309.866
87.1648
461.207
720.785
829.981
802.203
654.693
434.866
187.261
-5.74713
-90.5172
-79.5019
-24.4253
-6.22605
-29.2146
-107.28
-214.08
-323.755
-438.218
-527.778
-543.103
-460.249
-297.414
-117.337
54.1188
183.908
250.958
211.686
63.6973
-144.636
-277.778
-192.05
126.916
562.739
1155.65
1975.1
2718.39
2889.37
2303.16
1446.36
786.877
508.621
505.747
593.391
587.644
287.356
-237.548
-681.992
-829.023
-657.088
-300.766
166.667
835.249
1526.82
1941.09
1916.19
1556.99
1058.43
444.444
-178.161
-568.487
-609.195
-412.835
-184.866
74.2337
333.333
428.64
280.651
-66.092
-477.49
-830.939
-1018.68
-969.828
-733.238
-405.172
-53.6398
205.46
300.287
169.061
-112.069
-386.973
-620.211
-783.046
-880.268
-861.111
-745.211
-693.008
-793.103
-1056.51
-1380.27
-1645.59
-1787.84
-1721.26
-1441.57
-1015.8
-500.958
18.1992
458.812
707.854
715.517
524.425
193.966
-198.755
-604.885
-908.046
-1015.33
-929.598
-702.586
-444.444
-274.425
-245.69
-351.533
-510.057
-611.111
-602.011
-432.95
-102.49
320.402
703.544
935.824
999.042
911.877
721.264
473.659
233.238
81.4176
55.5556
111.111
186.782
204.981
145.594
34.9617
-99.1379
-193.008
-267.241
-294.061
-232.759
-104.406
84.7701
241.379
357.759
419.54
388.41
300.766
140.805
-21.0728
-160.441
-133.621
113.506
511.973
1159.96
2009.58
2741.86
2863.98
2251.92
1358.72
679.119
369.732
357.28
488.506
488.506
150.862
-397.031
-845.307
-973.18
-754.31
-352.49
133.621
748.084
1352.49
1708.81
1673.85
1302.68
773.467
142.241
-474.138
-819.444
-800.766
-581.897
-331.897
-80.4598
144.636
236.59
112.069
-187.739
-549.808
-881.705
-1075.19
-1043.1
-826.149
-509.1
-170.498
68.4866
131.226
13.41
-192.529
-391.284
-595.785
-789.272
-911.398
-885.536
-758.142
-702.107
-801.245
-1040.71
-1303.64
-1513.41
-1611.59
-1511.02
-1220.31
-804.598
-330.939
127.395
545.019
813.697
870.211
728.927
419.54
27.2989
-402.299
-732.28
-872.605
-823.276
-652.778
-432.471
-263.889
-203.065
-234.674
-343.87
-437.739
-421.456
-243.774
91.954
496.648
844.828
1049.81
1102.97
1036.4
879.789
654.215
377.874
161.877
86.2069
107.28
169.061
179.598
101.054
-26.341
-173.851
-301.245
-370.211
-377.874
-307.471
-138.41
75.6705
243.774
343.87
337.644
251.437
92.9119
-132.184
-300.766
-281.609
-14.8467
528.257
1405.17
2369.73
2964.08
2756.23
1894.16
975.096
399.425
183.908
223.659
342.912
214.08
-272.031
-909.483
-1283.05
-1213.6
-849.617
-390.326
178.64
901.82
1567.05
1896.55
1809.39
1397.99
756.226
-17.2414
-661.877
-933.908
-870.69
-682.471
-443.966
-130.747
127.874
169.061
-19.1571
-335.249
-707.375
-1028.26
-1150.38
-993.295
-638.889
-249.521
59.387
227.969
227.49
69.4444
-141.762
-312.739
-453.544
-596.743
-691.571
-651.82
-523.467
-497.126
-700.67
-1092.43
-1522.51
-1824.71
-1869.73
-1616.86
-1166.67
-610.153
8.14176
595.307
1034.48
1151.82
984.674
670.019
327.586
4.78927
-314.655
-563.697
-702.586
-686.303
-539.751
-285.92
-94.3487
-93.8697
-288.314
-494.253
-517.72
-368.774
-49.3295
340.996
753.352
1084.29
1241.38
1241.86
1099.62
865.9
578.544
321.839
169.061
149.904
196.839
245.69
229.406
110.153
-86.2069
-318.487
-491.858
-601.054
-610.153
-509.1
-320.402
-86.2069
98.1801
219.349
251.916
182.471
-12.931
-249.521
-396.073
-304.598
21.0728
641.284
1606.8
2555.08
2920.5
2369.73
1350.57
465.038
4.31034
-116.379
-32.0881
23.9464
-239.943
-850.575
-1455.46
-1623.08
-1307.47
-741.379
-175.287
450.192
1156.61
1735.63
2002.87
1901.82
1498.56
808.429
-39.272
-636.015
-797.414
-676.724
-524.425
-353.927
-123.084
22.0307
-20.5939
-194.444
-457.375
-749.042
-978.927
-965.517
-647.51
-191.571
222.222
427.203
436.782
308.429
130.747
-8.14176
-124.521
-252.874
-396.552
-470.785
-412.356
-340.517
-422.414
-739.943
-1218.39
-1696.36
-2009.1
-1991.86
-1621.65
-1041.19
-414.751
137.452
615.421
960.249
1084.29
1018.68
815.613
559.387
240.421
-94.8276
-373.084
-525.383
-515.326
-389.368
-214.559
-147.989
-292.146
-616.379
-934.387
-1034.96
-839.559
-413.314
172.893
775.862
1216.95
1425.29
1369.73
1116.38
750.479
375.479
117.816
22.9885
74.7126
183.429
272.51
256.705
105.364
-153.736
-472.701
-755.268
-916.188
-899.425
-700.67
-374.042
-45.0192
186.303
269.157
181.034
-68.4866
-426.724
-702.586
-673.851
-299.33
503.352
1678.16
2832.85
3293.1
2725.57
1598.18
585.249
50.7663
-49.3295
82.3755
146.073
-160.92
-883.621
-1609.67
-1907.57
-1641.28
-1051.72
-406.13
353.927
1191.57
1884.58
2235.15
2230.84
1945.4
1312.26
426.724
-304.119
-612.069
-551.245
-350.096
-115.421
104.885
149.904
-16.7625
-296.456
-599.138
-885.057
-1124.04
-1138.89
-831.897
-307.95
255.268
612.548
640.805
394.157
78.5441
-90.0383
-99.1379
-97.2222
-154.215
-206.897
-172.893
-113.506
-205.939
-527.299
-1060.82
-1662.36
-2142.72
-2308.91
-2073.28
-1529.69
-827.107
-109.195
544.061
1038.31
1244.25
1079.02
686.303
255.268
-51.2452
-189.655
-206.418
-150.383
-95.7854
-72.7969
-108.716
-204.023
-401.341
-692.05
-1025.86
-1258.62
-1211.21
-826.628
-227.49
416.667
941.571
1196.36
1189.18
965.517
652.778
399.904
237.069
200.192
280.172
411.877
499.042
451.628
250.479
-77.5862
-437.739
-774.904
-1006.23
-1055.56
-923.372
-634.579
-294.54
-14.8467
168.103
255.747
229.406
41.1877
-281.609
-561.303
-514.847
-125
671.935
1796.46
2829.98
3165.71
2520.11
1402.3
469.828
74.7126
60.3448
255.268
362.548
66.5709
-640.326
-1375
-1703.07
-1466.95
-925.287
-340.038
376.916
1194.44
1897.03
2250
2234.67
1940.61
1327.59
471.264
-243.774
-534.483
-460.249
-252.874
2.87356
218.87
232.28
27.7778
-290.23
-597.701
-862.548
-1080.46
-1066.09
-767.72
-277.778
241.379
557.95
571.839
291.667
-62.2605
-264.847
-298.372
-276.82
-309.387
-325.192
-237.069
-150.383
-216.475
-515.805
-995.211
-1527.3
-1970.79
-2133.14
-1933.43
-1467.91
-866.858
-279.215
245.211
611.59
717.433
574.234
299.33
120.69
78.5441
120.211
153.257
95.3065
-22.9885
-137.931
-219.349
-277.778
-400.383
-643.678
-964.559
-1242.82
-1281.61
-978.448
-411.398
190.613
697.797
1023.47
1117.82
1046.46
862.548
645.594
465.996
338.602
301.245
353.927
412.835
387.452
240.9
-14.3678
-323.276
-602.969
-846.743
-970.785
-889.368
-619.732
-264.368
61.3027
274.904
363.506
313.218
65.613
-281.609
-581.418
-601.054
-307.95
411.877
1535.92
2693.01
3203.07
2652.3
1527.78
519.157
38.7931
16.7625
292.625
515.326
307.471
-436.782
-1284.96
-1701.63
-1511.97
-980.364
-404.215
275.862
1051.25
1723.66
2084.77
2109.67
1828.54
1174.81
267.72
-451.149
-667.146
-470.785
-163.314
163.314
426.724
459.77
228.448
-127.395
-472.222
-802.682
-1081.42
-1133.14
-860.153
-344.828
193.487
534.004
540.709
240.9
-142.72
-369.732
-399.904
-364.464
-365.421
-321.36
-142.72
58.4291
92.9119
-167.146
-665.709
-1271.55
-1826.15
-2097.7
-1986.11
-1544.06
-943.008
-332.375
205.939
580.939
717.912
617.816
362.069
80.4598
-88.6015
-103.448
1.43678
87.1648
102.969
31.1303
-78.0651
-213.602
-415.709
-668.103
-931.034
-1103.45
-1094.35
-848.18
-370.211
191.571
648.946
913.793
955.46
833.812
654.215
498.563
419.061
394.157
376.437
357.28
348.18
335.249
246.169
37.8352
-296.935
-657.567
-879.789
-896.073
-712.644
-419.061
-160.441
0.478927
69.4444
71.8391
51.7241
-7.18391
-108.238
-219.828
-281.13
-162.835
142.241
771.073
1642.72
2421.46
2568.97
1886.97
895.594
156.13
-63.6973
97.2222
386.973
495.211
180.077
-511.494
-1144.16
-1379.79
-1144.16
-655.651
-92.433
568.966
1232.28
1719.35
1881.7
1738.51
1325.19
610.632
-154.215
-566.571
-517.72
-206.418
88.6015
342.912
492.816
412.356
123.084
-245.211
-576.149
-824.713
-948.276
-825.67
-469.349
-26.341
354.406
539.272
488.506
188.697
-194.923
-438.697
-475.575
-386.015
-275.862
-118.295
80.9387
178.64
73.7548
-275.383
-792.146
-1345.79
-1791.67
-1905.65
-1633.14
-1077.59
-469.349
17.7203
352.011
489.943
445.881
275.383
125.958
40.7088
9.09962
32.567
100.096
171.935
167.625
81.4176
-86.2069
-322.318
-628.352
-928.161
-1125
-1159.96
-1008.62
-671.935
-226.054
218.391
563.697
718.87
702.586
576.628
425.287
340.996
319.923
317.05
272.989
194.444
107.759
10.5364
-121.169
-323.755
-551.245
-740.421
-849.617
-819.444
-664.272
-433.429
-248.084
-162.835
-112.069
-50.7663
-24.9042
-103.927
-286.877
-401.82
-313.697
119.253
1046.93
2221.74
3052.2
2848.18
1787.84
615.9
-18.6782
-17.7203
325.67
680.077
628.831
1.43678
-916.188
-1533.52
-1531.61
-1053.64
-460.728
182.471
900.383
1597.22
2063.7
2232.28
2097.22
1533.52
591.954
-261.494
-545.977
-291.188
105.843
420.498
629.31
641.284
397.031
20.5939
-316.092
-626.916
-935.345
-1068.01
-821.36
-272.989
300.766
646.552
670.498
399.904
-49.3295
-412.835
-535.441
-464.559
-364.943
-285.92
-120.69
115.9
232.28
45.0192
-469.828
-1152.3
-1787.84
-2156.13
-2085.25
-1625.96
-969.349
-336.686
162.835
470.785
548.851
440.613
288.793
146.552
-5.74713
-175.287
-272.989
-217.433
-64.6552
57.9502
31.6092
-170.019
-551.724
-1021.07
-1408.05
-1553.16
-1385.54
-955.939
-364.943
277.299
805.077
1056.99
983.238
675.766
298.851
26.341
-60.3448
26.341
215.038
377.874
432.471
361.111
190.134
-45.977
-344.828
-663.793
-903.736
-922.893
-695.881
-295.498
80.4598
238.985
145.594
-88.1226
-292.625
-439.655
-510.536
-519.636
-382.663
-103.927
507.184
1591
2788.79
3330.94
2699.23
1359.2
172.414
-250.958
34.0038
659.962
1117.82
920.977
3.35249
-1117.82
-1770.59
-1691.09
-1155.17
-506.705
242.816
1087.64
1824.23
2269.64
2397.51
2136.49
1353.45
211.207
-641.762
-743.774
-260.057
329.502
749.042
910.441
715.517
244.253
-247.605
-620.211
-924.33
-1181.51
-1171.93
-726.533
8.62069
699.713
1011.49
824.234
232.28
-430.556
-798.372
-761.015
-500.958
-266.284
-81.4176
147.51
362.069
343.87
-64.6552
-798.372
-1632.66
-2283.52
-2480.36
-2125.96
-1400.38
-620.211
-33.046
310.824
421.456
285.92
35.4406
-204.502
-322.318
-313.218
-214.08
-17.7203
189.655
311.303
238.506
-11.0153
-405.651
-893.199
-1352.49
-1636.97
-1617.82
-1266.28
-685.824
-10.0575
610.153
988.027
1042.62
808.908
437.261
129.31
4.31034
59.8659
228.448
422.414
526.341
489.943
315.134
44.5402
-267.241
-579.502
-813.218
-872.605
-705.939
-358.716
41.6667
290.23
290.709
124.042
-95.3065
-285.441
-455.46
-534.483
-410.441
-17.2414
835.728
2087.16
3232.28
3488.03
2619.25
1230.36
171.456
-98.659
254.789
840.517
1127.87
707.854
-337.644
-1419.54
-1944.44
-1738.98
-1141.76
-447.318
337.165
1164.75
1883.14
2319.92
2416.67
2088.12
1255.75
197.797
-517.241
-579.981
-173.851
333.812
728.927
845.785
573.276
10.5364
-576.149
-1025.38
-1334.77
-1462.64
-1265.8
-703.065
56.5134
738.027
1017.72
729.406
-8.14176
-757.184
-1060.34
-860.632
-450.192
-116.858
87.1648
229.406
277.778
88.1226
-419.54
-1167.15
-1943.01
-2455.94
-2456.9
-1934.39
-1128.35
-349.617
182.471
393.199
340.517
109.674
-150.862
-348.659
-413.314
-297.893
-32.567
308.908
565.613
632.184
428.161
-11.9732
-579.502
-1111.59
-1449.23
-1523.47
-1338.6
-939.655
-399.904
162.356
616.858
852.011
829.981
609.674
303.161
96.7433
113.506
342.433
650.383
856.322
878.831
687.261
338.602
-82.3755
-442.529
-667.146
-718.87
-637.931
-448.755
-188.697
63.6973
204.502
139.368
-44.5402
-273.467
-441.571
-546.935
-520.115
-275.862
249.521
1207.85
2467.91
3475.1
3469.83
2371.17
920.498
-10.5364
-74.2337
472.701
1155.65
1397.99
823.755
-426.724
-1704.5
-2348.18
-2174.33
-1471.26
-571.36
386.973
1245.21
1857.76
2191.57
2227.49
1832.38
927.682
-75.6705
-590.996
-417.146
118.774
643.199
973.18
923.372
429.598
-322.318
-1004.79
-1449.71
-1692.05
-1699.23
-1336.69
-628.831
203.544
833.333
977.011
535.441
-302.682
-1038.31
-1224.62
-835.728
-239.464
224.138
491.858
599.138
489.943
47.8927
-699.713
-1580.94
-2313.7
-2607.28
-2316.09
-1569.92
-717.433
-54.1188
290.23
318.008
99.6169
-263.41
-512.452
-508.142
-266.284
83.3333
411.877
694.444
832.854
779.693
454.981
-55.0766
-628.831
-1106.32
-1341.48
-1295.5
-1004.31
-569.923
-114.464
240.9
461.686
490.9
384.1
251.437
173.851
247.605
476.533
770.594
1016.28
1088.6
936.303
559.866
85.249
-341.475
-612.548
-687.739
-638.41
-494.253
-326.149
-177.203
-125.479
-182.471
-297.414
-374.042
-395.115
-419.54
-448.276
-381.705
-38.7931
583.333
1511.02
2515.8
3125.96
2832.85
1709.77
513.41
-57.9502
136.494
696.839
1198.28
1239.46
595.785
-573.276
-1734.2
-2317.05
-2120.21
-1402.78
-461.686
536.398
1394.64
1907.09
2035.92
1843.87
1341.48
541.667
-219.349
-442.05
-39.272
602.969
1039.75
1165.23
937.739
363.027
-389.368
-1050.29
-1431.51
-1548.85
-1399.9
-943.487
-263.889
386.973
757.184
705.46
231.322
-471.264
-1014.85
-1048.37
-576.628
62.2605
507.663
672.893
627.395
356.801
-189.176
-953.065
-1723.18
-2223.66
-2239.46
-1726.05
-940.134
-251.916
81.4176
45.977
-195.402
-494.732
-706.897
-741.858
-548.372
-188.218
249.521
658.525
919.061
929.119
642.241
146.073
-408.046
-849.617
-1071.84
-1050.77
-860.153
-611.111
-422.893
-306.513
-228.927
-201.628
-203.544
-167.625
-46.9349
176.245
483.716
795.498
1029.69
1106.8
1006.7
725.575
321.36
-94.8276
-387.452
-489.464
-450.67
-368.295
-325.67
-339.08
-387.931
-448.755
-543.103
-616.858
-626.916
-583.333
-516.762
-433.908
-185.345
243.295
952.586
1980.84
3022.51
3418.1
2682.47
1282.57
158.046
-60.3448
449.234
1154.69
1543.58
1238.03
193.008
-1169.54
-2159
-2350.57
-1851.53
-1025.86
-42.6245
943.487
1679.12
2004.31
1967.91
1634.1
968.87
106.322
-416.188
-207.854
513.41
1180.08
1455.46
1332.38
836.207
83.3333
-693.008
-1240.9
-1475.57
-1433.91
-1089.56
-500.479
114.943
528.736
599.138
310.345
-243.774
-826.149
-1043.58
-689.176
6.70498
608.238
818.487
686.303
343.391
-158.525
-804.119
-1511.02
-2065.13
-2256.7
-1922.41
-1189.66
-429.119
20.1149
23.9464
-294.54
-695.402
-984.674
-1002.87
-715.996
-278.736
129.31
378.352
500.479
506.705
378.831
79.9808
-323.755
-699.234
-905.172
-859.195
-630.268
-360.632
-194.923
-171.935
-252.395
-336.207
-391.284
-386.015
-300.766
-118.774
169.061
522.031
862.069
1087.16
1091.95
864.464
489.464
107.759
-165.709
-275.383
-230.843
-134.1
-78.0651
-111.59
-202.586
-322.318
-431.034
-518.678
-590.996
-596.743
-516.762
-322.318
-44.0613
328.544
740.421
1187.74
1771.07
2343.39
2575.19
2128.35
1233.72
482.759
303.64
615.421
1055.08
1262.93
940.613
82.3755
-1005.75
-1798.85
-1922.41
-1408.05
-583.812
280.651
987.548
1392.72
1461.69
1316.09
1042.62
617.337
109.195
-148.946
111.111
720.307
1235.63
1375
1115.9
543.103
-177.203
-800.287
-1120.21
-1131.23
-928.64
-593.87
-212.165
82.3755
175.766
55.5556
-231.322
-595.307
-865.9
-817.05
-353.927
289.751
747.605
778.257
433.429
-90.0383
-646.073
-1147.51
-1541.19
-1741.86
-1651.34
-1254.79
-675.766
-225.575
-122.605
-369.253
-769.636
-1101.53
-1224.14
-1047.41
-631.705
-108.238
312.739
549.808
589.559
444.923
142.241
-263.889
-620.69
-782.088
-665.709
-353.448
-26.341
92.433
-101.533
-500.479
-863.985
-1005.75
-894.636
-587.165
-182.471
240.421
636.015
942.05
1103.45
1059.39
823.276
500.479
225.096
99.6169
86.2069
155.172
194.923
130.268
-70.4023
-333.812
-525.862
-564.655
-505.747
-458.812
-426.245
-393.199
-344.828
-293.103
-192.05
34.9617
361.111
831.418
1586.21
2454.02
2931.99
2535.92
1527.78
624.521
360.632
672.893
1162.84
1420.98
1096.26
128.352
-1105.36
-1975.1
-2080.94
-1508.14
-670.019
192.05
909.962
1349.62
1440.61
1302.68
1030.17
574.234
6.70498
-267.241
68.9655
798.372
1406.61
1560.82
1251.44
580.46
-227.969
-876.437
-1135.06
-1041.19
-792.146
-477.969
-163.793
55.0766
93.8697
-102.011
-469.349
-889.847
-1154.69
-999.042
-375
426.724
942.05
908.525
435.345
-228.448
-856.801
-1352.49
-1657.09
-1733.72
-1561.78
-1129.79
-549.33
-115.421
-92.433
-479.885
-980.843
-1303.16
-1317.53
-927.682
-291.188
318.487
613.985
527.299
219.828
-85.249
-276.341
-367.816
-380.268
-347.222
-253.352
-121.169
-16.7625
-27.2989
-185.345
-488.506
-714.08
-704.023
-513.889
-226.533
46.9349
279.215
477.011
630.268
755.747
809.866
754.31
599.617
410.441
243.774
131.705
106.322
113.506
87.6437
-22.9885
-191.571
-333.333
-390.326
-377.395
-343.87
-309.866
-320.402
-391.762
-528.257
-603.448
-459.291
-38.7931
852.011
2099.14
3153.74
3220.79
2124.04
671.456
-110.632
136.973
1006.23
1863.03
2086.21
1359.2
-137.931
-1666.19
-2479.41
-2315.61
-1553.64
-606.801
345.307
1074.71
1432.47
1434.87
1193.01
708.333
-35.9195
-638.889
-520.594
366.379
1420.98
1977.49
1863.98
1202.59
271.073
-585.728
-1070.88
-1125
-942.529
-651.341
-266.762
113.027
296.935
142.72
-358.238
-1015.8
-1546.93
-1586.69
-916.667
201.149
1155.17
1417.15
976.054
206.897
-548.372
-1124.04
-1496.17
-1654.21
-1568.97
-1194.92
-577.586
-10.5364
139.847
-236.59
-886.015
-1407.57
-1533.05
-1216
-605.843
46.9349
481.801
595.307
447.318
158.046
-155.651
-422.414
-558.429
-501.437
-238.985
136.015
430.077
470.307
171.935
-361.59
-843.391
-1015.33
-834.77
-430.077
-22.5096
238.027
362.548
428.161
506.705
583.812
589.559
520.594
446.839
449.234
512.452
521.552
384.1
89.5594
-260.536
-562.261
-727.969
-740.9
-621.169
-430.077
-317.05
-398.946
-682.95
-958.812
-984.674
-564.655
498.563
2073.28
3462.16
3677.2
2469.83
750.479
-259.579
-36.3985
1027.3
2088.6
2382.18
1522.51
-154.215
-1720.31
-2430.08
-2201.15
-1553.64
-842.433
-78.5441
643.678
1109.2
1225.57
1084.77
690.134
10.5364
-561.303
-434.866
484.195
1595.31
2160.92
1984.67
1224.62
241.379
-531.609
-855.364
-783.525
-596.264
-420.977
-159.962
159.004
366.858
248.563
-275.383
-997.126
-1558.43
-1526.82
-746.169
428.161
1348.18
1539.27
1091.95
363.506
-348.659
-914.751
-1317.53
-1511.49
-1470.31
-1158.05
-626.437
-108.716
50.7663
-301.724
-987.548
-1542.62
-1629.79
-1189.66
-437.739
201.628
436.782
223.18
-166.188
-469.349
-577.107
-534.962
-402.778
-230.364
-42.6245
146.552
292.625
290.709
71.3602
-287.835
-632.663
-746.169
-609.195
-326.628
-71.8391
10.0575
-66.092
-188.218
-214.08
-37.3563
286.877
617.337
821.839
869.253
791.667
592.433
296.935
-42.1456
-293.582
-394.636
-345.785
-259.1
-211.207
-204.023
-245.211
-380.268
-638.889
-902.299
-931.034
-550.287
204.023
1275.86
2326.63
2903.26
2582.85
1529.69
458.812
52.682
478.448
1321.36
2012.93
1998.56
1119.73
-266.762
-1479.41
-2010.06
-1798.85
-1207.85
-483.716
242.816
841.954
1128.83
1001.44
584.77
63.6973
-352.011
-375.958
136.973
998.084
1720.79
1944.92
1638.89
928.161
99.6169
-574.713
-864.943
-745.211
-417.625
-48.3716
254.789
380.268
265.326
-143.199
-737.069
-1281.13
-1484.2
-1115.42
-277.778
652.299
1198.28
1151.34
683.908
72.318
-494.732
-933.908
-1209.29
-1264.85
-1105.84
-799.808
-472.222
-329.023
-490.9
-906.13
-1340.52
-1546.93
-1432.47
-996.648
-387.452
128.831
295.498
72.318
-310.824
-598.18
-647.989
-468.87
-148.467
151.341
300.766
244.253
18.6782
-280.651
-546.935
-677.203
-636.973
-443.487
-207.375
-30.1724
4.78927
-129.789
-350.575
-517.241
-461.207
-135.057
358.716
857.28
1192.05
1265.33
1035.44
589.08
103.448
-255.747
-399.425
-340.038
-233.716
-193.487
-263.889
-380.268
-546.456
-770.594
-999.042
-1081.9
-860.632
-196.36
1042.15
2555.08
3563.7
3251.92
1838.6
359.195
-151.341
439.176
1587.64
2528.26
2549.81
1420.98
-399.904
-1895.59
-2376.92
-1886.97
-1009.58
-126.916
594.828
1033.05
1074.23
849.617
507.663
-18.1992
-649.904
-858.716
-166.188
1136.02
2189.66
2400.86
1816.09
795.977
-185.345
-726.533
-681.992
-312.739
17.7203
192.529
286.877
302.682
122.126
-328.065
-955.939
-1537.84
-1760.06
-1319.92
-256.226
884.579
1376.44
991.858
170.977
-472.701
-710.728
-683.429
-620.69
-647.989
-707.375
-681.034
-554.119
-531.13
-792.146
-1233.24
-1526.82
-1445.88
-1031.61
-505.747
-118.295
-29.6935
-287.835
-729.885
-1068.97
-1104.89
-854.885
-486.59
-150.862
108.716
266.762
287.835
139.368
-171.456
-508.621
-660.92
-476.054
-38.3142
344.349
392.72
68.9655
-449.234
-872.605
-1018.68
-829.023
-383.142
146.073
599.138
879.789
996.648
943.008
723.18
400.383
134.1
59.387
161.398
288.314
273.946
44.0613
-369.732
-798.851
-1088.12
-1110.63
-885.536
-429.598
453.065
1786.4
3023.95
3225.1
2184.39
741.379
7.66284
403.736
1522.99
2629.31
2959.77
2092.91
306.992
-1418.1
-2210.25
-1901.34
-1009.1
-42.6245
742.816
1141.76
1040.71
620.69
212.165
-173.851
-653.257
-943.008
-515.805
617.816
1755.75
2169.54
1700.67
647.031
-456.897
-1028.26
-794.061
-37.8352
640.805
853.927
647.989
222.222
-273.946
-760.057
-1181.99
-1449.71
-1468.87
-1073.75
-239.464
689.655
1148.95
810.345
-60.3448
-862.069
-1161.4
-909.004
-355.843
89.5594
148.946
-148.946
-565.613
-943.966
-1301.25
-1583.81
-1622.13
-1280.17
-684.866
-92.9119
261.494
215.038
-235.153
-896.552
-1375.48
-1386.97
-952.586
-365.421
80.9387
232.28
118.295
-136.015
-397.031
-561.303
-622.126
-571.36
-341.954
62.2605
439.655
554.598
310.824
-171.935
-629.789
-839.559
-686.303
-231.801
298.372
652.778
707.854
530.172
280.651
93.8697
14.8467
70.8812
226.533
403.257
497.605
399.425
58.908
-445.881
-920.019
-1149.9
-1021.07
-587.644
232.28
1457.85
2656.61
2994.73
2089.08
659.962
-103.927
355.843
1580.94
2707.85
2993.3
2169.06
515.326
-1155.17
-2015.33
-1827.59
-1000
-59.387
743.295
1191.09
1091
551.724
0.478927
-338.123
-569.444
-617.337
-126.916
935.824
1953.54
2212.64
1579.5
450.192
-636.973
-1214.56
-1032.57
-263.889
555.556
956.897
884.579
464.08
-167.146
-826.149
-1293.58
-1417.62
-1185.34
-625
183.908
960.249
1233.72
722.222
-266.284
-1096.26
-1355.84
-1068.01
-512.931
25.8621
302.682
182.471
-236.111
-757.663
-1235.15
-1536.88
-1537.36
-1181.03
-620.69
-141.762
52.2031
-39.751
-367.337
-835.728
-1256.7
-1371.17
-1087.64
-516.762
47.4138
328.065
198.276
-251.437
-734.195
-1010.06
-952.107
-597.701
-112.069
279.693
426.245
249.521
-147.989
-511.973
-624.521
-488.027
-226.054
66.092
328.544
500
499.521
318.008
40.2299
-181.034
-210.728
-29.6935
250.958
478.448
557.471
438.697
161.398
-177.203
-447.797
-554.119
-554.598
-528.257
-469.828
-56.5134
982.759
2288.79
2857.28
2071.84
572.318
-331.418
90.9962
1462.16
2854.41
3330.46
2475.57
619.253
-1228.93
-2099.14
-1750
-719.349
295.498
968.87
1184.39
911.398
334.77
-167.146
-458.333
-670.977
-675.766
-40.2299
1210.73
2312.74
2448.28
1532.09
158.046
-939.655
-1227.97
-632.663
375.479
1116.38
1195.88
739.943
80.9387
-534.004
-978.448
-1188.22
-1136.97
-849.138
-330.939
365.421
947.797
952.107
194.444
-864.943
-1466
-1273.95
-572.318
119.732
437.739
286.877
-185.824
-696.36
-1062.74
-1252.39
-1269.64
-1093.87
-733.716
-320.881
-28.7356
-14.3678
-354.885
-965.038
-1544.06
-1705.46
-1252.87
-416.188
300.287
487.548
116.858
-495.211
-1004.31
-1191.57
-1022.03
-601.533
-97.7011
304.119
476.533
318.487
-149.904
-695.402
-1010.54
-919.54
-491.379
67.0498
512.452
680.556
502.395
66.5709
-368.774
-530.172
-328.544
72.318
416.667
526.82
402.778
139.368
-148.946
-378.352
-521.552
-522.989
-412.356
-234.195
-90.5172
151.341
815.134
1788.79
2339.56
1802.2
625
-72.7969
409.004
1651.82
2793.58
3084.77
2255.27
587.165
-1100.57
-1860.63
-1435.34
-334.77
655.172
1184.39
1185.82
683.908
-82.8544
-574.713
-534.483
-270.115
-68.0077
326.628
1158.52
2011.97
2159.48
1383.14
178.64
-767.72
-966.475
-317.529
753.352
1527.78
1481.8
707.375
-271.552
-994.732
-1256.23
-1083.33
-660.441
-225.575
93.8697
359.674
576.149
508.142
-30.6513
-818.008
-1249.52
-958.333
-179.119
522.989
672.893
192.529
-617.337
-1254.31
-1409.48
-1188.7
-846.743
-540.23
-275.383
-107.28
-156.609
-452.586
-878.352
-1237.07
-1374.52
-1226.53
-807.471
-280.172
104.885
118.295
-252.874
-744.253
-1027.78
-910.441
-499.521
-78.5441
123.084
50.2874
-184.866
-444.923
-670.977
-827.586
-830.939
-626.437
-270.115
61.3027
212.644
113.985
-122.126
-319.923
-320.881
-104.885
221.743
510.536
574.234
398.467
94.8276
-139.368
-233.238
-212.644
-171.456
-122.126
-71.3602
-17.7203
-26.341
-118.774
-201.149
-56.0345
547.414
1399.43
1964.08
1751.44
1011.02
478.927
670.977
1365.9
1988.98
2081.42
1522.03
521.073
-459.291
-897.031
-647.989
8.62069
574.234
793.582
659.962
312.261
-25.8621
-133.142
17.2414
208.333
315.613
538.314
988.985
1396.55
1367.82
853.448
201.149
-213.602
-187.261
225.575
732.28
950.192
676.724
81.8966
-479.406
-776.341
-765.805
-534.004
-221.743
-10.0575
13.8889
-29.6935
-29.2146
-46.4559
-230.843
-545.977
-715.517
-585.249
-250.479
37.3563
44.5402
-263.889
-739.464
-1081.42
-1091.48
-832.854
-520.115
-339.08
-317.529
-410.441
-560.824
-704.502
-793.582
-818.487
-786.398
-679.598
-487.548
-298.851
-245.69
-402.778
-683.429
-893.199
-878.831
-631.226
-273.946
-16.7625
-10.0575
-245.211
-580.939
-841.475
-905.651
-742.337
-422.414
-106.322
40.7088
-6.70498
-135.536
-200.67
-173.372
-72.318
79.023
275.383
447.797
497.605
398.467
215.038
28.2567
-108.238
-170.977
-166.188
-88.6015
31.1303
79.9808
-40.7088
-302.682
-511.015
-447.318
127.395
1209.77
2249.04
2442.05
1564.66
441.571
90.5172
783.046
1906.13
2708.33
2640.33
1600.57
28.7356
-1193.49
-1356.8
-568.487
452.586
1077.11
1209.77
918.103
314.655
-321.839
-603.448
-462.165
-141.762
261.973
856.322
1441.57
1514.37
889.368
-29.2146
-670.977
-722.222
-173.851
689.176
1334.77
1315.13
640.326
-258.621
-927.682
-1161.88
-954.981
-471.743
-0.957854
196.36
111.59
-55.0766
-225.096
-506.226
-873.084
-1034
-779.693
-281.609
88.1226
100.096
-264.368
-844.349
-1300.29
-1314.66
-905.651
-361.59
37.8352
150.862
-26.8199
-440.134
-899.425
-1150.38
-1029.69
-624.042
-188.697
32.0881
-68.9655
-434.866
-906.609
-1227.49
-1212.64
-845.785
-277.778
258.621
502.395
328.065
-156.13
-681.513
-951.628
-871.169
-503.352
-37.3563
308.908
372.126
139.847
-232.28
-514.368
-541.188
-300.766
128.831
577.586
829.023
715.517
299.33
-178.64
-447.797
-403.257
-150.383
125
269.157
227.969
53.6398
-179.598
-400.862
-534.483
-420.977
242.337
1409.48
2371.65
2266.76
1147.03
50.2874
-49.8084
854.885
2019.64
2672.89
2345.31
1098.66
-445.881
-1389.85
-1273.47
-376.916
619.732
1250.48
1362.07
908.046
95.7854
-554.598
-635.536
-298.372
90.5172
488.506
1009.1
1412.84
1271.55
538.314
-340.038
-835.728
-650.862
138.889
1081.42
1562.26
1235.63
336.686
-561.303
-1039.27
-987.069
-523.946
58.4291
414.751
352.969
38.3142
-238.027
-412.356
-586.207
-709.291
-595.785
-254.789
19.636
-9.09962
-362.069
-901.82
-1391.76
-1540.71
-1237.07
-687.261
-226.054
-54.5977
-128.831
-363.985
-659.004
-920.019
-989.943
-780.172
-373.084
11.4943
134.579
-127.874
-703.065
-1271.55
-1488.51
-1207.38
-607.759
-25.3831
280.651
227.011
-124.521
-573.276
-875
-840.996
-500.958
-43.1034
300.287
372.605
171.456
-169.061
-431.513
-459.291
-227.969
159.483
550.287
783.046
750.958
423.372
-48.3716
-411.877
-468.391
-228.927
108.716
312.739
249.521
-36.3985
-342.433
-472.222
-328.065
24.9042
571.839
1326.15
1994.25
2051.25
1278.26
335.249
100.575
818.966
1920.5
2609.67
2392.72
1272.03
-224.138
-1274.43
-1324.71
-528.736
474.138
1089.08
1170.98
770.594
34.9617
-643.678
-808.429
-379.31
235.632
691.092
992.816
1129.79
937.739
353.927
-311.303
-609.195
-340.996
360.632
1100.57
1423.85
1074.71
232.759
-595.785
-976.054
-846.743
-384.1
150.383
502.874
449.234
-7.66284
-514.368
-741.379
-656.609
-444.923
-181.992
105.364
231.801
-4.31034
-561.782
-1159.48
-1472.22
-1333.33
-845.785
-352.969
-167.625
-293.582
-556.034
-806.992
-985.632
-1025.38
-852.49
-474.617
-68.4866
98.659
-132.184
-635.536
-1112.07
-1301.72
-1092.43
-594.349
-60.3448
210.249
111.59
-234.674
-581.897
-710.728
-560.345
-241.379
44.5402
157.088
91.954
-69.9234
-259.1
-419.54
-495.69
-387.931
-76.6284
297.414
529.693
488.027
243.774
-22.0307
-130.747
-30.1724
196.839
393.678
426.245
261.973
-34.4828
-321.839
-431.992
-297.414
-13.8889
269.636
482.759
663.314
883.142
1119.73
1209.77
1026.82
746.648
762.931
1211.21
1753.35
1881.23
1407.57
580.939
-155.651
-480.364
-337.644
93.8697
520.594
701.149
570.402
223.18
-161.877
-384.1
-284.962
113.985
569.923
819.444
800.287
628.831
398.946
134.579
-57.9502
1.43678
344.349
754.31
952.107
796.935
347.701
-169.061
-480.843
-481.801
-261.973
6.70498
194.923
219.828
24.9042
-350.575
-684.387
-707.375
-390.805
9.57854
193.487
80.4598
-215.038
-549.33
-829.023
-989.943
-970.785
-763.889
-486.111
-336.207
-428.161
-685.345
-902.778
-943.487
-815.134
-622.605
-459.77
-348.659
-303.64
-358.238
-530.651
-737.548
-833.333
-749.521
-530.651
-299.33
-175.287
-203.544
-330.939
-447.797
-464.08
-364.943
-226.054
-148.946
-181.992
-284.483
-377.395
-392.241
-330.46
-243.774
-191.092
-154.693
-59.387
80.4598
173.851
154.215
93.3908
113.027
218.391
305.556
284.004
188.218
93.8697
19.1571
-57.9502
-129.789
-184.387
-187.261
-150.862
-101.054
-40.2299
115.421
544.54
1141.76
1464.56
1164.27
589.08
478.448
1090.52
1897.51
2210.73
1816.09
981.801
154.215
-294.061
-227.011
154.215
554.598
734.195
652.299
344.828
-125
-507.184
-498.084
-50.7663
506.705
804.119
805.077
625.958
301.245
-90.9962
-300.287
-80.9387
475.096
988.506
1138.89
851.054
301.724
-214.559
-453.065
-344.828
-57.4713
235.632
430.556
431.992
127.395
-420.019
-845.307
-801.245
-320.881
190.613
384.1
225.096
-146.073
-584.77
-938.218
-1064.18
-885.057
-477.011
-78.0651
51.7241
-228.927
-757.663
-1169.06
-1204.98
-926.724
-610.153
-458.812
-479.406
-589.08
-758.621
-965.517
-1093.87
-1009.1
-704.023
-340.517
-125.479
-139.847
-306.034
-460.728
-473.659
-340.517
-169.54
-69.9234
-97.7011
-238.027
-426.724
-549.808
-522.989
-369.732
-213.602
-160.92
-197.318
-215.517
-148.467
-38.7931
39.751
85.249
142.72
229.885
304.598
292.625
172.893
9.57854
-60.8238
-0.478927
106.801
129.789
35.4406
-87.6437
-132.184
-41.6667
263.889
768.678
1184.87
1147.99
704.981
421.935
729.406
1437.26
1982.28
1990.42
1460.25
692.05
115.421
12.4521
301.245
642.241
783.046
717.433
528.736
204.502
-209.77
-478.927
-341.954
152.778
631.226
784.962
593.87
201.628
-200.192
-394.157
-215.038
284.004
816.092
1091.48
990.9
590.038
91.954
-245.211
-249.042
11.0153
301.724
424.33
334.77
79.023
-273.467
-569.923
-617.337
-376.916
-21.0728
224.617
237.069
22.5096
-343.391
-701.628
-877.395
-799.33
-530.172
-232.759
-105.364
-260.057
-623.084
-954.502
-1042.62
-866.379
-599.617
-463.602
-548.372
-750.958
-918.103
-1011.97
-1034.96
-963.123
-797.414
-602.49
-444.923
-359.674
-368.774
-439.655
-462.644
-354.406
-144.157
33.5249
54.1188
-103.927
-329.502
-458.812
-404.693
-232.28
-95.7854
-100.096
-224.617
-329.023
-309.866
-177.203
-34.9617
29.2146
38.3142
57.4713
81.4176
56.5134
-45.4981
-149.904
-145.115
-11.9732
124.521
118.774
-21.0728
-164.272
-159.483
67.0498
527.778
1054.12
1303.64
1036.4
507.184
278.736
627.874
1301.25
1793.58
1794.06
1293.1
575.67
55.0766
-0.478927
308.429
663.314
851.054
830.46
634.1
301.724
-61.3027
-241.858
-88.6015
313.218
674.33
750.479
527.299
140.326
-206.897
-342.433
-190.134
173.851
556.034
772.989
734.195
473.659
130.747
-76.1494
-10.0575
261.494
518.199
578.065
375.479
0.957854
-325.67
-396.073
-207.375
23.4674
124.042
90.0383
-10.5364
-164.751
-370.69
-577.107
-703.544
-687.261
-530.172
-327.107
-243.295
-390.805
-706.418
-954.023
-941.571
-679.598
-386.494
-296.456
-460.728
-739.464
-935.345
-966.475
-871.648
-772.031
-746.169
-767.72
-768.199
-707.854
-625.958
-558.429
-482.759
-371.648
-229.885
-111.111
-103.927
-227.011
-389.847
-440.613
-316.571
-113.506
7.66284
-40.2299
-214.08
-370.69
-375.479
-211.686
15.3257
150.383
139.368
42.1456
-56.5134
-116.858
-122.605
-62.2605
38.3142
105.364
62.2605
-63.2184
-188.697
-208.333
-64.1762
288.314
803.161
1210.73
1224.62
848.18
510.536
573.276
983.238
1403.26
1594.83
1504.31
1144.64
639.847
231.322
126.437
315.613
644.157
891.762
910.441
651.341
240.421
-59.387
-71.3602
165.23
428.64
527.778
423.851
204.023
-22.5096
-164.751
-173.372
-42.6245
163.793
365.421
503.352
508.621
355.364
127.395
11.4943
102.969
325.67
500
479.406
215.996
-154.693
-382.184
-315.613
-85.249
42.1456
-7.66284
-106.322
-137.452
-167.146
-272.031
-424.808
-526.341
-522.51
-474.138
-480.843
-567.529
-653.736
-677.682
-666.667
-666.188
-684.866
-708.812
-714.559
-693.487
-660.92
-647.51
-655.172
-668.103
-694.923
-747.605
-797.414
-804.598
-766.284
-702.586
-623.084
-532.088
-463.123
-419.54
-375.479
-295.498
-197.797
-141.762
-150.383
-212.644
-263.41
-266.762
-218.87
-139.847
-75.6705
-42.6245
-20.1149
22.0307
61.7816
36.8774
-44.5402
-89.0805
-24.4253
114.943
231.322
254.789
183.429
48.8506
-73.2759
-105.364
-19.636
176.245
450.192
787.835
1064.66
1111.59
912.356
704.981
749.042
1020.11
1309.87
1444.44
1388.89
1136.49
768.199
439.655
301.724
374.521
561.782
730.364
737.069
565.134
315.134
151.341
171.935
331.897
480.843
492.816
371.648
208.333
66.092
-32.0881
-83.8123
-64.1762
34.9617
175.766
298.851
325.192
206.418
3.83142
-130.268
-101.533
41.6667
190.134
241.379
126.916
-112.069
-323.276
-358.238
-251.437
-157.088
-156.13
-209.77
-246.169
-275.383
-342.433
-455.939
-521.552
-485.153
-422.893
-473.659
-640.326
-751.437
-687.261
-516.284
-425.287
-481.322
-629.31
-738.027
-746.648
-692.529
-647.031
-632.663
-612.069
-581.418
-576.628
-646.073
-742.816
-768.678
-653.736
-471.743
-358.716
-381.226
-478.448
-523.467
-458.333
-323.276
-216.475
-181.513
-199.234
-215.517
-203.065
-195.402
-210.728
-209.291
-127.874
41.1877
218.391
306.992
253.352
106.322
-35.4406
-55.5556
64.6552
242.337
345.307
288.793
136.973
-11.9732
-58.908
-21.0728
62.2605
170.019
396.073
778.257
1068.49
1009.58
698.755
573.276
817.529
1221.26
1456.42
1454.98
1254.31
940.613
659.962
523.467
544.061
614.464
692.05
700.192
599.138
380.747
156.13
87.1648
253.831
528.736
646.073
494.253
218.87
41.6667
-12.4521
-18.1992
-15.3257
42.6245
142.72
222.701
249.521
197.318
63.6973
-68.9655
-86.2069
6.70498
124.042
200.192
183.429
19.1571
-218.391
-360.632
-333.812
-239.943
-192.05
-194.444
-230.364
-283.525
-330.46
-354.406
-368.295
-368.774
-371.169
-417.146
-515.326
-597.222
-622.126
-612.548
-601.533
-608.716
-654.215
-747.126
-817.529
-818.966
-775.383
-741.858
-724.617
-703.544
-690.134
-700.192
-727.969
-742.337
-716.954
-641.284
-533.525
-445.881
-413.314
-418.103
-423.851
-396.073
-349.138
-310.824
-292.146
-273.946
-238.985
-186.782
-140.326
-127.395
-134.1
-105.364
-4.78927
123.563
199.234
194.444
162.835
142.72
141.284
160.441
194.923
237.069
263.41
251.916
215.517
185.824
184.866
208.812
300.287
534.483
794.54
856.801
697.318
591.475
724.138
938.218
1045.02
1059.87
1082.38
1070.4
958.812
804.598
706.418
703.544
775.383
849.617
839.559
714.559
511.494
358.238
362.069
497.605
592.912
526.82
389.368
300.287
247.605
143.199
15.8046
-17.2414
47.4138
125.479
167.146
143.678
34.4828
-103.927
-150.862
-84.7701
-11.4943
42.1456
80.4598
52.682
-68.9655
-216.954
-295.498
-300.766
-255.268
-193.008
-162.835
-209.77
-327.107
-455.46
-533.046
-530.172
-452.586
-377.874
-379.789
-453.065
-556.034
-648.946
-710.728
-693.008
-616.858
-571.839
-602.011
-671.935
-738.027
-801.245
-858.716
-875
-814.655
-707.854
-626.916
-635.536
-710.249
-790.709
-791.188
-681.034
-519.636
-378.352
-304.598
-291.188
-310.824
-344.349
-375
-380.268
-323.755
-193.966
-67.5287
-26.8199
-77.5862
-142.241
-143.199
-77.1073
35.9195
158.525
263.889
325.67
329.502
277.299
208.333
196.839
275.862
383.621
439.176
420.498
356.801
290.709
256.705
269.157
305.077
348.659
413.314
505.747
576.149
579.981
547.414
560.345
637.452
728.448
789.272
812.739
815.134
779.215
698.755
603.927
568.008
617.816
695.402
728.927
718.391
692.05
651.82
621.648
630.747
654.215
627.395
536.398
430.556
347.222
257.663
165.23
118.774
122.126
116.379
76.1494
50.2874
49.8084
36.8774
-3.83142
-46.9349
-95.7854
-149.425
-183.908
-185.345
-185.345
-202.107
-221.264
-237.069
-244.253
-249.521
-263.889
-295.019
-320.881
-329.023
-335.728
-354.406
-385.057
-423.372
-474.617
-531.609
-573.755
-590.996
-591.475
-589.559
-602.011
-635.536
-676.245
-699.234
-702.586
-702.107
-706.897
-720.307
-753.352
-803.161
-829.023
-808.429
-771.552
-736.111
-680.077
-593.391
-507.663
-469.349
-463.123
-456.418
-430.556
-385.536
-331.418
-274.904
-229.885
-202.107
-175.287
-130.268
-69.9234
-6.70498
59.8659
136.494
212.165
264.368
279.215
275.383
279.693
296.935
318.966
335.728
340.996
333.812
316.092
297.414
281.609
277.778
294.061
318.966
336.686
339.559
353.448
399.904
461.686
504.31
512.452
524.425
569.923
620.69
643.678
644.636
645.115
635.057
618.295
630.268
662.835
673.372
666.188
696.839
753.831
754.789
708.333
692.05
698.755
662.356
589.559
529.693
474.138
391.284
300.287
240.421
194.444
125.958
62.7395
47.4138
48.8506
13.41
-48.3716
-88.6015
-114.943
-150.862
-180.556
-177.682
-159.962
-161.398
-178.64
-196.36
-219.349
-244.253
-259.1
-272.989
-298.372
-330.46
-351.054
-364.943
-392.241
-438.697
-474.617
-473.659
-442.529
-420.977
-437.261
-483.716
-530.651
-553.64
-566.092
-577.107
-590.517
-625.479
-689.176
-762.452
-818.008
-851.533
-870.69
-859.674
-795.977
-708.333
-647.031
-610.153
-565.134
-511.015
-460.728
-410.441
-365.421
-339.559
-327.586
-307.471
-268.678
-226.533
-184.866
-123.563
-45.4981
24.4253
82.8544
135.057
175.766
196.839
217.433
260.057
321.839
379.31
406.13
397.989
362.069
312.739
278.736
274.425
289.751
292.625
274.425
252.874
241.379
241.379
263.41
324.234
397.989
431.513
424.33
424.808
443.966
455.46
456.897
479.406
516.762
524.904
495.69
488.027
524.904
556.034
569.923
613.985
677.203
694.444
667.625
665.23
689.655
681.992
634.579
590.517
548.372
475.096
395.594
351.054
318.966
249.521
161.398
119.732
107.28
61.3027
-3.83142
-36.8774
-51.7241
-89.0805
-122.605
-120.69
-116.379
-138.889
-164.272
-170.498
-180.556
-215.996
-262.452
-295.019
-316.092
-343.87
-386.973
-431.034
-462.165
-474.138
-466.954
-450.67
-441.092
-445.402
-459.77
-472.222
-481.801
-491.379
-512.452
-552.682
-594.349
-634.579
-683.908
-740.9
-792.625
-819.444
-820.881
-795.019
-740.9
-670.977
-607.28
-554.598
-499.521
-435.824
-374.042
-328.065
-295.498
-270.115
-252.874
-233.716
-204.023
-162.835
-113.027
-62.2605
-4.31034
49.3295
93.3908
130.268
161.398
194.923
228.927
267.241
306.034
332.854
347.701
350.096
340.996
326.628
310.824
296.456
281.13
271.552
270.115
266.284
256.705
247.126
260.536
293.582
319.444
331.897
347.222
373.084
394.636
400.862
415.709
448.755
466.954
447.318
427.203
442.05
470.307
482.759
498.084
531.13
551.724
545.498
555.077
601.533
638.41
617.816
566.571
530.651
500.958
454.023
403.257
371.169
336.686
276.82
215.517
169.54
121.648
70.4023
40.7088
30.6513
3.35249
-45.977
-82.3755
-90.0383
-91.4751
-106.322
-129.789
-155.651
-187.261
-220.785
-254.31
-286.877
-317.529
-341.475
-356.322
-374.042
-406.609
-443.487
-464.08
-469.828
-480.843
-502.874
-523.946
-531.13
-531.13
-552.203
-594.828
-629.789
-647.989
-668.582
-702.107
-733.238
-752.874
-764.847
-766.284
-746.169
-706.418
-657.567
-602.969
-539.272
-472.701
-422.414
-393.678
-368.774
-334.291
-292.625
-251.437
-205.939
-150.862
-99.1379
-55.5556
-7.66284
45.0192
90.5172
129.789
172.414
215.517
248.563
277.299
319.923
364.464
393.678
409.962
413.314
404.693
385.057
370.69
367.816
358.238
340.996
334.291
328.544
306.034
269.157
252.874
273.467
297.893
298.372
286.398
288.793
308.908
328.065
343.87
376.437
416.667
429.119
420.498
432.95
469.349
481.322
468.391
483.238
521.073
537.356
539.272
565.613
603.448
596.264
541.188
491.379
463.123
425.287
377.395
359.674
353.448
302.203
219.828
162.356
127.874
76.6284
13.41
-36.8774
-79.023
-121.648
-153.736
-163.793
-166.188
-178.64
-204.023
-234.195
-260.057
-279.215
-288.314
-292.146
-301.245
-319.444
-340.517
-354.885
-365.421
-371.648
-381.226
-403.736
-427.682
-440.134
-445.402
-460.249
-490.421
-521.073
-540.709
-549.33
-562.261
-587.644
-616.858
-638.41
-655.651
-668.103
-675.287
-670.019
-647.51
-617.816
-585.728
-552.203
-521.552
-492.816
-455.939
-408.525
-369.732
-343.391
-309.387
-255.747
-198.276
-149.904
-101.533
-52.682
-18.1992
12.4521
63.6973
129.31
179.119
210.249
247.605
293.103
325.192
344.828
360.153
368.774
364.464
363.027
367.816
364.464
343.87
310.824
288.793
287.835
293.582
290.709
297.414
325.192
353.927
353.927
337.644
339.08
369.253
397.989
418.103
449.234
480.364
480.364
456.418
465.996
504.789
513.41
490.421
493.295
532.567
555.556
544.54
542.146
567.529
577.586
545.019
503.352
472.222
426.245
372.126
351.054
337.644
278.257
202.586
159.004
125
71.8391
12.4521
-32.0881
-68.9655
-97.7011
-113.506
-123.563
-130.747
-147.031
-174.808
-200.192
-219.349
-238.985
-259.1
-278.257
-300.287
-324.234
-338.602
-351.054
-366.379
-368.295
-367.816
-386.494
-415.709
-438.697
-461.207
-490.9
-517.72
-540.709
-574.234
-613.506
-648.467
-672.893
-696.36
-725.575
-738.985
-728.448
-715.038
-708.812
-693.487
-670.019
-648.946
-620.211
-574.234
-513.889
-463.123
-431.513
-398.467
-360.632
-315.613
-263.889
-205.46
-147.031
-101.533
-67.5287
-24.9042
32.0881
91.4751
133.621
163.793
191.092
217.433
243.774
264.847
281.13
300.766
325.192
344.828
348.659
341.954
333.333
325.192
315.613
307.471
307.471
308.429
304.119
309.866
338.602
374.521
393.199
395.115
399.425
423.851
457.854
490.421
522.51
545.977
552.682
545.498
551.724
574.234
584.77
572.797
564.655
570.402
567.05
554.119
559.866
578.544
571.839
537.356
502.395
476.533
441.571
397.51
360.632
327.107
271.552
206.897
162.356
129.31
88.1226
46.4559
16.2835
-14.8467
-53.1609
-84.7701
-97.7011
-109.195
-130.268
-151.341
-167.625
-191.571
-218.391
-231.322
-232.759
-243.774
-269.636
-285.441
-287.356
-289.751
-297.893
-309.387
-325.192
-355.843
-397.989
-442.05
-487.069
-535.441
-584.291
-629.789
-667.146
-700.192
-736.111
-771.073
-791.667
-796.935
-795.977
-791.667
-781.609
-762.452
-738.027
-710.249
-676.245
-636.973
-600.575
-571.839
-541.667
-503.831
-460.728
-416.667
-368.774
-318.008
-265.805
-214.08
-160.441
-102.011
-46.9349
4.78927
51.7241
89.5594
120.211
154.693
188.218
215.517
239.464
258.621
273.467
288.314
299.808
307.471
314.176
318.487
325.67
341.475
357.759
361.59
358.238
372.605
413.793
457.854
479.406
487.548
500.479
524.425
557.471
592.912
619.732
628.352
623.084
623.084
643.199
659.962
653.257
640.326
636.015
629.789
614.943
597.222
583.812
571.839
555.556
533.525
507.663
481.322
454.023
436.303
426.724
403.257
355.364
300.287
255.747
217.912
176.245
132.663
86.6858
37.3563
-2.39464
-27.2989
-45.0192
-66.5709
-99.6169
-131.226
-147.989
-159.004
-175.287
-193.008
-208.333
-226.054
-243.295
-258.142
-273.467
-296.456
-324.713
-351.054
-377.395
-409.483
-457.854
-516.284
-566.092
-606.322
-648.946
-697.318
-753.831
-806.992
-848.659
-873.084
-882.663
-885.536
-886.494
-885.057
-877.874
-857.28
-820.402
-780.651
-743.295
-708.333
-666.667
-618.774
-569.444
-520.115
-475.096
-433.908
-391.762
-344.349
-292.146
-237.548
-185.345
-133.142
-80.9387
-35.4406
8.14176
48.3716
86.2069
124.521
159.962
187.261
204.502
220.307
242.337
270.115
297.414
318.487
330.46
340.038
355.843
376.437
394.636
403.257
408.525
423.851
450.192
473.18
482.28
491.858
507.663
531.609
557.95
585.249
609.674
636.015
657.088
673.851
693.487
707.375
707.375
698.755
699.234
705.939
707.854
693.487
669.54
651.82
639.847
619.732
589.08
560.345
530.172
488.985
442.529
401.341
356.801
301.724
246.648
206.418
169.061
123.084
79.9808
45.4981
20.5939
-3.35249
-25.8621
-41.6667
-59.387
-85.728
-116.858
-146.073
-174.808
-205.46
-234.674
-253.352
-263.41
-274.425
-288.793
-307.471
-329.981
-363.985
-409.004
-454.023
-493.774
-536.398
-584.291
-636.973
-695.402
-748.084
-794.54
-836.686
-877.874
-906.13
-920.019
-923.851
-918.582
-906.609
-886.973
-863.027
-827.586
-782.088
-735.632
-693.487
-651.341
-604.406
-555.556
-506.226
-460.249
-420.977
-380.747
-333.333
-279.215
-226.533
-182.95
-145.594
-112.548
-74.2337
-28.2567
14.3678
48.8506
83.3333
121.648
159.483
194.444
231.322
264.368
291.188
316.571
342.433
362.548
375.958
387.452
401.341
415.23
429.119
439.655
442.529
441.571
455.46
488.027
522.51
541.667
553.64
570.881
596.743
624.521
649.425
670.498
681.513
684.866
684.387
686.303
684.866
668.103
644.157
625.479
613.027
601.054
583.812
567.529
551.724
535.92
511.494
478.448
434.866
388.41
348.18
315.134
282.567
238.027
187.739
142.241
102.969
65.613
32.0881
-2.87356
-37.8352
-71.8391
-95.3065
-112.069
-129.789
-152.299
-172.414
-186.782
-203.065
-220.307
-234.195
-250.479
-271.073
-291.188
-312.739
-337.165
-368.295
-398.946
-426.724
-460.249
-504.31
-554.119
-603.448
-648.467
-682.471
-709.77
-734.674
-755.747
-772.031
-781.13
-781.13
-776.341
-764.847
-750.958
-728.448
-698.755
-666.188
-631.226
-596.264
-560.345
-525.862
-491.858
-459.77
-423.372
-385.057
-347.701
-309.866
-269.636
-229.885
-192.05
-157.567
-121.169
-80.4598
-39.751
-3.35249
30.1724
67.0498
107.759
149.904
193.966
235.153
266.762
292.146
314.655
338.123
355.364
368.295
381.705
397.989
412.835
422.893
428.64
435.824
445.881
458.333
468.87
475.575
476.054
474.138
481.322
498.563
514.368
517.72
517.241
520.115
524.904
531.609
535.92
537.356
533.046
524.425
513.889
503.831
498.084
494.732
492.816
489.464
476.054
452.107
428.161
412.356
394.636
369.253
326.628
275.862
228.448
187.739
150.383
113.985
78.5441
42.6245
5.74713
-33.5249
-65.1341
-90.0383
-114.464
-139.847
-167.625
-189.655
-205.46
-216.954
-219.349
-223.659
-236.111
-253.831
-275.383
-292.625
-306.034
-329.981
-357.28
-382.663
-411.877
-444.444
-475.575
-503.831
-530.651
-557.471
-582.854
-601.533
-615.9
-625.958
-632.184
-632.184
-628.831
-629.789
-627.395
-615.9
-600.575
-583.333
-559.866
-535.441
-510.536
-482.759
-451.628
-416.667
-380.268
-349.138
-317.529
-282.088
-244.732
-211.207
-179.119
-142.241
-108.238
-77.5862
-44.5402
-12.4521
17.7203
49.8084
82.8544
119.253
155.651
184.866
212.165
241.379
270.594
299.808
324.713
340.517
351.054
361.111
372.126
381.705
388.41
394.157
399.904
403.736
405.172
404.215
403.736
402.299
399.904
401.82
403.257
403.257
409.004
418.103
422.414
421.935
422.893
426.245
430.556
437.739
446.839
449.713
446.839
443.487
441.571
437.261
426.245
409.962
395.594
373.084
339.559
310.345
286.398
255.268
219.828
188.697
159.483
126.437
91.4751
60.3448
36.3985
13.41
-10.0575
-29.6935
-43.5824
-59.387
-79.9808
-97.2222
-111.59
-128.831
-149.425
-163.793
-173.851
-188.697
-210.728
-234.195
-264.847
-303.161
-338.123
-366.858
-391.762
-416.188
-438.218
-456.897
-473.659
-491.858
-506.705
-515.805
-521.552
-524.904
-527.299
-528.257
-531.13
-529.693
-524.425
-519.636
-519.157
-516.762
-508.621
-498.084
-488.985
-473.659
-451.149
-427.682
-403.257
-377.395
-349.138
-321.839
-295.019
-267.241
-235.632
-199.713
-164.272
-129.31
-91.4751
-52.2031
-15.8046
17.7203
53.1609
86.6858
117.337
149.904
181.992
215.517
246.648
275.383
298.372
316.092
328.065
340.517
351.054
358.238
365.421
373.084
381.705
386.015
386.494
386.015
384.1
380.268
378.352
377.874
380.268
385.536
394.157
403.257
409.483
412.356
411.877
408.525
406.13
403.736
403.736
405.651
404.215
397.51
386.973
373.084
356.322
337.165
315.613
295.019
273.946
254.789
237.548
219.828
197.318
170.019
139.847
111.59
83.8123
55.0766
27.7778
4.31034
-15.8046
-34.9617
-50.7663
-69.4444
-90.9962
-113.027
-133.142
-150.862
-166.667
-181.992
-198.755
-218.87
-240.421
-262.452
-286.877
-310.824
-332.854
-355.843
-375.479
-390.805
-399.904
-404.215
-408.525
-412.356
-415.23
-417.146
-419.54
-421.935
-423.372
-422.893
-414.751
-405.172
-396.073
-388.41
-379.31
-368.295
-357.28
-349.138
-341.475
-333.333
-322.318
-308.429
-290.709
-271.552
-251.437
-231.322
-212.165
-190.134
-165.709
-138.889
-110.153
-79.9808
-46.4559
-11.4943
19.1571
47.4138
69.9234
91.4751
113.506
133.142
152.299
171.935
188.697
200.192
211.207
223.659
235.632
247.605
258.142
268.199
278.257
287.356
296.456
305.556
311.782
315.613
321.36
325.192
327.586
329.023
327.586
323.755
318.008
310.824
304.119
295.498
286.877
280.651
274.425
270.115
270.594
270.115
268.678
265.805
259.579
255.747
250.479
244.253
236.59
228.448
218.391
206.418
192.529
177.682
161.877
141.762
120.211
96.7433
72.318
46.4559
17.7203
-8.62069
-31.1303
-50.2874
-67.0498
-84.2912
-100.096
-112.548
-121.648
-131.226
-142.72
-154.215
-167.625
-184.866
-207.854
-231.322
-255.268
-278.736
-302.203
-324.234
-341.475
-353.448
-359.674
-359.674
-354.406
-345.307
-336.207
-327.586
-319.923
-314.176
-309.387
-303.161
-293.582
-282.567
-271.552
-257.663
-243.295
-230.364
-218.87
-210.249
-204.502
-197.797
-191.092
-182.471
-174.33
-166.188
-156.609
-146.552
-134.579
-115.9
-94.3487
-71.3602
-45.4981
-15.3257
16.7625
48.3716
77.1073
101.533
123.563
142.72
157.567
168.582
171.456
170.019
170.977
175.287
181.513
191.092
200.192
207.375
216.475
229.406
242.337
253.352
261.494
265.326
265.326
262.931
261.015
261.015
259.579
252.874
244.732
236.111
226.533
215.996
208.333
198.755
186.782
176.724
167.146
156.13
147.51
145.115
144.636
146.552
150.383
155.651
158.046
154.693
151.341
145.594
135.057
119.253
99.1379
75.6705
50.2874
25.3831
-1.43678
-31.6092
-65.1341
-99.6169
-123.563
-137.931
-148.946
-157.567
-162.835
-165.709
-167.146
-168.582
-166.188
-163.793
-161.877
-161.877
-169.54
-180.077
-193.008
-210.728
-227.49
-243.774
-261.973
-279.215
-290.709
-292.625
-286.398
-279.215
-268.199
-248.563
-227.011
-210.728
-193.008
-170.977
-147.989
-126.437
-103.448
-86.2069
-76.6284
-69.4444
-66.5709
-68.9655
-68.0077
-65.613
-67.0498
-68.0077
-70.8812
-73.2759
-74.2337
-72.7969
-67.0498
-55.5556
-37.3563
-18.6782
2.87356
28.7356
55.0766
79.5019
101.054
121.648
137.452
149.425
160.92
170.498
172.414
169.54
166.188
159.004
150.862
143.199
136.494
133.142
134.1
140.326
150.383
160.92
170.019
177.203
186.303
197.318
206.418
210.249
209.291
203.544
193.487
181.992
172.414
161.398
144.636
128.352
114.943
102.969
94.8276
87.1648
81.4176
78.0651
76.6284
77.1073
77.5862
77.5862
77.1073
77.5862
75.6705
73.2759
69.4444
63.6973
53.6398
43.1034
34.0038
24.9042
15.8046
-1.91571
-25.3831
-48.8506
-73.2759
-92.433
-105.364
-114.943
-125
-137.931
-148.467
-153.736
-155.651
-153.736
-152.299
-154.693
-159.004
-164.272
-170.019
-177.682
-187.739
-198.755
-210.728
-220.785
-227.969
-231.801
-230.843
-227.969
-222.701
-216.475
-208.812
-197.318
-186.303
-173.851
-162.356
-150.862
-140.805
-128.352
-117.337
-105.843
-93.8697
-82.8544
-72.318
-63.2184
-54.5977
-47.4138
-41.6667
-36.3985
-33.046
-29.6935
-23.9464
-15.8046
-6.70498
6.22605
21.0728
36.3985
52.682
69.4444
88.1226
107.28
126.916
143.678
159.004
171.456
179.119
183.908
187.261
187.739
187.739
186.782
183.908
181.513
177.682
175.287
173.851
170.019
167.146
161.877
155.651
152.299
148.467
143.199
137.452
129.31
121.648
115.9
111.59
106.801
102.49
96.7433
88.6015
80.4598
74.7126
69.4444
65.613
61.7816
59.387
56.9923
55.5556
56.5134
54.5977
52.682
51.2452
48.3716
44.5402
40.2299
33.5249
27.7778
21.0728
10.0575
-1.43678
-11.4943
-22.9885
-36.8774
-50.7663
-63.2184
-74.7126
-86.2069
-96.7433
-107.28
-119.732
-131.705
-140.805
-145.115
-147.031
-148.467
-148.946
-152.299
-154.215
-153.736
-150.383
-146.073
-144.636
-147.031
-146.552
-145.115
-141.284
-137.452
-135.057
-130.268
-126.916
-123.084
-115.9
-107.28
-97.7011
-89.0805
-82.3755
-75.6705
-68.4866
-59.387
-52.2031
-45.0192
-38.3142
-34.0038
-30.6513
-26.8199
-21.0728
-12.931
-3.83142
2.87356
4.31034
2.87356
3.83142
7.18391
11.0153
13.8889
17.7203
21.5517
24.4253
24.9042
24.9042
28.2567
34.9617
43.5824
54.5977
68.4866
79.5019
84.7701
85.728
85.728
84.2912
82.8544
80.9387
77.1073
73.2759
69.9234
65.613
61.3027
59.387
59.387
63.2184
65.613
65.1341
64.1762
61.7816
58.908
54.5977
49.8084
46.9349
44.0613
44.0613
44.5402
44.5402
44.5402
43.1034
39.751
40.7088
45.4981
49.3295
49.3295
44.5402
39.751
37.8352
36.8774
36.8774
35.9195
34.9617
35.9195
38.7931
41.6667
41.1877
37.8352
36.3985
35.4406
31.1303
25.8621
17.7203
9.09962
1.43678
-4.31034
-9.57854
-14.3678
-17.7203
-20.5939
-20.1149
-17.2414
-17.7203
-21.5517
-23.9464
-24.9042
-23.9464
-22.9885
-26.341
-32.0881
-34.4828
-35.9195
-36.3985
-37.8352
-39.751
-41.1877
-40.7088
-41.6667
-44.5402
-47.4138
-49.3295
-51.2452
-52.2031
-51.7241
-49.8084
-48.3716
-47.4138
-44.5402
-41.6667
-40.2299
-40.7088
-39.751
-36.3985
-31.6092
-26.341
-22.9885
-23.9464
-26.8199
-30.6513
-34.0038
-32.0881
-27.2989
-22.0307
-17.7203
-13.8889
-10.0575
-8.14176
-5.2682
-2.87356
-2.87356
0.478927
4.78927
8.62069
11.9732
11.9732
14.3678
16.7625
19.636
23.4674
22.9885
18.6782
12.931
6.70498
4.78927
2.39464
-1.43678
-4.31034
-8.14176
-10.5364
-9.57854
-8.62069
-6.70498
-8.62069
-10.0575
-11.0153
-14.3678
-16.2835
-17.2414
-16.2835
-16.7625
-18.1992
-18.6782
-18.1992
-12.931
-7.18391
-3.83142
-2.87356
-3.83142
-4.31034
-0.478927
8.14176
19.1571
28.7356
35.4406
40.7088
46.9349
52.682
58.4291
63.2184
65.1341
66.5709
63.2184
57.4713
50.2874
44.5402
43.5824
42.1456
41.1877
37.3563
32.567
28.7356
24.4253
22.5096
20.5939
18.6782
16.2835
14.3678
13.41
13.8889
16.2835
21.0728
23.9464
23.9464
22.9885
19.636
17.7203
17.2414
14.8467
11.4943
8.62069
4.31034
-1.43678
-2.87356
-4.78927
-6.70498
-11.0153
-12.4521
-14.8467
-17.7203
-19.636
-20.1149
-19.1571
-19.1571
-18.1992
-15.8046
-15.8046
-16.7625
-22.5096
-28.7356
-34.9617
-40.7088
-43.5824
-45.4981
-45.977
-45.0192
-42.1456
-31.6092
-18.6782
-11.9732
-11.9732
-15.8046
-20.5939
-21.5517
-16.2835
-11.0153
-10.0575
-17.2414
-24.9042
-33.5249
-38.3142
-37.3563
-34.4828
-31.1303
-30.6513
-28.7356
-24.9042
-24.4253
-22.9885
-22.9885
-27.2989
-27.2989
-24.9042
-19.1571
-14.3678
-12.4521
-13.8889
-19.1571
-19.636
-16.2835
-8.14176
0
2.39464
1.91571
-2.87356
-9.57854
-14.8467
-14.8467
-11.9732
-9.09962
-4.31034
-1.91571
0.957854
4.31034
4.78927
5.74713
8.62069
14.8467
21.0728
23.4674
24.9042
20.5939
16.2835
13.41
9.09962
8.14176
3.83142
2.39464
0
-1.43678
0.478927
0.957854
5.74713
8.62069
11.9732
14.3678
13.41
16.2835
16.7625
19.1571
21.5517
22.5096
27.2989
28.2567
28.2567
30.6513
36.3985
45.4981
53.1609
59.387
61.3027
57.4713
54.1188
47.8927
45.4981
47.4138
53.6398
61.3027
67.0498
70.8812
70.8812
70.4023
67.5287
63.6973
63.6973
65.613
69.4444
70.4023
67.5287
60.3448
52.2031
45.4981
39.272
33.5249
29.6935
25.8621
22.9885
19.1571
15.8046
11.4943
8.14176
4.31034
-1.43678
-7.66284
-13.41
-18.6782
-23.4674
-27.2989
-33.5249
-40.7088
-46.4559
-54.1188
-61.3027
-68.9655
-79.5019
-86.6858
-93.8697
-98.659
-102.969
-108.716
-112.548
-114.464
-114.464
-112.069
-107.759
-102.011
-96.7433
-93.3908
-92.433
-93.3908
-92.9119
-92.9119
-93.3908
-92.9119
-91.4751
-90.9962
-89.0805
-84.7701
-79.9808
-72.7969
-66.092
-58.4291
-49.8084
-43.1034
-35.4406
-30.1724
-23.4674
-17.2414
-11.0153
-4.78927
-0.478927
5.74713
12.4521
17.7203
23.4674
28.2567
31.6092
34.9617
35.4406
34.9617
31.6092
27.2989
25.8621
24.9042
26.8199
29.6935
32.0881
36.3985
41.1877
45.977
50.2874
53.6398
57.4713
59.387
60.8238
63.2184
63.6973
63.2184
62.7395
61.7816
61.3027
61.7816
62.7395
64.6552
65.613
67.5287
69.9234
71.8391
73.7548
76.1494
78.5441
79.9808
79.9808
78.5441
77.1073
75.1916
73.2759
69.4444
65.1341
60.3448
55.5556
52.2031
49.8084
47.8927
45.977
43.1034
40.7088
38.7931
37.8352
36.3985
34.0038
32.0881
29.6935
26.8199
25.3831
24.4253
22.0307
20.5939
17.7203
14.3678
11.4943
6.70498
1.43678
-5.2682
-12.4521
-18.1992
-23.9464
-31.6092
-37.3563
-43.1034
-46.9349
-52.2031
-56.5134
-62.2605
-68.0077
-71.8391
-76.1494
-79.9808
-84.2912
-89.0805
-92.433
-95.3065
-96.2644
-97.7011
-100.096
-101.054
-100.096
-98.659
-94.3487
-91.4751
-88.1226
-84.2912
-80.4598
-75.6705
-72.318
-67.0498
-64.1762
-61.3027
-56.5134
-52.2031
-49.8084
-48.3716
-45.977
-43.1034
-38.7931
-34.4828
-31.6092
-29.2146
-24.9042
-19.1571
-14.3678
-11.0153
-7.18391
-5.2682
-2.87356
1.91571
8.14176
13.41
18.1992
22.9885
25.8621
27.2989
30.1724
33.046
33.5249
35.4406
37.8352
41.1877
45.0192
49.8084
54.5977
57.9502
59.8659
60.8238
60.3448
58.4291
56.9923
55.0766
53.6398
52.682
50.2874
48.8506
47.8927
48.3716
47.8927
46.4559
45.977
45.0192
43.1034
41.1877
37.3563
34.0038
33.5249
33.5249
35.4406
34.0038
32.0881
27.7778
24.9042
24.9042
24.9042
22.9885
19.1571
16.7625
15.8046
15.8046
16.7625
17.7203
15.8046
14.8467
13.41
13.41
13.41
11.9732
8.14176
4.78927
3.35249
0.957854
-3.35249
-8.62069
-13.8889
-18.1992
-20.1149
-19.636
-20.5939
-23.9464
-28.7356
-32.567
-33.5249
-32.0881
-30.6513
-29.2146
-31.1303
-35.4406
-38.7931
-40.7088
-40.2299
-37.8352
-34.9617
-30.6513
-26.341
-22.0307
-17.7203
-14.3678
-11.4943
-9.57854
-7.66284
-6.22605
-3.83142
-1.43678
2.39464
5.2682
6.70498
7.66284
7.18391
6.70498
3.83142
-0.957854
-5.74713
-7.66284
-8.14176
-8.62069
-11.0153
-15.8046
-20.5939
-22.9885
-23.4674
-23.4674
-22.9885
-24.4253
-25.8621
-26.341
-25.3831
-22.5096
-20.5939
-20.1149
-19.636
-18.1992
-15.8046
-11.9732
-8.62069
-4.78927
-2.39464
0
4.78927
10.0575
14.8467
16.7625
16.2835
14.8467
14.8467
16.2835
16.7625
18.1992
19.1571
20.5939
22.5096
24.9042
25.8621
24.9042
23.9464
21.5517
19.1571
18.6782
18.1992
16.7625
14.8467
11.9732
10.5364
10.0575
9.09962
8.62069
7.66284
8.14176
11.0153
12.4521
13.41
13.41
11.4943
9.57854
9.09962
9.57854
10.5364
11.9732
12.931
14.8467
15.8046
14.8467
14.8467
12.931
8.62069
3.83142
0
-1.43678
-2.39464
-3.35249
-5.74713
-10.0575
-11.9732
-13.41
-13.8889
-14.3678
-17.7203
-20.5939
-23.9464
-25.8621
-27.7778
-26.8199
-25.3831
-24.4253
-22.5096
-21.0728
-20.1149
-18.1992
-16.2835
-13.8889
-10.0575
-6.22605
-3.35249
-0.478927
1.91571
3.35249
3.83142
6.22605
8.62069
12.4521
14.3678
14.3678
14.8467
15.3257
15.3257
14.3678
13.41
11.4943
8.62069
7.18391
4.78927
2.39464
0.478927
-0.957854
0.957854
1.91571
0.957854
0
-0.957854
-1.43678
-2.39464
-4.78927
-3.83142
-3.83142
-2.39464
-1.91571
-1.91571
-0.957854
1.43678
2.87356
4.31034
5.2682
4.31034
3.83142
2.87356
0
-2.39464
-4.78927
-6.22605
-7.18391
-7.66284
-8.62069
-10.0575
-11.0153
-11.4943
-13.8889
-16.2835
-18.1992
-19.636
-20.1149
-21.5517
-22.9885
-24.4253
-24.9042
-23.4674
-21.0728
-17.2414
-15.3257
-12.931
-11.0153
-9.09962
-6.70498
-4.31034
-1.43678
1.43678
4.31034
8.14176
11.4943
14.3678
17.7203
19.636
22.5096
23.9464
23.4674
23.9464
24.4253
23.4674
22.9885
22.0307
22.5096
22.5096
21.5517
20.1149
18.1992
14.8467
14.3678
12.931
11.4943
10.5364
7.18391
5.2682
3.83142
1.43678
0.957854
-0.957854
-0.957854
0.478927
2.39464
3.83142
5.2682
6.22605
8.14176
9.09962
10.5364
11.9732
11.9732
11.9732
13.41
13.8889
14.3678
14.8467
15.3257
15.8046
17.2414
16.7625
16.2835
15.3257
13.8889
11.4943
7.18391
2.87356
-0.478927
-3.35249
-7.18391
-10.5364
-13.8889
-16.2835
-17.7203
-18.6782
-20.1149
-21.5517
-23.9464
-26.341
-27.2989
-27.7778
-27.2989
-27.2989
-25.3831
-22.5096
-20.5939
-17.7203
-15.3257
-11.9732
-9.09962
-6.70498
-3.83142
-1.43678
0.478927
1.43678
0.478927
-0.478927
-2.39464
-4.78927
-5.74713
-6.22605
-7.66284
-10.0575
-12.4521
-14.3678
-16.7625
-19.1571
-22.5096
-24.4253
-26.8199
-30.1724
-30.6513
-29.2146
-28.7356
-27.2989
-27.2989
-26.8199
-24.9042
-22.9885
-18.1992
-14.3678
-10.5364
-5.2682
-2.87356
2.39464
8.14176
13.41
17.2414
20.5939
22.5096
24.9042
26.8199
29.2146
31.6092
32.567
32.0881
31.1303
30.6513
29.2146
28.2567
24.9042
22.5096
20.1149
18.1992
18.1992
17.7203
15.8046
13.41
9.09962
7.18391
6.70498
6.70498
7.66284
7.18391
8.14176
8.14176
8.62069
10.0575
11.4943
12.931
13.41
13.41
13.8889
14.3678
15.3257
14.8467
14.8467
14.8467
14.3678
14.8467
14.3678
14.3678
13.8889
11.9732
11.0153
9.09962
8.14176
7.18391
5.2682
2.39464
-0.957854
-5.2682
-7.18391
-9.57854
-11.0153
-12.931
-14.8467
-17.7203
-19.1571
-18.6782
-19.636
-22.0307
-23.4674
-25.8621
-26.341
-27.2989
-26.8199
-26.341
-26.8199
-25.3831
-24.9042
-23.4674
-20.5939
-18.1992
-15.8046
-15.3257
-13.8889
-12.931
-11.9732
-10.5364
-11.0153
-10.5364
-10.5364
-10.0575
-7.66284
-7.18391
-5.74713
-5.74713
-7.18391
-8.62069
-10.5364
-10.0575
-10.5364
-11.4943
-11.9732
-13.41
-14.3678
-12.4521
-10.5364
-7.66284
-4.78927
-1.43678
1.91571
4.31034
7.66284
11.9732
15.8046
18.6782
20.1149
22.0307
23.4674
24.9042
26.341
28.7356
31.1303
31.1303
32.567
32.567
31.1303
30.1724
26.8199
23.4674
21.0728
18.1992
16.2835
11.9732
7.66284
5.74713
3.83142
1.91571
-0.478927
-1.91571
-1.91571
-3.35249
-4.31034
-5.74713
-6.22605
-6.70498
-6.70498
-6.22605
-5.2682
-1.91571
1.43678
2.87356
3.35249
2.39464
2.39464
2.39464
3.35249
5.2682
5.74713
5.2682
4.31034
3.83142
4.78927
6.70498
7.18391
7.66284
7.18391
6.22605
6.22605
4.78927
3.83142
2.39464
0.957854
1.43678
0.478927
0.478927
0
-0.478927
0
0.478927
2.39464
4.31034
4.78927
3.83142
3.35249
2.39464
0.957854
-0.478927
-4.78927
-9.57854
-11.9732
-13.8889
-14.8467
-16.2835
-17.7203
-19.1571
-21.5517
-22.9885
-22.5096
-24.9042
-26.341
-30.6513
-33.5249
-35.9195
-37.8352
-36.8774
-36.3985
-35.9195
-33.046
-31.6092
-30.6513
-30.6513
-27.7778
-27.2989
-26.341
-26.8199
-27.7778
-27.7778
-27.2989
-23.4674
-20.1149
-15.8046
-11.4943
-5.2682
-0.478927
4.78927
10.0575
14.3678
19.636
23.9464
28.7356
32.0881
35.4406
39.272
42.6245
46.4559
50.2874
53.1609
55.0766
56.0345
56.9923
58.908
59.8659
59.387
56.9923
54.1188
51.7241
48.8506
44.0613
40.2299
35.4406
30.6513
25.8621
22.9885
20.1149
17.7203
15.8046
13.8889
11.4943
8.62069
6.22605
2.87356
-0.957854
-5.2682
-9.57854
-16.2835
-22.5096
-26.8199
-31.1303
-34.0038
-34.9617
-35.9195
-35.9195
-36.8774
-37.3563
-36.8774
-35.9195
-35.4406
-36.3985
-37.3563
-38.7931
-41.1877
-44.0613
-45.977
-48.3716
-46.9349
-45.977
-43.5824
-41.1877
-37.8352
-33.046
-28.2567
-23.4674
-20.1149
-17.2414
-14.8467
-12.4521
-10.5364
-7.18391
-3.83142
-2.39464
-0.957854
0.957854
1.91571
2.87356
5.2682
6.70498
9.09962
12.931
16.2835
18.6782
22.0307
23.9464
24.9042
23.4674
22.0307
20.1149
20.1149
20.1149
20.5939
22.0307
22.5096
22.5096
23.4674
23.9464
22.5096
21.0728
17.7203
13.8889
11.9732
11.4943
11.4943
10.5364
9.57854
9.57854
10.0575
10.0575
11.4943
14.3678
13.8889
14.3678
16.7625
16.7625
17.7203
19.636
18.1992
17.7203
20.5939
20.5939
20.5939
20.5939
19.636
19.1571
19.1571
15.8046
13.8889
12.4521
9.09962
5.2682
3.83142
0.957854
-1.91571
-4.31034
-8.62069
-12.931
-15.8046
-18.1992
-18.1992
-16.7625
-16.7625
-15.8046
-17.7203
-20.1149
-21.5517
-22.9885
-22.5096
-21.0728
-17.7203
-14.8467
-11.9732
-8.62069
-8.14176
-7.66284
-8.62069
-10.0575
-11.4943
-14.3678
-16.7625
-20.1149
-21.5517
-22.0307
-20.1149
-17.2414
-16.7625
-16.2835
-17.2414
-17.7203
-18.6782
-18.6782
-18.1992
-16.2835
-12.931
-10.5364
-8.62069
-4.31034
-1.91571
0.478927
2.39464
2.39464
2.39464
0.957854
-0.957854
-1.43678
-0.478927
-1.43678
-1.43678
0.478927
-0.957854
-0.478927
0
0
4.31034
7.66284
9.57854
11.0153
9.57854
8.62069
10.0575
11.0153
11.0153
12.931
11.9732
11.0153
11.9732
9.57854
9.09962
9.57854
8.62069
7.18391
6.22605
3.83142
3.35249
2.87356
2.87356
3.83142
5.2682
5.2682
6.70498
8.14176
9.57854
12.931
15.8046
18.6782
20.1149
21.5517
22.5096
22.9885
22.9885
22.9885
22.9885
21.5517
19.636
19.1571
18.1992
16.7625
16.2835
15.3257
13.41
10.0575
8.14176
4.78927
2.87356
-0.957854
-4.31034
-6.70498
-11.0153
-13.41
-14.8467
-16.2835
-17.7203
-19.1571
-20.5939
-23.9464
-25.8621
-27.2989
-27.2989
-26.8199
-26.341
-24.9042
-23.9464
-22.9885
-22.0307
-20.5939
-19.636
-19.1571
-17.7203
-16.2835
-15.3257
-12.931
-9.09962
-6.70498
-5.74713
-5.74713
-5.2682
-5.2682
-4.78927
-3.35249
-3.35249
-3.35249
-4.78927
-6.22605
-7.18391
-7.18391
-8.62069
-8.14176
-7.18391
-8.62069
-8.62069
-9.09962
-9.09962
-9.57854
-8.14176
-5.74713
-3.83142
-1.43678
0.478927
2.39464
3.83142
5.2682
7.66284
9.09962
9.09962
9.57854
10.0575
10.0575
9.57854
9.57854
9.09962
9.09962
10.0575
10.5364
12.4521
12.931
13.41
12.931
11.4943
9.57854
8.62069
7.18391
8.62069
10.0575
11.0153
11.0153
11.4943
11.9732
13.41
15.3257
16.7625
18.6782
19.1571
20.5939
21.5517
21.5517
22.9885
22.9885
22.9885
23.9464
24.9042
24.4253
24.4253
23.9464
23.4674
23.4674
23.4674
23.9464
23.4674
22.5096
21.5517
18.6782
16.7625
14.8467
12.931
11.4943
10.5364
8.62069
7.18391
5.74713
4.31034
4.31034
3.35249
0.957854
-1.43678
-4.78927
-7.18391
-10.5364
-11.4943
-13.8889
-16.2835
-18.1992
-21.0728
-24.9042
-27.7778
-30.1724
-32.0881
-33.046
-33.5249
-34.4828
-34.0038
-34.9617
-35.9195
-35.9195
-37.8352
-39.272
-42.1456
-43.5824
-45.4981
-47.8927
-46.4559
-46.4559
-45.977
-44.0613
-42.1456
-41.6667
-40.2299
-39.751
-40.2299
-38.7931
-37.8352
-37.3563
-36.8774
-36.3985
-34.0038
-32.567
-29.2146
-25.8621
-22.5096
-18.6782
-15.8046
-13.8889
-11.9732
-8.62069
-3.83142
0.957854
4.31034
7.18391
11.0153
13.41
17.7203
21.0728
24.9042
28.2567
29.6935
30.6513
31.6092
31.6092
32.567
34.4828
38.3142
40.2299
42.1456
44.5402
45.4981
47.4138
49.3295
50.7663
52.2031
51.7241
51.7241
51.2452
49.8084
48.3716
47.8927
46.9349
47.4138
47.8927
47.4138
47.4138
47.8927
48.8506
49.3295
48.3716
47.4138
45.4981
43.1034
40.2299
37.3563
34.4828
31.1303
29.6935
27.2989
22.9885
19.1571
15.3257
12.931
10.5364
7.66284
6.22605
3.35249
-0.478927
-4.31034
-8.62069
-14.3678
-18.1992
-22.0307
-26.341
-30.1724
-32.0881
-34.4828
-35.9195
-36.8774
-38.7931
-41.1877
-42.6245
-43.5824
-44.0613
-45.4981
-46.4559
-46.4559
-45.977
-46.4559
-45.977
-46.9349
-46.9349
-46.9349
-46.9349
-46.4559
-48.3716
-49.8084
-50.2874
-51.2452
-52.682
-52.682
-51.7241
-51.2452
-47.8927
-45.4981
-44.0613
-44.0613
-43.5824
-42.1456
-39.751
-37.8352
-35.4406
-32.567
-29.2146
-24.9042
-20.1149
-15.8046
-12.4521
-8.14176
-5.2682
-1.91571
1.43678
4.78927
8.14176
11.4943
14.3678
16.7625
19.636
22.0307
24.4253
27.2989
30.1724
31.1303
32.567
34.4828
34.9617
38.3142
41.1877
43.5824
45.977
46.9349
47.4138
47.8927
47.8927
47.8927
45.977
45.0192
45.0192
46.4559
48.8506
49.8084
50.7663
50.2874
51.7241
51.7241
49.8084
47.4138
43.5824
42.1456
40.7088
38.3142
34.9617
31.6092
29.6935
27.7778
25.8621
22.9885
21.0728
18.1992
16.7625
14.3678
10.5364
6.22605
1.43678
-2.87356
-6.22605
-9.09962
-11.9732
-14.8467
-16.7625
-17.2414
-17.2414
-17.2414
-19.636
-22.5096
-25.3831
-27.7778
-30.1724
-32.0881
-34.0038
-37.3563
-37.3563
-39.272
-40.7088
-41.6667
-42.1456
-40.2299
-41.1877
-40.7088
-42.1456
-43.5824
-43.1034
-42.1456
-40.7088
-40.7088
-39.272
-38.7931
-38.3142
-36.3985
-34.4828
-31.6092
-27.7778
-26.341
-24.4253
-22.9885
-20.1149
-17.2414
-15.8046
-14.3678
-12.4521
-11.4943
-10.0575
-7.18391
-4.31034
-0.957854
3.35249
6.70498
10.0575
11.0153
11.9732
12.931
15.8046
16.7625
16.2835
16.2835
18.1992
20.1149
23.4674
25.8621
26.8199
27.7778
27.2989
27.2989
25.8621
24.4253
22.5096
22.5096
22.9885
23.9464
26.341
27.7778
28.7356
27.7778
25.8621
24.9042
23.4674
22.9885
21.5517
21.0728
20.5939
20.1149
19.1571
17.7203
16.2835
15.3257
13.8889
11.0153
8.62069
6.70498
5.74713
5.2682
4.78927
4.31034
3.35249
0.957854
0
-1.43678
-4.31034
-8.62069
-10.5364
-11.0153
-11.0153
-11.4943
-10.5364
-9.57854
-8.62069
-8.14176
-10.0575
-11.0153
-12.931
-14.3678
-15.8046
-15.8046
-16.2835
-17.7203
-19.1571
-18.1992
-17.2414
-16.7625
-16.2835
-15.8046
-14.3678
-13.8889
-14.3678
-13.41
-12.931
-11.9732
-11.9732
-11.9732
-11.4943
-11.0153
-11.0153
-11.0153
-9.57854
-8.14176
-8.14176
-6.70498
-4.78927
-3.83142
-3.83142
-3.35249
-3.83142
-4.31034
-4.31034
-5.2682
-3.35249
-2.39464
-1.91571
-2.39464
-2.39464
-1.43678
-0.478927
0
0.957854
2.39464
2.39464
1.43678
1.43678
1.43678
1.91571
2.39464
3.83142
6.22605
8.62069
10.0575
11.4943
11.9732
13.41
12.931
12.931
12.931
12.4521
12.4521
12.4521
13.41
14.3678
15.3257
15.8046
16.2835
16.2835
16.2835
15.8046
14.8467
14.3678
12.931
11.9732
11.4943
11.9732
11.4943
11.0153
10.5364
9.57854
10.0575
9.57854
9.09962
8.62069
8.62069
8.62069
7.66284
5.74713
4.78927
3.35249
1.43678
0
-0.957854
-1.91571
-0.957854
-1.43678
-0.478927
-0.957854
-0.478927
-0.478927
-0.478927
-1.43678
-1.91571
-2.39464
-3.83142
-5.2682
-7.18391
-8.14176
-8.62069
-8.14176
-8.62069
-9.57854
-9.57854
-10.0575
-10.5364
-11.9732
-12.931
-14.3678
-15.3257
-16.2835
-17.7203
-17.7203
-18.1992
-17.2414
-17.2414
-16.7625
-16.7625
-16.2835
-14.8467
-13.8889
-13.41
-13.8889
-12.4521
-11.4943
-10.0575
-9.57854
-9.57854
-8.62069
-7.18391
-6.22605
-6.22605
-5.74713
-5.2682
-3.35249
-1.91571
-1.43678
-0.957854
-0.478927
0
0.957854
1.91571
2.87356
3.35249
4.31034
4.78927
6.22605
7.18391
8.14176
8.62069
9.09962
10.5364
10.5364
10.5364
11.0153
10.5364
10.5364
10.5364
11.0153
11.0153
10.5364
9.57854
10.0575
11.0153
10.5364
9.57854
8.62069
7.18391
5.74713
4.78927
1.91571
0.957854
0.478927
0
0
0.478927
1.43678
2.87356
4.31034
6.70498
6.70498
6.22605
4.78927
3.35249
1.43678
-0.957854
-0.957854
-3.35249
-2.87356
-2.39464
-2.87356
-1.91571
0
1.91571
2.87356
2.39464
0.957854
0
-1.43678
-2.39464
-3.35249
-4.31034
-3.35249
-2.87356
-1.91571
-0.478927
1.43678
2.87356
3.35249
4.78927
4.31034
2.87356
2.39464
0.957854
0.478927
-2.39464
-3.83142
-5.2682
-5.74713
-4.78927
-3.83142
-1.43678
-0.957854
0
1.43678
0.957854
0.478927
0
0
-1.91571
-3.35249
-4.78927
-5.2682
-6.22605
-6.70498
-5.2682
-3.35249
-1.91571
-0.478927
0
0.478927
-0.478927
-0.478927
-0.957854
-1.43678
-2.39464
-3.35249
-4.31034
-6.22605
-7.18391
-8.14176
-7.66284
-7.18391
-7.18391
-6.70498
-7.18391
-6.70498
-7.18391
-7.18391
-7.66284
-8.14176
-7.66284
-6.70498
-5.2682
-3.83142
-4.31034
-5.2682
-4.78927
-4.78927
-4.78927
-4.31034
-4.31034
-2.87356
-1.91571
-0.478927
1.43678
2.87356
3.83142
5.2682
5.74713
6.22605
6.22605
5.74713
5.74713
5.74713
6.70498
8.14176
7.66284
9.09962
10.0575
13.8889
16.2835
17.7203
19.636
20.5939
21.0728
21.5517
21.0728
20.5939
20.1149
19.1571
17.7203
17.7203
16.2835
15.3257
14.3678
13.41
13.41
13.8889
12.931
11.4943
9.57854
8.14176
6.70498
4.31034
2.39464
0.957854
-0.478927
-0.957854
-0.957854
-3.35249
-4.31034
-7.18391
-9.57854
-12.4521
-14.8467
-16.7625
-19.1571
-21.0728
-22.0307
-22.9885
-24.9042
-26.341
-27.2989
-28.2567
-28.2567
-27.7778
-28.2567
-27.2989
-26.8199
-25.3831
-23.9464
-22.5096
-21.0728
-20.1149
-19.636
-19.1571
-17.2414
-16.2835
-13.8889
-11.9732
-9.57854
-6.70498
-4.31034
-2.39464
-1.91571
-1.91571
-0.478927
0.478927
2.39464
3.83142
5.74713
8.14176
10.0575
11.4943
11.9732
11.9732
11.0153
11.0153
11.4943
12.4521
13.8889
14.8467
16.2835
17.2414
16.7625
15.8046
14.8467
13.41
12.4521
11.0153
11.4943
12.4521
12.931
12.931
11.9732
10.0575
8.14176
5.74713
2.87356
1.91571
0.957854
0.478927
0
0
0.478927
-0.478927
-1.91571
-3.35249
-4.31034
-6.22605
-6.70498
-6.22605
-3.83142
-0.478927
1.91571
3.35249
4.78927
4.31034
3.83142
2.87356
2.39464
1.43678
1.91571
2.39464
2.39464
2.87356
3.35249
2.39464
1.91571
2.39464
2.87356
3.83142
