SAMPLES: 7334
BITSPERSAMPLE:	16
CHANNELS:	1
SAMPLERATE:	16000
NORMALIZED:	FALSE
-1.03455
0.517277
1.55183
3.62094
3.62094
4.13822
5.17277
1.03455
0
4.65549
2.58639
3.62094
4.65549
1.55183
3.10366
2.06911
1.55183
5.17277
4.13822
2.58639
2.06911
4.13822
2.58639
0.517277
2.06911
1.55183
3.10366
2.58639
3.62094
6.20732
3.62094
0
1.03455
0.517277
3.10366
2.06911
2.58639
4.13822
-0.517277
0.517277
0.517277
-1.03455
0
-2.06911
-1.55183
-0.517277
1.03455
2.58639
0.517277
-1.03455
-1.03455
-3.10366
-3.10366
-4.13822
-3.10366
0.517277
-2.58639
-0.517277
-0.517277
-3.62094
-1.55183
-2.58639
-2.58639
-3.62094
-3.62094
-2.58639
2.06911
0
-2.06911
-0.517277
-2.58639
-4.13822
-2.58639
-0.517277
0
2.06911
-2.58639
-3.10366
-1.55183
-2.06911
1.03455
2.06911
1.55183
-1.55183
-2.58639
-1.55183
-0.517277
2.06911
0
-0.517277
0
-1.55183
-2.06911
0
-1.55183
-1.55183
0.517277
-2.06911
1.03455
0
-0.517277
3.10366
2.06911
-1.03455
1.03455
1.03455
0
-0.517277
-1.03455
0
0
0.517277
-1.03455
1.03455
-0.517277
-1.03455
0.517277
-1.55183
-3.10366
0
1.03455
1.03455
1.55183
-0.517277
-1.55183
-2.58639
-2.06911
0
0
0.517277
-2.58639
-2.58639
-5.69005
-2.58639
1.03455
0
2.06911
-3.10366
-4.13822
-2.58639
-2.58639
0
2.58639
1.03455
-1.03455
-0.517277
-0.517277
0
2.06911
1.55183
0.517277
2.58639
0.517277
0
1.03455
0
1.55183
1.55183
2.58639
4.65549
3.62094
2.06911
1.55183
2.06911
2.58639
4.13822
5.17277
2.58639
1.55183
2.58639
1.55183
2.06911
2.06911
1.55183
1.03455
0.517277
2.58639
3.10366
2.58639
2.06911
1.55183
1.55183
2.06911
2.06911
2.06911
1.55183
0.517277
-0.517277
0.517277
0.517277
1.55183
2.58639
0.517277
1.55183
1.03455
-0.517277
-2.06911
-2.06911
-2.06911
-1.55183
-1.55183
-3.10366
-3.62094
-3.62094
-2.58639
-1.55183
-1.03455
-1.55183
-2.06911
-2.06911
-1.03455
-1.55183
-1.03455
-1.03455
-1.55183
-1.55183
-0.517277
-1.55183
-2.06911
-1.03455
-1.55183
-1.55183
-0.517277
0.517277
1.03455
-0.517277
-1.03455
-1.03455
-1.55183
-1.03455
-0.517277
-1.55183
-1.55183
-0.517277
-0.517277
-0.517277
-1.55183
-1.03455
0.517277
1.03455
1.55183
1.55183
1.03455
0
-1.03455
-2.58639
-4.65549
-5.17277
-6.20732
-7.24188
-7.24188
-8.27643
-7.24188
-5.17277
-3.62094
-2.06911
-2.58639
-1.55183
-1.03455
-2.06911
-2.58639
-1.03455
-1.55183
-1.55183
-2.58639
-4.13822
-4.65549
-3.62094
-2.58639
-2.06911
-2.06911
0
0
1.03455
1.03455
-0.517277
-1.03455
-1.55183
-1.03455
1.03455
0.517277
0
0
1.03455
3.10366
5.69005
7.75916
8.79371
8.79371
7.75916
6.20732
6.20732
4.13822
3.62094
4.13822
2.06911
2.58639
2.06911
2.58639
3.10366
2.06911
3.10366
3.62094
4.13822
5.17277
4.13822
4.13822
4.13822
2.58639
2.06911
2.06911
2.06911
1.55183
1.03455
2.58639
2.58639
4.13822
6.20732
6.20732
6.7246
5.17277
3.62094
3.62094
3.10366
3.62094
4.65549
4.13822
3.62094
3.10366
3.62094
5.69005
7.75916
9.31099
9.31099
8.27643
7.75916
7.75916
5.69005
4.65549
3.62094
4.65549
6.20732
6.7246
7.75916
7.75916
5.17277
5.17277
4.65549
6.7246
7.75916
6.20732
3.62094
1.03455
0
0
2.58639
3.62094
0
-2.06911
-6.20732
-11.3801
-17.0701
-30.5193
-42.4167
-55.3486
-65.6942
-75.0052
-82.7643
-83.2816
-78.1088
-65.1769
-49.1413
-31.5539
-8.79371
11.8974
28.9675
43.4513
51.2104
55.8659
53.7968
42.4167
28.9675
12.4146
0
-10.3455
-20.6911
-22.2429
-20.6911
-15.001
-8.27643
-4.13822
3.10366
6.7246
12.4146
13.4492
10.3455
7.75916
3.10366
4.13822
5.17277
9.82826
20.1738
26.3811
38.7958
49.1413
58.9696
70.3497
68.7978
69.8324
65.1769
54.8314
48.624
37.2439
28.9675
18.1047
9.31099
6.7246
8.27643
17.0701
27.4157
42.4167
56.9005
65.6942
75.5224
81.7298
80.6952
80.1779
76.557
71.9015
65.6942
56.9005
44.4858
32.0712
27.4157
17.5874
11.3801
6.20732
1.03455
-5.69005
-14.4838
-21.2084
-35.6921
-49.6586
-64.1424
-72.4188
-79.6607
-89.4889
-97.2481
-98.7999
-101.386
-106.042
-106.559
-110.697
-117.939
-126.733
-137.078
-155.183
-175.357
-193.462
-209.497
-227.085
-244.155
-249.328
-251.914
-252.948
-250.362
-251.914
-261.225
-274.157
-290.192
-310.366
-322.264
-329.505
-330.023
-322.264
-311.918
-304.676
-301.573
-274.157
-243.12
-217.774
-190.875
-182.599
-169.15
-166.046
-146.907
-103.455
-28.4502
79.6607
239.499
504.345
761.949
1013.86
1203.19
1368.2
1513.04
1529.07
1467
1290.61
1041.28
726.257
346.576
-11.8974
-335.713
-581.937
-698.324
-747.465
-684.875
-492.965
-246.741
14.4838
201.738
361.059
462.963
481.068
440.203
324.85
211.566
102.421
44.4858
53.7968
108.628
217.256
355.369
516.76
653.838
714.36
695.738
588.661
402.959
169.667
-101.386
-385.371
-652.286
-848.334
-923.857
-917.649
-810.573
-634.699
-422.098
-201.221
-46.5549
64.1424
79.1434
0.517277
-132.94
-311.401
-483.654
-653.321
-771.26
-791.951
-740.741
-587.109
-385.889
-188.289
17.5874
176.391
271.57
268.467
173.288
21.2084
-179.495
-376.578
-554.004
-657.459
-694.703
-666.253
-567.97
-436.582
-276.226
-129.837
-24.312
31.5539
8.79371
-58.9696
-146.389
-236.396
-309.332
-377.612
-408.132
-373.474
-282.951
-150.01
-15.001
87.4198
165.011
161.908
88.4544
-38.2785
-233.292
-413.304
-602.628
-756.776
-815.229
-747.983
-521.933
-117.939
487.792
1117.84
1651.67
2022.55
2321.54
2556.9
2557.42
2354.13
1951.69
1373.89
727.292
69.8324
-498.655
-922.305
-1166.98
-1196.46
-1088.87
-817.815
-385.371
103.455
488.31
667.287
736.603
696.772
571.591
367.267
115.353
-58.9696
-135.527
-55.8659
142.768
408.132
713.842
1013.86
1281.3
1423.55
1394.58
1203.7
882.992
478.999
13.9665
-471.239
-892.82
-1199.57
-1355.27
-1345.44
-1211.98
-989.034
-716.946
-431.409
-181.047
-27.933
10.8628
-85.868
-269.501
-477.964
-619.698
-703.497
-736.603
-667.805
-492.448
-223.981
45.0031
276.743
430.892
461.928
382.785
186.737
-106.042
-436.582
-783.157
-1076.97
-1273.02
-1320.61
-1190.77
-988.516
-761.949
-535.382
-319.677
-124.664
-24.312
-15.5183
-83.7989
-210.532
-315.539
-418.477
-481.585
-482.619
-427.788
-267.432
-73.4533
129.319
273.122
340.368
386.406
365.198
289.158
143.286
-54.8314
-234.327
-387.441
-465.032
-457.273
-455.721
-401.407
-369.336
-336.23
-264.329
-258.121
-236.396
-270.536
-315.539
-303.642
-225.016
63.1078
610.904
1284.4
1902.55
2304.99
2593.63
2853.3
2970.72
2913.3
2599.83
2072.73
1351.64
512.104
-271.053
-935.237
-1378.54
-1589.08
-1598.9
-1382.68
-963.687
-400.372
138.113
466.584
609.352
637.285
582.971
465.032
259.156
81.7298
-10.8628
50.1759
292.779
580.902
903.683
1177.32
1373.89
1445.27
1290.09
948.686
463.998
-87.9371
-638.32
-1170.08
-1615.46
-1906.17
-2003.41
-1882.37
-1603.04
-1221.81
-813.16
-446.41
-129.837
92.0753
176.909
108.628
-67.7633
-246.224
-351.748
-391.061
-386.406
-295.365
-111.215
123.112
316.056
419.512
430.892
302.09
83.2816
-211.049
-517.277
-760.915
-948.169
-1033
-1006.1
-840.575
-574.695
-313.987
-117.939
-3.10366
34.6576
-7.24188
-132.423
-324.85
-536.934
-692.117
-736.603
-677.116
-503.828
-259.156
26.8984
346.058
616.077
803.331
875.75
795.572
619.698
371.405
103.973
-162.942
-430.375
-669.357
-850.921
-892.303
-864.887
-815.229
-745.396
-666.253
-603.145
-567.453
-525.036
-464.515
-418.994
-294.848
-23.7947
321.229
889.717
1602.01
2217.57
2575.01
2663.46
2738.46
2715.19
2444.13
2012.73
1431.31
742.81
3.62094
-638.837
-1055.76
-1302.5
-1329.92
-1190.25
-936.789
-516.76
-46.5549
383.82
580.902
548.314
476.412
351.231
225.016
73.9706
4.65549
118.974
343.472
681.254
1034.55
1331.47
1518.21
1525.97
1358.37
994.724
452.617
-142.768
-723.153
-1213.01
-1565.28
-1764.95
-1784.09
-1663.56
-1365.09
-964.204
-569.522
-251.914
-65.6942
54.3141
82.2471
6.20732
-149.493
-371.922
-552.969
-572.626
-447.962
-275.191
-87.9371
94.1444
266.398
376.06
390.544
283.985
34.1403
-288.123
-637.803
-934.202
-1098.18
-1146.8
-1113.18
-949.203
-653.838
-288.123
31.5539
189.323
219.843
140.182
-7.75916
-200.703
-424.684
-625.388
-761.949
-766.087
-643.493
-401.924
-82.7643
247.258
558.659
804.883
995.241
1086.8
1033.52
854.542
559.694
256.569
8.79371
-251.397
-478.481
-640.389
-741.775
-739.706
-719.532
-691.599
-693.669
-733.499
-699.359
-645.562
-557.625
-473.309
-340.368
-64.1424
325.885
770.743
1285.43
1964.62
2582.25
2895.2
2854.33
2681.56
2489.14
2104.28
1527.52
862.818
170.701
-535.899
-1173.7
-1574.07
-1672.87
-1570.97
-1334.06
-1012.31
-574.695
-46.5549
412.27
657.976
623.319
470.205
283.985
115.87
32.5885
30.0021
185.185
454.687
754.19
1054.21
1296.3
1395.61
1281.3
984.378
546.762
4.65549
-567.453
-1095.08
-1471.14
-1668.74
-1701.84
-1542
-1230.6
-834.885
-418.994
-76.557
158.287
263.811
239.499
115.353
-121.56
-407.097
-679.185
-840.575
-842.644
-721.084
-497.621
-264.329
-44.4858
126.733
232.775
240.534
116.387
-103.973
-375.543
-626.94
-810.573
-896.441
-866.956
-756.776
-565.384
-318.125
-66.2115
169.15
303.642
320.712
225.533
50.6932
-137.596
-319.677
-452.1
-501.759
-475.895
-376.06
-216.739
-11.8974
220.36
460.894
678.15
807.987
846.783
770.226
620.215
450.548
253.466
50.1759
-163.977
-398.821
-603.145
-720.05
-749.534
-683.84
-560.728
-468.136
-436.065
-436.582
-425.202
-371.405
-330.023
-267.432
-71.3842
236.396
660.046
1292.16
2070.66
2677.94
2857.96
2689.84
2487.59
2281.19
1863.23
1246.64
560.728
-142.251
-881.44
-1524.93
-1804.78
-1722.53
-1471.14
-1202.15
-830.747
-228.119
424.684
876.267
979.205
877.302
716.429
527.623
380.199
316.056
394.682
549.866
745.914
963.687
1152.49
1260.6
1151.98
830.23
372.439
-167.598
-700.91
-1202.67
-1572.52
-1743.22
-1747.36
-1610.28
-1385.79
-1084.21
-730.912
-409.166
-210.532
-157.252
-156.735
-185.702
-254.5
-379.164
-519.863
-588.661
-610.904
-600.041
-590.73
-549.866
-472.274
-390.544
-279.33
-171.736
-93.1099
-98.7999
-185.185
-300.538
-382.785
-384.337
-343.989
-326.919
-307.263
-294.848
-281.399
-233.809
-197.083
-174.322
-200.703
-251.397
-300.021
-324.333
-305.193
-253.466
-159.839
-41.8994
136.044
348.645
552.452
788.848
1002.48
1153.01
1227.5
1160.25
961.101
682.288
359.508
34.6576
-254.5
-470.205
-624.871
-721.601
-721.084
-627.457
-472.791
-355.887
-359.508
-425.719
-498.138
-528.14
-523.484
-490.896
-292.779
118.974
630.561
1189.74
1974.96
2809.33
3239.71
3042.62
2576.04
2334.99
2067.56
1568.9
949.203
343.989
-277.261
-1109.04
-1820.3
-2061.35
-1941.34
-1731.33
-1565.28
-1080.07
-241.568
537.451
965.756
1033
1021.1
904.2
689.013
561.246
598.49
749.534
800.228
806.435
829.195
798.676
634.699
234.844
-285.537
-802.814
-1276.64
-1621.15
-1806.33
-1777.88
-1547.18
-1298.88
-1048
-772.295
-500.207
-273.64
-173.805
-167.598
-191.91
-173.288
-133.975
-141.217
-217.774
-386.406
-588.661
-777.467
-899.028
-945.582
-924.891
-878.336
-790.399
-618.663
-411.235
-199.152
-61.0387
7.75916
28.4502
33.623
38.7958
14.4838
-5.17277
-33.1057
-42.4167
-18.1047
6.7246
23.7947
40.8649
9.82826
-78.6261
-163.977
-200.703
-178.978
-135.009
-62.0732
96.7308
350.714
633.147
878.854
1045.93
1163.36
1200.08
1118.35
928.512
693.669
465.032
234.327
62.5905
-80.6952
-159.839
-236.913
-378.647
-494.517
-602.628
-645.044
-625.905
-631.595
-585.558
-489.344
-356.404
-186.22
-111.215
38.2785
246.224
540.037
885.578
1273.02
1966.69
2545
2727.08
2460.17
2085.66
1891.68
1484.59
947.134
414.856
-180.012
-893.337
-1760.29
-2233.09
-2147.73
-1839.44
-1441.65
-1041.8
-361.577
397.786
877.302
1071.28
1001.97
887.13
639.354
407.614
446.927
661.597
863.853
840.058
729.878
596.42
309.849
-112.249
-654.355
-1173.7
-1560.11
-1800.12
-1825.99
-1641.32
-1299.4
-931.099
-687.461
-536.416
-407.614
-316.056
-271.57
-277.778
-245.707
-129.837
48.624
193.979
217.774
117.422
-109.663
-398.821
-730.395
-1009.72
-1109.56
-1095.08
-998.345
-792.986
-445.376
-60.0041
185.702
301.055
330.023
263.294
122.595
0.517277
-5.17277
87.4198
228.636
383.302
477.447
513.656
417.96
200.186
-89.4889
-385.889
-522.967
-569.522
-479.516
-223.464
102.938
467.618
749.534
963.687
1068.69
1044.38
967.825
818.332
672.977
555.038
475.378
404.511
257.604
53.7968
-231.223
-559.176
-867.474
-1117.32
-1276.64
-1345.44
-1320.09
-1195.94
-962.135
-661.08
-386.406
-244.155
-125.698
133.457
497.103
971.964
1771.67
2739.5
3309.02
3051.42
2443.1
2101.7
1770.12
1267.33
758.845
355.887
-295.882
-1339.75
-2146.18
-2317.4
-2136.87
-1949.62
-1694.08
-1084.73
-223.981
574.178
1130.25
1329.92
1240.95
975.585
761.432
789.882
992.655
1173.18
1123.53
945.065
781.606
569.005
230.706
-255.018
-778.502
-1231.64
-1515.1
-1521.83
-1276.12
-885.061
-488.31
-283.985
-304.159
-373.991
-364.163
-318.125
-339.851
-357.956
-240.534
-5.17277
202.773
304.159
249.328
-83.2816
-629.526
-1163.36
-1474.24
-1569.42
-1538.38
-1339.75
-982.309
-522.45
-43.4513
346.576
521.415
430.375
188.806
19.1393
54.8314
236.913
498.138
761.949
892.303
815.746
538.485
150.528
-322.781
-859.714
-1253.88
-1401.3
-1263.71
-865.922
-336.23
172.771
530.209
703.497
697.289
601.593
510.035
485.723
536.934
649.183
779.537
888.165
897.476
743.327
423.65
-21.2084
-443.824
-830.23
-1091.97
-1208.36
-1202.67
-1067.14
-995.241
-1016.97
-1071.28
-1111.11
-1119.9
-1031.97
-711.256
-117.422
557.625
1403.89
2602.94
3630.77
3825.26
3037.45
2148.77
1674.94
1251.81
941.962
849.369
650.735
-194.496
-1438.55
-2201.53
-2396.03
-2372.75
-2214.46
-1764.43
-897.993
90.5235
1015.93
1658.91
1743.22
1432.86
1027.31
924.374
1131.28
1415.79
1680.63
1785.12
1735.46
1471.65
974.55
308.297
-455.721
-1237.33
-1847.71
-2022.04
-1762.36
-1263.71
-702.98
-258.121
-162.942
-386.406
-653.321
-714.36
-594.351
-398.303
-70.3497
346.058
742.293
940.927
883.509
502.793
-243.12
-1064.04
-1611.32
-1770.64
-1599.42
-1182.5
-680.219
-312.435
-166.563
-145.355
-271.57
-506.414
-699.876
-733.499
-475.895
27.933
626.94
1057.83
1183.53
1089.39
777.467
223.981
-477.447
-1046.97
-1324.75
-1360.44
-1111.11
-654.355
-202.773
45.0031
37.2439
-82.7643
-236.913
-284.502
-183.116
34.6576
398.821
820.919
1211.46
1373.89
1226.46
848.852
297.952
-239.499
-635.733
-844.196
-905.235
-917.132
-833.851
-735.568
-814.194
-1026.79
-1285.43
-1479.41
-1488.72
-1322.16
-987.482
-519.863
17.0701
602.628
1123.53
1815.13
2825.88
3598.18
3545.42
2753.98
2154.46
1959.45
1699.77
1469.07
1331.99
925.926
-267.95
-1754.6
-2496.38
-2513.45
-2188.08
-1751.5
-1078.01
-129.319
702.462
1263.19
1438.03
1284.92
905.752
563.315
693.669
1321.64
2063.42
2437.93
2377.41
2055.14
1490.28
668.322
-237.947
-957.48
-1405.96
-1617.53
-1527
-1158.18
-761.949
-556.59
-681.254
-1067.66
-1443.72
-1555.45
-1309.23
-778.502
-94.6617
504.862
858.68
945.065
798.676
420.546
-191.91
-850.921
-1287.5
-1314.4
-1049.56
-715.911
-465.032
-403.993
-566.418
-860.232
-1126.11
-1257.5
-1155.6
-842.127
-308.814
317.608
825.574
1070.76
927.478
525.036
16.0356
-430.892
-734.016
-887.13
-847.817
-711.256
-526.071
-372.957
-308.297
-301.055
-394.682
-511.587
-522.45
-358.473
-36.7267
338.299
689.53
978.688
1168.53
1230.08
1095.59
798.158
484.171
211.049
-6.7246
-175.357
-352.783
-542.624
-720.05
-864.887
-939.375
-977.136
-1035.07
-1129.73
-1200.6
-1129.73
-978.688
-741.775
-390.544
53.2795
582.971
997.31
1719.95
2875.03
3656.11
3325.06
2209.81
1561.14
1476.83
1438.03
1556.49
1828.06
1551.83
2.06911
-1870.99
-2597.77
-2342.75
-1943.41
-1641.84
-902.648
183.116
824.54
936.271
769.708
502.276
-7.24188
-436.065
64.1424
1378.03
2569.83
2913.82
2597.77
2067.04
1252.33
251.914
-498.138
-736.603
-665.218
-559.694
-346.576
-89.4889
-98.2826
-552.969
-1320.61
-2022.04
-2361.37
-2134.29
-1364.58
-414.856
355.369
688.496
635.216
372.439
2.58639
-386.923
-721.601
-825.574
-607.283
-158.804
296.4
463.998
213.635
-377.095
-1050.07
-1457.69
-1435.96
-1016.97
-462.963
-30.5193
188.289
233.809
139.665
-110.697
-384.337
-523.484
-534.347
-495.551
-448.996
-388.475
-364.68
-497.103
-691.599
-790.399
-718.498
-552.969
-394.682
-210.532
-28.4502
78.6261
135.527
265.363
511.07
801.779
1018.52
1118.35
1046.45
759.88
354.335
-6.20732
-206.911
-280.881
-287.089
-317.091
-438.651
-577.281
-734.016
-941.962
-1214.57
-1395.1
-1371.82
-1201.12
-869.543
-436.582
87.9371
518.312
856.094
1237.84
1981.17
3085.56
3663.36
3065.9
1816.68
1188.19
1310.26
1540.97
1876.68
2222.22
1746.33
-103.455
-2149.8
-2769.5
-2264.12
-1671.32
-1169.56
-311.918
615.042
833.851
426.754
-80.6952
-428.305
-830.747
-951.273
-49.6586
1578.73
2788.64
2897.27
2298.78
1517.17
588.661
-277.778
-542.624
-93.1099
474.343
647.114
549.348
287.089
-313.987
-1259.57
-2199.98
-2682.6
-2530
-1814.61
-835.402
24.312
377.612
105.525
-484.689
-968.343
-1074.9
-883.509
-533.313
-52.7623
459.859
830.747
897.476
653.321
163.977
-457.273
-946.1
-980.24
-558.659
-75.0052
163.46
146.389
-88.9717
-447.962
-750.569
-870.577
-817.298
-629.526
-349.679
-94.6617
51.7277
77.5916
-109.663
-431.409
-638.32
-619.181
-451.066
-258.639
-67.246
34.1403
9.82826
-38.2785
76.557
358.99
636.768
861.266
1022.66
984.896
704.531
282.951
-83.2816
-260.19
-296.4
-228.636
-180.53
-231.74
-399.855
-713.325
-1121.46
-1659.94
-2039.62
-2032.9
-1670.29
-1173.7
-664.701
-83.7989
206.394
174.84
200.186
1082.14
2697.6
3705.77
3302.3
2201.53
1699.26
1708.57
1721.5
2122.39
2785.54
2365.51
149.493
-2187.05
-2717.26
-2001.34
-1373.89
-951.79
-135.527
663.149
621.25
64.6596
-298.469
-436.582
-779.019
-891.786
93.1099
1845.13
3058.66
2991.93
2153.42
1233.71
333.644
-311.401
-241.051
497.621
1216.64
1313.88
931.099
374.509
-288.123
-1102.32
-1913.93
-2306.02
-2074.28
-1345.95
-512.104
-17.5874
-81.2125
-621.25
-1330.95
-1764.95
-1623.73
-1040.76
-455.204
-73.9706
147.424
237.43
152.597
-118.974
-432.961
-651.769
-609.87
-245.707
307.263
710.221
666.77
213.118
-350.714
-661.08
-631.078
-418.994
-245.189
-177.426
-200.703
-361.059
-569.522
-745.396
-916.615
-1052.66
-1056.8
-847.3
-583.489
-417.443
-373.474
-408.132
-337.265
-25.3466
512.622
1078.01
1487.17
1610.8
1445.27
1084.73
673.495
347.093
181.047
174.322
255.535
312.435
140.182
-291.744
-915.063
-1545.11
-1970.31
-2115.66
-2013.24
-1757.71
-1363.03
-968.343
-759.88
-657.976
-363.646
70.3497
607.801
1851.33
3593.52
4405.65
3451.79
2025.14
1569.94
1738.05
1931
2462.24
3027.62
2118.77
-466.584
-2648.98
-2884.85
-2034.45
-1335.09
-731.43
167.598
701.428
335.713
-392.613
-762.984
-891.786
-1109.56
-754.707
701.945
2436.89
3096.42
2490.17
1432.34
477.447
-216.222
-369.853
244.672
1177.32
1655.8
1419.93
741.775
-62.0732
-819.367
-1419.41
-1742.19
-1650.63
-1120.42
-393.131
68.7978
-16.0356
-594.869
-1388.37
-1984.79
-1997.72
-1355.27
-517.277
-13.4492
10.8628
-219.325
-443.824
-569.005
-561.763
-483.137
-342.437
-77.0743
278.295
569.005
622.284
326.402
-253.466
-805.918
-935.237
-590.73
-184.151
-1.55183
-61.556
-274.157
-579.868
-856.094
-937.823
-865.922
-823.505
-859.714
-897.476
-870.06
-821.436
-839.541
-788.848
-493.482
82.7643
730.395
1238.36
1482
1443.2
1189.22
904.718
791.951
791.434
827.126
841.61
881.44
771.26
343.472
-309.332
-981.275
-1516.66
-1787.71
-1717.88
-1458.72
-1258.54
-1201.12
-1271.98
-1355.78
-1219.74
-729.878
22.7602
865.922
2167.39
3657.15
4226.67
3342.64
2144.63
1932.55
2348.96
2778.3
3316.26
3677.84
2637.6
-23.2775
-2415.68
-2951.58
-2238.78
-1439.58
-728.843
154.149
492.448
-211.566
-1295.78
-1849.27
-1794.43
-1574.07
-815.746
762.466
2366.54
2860.54
2137.39
1068.69
245.189
-208.98
-51.2104
754.707
1725.64
2088.25
1564.76
550.9
-523.484
-1320.09
-1731.33
-1732.88
-1379.06
-897.993
-571.074
-639.354
-1056.28
-1611.32
-2111.52
-2320.5
-1955.82
-1029.38
-159.321
135.527
-99.3172
-546.762
-927.995
-1083.18
-879.888
-338.299
308.814
770.226
877.302
641.424
211.566
-335.196
-832.299
-891.786
-335.196
473.309
919.719
767.122
192.427
-528.657
-1103.87
-1256.47
-902.648
-310.366
46.5549
-48.624
-488.827
-966.791
-1301.47
-1414.24
-1139.04
-478.481
344.507
999.379
1307.16
1289.57
1033.52
732.982
636.251
856.094
1314.4
1710.12
1789.78
1478.9
826.609
45.0031
-641.941
-1028.86
-1136.97
-1103.87
-1119.9
-1407.51
-1897.89
-2293.61
-2330.33
-2030.31
-1467.52
-637.285
154.666
935.754
2103.25
3227.29
3326.09
2389.3
1928.93
2607.08
3496.28
4062.69
4470.83
4177.53
2126.53
-901.614
-2564.66
-2127.56
-1026.79
-385.889
12.9319
285.02
-353.818
-1816.68
-2911.75
-2908.65
-2314.81
-1612.87
-372.957
1319.57
2408.44
2138.42
1088.87
299.503
143.286
515.725
1409.58
2593.63
3329.71
2941.24
1635.63
215.705
-754.707
-1180.94
-1246.64
-1082.14
-884.544
-934.72
-1358.37
-2036.52
-2608.63
-2895.2
-2890.03
-2493.28
-1694.08
-802.814
-397.786
-668.839
-1178.87
-1342.85
-1091.97
-651.252
-54.8314
592.8
879.371
574.178
137.078
51.7277
72.9361
-127.25
-256.569
-21.7256
373.991
552.452
488.31
222.946
-290.71
-890.751
-1203.7
-978.688
-491.93
-180.53
-278.812
-683.323
-1095.59
-1362.51
-1395.61
-1106.97
-588.144
-91.0408
234.844
519.863
834.368
1070.76
1177.84
1196.46
1359.92
1678.56
1953.76
2003.41
1810.99
1500.1
1088.35
668.839
314.504
84.3162
-159.839
-676.598
-1410.1
-1984.27
-2189.12
-2167.39
-2099.11
-1874.09
-1474.76
-1086.28
-751.604
-3.10366
1594.25
3066.42
3210.22
2331.37
2046.87
2821.75
3595.08
4018.21
4486.34
4401.51
2557.94
-256.569
-1658.91
-1153.01
-448.479
-412.787
-408.132
-238.982
-892.303
-2392.41
-3470.93
-3442.48
-2973.83
-2487.59
-1360.44
325.367
1412.17
1145.77
257.087
-175.874
40.3476
656.942
1650.11
2845.54
3575.94
3265.05
2158.08
965.756
142.768
-226.567
-306.228
-256.052
-278.295
-557.107
-1152.49
-1912.37
-2517.07
-2854.33
-2943.31
-2760.71
-2274.47
-1678.05
-1383.72
-1489.76
-1692.53
-1623.22
-1187.67
-442.789
463.998
1206.81
1469.58
1165.94
685.392
445.893
486.758
625.905
743.844
870.06
893.855
651.769
168.632
-375.026
-813.677
-1075.94
-1060.94
-764.018
-407.097
-323.815
-690.565
-1294.74
-1763.4
-1860.13
-1593.21
-1150.94
-678.15
-312.953
-123.112
4.13822
221.395
585.558
978.171
1286.47
1559.59
1801.68
1897.89
1790.3
1593.73
1445.27
1311.3
1137.49
881.44
483.137
-56.9005
-620.732
-1115.25
-1585.97
-2006
-2221.19
-2198.43
-2100.14
-2025.66
-1908.75
-1707.01
-1369.23
-839.541
315.022
2085.66
3445.58
3514.38
2785.54
2617.94
3147.63
3676.29
4207.01
4767.74
4310.99
2181.36
-102.421
-725.222
-227.602
-35.1748
-281.399
-372.957
-604.697
-1593.21
-2696.57
-3077.28
-2868.82
-2654.15
-2251.19
-1133.87
189.323
728.843
314.504
-209.497
-190.358
276.743
1105.94
2271.88
3290.92
3451.79
2608.11
1456.13
632.63
274.157
217.256
215.705
142.768
-127.767
-592.8
-1184.05
-1851.85
-2507.76
-3025.55
-3114.53
-2626.22
-1903.58
-1497
-1607.7
-1922.2
-2130.15
-2079.45
-1648.04
-876.267
-135.527
182.599
309.849
576.247
812.642
763.501
585.04
678.15
1074.9
1534.24
1847.71
1793.4
1231.12
314.504
-466.584
-704.014
-480.033
-151.562
-163.977
-579.868
-1156.63
-1715.29
-2093.42
-2197.39
-1968.76
-1569.42
-1145.77
-660.563
-157.252
188.806
306.745
347.093
587.109
1046.97
1567.35
2022.55
2294.64
2289.47
1992.03
1634.6
1376.99
1154.56
783.157
319.677
-71.3842
-488.827
-1127.15
-1788.74
-2187.05
-2396.03
-2627.25
-2785.02
-2547.59
-2044.28
-1663.05
-1277.16
-125.698
1534.24
2422.41
2049.97
1653.22
2239.29
3119.7
3682.5
4370.47
5000
4163.05
1873.58
246.741
449.514
1120.42
1060.94
753.155
686.427
99.3172
-1312.85
-2500.52
-2710.01
-2541.9
-2611.21
-2324.64
-1313.88
-446.41
-568.487
-1209.39
-1382.68
-863.853
-60.0041
959.032
2166.87
2972.27
2770.54
1894.79
1248.19
1164.39
1331.47
1468.03
1549.24
1456.65
1012.31
234.844
-594.351
-1286.99
-1828.57
-2118.25
-2001.34
-1606.66
-1388.37
-1691.5
-2391.89
-3021.42
-3216.43
-2912.79
-2279.12
-1584.94
-1037.66
-749.017
-641.941
-521.933
-286.054
27.4157
413.304
956.963
1625.8
2105.83
2061.87
1560.11
970.929
594.869
498.655
705.049
1009.21
1014.38
491.93
-427.271
-1303.54
-1867.37
-2068.59
-1956.86
-1702.88
-1450.44
-1346.99
-1358.89
-1358.37
-1273.54
-1029.9
-607.283
15.5183
714.36
1348.54
1767.54
1904.1
1889.61
1863.23
1893.23
1917.55
1888.06
1829.09
1573.56
993.689
264.329
-433.995
-1060.94
-1482.52
-1651.67
-1783.05
-2086.7
-2393.96
-2466.89
-2382.06
-1774.26
-387.958
980.24
1178.36
617.629
786.778
1722.02
2498.97
3128.49
3994.93
4222.02
2947.44
1370.27
1197.5
1959.96
2138.42
1596.83
1265.78
1021.62
107.594
-1095.08
-1715.29
-1827.54
-2158.6
-2502.07
-2100.66
-1265.26
-1005.07
-1519.24
-2009.62
-1890.13
-1338.71
-550.383
412.787
1248.19
1520.79
1198.01
858.68
926.443
1271.98
1528.55
1552.87
1523.38
1453.55
1192.84
685.909
41.3822
-496.069
-834.885
-966.791
-896.958
-753.673
-849.369
-1419.41
-2148.77
-2571.38
-2561.56
-2341.71
-2101.18
-1816.68
-1517.69
-1315.44
-1188.7
-1028.35
-799.193
-496.069
-61.556
522.967
1151.46
1610.8
1668.74
1475.27
1355.78
1433.37
1576.14
1657.36
1659.42
1452.51
922.305
229.154
-328.471
-668.322
-916.615
-1095.59
-1183.01
-1275.09
-1395.1
-1553.38
-1692.01
-1729.26
-1572.52
-1180.94
-656.425
-128.802
284.502
571.074
771.777
967.308
1234.22
1506.83
1624.77
1557
1433.89
1326.3
1134.91
758.845
211.049
-347.093
-814.194
-1218.19
-1513.55
-1693.05
-1716.33
-1708.05
-1472.17
-740.223
50.1759
148.459
-324.333
-228.119
703.497
1630.46
2277.05
2976.93
3258.85
2322.06
913.511
755.224
1682.7
2325.16
2278.61
2106.87
1854.96
926.96
-235.878
-859.197
-941.962
-1044.38
-1221.81
-1057.31
-755.742
-887.13
-1506.31
-2097.04
-2138.94
-1699.77
-1010.76
-191.91
467.618
687.978
395.2
52.245
67.246
426.754
940.41
1296.81
1410.1
1228.02
848.852
430.375
40.3476
-173.805
-264.846
-272.088
-280.364
-371.405
-578.833
-1043.35
-1640.29
-2059.8
-2115.66
-1841.51
-1470.1
-1243.02
-1318.54
-1554.93
-1653.22
-1525.97
-1140.6
-574.695
-51.2104
232.257
320.194
439.168
578.833
712.808
954.893
1297.85
1579.76
1682.7
1673.39
1509.93
1110.08
641.941
311.401
189.323
173.288
110.18
-94.1444
-449.514
-820.401
-1074.38
-1166.46
-1094.04
-884.026
-669.357
-585.558
-574.695
-513.656
-362.094
-124.664
216.739
629.526
964.204
1073.35
975.067
802.814
667.287
617.112
584.006
527.623
340.886
-69.8324
-556.073
-915.063
-1032.48
-999.897
-712.291
-158.804
215.705
-23.2775
-585.04
-611.421
18.1047
702.462
1253.36
1870.47
2101.7
1386.82
364.68
220.877
827.643
1307.68
1543.04
1799.61
1815.64
1099.73
124.664
-409.166
-524.519
-639.872
-673.495
-326.402
3.62094
-240.534
-982.826
-1646.49
-1825.99
-1548.73
-945.065
-153.631
463.998
604.697
266.398
-91.0408
-99.8345
209.497
667.805
1089.9
1376.47
1377.51
1068.18
585.04
130.354
-143.803
-230.706
-168.115
-54.8314
-93.6271
-380.199
-842.127
-1316.99
-1671.32
-1827.02
-1711.15
-1434.41
-1195.94
-1145.77
-1256.98
-1383.72
-1421.99
-1281.3
-951.273
-526.588
-147.424
102.421
231.74
272.605
268.467
289.675
416.925
719.532
1041.8
1200.08
1171.63
1034.04
786.261
416.408
153.114
143.286
252.431
209.497
-19.6565
-292.779
-512.622
-695.22
-797.641
-746.431
-588.661
-492.965
-545.727
-570.557
-502.276
-397.269
-310.884
-83.7989
335.713
722.119
901.614
872.646
725.74
483.137
341.403
425.719
600.559
623.836
439.168
92.5926
-319.16
-580.902
-563.832
-181.564
297.952
432.444
36.7267
-359.508
-188.289
317.091
742.81
1201.12
1698.74
1583.39
745.396
217.774
623.319
1179.91
1315.44
1410.61
1638.73
1448.38
708.67
84.8334
-142.768
-303.642
-551.417
-567.97
-293.813
-171.736
-514.691
-1135.42
-1602.52
-1659.42
-1339.75
-771.26
-100.869
365.198
372.957
27.933
-195.531
-61.0387
279.33
656.942
979.723
1184.05
1116.8
809.021
403.993
65.6942
-126.733
-202.773
-183.633
-159.321
-203.807
-447.962
-878.854
-1240.43
-1385.79
-1411.65
-1392.51
-1274.05
-1116.28
-1091.97
-1234.22
-1352.16
-1360.44
-1256.47
-1037.66
-697.807
-361.059
-170.184
-85.868
-58.9696
33.623
199.669
366.232
541.589
736.603
878.854
839.023
717.981
625.905
481.068
259.673
117.939
158.804
192.944
48.624
-187.772
-388.992
-514.691
-578.833
-550.9
-436.582
-369.336
-420.029
-508.483
-542.624
-457.273
-276.743
-62.0732
176.909
406.58
520.381
454.169
368.301
367.267
420.546
469.17
472.274
437.616
257.604
-2.06911
-107.594
46.0377
437.099
809.021
816.78
360.542
-69.8324
36.2094
488.31
984.896
1536.31
1949.1
1627.87
648.665
95.6963
422.098
947.134
1237.33
1516.14
1753.05
1463.89
737.12
187.254
-14.4838
-186.737
-419.512
-368.301
-27.933
108.111
-237.947
-878.854
-1388.89
-1565.8
-1414.75
-905.752
-182.599
357.438
323.298
-101.386
-387.441
-309.332
30.5193
446.927
851.438
1119.9
1117.32
841.61
453.652
98.7999
-190.875
-365.198
-335.196
-201.221
-208.463
-441.237
-881.957
-1386.82
-1735.98
-1760.81
-1530.62
-1282.33
-1147.32
-1144.73
-1266.29
-1501.14
-1657.87
-1542.52
-1251.81
-910.408
-535.899
-241.051
-144.838
-265.88
-373.991
-277.261
-10.8628
313.987
563.832
731.43
787.813
680.737
456.756
257.604
214.67
271.053
314.504
384.337
429.34
287.089
-66.2115
-403.476
-489.344
-385.371
-170.184
5.69005
13.4492
-135.009
-356.404
-475.895
-405.545
-183.116
65.6942
280.364
431.409
448.479
343.472
249.328
244.155
272.088
262.777
249.328
338.299
474.86
738.154
1158.7
1386.82
1045.42
396.234
132.94
365.198
780.571
1329.92
1944.44
1977.55
1041.8
-28.4502
-192.427
259.156
622.802
923.34
1326.82
1447.34
946.1
333.644
24.8293
-157.252
-401.407
-452.1
-101.386
279.847
270.536
-144.32
-743.844
-1234.22
-1376.99
-1098.18
-500.207
93.6271
353.818
124.146
-291.744
-453.135
-268.984
97.7654
419.512
677.633
848.852
865.405
741.775
519.863
266.398
-10.3455
-207.428
-191.91
-10.3455
51.7277
-294.848
-949.721
-1497.52
-1725.64
-1668.74
-1431.31
-1135.94
-1001.97
-1173.18
-1449.93
-1565.28
-1489.24
-1393.54
-1290.09
-1034.04
-646.596
-356.404
-297.952
-368.301
-415.891
-398.821
-278.812
22.2429
433.995
690.048
596.938
347.093
206.911
172.253
163.977
196.565
295.882
384.337
346.576
207.428
61.0387
-85.868
-268.984
-386.406
-272.605
17.0701
235.878
227.602
5.69005
-273.122
-455.721
-468.136
-264.846
62.5905
304.676
318.643
201.221
133.975
114.836
114.318
128.285
227.085
359.508
437.099
766.087
1344.92
1602.01
1111.11
443.306
338.299
560.728
809.021
1409.06
2212.91
2138.42
961.618
-12.4146
-14.4838
287.606
460.377
802.814
1245.6
1135.42
559.176
205.359
97.2481
-124.664
-448.479
-490.896
-186.22
208.98
410.718
141.217
-492.965
-1026.79
-1198.01
-1053.69
-588.661
120.008
490.896
140.182
-411.235
-510.552
-205.359
75.0052
303.642
586.075
740.223
673.495
531.761
473.826
401.407
163.977
-82.2471
-72.9361
160.873
230.188
-138.63
-705.566
-1129.73
-1383.72
-1529.07
-1384.75
-1019.55
-921.788
-1225.43
-1495.97
-1443.72
-1330.44
-1328.37
-1256.98
-1006.1
-718.498
-530.726
-398.821
-275.709
-253.466
-381.75
-425.719
-169.15
257.087
486.24
403.476
253.466
175.357
84.8334
-2.06911
98.2826
321.746
371.922
223.981
108.628
75.0052
-18.622
-200.186
-299.503
-208.463
-28.4502
85.3507
77.5916
15.5183
-105.007
-286.054
-379.164
-272.605
-76.557
-29.4848
-97.2481
-23.2775
124.664
106.042
-28.4502
-35.1748
40.3476
72.9361
488.827
1312.33
1749.43
1269.92
590.73
503.311
631.078
699.876
1211.46
2030.83
2002.9
937.306
181.047
330.54
504.862
414.856
594.869
1041.28
1098.7
762.984
533.83
317.091
-96.2135
-536.934
-647.114
-361.059
103.973
405.545
160.873
-417.443
-775.916
-913.511
-983.861
-735.568
-63.6251
373.991
146.907
-144.32
-89.4889
-5.17277
-100.352
-36.2094
297.952
545.21
649.183
732.982
727.809
542.624
294.331
126.216
33.623
86.3853
205.359
124.146
-160.873
-480.033
-785.227
-1143.18
-1394.06
-1309.75
-1116.28
-1061.97
-1058.35
-1051.62
-1159.74
-1398.72
-1495.97
-1348.54
-1076.45
-790.917
-552.452
-381.75
-301.055
-297.952
-340.886
-299.503
-98.2826
154.149
336.23
484.689
618.146
579.35
295.882
30.5193
-6.20732
75.0052
148.976
212.601
274.674
168.632
-102.938
-343.472
-430.375
-367.267
-302.09
-254.5
-181.047
-149.493
-189.841
-266.915
-275.709
-208.98
-181.047
-136.044
-25.8639
130.354
224.498
229.154
199.669
220.877
380.199
648.665
917.132
1081.63
1112.66
1039.73
915.58
884.026
1024.73
1165.43
1183.01
1057.83
853.507
602.11
391.061
358.473
431.926
469.688
496.586
544.175
545.21
458.307
316.056
153.631
-47.0722
-209.497
-223.981
-124.664
-53.2795
-86.9025
-227.085
-420.029
-552.969
-534.347
-414.339
-308.297
-221.912
-153.114
-126.216
-107.076
-47.5895
54.8314
112.249
123.112
159.839
252.431
356.404
423.133
455.204
398.821
254.5
110.697
41.3822
11.8974
-27.933
-81.2125
-201.221
-475.378
-812.125
-1024.73
-1100.25
-1150.42
-1154.05
-1071.8
-1013.86
-1051.11
-1147.32
-1188.7
-1151.98
-1054.73
-909.89
-766.087
-597.455
-432.961
-346.576
-334.678
-307.263
-192.944
-85.868
16.5529
212.601
448.479
556.073
495.551
416.408
349.679
259.673
235.878
305.193
378.647
373.474
278.812
131.388
-49.6586
-204.324
-290.192
-317.608
-308.814
-275.709
-240.534
-247.258
-265.88
-261.225
-245.189
-200.703
-94.6617
75.0052
218.808
298.469
396.752
545.21
709.704
879.371
1035.59
1134.39
1165.94
1182.5
1237.84
1305.61
1320.09
1265.26
1141.11
935.754
720.567
564.867
439.685
310.366
181.564
83.2816
8.27643
-58.9696
-106.559
-145.872
-194.496
-229.154
-191.393
-97.2481
-25.8639
2.06911
-18.1047
-99.3172
-197.6
-227.602
-169.667
-75.5224
11.3801
46.0377
2.06911
-80.6952
-145.872
-163.46
-152.597
-120.526
-71.3842
-31.0366
-12.4146
-6.20732
-32.5885
-114.836
-189.841
-190.358
-98.7999
-14.4838
-26.8984
-131.388
-309.849
-485.206
-572.626
-582.971
-567.453
-576.247
-646.596
-735.568
-821.436
-888.165
-911.442
-913.511
-891.268
-828.161
-748.5
-672.977
-622.284
-607.801
-608.835
-602.11
-552.969
-469.17
-389.51
-305.193
-208.98
-136.561
-84.8334
-52.245
-10.8628
70.3497
145.355
197.6
221.912
240.534
278.812
312.953
327.954
308.297
262.777
210.532
169.15
141.217
122.595
98.2826
52.7623
9.82826
-24.8293
-41.3822
-48.1068
-55.8659
-53.7968
-14.4838
100.869
268.984
435.547
552.969
629.526
684.875
752.121
866.439
1044.9
1244.05
1383.72
1431.82
1408.03
1328.88
1212.5
1103.35
1015.41
937.823
858.163
774.364
641.941
442.789
201.738
-41.3822
-244.155
-373.991
-412.787
-402.959
-399.338
-407.614
-418.994
-432.444
-435.03
-403.993
-337.782
-266.398
-198.117
-117.939
-42.934
21.7256
85.3507
119.491
103.455
66.7287
55.8659
72.9361
89.4889
108.111
98.2826
9.31099
-140.699
-251.914
-303.642
-345.541
-394.165
-455.721
-512.622
-558.142
-604.697
-656.425
-714.877
-766.087
-788.848
-795.055
-773.329
-711.773
-676.081
-707.635
-767.639
-792.468
-756.776
-681.254
-593.317
-498.655
-415.891
-361.577
-328.988
-319.16
-319.677
-307.263
-290.192
-277.261
-258.639
-233.809
-200.703
-172.253
-143.803
-108.111
-84.8334
-67.7633
-35.1748
9.31099
64.6596
129.837
176.909
204.842
222.946
256.569
310.884
352.266
360.025
360.025
370.888
399.338
441.755
451.066
413.304
352.266
284.502
243.637
222.429
227.602
291.227
363.646
401.407
407.614
422.615
455.204
471.239
486.24
565.901
710.221
865.405
973.515
1016.45
1016.97
987.482
934.72
884.026
882.475
895.924
885.061
810.056
663.149
482.619
269.501
52.7623
-109.145
-186.737
-213.635
-259.156
-341.92
-430.375
-526.588
-588.144
-572.108
-486.24
-375.543
-302.09
-267.432
-253.983
-244.155
-235.361
-220.877
-177.426
-97.2481
-11.3801
21.2084
17.5874
20.1738
13.9665
-8.79371
-53.2795
-107.594
-165.529
-240.017
-314.504
-364.163
-399.855
-440.72
-508.483
-590.73
-650.735
-676.598
-685.392
-677.633
-649.7
-630.043
-609.352
-608.318
-626.423
-638.837
-646.079
-646.596
-627.457
-554.521
-442.789
-336.747
-269.501
-252.431
-250.362
-243.12
-228.636
-187.254
-122.077
-46.0377
-4.65549
-9.31099
-32.5885
-71.3842
-100.352
-111.732
-99.8345
-54.3141
2.06911
63.1078
127.767
180.53
215.187
220.36
223.464
236.913
279.33
355.887
408.132
445.893
473.309
491.93
500.724
465.032
411.753
386.406
420.546
500.207
559.176
558.659
493.482
390.544
302.607
279.847
350.714
435.03
459.859
430.892
400.89
413.304
438.134
475.895
517.277
552.452
597.455
659.011
731.43
748.5
682.288
565.901
433.478
341.92
291.744
248.81
191.91
92.5926
-34.1403
-167.08
-303.642
-418.477
-493.482
-516.76
-498.138
-455.204
-407.097
-372.439
-358.473
-370.888
-380.199
-358.99
-291.227
-198.117
-111.732
-20.6911
42.4167
54.8314
38.7958
22.7602
20.6911
11.3801
-42.4167
-86.3853
-118.974
-212.601
-337.265
-409.683
-438.134
-490.379
-551.935
-577.281
-581.419
-632.113
-691.082
-677.116
-621.25
-591.765
-597.455
-597.455
-564.867
-516.242
-459.859
-393.131
-330.023
-281.916
-273.64
-253.983
-173.288
-84.8334
-50.1759
-40.8649
4.65549
55.8659
55.8659
36.2094
45.5204
59.4869
47.5895
50.6932
87.4198
130.354
154.149
134.492
115.87
125.698
131.906
129.837
123.629
140.699
163.977
167.598
200.186
267.95
310.884
299.503
293.296
340.886
403.476
429.857
442.789
474.86
498.138
474.86
426.236
382.785
350.197
303.642
248.81
227.085
229.671
234.327
227.085
203.29
174.84
150.01
143.803
184.668
261.225
341.403
408.649
452.617
472.791
463.48
440.72
430.892
427.788
409.683
363.646
276.743
172.771
88.4544
23.2775
-35.6921
-107.594
-197.083
-280.364
-341.403
-370.37
-368.301
-356.404
-335.713
-304.676
-264.329
-216.222
-175.357
-159.839
-152.079
-125.698
-68.2806
15.5183
87.9371
108.628
74.4879
8.27643
-62.5905
-131.388
-198.117
-249.845
-301.055
-358.99
-402.442
-428.305
-449.514
-483.654
-521.933
-529.692
-506.932
-473.826
-437.616
-405.545
-394.682
-399.855
-394.682
-361.059
-320.194
-297.952
-287.089
-278.295
-270.536
-250.879
-223.981
-198.117
-166.046
-129.319
-92.0753
-61.556
-36.2094
-12.4146
-4.13822
-0.517277
23.2775
47.0722
53.2795
64.6596
78.6261
90.5235
105.525
125.698
147.424
150.01
135.009
125.181
118.456
102.421
87.4198
80.6952
87.9371
99.3172
115.87
158.804
213.635
249.845
263.294
284.502
331.575
382.268
404.511
414.339
429.857
421.064
379.164
340.886
323.298
289.675
220.36
160.356
138.113
121.043
104.49
123.629
167.08
204.324
224.498
249.328
296.4
341.403
365.715
366.749
342.437
319.677
304.159
282.433
276.226
294.331
284.502
203.807
98.2826
24.8293
-20.6911
-67.7633
-103.455
-110.18
-123.112
-148.459
-148.459
-122.077
-116.387
-151.562
-191.91
-189.841
-138.63
-50.1759
45.0031
84.8334
61.0387
13.4492
-31.5539
-83.2816
-127.25
-154.666
-189.841
-260.19
-327.954
-355.887
-388.475
-458.307
-517.277
-533.313
-528.657
-509.518
-471.239
-429.34
-413.304
-419.512
-415.373
-391.579
-352.783
-311.918
-285.02
-266.398
-235.361
-198.117
-178.461
-168.115
-151.045
-127.25
-116.905
-102.421
-69.8324
-40.8649
-38.2785
-50.1759
-46.0377
-30.5193
-10.8628
3.10366
25.3466
42.4167
41.8994
47.5895
72.4188
96.7308
114.836
140.182
158.804
161.39
152.597
157.77
162.425
147.424
145.872
156.218
161.39
161.39
181.564
199.152
195.013
188.806
199.152
211.566
214.153
228.636
227.085
206.394
186.22
173.805
160.873
141.734
115.87
76.557
39.8303
30.0021
63.6251
99.8345
108.111
110.697
123.629
167.08
231.74
305.193
364.163
386.923
393.131
423.65
473.309
509.001
499.69
442.789
364.163
278.295
217.774
183.116
125.181
39.3131
-52.7623
-125.698
-163.46
-173.288
-183.633
-213.118
-249.328
-259.673
-226.05
-169.667
-112.249
-76.557
-68.2806
-73.9706
-72.9361
-59.4869
-55.8659
-76.0397
-111.215
-147.424
-182.082
-215.705
-258.121
-309.332
-370.37
-429.857
-458.307
-454.169
-437.616
-429.34
-431.409
-432.444
-415.373
-375.026
-330.54
-297.952
-270.536
-249.845
-221.395
-180.012
-137.078
-106.042
-105.007
-109.663
-99.8345
-73.9706
-36.2094
1.03455
13.9665
16.0356
24.312
53.7968
110.697
158.804
184.668
196.048
196.565
202.773
220.877
230.706
223.464
212.084
199.669
187.772
175.874
168.115
151.045
117.939
89.4889
75.0052
72.4188
75.5224
73.9706
64.1424
55.3486
54.8314
65.6942
72.9361
65.1769
51.7277
31.5539
8.79371
-10.8628
-25.8639
-31.5539
-48.1068
-68.7978
-67.246
-70.3497
-71.9015
-67.246
-64.1424
-50.6932
-25.8639
8.27643
57.4178
106.559
140.182
169.15
196.048
224.498
257.604
298.469
333.644
373.991
399.855
386.923
362.611
334.161
290.71
233.809
170.184
113.284
57.935
-0.517277
-41.8994
-76.557
-108.628
-133.975
-162.425
-180.012
-181.564
-167.598
-142.251
-118.974
-74.4879
-19.6565
11.8974
32.5885
50.1759
49.6586
29.4848
4.65549
-3.10366
-7.75916
-41.8994
-88.4544
-130.354
-177.943
-225.533
-258.639
-282.433
-304.159
-314.504
-317.608
-309.332
-292.779
-271.053
-256.052
-241.051
-213.635
-170.701
-131.388
-101.904
-72.9361
-50.1759
-47.5895
-56.3832
-55.3486
-50.6932
-49.6586
-50.1759
-39.3131
-23.2775
-8.79371
5.17277
19.6565
31.5539
28.9675
22.2429
24.312
28.9675
38.7958
51.7277
60.5214
63.1078
57.4178
39.3131
7.24188
-23.7947
-39.3131
-54.3141
-67.7633
-62.0732
-57.935
-62.0732
-67.7633
-73.9706
-77.5916
-82.7643
-78.6261
-45.5204
-9.82826
10.8628
28.4502
32.0712
33.1057
25.8639
18.1047
23.2775
34.1403
53.2795
81.2125
111.215
129.319
145.872
165.529
180.012
189.323
214.153
245.707
278.295
306.745
334.161
358.473
372.957
382.268
386.406
379.164
360.025
346.058
333.644
308.814
262.777
214.67
159.321
92.0753
36.7267
-12.4146
-48.1068
-66.7287
-61.556
-50.6932
-45.5204
-38.7958
-26.3811
-20.6911
-17.0701
2.06911
30.5193
62.5905
85.868
113.801
117.939
93.1099
70.867
43.9685
1.55183
-40.8649
-78.6261
-121.56
-173.805
-225.533
-271.053
-324.333
-372.957
-414.856
-445.893
-465.549
-468.136
-450.031
-433.478
-411.753
-373.991
-333.644
-301.055
-262.777
-219.843
-188.806
-168.115
-140.182
-108.111
-80.6952
-52.245
-25.3466
-8.27643
-3.10366
-6.7246
-9.82826
-11.8974
-15.5183
-20.6911
-28.9675
-45.0031
-63.1078
-77.5916
-94.6617
-105.525
-101.386
-90.5235
-77.0743
-66.7287
-71.3842
-74.4879
-76.557
-90.0062
-90.5235
-88.9717
-87.4198
-70.867
-53.7968
-32.5885
-19.6565
-9.31099
2.58639
15.001
31.5539
53.7968
72.9361
90.5235
111.732
127.25
139.665
147.424
160.356
180.53
195.013
204.324
215.705
214.67
205.359
217.256
249.328
279.847
310.884
335.196
349.679
364.68
377.612
400.372
417.443
422.615
420.029
401.407
385.889
375.026
356.404
330.023
297.952
253.983
211.049
165.529
126.733
109.663
98.2826
85.3507
69.3151
50.6932
34.6576
31.5539
43.9685
72.4188
105.525
124.146
127.767
123.629
120.008
108.628
92.5926
83.2816
63.6251
22.7602
-38.7958
-116.905
-205.359
-285.537
-345.024
-387.958
-425.719
-463.48
-500.207
-529.174
-550.383
-554.521
-546.762
-532.278
-496.069
-443.306
-388.475
-340.886
-297.952
-274.674
-260.19
-235.361
-193.462
-139.148
-92.5926
-55.3486
-40.3476
-53.7968
-84.8334
-114.836
-127.767
-131.906
-138.113
-151.045
-176.391
-213.635
-252.431
-286.571
-305.711
-299.503
-280.364
-259.156
-240.534
-225.016
-211.566
-201.221
-192.427
-172.253
-135.527
-91.558
-47.5895
-9.31099
18.622
34.6576
45.5204
66.7287
103.455
144.32
175.357
195.013
199.669
193.979
187.772
184.668
190.875
208.463
237.947
264.846
285.537
306.228
320.194
330.54
334.161
340.368
357.956
381.75
408.649
423.133
423.133
410.201
391.061
386.406
397.786
415.891
436.065
446.927
453.135
449.514
434.513
410.201
379.681
352.266
326.402
296.4
261.225
221.395
181.047
145.355
114.836
97.7654
89.4889
86.9025
85.868
85.868
83.7989
75.0052
64.1424
53.2795
41.8994
30.5193
16.5529
-4.13822
-38.7958
-91.558
-155.183
-217.256
-264.846
-301.573
-328.988
-359.508
-399.338
-447.445
-496.069
-534.347
-556.073
-555.038
-540.037
-510.035
-474.343
-442.789
-414.856
-390.544
-364.68
-333.644
-300.021
-264.329
-224.498
-187.254
-160.356
-152.079
-162.425
-181.564
-202.773
-222.429
-240.534
-260.19
-281.916
-309.849
-340.368
-366.749
-385.889
-394.165
-392.613
-380.716
-358.99
-331.057
-297.952
-258.121
-213.635
-166.046
-118.456
-73.9706
-30.5193
10.3455
47.0722
83.2816
116.905
151.562
191.393
232.775
273.122
308.297
332.092
343.989
346.576
341.92
339.851
339.334
339.334
343.472
342.955
340.368
336.23
327.436
323.298
319.677
324.333
341.403
365.198
388.992
406.062
410.718
407.614
399.855
387.958
381.233
374.509
369.336
376.06
385.371
396.752
402.959
391.579
366.232
330.023
289.675
257.087
226.567
201.221
180.53
159.321
140.182
119.491
91.0408
55.3486
18.1047
-16.5529
-34.1403
-34.1403
-23.7947
-7.24188
0.517277
-4.65549
-21.2084
-56.9005
-98.2826
-140.182
-180.53
-208.463
-225.016
-240.534
-264.329
-310.884
-373.474
-437.616
-496.069
-532.278
-540.555
-531.761
-511.587
-485.723
-457.273
-426.236
-399.338
-387.441
-380.716
-376.578
-356.921
-313.987
-260.708
-202.773
-160.873
-144.838
-146.389
-161.39
-183.633
-210.014
-238.982
-262.259
-273.64
-276.226
-273.122
-275.191
-291.744
-314.504
-336.747
-350.197
-335.713
-303.642
-258.639
-201.738
-142.251
-78.6261
-23.7947
15.001
48.1068
72.9361
97.7654
138.113
189.841
248.81
305.193
341.92
361.577
371.922
371.922
369.336
366.749
360.542
361.059
358.473
358.99
361.059
353.818
341.403
323.815
302.607
285.02
275.191
272.088
283.468
293.296
297.952
301.055
298.986
298.986
299.503
294.848
292.779
297.434
297.952
302.09
307.78
314.504
321.229
318.125
307.78
288.123
253.983
221.395
194.496
171.219
150.01
124.664
93.6271
58.4523
19.6565
-22.2429
-60.5214
-92.5926
-114.836
-127.25
-132.94
-133.457
-140.699
-150.528
-161.39
-172.253
-178.461
-179.495
-178.461
-177.943
-184.151
-198.634
-215.187
-237.43
-266.398
-294.331
-322.264
-345.024
-365.198
-387.958
-414.856
-440.203
-456.756
-463.48
-452.617
-427.788
-394.682
-360.025
-327.436
-297.434
-266.398
-234.327
-202.255
-166.563
-130.354
-98.2826
-76.0397
-64.6596
-69.8324
-87.4198
-110.18
-130.871
-145.872
-154.149
-160.873
-168.115
-175.874
-189.841
-203.807
-211.049
-205.359
-182.599
-145.355
-97.7654
-43.4513
10.8628
59.4869
101.904
140.699
181.564
219.843
256.052
293.813
328.471
351.748
366.232
374.509
371.922
364.163
351.231
337.782
324.85
314.504
307.78
303.124
302.607
296.4
277.778
246.224
211.566
179.495
150.01
131.388
123.629
128.285
141.217
151.562
158.804
162.942
159.839
153.631
153.114
161.908
183.116
207.945
230.706
243.12
243.12
233.292
218.808
200.186
173.805
143.286
118.974
100.869
79.6607
53.7968
21.2084
-19.1393
-63.1078
-109.663
-148.976
-175.874
-191.393
-199.152
-203.29
-204.842
-203.29
-206.394
-208.463
-207.428
-198.634
-182.082
-162.942
-141.734
-124.664
-117.939
-120.526
-128.285
-144.32
-163.977
-182.599
-198.117
-210.532
-226.567
-242.086
-256.569
-266.915
-269.501
-262.259
-246.741
-221.395
-195.013
-171.219
-147.941
-123.112
-94.6617
-69.3151
-50.1759
-31.5539
-17.5874
-13.9665
-15.5183
-24.312
-39.3131
-53.7968
-69.8324
-82.2471
-96.7308
-113.801
-129.837
-141.734
-148.459
-146.907
-137.596
-122.077
-100.869
-80.1779
-54.3141
-25.8639
3.10366
32.5885
60.5214
83.2816
108.111
131.388
146.389
160.356
172.253
182.599
193.979
206.394
216.739
223.981
223.981
218.291
208.463
198.634
192.427
185.185
174.84
162.425
147.941
131.388
115.353
101.386
94.1444
83.7989
76.0397
76.557
79.1434
81.2125
87.4198
99.8345
111.215
121.56
137.596
156.218
171.736
187.772
200.186
210.014
220.36
223.981
220.36
210.014
192.944
170.184
141.217
109.145
75.0052
36.2094
-3.62094
-42.4167
-83.2816
-118.974
-149.493
-177.426
-197.6
-209.497
-215.187
-214.153
-208.463
-199.669
-186.22
-169.667
-151.045
-133.457
-114.836
-100.869
-92.0753
-85.3507
-80.1779
-78.6261
-86.3853
-96.7308
-110.697
-131.388
-150.01
-166.046
-180.012
-183.116
-183.633
-189.323
-191.393
-191.393
-192.944
-189.323
-178.978
-164.494
-146.907
-129.319
-109.663
-93.1099
-77.5916
-58.9696
-45.0031
-34.1403
-19.6565
-8.79371
-2.06911
5.17277
6.7246
5.69005
2.58639
-4.13822
-11.3801
-18.1047
-26.3811
-32.5885
-37.2439
-34.1403
-24.312
-12.4146
3.10366
23.7947
45.0031
67.7633
87.4198
109.663
136.044
158.804
185.185
210.532
228.119
243.637
253.466
252.948
248.81
240.534
229.671
215.187
199.669
183.633
166.563
146.389
127.25
108.628
90.0062
75.5224
61.556
53.2795
51.2104
49.1413
55.8659
62.5905
69.3151
79.1434
83.7989
89.4889
93.6271
97.2481
99.3172
101.386
99.3172
93.6271
88.4544
76.557
65.1769
50.6932
34.6576
20.1738
1.55183
-17.5874
-38.2785
-61.0387
-84.3162
-107.076
-130.871
-149.493
-166.563
-181.564
-188.806
-196.048
-198.117
-192.944
-189.323
-178.461
-163.977
-147.424
-131.906
-117.939
-104.49
-91.558
-82.7643
-78.6261
-75.0052
-77.0743
-82.2471
-90.0062
-101.386
-112.766
-124.664
-138.113
-150.528
-164.494
-173.805
-178.461
-181.564
-177.426
-169.667
-162.425
-146.907
-131.388
-114.836
-94.1444
-73.9706
-47.5895
-22.7602
2.06911
26.8984
47.5895
64.1424
75.5224
84.3162
87.9371
91.0408
91.0408
87.9371
80.6952
69.8324
56.9005
43.4513
33.1057
24.312
16.5529
10.8628
7.75916
8.27643
13.9665
28.4502
46.0377
66.7287
90.0062
113.284
137.596
161.908
188.289
212.601
230.188
245.189
256.052
262.259
263.294
259.673
248.293
233.809
214.153
191.393
168.632
142.768
117.422
90.5235
66.2115
46.0377
29.4848
19.6565
11.8974
6.20732
2.58639
0.517277
1.03455
5.69005
13.4492
21.2084
28.9675
38.2785
43.9685
45.5204
43.9685
37.2439
25.8639
11.3801
-5.17277
-21.2084
-39.8303
-60.0041
-80.1779
-102.938
-123.112
-141.734
-157.252
-169.667
-180.012
-185.702
-187.772
-189.841
-187.254
-183.116
-178.978
-175.874
-170.184
-161.908
-150.01
-136.561
-120.526
-105.007
-95.179
-88.9717
-86.9025
-83.2816
-79.1434
-77.5916
-79.6607
-82.7643
-87.4198
-93.6271
-98.7999
-105.007
-109.145
-113.801
-114.836
-109.663
-100.869
-90.5235
-77.5916
-62.5905
-45.0031
-27.4157
-8.79371
11.3801
32.5885
54.3141
72.4188
86.3853
99.8345
112.249
119.491
126.733
131.388
131.906
127.25
120.008
110.697
97.7654
82.2471
67.246
55.8659
42.934
35.1748
27.933
20.1738
18.622
17.5874
20.1738
27.4157
38.7958
53.2795
68.2806
83.2816
101.904
120.526
135.009
150.01
163.977
173.288
179.495
181.564
176.909
168.115
156.218
138.63
122.595
106.042
87.9371
65.1769
42.934
22.2429
0.517277
-19.6565
-37.7612
-54.3141
-67.7633
-74.4879
-76.0397
-74.4879
-71.3842
-67.246
-57.935
-48.1068
-37.7612
-27.933
-17.5874
-10.3455
-6.7246
-4.65549
-7.75916
-10.8628
-19.1393
-31.5539
-43.9685
-51.7277
-57.4178
-58.9696
-58.4523
-57.4178
-55.3486
-56.9005
-55.3486
-53.2795
-49.6586
-46.0377
-43.9685
-39.8303
-39.8303
-38.2785
-36.2094
-35.6921
-38.2785
-38.7958
-37.7612
-38.2785
-34.1403
-31.0366
-32.0712
-35.1748
-38.2785
-43.4513
-50.6932
-57.4178
-62.5905
-65.1769
-65.1769
-60.5214
-53.7968
-48.1068
-41.8994
-40.3476
-36.7267
-26.8984
-16.5529
-6.20732
5.17277
17.0701
27.933
36.2094
44.4858
51.2104
56.9005
63.1078
68.2806
73.4533
75.5224
71.3842
65.6942
55.8659
42.4167
27.933
15.001
1.55183
-12.9319
-28.9675
-44.4858
-56.3832
-66.7287
-73.4533
-75.5224
-74.4879
-68.7978
-58.4523
-43.4513
-24.312
-3.62094
15.001
32.5885
51.2104
68.2806
84.3162
98.2826
105.007
107.594
104.49
99.8345
91.0408
79.1434
65.1769
48.1068
31.0366
12.9319
-2.58639
-16.5529
-33.623
-50.6932
-63.6251
-73.4533
-78.6261
-84.8334
-88.4544
-89.4889
-88.4544
-83.2816
-73.9706
-58.4523
-40.8649
-23.2775
-5.69005
9.31099
23.7947
37.2439
51.2104
60.0041
65.6942
69.8324
72.4188
73.9706
71.9015
66.2115
60.5214
56.9005
51.2104
42.934
33.623
23.2775
11.8974
-1.03455
-12.4146
-20.1738
-26.3811
-28.9675
-30.0021
-28.9675
-23.7947
-16.5529
-8.79371
-2.58639
2.58639
7.24188
11.3801
16.0356
18.1047
20.1738
20.6911
19.6565
19.1393
21.7256
24.312
25.3466
23.2775
22.2429
20.6911
19.6565
18.622
13.9665
11.3801
9.82826
5.69005
4.65549
5.69005
3.10366
-1.03455
-7.75916
-12.4146
-15.5183
-18.1047
-20.1738
-25.8639
-33.1057
-39.8303
-43.4513
-45.0031
-48.624
-51.2104
-56.9005
-63.1078
-69.8324
-77.0743
-81.2125
-85.868
-90.0062
-91.558
-91.558
-87.9371
-82.7643
-78.1088
-72.4188
-65.1769
-54.8314
-42.934
-32.5885
-20.6911
-9.31099
-1.03455
6.7246
10.8628
13.4492
15.001
15.001
14.4838
10.3455
6.20732
1.55183
-6.7246
-15.001
-23.7947
-31.5539
-39.3131
-47.0722
-51.2104
-56.9005
-63.1078
-67.7633
-69.8324
-68.2806
-62.0732
-51.7277
-37.7612
-20.6911
-3.62094
12.9319
30.0021
48.1068
66.7287
83.7989
96.7308
108.628
119.491
126.733
133.975
141.217
142.251
139.665
136.561
130.354
125.181
118.974
111.732
103.455
93.1099
83.2816
74.4879
64.1424
56.9005
48.624
40.3476
33.1057
29.4848
30.5193
34.1403
38.7958
43.4513
46.5549
49.1413
54.3141
58.9696
62.5905
67.246
69.3151
71.3842
72.9361
70.867
66.7287
59.4869
53.2795
49.1413
47.5895
47.0722
46.5549
41.3822
33.623
24.8293
16.0356
8.27643
0.517277
-8.27643
-18.622
-28.4502
-35.6921
-43.4513
-53.7968
-64.1424
-75.0052
-85.868
-92.0753
-97.2481
-103.455
-108.111
-114.318
-121.043
-125.698
-128.285
-129.319
-130.871
-132.423
-129.837
-126.216
-120.526
-115.353
-111.215
-107.594
-100.869
-95.179
-86.9025
-81.2125
-78.1088
-74.4879
-69.3151
-63.1078
-60.0041
-58.4523
-60.5214
-65.6942
-72.4188
-77.5916
-84.3162
-91.0408
-98.7999
-107.076
-113.801
-117.939
-122.077
-125.181
-125.181
-123.112
-118.456
-108.628
-97.7654
-84.8334
-70.867
-55.8659
-36.7267
-15.5183
8.79371
33.1057
56.9005
81.2125
102.938
125.698
145.872
160.873
172.771
180.53
185.185
188.806
190.358
187.772
186.737
184.151
180.53
176.909
171.219
163.977
155.7
145.872
137.596
130.871
122.077
113.284
102.938
93.6271
89.4889
87.4198
85.3507
85.868
88.4544
91.558
97.2481
100.869
101.904
99.8345
95.6963
94.6617
92.5926
88.9717
83.7989
77.0743
69.3151
61.556
51.2104
42.4167
35.1748
26.3811
17.0701
5.69005
-5.69005
-15.5183
-28.4502
-43.4513
-58.4523
-72.4188
-85.868
-98.2826
-109.145
-116.905
-124.664
-130.871
-135.009
-139.148
-140.699
-140.699
-144.32
-144.838
-143.286
-138.113
-130.871
-123.112
-113.284
-101.386
-89.4889
-75.5224
-63.6251
-54.3141
-45.0031
-37.2439
-34.6576
-32.0712
-30.0021
-28.9675
-24.8293
-21.2084
-19.6565
-19.6565
-20.1738
-20.6911
-25.8639
-32.5885
-41.8994
-51.7277
-59.4869
-67.246
-77.5916
-86.3853
-93.1099
-99.3172
-106.042
-112.766
-115.87
-117.422
-117.939
-113.801
-107.076
-98.2826
-85.868
-73.4533
-60.0041
-41.3822
-23.7947
-6.20732
10.8628
30.0021
49.1413
66.2115
82.7643
98.7999
111.732
121.56
130.354
132.94
132.94
130.354
121.043
111.215
101.904
91.558
82.7643
73.4533
65.6942
60.0041
52.7623
46.0377
43.4513
39.3131
33.623
31.5539
31.5539
36.2094
47.5895
56.3832
65.1769
76.557
88.4544
96.7308
104.49
111.732
116.905
121.56
124.146
126.733
129.837
130.871
129.837
125.181
118.974
110.697
99.8345
89.4889
76.0397
61.556
45.5204
29.4848
16.0356
2.58639
-15.001
-32.5885
-47.5895
-62.0732
-73.4533
-83.2816
-92.0753
-97.7654
-98.2826
-98.2826
-95.179
-91.0408
-88.9717
-86.3853
-84.3162
-81.2125
-74.4879
-69.3151
-65.6942
-60.5214
-55.3486
-50.1759
-45.0031
-43.9685
-42.4167
-43.4513
-47.5895
-51.2104
-53.2795
-53.2795
-54.8314
-57.935
-60.5214
-60.0041
-58.4523
-61.0387
-63.1078
-63.6251
-65.1769
-66.7287
-68.7978
-70.867
-72.4188
-75.5224
-76.0397
-74.4879
-73.4533
-73.4533
-72.9361
-70.867
-66.7287
-59.4869
-52.245
-42.4167
-31.0366
-21.7256
-10.8628
3.62094
19.1393
30.5193
43.4513
53.7968
64.1424
73.4533
80.1779
85.3507
90.5235
95.179
95.6963
94.6617
88.9717
82.7643
78.1088
69.3151
59.4869
47.0722
34.1403
23.2775
13.9665
4.65549
-2.06911
-7.24188
-11.8974
-13.9665
-17.0701
-17.0701
-11.8974
-5.69005
0.517277
8.27643
17.0701
26.8984
39.8303
50.1759
61.0387
71.3842
81.2125
92.5926
99.8345
105.007
105.525
105.007
102.938
96.7308
87.4198
76.0397
63.1078
49.6586
35.1748
19.1393
5.69005
-9.82826
-24.312
-40.3476
-56.3832
-68.7978
-78.6261
-85.868
-92.5926
-95.6963
-93.6271
-90.5235
-81.2125
-72.4188
-62.0732
-49.6586
-36.7267
-24.312
-14.4838
-5.17277
5.17277
16.0356
23.2775
31.0366
35.6921
39.8303
43.4513
44.4858
43.4513
39.8303
35.1748
31.0366
23.7947
13.9665
6.20732
-4.13822
-17.5874
-27.933
-40.3476
-49.1413
-59.4869
-70.867
-78.6261
-85.868
-91.0408
-92.5926
-94.1444
-94.1444
-91.0408
-86.9025
-81.2125
-74.4879
-67.7633
-59.4869
-51.7277
-43.4513
-36.2094
-27.4157
-19.1393
-9.82826
1.03455
7.75916
16.5529
25.8639
34.1403
45.5204
55.3486
65.1769
74.4879
81.2125
86.9025
88.9717
88.9717
88.9717
84.8334
77.5916
68.7978
58.4523
48.624
37.7612
25.3466
15.001
5.17277
-3.10366
-9.31099
-15.5183
-17.5874
-17.0701
-16.0356
-11.8974
-6.7246
1.55183
12.4146
21.7256
31.5539
41.8994
48.624
54.8314
59.4869
60.0041
62.5905
62.5905
62.5905
63.6251
60.5214
60.5214
55.8659
47.5895
38.2785
24.312
9.31099
-6.20732
-21.2084
-32.5885
-43.9685
-54.8314
-64.1424
-72.4188
-81.7298
-89.4889
-97.2481
-104.49
-110.18
-112.766
-112.249
-109.145
-104.49
-96.2135
-88.4544
-78.1088
-69.3151
-60.0041
-50.6932
-43.4513
-35.6921
-26.8984
-16.0356
-7.24188
1.03455
7.24188
10.3455
14.4838
12.9319
8.79371
3.10366
-3.62094
-7.24188
-8.79371
-12.9319
-14.4838
-15.5183
-15.001
-10.3455
-6.20732
-1.55183
3.62094
8.79371
17.5874
26.8984
33.623
39.8303
40.8649
43.9685
47.0722
50.6932
54.8314
53.7968
52.7623
53.2795
51.7277
52.7623
52.245
48.624
46.0377
42.4167
40.3476
39.8303
42.4167
44.4858
47.5895
48.624
48.624
47.0722
45.0031
42.4167
38.7958
36.7267
32.0712
29.4848
24.8293
21.2084
16.0356
10.8628
7.75916
4.13822
-1.03455
-8.27643
-11.8974
-15.001
-12.9319
-11.8974
-10.3455
-9.82826
-9.82826
-6.20732
-4.13822
-1.03455
3.62094
6.20732
11.3801
17.0701
22.7602
27.4157
27.933
24.8293
22.2429
18.1047
14.4838
10.3455
3.62094
-4.65549
-13.4492
-21.7256
-31.0366
-41.8994
-51.7277
-60.5214
-69.3151
-74.4879
-82.7643
-86.9025
-91.0408
-94.1444
-92.5926
-90.5235
-84.8334
-79.6607
-75.5224
-69.3151
-63.6251
-54.8314
-45.5204
-37.2439
-28.9675
-22.2429
-15.001
-8.79371
-3.62094
1.03455
6.7246
11.3801
18.1047
23.7947
26.8984
26.3811
23.2775
18.622
14.4838
11.3801
7.75916
3.62094
-2.58639
-6.20732
-10.3455
-10.3455
-11.3801
-12.9319
-13.9665
-15.001
-14.4838
-13.4492
-11.8974
-8.79371
-6.20732
0.517277
8.27643
15.5183
20.6911
23.7947
27.933
31.5539
34.6576
37.7612
42.4167
46.0377
49.1413
51.2104
53.2795
56.3832
58.9696
61.0387
62.5905
63.6251
64.1424
61.556
59.4869
56.3832
51.7277
49.1413
45.0031
40.8649
36.7267
30.0021
23.7947
16.5529
8.79371
0
-7.75916
-15.001
-20.1738
-21.7256
-22.2429
-20.1738
-17.5874
-11.8974
-6.20732
-0.517277
3.10366
3.10366
2.06911
2.58639
4.13822
6.20732
6.7246
6.7246
8.27643
7.75916
7.24188
6.20732
4.65549
2.06911
1.03455
0.517277
-3.10366
-7.75916
-14.4838
-23.7947
-32.0712
-40.8649
-46.5549
-53.7968
-58.9696
-63.1078
-70.867
-77.0743
-80.6952
-82.7643
-82.7643
-80.6952
-75.5224
-67.7633
-58.4523
-48.624
-40.3476
-32.5885
-27.4157
-21.2084
-16.5529
-12.4146
-8.27643
-3.62094
3.62094
11.8974
20.1738
27.4157
32.5885
37.2439
41.3822
43.4513
42.934
43.9685
43.9685
42.934
41.8994
41.3822
40.3476
35.1748
30.5193
26.3811
22.7602
20.1738
19.6565
21.2084
20.6911
20.1738
17.5874
16.0356
15.001
15.001
17.0701
18.1047
20.1738
20.6911
16.5529
11.3801
7.24188
4.13822
3.10366
1.03455
-1.55183
-4.13822
-8.27643
-10.3455
-11.8974
-15.001
-16.5529
-17.5874
-19.6565
-22.7602
-25.8639
-30.0021
-32.0712
-33.1057
-33.623
-35.1748
-37.7612
-37.2439
-37.2439
-34.6576
-31.5539
-27.4157
-22.7602
-17.0701
-10.3455
-4.13822
1.55183
8.27643
16.0356
22.7602
28.4502
34.6576
39.3131
45.5204
51.2104
54.8314
58.4523
62.0732
64.6596
68.7978
70.867
72.4188
69.8324
65.6942
61.556
55.3486
47.0722
39.3131
32.5885
23.2775
12.9319
1.03455
-12.9319
-24.8293
-35.1748
-42.934
-50.1759
-57.935
-64.1424
-70.867
-76.557
-79.6607
-80.1779
-77.5916
-73.4533
-68.2806
-63.1078
-59.4869
-55.3486
-49.1413
-42.4167
-34.6576
-26.8984
-19.6565
-12.4146
-5.69005
-1.03455
1.03455
3.62094
5.69005
8.79371
10.8628
12.9319
15.5183
16.0356
15.001
13.4492
11.8974
9.82826
10.3455
10.8628
11.3801
9.82826
7.75916
5.17277
5.17277
5.69005
7.75916
12.4146
16.5529
21.2084
25.3466
28.9675
31.0366
33.1057
36.7267
39.3131
40.3476
40.3476
38.2785
34.1403
28.4502
24.312
21.7256
19.1393
19.1393
18.622
13.9665
9.82826
5.17277
-1.55183
-5.69005
-8.27643
-10.3455
-13.9665
-17.0701
-19.6565
-21.2084
-24.8293
-25.8639
-25.8639
-27.4157
-25.8639
-23.2775
-23.2775
-22.7602
-21.7256
-22.2429
-23.2775
-21.7256
-19.6565
-15.5183
-12.4146
-8.27643
-4.65549
-4.65549
-2.58639
0
1.55183
3.62094
4.13822
3.62094
1.03455
-2.06911
-4.65549
-5.17277
-5.69005
-4.13822
0.517277
4.13822
7.75916
10.3455
10.8628
12.4146
13.4492
12.9319
11.8974
9.82826
5.69005
1.03455
-3.10366
-5.69005
-6.20732
-5.69005
-3.62094
-3.62094
-3.62094
-4.65549
-5.69005
-5.17277
-1.03455
2.06911
7.75916
11.8974
15.5183
21.2084
25.3466
27.933
30.5193
30.0021
27.933
23.2775
18.622
14.4838
11.3801
8.79371
7.75916
5.69005
4.65549
6.20732
4.13822
3.62094
2.06911
-2.06911
-4.65549
-8.27643
-12.4146
-16.0356
-17.5874
-18.622
-17.5874
-17.0701
-14.4838
-11.3801
-9.31099
-6.20732
-3.62094
-2.06911
-1.03455
-0.517277
0.517277
1.03455
-0.517277
-0.517277
0.517277
-0.517277
0.517277
-0.517277
-3.62094
-6.20732
-10.3455
-15.5183
-18.622
-22.7602
-25.8639
-30.5193
-35.6921
-39.3131
-40.8649
-40.3476
-36.7267
-32.0712
-26.8984
-21.7256
-16.5529
-10.8628
-5.69005
-0.517277
6.20732
11.3801
16.0356
20.1738
20.1738
19.6565
20.1738
16.5529
14.4838
15.5183
13.4492
15.001
16.0356
13.9665
12.4146
10.8628
6.7246
5.69005
3.62094
-0.517277
-1.03455
-2.58639
-2.58639
0.517277
3.62094
7.75916
14.4838
18.622
21.7256
24.312
22.7602
21.7256
21.2084
18.1047
16.0356
13.9665
10.8628
7.75916
5.17277
-0.517277
-6.20732
-9.31099
-12.4146
-12.4146
-12.9319
-13.4492
-12.9319
-12.9319
-12.9319
-10.8628
-8.79371
-4.13822
0.517277
5.17277
10.3455
15.001
17.5874
20.1738
22.7602
22.7602
24.8293
26.8984
27.933
30.0021
30.0021
27.4157
25.8639
22.7602
19.6565
17.0701
13.9665
10.8628
9.31099
5.17277
1.55183
-1.55183
-5.17277
-5.17277
-6.20732
-5.69005
-4.13822
-3.10366
-4.65549
-6.7246
-10.8628
-13.4492
-13.9665
-14.4838
-11.8974
-10.8628
-10.8628
-10.3455
-11.3801
-14.4838
-15.001
-16.5529
-20.6911
-21.7256
-24.8293
-28.9675
-32.0712
-35.1748
-38.2785
-40.8649
-42.934
-41.3822
-42.4167
-45.0031
-45.0031
-43.4513
-40.8649
-35.6921
-30.0021
-23.7947
-17.0701
-11.3801
-7.24188
-4.65549
-4.13822
-2.58639
-1.55183
-0.517277
2.58639
5.17277
7.75916
8.79371
12.9319
15.001
16.5529
21.2084
25.8639
30.0021
34.1403
35.6921
37.2439
38.7958
40.3476
41.3822
39.3131
36.2094
35.6921
33.623
31.0366
31.0366
29.4848
27.4157
26.8984
25.8639
24.8293
22.7602
18.622
13.9665
7.75916
3.62094
1.55183
-1.03455
-1.55183
-3.10366
-7.24188
-12.4146
-15.5183
-18.622
-20.1738
-19.6565
-19.1393
-15.5183
-13.4492
-10.3455
-6.7246
-7.75916
-7.75916
-9.31099
-10.3455
-11.3801
-11.8974
-12.4146
-12.9319
-12.9319
-12.9319
-11.8974
-13.4492
-14.4838
-16.5529
-19.6565
-19.6565
-20.6911
-21.2084
-19.1393
-18.1047
-14.4838
-9.31099
-5.17277
1.55183
4.13822
6.7246
9.31099
9.82826
11.3801
14.4838
17.5874
20.1738
21.2084
20.6911
19.6565
18.622
16.0356
16.0356
13.9665
12.9319
15.001
13.9665
13.9665
11.8974
9.31099
7.75916
7.24188
6.20732
4.65549
3.10366
0.517277
-1.03455
-0.517277
-0.517277
1.55183
2.58639
4.13822
5.17277
4.65549
5.69005
7.24188
8.27643
9.31099
7.75916
5.17277
1.55183
-0.517277
-3.10366
-4.65549
-4.65549
-5.17277
-4.65549
-4.65549
-4.65549
-4.65549
-3.62094
-3.62094
-3.10366
-5.17277
-8.79371
-11.8974
-16.0356
-18.622
-19.6565
-21.2084
-22.2429
-23.2775
-24.8293
-25.3466
-24.312
-21.2084
-19.1393
-18.1047
-17.5874
-17.0701
-16.0356
-16.5529
-16.0356
-15.5183
-17.5874
-19.1393
-20.1738
-20.6911
-18.1047
-12.4146
-5.69005
3.10366
10.3455
17.0701
21.2084
23.2775
26.3811
29.4848
30.5193
32.0712
32.5885
32.0712
32.0712
30.5193
28.9675
28.9675
27.4157
25.8639
22.7602
19.1393
17.5874
17.5874
17.0701
16.0356
13.9665
11.8974
8.79371
5.69005
0.517277
-4.13822
-9.31099
-12.4146
-14.4838
-17.5874
-18.1047
-16.5529
-16.5529
-16.5529
-16.0356
-16.5529
-17.5874
-19.6565
-19.6565
-19.1393
-17.5874
-17.0701
-16.0356
-14.4838
-12.9319
-10.8628
-9.82826
-10.8628
-10.8628
-11.3801
-12.4146
-12.9319
-12.9319
-13.4492
-12.9319
-12.9319
-12.4146
-11.3801
