SAMPLES: 8987
BITSPERSAMPLE:	16
CHANNELS:	1
SAMPLERATE:	16000
NORMALIZED:	FALSE
-6.57722
-7.23494
-6.57722
-2.63089
-8.55038
-14.4699
-3.94633
-5.26177
-1.31544
11.1813
3.94633
3.28861
6.57722
3.94633
1.31544
9.2081
11.1813
13.1544
23.0203
21.7048
14.4699
10.5235
7.89266
-1.31544
17.7585
24.3357
22.3625
28.9398
13.1544
-2.63089
-12.4967
-12.4967
-0.657722
19.0739
21.7048
11.839
-1.97316
-11.839
-13.1544
-5.91949
13.1544
21.7048
20.3894
7.89266
2.63089
7.89266
22.3625
27.6243
20.3894
19.0739
13.8122
11.839
19.0739
33.5438
34.2015
36.1747
34.8592
38.8056
53.9332
51.96
26.9666
-7.89266
-15.7853
-2.63089
40.7787
103.92
135.491
89.4501
0.657722
-98.6582
-139.437
-69.0608
27.6243
92.081
98.0005
1.31544
-135.491
-205.867
-203.236
-117.074
17.7585
88.7924
64.4567
1.31544
-68.4031
-116.417
-94.7119
-39.4633
15.7853
73.0071
84.8461
35.517
-6.57722
-28.9398
-35.517
12.4967
66.4299
92.7388
98.0005
63.799
-22.3625
-76.2957
-53.2755
-3.94633
64.4567
86.8193
38.1479
-38.1479
-103.262
-144.699
-110.497
-19.0739
25.6511
24.9934
-32.2284
-112.47
-163.773
-143.383
-101.947
-40.7787
30.9129
38.1479
16.443
-6.57722
-24.9934
-9.2081
48.6714
78.9266
96.0274
108.524
82.8729
44.0674
25.6511
20.3894
35.517
71.6917
80.8998
65.1144
38.1479
0.657722
-53.9332
-61.8258
-26.9666
1.31544
52.6177
24.9934
-60.5104
-104.578
-123.652
-111.155
-38.1479
21.0471
23.0203
17.7585
-44.7251
-71.0339
3.28861
76.2957
109.182
111.155
64.4567
9.2081
19.7316
38.1479
59.1949
102.605
75.638
7.23494
-44.0674
-74.9803
-65.7722
-14.4699
21.7048
4.60405
-19.0739
-53.2755
-104.578
-116.417
-98.0005
-78.9266
-37.4901
-11.1813
-36.1747
-48.6714
-44.7251
-57.8795
-28.9398
14.4699
47.356
76.9534
63.799
32.2284
15.1276
36.8324
78.2689
108.524
133.517
135.491
89.4501
50.6446
24.9934
6.57722
40.121
69.0608
69.0608
55.9063
-6.57722
-78.2689
-117.074
-123.652
-92.081
-53.9332
-36.8324
-55.2486
-105.235
-134.833
-115.759
-53.9332
13.1544
55.2486
55.9063
24.9934
-1.31544
-11.839
19.0739
80.8998
114.444
113.128
85.5038
38.8056
15.7853
31.5706
53.2755
83.5306
103.92
88.1347
63.1413
38.1479
16.443
10.5235
18.4162
17.1008
5.26177
-16.443
-53.2755
-74.3225
-78.2689
-83.5306
-67.7453
-56.5641
-67.7453
-78.9266
-102.605
-117.074
-115.759
-96.0274
-68.4031
-40.121
-39.4633
-61.8258
-83.5306
-107.209
-95.3696
-59.1949
-3.94633
24.3357
28.282
-10.5235
-57.2218
-56.5641
-40.7787
11.839
69.7185
80.242
49.3291
3.94633
-42.0942
-29.5975
26.3089
64.4567
72.3494
36.1747
-16.443
-53.9332
-49.3291
-28.282
0
23.0203
2.63089
-30.2552
-44.7251
-38.1479
-5.26177
46.6982
59.8527
49.9868
40.121
30.9129
49.3291
80.242
117.732
146.014
149.303
129.571
103.92
95.3696
109.182
137.464
168.377
190.739
185.478
169.692
137.464
111.813
103.262
119.048
145.356
146.672
126.283
75.638
21.7048
-14.4699
-19.7316
-5.91949
23.678
31.5706
1.31544
-50.6446
-105.893
-126.283
-120.363
-84.8461
-58.5372
-55.9063
-80.8998
-139.437
-177.585
-192.712
-172.323
-113.128
-69.7185
-73.6648
-110.497
-170.35
-207.84
-192.712
-172.323
-144.041
-133.517
-151.276
-157.195
-166.404
-180.216
-183.504
-185.478
-171.008
-140.095
-132.86
-124.309
-119.048
-144.041
-175.612
-173.639
-126.283
-67.7453
-41.4365
-80.242
-147.33
-126.94
-18.4162
120.363
326.888
326.888
74.3225
-103.262
-122.994
24.3357
337.411
522.889
419.626
234.149
-59.8527
-276.901
-99.316
238.753
448.566
522.231
333.465
-17.1008
-108.524
-9.86582
96.6851
270.324
349.908
248.619
163.773
127.598
78.9266
115.101
173.639
171.665
222.968
317.68
349.908
297.948
224.283
110.497
54.5909
182.189
375.559
480.137
426.204
234.807
-23.0203
-131.544
-30.2552
113.786
200.605
165.088
-44.7251
-305.183
-434.096
-442.647
-333.465
-178.243
-149.961
-274.27
-402.526
-495.264
-540.647
-461.721
-326.888
-226.256
-198.632
-230.203
-330.834
-384.767
-347.277
-263.746
-135.491
-36.8324
-63.1413
-193.37
-290.055
-357.801
-334.123
-244.015
-186.793
-197.974
-256.511
-339.384
-432.123
-416.338
-355.17
-322.284
-324.914
-347.935
-377.532
-343.988
-311.76
-388.056
-450.539
-470.271
-364.378
-6.57722
454.486
687.977
584.715
309.129
100.631
286.109
805.709
1339.12
1659.43
1546.96
1001.71
426.204
230.86
455.143
930.676
1260.19
1149.7
705.078
201.263
-157.195
-236.122
-77.6112
84.8461
120.363
-26.9666
-303.867
-562.352
-689.292
-669.561
-530.124
-303.867
-86.8193
32.2284
16.443
-121.021
-249.277
-192.055
84.1884
475.533
770.192
811.629
672.849
443.304
258.485
319.653
586.688
822.152
882.005
711.655
347.935
71.6917
-19.0739
-115.101
-141.41
-157.195
-331.492
-491.318
-627.466
-838.595
-920.81
-887.267
-940.542
-937.911
-875.428
-893.186
-891.213
-821.494
-772.165
-678.769
-489.345
-366.351
-311.76
-233.491
-208.498
-194.028
-65.1144
52.6177
106.551
183.504
153.249
30.2552
-28.9398
-30.9129
-16.443
-9.86582
-90.1079
-260.458
-342.015
-331.492
-360.431
-390.029
-434.754
-528.808
-636.675
-724.152
-747.172
-668.903
-556.433
-558.406
-633.386
-655.091
-578.795
-391.344
-78.9266
196.659
315.706
376.875
414.365
641.936
1074.72
1336.49
1370.69
1450.93
1502.89
1397
1357.54
1397.66
1416.73
1345.04
1106.29
820.837
746.514
778.085
703.104
563.667
313.076
42.0942
-38.8056
-49.9868
-161.142
-207.84
-196.659
-325.572
-442.647
-412.391
-323.599
-217.048
-124.967
-141.41
-135.491
8.55038
180.216
330.834
434.754
490.003
556.433
645.883
703.104
846.488
950.408
896.475
786.635
603.788
509.077
518.942
444.62
348.592
194.028
-267.035
-726.125
-960.274
-1083.27
-1031.97
-933.307
-1035.25
-1269.4
-1499.61
-1719.28
-1730.47
-1460.8
-1152.99
-949.092
-879.374
-963.562
-1039.86
-900.421
-668.245
-410.418
-123.652
18.4162
-5.91949
-31.5706
2.63089
28.282
119.705
214.417
196.001
131.544
76.2957
-72.3494
-239.411
-289.398
-373.586
-410.418
-405.157
-518.942
-679.426
-814.259
-994.475
-1120.76
-1063.54
-970.797
-868.193
-822.81
-908.314
-897.79
-536.701
9.2081
547.882
1028.68
1108.92
780.716
599.842
910.944
1554.85
2268.48
2654.56
2447.38
1824.52
1072.09
648.514
936.596
1621.28
2010.66
1865.3
1220.73
321.626
-247.303
-291.371
-115.759
96.6851
207.182
-36.1747
-528.808
-930.676
-1101.68
-1014.86
-710.339
-353.197
-59.8527
107.209
51.96
-125.625
-182.847
4.60405
451.855
1057.62
1479.87
1452.91
1157.59
833.333
666.93
845.83
1222.05
1459.48
1360.83
928.703
305.841
-106.551
-94.0542
-76.9534
-30.2552
-108.524
-587.345
-993.16
-1277.95
-1490.4
-1311.5
-1012.89
-1056.3
-1180.61
-1388.45
-1669.3
-1601.55
-1281.24
-947.119
-579.453
-334.78
-438.7
-553.144
-501.842
-420.284
-172.981
159.169
238.095
212.444
184.162
-60.5104
-227.572
-187.451
-124.309
-89.4501
-72.3494
-190.739
-451.855
-619.574
-825.441
-956.985
-822.152
-691.265
-770.192
-954.354
-1207.58
-1449.62
-1448.3
-1254.28
-1014.86
-840.568
-833.991
-980.005
-876.085
-322.941
211.129
693.239
1258.88
1383.85
958.958
802.42
1354.91
2154.04
2715.73
2776.9
2421.73
1852.14
1185.21
875.428
1283.87
1872.53
2016.57
1744.94
1008.29
126.283
-220.337
-113.128
-68.4031
-15.1276
107.209
-126.283
-656.406
-1031.97
-1119.44
-956.327
-642.594
-349.25
-75.638
95.3696
11.1813
-115.101
-115.759
92.7388
632.728
1279.93
1565.38
1399.63
1106.29
849.119
743.883
939.884
1310.18
1526.57
1308.21
664.299
-30.2552
-380.163
-549.855
-418.969
-68.4031
-299.263
-900.421
-1452.91
-1931.07
-2025.78
-1685.08
-1413.44
-1197.05
-1135.89
-1573.93
-1945.54
-1888.98
-1558.14
-1023.41
-413.049
-214.417
-276.243
-266.377
-403.841
-414.365
24.9934
509.077
722.178
796.501
570.902
179.558
19.0739
15.7853
53.2755
211.129
291.371
12.4967
-305.183
-598.527
-883.978
-894.501
-743.225
-649.171
-608.393
-705.078
-1057.62
-1337.81
-1397.66
-1248.36
-897.132
-539.332
-469.613
-767.561
-1103.66
-1179.29
-791.897
-7.89266
1012.23
1925.81
1967.9
1010.92
155.222
399.237
1521.31
2771.64
3553.67
3526.7
2605.24
1141.15
66.4299
239.411
1471.98
2624.31
2820.31
1927.78
473.56
-588.661
-841.226
-545.909
62.4836
621.547
518.942
-335.438
-1306.89
-1762.69
-1625.23
-1153.64
-562.352
-14.4699
265.062
98.6582
-338.727
-684.688
-622.205
57.2218
1073.4
1754.8
1774.53
1311.5
680.742
237.438
383.452
1108.92
1876.48
2039.59
1395.03
355.17
-443.304
-751.776
-665.614
-126.94
218.364
-309.787
-1146.41
-1877.8
-2407.26
-2207.31
-1604.18
-1216.79
-891.871
-991.844
-1649.57
-2029.73
-1872.53
-1394.37
-573.533
124.309
199.29
5.26177
-203.236
-491.318
-326.888
389.371
929.361
1141.8
1093.79
559.721
7.89266
-73.6648
-16.443
158.511
438.043
359.116
-182.189
-725.467
-1167.46
-1391.74
-1140.49
-836.622
-812.286
-972.113
-1290.45
-1712.05
-1852.8
-1663.38
-1301.63
-908.971
-708.366
-763.615
-902.394
-975.401
-989.213
-836.622
-564.983
-257.827
128.913
709.024
1418.71
1940.28
1750.86
941.857
547.882
1211.52
2434.23
3355.7
3636.54
3187.32
2080.37
777.427
185.478
860.3
2151.41
2851.22
2411.21
1206.26
-10.5235
-562.352
-416.338
12.4967
454.486
638.648
226.256
-658.379
-1318.73
-1327.94
-910.944
-466.325
-106.551
192.712
310.445
97.3428
-305.183
-453.828
-136.806
519.6
1222.7
1573.93
1389.77
942.515
538.674
318.995
557.748
1210.21
1694.95
1518.02
757.038
-119.048
-602.473
-625.493
-440.674
-292.686
-426.204
-867.535
-1454.22
-1903.45
-2067.88
-1855.43
-1412.13
-1184.56
-1289.79
-1473.95
-1585.11
-1570.64
-1314.13
-935.28
-478.821
-78.2689
-7.89266
-122.994
-169.034
-76.9534
120.363
423.573
664.957
691.923
555.775
238.095
-124.967
-250.592
-148.645
-103.262
-191.397
-451.855
-895.159
-1270.72
-1418.05
-1371.35
-1208.89
-1095.11
-1231.25
-1487.11
-1630.49
-1568.67
-1314.13
-969.482
-657.722
-530.124
-585.372
-724.809
-722.178
-472.902
-186.793
-81.5575
-114.444
-46.6982
99.316
446.593
1189.16
1986.98
2140.23
1424.63
710.997
899.763
1865.3
2764.4
3210.34
3132.07
2338.86
985.925
-13.8122
248.619
1364.77
2314.52
2345.44
1421.34
300.579
-311.76
-391.344
-149.303
348.592
780.058
728.756
65.7722
-724.152
-1014.86
-783.346
-393.318
-43.4096
367.009
612.997
424.23
-72.3494
-497.895
-455.801
186.135
1024.73
1451.59
1348.99
921.468
430.15
117.074
294.002
962.904
1619.97
1661.4
991.844
142.726
-400.552
-580.11
-499.211
-140.095
95.3696
-169.692
-812.286
-1523.94
-1934.36
-1773.88
-1247.7
-827.414
-613.654
-789.266
-1376.61
-1849.51
-1816.63
-1324.65
-614.97
-175.612
-244.015
-555.775
-851.092
-981.321
-789.924
-353.854
1.31544
73.6648
-144.699
-545.909
-864.904
-908.314
-810.971
-666.93
-521.573
-574.849
-904.367
-1263.48
-1514.08
-1548.93
-1308.21
-995.791
-841.226
-899.105
-1069.46
-1250.33
-1217.44
-905.683
-513.023
-174.296
-16.443
-160.484
-363.062
-388.713
-272.297
-110.497
155.88
484.083
729.413
782.031
726.125
1039.86
1707.45
2052.75
1784.4
1597.61
1881.74
2296.76
2534.86
2592.74
2610.5
2391.48
1745.59
1101.03
1185.21
1816.63
2202.71
1993.55
1364.77
741.91
392.002
291.371
292.028
420.284
543.936
315.049
-230.203
-619.574
-559.063
-314.391
-234.807
-315.049
-268.35
-71.0339
21.0471
-51.3023
-123.652
-59.8527
154.565
478.164
716.917
812.944
838.595
712.97
483.425
415.68
642.594
877.401
793.87
350.566
-108.524
-316.364
-416.996
-519.6
-689.95
-883.978
-1051.7
-1215.47
-1413.44
-1492.37
-1433.18
-1420.68
-1483.82
-1639.7
-1704.81
-1639.04
-1588.4
-1619.97
-1592.34
-1408.84
-1184.56
-1054.33
-1055.64
-1004.34
-891.213
-731.386
-576.822
-438.7
-332.807
-353.197
-453.828
-549.198
-466.325
-311.102
-287.424
-470.271
-695.87
-799.132
-799.132
-762.957
-797.816
-774.138
-701.789
-664.957
-707.051
-707.051
-567.614
-342.015
-184.82
-182.847
-145.356
-83.5306
-88.7924
-111.155
-49.9868
55.9063
154.565
132.86
96.6851
317.68
609.708
929.361
1593.66
2317.15
2239.54
1435.81
1034.6
1652.2
2722.31
3306.37
3303.08
3032.75
2353.99
1281.9
735.991
1393.05
2470.4
2926.2
2446.72
1375.95
456.459
143.383
200.605
364.378
630.755
743.225
363.72
-385.425
-991.187
-1051.04
-701.789
-427.519
-293.344
-83.5306
3.28861
-277.559
-609.05
-666.272
-434.754
104.578
709.682
936.596
750.46
478.164
277.559
203.236
415.022
878.058
1207.58
993.817
311.102
-334.78
-605.762
-712.313
-689.95
-380.163
-369.64
-976.059
-1707.45
-2196.13
-2242.83
-1824.52
-1544.99
-1593
-1792.95
-2297.42
-2767.03
-2755.85
-2338.86
-1740.33
-1218.76
-1208.89
-1571.95
-1676.53
-1445.01
-1092.48
-626.809
-209.813
-107.209
-165.088
-274.27
-356.485
-194.028
55.2486
157.853
142.068
67.0876
-131.544
-338.069
-449.224
-458.432
-313.076
-98.0005
-58.5372
-265.72
-436.727
-513.023
-457.774
-183.504
82.2152
176.927
104.578
-137.464
-335.438
-239.411
7.23494
180.873
226.256
232.176
304.525
601.158
1218.1
1938.31
2275.06
1938.96
1446.33
1501.58
2226.39
3068.93
3501.05
3461.59
2968.96
2056.7
1229.94
1216.79
1948.83
2649.96
2661.14
1942.91
975.401
289.398
51.3023
119.705
341.358
501.184
322.284
-276.901
-955.67
-1272.03
-1164.83
-946.461
-807.682
-611.023
-418.969
-509.734
-829.387
-1018.15
-871.481
-433.439
92.7388
464.351
574.849
451.855
255.854
152.591
293.344
695.212
1104.31
1169.43
757.695
170.35
-248.619
-365.693
-318.337
-372.27
-595.238
-930.018
-1410.81
-1858.06
-2062.62
-2100.11
-2002.1
-1861.35
-1967.9
-2219.81
-2348.72
-2404.63
-2338.86
-2048.8
-1688.37
-1347.67
-1058.93
-1040.52
-1110.23
-897.132
-528.15
-209.155
62.4836
197.316
186.135
215.075
242.042
246.646
393.318
545.909
506.446
360.431
153.907
-105.235
-224.283
-171.008
-134.175
-132.86
-199.947
-381.479
-577.48
-653.118
-594.58
-426.204
-172.981
-70.3762
-144.699
-299.263
-302.552
-167.719
1.31544
205.867
323.599
340.7
239.411
330.834
613.654
1024.07
1333.2
1719.94
2365.82
2634.83
2163.9
1599.58
1871.22
2611.15
3188.63
3302.42
3095.9
2649.3
1794.26
937.911
876.085
1703.5
2307.95
2085.64
1202.97
153.907
-453.17
-516.969
-347.277
-183.504
13.8122
-142.726
-793.212
-1498.29
-1761.38
-1495.66
-1057.62
-720.205
-573.533
-472.244
-606.419
-941.857
-1087.21
-832.676
-242.042
463.036
880.032
703.104
326.888
124.309
93.3965
267.035
691.265
1041.17
951.723
409.103
-349.908
-885.293
-981.321
-935.938
-903.052
-877.401
-1197.71
-1845.57
-2345.44
-2574.98
-2528.28
-2139.57
-1891.61
-1978.43
-2165.88
-2428.97
-2619.05
-2425.68
-1879.11
-1254.28
-675.48
-440.016
-576.822
-680.742
-553.144
-230.203
322.941
893.844
1093.13
993.16
749.145
459.747
400.552
599.842
742.568
726.782
628.782
348.592
-47.356
-317.68
-421.6
-321.626
-67.0876
54.5909
-61.8258
-250.592
-467.64
-566.298
-332.149
62.4836
411.076
579.453
468.956
126.94
-80.242
12.4967
313.076
691.265
870.166
860.958
920.81
1055.64
1232.57
1781.77
2457.25
2548.67
2067.22
1724.55
1976.45
2555.91
2864.38
2719.68
2475.01
2004.08
1105.63
457.774
638.648
1216.79
1496.97
1212.18
468.298
-249.934
-607.735
-749.803
-743.225
-538.674
-380.821
-595.896
-1096.42
-1554.2
-1606.16
-1283.87
-1026.7
-896.475
-668.903
-473.56
-573.533
-781.373
-845.83
-661.01
-161.8
426.861
743.883
722.836
532.755
269.666
123.652
306.498
768.219
1145.75
1006.97
364.378
-336.096
-713.628
-801.763
-798.474
-818.206
-962.904
-1365.43
-1890.29
-2236.25
-2294.13
-2119.84
-1945.54
-1924.49
-1977.77
-2001.45
-2000.13
-1935.02
-1680.48
-1256.25
-805.709
-485.399
-389.371
-407.787
-340.7
-156.538
71.6917
373.586
693.896
842.541
764.273
538.674
317.68
280.189
395.291
453.17
393.975
225.599
-53.9332
-355.827
-538.674
-555.775
-420.942
-221.652
-199.29
-313.076
-441.989
-522.889
-390.029
-96.6851
171.008
349.25
439.358
341.358
180.873
147.987
288.74
587.345
812.944
865.562
912.26
1028.02
1106.95
1347.67
2055.38
2647.33
2317.81
1425.94
1183.9
1895.55
2619.05
2661.8
2290.84
1912.65
1252.96
303.867
-10.5235
759.011
1660.75
1677.85
812.286
-224.941
-710.997
-641.936
-480.137
-366.351
-168.377
-158.511
-654.433
-1322.68
-1560.77
-1193.76
-718.232
-566.956
-571.56
-402.526
-281.505
-474.875
-698.5
-650.487
-270.324
323.599
798.474
848.461
597.211
298.606
67.0876
97.3428
507.103
1008.95
1091.16
534.728
-338.727
-882.005
-978.032
-832.018
-524.204
-448.566
-882.005
-1623.91
-2225.73
-2324.39
-1936.99
-1521.97
-1310.84
-1276.64
-1548.28
-1950.8
-2121.81
-1925.81
-1403.58
-720.205
-284.136
-267.693
-445.935
-647.856
-672.849
-303.867
302.552
766.903
907.656
664.299
231.518
-24.3357
9.86582
233.491
486.714
601.158
383.452
-32.2284
-412.391
-632.728
-551.171
-259.142
-27.6243
28.282
-38.8056
-236.122
-411.076
-376.217
-140.752
222.968
545.909
655.748
478.164
206.525
-11.839
-34.2015
282.82
632.728
676.138
440.016
215.075
230.203
509.077
983.294
1696.26
2328.33
2159.96
1300.97
760.326
1135.23
1901.47
2375.03
2461.85
2262.56
1657.46
595.896
-166.404
153.249
1158.91
1775.19
1506.18
658.379
-184.162
-649.171
-809.655
-692.581
-250.592
158.511
-5.26177
-707.708
-1318.07
-1381.87
-1068.8
-791.239
-562.352
-197.316
61.1681
-129.571
-561.694
-755.722
-523.546
35.517
651.802
1028.02
1022.76
692.581
251.907
11.839
233.491
810.971
1216.13
987.24
239.411
-532.097
-941.857
-1036.57
-1028.68
-925.414
-935.28
-1301.63
-1808.73
-2170.48
-2235.6
-2044.86
-1881.08
-1874.51
-1790.32
-1631.15
-1624.57
-1701.53
-1685.74
-1443.7
-985.925
-543.278
-322.284
-199.29
-115.101
-156.538
-109.182
209.155
641.936
941.2
923.441
588.661
285.451
249.934
337.411
409.103
434.754
345.304
112.47
-122.336
-255.854
-276.901
-155.88
1.97316
80.8998
103.92
71.6917
26.9666
52.6177
154.565
309.129
451.197
529.466
491.318
349.25
228.887
244.015
342.673
395.291
368.982
315.706
432.123
652.46
858.984
1328.6
1961.33
2008.02
1281.24
706.393
952.381
1686.4
2179.69
2176.4
1956.06
1499.61
577.48
-217.706
24.3357
1009.6
1656.8
1401.6
551.171
-184.82
-468.298
-536.043
-507.761
-191.397
155.88
-30.2552
-699.816
-1240.46
-1274.66
-1005.66
-868.85
-830.045
-548.54
-201.263
-249.277
-609.05
-831.36
-691.265
-211.786
384.767
795.843
916.206
705.735
228.229
-127.598
-3.28861
543.936
977.374
837.28
161.142
-539.989
-989.871
-1199.68
-1003.68
-707.708
-732.702
-1227.97
-1878.45
-2209.29
-2091.55
-1871.22
-1707.45
-1486.45
-1443.04
-1606.16
-1822.55
-1854.78
-1569.98
-1035.25
-601.158
-387.398
-201.921
-115.759
-157.195
-137.464
131.544
572.876
974.743
1033.28
786.635
574.849
479.479
462.378
532.755
622.205
590.634
420.942
159.169
-93.3965
-207.182
-148.645
-63.1413
20.3894
153.907
197.974
74.3225
-64.4567
-84.1884
82.2152
369.64
539.332
527.493
445.935
251.25
33.5438
-1.31544
114.444
257.169
310.445
247.961
167.061
270.324
554.459
1164.83
1878.45
1949.49
1271.38
688.635
864.246
1510.13
2086.95
2286.24
2165.22
1587.08
568.272
-196.001
52.6177
1031.31
1694.29
1502.89
664.957
-113.786
-474.217
-551.171
-421.6
-85.5038
139.437
-144.041
-768.877
-1260.85
-1325.31
-1156.27
-1077.35
-1014.21
-713.628
-359.774
-360.431
-696.527
-1003.03
-941.857
-402.526
351.881
891.213
1017.5
740.595
244.015
-76.9534
114.444
680.084
1135.23
1033.94
403.183
-341.358
-854.38
-1098.4
-1021.44
-570.902
-361.747
-759.011
-1548.28
-2252.7
-2434.89
-2079.06
-1637.73
-1328.6
-1047.09
-1166.14
-1670.61
-2069.85
-1961.33
-1275.32
-359.774
147.987
138.122
26.9666
-144.699
-263.089
28.282
695.212
1246.38
1375.3
1023.41
521.573
330.834
379.505
465.009
562.352
661.01
588.003
297.29
-119.048
-484.741
-524.204
-259.142
-14.4699
89.4501
86.8193
-88.7924
-315.706
-448.566
-349.908
-10.5235
337.411
388.056
147.33
-87.477
-172.981
-129.571
-119.048
-34.8592
258.485
547.882
629.44
871.481
1405.55
1592.34
1126.02
623.52
878.058
1737.7
2296.76
2119.18
1700.21
1261.51
607.735
56.5641
223.625
988.556
1535.12
1291.11
437.385
-245.988
-395.948
-365.036
-351.881
-167.719
42.0942
-113.786
-634.701
-1122.73
-1199.68
-964.22
-755.722
-665.614
-493.949
-306.498
-327.545
-484.741
-586.688
-438.7
-8.55038
464.351
741.252
832.018
805.051
653.775
465.667
465.009
776.112
1125.36
1081.29
595.238
11.839
-332.149
-486.056
-625.493
-676.138
-680.742
-875.428
-1310.84
-1796.24
-2024.47
-1799.53
-1471.32
-1426.6
-1490.4
-1480.53
-1473.95
-1451.59
-1341.75
-1114.84
-670.876
-267.693
-196.001
-182.189
-7.23494
173.639
272.954
374.901
545.251
805.709
943.831
713.628
409.761
361.089
409.761
398.579
363.062
265.062
101.947
-83.5306
-325.572
-470.929
-400.552
-315.706
-349.25
-376.875
-343.988
-294.002
-235.464
-204.551
-171.665
-84.1884
38.8056
84.1884
59.1949
55.2486
26.3089
-15.7853
-90.1079
-193.37
-134.833
186.135
482.11
661.668
978.032
1262.17
1138.52
693.239
530.781
1037.23
1798.21
2113.92
1894.24
1521.97
1016.18
404.499
140.752
578.137
1330.57
1651.54
1253.62
468.956
-97.3428
-296.632
-278.216
-98.6582
176.927
238.753
-134.175
-732.044
-1188.5
-1231.91
-1005.66
-778.742
-555.775
-336.753
-342.673
-599.184
-838.595
-823.468
-420.942
224.941
767.561
954.354
838.595
607.735
411.734
435.412
772.165
1234.54
1416.07
1110.89
482.11
-71.0339
-329.519
-451.197
-430.15
-218.364
-139.437
-538.016
-1305.58
-1946.86
-2040.91
-1641.67
-1243.75
-1027.36
-992.502
-1243.09
-1724.55
-2092.87
-1948.17
-1239.81
-412.391
-59.1949
-179.558
-410.418
-549.198
-522.889
-238.753
248.619
724.809
944.488
733.36
308.471
51.3023
72.3494
193.37
313.076
400.552
354.512
123.652
-265.72
-621.547
-663.641
-405.157
-148.645
-41.4365
-83.5306
-255.854
-412.391
-439.358
-353.197
-98.6582
171.008
173.639
-24.3357
-257.169
-404.499
-432.781
-396.606
-442.647
-415.022
-182.189
140.752
769.534
1470.01
1481.85
701.789
98.6582
441.989
1564.72
2592.74
2838.73
2513.81
1791.63
649.829
-192.712
290.055
1633.78
2503.29
2260.59
1217.44
276.243
-93.3965
-128.913
-2.63089
407.13
714.286
420.284
-288.082
-916.206
-1144.44
-1034.6
-876.085
-733.36
-400.552
-118.39
-306.498
-821.494
-1154.96
-1000.39
-366.351
458.432
1018.15
1129.31
846.488
380.821
142.726
468.298
1223.36
1850.83
1884.37
1347.01
629.44
57.8795
-234.807
-249.277
-78.2689
15.7853
-282.163
-956.327
-1619.31
-1996.19
-2075.77
-1919.23
-1720.6
-1624.57
-1691.66
-1963.96
-2271.11
-2282.29
-1915.29
-1420.68
-997.764
-726.125
-628.124
-665.614
-716.259
-619.574
-274.27
178.243
443.962
505.13
450.539
312.418
169.034
113.128
171.665
296.632
389.371
287.424
17.1008
-227.572
-351.881
-357.801
-290.055
-216.39
-190.739
-248.619
-392.66
-499.868
-407.13
-171.008
-30.2552
-27.6243
-65.7722
-137.464
-182.189
-122.994
-10.5235
94.0542
128.256
-9.86582
-70.3762
146.672
510.392
855.038
1195.08
1437.12
1352.93
1016.18
818.206
1164.83
1858.72
2271.11
2156.67
1825.18
1389.77
849.119
582.084
912.26
1590.37
1985.66
1711.39
971.455
338.069
99.9737
97.3428
230.203
416.996
408.445
72.3494
-458.432
-929.361
-1064.85
-880.689
-685.346
-550.513
-403.841
-355.827
-556.433
-835.964
-875.428
-495.922
138.779
662.326
867.535
816.233
616.285
419.626
484.741
853.723
1311.5
1497.63
1198.37
618.916
134.175
-129.571
-205.867
-210.471
-294.002
-520.258
-915.549
-1375.3
-1675.22
-1796.9
-1854.78
-1877.8
-1908.05
-1962.64
-2009.34
-2053.41
-2092.21
-2015.92
-1784.4
-1441.07
-1060.91
-800.447
-739.279
-755.064
-697.843
-468.298
-86.8193
299.263
518.942
510.392
349.25
207.84
198.632
282.163
379.505
400.552
348.592
220.994
39.4633
-133.517
-235.464
-242.042
-174.296
-94.0542
-84.1884
-137.464
-213.76
-271.639
-319.653
-276.243
-116.417
11.839
10.5235
-169.034
-330.834
-321.626
-247.303
-263.089
-315.049
-161.8
192.712
671.534
1127.33
1390.42
1210.21
725.467
573.533
1141.8
2167.19
2828.86
2794.66
2257.96
1481.85
726.782
557.09
1257.56
2180.35
2511.84
1959.35
1020.13
305.183
34.8592
84.1884
351.223
640.621
537.359
3.28861
-670.876
-1112.21
-1185.21
-995.791
-755.064
-568.272
-438.043
-499.868
-757.695
-1035.91
-1066.17
-699.158
-18.4162
611.681
875.428
789.266
507.761
284.793
380.821
874.77
1495
1815.97
1576.56
921.468
322.284
15.7853
-52.6177
32.8861
70.3762
-166.404
-721.521
-1410.16
-1918.57
-2027.1
-1946.2
-1945.54
-1978.43
-2072.48
-2259.27
-2450.01
-2509.87
-2304
-1832.41
-1366.75
-1135.23
-1059.59
-1031.97
-952.381
-705.735
-317.022
92.7388
456.459
647.198
573.533
414.365
372.928
474.217
653.775
757.695
682.057
504.473
306.498
101.289
1.97316
19.7316
26.3089
-34.2015
-118.39
-214.417
-333.465
-445.935
-537.359
-476.19
-280.189
-123.652
-107.866
-222.31
-425.546
-578.137
-501.842
-261.115
-98.6582
-116.417
-257.169
-245.33
58.5372
565.641
1262.17
1778.48
1583.14
815.575
507.103
1137.2
2190.87
2842.67
2822.28
2430.28
1678.51
686.661
261.773
1054.33
2207.97
2527.62
1850.17
856.354
173.639
-140.095
-196.001
49.3291
477.506
468.298
-166.404
-903.71
-1241.12
-1172.06
-982.636
-826.098
-660.353
-386.74
-298.606
-591.949
-939.884
-951.066
-547.882
80.242
680.742
1012.89
995.133
637.332
221.652
249.934
860.958
1600.24
1874.51
1531.83
818.863
208.498
-67.0876
-61.1681
103.92
157.195
-182.847
-883.32
-1556.83
-1902.13
-1895.55
-1804.13
-1807.42
-1894.9
-2029.07
-2227.05
-2415.81
-2382.27
-2109.31
-1702.84
-1351.62
-1149.7
-1047.75
-990.529
-923.441
-734.675
-352.539
133.517
514.338
624.836
488.029
290.055
235.464
380.163
599.842
726.782
708.366
526.835
248.619
-1.97316
-125.625
-105.235
-2.63089
55.9063
-34.8592
-243.357
-506.446
-666.272
-601.158
-428.835
-254.538
-172.323
-291.371
-547.882
-722.178
-690.608
-482.768
-235.464
-181.531
-345.962
-458.432
-301.894
221.652
1154.96
1905.42
1727.18
835.964
328.203
855.038
2019.86
2915.02
3090.63
2843.33
2082.35
803.736
55.9063
768.219
2167.85
2838.07
2338.86
1274.66
484.083
62.4836
-162.457
15.1276
609.05
844.515
290.713
-540.647
-1109.58
-1250.99
-1127.99
-938.569
-674.165
-288.74
-156.538
-513.023
-986.582
-1168.77
-866.219
-178.9
555.117
1014.21
1104.97
816.89
334.123
189.424
686.661
1520.65
2088.92
1985
1312.81
560.379
103.92
-5.26177
115.101
314.391
253.881
-323.599
-1187.85
-1862.67
-2053.41
-1922.52
-1797.55
-1849.51
-1960.67
-2094.19
-2399.37
-2674.95
-2610.5
-2200.08
-1704.16
-1388.45
-1310.84
-1258.22
-1124.7
-1014.86
-797.816
-338.069
219.679
574.191
586.03
378.19
260.458
386.74
555.117
674.165
736.648
666.272
434.096
145.356
-67.7453
-145.356
-100.631
-75.638
-120.363
-210.471
-363.062
-570.902
-673.507
-630.755
-494.607
-355.17
-336.096
-430.808
-580.11
-640.621
-569.587
-435.412
-357.801
-383.452
-449.224
-303.21
76.9534
712.313
1563.4
1960.01
1433.83
637.332
662.983
1539.07
2532.23
2974.22
2927.52
2561.83
1537.1
269.666
144.041
1429.89
2638.78
2705.21
1837.67
854.38
219.021
-153.249
-158.511
399.895
1016.84
818.206
-49.3291
-806.367
-1097.74
-1010.26
-780.716
-564.983
-306.498
-54.5909
-184.162
-634.044
-966.193
-925.414
-455.801
269.666
875.428
1131.28
1020.78
560.379
154.565
328.203
1049.07
1753.49
1939.62
1481.85
700.474
76.2957
-251.25
-254.538
75.638
356.485
32.2284
-839.911
-1713.36
-2114.58
-2001.45
-1813.34
-1832.41
-1899.5
-2048.15
-2445.41
-2825.57
-2855.83
-2455.27
-1858.72
-1466.72
-1361.48
-1282.56
-1168.77
-1114.18
-945.804
-511.05
42.7519
455.801
514.338
272.297
74.9803
128.913
316.364
499.211
632.071
617.601
432.781
150.618
-93.3965
-140.095
-30.2552
13.1544
-62.4836
-140.095
-223.625
-363.72
-512.365
-561.694
-454.486
-294.659
-230.203
-229.545
-205.209
-226.914
-307.156
-332.807
-230.203
-120.363
-135.491
-244.015
-217.706
103.262
591.292
1287.82
1939.62
1850.17
970.139
388.056
918.179
2119.18
3004.47
3149.17
2938.04
2292.82
1024.73
82.2152
710.339
2327.02
3176.14
2649.3
1470.01
597.211
139.437
-83.5306
161.8
890.555
1264.14
618.916
-466.325
-1139.83
-1170.74
-889.24
-665.614
-510.392
-254.538
-164.43
-604.446
-1216.79
-1416.07
-988.556
-211.129
458.432
782.031
768.219
432.123
-95.3696
-252.565
326.23
1258.22
1793.61
1600.24
903.71
185.478
-228.887
-359.116
-240.068
3.94633
33.5438
-467.64
-1314.13
-2027.76
-2325.05
-2224.41
-2104.71
-2127.73
-2152.07
-2250.72
-2600.63
-2965.67
-2953.17
-2505.92
-1862.01
-1410.16
-1268.09
-1257.56
-1281.9
-1282.56
-1024.73
-399.895
261.773
604.446
529.466
256.511
157.195
303.21
488.029
661.01
845.172
880.689
671.534
320.31
73.0071
91.4233
252.565
321.626
307.814
289.398
159.826
-125.625
-359.774
-305.841
-24.9934
199.29
136.806
-59.1949
-158.511
-209.813
-252.565
-205.209
-70.3762
14.4699
-28.9398
-150.618
8.55038
539.989
1105.63
1531.18
1734.41
1577.22
1181.93
1066.17
1493.69
2286.24
2934.75
2984.08
2521.7
1785.06
985.925
680.084
1281.24
2174.43
2519.73
2083
1193.76
433.439
75.638
89.4501
391.344
749.803
634.701
-27.6243
-728.756
-1115.5
-1192.45
-1079.98
-906.998
-755.064
-609.05
-680.084
-1022.1
-1303.6
-1258.22
-839.253
-192.055
392.002
645.225
530.781
173.639
-117.732
30.2552
620.889
1225.99
1412.79
1069.46
420.284
-146.672
-418.311
-402.526
-194.686
-101.289
-409.761
-1083.27
-1806.1
-2229.68
-2283.61
-2141.54
-2030.39
-1996.19
-2097.47
-2410.55
-2765.72
-2843.99
-2528.94
-1998.16
-1496.97
-1211.52
-1104.97
-1123.39
-1162.19
-968.166
-429.492
218.364
630.755
695.212
555.775
428.177
411.734
543.278
765.588
976.717
1050.38
899.105
620.889
358.458
213.102
207.84
349.25
512.365
543.278
367.009
13.1544
-291.371
-368.324
-228.887
-21.0471
172.981
203.236
-14.4699
-296.632
-454.486
-405.157
-238.753
-126.283
-124.309
-146.672
-70.3762
178.9
894.501
1710.08
1740.33
941.857
362.405
813.602
1846.88
2640.75
2926.2
3033.41
2557.88
1157.59
-3.94633
486.056
2083.66
2991.32
2604.58
1562.75
696.527
102.605
-247.961
40.7787
880.032
1238.49
506.446
-597.211
-1244.41
-1291.11
-1099.05
-995.791
-933.307
-722.178
-605.762
-914.891
-1342.41
-1507.5
-1250.33
-666.93
-6.57722
519.6
754.407
538.016
-41.4365
-321.626
144.699
1039.86
1652.2
1613.39
1051.7
363.72
-124.309
-301.237
-88.1347
222.968
151.934
-453.17
-1247.7
-1744.28
-1858.72
-1858.72
-1931.73
-1956.06
-1896.21
-1945.54
-2242.17
-2576.95
-2569.06
-2230.33
-1852.14
-1528.55
-1235.2
-1085.24
-1136.54
-1200.34
-952.381
-293.344
392.002
688.635
622.205
469.613
416.996
518.942
744.541
1001.05
1172.06
1135.23
864.246
569.587
449.224
463.694
484.741
478.164
472.902
367.666
122.336
-194.028
-405.814
-385.425
-239.411
-126.94
-101.289
-145.356
-346.619
-538.674
-535.385
-395.291
-269.666
-274.27
-373.586
-432.781
-229.545
146.672
897.79
1773.22
1815.97
898.448
178.9
651.802
1825.18
2765.72
3039.33
3038.02
2541.44
1103
-186.135
245.33
1974.48
2996.58
2581.56
1402.26
428.835
-161.142
-475.533
-184.82
679.426
1137.86
429.492
-744.541
-1495
-1548.28
-1236.52
-999.079
-868.85
-637.99
-447.908
-714.286
-1203.63
-1478.56
-1249.67
-584.715
165.746
709.682
914.233
680.084
48.0137
-313.733
103.92
1033.28
1725.2
1717.31
1118.13
335.438
-234.149
-461.063
-257.827
131.544
138.122
-487.372
-1363.46
-1902.13
-1973.16
-1846.88
-1826.49
-1875.82
-1843.59
-1905.42
-2213.23
-2479.61
-2384.24
-2053.41
-1705.47
-1383.19
-1035.25
-772.165
-820.837
-1010.92
-825.441
-111.813
625.493
927.388
837.937
649.829
564.983
614.312
779.4
1035.25
1289.13
1275.32
943.831
560.379
351.881
340.7
370.955
374.244
353.854
293.344
63.799
-318.337
-591.292
-588.661
-371.613
-169.034
-108.524
-182.847
-382.794
-578.137
-606.419
-412.391
-197.974
-118.39
-204.551
-342.015
-196.659
277.559
1001.05
1584.45
1519.34
851.75
404.499
798.474
1686.4
2487.5
2784.14
2610.5
1969.22
943.173
192.712
552.486
1726.52
2451.99
2206.66
1338.46
516.311
20.3894
-149.961
36.1747
510.392
767.561
326.888
-488.687
-1114.18
-1259.54
-1087.21
-892.528
-805.051
-695.212
-544.594
-642.594
-972.77
-1229.28
-1056.96
-484.741
161.8
617.601
786.635
613.654
151.934
-134.833
128.913
831.36
1426.6
1489.74
1033.94
373.586
-165.746
-407.13
-282.82
-50.6446
-49.3291
-430.808
-1023.41
-1542.36
-1839.65
-1928.44
-1894.24
-1748.88
-1623.91
-1685.74
-1986.98
-2302.68
-2363.19
-2131.68
-1703.5
-1256.91
-933.307
-845.83
-984.609
-1110.23
-896.475
-315.706
306.498
642.594
666.93
536.701
425.546
450.539
607.077
843.857
1009.6
992.502
805.709
535.385
299.921
140.752
96.0274
167.061
283.478
299.263
86.1615
-263.746
-530.781
-584.057
-434.754
-207.182
-51.96
-63.799
-247.961
-465.009
-546.567
-469.613
-364.378
-288.74
-236.122
-151.276
76.9534
737.306
1612.08
1746.25
920.153
145.356
522.231
1667.98
2534.2
2787.42
2877.53
2618.39
1354.91
-13.1544
123.652
1691
2826.89
2612.47
1681.14
859.642
245.33
-302.552
-236.122
635.359
1345.7
929.361
-201.263
-1093.13
-1350.96
-1148.38
-897.132
-712.313
-498.553
-357.143
-630.097
-1151.01
-1427.91
-1237.83
-691.923
-101.947
415.022
767.561
712.313
136.806
-396.606
-179.558
670.876
1483.82
1717.31
1343.07
659.037
-15.7853
-402.526
-307.156
125.625
364.378
-22.3625
-889.897
-1652.2
-1920.55
-1796.9
-1703.5
-1756.77
-1794.26
-1831.1
-2012.63
-2288.87
-2372.4
-2132.99
-1740.33
-1430.54
-1208.23
-1036.57
-987.24
-1072.74
-1059.59
-667.587
9.2081
559.063
645.225
377.532
169.692
242.699
488.687
743.225
945.804
1030.65
878.716
553.802
317.022
328.861
416.996
393.975
303.21
262.431
213.76
27.6243
-251.25
-420.284
-355.827
-222.31
-122.336
-63.799
-138.122
-339.384
-509.077
-494.607
-329.519
-189.424
-209.813
-334.123
-267.035
23.678
685.346
1555.51
1747.57
943.831
84.8461
290.713
1341.09
2374.38
2811.76
2905.81
2567.75
1264.8
-165.088
-77.6112
1516.71
2747.96
2685.48
1798.87
904.367
182.189
-392.66
-318.337
566.956
1300.32
878.058
-203.894
-1057.62
-1348.33
-1228.62
-999.079
-751.118
-471.586
-309.129
-612.339
-1183.9
-1525.26
-1375.3
-797.159
-109.84
479.479
814.259
655.748
-28.9398
-569.587
-265.062
700.474
1539.73
1734.41
1334.52
630.755
-47.356
-424.888
-293.344
261.773
571.56
118.39
-809.655
-1563.4
-1802.82
-1687.71
-1594.32
-1600.24
-1536.44
-1610.76
-2030.39
-2453.3
-2442.78
-2027.1
-1558.14
-1312.15
-1174.03
-984.609
-958.958
-1126.68
-1085.9
-548.54
210.471
717.574
753.091
504.473
344.646
358.458
474.217
727.44
1063.54
1214.15
1006.31
554.459
218.364
218.364
359.116
386.74
354.512
342.015
187.451
-136.148
-430.808
-493.949
-313.076
-114.444
-62.4836
-103.92
-209.813
-407.13
-572.218
-530.781
-365.036
-244.015
-205.867
-307.814
-304.525
-67.0876
505.788
1312.81
1625.23
1060.91
301.894
405.157
1268.75
2154.04
2620.36
2790.06
2529.6
1411.47
79.5843
-24.9934
1352.93
2611.15
2644.04
1804.79
914.891
250.592
-211.786
-148.645
524.862
1110.23
781.373
-192.712
-981.321
-1214.15
-1108.92
-1006.31
-935.28
-767.561
-532.097
-624.178
-1081.95
-1474.61
-1454.22
-955.012
-262.431
365.693
762.957
702.447
154.565
-338.069
-128.913
725.467
1536.44
1753.49
1375.95
754.407
197.974
-171.008
-168.377
123.652
290.713
-19.7316
-739.279
-1398.32
-1670.61
-1754.14
-1899.5
-1935.02
-1790.98
-1700.87
-1907.39
-2305.97
-2507.89
-2302.03
-1900.16
-1543.67
-1199.68
-947.119
-956.327
-1127.33
-1104.31
-623.52
163.773
736.648
804.394
611.681
460.405
443.304
558.406
773.481
1041.83
1203.63
1072.09
711.655
395.948
311.76
340.042
357.801
377.532
379.505
269.666
-20.3894
-368.982
-538.016
-428.835
-236.78
-126.283
-161.142
-294.002
-433.439
-530.124
-536.701
-478.164
-360.431
-345.304
-290.713
-24.3357
549.198
1347.67
1608.13
1031.31
274.27
387.398
1295.71
2233.62
2684.16
2738.1
2489.48
1479.22
232.833
53.2755
1317.42
2537.49
2574.98
1747.57
867.535
266.377
-202.578
-222.31
401.868
1074.06
835.964
-136.806
-940.542
-1199.03
-1072.74
-924.757
-819.521
-679.426
-507.103
-632.728
-1053.67
-1355.56
-1306.89
-893.186
-340.042
214.417
622.205
675.48
243.357
-237.438
-101.289
654.433
1445.01
1722.57
1460.8
905.025
379.505
36.1747
-30.2552
200.605
395.291
183.504
-465.009
-1154.3
-1493.03
-1500.92
-1571.3
-1773.22
-1789.66
-1637.73
-1671.27
-1990.27
-2280.32
-2244.8
-1921.86
-1595.63
-1309.52
-1014.21
-880.032
-999.079
-1093.13
-795.185
-148.645
465.667
643.252
437.385
230.86
235.464
401.868
618.258
839.253
939.884
839.253
563.01
274.27
158.511
167.061
159.826
138.122
140.752
57.2218
-146.014
-366.351
-503.157
-493.291
-428.177
-354.512
-294.659
-357.801
-538.674
-682.057
-622.205
-501.842
-470.271
-533.412
-597.869
-466.325
-84.8461
775.454
1638.38
1556.83
520.258
-155.222
485.399
1742.96
2593.4
2792.69
2803.87
2246.78
805.709
-282.82
416.996
2168.51
2993.29
2446.72
1394.37
689.292
189.424
-155.88
147.33
994.475
1389.11
737.964
-272.297
-942.515
-1071.43
-912.26
-740.595
-549.198
-286.767
-160.484
-485.399
-1047.75
-1373.98
-1150.36
-518.942
147.987
664.957
914.891
664.957
2.63089
-327.545
165.088
1135.89
1808.73
1812.02
1327.94
706.393
171.008
-71.6917
131.544
509.734
604.446
120.363
-729.413
-1412.79
-1642.99
-1622.6
-1604.18
-1587.74
-1579.19
-1666.67
-1983.03
-2368.46
-2442.12
-2125.76
-1727.83
-1432.52
-1193.11
-1067.48
-1133.91
-1314.79
-1298.34
-814.259
-34.2015
493.291
513.023
249.934
15.7853
9.2081
219.021
523.546
810.313
907.656
659.037
253.223
41.4365
84.1884
176.927
219.021
230.86
217.048
115.759
-154.565
-412.391
-447.908
-321.626
-213.76
-142.726
-141.41
-273.612
-481.452
-609.05
-529.466
-313.733
-212.444
-301.894
-413.707
-449.882
-334.123
153.907
1067.48
1680.48
1331.89
418.969
107.209
791.239
1741.65
2325.7
2626.28
2713.76
1972.51
530.781
-210.471
662.326
2132.99
2702.58
2178.37
1335.17
681.4
116.417
-155.222
278.216
1079.98
1287.16
585.372
-377.532
-934.622
-997.106
-901.736
-805.051
-607.077
-301.237
-252.565
-696.527
-1270.72
-1456.85
-1095.76
-462.378
166.404
646.54
790.581
407.13
-196.659
-301.237
369.64
1312.15
1811.37
1668.64
1105.63
447.251
-59.8527
-186.135
147.33
551.171
503.815
-172.981
-1022.1
-1539.07
-1684.43
-1658.12
-1560.12
-1388.45
-1322.68
-1610.1
-2191.53
-2546.04
-2375.69
-1923.18
-1503.55
-1200.34
-1026.7
-1084.58
-1340.44
-1496.97
-1142.46
-356.485
315.049
518.942
342.015
88.7924
-38.1479
31.5706
262.431
640.621
962.247
938.569
586.03
194.686
28.282
80.8998
214.417
352.539
489.345
490.003
199.29
-271.639
-576.822
-520.916
-248.619
26.3089
121.679
-19.0739
-364.378
-694.554
-774.138
-560.379
-260.458
-140.752
-220.337
-353.197
-321.626
48.0137
885.951
1606.81
1457.51
643.909
230.86
762.299
1658.12
2323.07
2706.52
2854.51
2200.08
795.185
9.86582
820.837
2267.82
2830.83
2344.12
1541.7
909.629
340.7
22.3625
363.062
1051.7
1173.38
474.875
-377.532
-874.112
-995.133
-999.079
-979.348
-833.333
-565.641
-472.244
-797.816
-1305.58
-1586.42
-1352.28
-711.655
3.28861
490.003
576.164
224.283
-300.579
-383.452
211.786
1091.16
1641.67
1556.17
993.817
351.223
-86.1615
-153.907
169.692
476.848
322.284
-320.31
-1072.09
-1556.17
-1719.94
-1748.22
-1717.97
-1559.46
-1504.87
-1788.35
-2269.8
-2569.72
-2458.56
-2053.41
-1658.12
-1377.93
-1168.11
-1179.95
-1419.36
-1538.41
-1183.9
-438.7
228.887
438.043
278.874
122.336
103.262
197.316
449.882
839.911
1154.3
1173.38
876.085
499.868
343.331
402.526
516.311
611.023
654.433
611.023
378.19
-9.86582
-347.935
-376.875
-108.524
180.873
267.035
90.7656
-215.075
-526.835
-680.742
-544.594
-201.263
56.5641
13.8122
-288.082
-497.238
-301.894
359.774
1286.5
1758.09
1339.78
532.097
300.579
905.025
1819.26
2520.39
2845.3
2673.64
1726.52
451.855
114.444
1131.94
2343.46
2636.15
2040.91
1251.64
639.963
197.974
100.631
491.976
954.354
835.306
172.323
-482.11
-857.011
-1036.57
-1105.63
-1057.62
-841.884
-551.828
-505.13
-858.327
-1387.13
-1623.26
-1252.3
-462.378
238.753
526.177
409.761
13.1544
-362.405
-289.398
338.069
1111.55
1482.5
1245.07
661.668
162.457
-57.2218
-47.356
128.913
255.196
0.657722
-570.902
-1158.25
-1583.14
-1744.94
-1750.2
-1756.12
-1668.64
-1658.12
-1983.69
-2394.11
-2564.46
-2415.15
-1992.24
-1521.31
-1273.35
-1221.39
-1316.76
-1448.3
-1249.67
-641.936
-37.4901
286.767
336.753
196.659
135.491
248.619
430.808
660.353
897.79
989.213
911.602
739.279
498.553
350.566
424.888
580.11
639.305
618.916
477.506
190.739
-133.517
-363.062
-275.585
64.4567
298.606
211.129
-57.2218
-297.29
-444.62
-447.908
-307.814
-96.6851
12.4967
-131.544
-359.774
-292.028
144.699
834.649
1421.99
1433.18
891.871
419.626
580.11
1289.79
2092.21
2585.5
2646.67
2154.7
1122.73
284.793
563.667
1691
2495.4
2413.84
1733.75
1006.97
489.345
211.786
317.022
747.83
935.28
482.768
-234.149
-746.514
-999.079
-1108.92
-1101.03
-957.643
-712.97
-578.795
-780.716
-1206.92
-1538.41
-1459.48
-912.26
-186.793
290.055
343.331
103.262
-266.377
-432.781
-94.7119
614.312
1245.07
1375.95
973.428
414.365
40.121
-92.081
-44.7251
83.5306
139.437
-49.3291
-548.54
-1166.8
-1612.73
-1744.28
-1640.36
-1482.5
-1393.71
-1468.69
-1768.61
-2192.84
-2438.83
-2281.64
-1789
-1271.38
-1050.38
-1151.67
-1298.34
-1246.38
-941.857
-465.009
12.4967
353.854
474.217
377.532
268.35
340.042
597.869
864.904
1034.6
1074.06
987.898
796.501
546.567
410.418
479.479
657.722
734.017
632.728
368.982
31.5706
-261.773
-397.922
-272.297
28.9398
243.357
147.987
-206.525
-578.795
-704.42
-561.694
-299.263
-95.3696
-102.605
-322.941
-556.433
-493.291
-34.2015
734.675
1341.09
1296.37
689.292
238.095
538.674
1406.87
2244.8
2598.66
2486.85
1931.73
1022.1
378.848
726.782
1755.46
2390.16
2169.17
1467.38
897.132
579.453
361.747
323.599
562.352
702.447
386.74
-171.665
-667.587
-997.764
-1203.63
-1245.07
-1074.72
-764.93
-598.527
-820.179
-1271.38
-1606.16
-1486.45
-871.481
-115.101
307.156
283.478
14.4699
-269.008
-297.29
92.081
743.883
1241.78
1262.83
858.984
408.445
143.383
5.91949
-8.55038
147.987
203.894
-119.048
-720.863
-1283.21
-1550.91
-1531.18
-1447.65
-1388.45
-1328.6
-1526.57
-1999.47
-2354.64
-2327.02
-1957.38
-1492.37
-1264.8
-1298.34
-1320.05
-1250.33
-1095.76
-788.608
-368.324
5.26177
292.686
409.761
380.163
427.519
574.849
718.232
866.877
1041.17
1115.5
1027.36
790.581
510.392
447.251
653.118
838.595
805.051
605.762
301.894
5.26177
-179.558
-186.793
44.0674
326.23
313.733
-24.9934
-372.928
-539.989
-551.171
-437.385
-263.089
-134.175
-176.269
-489.345
-761.642
-594.58
8.55038
848.461
1408.84
1217.44
481.452
80.242
537.359
1508.81
2342.8
2649.96
2492.77
1874.51
908.314
338.069
895.817
2031.04
2557.88
2182.32
1456.2
911.602
556.433
264.404
214.417
499.868
644.567
303.867
-277.559
-828.729
-1282.56
-1536.44
-1458.17
-1131.28
-775.454
-678.769
-980.005
-1465.4
-1762.69
-1555.51
-801.763
33.5438
404.499
289.398
-20.3894
-261.773
-210.471
238.753
889.24
1331.89
1315.44
913.575
453.17
174.296
26.3089
22.3625
189.424
182.847
-193.37
-769.534
-1291.77
-1544.99
-1527.89
-1445.01
-1343.73
-1295.05
-1562.09
-2054.06
-2392.13
-2338.2
-1958.04
-1491.71
-1278.61
-1294.4
-1283.87
-1239.15
-1106.29
-789.266
-360.431
2.63089
257.827
334.78
317.022
398.579
546.567
699.816
868.193
1047.75
1113.52
1012.23
757.038
491.976
494.607
718.232
859.642
789.924
566.956
247.961
-45.3828
-211.786
-176.927
67.7453
280.847
194.028
-137.464
-433.439
-569.587
-519.6
-343.331
-203.236
-194.028
-324.914
-567.614
-688.635
-468.956
97.3428
912.918
1470.67
1239.15
455.143
98.0005
636.675
1627.86
2404.63
2704.55
2666.4
2143.51
1109.58
382.794
830.702
1961.98
2628.26
2409.89
1739.02
1118.13
573.533
131.544
50.6446
398.579
639.963
374.244
-219.021
-892.528
-1435.15
-1647.59
-1475.93
-1105.63
-748.487
-634.044
-882.005
-1340.44
-1700.21
-1584.45
-904.367
-74.9803
353.197
307.156
34.2015
-222.31
-242.699
78.9266
645.883
1152.99
1291.11
981.978
493.291
80.242
-174.296
-231.518
-77.6112
38.8056
-155.88
-655.091
-1263.48
-1698.9
-1823.86
-1733.75
-1564.06
-1391.08
-1452.25
-1851.49
-2282.29
-2413.84
-2176.4
-1719.28
-1312.81
-1096.42
-997.764
-1005
-1051.7
-917.522
-526.177
-6.57722
457.774
710.339
725.467
657.064
626.809
671.534
867.535
1166.14
1342.41
1279.27
1028.68
763.615
696.527
801.763
864.246
797.816
660.353
457.117
180.216
-72.3494
-164.43
-42.7519
121.679
91.4233
-109.182
-313.076
-471.586
-577.48
-609.708
-533.412
-415.022
-392.66
-534.728
-654.433
-465.009
84.8461
853.065
1305.58
1038.54
382.794
180.873
718.232
1571.3
2258.62
2579.58
2547.36
1912
833.333
259.8
897.132
2053.41
2570.38
2204.68
1495
903.052
397.264
5.26177
-12.4967
358.458
536.043
145.356
-521.573
-1103.66
-1471.98
-1619.31
-1533.81
-1277.3
-924.099
-743.225
-952.381
-1382.53
-1658.12
-1444.36
-749.803
10.5235
399.237
411.734
209.155
-48.6714
-108.524
197.974
778.742
1262.83
1344.38
1045.78
618.258
245.33
-55.2486
-135.491
32.2284
102.605
-163.115
-670.218
-1195.74
-1514.08
-1623.91
-1656.14
-1523.28
-1379.9
-1572.61
-2023.15
-2348.72
-2341.49
-2022.49
-1611.42
-1350.3
-1141.8
-944.488
-878.716
-849.119
-651.802
-310.445
109.84
539.332
803.078
878.716
860.958
805.051
797.159
953.696
1200.34
1366.75
1352.28
1095.11
762.957
645.225
708.366
731.386
674.165
537.359
338.727
113.128
-132.86
-284.793
-220.337
-57.8795
-32.2284
-143.383
-333.465
-547.224
-685.346
-682.057
-557.748
-423.573
-387.398
-501.842
-568.272
-391.344
66.4299
732.044
1200.34
1104.97
619.574
401.21
810.313
1624.57
2298.74
2512.5
2310.58
1737.7
974.086
568.929
1000.39
1832.41
2256.64
1958.04
1292.42
773.481
447.251
153.907
-51.3023
-13.8122
68.4031
-107.209
-542.62
-1037.23
-1420.02
-1600.89
-1562.09
-1333.86
-968.824
-749.145
-890.555
-1249.01
-1483.16
-1302.95
-717.574
-61.1681
297.948
323.599
186.135
51.96
48.0137
242.042
601.815
973.428
1135.23
967.509
599.842
207.182
-125.625
-353.197
-411.076
-282.163
-220.994
-493.949
-1075.37
-1650.88
-1896.87
-1762.69
-1502.89
-1334.52
-1341.75
-1627.86
-2069.85
-2292.82
-2076.43
-1568.67
-1058.93
-783.346
-717.574
-680.084
-641.936
-536.043
-219.021
277.559
758.353
1087.21
1177.98
1060.25
939.227
926.73
1049.07
1273.35
1457.51
1445.67
1231.91
923.441
648.514
551.828
602.473
644.567
591.292
424.23
152.591
-130.229
-297.948
-317.022
-224.283
-111.813
-108.524
-256.511
-484.083
-704.42
-796.501
-723.494
-589.976
-502.499
-513.023
-534.728
-427.519
-71.0339
476.19
878.716
855.696
536.043
450.539
870.823
1531.18
1998.16
2128.39
2010.66
1627.86
1081.29
770.85
1059.59
1651.54
1899.5
1611.42
1131.28
777.427
484.083
150.618
-92.081
-92.7388
-3.28861
-113.128
-457.774
-878.716
-1227.97
-1414.76
-1369.38
-1141.8
-868.193
-738.621
-845.83
-1066.17
-1193.11
-1043.8
-630.097
-143.383
180.873
288.082
284.793
234.149
210.471
309.787
577.48
904.367
1088.53
1005.66
711.655
329.519
-48.6714
-249.277
-190.082
-96.6851
-232.176
-628.782
-1099.05
-1425.28
-1574.59
-1632.47
-1562.75
-1448.3
-1531.18
-1803.47
-2005.39
-1971.19
-1760.06
-1516.71
-1318.07
-1049.07
-715.601
-530.781
-507.761
-448.566
-234.149
130.887
560.379
901.736
1079.98
1082.61
938.569
815.575
890.555
1125.36
1306.24
1291.77
1072.74
774.796
589.976
516.969
474.875
456.459
431.465
344.646
148.645
-109.84
-300.579
-299.921
-178.9
-106.551
-139.437
-257.169
-442.647
-634.701
-728.756
-700.474
-604.446
-560.379
-626.809
-693.239
-559.063
-136.148
555.775
1120.76
1046.44
413.049
24.3357
453.828
1373.98
2121.15
2391.48
2351.35
1946.2
1114.18
415.022
633.386
1581.16
2246.12
2100.11
1460.14
856.354
387.398
-28.9398
-219.679
-1.31544
293.344
198.632
-295.317
-895.159
-1340.44
-1541.04
-1471.98
-1202.97
-867.535
-678.111
-784.004
-1072.09
-1307.55
-1266.77
-880.689
-294.002
211.786
447.908
419.626
216.39
19.0739
41.4365
387.398
882.662
1229.94
1207.58
816.233
280.189
-186.793
-403.841
-332.149
-153.249
-116.417
-328.203
-711.655
-1163.51
-1589.06
-1810.71
-1707.45
-1409.5
-1222.7
-1341.75
-1635.75
-1859.38
-1925.15
-1850.17
-1552.88
-1014.86
-485.399
-272.297
-405.157
-576.822
-453.17
-9.2081
532.097
981.978
1213.5
1172.06
936.596
712.97
714.943
939.884
1206.92
1287.16
1121.42
870.166
643.252
442.647
290.055
250.592
351.881
461.721
372.928
74.9803
-199.947
-281.505
-234.807
-155.222
-92.081
-78.2689
-174.296
-405.157
-626.151
-673.507
-570.902
-495.922
-505.13
-540.647
-567.614
-530.124
-217.048
511.05
1156.27
1079.98
420.942
86.8193
574.191
1384.5
1900.82
2142.86
2311.89
2029.73
1062.88
158.511
342.015
1410.81
2196.13
2051.43
1355.56
737.964
244.672
-213.102
-388.056
-92.081
267.693
178.243
-326.888
-897.132
-1267.43
-1404.89
-1347.01
-1127.33
-840.568
-631.413
-577.48
-705.735
-1015.52
-1250.33
-1028.68
-317.68
376.875
622.205
470.271
201.263
9.2081
-26.9666
210.471
736.648
1245.07
1283.21
775.454
110.497
-337.411
-467.64
-375.559
-227.572
-184.82
-331.492
-666.272
-1120.76
-1561.43
-1780.45
-1672.59
-1365.43
-1129.97
-1164.17
-1419.36
-1699.55
-1887
-1859.38
-1463.43
-812.944
-293.344
-180.873
-372.27
-542.62
-398.579
61.1681
609.05
1051.04
1233.23
1108.92
837.937
658.379
656.406
826.098
1047.09
1135.23
1036.57
809.655
520.916
254.538
122.336
155.88
309.129
418.969
317.68
29.5975
-232.833
-343.331
-329.519
-239.411
-164.43
-182.189
-307.814
-495.922
-660.353
-735.991
-762.299
-752.434
-668.903
-559.063
-497.238
-182.189
578.137
1175.35
918.837
87.477
-187.451
578.137
1615.36
2071.82
2148.78
2234.94
1879.77
797.816
-78.9266
342.673
1664.04
2502.63
2150.75
1290.45
707.708
327.545
-24.9934
-76.9534
280.847
557.748
388.713
-129.571
-663.641
-1037.88
-1231.91
-1177.98
-883.32
-564.983
-445.935
-458.432
-605.762
-976.059
-1304.92
-1093.13
-315.706
428.835
609.708
288.74
-71.0339
-236.122
-213.76
33.5438
547.224
1042.49
1086.56
616.943
-56.5641
-529.466
-623.52
-439.358
-225.599
-142.726
-247.961
-585.372
-1101.68
-1630.49
-1863.98
-1616.02
-1130.62
-882.662
-1019.47
-1368.72
-1750.2
-2000.79
-1963.3
-1492.37
-706.393
-102.605
-69.0608
-406.472
-633.386
-470.929
35.517
635.359
1085.9
1254.93
1144.44
885.293
668.903
639.963
833.333
1122.07
1289.79
1198.37
885.293
544.594
312.418
196.001
202.578
342.673
494.607
467.64
146.014
-301.237
-527.493
-413.707
-157.853
-41.4365
-99.9737
-266.377
-492.634
-713.628
-853.065
-802.42
-607.077
-431.465
-392.66
-464.351
-574.191
-547.882
-27.6243
847.803
1330.57
937.911
217.706
110.497
764.93
1489.08
1798.21
1963.96
2007.37
1477.24
439.358
-121.021
451.855
1516.05
1988.29
1566.69
880.689
400.552
35.517
-280.189
-317.022
-38.8056
222.31
220.337
-48.0137
-477.506
-946.461
-1203.63
-1091.82
-710.339
-330.176
-148.645
-130.887
-329.519
-763.615
-1095.76
-839.911
-62.4836
604.446
699.816
334.123
-57.2218
-213.102
-144.699
119.048
538.016
856.354
782.689
332.807
-209.813
-559.721
-632.071
-493.949
-278.216
-194.028
-388.056
-781.373
-1149.7
-1357.54
-1412.13
-1330.57
-1095.11
-838.595
-861.615
-1213.5
-1551.57
-1507.5
-1086.56
-605.762
-292.686
-131.544
-66.4299
-103.92
-146.014
-7.23494
342.015
734.017
941.2
903.71
755.064
629.44
583.399
583.399
614.97
684.688
739.279
686.661
494.607
268.35
144.699
165.088
207.84
159.826
37.4901
-96.6851
-187.451
-251.25
-299.263
-335.438
-364.378
-408.445
-471.586
-505.788
-539.332
-623.52
-726.782
-746.514
-643.252
-532.755
-323.599
193.37
808.34
906.34
303.867
-286.767
-88.7924
782.689
1506.84
1719.28
1704.16
1556.17
1053.67
330.834
89.4501
683.373
1574.59
1915.94
1535.12
932.649
466.982
154.565
-30.9129
-1.31544
186.793
330.176
295.975
103.262
-233.491
-697.843
-1053.67
-1010.26
-585.372
-165.746
-22.3625
-107.866
-311.102
-602.473
-865.562
-810.313
-313.733
305.183
563.667
342.015
-57.2218
-274.27
-237.438
-64.4567
161.142
390.029
525.52
423.573
70.3762
-368.324
-648.514
-661.01
-493.291
-319.653
-268.35
-381.479
-649.829
-977.374
-1224.02
-1242.44
-1028.68
-754.407
-600.5
-658.379
-861.615
-1074.06
-1132.6
-942.515
-547.882
-122.336
121.679
113.786
-11.839
-73.0071
15.7853
236.78
491.976
700.474
792.555
742.568
599.184
432.123
326.888
332.149
434.096
539.989
545.909
430.15
266.377
139.437
70.3762
48.6714
75.638
145.356
189.424
163.115
67.7453
-13.8122
-15.1276
31.5706
70.3762
79.5843
80.8998
69.0608
32.2284
-34.2015
-96.6851
-101.947
-42.0942
41.4365
92.081
116.417
133.517
139.437
115.759
78.2689
101.947
207.84
324.257
371.613
338.069
240.068
121.679
49.3291
93.3965
249.277
406.472
466.982
385.425
228.887
77.6112
-13.8122
3.28861
107.866
225.599
273.612
253.881
228.887
215.075
178.9
145.356
167.719
244.015
292.686
268.35
226.914
205.867
180.873
124.309
61.1681
29.5975
-3.94633
-65.7722
-134.175
-199.29
-256.511
-307.156
-311.102
-260.458
-252.565
-343.331
-481.452
-567.614
-580.768
-576.164
-564.325
-534.728
-513.023
-563.01
-672.849
-738.621
-688.635
-561.037
-453.17
-430.808
-476.19
-522.231
-526.177
-479.479
-386.083
-262.431
-129.571
-29.5975
-4.60405
-41.4365
-51.96
25.6511
168.377
308.471
392.002
412.391
370.955
291.371
211.129
176.269
214.417
284.793
331.492
307.156
210.471
96.0274
34.2015
70.3762
160.484
215.733
203.894
147.987
90.1079
41.4365
23.678
50.6446
97.3428
123.652
112.47
73.0071
28.9398
-5.91949
-29.5975
-23.0203
19.0739
91.4233
159.169
184.82
171.008
151.934
175.612
227.572
261.115
256.511
236.122
239.411
266.377
267.693
215.733
140.752
93.3965
93.3965
112.47
124.309
110.497
65.7722
3.28861
-42.7519
-38.8056
3.28861
33.5438
19.7316
-23.678
-59.8527
-67.7453
-40.7787
13.1544
74.9803
117.074
124.967
122.994
138.122
168.377
192.055
205.867
219.021
230.86
219.679
169.692
104.578
44.0674
5.26177
-15.1276
-19.7316
-34.8592
-89.4501
-186.793
-292.028
-352.539
-367.009
-376.217
-424.888
-492.634
-544.594
-576.822
-604.446
-626.809
-611.681
-559.721
-495.922
-457.774
-451.197
-454.486
-445.278
-407.787
-349.25
-276.901
-203.236
-137.464
-88.1347
-52.6177
-8.55038
48.6714
112.47
163.773
217.048
288.082
363.062
393.975
365.036
320.31
315.049
348.592
370.955
354.512
313.076
266.377
221.652
178.243
151.276
148.645
155.222
139.437
84.1884
16.443
-29.5975
-28.282
2.63089
15.7853
-7.23494
-49.3291
-74.3225
-77.6112
-66.4299
-48.6714
-23.0203
7.23494
27.6243
36.8324
55.2486
91.4233
138.122
176.269
203.894
228.229
244.672
241.384
215.733
193.37
194.686
210.471
215.075
182.189
113.128
57.2218
38.8056
38.1479
30.9129
10.5235
-1.97316
-3.94633
-26.3089
-75.638
-115.759
-102.605
-53.2755
-21.7048
-19.7316
-20.3894
8.55038
44.7251
69.0608
91.4233
127.598
169.034
198.632
217.048
237.438
247.961
231.518
201.921
177.585
165.088
133.517
69.7185
0.657722
-49.9868
-92.081
-144.041
-198.632
-238.753
-274.27
-339.384
-440.016
-539.989
-597.869
-613.654
-616.943
-622.862
-632.728
-641.936
-645.225
-636.017
-600.5
-540.647
-472.902
-423.573
-399.237
-377.532
-349.25
-292.686
-207.182
-105.893
-1.97316
75.638
113.128
128.256
149.961
201.921
280.847
359.774
399.895
390.687
355.827
330.834
331.492
339.384
335.438
327.545
329.519
325.572
293.344
240.068
204.551
213.76
238.753
238.753
204.551
168.377
147.33
129.571
113.128
98.6582
104.578
121.679
128.256
121.021
107.866
107.209
126.283
147.33
165.088
189.424
218.364
240.726
243.357
229.545
221.652
234.149
255.196
253.881
219.679
169.034
122.336
91.4233
63.799
21.0471
-27.6243
-65.1144
-84.8461
-101.289
-132.202
-180.873
-224.283
-238.095
-225.599
-204.551
-194.686
-205.867
-222.31
-237.438
-231.518
-192.712
-133.517
-76.9534
-44.7251
-34.2015
-19.7316
13.1544
57.8795
109.84
150.618
174.296
180.873
176.269
163.115
132.86
86.1615
34.2015
-3.28861
-27.6243
-60.5104
-120.363
-205.209
-303.867
-388.056
-438.043
-465.009
-486.056
-514.338
-547.224
-578.137
-596.554
-593.265
-566.298
-520.258
-465.667
-409.761
-358.458
-312.418
-263.746
-211.786
-153.249
-82.2152
4.60405
107.209
199.947
256.511
279.532
299.263
346.619
415.68
480.795
508.419
499.211
469.613
434.096
401.868
372.928
341.358
307.156
271.639
228.229
174.954
116.417
67.0876
37.4901
21.0471
7.89266
-9.2081
-26.3089
-38.1479
-46.0405
-50.6446
-47.356
-34.2015
-11.839
5.91949
21.7048
35.517
53.9332
82.8729
113.786
147.33
174.954
194.028
209.813
226.256
237.438
240.726
241.384
234.807
223.625
197.316
155.88
101.289
51.3023
17.7585
-3.28861
-27.6243
-69.0608
-113.786
-143.383
-152.591
-152.591
-157.195
-164.43
-168.377
-169.692
-172.981
-175.612
-167.719
-151.276
-133.517
-115.759
-92.7388
-63.1413
-34.2015
-5.91949
20.3894
48.0137
75.638
104.578
128.913
146.672
145.356
129.571
105.235
86.1615
73.6648
57.2218
30.2552
-13.1544
-60.5104
-99.316
-133.517
-169.692
-213.76
-254.538
-290.713
-320.31
-343.331
-359.116
-361.747
-355.827
-345.304
-332.149
-311.76
-282.82
-247.303
-205.209
-159.826
-113.786
-65.7722
-20.3894
24.9934
72.3494
124.309
175.612
213.76
233.491
245.33
261.773
282.82
295.317
295.317
290.713
284.793
274.27
250.592
215.733
182.189
155.88
131.544
101.947
63.1413
24.9934
-15.1276
-52.6177
-88.7924
-117.732
-134.175
-141.41
-144.041
-151.934
-163.773
-170.35
-173.639
-165.088
-149.961
-126.94
-96.0274
-67.0876
-42.0942
-21.7048
3.28861
35.517
73.0071
111.155
140.095
159.169
171.008
179.558
182.189
184.162
180.873
167.061
148.645
126.94
99.9737
71.6917
40.7787
1.97316
-33.5438
-60.5104
-77.6112
-86.1615
-99.9737
-121.021
-142.068
-153.907
-155.222
-149.961
-136.806
-120.363
-107.209
-96.0274
-88.7924
-78.9266
-61.8258
-38.1479
-6.57722
30.2552
66.4299
95.3696
117.074
132.202
142.068
152.591
159.826
167.719
172.323
169.692
155.88
135.491
109.182
81.5575
57.8795
34.8592
12.4967
-17.7585
-55.9063
-92.7388
-122.994
-136.806
-144.041
-149.303
-153.249
-160.484
-162.457
-160.484
-151.276
-134.175
-112.47
-85.5038
-59.1949
-33.5438
-9.2081
13.8122
34.2015
59.8527
92.7388
129.571
163.115
183.504
192.712
197.974
201.921
205.867
203.236
195.343
178.9
155.222
124.967
90.1079
58.5372
26.3089
-7.23494
-42.0942
-73.6648
-101.947
-129.571
-152.591
-167.061
-169.692
-167.719
-169.034
-167.719
-167.061
-171.008
-173.639
-171.008
-159.169
-137.464
-115.101
-92.081
-69.0608
-46.0405
-23.0203
4.60405
35.517
67.0876
93.3965
110.497
120.363
126.283
124.967
117.732
109.84
98.0005
80.8998
57.8795
28.282
-3.28861
-36.1747
-71.6917
-107.209
-136.148
-154.565
-172.323
-186.135
-199.29
-206.525
-202.578
-188.766
-167.061
-142.068
-121.021
-107.209
-94.0542
-74.3225
-50.6446
-26.9666
0.657722
36.8324
79.5843
120.363
149.961
171.665
194.686
218.364
239.411
251.907
253.223
246.646
230.203
211.129
190.082
164.43
131.544
96.0274
63.1413
36.8324
9.2081
-21.7048
-45.3828
-59.1949
-66.4299
-75.638
-85.5038
-96.6851
-103.92
-103.262
-99.9737
-90.7656
-76.9534
-59.8527
-37.4901
-9.86582
17.7585
40.7787
58.5372
79.5843
107.866
136.806
160.484
173.639
178.243
181.531
183.504
188.108
190.739
186.793
172.981
151.934
126.283
98.6582
68.4031
39.4633
11.1813
-12.4967
-35.517
-57.2218
-82.2152
-105.893
-126.94
-142.726
-153.907
-163.115
-169.034
-178.9
-192.712
-205.867
-212.444
-206.525
-195.343
-180.216
-165.088
-151.276
-134.175
-109.182
-80.8998
-44.7251
-10.5235
22.3625
40.7787
49.3291
55.2486
59.8527
67.7453
73.0071
74.9803
69.7185
59.8527
51.96
45.3828
34.8592
18.4162
-0.657722
-21.0471
-42.0942
-65.1144
-88.7924
-111.813
-131.544
-147.987
-155.88
-156.538
-160.484
-167.719
-172.981
-167.061
-150.618
-127.598
-107.866
-91.4233
-70.3762
-46.0405
-17.7585
13.8122
48.0137
84.1884
115.759
147.33
171.008
186.135
193.37
190.082
188.108
186.793
190.082
184.162
165.088
140.752
114.444
96.6851
80.242
63.799
44.0674
23.678
3.28861
-17.7585
-38.8056
-55.2486
-65.7722
-73.6648
-77.6112
-76.9534
-64.4567
-51.96
-42.0942
-28.9398
-13.8122
12.4967
42.7519
70.3762
94.0542
116.417
139.437
156.538
169.034
182.189
192.712
195.343
187.451
172.323
159.826
149.303
132.86
107.209
77.6112
51.96
27.6243
-3.28861
-37.4901
-73.0071
-103.262
-136.148
-170.35
-196.001
-215.075
-226.256
-235.464
-244.015
-241.384
-221.652
-191.397
-164.43
-140.752
-117.074
-90.1079
-64.4567
-43.4096
-25.6511
-3.94633
22.3625
45.3828
63.1413
76.2957
85.5038
91.4233
96.0274
101.947
107.866
104.578
84.1884
50.6446
19.7316
-3.28861
-22.3625
-48.0137
-74.9803
-98.6582
-120.363
-137.464
-154.565
-165.088
-159.826
-145.356
-131.544
-122.336
-110.497
-89.4501
-67.0876
-46.0405
-26.9666
-6.57722
15.7853
29.5975
38.1479
45.3828
62.4836
88.1347
107.866
120.363
128.256
138.122
142.726
136.806
122.994
104.578
84.1884
62.4836
40.7787
22.3625
-0.657722
-26.9666
-55.2486
-75.638
-86.8193
-94.7119
-105.235
-107.866
-99.9737
-86.1615
-77.6112
-69.7185
-55.9063
-37.4901
-15.1276
8.55038
34.2015
61.8258
90.1079
121.679
153.907
181.531
204.551
220.337
232.176
242.042
250.592
259.142
262.431
257.827
237.438
210.471
189.424
174.296
155.222
125.625
87.477
41.4365
-7.23494
-53.2755
-92.7388
-123.652
-151.934
-178.243
-205.867
-233.491
-256.511
-270.981
-272.954
-261.115
-245.988
-232.833
-220.994
-208.498
-192.712
-170.35
-138.779
-101.289
-69.7185
-48.6714
-34.2015
-20.3894
0.657722
27.6243
53.2755
76.2957
92.081
94.7119
89.4501
88.1347
90.1079
88.7924
78.9266
63.799
49.3291
32.8861
17.1008
-0.657722
-21.0471
-37.4901
-49.3291
-59.1949
-68.4031
-79.5843
-85.5038
-84.1884
-72.3494
-50.6446
-26.9666
-8.55038
7.23494
19.0739
29.5975
40.121
49.3291
53.9332
51.3023
46.6982
47.356
52.6177
56.5641
53.2755
48.0137
47.356
49.3291
46.6982
36.1747
19.0739
4.60405
-4.60405
-16.443
-31.5706
-49.3291
-67.0876
-82.2152
-99.316
-115.759
-130.887
-139.437
-138.122
-128.913
-113.128
-96.0274
-76.9534
-56.5641
-34.2015
-5.91949
23.678
48.6714
73.6648
97.3428
127.598
155.222
171.665
181.531
188.766
196.659
204.551
208.498
205.209
194.686
180.216
163.115
144.699
126.283
112.47
99.9737
86.1615
67.0876
38.8056
3.94633
-34.8592
-71.6917
-98.0005
-120.363
-140.752
-157.853
-178.9
-196.001
-205.867
-207.84
-200.605
-190.082
-174.954
-159.169
-146.672
-130.229
-104.578
-73.0071
-37.4901
-1.97316
26.9666
50.6446
68.4031
80.8998
96.0274
108.524
118.39
125.625
128.256
123.652
115.101
105.893
94.0542
82.8729
71.0339
58.5372
40.121
17.7585
-5.26177
-30.9129
-59.1949
-77.6112
-87.477
-98.0005
-107.866
-112.47
-115.101
-109.182
-98.0005
-84.8461
-73.0071
-59.8527
-42.0942
-28.9398
-15.1276
1.97316
17.7585
30.2552
38.8056
46.0405
50.6446
52.6177
63.1413
80.8998
94.7119
103.262
116.417
123.652
99.316
58.5372
27.6243
11.1813
-9.86582
-26.3089
-32.8861
-53.9332
-84.8461
-120.363
-151.276
-166.404
-155.88
-138.779
-124.309
-101.289
-85.5038
-84.8461
-86.8193
-71.0339
-56.5641
-55.9063
-35.517
-3.28861
23.678
51.3023
85.5038
119.048
136.148
146.672
154.565
164.43
175.612
184.162
188.108
182.847
167.061
142.068
119.705
96.0274
67.7453
44.0674
21.0471
2.63089
-19.0739
-40.121
-60.5104
-82.2152
-101.947
-126.94
-147.33
-155.222
-161.142
-165.746
-161.8
-144.041
-124.967
-111.813
-92.7388
-68.4031
-48.0137
-28.9398
-2.63089
28.282
52.6177
68.4031
81.5575
98.6582
110.497
121.679
136.806
141.41
131.544
119.705
103.92
82.8729
67.0876
49.9868
27.6243
9.86582
-11.1813
-34.2015
-51.96
-65.7722
-82.8729
-97.3428
-103.262
-105.235
-105.893
-109.182
-106.551
-95.3696
-82.8729
-71.0339
-55.2486
-30.2552
-5.91949
17.1008
43.4096
63.799
73.0071
79.5843
86.8193
95.3696
101.289
105.893
108.524
107.209
97.3428
83.5306
68.4031
55.2486
40.7787
25.6511
9.2081
-10.5235
-29.5975
-48.6714
-69.0608
-86.8193
-106.551
-124.309
-134.833
-144.699
-151.934
-157.195
-154.565
-144.041
-130.887
-116.417
-98.6582
-79.5843
-58.5372
-36.8324
-15.1276
3.28861
17.7585
40.121
65.7722
87.477
102.605
109.84
118.39
132.202
144.041
147.987
146.672
140.095
132.86
122.994
111.155
96.6851
76.2957
53.9332
29.5975
3.94633
-26.3089
-56.5641
-83.5306
-106.551
-126.94
-142.068
-151.276
-155.88
-156.538
-154.565
-150.618
-140.752
-124.309
-103.92
-82.2152
-61.1681
-39.4633
-17.7585
5.26177
34.2015
67.0876
99.316
122.336
138.779
151.934
160.484
166.404
169.692
171.665
169.692
162.457
147.987
129.571
106.551
80.242
49.9868
24.3357
5.91949
-10.5235
-30.9129
-57.8795
-84.1884
-104.578
-117.074
-119.048
-117.732
-113.128
-107.866
-102.605
-94.0542
-82.8729
-68.4031
-49.9868
-24.9934
2.63089
28.282
46.6982
61.1681
73.0071
89.4501
105.235
117.732
125.625
125.625
119.048
104.578
90.1079
74.3225
60.5104
46.0405
26.9666
4.60405
-23.0203
-55.9063
-90.1079
-119.705
-139.437
-151.934
-159.169
-167.719
-178.243
-188.108
-192.055
-190.082
-180.216
-167.061
-149.303
-130.229
-107.866
-81.5575
-51.96
-17.1008
17.7585
54.5909
88.1347
116.417
138.779
155.222
169.034
182.847
196.001
207.182
215.075
216.39
205.867
188.766
167.061
142.068
118.39
96.6851
74.3225
50.6446
22.3625
-9.86582
-43.4096
-76.9534
-105.235
-127.598
-145.356
-161.8
-176.927
-184.82
-187.451
-184.162
-176.269
-163.115
-146.672
-128.256
-109.182
-88.1347
-64.4567
-37.4901
-7.89266
23.0203
51.3023
73.6648
88.1347
97.3428
107.866
117.074
123.652
128.913
130.229
124.309
113.128
99.316
84.1884
67.7453
49.9868
29.5975
10.5235
-9.86582
-31.5706
-51.96
-67.7453
-80.242
-88.1347
-92.081
-96.0274
-98.6582
-97.3428
-91.4233
-82.2152
-67.0876
-50.6446
-32.2284
-12.4967
8.55038
27.6243
46.0405
66.4299
82.2152
96.0274
105.893
109.84
109.84
109.182
105.893
101.289
91.4233
82.8729
68.4031
54.5909
38.1479
18.4162
-1.97316
-18.4162
-35.517
-54.5909
-73.6648
-94.7119
-113.128
-128.913
-141.41
-147.987
-144.699
-136.806
-128.256
-119.048
-101.947
-82.2152
-62.4836
-44.7251
-30.9129
-13.1544
9.2081
30.2552
49.9868
69.7185
88.1347
105.235
116.417
124.309
132.86
140.752
144.699
145.356
140.095
128.256
108.524
86.1615
67.0876
49.9868
34.8592
19.0739
0
-24.3357
-48.6714
-70.3762
-88.7924
-104.578
-115.759
-123.652
-129.571
-137.464
-144.041
-144.699
-137.464
-124.309
-109.84
-94.0542
-76.9534
-61.8258
-42.0942
-22.3625
3.94633
30.2552
53.9332
74.3225
90.1079
101.289
109.84
119.705
128.256
136.806
136.806
130.229
118.39
103.92
89.4501
73.6648
56.5641
38.1479
15.7853
-7.23494
-24.3357
-40.121
-53.2755
-63.1413
-74.3225
-84.8461
-93.3965
-102.605
-109.182
-114.444
-111.813
-99.9737
-88.1347
-74.3225
-59.8527
-45.3828
-28.282
-7.89266
14.4699
36.8324
53.2755
63.799
70.3762
72.3494
73.0071
74.9803
75.638
69.7185
58.5372
46.0405
36.8324
28.282
19.0739
7.89266
-3.94633
-15.1276
-28.282
-44.7251
-58.5372
-72.3494
-80.8998
-84.8461
-87.477
-87.477
-88.7924
-83.5306
-74.3225
-60.5104
-46.0405
-28.9398
-12.4967
0
13.8122
30.2552
46.6982
66.4299
84.1884
99.316
114.444
126.283
132.86
137.464
140.095
142.068
139.437
136.148
128.256
113.786
94.7119
74.9803
53.9332
30.2552
6.57722
-15.7853
-40.121
-66.4299
-90.1079
-103.262
-112.47
-122.994
-132.86
-143.383
-154.565
-159.169
-157.195
-149.961
-142.068
-131.544
-117.074
-99.9737
-80.242
-59.8527
-40.7787
-21.0471
2.63089
27.6243
54.5909
76.9534
93.3965
107.866
121.679
131.544
136.806
134.175
124.967
113.786
102.605
92.7388
85.5038
74.3225
56.5641
35.517
17.7585
3.94633
-12.4967
-27.6243
-42.7519
-55.2486
-59.8527
-62.4836
-64.4567
-67.7453
-73.6648
-75.638
-71.0339
-61.8258
-55.2486
-49.9868
-42.0942
-32.2284
-15.7853
1.97316
19.0739
28.9398
32.2284
36.8324
45.3828
53.2755
59.1949
60.5104
51.96
37.4901
24.9934
10.5235
-6.57722
-26.9666
-42.7519
-57.8795
-67.0876
-76.9534
-86.8193
-94.7119
-99.316
-95.3696
-86.8193
-76.9534
-73.0071
-71.0339
-65.7722
-55.9063
-40.121
-23.0203
-13.1544
-5.26177
0.657722
14.4699
34.2015
57.8795
78.9266
95.3696
110.497
128.913
146.672
160.484
166.404
169.034
168.377
164.43
156.538
140.752
113.128
85.5038
61.1681
39.4633
24.3357
8.55038
-11.1813
-29.5975
-45.3828
-56.5641
-65.7722
-76.9534
-90.1079
-103.92
-117.074
-126.283
-136.806
-144.041
-147.33
-149.303
-145.356
-134.175
-122.336
-103.92
-84.1884
-62.4836
-34.8592
-9.2081
17.1008
39.4633
54.5909
68.4031
79.5843
88.7924
93.3965
92.081
87.477
80.8998
75.638
69.7185
61.1681
50.6446
37.4901
24.9934
13.1544
1.97316
-7.23494
-19.7316
-30.9129
-43.4096
-54.5909
-61.1681
-68.4031
-72.3494
-75.638
-76.2957
-73.0071
-65.7722
-54.5909
-41.4365
-26.3089
-11.839
2.63089
19.0739
36.1747
54.5909
71.6917
85.5038
94.7119
96.6851
96.6851
94.0542
88.7924
84.8461
75.638
63.799
51.96
39.4633
26.9666
11.839
-3.94633
-19.7316
-34.2015
-44.0674
-51.96
-61.1681
-73.6648
-82.2152
-90.1079
-92.081
-89.4501
-86.8193
-78.2689
-67.0876
-57.2218
-45.3828
-37.4901
-28.282
-14.4699
0
19.0739
35.517
46.0405
53.2755
60.5104
66.4299
73.6648
78.9266
82.8729
84.8461
84.8461
80.242
73.6648
65.1144
58.5372
51.96
46.0405
42.7519
35.517
26.3089
15.7853
1.31544
-13.8122
-26.9666
-38.8056
-44.7251
-51.3023
-59.1949
-67.0876
-74.3225
-77.6112
-73.0071
-65.7722
-57.2218
-51.3023
-46.0405
-39.4633
-28.9398
-18.4162
-9.2081
-1.31544
9.2081
19.0739
28.9398
36.1747
39.4633
41.4365
42.7519
44.7251
44.0674
40.121
32.8861
24.3357
18.4162
11.1813
4.60405
-4.60405
-14.4699
-23.0203
-33.5438
-42.0942
-52.6177
-67.7453
-80.242
-88.7924
-94.0542
-96.0274
-96.6851
-94.0542
-88.1347
-80.8998
-73.6648
-66.4299
-59.1949
-48.6714
-35.517
-23.0203
-9.2081
3.94633
19.0739
34.8592
46.6982
55.2486
61.1681
67.0876
73.0071
75.638
73.0071
67.7453
60.5104
54.5909
48.0137
38.1479
26.9666
17.7585
12.4967
10.5235
6.57722
0
-5.26177
-7.89266
-6.57722
-2.63089
-0.657722
5.26177
7.89266
12.4967
19.0739
24.3357
28.9398
33.5438
40.121
47.356
56.5641
62.4836
66.4299
70.3762
74.3225
75.638
78.2689
77.6112
75.638
74.3225
71.6917
67.0876
59.8527
51.3023
42.7519
34.8592
28.282
19.0739
7.89266
-3.94633
-18.4162
-34.2015
-49.9868
-68.4031
-82.8729
-96.0274
-107.866
-114.444
-120.363
-125.625
-126.283
-126.94
-126.283
-121.679
-114.444
-107.209
-94.7119
-78.9266
-62.4836
-42.7519
-22.3625
-1.97316
17.1008
36.1747
51.3023
67.0876
81.5575
90.7656
98.6582
99.9737
101.289
99.316
92.7388
86.1615
75.638
63.1413
51.3023
38.8056
23.0203
9.86582
-5.91949
-22.3625
-34.2015
-47.356
-57.8795
-67.0876
-74.3225
-76.2957
-76.9534
-75.638
-71.0339
-65.1144
-57.8795
-49.3291
-40.121
-30.2552
-19.0739
-6.57722
3.94633
15.7853
26.3089
35.517
42.0942
47.356
48.0137
47.356
45.3828
39.4633
34.2015
26.9666
21.7048
13.1544
3.94633
-5.26177
-15.1276
-24.3357
-32.2284
-41.4365
-49.3291
-57.2218
-65.1144
-70.3762
-75.638
-78.9266
-76.9534
-73.0071
-65.7722
-52.6177
-43.4096
-31.5706
-17.1008
-5.26177
9.86582
24.9934
38.8056
53.9332
69.7185
80.8998
92.081
102.605
109.182
116.417
119.705
117.732
115.101
109.84
101.289
92.7388
82.8729
70.3762
59.1949
45.3828
30.2552
13.8122
-1.97316
-14.4699
-25.6511
-36.8324
-46.6982
-55.2486
-63.1413
-71.6917
-77.6112
-83.5306
-87.477
-88.7924
-84.8461
-80.242
-71.6917
-57.8795
-42.0942
-24.9934
-9.2081
6.57722
18.4162
30.2552
39.4633
47.356
53.2755
59.1949
64.4567
66.4299
67.0876
63.799
59.8527
55.9063
49.9868
38.8056
28.9398
15.7853
2.63089
-9.2081
-26.3089
-41.4365
-55.2486
-71.0339
-83.5306
-94.0542
-103.262
-103.262
-102.605
-96.6851
-88.7924
-82.2152
-72.3494
-65.1144
-56.5641
-46.0405
-36.1747
-23.0203
-10.5235
0
12.4967
21.7048
32.8861
43.4096
51.96
58.5372
61.1681
59.8527
56.5641
48.0137
38.8056
34.2015
23.678
15.7853
5.91949
-7.23494
-16.443
-24.9934
-24.3357
-24.9934
-23.678
-22.3625
-23.678
-24.9934
-26.3089
-26.9666
-24.9934
-21.7048
-15.7853
-10.5235
-5.91949
1.31544
9.86582
21.0471
32.8861
49.3291
65.7722
78.9266
88.1347
93.3965
95.3696
94.0542
95.3696
97.3428
96.0274
93.3965
86.1615
77.6112
67.0876
54.5909
43.4096
31.5706
19.0739
8.55038
-5.26177
-15.7853
-28.9398
-41.4365
-51.96
-63.1413
-69.7185
-75.638
-84.1884
-88.1347
-94.0542
-96.0274
-94.0542
-89.4501
-80.242
-69.7185
-54.5909
-42.0942
-32.2284
-23.0203
-15.1276
-3.28861
7.89266
19.0739
28.9398
33.5438
34.8592
34.2015
32.2284
28.9398
24.3357
19.7316
12.4967
2.63089
-5.91949
-17.7585
-26.3089
-35.517
-44.0674
-50.6446
-55.9063
-61.8258
-68.4031
-77.6112
-83.5306
-87.477
-88.7924
-86.1615
-81.5575
-72.3494
-62.4836
-49.9868
-35.517
-19.0739
-1.31544
15.1276
32.2284
46.6982
61.1681
73.6648
84.8461
96.6851
103.262
107.866
107.209
103.92
100.631
93.3965
87.477
84.1884
78.2689
72.3494
63.1413
51.3023
42.7519
33.5438
27.6243
21.7048
15.1276
11.1813
5.26177
-0.657722
-3.94633
-5.91949
-5.91949
-3.94633
-2.63089
-0.657722
-1.31544
0
4.60405
8.55038
16.443
26.3089
33.5438
40.7787
48.6714
53.9332
55.9063
55.9063
53.9332
51.96
46.0405
43.4096
40.121
35.517
32.8861
27.6243
19.0739
9.2081
-4.60405
-17.1008
-30.2552
-42.7519
-52.6177
-64.4567
-75.638
-84.1884
-96.0274
-105.893
-111.155
-115.101
-113.128
-109.84
-107.866
-103.262
-100.631
-96.6851
-92.081
-89.4501
-82.8729
-76.2957
-69.7185
-60.5104
-48.6714
-37.4901
-26.3089
-17.1008
-6.57722
2.63089
9.86582
20.3894
27.6243
32.2284
36.8324
36.1747
34.2015
28.282
19.7316
9.86582
1.97316
-4.60405
-8.55038
-11.1813
-15.1276
-18.4162
-22.3625
-28.9398
-30.2552
-30.9129
-29.5975
-23.678
-17.7585
-10.5235
-5.26177
-2.63089
1.31544
5.91949
13.8122
25.6511
36.1747
47.356
58.5372
65.7722
74.9803
81.5575
86.1615
90.7656
91.4233
89.4501
86.8193
81.5575
77.6112
73.6648
68.4031
65.1144
61.1681
53.9332
47.356
36.8324
25.6511
19.0739
11.839
5.26177
-1.31544
-11.1813
-19.0739
-26.3089
-31.5706
-32.2284
-30.9129
-28.282
-21.7048
-18.4162
-14.4699
-9.2081
-5.26177
2.63089
8.55038
13.1544
17.7585
18.4162
17.7585
19.0739
18.4162
21.0471
25.6511
26.3089
25.6511
23.0203
17.7585
11.839
7.23494
1.31544
-0.657722
-7.23494
-16.443
-24.9934
-40.121
-53.2755
-63.1413
-71.0339
-74.3225
-75.638
-76.9534
-76.9534
-78.2689
-79.5843
-77.6112
-75.638
-68.4031
-59.8527
-52.6177
-42.0942
-32.2284
-26.3089
-15.7853
-7.23494
0
7.89266
13.8122
20.3894
26.9666
28.282
28.282
28.9398
28.9398
29.5975
27.6243
22.3625
16.443
7.89266
1.97316
-5.91949
-14.4699
-20.3894
-26.9666
-34.2015
-37.4901
-40.121
-40.121
-36.1747
-32.2284
-27.6243
-22.3625
-19.7316
-14.4699
-9.86582
-5.91949
3.28861
13.1544
24.9934
38.1479
45.3828
54.5909
60.5104
63.799
68.4031
71.6917
74.3225
75.638
73.6648
69.7185
65.7722
58.5372
55.2486
48.6714
39.4633
30.9129
22.3625
15.1276
9.2081
-0.657722
-6.57722
-11.1813
-11.1813
-7.89266
-11.839
-15.7853
-15.7853
-17.1008
-16.443
-13.8122
-11.1813
-6.57722
-3.28861
0
5.91949
10.5235
16.443
19.0739
17.7585
21.0471
24.3357
26.9666
28.282
24.9934
21.7048
20.3894
17.7585
13.8122
11.1813
5.91949
1.31544
-3.94633
-9.86582
-9.86582
-13.8122
-16.443
-19.7316
-24.9934
-28.9398
-30.9129
-32.8861
-36.1747
-42.7519
-46.6982
-49.3291
-53.2755
-53.9332
-51.96
-52.6177
-51.96
-49.9868
-49.3291
-46.0405
-44.7251
-43.4096
-40.121
-39.4633
-34.8592
-26.3089
-21.7048
-16.443
-13.8122
-11.1813
-7.23494
-5.26177
-2.63089
-3.28861
-3.28861
-4.60405
-5.91949
-4.60405
-5.26177
-5.26177
-8.55038
-11.839
-15.7853
-21.0471
-23.0203
-26.3089
-28.282
-29.5975
-30.9129
-30.9129
-30.9129
-27.6243
-24.9934
-22.3625
-16.443
-12.4967
-5.91949
0
8.55038
18.4162
27.6243
38.1479
48.0137
57.8795
67.7453
75.638
83.5306
85.5038
85.5038
86.1615
85.5038
83.5306
81.5575
78.9266
71.6917
66.4299
60.5104
55.2486
49.9868
45.3828
38.8056
32.8861
28.282
24.3357
21.7048
19.0739
17.1008
14.4699
14.4699
15.7853
17.1008
19.0739
19.0739
19.0739
20.3894
22.3625
23.678
25.6511
25.6511
24.9934
21.7048
17.1008
13.1544
11.1813
7.23494
1.31544
-2.63089
-6.57722
-11.1813
-15.7853
-20.3894
-24.9934
-32.2284
-37.4901
-41.4365
-46.0405
-49.9868
-54.5909
-58.5372
-61.1681
-63.1413
-65.1144
-66.4299
-67.0876
-68.4031
-68.4031
-67.0876
-67.0876
-65.7722
-65.1144
-63.1413
-63.1413
-62.4836
-61.1681
-61.1681
-61.1681
-59.1949
-57.2218
-54.5909
-51.96
-49.3291
-44.0674
-40.121
-36.1747
-33.5438
-30.9129
-28.282
-26.9666
-24.9934
-23.0203
-23.0203
-22.3625
-20.3894
-18.4162
-15.1276
-11.839
-8.55038
-3.94633
0
3.28861
6.57722
11.839
15.1276
19.0739
22.3625
27.6243
33.5438
39.4633
44.7251
49.9868
55.2486
60.5104
64.4567
68.4031
74.3225
80.242
84.8461
89.4501
92.081
92.081
92.081
88.7924
86.1615
83.5306
80.242
78.2689
76.2957
71.6917
66.4299
59.8527
55.9063
48.6714
42.0942
38.1479
36.1747
34.8592
34.2015
32.2284
28.282
24.9934
23.0203
20.3894
19.0739
17.7585
14.4699
12.4967
11.839
11.839
11.1813
8.55038
6.57722
3.94633
0
-3.94633
-7.89266
-9.86582
-13.8122
-15.7853
-17.7585
-19.0739
-22.3625
-25.6511
-30.2552
-37.4901
-43.4096
-49.3291
-53.2755
-57.2218
-58.5372
-61.8258
-63.1413
-63.799
-65.7722
-67.0876
-69.7185
-71.6917
-73.6648
-75.638
-76.2957
-74.9803
-73.0071
-72.3494
-69.7185
-67.0876
-63.1413
-59.8527
-57.8795
-55.9063
-53.9332
-51.3023
-45.3828
-40.7787
-34.2015
-28.282
-22.3625
-18.4162
-14.4699
-10.5235
-9.2081
-5.91949
-2.63089
-2.63089
0.657722
2.63089
5.26177
7.23494
7.89266
9.2081
9.2081
11.1813
12.4967
13.8122
15.7853
19.0739
21.0471
21.0471
21.7048
22.3625
22.3625
23.0203
24.9934
24.9934
26.9666
29.5975
31.5706
33.5438
34.2015
32.8861
32.8861
35.517
36.8324
40.121
43.4096
46.0405
49.3291
52.6177
54.5909
55.2486
54.5909
53.9332
54.5909
55.2486
51.96
48.0137
44.7251
41.4365
42.0942
40.7787
39.4633
38.1479
33.5438
29.5975
26.3089
23.678
21.0471
19.7316
15.1276
11.839
6.57722
1.97316
-0.657722
-3.28861
-3.94633
-5.26177
-8.55038
-9.2081
-15.1276
-19.0739
-21.7048
-26.9666
-28.282
-30.9129
-31.5706
-31.5706
-31.5706
-31.5706
-31.5706
-33.5438
-34.8592
-35.517
-36.8324
-35.517
-35.517
-34.2015
-33.5438
-36.1747
-36.1747
-36.1747
-35.517
-34.2015
-34.8592
-34.2015
-34.2015
-34.2015
-32.2284
-30.9129
-30.2552
-29.5975
-30.2552
-32.2284
-33.5438
-33.5438
-30.2552
-26.3089
-21.7048
-17.7585
-13.1544
-10.5235
-6.57722
-3.28861
-1.97316
-1.31544
-1.31544
-0.657722
2.63089
6.57722
9.2081
13.8122
16.443
18.4162
23.0203
24.3357
25.6511
24.9934
23.678
23.0203
21.7048
19.7316
18.4162
18.4162
19.7316
20.3894
20.3894
18.4162
18.4162
18.4162
20.3894
22.3625
22.3625
24.3357
24.9934
24.9934
28.282
30.2552
28.9398
30.9129
28.282
26.3089
24.9934
24.3357
28.282
28.9398
26.3089
24.9934
22.3625
20.3894
21.0471
18.4162
16.443
15.1276
11.1813
9.86582
9.2081
6.57722
5.26177
1.31544
-3.94633
-7.23494
-11.839
-13.8122
-16.443
-18.4162
-17.1008
-17.1008
-17.7585
-14.4699
-13.8122
-13.1544
-14.4699
-19.7316
-24.3357
-28.9398
-34.2015
-36.1747
-36.8324
-38.1479
-36.1747
-33.5438
-30.9129
-26.9666
-25.6511
-23.678
-22.3625
-22.3625
-23.0203
-24.3357
-28.9398
-28.9398
-27.6243
-26.3089
-22.3625
-19.7316
-17.7585
-16.443
-14.4699
-11.839
-9.2081
-10.5235
-10.5235
-10.5235
-8.55038
-5.91949
-5.26177
-3.28861
-2.63089
0.657722
5.26177
9.86582
14.4699
18.4162
21.0471
22.3625
25.6511
28.282
28.282
29.5975
31.5706
34.2015
36.8324
40.121
41.4365
43.4096
42.7519
44.0674
46.0405
44.7251
44.7251
42.0942
