SAMPLES: 9132
BITSPERSAMPLE:	16
CHANNELS:	1
SAMPLERATE:	16000
NORMALIZED:	FALSE
-4.97583
17.06
15.6383
2.1325
4.265
-8.53
-18.4817
-5.68666
-17.06
-14.9275
4.97583
-17.06
-22.7467
12.0842
28.4333
0.710833
-18.4817
-4.265
-22.0358
-9.24083
4.97583
4.97583
14.9275
-17.06
-37.6742
-2.84333
-19.1925
-30.5658
-3.55417
-24.1683
-17.06
-1.42167
0
6.3975
-8.53
-28.4333
-10.6625
-22.7467
-12.0842
27.7225
2.84333
-7.10833
-4.97583
-20.6142
-10.6625
-16.3492
-20.6142
3.55417
-12.795
-13.5058
9.24083
-8.53
-28.4333
-22.0358
-41.2283
-29.1442
15.6383
-0.710833
7.81916
20.6142
-26.3008
-17.06
8.53
-9.24083
5.68666
18.4817
17.7708
6.3975
2.84333
21.325
4.265
-14.9275
-2.1325
0
4.265
34.8308
27.7225
-5.68666
2.84333
-11.3733
-36.2525
15.6383
18.4817
7.10833
41.9392
11.3733
-10.6625
14.2167
-8.53
-19.9033
8.53
7.81916
18.4817
27.0117
31.9875
9.95166
-17.7708
2.1325
2.84333
-9.24083
36.2525
29.1442
-5.68666
21.325
3.55417
-12.795
5.68666
-3.55417
-14.9275
6.3975
16.3492
5.68666
21.325
20.6142
-20.6142
-9.95166
4.265
0.710833
19.9033
21.325
19.9033
-3.55417
-5.68666
7.81916
-20.6142
1.42167
15.6383
-20.6142
4.97583
17.7708
-9.24083
-3.55417
0.710833
-18.4817
-15.6383
0.710833
-10.6625
-9.24083
6.3975
-5.68666
-29.1442
-12.795
-1.42167
-15.6383
-13.5058
-7.81916
-13.5058
-9.24083
-9.24083
-20.6142
-14.2167
-7.10833
-25.59
-29.855
-8.53
2.84333
-3.55417
-14.9275
-32.6983
-39.0958
-22.0358
-17.7708
-22.0358
-9.24083
-14.9275
-34.12
-24.8792
-14.2167
0
-7.81916
-26.3008
-17.7708
-34.8308
-17.06
7.81916
-15.6383
4.97583
-2.1325
-39.8067
-11.3733
-11.3733
-4.265
9.24083
-3.55417
4.265
4.97583
16.3492
12.0842
-4.265
22.0358
15.6383
17.06
47.6258
36.9633
36.9633
5.68666
-2.84333
10.6625
12.0842
50.4691
39.8067
26.3008
33.4092
9.24083
9.24083
29.1442
39.8067
37.6742
35.5417
51.18
41.9392
39.8067
60.4208
36.2525
42.65
52.6016
39.0958
70.3725
76.77
68.9508
62.5533
48.3367
55.445
59.71
61.1316
64.6858
53.3125
54.7341
56.8666
36.2525
26.3008
17.06
-16.3492
-24.1683
-8.53
-14.9275
-13.5058
-8.53
-51.8908
-98.095
-91.6975
-97.3841
-93.83
-75.3483
-93.1191
-90.9866
-100.938
-119.42
-104.492
-103.782
-119.42
-107.336
-99.5166
-88.1433
-31.9875
-52.6016
-63.975
-56.1558
-86.7216
-66.1075
-55.445
-36.9633
-7.81916
-19.9033
-62.5533
-56.1558
-58.9991
-66.1075
-46.2042
-82.4566
-68.9508
-67.5291
-117.287
-66.8183
-74.6375
-143.588
-112.312
-122.974
-130.082
-68.9508
-100.938
-130.793
-101.649
-122.263
-103.071
-43.3608
-54.7341
-76.77
-83.8783
-108.047
-14.2167
169.889
236.707
221.069
131.504
34.12
73.9266
133.637
268.695
483.367
538.101
436.452
286.466
191.214
206.142
275.803
356.838
447.825
503.981
476.969
404.464
300.682
190.503
108.757
49.0475
63.975
184.106
263.719
256.611
125.107
-83.1675
-210.407
-248.792
-179.13
-38.385
67.5291
62.5533
-24.8792
-110.179
-163.492
-149.275
-76.0591
-16.3492
41.9392
93.83
105.203
96.6733
48.3367
11.3733
28.4333
28.4333
57.5775
138.612
139.323
73.9266
-15.6383
-94.5408
-110.179
-100.938
-87.4325
-92.4083
-142.877
-220.358
-297.839
-342.622
-387.404
-425.078
-412.994
-402.332
-406.597
-395.223
-391.669
-419.392
-462.752
-491.897
-430.054
-346.887
-316.321
-238.129
-245.237
-299.972
-265.141
-272.249
-253.767
-153.54
-152.118
-130.082
-78.9025
-113.733
-112.312
-132.215
-179.13
-177.708
-149.986
-140.745
-71.0833
-21.325
-63.2641
-86.7216
-125.817
-164.202
-142.877
-129.372
-93.83
2.1325
110.179
285.755
392.38
303.526
168.467
128.661
210.407
422.946
674.581
886.409
947.541
727.182
415.127
296.417
398.777
624.111
850.156
934.035
880.722
732.158
516.065
376.031
348.308
325.562
345.465
361.814
355.417
354.706
263.719
53.3125
-144.299
-229.599
-198.322
-47.6258
111.601
129.372
-5.68666
-194.768
-341.911
-341.911
-183.395
-4.265
86.0108
75.3483
-29.1442
-130.793
-149.275
-90.2758
-12.795
27.7225
14.2167
-18.4817
-2.84333
-17.7708
-90.9866
-157.805
-203.298
-229.599
-209.696
-144.299
-117.287
-160.648
-316.321
-506.824
-582.883
-561.558
-482.656
-434.319
-430.765
-491.897
-620.557
-674.581
-656.099
-586.437
-492.607
-474.126
-474.126
-434.319
-405.175
-387.404
-351.862
-331.959
-339.067
-292.152
-214.672
-144.299
-103.782
-110.89
-153.54
-145.721
-127.239
-103.782
-56.1558
-113.733
-206.852
-221.069
-195.479
-186.949
-136.48
-113.022
-169.889
-244.527
-299.972
-284.333
-216.093
-152.829
-70.3725
167.046
415.837
467.728
401.621
295.707
249.502
372.477
651.834
1034.97
1381.86
1423.8
1113.88
729.315
594.256
779.073
1100.37
1408.87
1511.23
1332.81
1006.54
680.978
511.8
530.992
591.413
565.823
519.619
464.885
344.043
171.311
-66.8183
-271.538
-338.357
-245.948
-55.445
88.8541
79.6133
-115.155
-371.766
-505.402
-436.452
-190.503
80.3241
152.829
66.1075
-78.9025
-170.6
-142.877
-82.4566
39.8067
137.191
154.251
54.0233
-90.9866
-170.6
-211.117
-269.406
-311.345
-255.9
-197.612
-237.418
-419.392
-605.63
-727.893
-764.856
-713.676
-644.015
-597.1
-658.942
-833.807
-977.396
-978.106
-886.409
-769.121
-690.219
-678.135
-690.219
-714.387
-705.857
-656.81
-570.088
-463.463
-373.898
-302.815
-249.502
-247.37
-280.779
-282.912
-248.792
-139.323
-16.3492
51.18
13.5058
-91.6975
-233.864
-285.044
-212.539
-119.42
-18.4817
-24.1683
-152.118
-282.201
-297.839
-245.237
-196.19
-180.552
-124.396
98.095
406.597
634.063
589.281
378.163
248.081
333.381
661.786
1189.22
1710.26
1832.53
1490.62
889.252
570.799
848.024
1447.26
1932.76
2043.65
1773.53
1256.75
833.096
670.316
776.941
980.95
1001.56
820.301
613.449
429.343
233.153
21.325
-189.082
-238.84
-84.5891
88.1433
189.792
114.444
-173.443
-514.643
-708.701
-538.101
-135.058
180.552
206.852
-64.6858
-395.934
-566.534
-486.921
-199.033
85.3
182.684
45.4933
-192.636
-337.646
-410.151
-432.897
-401.621
-347.597
-295.707
-325.562
-417.97
-558.004
-786.892
-990.901
-1032.84
-892.096
-666.051
-582.883
-730.736
-1015.78
-1285.19
-1362.67
-1166.48
-848.735
-657.521
-668.894
-855.132
-1004.41
-974.552
-808.217
-562.269
-397.356
-345.465
-331.248
-334.802
-305.658
-239.551
-186.949
-113.733
-19.1925
61.8425
124.396
131.504
54.0233
-111.601
-215.382
-191.925
-63.975
54.0233
39.0958
-81.035
-253.057
-390.958
-449.247
-337.646
-150.697
-88.1433
-3.55417
297.128
558.715
480.523
164.913
41.9392
351.152
776.941
1169.32
1590.13
1833.95
1531.13
814.615
448.536
870.06
1715.95
2310.92
2377.03
2009.53
1400.34
833.096
613.449
885.698
1376.88
1536.82
1218.37
714.387
336.935
149.986
29.1442
-44.0717
27.7225
208.274
276.514
142.167
-107.336
-362.525
-532.414
-565.112
-374.609
20.6142
294.996
182.684
-233.153
-636.906
-679.556
-399.488
-37.6742
211.828
232.442
-22.0358
-405.886
-530.992
-366.079
-93.83
-2.1325
-161.359
-329.827
-430.054
-501.137
-530.992
-526.016
-617.714
-781.916
-931.902
-916.975
-808.928
-763.435
-880.722
-1100.37
-1187.09
-1145.15
-1017.2
-919.107
-936.878
-1069.8
-1192.07
-1170.74
-977.396
-718.652
-612.027
-683.821
-826.699
-860.819
-697.327
-444.271
-223.202
-143.588
-212.539
-306.369
-309.212
-208.985
-76.77
-32.6983
-117.998
-233.864
-288.598
-271.538
-218.226
-188.371
-226.756
-297.839
-359.682
-368.212
-312.767
-231.732
-124.396
70.3725
445.692
796.133
728.604
342.622
196.19
548.763
1092.55
1557.44
1977.54
2148.14
1718.79
924.794
596.389
1210.55
2233.44
2816.32
2676.29
2049.33
1312.2
816.747
808.217
1278.08
1764.29
1790.59
1281.63
600.654
211.117
164.202
188.371
173.443
225.334
327.694
329.116
100.227
-216.093
-450.668
-546.631
-462.752
-181.262
187.66
318.453
18.4817
-516.776
-867.216
-756.326
-303.526
93.1191
216.093
24.8792
-381.007
-808.928
-848.735
-417.259
-33.4092
-51.8908
-412.994
-721.496
-821.723
-796.844
-700.881
-560.136
-566.534
-818.169
-1106.77
-1155.1
-953.227
-849.446
-892.806
-1005.12
-1041.37
-963.89
-916.975
-906.312
-953.938
-1034.26
-1079.76
-1013.65
-811.061
-601.365
-610.606
-807.506
-939.011
-859.397
-562.98
-300.682
-226.045
-286.466
-444.982
-567.956
-510.378
-267.984
-49.7583
-45.4933
-237.418
-467.017
-550.185
-482.656
-386.693
-272.96
-218.937
-302.104
-490.475
-577.907
-422.946
-152.118
145.721
538.811
851.578
695.195
213.961
-2.84333
493.318
1248.22
1807.65
2119.7
2092.69
1597.95
841.626
644.726
1376.88
2463.04
3033.12
2790.02
2020.9
1268.13
884.987
998.01
1492.75
1951.95
1960.48
1371.91
562.269
103.782
127.239
331.248
445.692
486.21
515.354
390.958
49.7583
-292.152
-420.813
-325.562
-130.793
83.1675
265.141
248.081
-95.2516
-561.558
-751.351
-447.114
78.9025
358.26
290.02
-17.7708
-399.488
-707.279
-735.712
-396.645
61.8425
266.562
-2.84333
-536.679
-955.36
-1007.25
-793.29
-494.74
-279.357
-259.454
-506.824
-993.745
-1391.1
-1393.94
-1037.82
-681.689
-543.787
-673.159
-964.601
-1305.8
-1553.17
-1453.65
-1069.8
-725.05
-673.87
-914.131
-1207.71
-1357.69
-1323.57
-1113.16
-801.82
-564.401
-511.8
-676.713
-947.541
-1042.08
-915.553
-669.605
-430.054
-304.237
-351.862
-550.896
-791.157
-916.264
-793.29
-513.221
-254.478
-223.202
-350.441
-532.414
-632.641
-523.173
-229.599
327.694
978.106
1174.3
639.039
6.3975
140.034
967.444
1728.75
2191.5
2469.43
2323.71
1537.53
777.651
1060.56
2286.75
3341.63
3448.96
2792.15
1934.89
1284.48
1093.97
1477.82
2136.05
2498.58
2139.61
1199.18
380.296
186.238
418.681
589.991
631.22
695.195
625.533
250.213
-253.767
-506.113
-393.091
-151.407
27.7225
150.697
177.708
-44.0717
-535.257
-907.023
-758.459
-194.768
257.322
245.948
-90.2758
-469.15
-791.157
-948.251
-722.206
-172.732
226.045
41.9392
-524.595
-1051.32
-1209.84
-1006.54
-662.496
-374.609
-279.357
-500.426
-1007.25
-1465.74
-1515.5
-1137.33
-719.363
-515.354
-646.147
-963.89
-1314.33
-1591.56
-1534.69
-1154.39
-727.182
-597.1
-831.675
-1202.02
-1438.02
-1441.57
-1216.95
-843.759
-546.631
-491.897
-715.098
-1033.55
-1200.6
-1069.09
-732.158
-420.813
-293.574
-421.524
-709.411
-962.468
-1029.29
-845.891
-533.125
-367.501
-395.934
-597.811
-766.989
-727.893
-481.234
-149.275
274.382
801.109
951.095
475.547
-67.5291
244.527
1189.93
1934.18
2197.19
2261.87
2123.97
1472.14
874.325
1260.31
2538.38
3523.6
3472.42
2654.25
1795.56
1347.03
1403.18
1858.12
2392.66
2615.15
2158.09
1155.81
343.332
316.321
784.76
1030.71
946.119
801.109
646.858
270.827
-199.033
-321.297
-53.3125
234.575
319.164
299.972
212.539
-62.5533
-503.27
-747.086
-494.029
71.0833
421.524
243.816
-243.105
-649.701
-867.927
-860.108
-560.847
-130.793
-4.265
-369.633
-880.722
-1152.26
-1106.77
-946.83
-770.543
-639.75
-676.002
-878.59
-1113.88
-1259.6
-1278.79
-1198.46
-1075.49
-949.673
-896.361
-934.746
-1133.07
-1414.56
-1515.5
-1325.7
-998.01
-830.964
-915.553
-1163.63
-1445.12
-1574.5
-1377.59
-971.709
-692.351
-703.725
-936.878
-1162.21
-1221.21
-1066.25
-776.941
-526.727
-487.632
-635.485
-832.386
-936.167
-865.795
-710.833
-535.257
-452.801
-452.09
-540.233
-621.268
-553.028
-302.815
12.0842
405.175
953.227
1137.33
695.906
103.071
299.972
1258.17
2134.63
2551.89
2630.79
2318.03
1489.91
856.554
1305.8
2729.6
3852
3848.45
2908.02
1816.18
1273.81
1416.69
2052.18
2681.97
2851.15
2284.62
1195.62
331.959
255.189
742.11
1081.89
1031.42
808.928
545.209
132.215
-319.164
-459.909
-216.804
128.661
282.201
253.057
62.5533
-285.044
-710.833
-898.493
-553.739
68.24
386.693
113.022
-452.801
-895.65
-1059.14
-914.131
-516.065
-117.998
-107.336
-570.799
-1116.72
-1295.85
-1086.86
-797.555
-648.28
-681.689
-823.856
-1017.91
-1186.38
-1229.74
-1129.51
-998.721
-966.733
-1005.83
-1004.41
-990.191
-1091.84
-1298.69
-1409.58
-1261.73
-998.721
-872.192
-978.817
-1215.52
-1416.69
-1485.64
-1342.05
-1023.6
-762.724
-796.844
-1057.01
-1252.49
-1195.62
-966.022
-739.977
-610.606
-619.136
-717.231
-822.434
-834.518
-748.507
-607.762
-517.486
-522.462
-529.571
-545.92
-527.438
-486.21
-346.176
-113.733
214.672
727.182
1067.67
821.723
223.912
178.419
978.817
1934.18
2439.58
2595.25
2474.41
1844.61
1084.02
1155.1
2374.18
3664.34
3982.8
3276.94
2207.85
1514.07
1441.57
1917.83
2549.05
2895.22
2590.99
1629.23
640.461
336.224
726.471
1136.62
1155.81
982.371
806.796
465.596
-24.8792
-264.43
-67.5291
281.49
424.367
375.32
245.948
-31.9875
-451.379
-757.748
-614.871
-95.2516
299.972
170.6
-367.501
-909.866
-1175.72
-1150.13
-808.217
-339.778
-222.491
-665.34
-1364.09
-1664.06
-1438.02
-1020.05
-762.013
-803.952
-1096.1
-1478.53
-1718.79
-1612.88
-1234.01
-924.083
-943.986
-1295.85
-1575.21
-1524.74
-1272.39
-1116.72
-1150.13
-1209.84
-1250.36
-1303.67
-1311.49
-1241.11
-1187.09
-1222.63
-1258.89
-1157.95
-968.155
-880.011
-959.625
-1066.96
-1028.58
-833.807
-607.051
-464.174
-491.897
-664.629
-808.928
-762.724
-518.908
-258.032
-136.48
-229.599
-464.174
-622.69
-607.051
-393.091
-65.3966
244.527
403.753
558.715
825.277
903.469
593.546
381.717
892.806
1810.49
2404.75
2490.05
2391.24
2083.45
1486.35
1194.2
1882.29
3166.05
3890.39
3538.53
2510.66
1637.76
1382.57
1738.7
2382
2810.63
2701.88
1954.79
909.866
280.068
467.728
1047.06
1290.87
1085.44
740.688
384.561
-26.3008
-314.899
-214.672
167.757
419.392
350.441
117.998
-182.684
-508.246
-746.375
-680.978
-282.912
128.661
160.648
-299.261
-887.831
-1182.12
-1096.1
-809.639
-506.113
-351.152
-537.39
-1078.33
-1581.6
-1650.55
-1231.16
-715.809
-570.088
-848.024
-1279.5
-1543.22
-1589.42
-1416.69
-1061.98
-729.315
-739.977
-1103.92
-1462.18
-1504.12
-1310.78
-1117.43
-961.046
-867.927
-885.698
-1064.12
-1285.19
-1334.23
-1202.02
-1025.73
-909.866
-868.638
-863.662
-948.251
-1101.79
-1153.68
-1017.2
-739.977
-510.378
-484.788
-622.69
-789.025
-863.662
-784.049
-570.799
-330.537
-230.31
-324.851
-535.968
-685.243
-654.677
-514.643
-257.322
47.6258
221.78
255.189
545.209
954.649
884.987
442.849
480.523
1360.53
2189.37
2409.01
2353.57
2357.83
2069.95
1472.14
1473.56
2492.89
3620.27
3797.27
3045.21
2091.98
1615.01
1706
2131.79
2519.9
2615.15
2287.46
1463.61
601.365
404.464
888.541
1299.4
1135.91
728.604
517.486
352.573
10.6625
-243.816
-81.035
278.647
358.26
157.805
-95.2516
-312.056
-506.113
-635.485
-523.173
-121.552
179.841
-49.0475
-658.942
-1103.92
-1126.67
-946.119
-769.832
-631.931
-637.617
-938.3
-1446.55
-1752.91
-1521.89
-1034.97
-774.097
-915.553
-1221.92
-1420.24
-1526.16
-1539.66
-1390.39
-1058.43
-803.241
-926.926
-1268.13
-1474.98
-1460.76
-1315.75
-1125.96
-919.107
-775.519
-871.481
-1204.15
-1501.28
-1462.18
-1160.08
-876.457
-746.375
-762.013
-889.252
-1108.19
-1251.07
-1095.39
-717.231
-395.223
-315.61
-463.463
-671.026
-786.892
-700.881
-419.392
-137.902
-34.12
-145.721
-319.875
-415.127
-406.597
-304.947
-101.649
159.937
332.67
314.899
414.416
842.337
1102.5
853
565.823
1030.71
1898.64
2317.32
2278.22
2312.34
2303.81
1867.36
1483.51
1917.12
2986.21
3622.41
3331.67
2473.7
1809.07
1681.12
1911.43
2202.87
2324.42
2232.73
1755.05
930.481
362.525
537.39
1021.47
1031.42
600.654
314.899
266.562
61.8425
-254.478
-325.562
-68.9508
159.937
42.65
-222.491
-401.621
-497.583
-649.701
-746.375
-539.522
-154.251
-73.2158
-496.872
-997.299
-1164.34
-1071.23
-998.721
-924.794
-828.831
-801.109
-941.854
-1266.7
-1457.21
-1344.19
-1021.47
-835.94
-915.553
-1018.62
-1020.05
-1130.94
-1368.35
-1361.96
-998.721
-662.496
-750.64
-1084.02
-1324.28
-1338.5
-1221.21
-1057.72
-832.386
-701.592
-879.301
-1312.2
-1614.3
-1451.52
-1000.85
-739.266
-783.338
-934.035
-1033.55
-1105.35
-1111.03
-929.059
-626.244
-396.645
-419.392
-617.714
-742.821
-662.496
-492.607
-401.621
-356.838
-238.84
-142.167
-238.129
-448.536
-543.787
-373.187
-39.0958
226.756
368.922
628.376
1064.83
1148.71
658.942
358.971
1000.85
2053.6
2483.65
2359.26
2396.93
2492.18
2069.24
1560.28
1922.8
3048.05
3761.02
3430.48
2581.03
2030.85
1963.32
2037.96
2070.66
2180.84
2302.39
1988.91
1134.49
412.283
446.403
857.976
893.517
588.57
460.62
496.872
207.563
-368.922
-612.027
-270.117
184.106
243.816
-29.1442
-304.237
-506.113
-744.242
-882.855
-650.412
-165.624
-7.10833
-428.632
-1010.8
-1274.52
-1233.3
-1168.61
-1129.51
-988.769
-827.41
-958.203
-1388.26
-1669.04
-1542.51
-1205.57
-1034.97
-1091.84
-1152.26
-1174.3
-1337.79
-1551.04
-1455.08
-1042.79
-756.326
-914.131
-1276.66
-1470
-1388.26
-1221.92
-1099.66
-955.36
-858.686
-993.034
-1342.05
-1562.41
-1376.17
-985.926
-791.868
-836.651
-890.674
-868.638
-889.963
-951.095
-843.048
-526.727
-231.732
-210.407
-405.175
-548.052
-518.908
-421.524
-341.911
-223.912
-36.2525
-19.1925
-255.9
-511.8
-493.318
-137.191
226.045
408.729
516.065
887.831
1230.45
1037.11
577.196
747.086
1697.47
2462.33
2522.75
2399.77
2571.08
2472.28
1952.66
1830.4
2693.35
3733.3
3834.23
3106.34
2347.88
2099.09
2138.9
2205
2287.46
2326.56
2109.04
1464.32
708.701
382.428
578.618
769.832
575.775
276.514
245.237
230.31
-147.853
-664.629
-748.507
-311.345
73.9266
62.5533
-211.117
-496.162
-767.7
-983.082
-874.325
-375.32
78.1916
-40.5175
-651.123
-1182.83
-1280.92
-1111.74
-959.625
-870.06
-797.555
-845.181
-1166.48
-1601.51
-1762.87
-1504.12
-1121.69
-1000.14
-1143.02
-1293.72
-1403.9
-1622.83
-1814.76
-1610.04
-1042.08
-695.195
-1000.14
-1580.89
-1819.02
-1644.16
-1390.39
-1197.75
-951.095
-803.952
-1032.13
-1504.12
-1700.31
-1366.93
-871.481
-654.677
-703.014
-735.712
-700.881
-766.278
-929.059
-855.843
-420.813
-10.6625
-31.9875
-357.549
-565.823
-571.51
-539.522
-489.764
-278.647
-22.0358
-42.65
-422.946
-707.279
-533.125
-96.6733
243.816
582.883
1160.08
1382.57
837.361
230.31
683.111
1903.61
2656.38
2671.31
2642.88
2672.02
2202.87
1597.24
1907.17
3200.17
4139.18
3893.23
2946.4
2256.18
2105.49
2155.25
2227.04
2364.94
2477.25
2195.76
1437.3
705.857
501.848
653.966
681.689
525.306
469.15
550.896
374.609
-187.66
-727.182
-715.809
-201.166
226.756
252.346
12.0842
-311.345
-698.038
-968.155
-782.627
-161.359
288.598
113.022
-472.704
-965.311
-1166.48
-1188.51
-1078.33
-846.602
-636.906
-683.821
-1076.2
-1578.05
-1854.56
-1755.76
-1427.35
-1184.96
-1133.07
-1261.73
-1553.17
-1943.42
-2170.17
-1943.42
-1415.27
-1042.08
-1129.51
-1529.71
-1893.66
-1970.43
-1768.55
-1409.58
-1041.37
-843.759
-908.445
-1231.87
-1524.74
-1495.59
-1147.28
-746.375
-543.787
-490.475
-509.667
-620.557
-798.266
-867.216
-666.051
-296.417
-55.445
-108.047
-377.452
-660.364
-780.495
-708.701
-480.523
-246.659
-203.298
-327.694
-473.415
-489.764
-284.333
290.02
1030.71
1258.17
822.434
376.742
660.364
1479.24
2222.78
2633.64
2759.45
2610.18
2177.99
1880.15
2131.08
2905.89
3686.38
3916.69
3413.42
2639.32
2261.87
2339.35
2410.44
2246.94
2153.11
2177.28
1973.98
1413.85
814.615
520.33
499.716
587.859
682.4
731.447
590.702
192.636
-287.177
-526.016
-320.586
117.287
424.367
362.525
7.81916
-400.91
-597.811
-488.342
-209.696
2.84333
25.59
-94.5408
-355.417
-723.628
-1024.31
-1074.78
-967.444
-890.674
-910.577
-962.468
-1131.65
-1482.8
-1851.01
-2034.4
-1887.97
-1588.71
-1420.96
-1514.79
-1821.87
-2134.63
-2248.37
-2099.8
-1782.06
-1475.69
-1333.52
-1429.49
-1664.77
-1801.96
-1721.64
-1458.63
-1140.18
-925.505
-875.036
-971.709
-1105.35
-1148
-1050.61
-842.337
-594.256
-398.067
-367.501
-501.848
-676.002
-766.278
-668.183
-435.741
-269.406
-258.743
-395.934
-565.823
-666.761
-697.327
-634.063
-542.366
-487.632
-448.536
-374.609
-187.66
127.95
621.979
1002.99
900.626
572.931
610.606
1234.72
2018.06
2615.15
2940.72
2913.7
2516.35
2089.85
2121.13
2635.06
3291.87
3793.01
3921.67
3473.13
2716.09
2205.72
2140.32
2273.96
2304.52
2219.93
2026.59
1703.16
1315.75
895.65
478.391
184.106
201.877
469.861
659.653
506.824
48.3367
-444.982
-658.942
-501.137
-163.492
106.625
130.793
-88.1433
-457.066
-722.917
-684.532
-409.44
-157.805
-117.287
-255.189
-518.908
-821.012
-1033.55
-1111.03
-1137.33
-1157.24
-1138.75
-1088.29
-1166.48
-1433.75
-1763.58
-2015.21
-2035.83
-1837.5
-1548.91
-1367.64
-1467.16
-1772.82
-2050.04
-2096.96
-1880.86
-1504.83
-1164.34
-1050.61
-1155.1
-1305.8
-1364.8
-1256.04
-975.263
-681.689
-542.366
-587.859
-693.062
-692.351
-632.641
-572.931
-479.102
-368.922
-287.177
-270.117
-319.164
-419.392
-486.921
-490.475
-453.512
-391.669
-337.646
-353.284
-476.258
-656.099
-749.929
-706.568
-631.931
-538.101
-407.307
-173.443
87.4325
412.994
714.387
751.351
618.425
569.377
854.421
1418.82
2057.86
2559
2691.21
2374.18
1892.95
1690.36
1982.51
2595.25
3179.56
3448.25
3260.59
2771.54
2253.34
1938.44
1834.66
1811.2
1804.09
1782.77
1727.32
1555.3
1236.85
819.591
385.982
107.336
129.372
426.5
720.074
693.773
313.477
-146.432
-389.537
-333.381
-135.769
26.3008
36.9633
-93.83
-259.454
-365.368
-385.982
-407.307
-492.607
-613.449
-710.833
-779.073
-846.602
-942.565
-1103.92
-1326.41
-1513.36
-1578.76
-1541.09
-1509.81
-1516.92
-1573.78
-1702.45
-1843.19
-1890.11
-1758.6
-1565.97
-1474.98
-1501.28
-1558.15
-1539.66
-1416.69
-1263.15
-1148.71
-1107.48
-1089.71
-1005.12
-833.807
-621.979
-524.595
-573.642
-659.653
-679.556
-576.486
-415.837
-270.117
-225.334
-312.767
-442.849
-505.402
-447.825
-368.212
-327.694
-326.983
-356.838
-372.477
-351.862
-313.477
-280.068
-285.755
-314.899
-334.802
-324.14
-260.876
-168.467
-53.3125
39.8067
114.444
258.032
516.776
833.807
1061.98
1126.67
1093.97
1089
1229.74
1564.54
1977.54
2251.92
2286.04
2143.87
1991.75
1946.26
2039.38
2263.29
2500
2630.08
2602.36
2448.11
2238.41
2025.87
1816.89
1605.06
1423.8
1341.34
1369.78
1420.24
1364.09
1135.91
772.676
409.44
189.082
168.467
263.719
345.465
348.308
232.442
35.5417
-186.238
-399.488
-574.353
-683.111
-689.508
-613.449
-549.474
-611.316
-833.807
-1165.77
-1477.11
-1666.9
-1725.19
-1716.66
-1698.18
-1706.71
-1784.19
-1935.6
-2097.67
-2197.9
-2195.76
-2111.17
-1981.8
-1826.13
-1650.55
-1488.48
-1384.7
-1341.34
-1298.69
-1182.12
-995.877
-784.049
-587.859
-412.994
-269.406
-183.395
-163.492
-189.792
-229.599
-244.527
-211.828
-134.347
-44.7825
-2.84333
-59.71
-233.864
-442.849
-582.172
-608.473
-545.209
-464.174
-423.657
-450.668
-547.341
-642.593
-658.942
-569.377
-416.548
-280.779
-192.636
-147.142
-95.9625
7.10833
148.564
291.442
388.115
453.512
532.414
641.171
776.23
906.312
992.323
1022.89
1029.29
1055.59
1135.91
1271.68
1430.2
1541.09
1563.12
1490.62
1378.31
1313.62
1349.87
1500.57
1682.54
1800.54
1804.09
1711.69
1580.18
1480.67
1456.5
1496.3
1556.72
1596.53
1610.04
1592.27
1536.82
1418.82
1199.18
914.131
673.159
599.943
698.038
824.566
826.699
624.111
272.249
-106.625
-368.212
-465.596
-459.198
-422.235
-434.319
-517.486
-653.966
-830.253
-1036.39
-1281.63
-1516.92
-1640.6
-1623.54
-1530.42
-1464.32
-1489.2
-1594.4
-1751.49
-1895.79
-1964.74
-1909.3
-1725.19
-1505.54
-1314.33
-1187.8
-1108.9
-1065.54
-1073.36
-1105.35
-1098.24
-965.311
-707.99
-428.632
-248.792
-228.888
-341.911
-507.535
-629.087
-623.401
-509.667
-375.32
-312.767
-352.573
-451.379
-567.245
-673.159
-742.11
-766.278
-742.821
-687.376
-634.774
-603.497
-597.811
-597.811
-588.57
-562.269
-482.656
-337.646
-163.492
-15.6383
88.1433
180.552
297.839
441.427
618.425
804.663
953.938
1026.44
1036.39
1060.56
1125.25
1204.86
1243.96
1224.77
1199.89
1216.95
1243.25
1237.56
1175.01
1098.24
1071.94
1084.73
1121.69
1195.62
1329.97
1467.16
1472.85
1293.72
1034.26
882.144
939.721
1159.37
1398.92
1521.18
1496.3
1359.11
1168.61
999.431
916.975
953.227
1081.89
1235.43
1312.91
1253.2
1037.11
702.303
316.321
-38.385
-258.743
-286.466
-195.479
-135.769
-224.623
-502.559
-902.047
-1274.52
-1504.12
-1566.68
-1544.64
-1504.83
-1464.32
-1396.79
-1302.25
-1268.13
-1371.2
-1582.31
-1749.36
-1735.14
-1504.12
-1159.37
-862.241
-717.941
-744.242
-865.795
-967.444
-977.396
-897.071
-764.856
-607.762
-464.885
-381.007
-351.152
-408.018
-584.305
-764.146
-826.699
-752.772
-631.22
-586.437
-653.966
-754.194
-818.88
-835.229
-807.506
-776.23
-784.76
-833.807
-837.361
-749.218
-596.389
-410.151
-266.562
-147.142
-94.5408
-103.071
-45.4933
49.0475
285.755
510.378
516.776
537.39
668.894
821.012
944.697
1020.76
1039.24
1078.33
1189.93
1322.15
1337.08
1235.43
1130.94
1127.38
1339.92
1457.21
1300.82
1071.94
867.216
786.892
790.446
776.23
794.711
876.457
835.229
564.401
307.08
216.093
307.791
602.786
924.794
1071.23
930.481
531.703
241.683
286.466
543.076
885.698
1125.25
1186.38
1052.74
747.796
435.03
286.466
375.32
565.823
737.845
815.326
707.279
454.933
56.8666
-450.668
-900.626
-1184.25
-1168.61
-875.036
-587.148
-618.425
-1017.91
-1503.41
-1806.94
-1829.68
-1659.8
-1453.65
-1283.05
-1106.06
-907.023
-712.966
-607.762
-700.881
-921.24
-1037.82
-871.481
-487.632
-159.937
-48.3367
-105.203
-233.153
-355.417
-477.68
-592.124
-676.002
-735.712
-754.905
-677.424
-553.028
-477.68
-525.306
-706.568
-946.83
-1112.45
-1121.69
-1000.14
-806.085
-658.231
-593.546
-550.896
-478.391
-386.693
-307.08
-250.924
-200.455
-108.047
75.3483
354.706
651.123
818.88
776.23
622.69
567.245
632.641
754.194
880.011
996.588
1093.26
1094.68
1062.7
1050.61
1078.33
1101.79
1056.3
1000.14
1024.31
1072.65
1061.27
1039.24
957.492
855.843
821.723
779.784
710.833
592.124
389.537
213.961
86.0108
-5.68666
19.1925
109.468
204.009
254.478
292.863
466.307
727.182
877.168
771.254
523.173
385.982
496.162
801.82
1135.91
1356.27
1303.67
926.926
413.705
31.2767
-58.9991
83.1675
289.309
443.56
440.717
194.057
-258.032
-863.662
-1493.46
-1954.08
-2128.95
-1919.96
-1476.4
-1148.71
-1146.57
-1441.57
-1813.34
-2033.69
-1996.73
-1740.12
-1366.93
-995.166
-719.363
-508.246
-303.526
-149.986
-127.239
-206.852
-266.562
-223.202
-89.565
76.0591
248.792
385.272
390.247
231.732
-39.0958
-329.116
-565.112
-716.52
-747.796
-624.822
-398.777
-211.117
-180.552
-341.2
-640.461
-948.962
-1137.33
-1093.97
-816.747
-455.644
-187.66
-36.9633
-2.1325
-48.3367
-74.6375
-49.0475
76.0591
294.996
545.92
800.398
1006.54
1137.33
1184.25
1138.04
1036.39
918.396
841.626
864.373
966.022
1098.24
1208.42
1229.03
1148.71
966.022
703.725
436.452
249.502
195.479
256.611
365.368
430.054
383.139
195.479
-89.565
-363.947
-538.101
-580.04
-520.33
-420.102
-289.309
-107.336
177.708
577.907
1019.33
1313.62
1327.13
1109.61
894.939
897.782
1155.81
1559.57
1938.44
2120.42
1927.07
1351.29
589.281
-46.915
-351.862
-308.502
-39.8067
235.286
292.152
-13.5058
-661.075
-1485.64
-2256.18
-2752.35
-2817.03
-2487.21
-2001.71
-1634.92
-1511.94
-1539.66
-1570.23
-1551.75
-1494.17
-1383.99
-1175.01
-850.867
-437.162
-2.84333
393.091
698.038
870.06
885.698
752.061
543.076
363.236
314.899
421.524
598.521
720.074
684.532
440.006
9.95166
-487.632
-903.469
-1132.36
-1153.68
-1022.89
-831.675
-683.821
-657.521
-754.905
-875.746
-927.637
-916.975
-897.782
-856.554
-709.411
-413.705
-33.4092
333.381
624.822
789.736
817.458
742.821
656.81
659.653
783.338
990.191
1224.05
1393.23
1403.18
1220.5
902.047
593.546
386.693
293.574
285.044
307.791
299.972
231.021
92.4083
-83.1675
-253.057
-383.85
-462.042
-495.451
-511.8
-519.619
-474.126
-369.633
-267.273
-240.972
-287.177
-315.61
-202.587
146.432
742.11
1452.23
2030.14
2253.34
2099.09
1765
1489.2
1414.56
1585.16
1946.97
2273.24
2242.68
1706
857.265
71.0833
-407.307
-575.775
-547.341
-478.391
-521.751
-805.374
-1334.23
-1964.74
-2527.01
-2882.43
-2942.14
-2747.37
-2460.9
-2244.1
-2095.54
-1845.32
-1396.08
-862.951
-447.114
-227.467
-130.082
-36.9633
148.564
500.426
1007.25
1532.56
1875.89
1923.51
1709.55
1366.93
1037.82
824.566
740.688
707.279
592.124
311.345
-93.1191
-513.932
-870.06
-1128.8
-1283.05
-1327.13
-1274.52
-1204.15
-1204.86
-1286.61
-1335.66
-1210.55
-887.12
-516.065
-253.767
-122.263
-41.9392
52.6016
178.419
354.706
588.57
865.795
1098.24
1222.63
1238.98
1172.87
1055.59
931.191
801.109
620.557
381.007
130.793
-44.7825
-115.866
-142.877
-208.985
-345.465
-535.257
-757.037
-953.938
-1062.7
-1060.56
-968.155
-818.169
-647.569
-516.065
-471.282
-503.27
-522.462
-454.222
-325.562
-203.298
-95.9625
46.2042
291.442
754.905
1444.41
2178.7
2664.2
2716.09
2418.25
1998.15
1643.45
1499.15
1666.9
2035.12
2227.75
1900.06
1102.5
231.021
-368.212
-654.677
-735.712
-719.363
-741.399
-973.841
-1452.94
-1978.96
-2321.58
-2456.64
-2469.43
-2404.75
-2279.64
-2138.19
-1991.75
-1702.45
-1120.27
-346.887
326.983
718.652
856.554
868.638
858.686
942.565
1208.42
1605.77
1930.62
2015.21
1880.86
1628.52
1327.13
1022.89
745.664
495.451
187.66
-253.767
-753.483
-1173.59
-1420.96
-1504.12
-1489.91
-1450.81
-1463.61
-1543.22
-1585.16
-1475.69
-1193.49
-814.615
-415.127
-44.7825
220.358
366.079
467.728
650.412
926.926
1169.32
1285.9
1261.02
1140.18
993.745
877.879
844.47
856.554
794.711
575.064
211.828
-184.106
-523.884
-766.278
-894.228
-942.565
-976.685
-1066.25
-1211.26
-1326.41
-1342.76
-1238.27
-1070.51
-913.421
-798.266
-731.447
-676.713
-602.786
-496.872
-324.851
-107.336
73.2158
139.323
95.2516
22.0358
6.3975
149.275
572.221
1285.9
2072.08
2579.61
2645.72
2392.66
2023.03
1674.72
1445.12
1446.55
1627.1
1676.14
1309.35
614.871
-39.8067
-410.151
-548.763
-576.486
-553.028
-607.051
-890.674
-1369.06
-1779.93
-1949.1
-1966.16
-1971.14
-1959.06
-1855.99
-1686.81
-1471.42
-1089.71
-446.403
317.032
897.782
1156.53
1199.18
1206.28
1264.57
1400.34
1620.7
1835.37
1882.29
1710.26
1433.04
1187.8
993.034
800.398
577.196
282.912
-154.251
-718.652
-1260.31
-1627.81
-1785.61
-1790.59
-1728.75
-1678.28
-1659.8
-1596.53
-1365.51
-935.456
-432.187
4.265
321.297
529.571
645.436
714.387
861.53
1152.97
1483.51
1655.53
1585.16
1338.5
988.769
607.762
278.647
83.1675
-9.95166
-142.167
-380.296
-650.412
-875.746
-1067.67
-1263.15
-1455.79
-1620.7
-1760.02
-1851.72
-1831.11
-1656.95
-1369.78
-1069.09
-820.301
-635.485
-501.848
-394.512
-277.936
-143.588
-18.4817
68.24
142.877
214.672
247.37
203.298
93.83
-1.42167
-35.5417
44.0717
339.067
882.144
1519.05
1952.66
2047.91
1914.98
1710.98
1512.65
1371.91
1384.7
1497.01
1466.45
1111.03
542.366
66.8183
-161.359
-193.347
-146.432
-96.6733
-144.299
-361.814
-677.424
-920.529
-1007.96
-1034.26
-1113.88
-1243.25
-1346.32
-1350.58
-1162.21
-674.581
67.5291
820.301
1325.7
1529.71
1554.59
1524.03
1493.46
1486.35
1488.48
1409.58
1194.91
901.336
673.159
599.943
631.931
643.304
519.619
192.636
-332.67
-961.046
-1526.87
-1900.06
-2079.19
-2148.85
-2172.31
-2126.81
-1952.66
-1623.54
-1165.77
-641.882
-132.926
258.743
492.607
632.641
772.676
956.071
1150.84
1305.8
1408.87
1448.68
1389.68
1231.87
1037.82
836.651
569.377
192.636
-263.719
-708.701
-1088.29
-1390.39
-1605.77
-1708.84
-1720.93
-1710.98
-1700.31
-1644.16
-1541.09
-1435.17
-1334.94
-1210.55
-1044.21
-844.47
-619.846
-360.392
-56.1558
253.057
499.716
666.761
770.543
806.796
761.302
642.593
455.644
218.226
-60.4208
-343.332
-554.45
-634.774
-575.064
-371.055
-2.1325
473.415
892.806
1123.12
1178.56
1153.68
1128.8
1125.25
1150.84
1213.39
1243.96
1123.12
845.891
567.956
431.476
434.319
491.897
527.438
494.029
358.971
123.685
-143.588
-349.73
-487.632
-635.485
-817.458
-976.685
-1030
-940.432
-683.821
-264.43
225.334
657.521
949.673
1113.88
1211.26
1252.49
1222.63
1138.75
1024.31
870.06
689.508
543.787
488.342
499.005
479.812
358.971
139.323
-143.588
-464.885
-815.326
-1145.86
-1405.32
-1578.05
-1659.8
-1631.36
-1471.42
-1204.86
-885.698
-566.534
-243.816
108.047
465.596
798.266
1076.2
1254.62
1281.63
1163.63
959.625
749.218
587.859
482.656
398.777
292.152
117.287
-163.492
-521.041
-877.879
-1185.67
-1435.17
-1633.49
-1788.46
-1890.82
-1931.33
-1903.61
-1789.88
-1579.47
-1306.51
-1030
-774.097
-530.281
-300.682
-75.3483
153.54
369.633
555.871
701.592
782.627
803.241
780.495
709.411
586.437
411.572
167.046
-148.564
-499.716
-857.265
-1179.98
-1413.85
-1524.03
-1511.23
-1313.62
-886.409
-309.923
290.731
814.615
1208.42
1470.71
1653.4
1782.06
1883.71
1947.68
1910.01
1720.22
1445.12
1231.16
1151.55
1179.27
1216.95
1180.69
1055.59
876.457
663.918
424.367
164.202
-151.407
-553.739
-993.034
-1366.22
-1566.68
-1507.68
-1210.55
-786.892
-331.248
105.203
509.667
875.746
1173.59
1362.67
1401.76
1289.45
1052.03
751.351
500.426
376.742
366.79
397.356
378.874
291.442
186.949
111.601
43.3608
-71.0833
-265.852
-549.474
-919.107
-1320.02
-1654.82
-1827.55
-1790.59
-1585.16
-1280.21
-904.18
-460.62
-4.265
378.163
627.666
729.315
712.966
613.449
452.801
261.587
88.1433
-66.8183
-223.912
-386.693
-520.33
-590.702
-607.051
-610.606
-665.34
-772.676
-892.096
-1002.99
-1094.68
-1145.86
-1157.95
-1120.98
-1016.49
-854.421
-637.617
-348.308
-19.1925
282.201
511.8
660.364
744.953
778.362
753.483
661.075
518.908
364.657
202.587
24.8792
-166.335
-373.898
-598.521
-845.891
-1123.83
-1406.03
-1637.05
-1746.52
-1708.84
-1537.53
-1223.34
-757.037
-187.66
400.199
955.36
1498.44
2036.54
2522.04
2870.34
3031.7
3030.99
2858.97
2487.92
1983.94
1478.53
1072.65
779.784
553.739
381.007
267.984
207.563
153.54
58.2883
-96.6733
-360.392
-745.664
-1204.15
-1626.39
-1898.64
-1958.35
-1805.52
-1470
-992.323
-432.187
169.178
781.916
1364.09
1831.82
2118.28
2200.74
2082.74
1814.05
1479.95
1163.63
911.999
723.628
576.486
464.174
394.512
353.995
287.177
135.769
-115.155
-459.198
-872.903
-1311.49
-1726.61
-2064.97
-2298.83
-2409.72
-2392.66
-2212.11
-1830.4
-1312.2
-762.013
-263.008
140.034
442.849
626.955
688.797
654.677
574.353
446.403
223.202
-60.4208
-300.682
-452.09
-527.438
-555.161
-550.896
-505.402
-444.982
-426.5
-469.861
-549.474
-658.231
-817.458
-1013.65
-1194.2
-1297.98
-1294.43
-1172.87
-942.565
-633.352
-280.779
66.8183
353.995
536.679
589.991
520.33
362.525
143.588
-105.203
-330.537
-481.234
-562.98
-614.871
-659.653
-685.954
-673.159
-609.184
-494.74
-321.297
-29.1442
400.199
887.12
1349.87
1745.81
2093.4
2402.62
2653.54
2811.34
2872.48
2834.09
2634.35
2244.81
1739.41
1261.73
880.722
581.461
319.875
100.227
-45.4933
-106.625
-117.287
-137.902
-207.563
-369.633
-646.147
-993.745
-1332.81
-1578.05
-1654.82
-1548.19
-1305.09
-958.203
-500.426
70.3725
692.351
1268.13
1722.35
2015.92
2139.61
2080.61
1870.2
1580.18
1270.97
951.095
615.581
286.466
4.265
-203.298
-363.947
-531.703
-737.134
-980.95
-1258.89
-1569.52
-1892.95
-2199.32
-2465.88
-2672.73
-2797.84
-2804.24
-2645.01
-2303.1
-1818.31
-1233.3
-594.967
50.4691
673.87
1206.99
1569.52
1725.19
1674.72
1457.21
1143.02
787.603
453.512
192.636
12.795
-118.709
-240.972
-341.911
-416.548
-494.029
-619.136
-830.253
-1113.16
-1406.03
-1647.71
-1792.01
-1803.38
-1698.18
-1513.36
-1281.63
-1017.91
-701.592
-338.357
46.915
413.705
714.387
927.637
1057.01
1102.5
1088.29
1023.6
907.023
764.856
591.413
393.091
199.033
17.7708
-157.094
-342.622
-515.354
-621.268
-616.292
-469.861
-169.889
232.442
660.364
1034.97
1348.45
1650.55
1946.97
2187.94
2320.87
2326.56
2197.19
1937.02
1586.58
1244.67
979.528
761.302
534.546
294.285
98.8058
-14.2167
-76.77
-135.058
-218.937
-368.922
-590.702
-843.759
-1071.23
-1212.68
-1263.15
-1229.74
-1107.48
-889.252
-548.763
-70.3725
515.354
1128.8
1664.77
2055.73
2297.41
2393.38
2329.4
2108.33
1733.01
1215.52
585.726
-78.9025
-649.701
-1028.58
-1226.19
-1334.23
-1435.88
-1562.41
-1704.58
-1863.8
-2031.56
-2212.82
-2401.91
-2557.58
-2628.66
-2556.87
-2304.52
-1888.68
-1355.56
-764.146
-205.431
290.731
751.351
1181.4
1541.8
1766.42
1835.37
1772.82
1601.51
1317.88
925.505
474.837
4.97583
-487.632
-991.612
-1450.1
-1779.93
-1951.95
-2018.06
-2037.25
-2031.56
-1983.22
-1877.31
-1709.55
-1474.98
-1187.09
-880.722
-576.486
-282.201
34.8308
400.91
811.061
1216.24
1554.59
1807.65
1998.86
2147.43
2223.49
2169.46
1959.06
1602.93
1145.15
629.798
94.5408
-413.705
-865.795
-1244.67
-1519.76
-1653.4
-1591.56
-1327.84
-901.336
-391.669
97.3841
530.281
924.794
1317.88
1720.93
2091.27
2374.18
2529.14
2503.55
2284.62
1943.42
1583.03
1278.79
1010.8
742.11
489.053
313.477
236.707
216.804
194.057
118.709
-49.7583
-320.586
-654.677
-983.793
-1246.8
-1425.93
-1516.21
-1487.77
-1307.22
-955.36
-445.692
156.383
746.375
1238.27
1580.89
1773.53
1821.15
1723.77
1498.44
1167.19
756.326
292.152
-171.311
-558.004
-831.675
-1019.33
-1168.61
-1306.51
-1415.98
-1483.51
-1511.23
-1515.5
-1526.16
-1571.65
-1648.42
-1714.53
-1718.08
-1621.41
-1432.33
-1180.69
-900.626
-609.895
-291.442
58.2883
438.584
803.241
1080.47
1234.72
1256.04
1155.1
953.938
651.123
261.587
-193.347
-683.111
-1148.71
-1524.74
-1755.76
-1827.55
-1767.13
-1618.57
-1411
-1160.79
-867.216
-552.317
-253.057
2.1325
193.347
331.248
447.825
580.04
757.748
980.95
1223.34
1450.81
1631.36
1758.6
1827.55
1810.49
1670.46
1390.39
988.769
507.535
-9.24083
-516.776
-978.106
-1376.88
-1701.73
-1943.42
-2073.5
-2035.83
-1803.38
-1388.26
-844.47
-249.502
334.092
872.192
1366.22
1824.71
2222.06
2507.11
2649.99
2639.32
2475.12
2200.74
1885.84
1588.71
1320.73
1066.25
816.036
596.389
446.403
350.441
259.454
130.082
-51.18
-297.128
-599.232
-919.818
-1211.26
-1439.44
-1595.11
-1665.48
-1615.72
-1416.69
-1057.01
-566.534
-8.53
537.39
1022.89
1411.71
1683.25
1824.71
1826.84
1687.52
1418.82
1034.97
574.353
104.492
-321.297
-676.002
-978.106
-1237.56
-1430.91
-1538.95
-1573.78
-1560.99
-1531.13
-1519.05
-1546.06
-1614.3
-1705.29
-1787.75
-1829.68
-1816.18
-1735.14
-1575.92
-1313.62
-929.059
-438.584
101.649
627.666
1089
1437.3
1653.4
1720.22
1635.63
1430.91
1123.12
732.869
298.55
-110.89
-451.379
-693.773
-839.494
-901.336
-882.855
-796.844
-658.231
-493.318
-304.947
-115.866
49.7583
181.973
275.092
332.67
381.717
444.271
512.511
577.907
636.196
691.641
744.953
782.627
790.446
745.664
634.774
442.138
166.335
-166.335
-517.486
-866.506
-1200.6
-1495.59
-1726.61
-1862.38
-1889.39
-1797.7
-1574.5
-1206.99
-705.146
-117.998
472.704
1004.41
1488.48
1942
2340.77
2635.06
2807.08
2843.33
2708.98
2401.91
1983.22
1560.99
1210.55
894.939
559.426
234.575
-9.95166
-149.986
-205.431
-233.153
-275.092
-372.477
-556.582
-805.374
-1056.3
-1243.96
-1357.69
-1411
-1391.1
-1258.17
-978.817
-541.655
17.7708
616.292
1172.16
1637.05
1986.78
2192.92
2224.2
2063.55
1712.4
1202.02
587.148
-33.4092
-566.534
-978.817
-1283.76
-1516.92
-1668.33
-1730.17
-1717.37
-1674.72
-1649.13
-1661.93
-1725.19
-1837.5
-1950.53
-2012.37
-1996.73
-1887.26
-1692.49
-1424.51
-1066.25
-597.811
-31.2767
566.534
1113.88
1555.3
1859.54
2027.3
2040.09
1902.9
1654.82
1325.7
938.3
524.595
144.299
-149.275
-355.417
-506.824
-614.16
-658.942
-612.738
-507.535
-388.115
-285.044
-222.491
-201.166
-217.515
-249.502
-256.611
-229.599
-174.154
-103.071
-21.325
90.9866
242.394
401.621
507.535
525.306
467.728
364.657
231.732
68.24
-127.95
-343.332
-553.028
-756.326
-953.938
-1120.27
-1216.24
-1241.11
-1218.37
-1138.04
-933.324
-557.293
-50.4691
456.355
880.011
1244.67
1588.71
1892.95
2118.28
2264
2323.71
2232.02
1944.84
1526.87
1155.1
921.24
739.266
506.113
238.84
44.0717
-24.8792
-7.81916
21.325
12.0842
-85.3
-312.056
-636.196
-952.516
-1155.81
-1242.54
-1265.28
-1245.38
-1146.57
-899.204
-473.415
54.0233
565.112
989.48
1305.09
1515.5
1605.77
1563.83
1399.63
1122.41
745.664
291.442
-174.154
-548.052
-781.916
-924.794
-1049.19
-1175.01
-1268.13
-1301.54
-1302.25
-1320.02
-1360.53
-1413.14
-1465.74
-1501.99
-1490.62
-1393.94
-1211.26
-983.082
-763.435
-538.101
-230.31
174.865
599.232
961.046
1230.45
1412.43
1524.03
1555.3
1494.17
1366.22
1170.74
892.806
570.088
268.695
32.6983
-130.082
-273.671
-439.295
-603.497
-720.785
-778.362
-791.157
-793.29
-800.398
-790.446
-747.796
-671.737
-567.956
-445.692
-309.212
-179.13
-66.1075
42.65
179.13
337.646
462.042
508.956
484.788
431.476
383.139
321.297
207.563
48.3367
-128.661
-306.369
-467.017
-596.389
-705.146
-803.241
-917.686
-1054.17
-1141.6
-1083.31
-833.807
-445.692
-55.445
243.816
503.981
826.699
1211.26
1607.9
1977.54
2266.14
2401.19
2346.46
2150.98
1949.82
1824
1688.94
1416.69
1027.15
649.701
381.717
227.467
119.42
2.1325
-154.962
-378.874
-657.521
-916.975
-1089.71
-1188.51
-1259.6
-1327.13
-1359.11
-1281.63
-1057.72
-717.231
-351.862
-29.855
255.189
520.33
767.7
963.89
1075.49
1079.04
950.384
689.508
351.152
48.3367
-172.022
-366.079
-612.738
-901.336
-1146.57
-1290.16
-1351.29
-1380.44
-1405.32
-1429.49
-1446.55
-1425.22
-1326.41
-1140.89
-911.288
-700.171
-528.86
-381.007
-211.828
5.68666
254.478
495.451
704.436
875.746
1032.13
1190.65
1324.28
1393.94
1383.99
1292.29
1128.09
916.975
689.508
444.271
159.227
-158.516
-477.68
-747.796
-928.348
-1019.33
-1035.68
-1000.14
-916.975
-781.206
-597.1
-385.272
-189.792
-54.7341
15.6383
39.8067
53.3125
82.4566
128.661
164.913
157.094
106.625
54.7341
52.6016
105.203
163.492
191.214
179.13
115.866
12.795
-111.601
-237.418
-378.163
-569.377
-811.771
-1059.14
-1244.67
-1297.98
-1174.3
-876.457
-463.463
-29.1442
400.91
865.084
1374.04
1879.44
2316.61
2637.19
2806.37
2785.04
2576.77
2247.65
1890.82
1531.13
1135.91
707.99
309.212
4.97583
-191.925
-297.839
-349.73
-400.199
-482.656
-617.003
-776.23
-924.794
-1061.27
-1206.99
-1358.4
-1474.27
-1511.94
-1424.51
-1184.96
-823.145
-410.862
0
400.91
784.049
1116.72
1344.9
1425.93
1339.92
1086.86
688.797
226.045
-205.431
-568.666
-882.144
-1157.24
-1359.82
-1449.39
-1415.27
-1288.03
-1108.9
-920.529
-754.905
-628.376
-533.125
-467.017
-429.343
-426.5
-457.777
-496.162
-505.402
-455.644
-329.116
-122.263
142.167
436.452
741.399
1036.39
1286.61
1444.41
1473.56
1372.62
1160.79
870.771
537.39
175.576
-198.322
-556.582
-855.843
-1049.19
-1113.16
-1056.3
-914.842
-732.869
-543.076
-351.862
-168.467
-23.4575
57.5775
63.2641
11.3733
-67.5291
-154.962
-231.021
-275.092
-272.249
-230.31
-157.805
-49.0475
102.36
268.695
413.705
495.451
506.113
457.777
356.838
211.828
29.1442
-184.106
-409.44
-618.425
-775.519
-855.843
-848.735
-765.567
-609.895
-365.368
-3.55417
454.933
926.926
1364.09
1769.97
2139.61
2443.13
2650.7
2734.57
2682.68
2478.68
2109.75
1621.41
1122.41
676.002
260.165
-142.877
-487.632
-725.761
-854.421
-892.096
-861.53
-794.001
-738.556
-747.086
-824.566
-931.191
-1039.95
-1157.24
-1272.39
-1348.45
-1351.29
-1248.93
-1026.44
-707.99
-344.754
27.0117
385.272
705.857
956.781
1089
1079.04
945.408
708.701
378.163
-3.55417
-359.682
-639.039
-845.181
-988.769
-1053.45
-1011.52
-874.325
-698.038
-535.257
-409.44
-333.381
-326.272
-393.091
-508.956
-649.701
-789.025
-902.758
-956.071
-909.156
-766.278
-543.787
-250.924
80.3241
412.994
719.363
976.685
1157.24
1211.97
1126.67
930.481
683.111
417.97
138.612
-126.528
-344.043
-500.426
-597.1
-625.533
-571.51
-446.403
-302.815
-192.636
-120.842
-68.9508
-46.915
-71.0833
-130.082
-211.117
-294.285
-368.212
-413.705
-412.283
-351.862
-231.021
-66.1075
125.817
323.429
509.667
667.472
786.892
844.47
825.277
742.821
617.714
459.909
273.671
88.1433
-59.71
-168.467
-246.659
-287.177
-281.49
-208.985
-69.6616
115.155
361.814
682.4
1019.33
1320.73
1589.42
1824
1996.73
2072.08
2030.14
1875.18
1622.12
1257.46
797.555
329.116
-75.3483
-416.548
-701.592
-891.385
-958.914
-909.156
-769.832
-599.232
-441.427
-325.562
-290.731
-353.995
-479.812
-636.906
-818.169
-998.721
-1134.49
-1203.44
-1176.43
-1016.49
-738.556
-403.042
-61.8425
250.924
511.8
696.616
774.808
713.676
538.101
290.02
-21.325
-376.031
-704.436
-944.697
-1089.71
-1156.53
-1153.68
-1079.76
-938.3
-759.17
-603.497
-490.475
-407.307
-368.212
-389.537
-452.801
-533.836
-611.316
-661.075
-675.291
-642.593
-540.233
-366.79
-142.877
104.492
355.417
591.413
798.266
957.492
1039.24
1025.02
925.505
763.435
553.739
312.767
64.6858
-154.962
-322.007
-427.922
-478.391
-471.993
-400.91
-280.779
-150.697
-28.4333
88.8541
190.503
263.008
291.442
267.273
221.78
188.371
162.07
138.612
136.48
178.419
265.141
382.428
523.173
676.002
837.361
985.215
1078.33
1103.92
1080.47
1017.2
901.336
728.604
516.065
280.779
58.9991
-137.902
-302.815
-417.259
-479.812
-501.137
-496.162
-452.801
-366.79
-248.081
-79.6133
95.2516
219.647
314.899
398.067
464.885
518.908
565.823
587.148
589.281
567.956
485.499
375.32
299.261
245.237
179.841
103.782
34.8308
-21.325
-49.0475
-80.3241
-147.853
-231.732
-333.381
-487.632
-671.026
-837.361
-980.239
-1097.53
-1176.43
-1218.37
-1217.66
-1140.18
-999.431
-831.675
-647.569
-464.174
-306.369
-181.262
-78.1916
-15.6383
0.710833
9.24083
-4.265
-35.5417
-52.6016
-54.0233
-42.65
-11.3733
34.8308
72.505
115.155
156.383
150.697
96.6733
10.6625
-113.022
-263.719
-407.307
-531.703
-634.774
-687.376
-680.267
-614.871
-484.077
-297.839
-83.1675
139.323
353.995
528.86
660.364
749.218
767.7
703.725
585.726
441.427
292.152
171.311
88.8541
38.385
29.855
58.9991
110.89
176.287
263.719
342.622
387.404
395.223
356.127
277.225
181.262
91.6975
21.325
-11.3733
6.3975
66.8183
180.552
347.597
544.498
739.977
914.131
1037.82
1077.62
1031.42
902.047
704.436
464.174
195.479
-80.3241
-334.092
-533.125
-676.713
-761.302
-771.254
-737.134
-680.267
-603.497
-530.992
-481.945
-444.271
-415.837
-393.091
-345.465
-255.189
-147.142
-8.53
179.841
388.115
604.208
819.591
997.299
1104.63
1133.07
1061.27
871.481
621.979
346.887
41.2283
-260.165
-530.281
-765.567
-929.77
-1010.8
-1031.42
-1011.52
-962.468
-922.661
-909.156
-892.806
-878.59
-884.276
-886.409
-878.59
-860.108
-803.241
-692.351
-543.076
-356.127
-135.769
78.1916
277.225
464.885
607.051
691.641
724.339
705.857
630.509
525.306
419.392
307.08
199.033
113.022
30.5658
-34.12
-58.9991
-66.8183
-70.3725
-61.8425
-53.3125
-49.7583
-35.5417
-5.68666
32.6983
89.565
158.516
217.515
267.984
323.429
378.163
420.813
464.885
496.872
518.908
548.763
574.353
583.594
587.859
578.618
537.39
471.993
385.272
277.936
171.311
71.7941
-30.5658
-126.528
-201.166
-242.394
-253.057
-238.84
-204.72
-173.443
-138.612
-103.071
-77.4808
-44.0717
-7.10833
12.0842
7.10833
-12.0842
-41.9392
-68.9508
-83.8783
-98.095
-127.95
-164.913
-209.696
-257.322
-292.863
-322.007
-353.284
-382.428
-398.777
-407.307
-400.199
-364.657
-329.827
-302.104
-287.177
-299.261
-324.851
-358.26
-405.886
-468.439
-536.679
-591.413
-610.606
-566.534
-454.222
-304.947
-135.058
49.7583
235.997
422.235
589.991
711.544
771.965
753.483
640.461
455.644
243.105
38.385
-143.588
-297.128
-399.488
-430.765
-384.561
-271.538
-125.107
26.3008
156.383
238.84
263.719
248.081
186.238
74.6375
-63.2641
-210.407
-324.851
-369.633
-337.646
-226.756
-58.9991
130.793
329.116
530.281
725.05
887.831
983.082
994.456
933.324
825.277
691.641
552.317
422.946
309.212
213.25
142.167
112.312
117.287
141.456
163.492
164.202
143.588
110.179
76.0591
40.5175
-5.68666
-64.6858
-127.239
-173.443
-181.973
-156.383
-108.757
-54.7341
4.97583
61.1316
111.601
159.227
186.949
186.949
161.359
102.36
21.325
-75.3483
-177.708
-280.779
-381.007
-471.282
-540.944
-582.172
-593.546
-582.172
-551.606
-506.824
-456.355
-397.356
-339.778
-297.839
-268.695
-252.346
-249.502
-245.237
-238.129
-225.334
-209.696
-194.057
-169.889
-136.48
-88.8541
-35.5417
9.24083
39.0958
51.18
41.9392
13.5058
-29.1442
-86.0108
-152.118
-221.069
-294.285
-360.392
-411.572
-440.006
-437.873
-412.994
-376.742
-336.224
-295.707
-253.767
-212.539
-177.708
-152.118
-145.721
-147.853
-142.877
-122.263
-74.6375
-1.42167
95.2516
201.166
309.923
417.259
516.065
593.546
641.882
649.701
613.449
543.076
435.741
315.61
206.852
107.336
27.7225
-13.5058
-21.325
2.84333
61.1316
142.877
231.732
324.14
411.572
472.704
514.643
533.125
520.33
501.848
486.21
469.15
460.62
464.885
478.391
505.402
544.498
575.064
590.702
594.967
568.666
511.8
438.584
349.73
253.057
158.516
64.6858
-21.325
-89.565
-138.612
-173.443
-187.66
-184.106
-174.865
-164.202
-159.937
-170.6
-196.901
-228.888
-259.454
-289.309
-315.61
-340.489
-360.392
-370.344
-372.477
-368.212
-364.657
-359.682
-363.236
-376.742
-390.247
-402.332
-415.127
-425.789
-433.608
-440.006
-436.452
-420.813
-395.223
-362.525
-323.429
-288.598
-258.743
-230.31
-206.852
-191.925
-188.371
-191.925
-208.985
-228.177
-238.129
-236.707
-223.912
-202.587
-181.262
-154.251
-125.107
-105.914
-90.2758
-79.6133
-83.8783
-100.227
-123.685
-157.805
-196.901
-231.732
-260.165
-275.803
-266.562
-234.575
-181.973
-108.757
-22.7467
60.4208
142.167
213.961
261.587
285.044
278.647
240.262
179.841
108.047
32.6983
-36.9633
-90.9866
-121.552
-127.95
-104.492
-44.7825
45.4933
160.648
286.466
405.886
516.776
607.762
666.051
698.038
696.616
656.81
597.1
527.438
450.668
388.115
344.043
315.61
312.767
337.646
382.428
447.825
523.173
589.991
634.774
652.545
638.328
589.281
515.354
422.946
314.188
209.696
107.336
14.9275
-44.0717
-79.6133
-103.071
-109.468
-103.071
-101.649
-91.6975
-75.3483
-72.505
-69.6616
-65.3966
-73.9266
-86.7216
-101.649
-127.239
-162.07
-194.057
-228.888
-270.827
-302.815
-328.405
-358.971
-383.139
-397.356
-413.705
-423.657
-418.681
-417.259
-409.44
-388.115
-364.657
-336.935
-302.104
-270.117
-247.37
-226.756
-210.407
-206.852
-199.033
-194.768
-200.455
-206.142
-215.382
-228.177
-233.864
-228.177
-225.334
-219.647
-200.455
-191.214
-186.238
-183.395
-191.214
-206.142
-220.358
-235.286
-250.924
-253.767
-243.105
-223.912
-190.503
-144.299
-93.1191
-40.5175
17.06
66.1075
100.227
130.793
143.588
141.456
132.926
113.733
87.4325
66.1075
53.3125
44.0717
46.2042
65.3966
86.7216
119.42
154.962
186.949
211.828
222.491
217.515
191.214
154.251
110.179
61.1316
16.3492
-14.9275
-21.325
0
54.7341
130.793
223.912
330.537
438.584
537.39
620.557
679.556
707.99
700.171
662.496
592.124
499.716
397.356
292.863
194.768
108.757
47.6258
4.97583
-14.2167
-13.5058
-9.95166
-0.710833
9.24083
6.3975
-10.6625
-36.2525
-74.6375
-117.998
-159.937
-201.166
-236.707
-255.189
-263.008
-259.454
-236.707
-204.72
-159.937
-116.577
-78.9025
-50.4691
-34.12
-28.4333
-34.8308
-51.8908
-68.24
-83.1675
-95.2516
-95.9625
-90.9866
-83.8783
-71.7941
-60.4208
-49.0475
-40.5175
-34.8308
-29.1442
-32.6983
-44.7825
-61.1316
-75.3483
-77.4808
-73.2158
-65.3966
-51.8908
-33.4092
-14.2167
2.1325
14.2167
19.9033
24.8792
20.6142
1.42167
-27.7225
-63.2641
-99.5166
-140.034
-175.576
-206.142
-226.045
-231.021
-221.78
-201.166
-168.467
-127.239
-84.5891
-43.3608
-13.5058
5.68666
12.795
15.6383
14.2167
11.3733
11.3733
10.6625
12.795
14.2167
13.5058
14.2167
21.325
31.2767
37.6742
44.0717
49.0475
53.3125
55.445
54.0233
49.0475
41.9392
35.5417
28.4333
22.0358
20.6142
20.6142
18.4817
12.795
4.265
-11.3733
-33.4092
-55.445
-76.77
-94.5408
-107.336
-113.022
-103.071
-78.1916
-41.9392
0.710833
46.915
98.8058
150.697
190.503
218.937
231.732
226.045
198.322
145.721
77.4808
3.55417
-71.7941
-142.877
-199.033
-233.153
-245.948
-236.707
-205.431
-162.781
-114.444
-61.8425
-10.6625
32.6983
67.5291
91.6975
103.071
104.492
98.8058
83.8783
63.2641
50.4691
45.4933
50.4691
64.6858
85.3
114.444
147.853
180.552
210.407
233.864
250.213
256.611
254.478
241.683
223.912
202.587
178.419
154.251
133.637
117.998
106.625
104.492
110.179
117.998
126.528
135.769
141.456
145.01
144.299
138.612
136.48
132.926
120.842
104.492
84.5891
66.1075
51.18
38.385
28.4333
14.9275
-2.84333
-26.3008
-54.7341
-84.5891
-113.733
-145.01
-176.287
-209.696
-242.394
-272.96
-293.574
-309.212
-309.923
-299.261
-276.514
-243.816
-205.431
-165.624
-127.239
-93.83
-68.9508
-54.0233
-54.7341
-68.9508
-94.5408
-130.082
-166.335
-203.298
-236.707
-256.611
-271.538
-272.249
-260.876
-249.502
-229.599
-206.142
-193.347
-178.419
-167.046
-171.311
-179.841
-189.792
-204.72
-211.828
-214.672
-218.937
-221.069
-221.069
-220.358
-213.961
-201.166
-183.395
-163.492
-140.034
-115.155
-94.5408
-71.0833
-41.2283
-10.6625
22.0358
51.18
73.2158
88.8541
95.9625
95.2516
100.938
105.203
106.625
103.782
97.3841
95.9625
99.5166
110.89
134.347
168.467
205.431
239.551
272.96
302.815
327.694
346.176
358.26
359.682
349.73
330.537
306.369
292.152
293.574
303.526
319.164
337.646
351.152
361.103
369.633
376.742
385.272
391.669
392.38
388.826
384.561
378.874
369.633
363.947
360.392
356.838
353.995
342.622
319.875
295.707
266.562
235.997
204.72
167.757
127.239
86.7216
43.3608
4.265
-25.59
-50.4691
-67.5291
-81.7458
-93.1191
-100.938
-113.022
-130.082
-148.564
-174.154
-200.455
-228.177
-259.454
-287.887
-313.477
-337.646
-356.838
-373.898
-388.826
-400.91
-416.548
-432.897
-448.536
-465.596
-476.258
-482.656
-483.367
-479.812
-479.812
-484.077
-489.764
-495.451
-491.897
-483.367
-476.258
-469.15
-465.596
-462.752
-457.066
-449.247
-429.343
-403.042
-370.344
-332.67
-294.996
-258.032
-222.491
-189.792
-154.962
-122.263
-93.83
-70.3725
-56.8666
-41.9392
-22.7467
-10.6625
0
15.6383
29.1442
46.915
78.1916
112.312
146.432
186.238
224.623
260.165
300.682
336.935
364.657
385.272
398.777
401.621
395.934
388.115
375.32
361.103
346.887
331.248
315.61
300.682
290.02
285.755
287.887
292.152
300.682
309.923
322.718
343.332
362.525
381.717
405.886
422.235
430.765
441.427
445.692
444.271
440.006
426.5
398.067
364.657
327.694
283.622
239.551
201.166
162.07
120.842
82.4566
47.6258
19.1925
2.1325
-4.97583
0.710833
15.6383
28.4333
41.9392
58.2883
75.3483
94.5408
111.601
122.263
122.974
110.179
86.7216
56.8666
27.0117
-2.84333
-34.12
-68.24
-107.336
-152.118
-196.901
-243.816
-287.177
-326.272
-368.922
-417.259
-459.909
-499.005
-530.992
-554.45
-572.931
-587.859
-597.1
-602.076
-597.1
-575.775
-549.474
-521.041
-491.897
-464.885
-447.825
-431.476
-418.681
-409.44
-395.934
-381.007
-366.079
-347.597
-327.694
-307.08
-282.912
-250.924
-213.25
-170.6
-130.082
-94.5408
-62.5533
-34.8308
-9.24083
20.6142
45.4933
61.8425
70.3725
73.9266
79.6133
89.565
102.36
117.998
134.347
149.986
161.359
165.624
175.576
186.238
201.877
223.912
243.105
262.297
274.382
281.49
288.598
295.707
302.104
307.791
311.345
312.056
308.502
309.212
317.032
326.272
335.513
336.935
328.405
319.164
313.477
307.791
304.947
301.393
292.863
277.936
255.9
232.442
211.828
194.057
183.395
178.419
169.178
156.383
142.167
128.661
122.974
120.131
115.866
110.89
100.227
88.1433
74.6375
67.5291
66.8183
64.6858
61.1316
62.5533
63.975
63.2641
58.9991
55.445
50.4691
41.9392
31.9875
17.06
-4.97583
-30.5658
-63.2641
-93.83
-120.131
-142.167
-160.648
-181.262
-203.298
-225.334
-243.105
-253.767
-259.454
-263.719
-274.382
-287.887
-297.839
-305.658
-309.923
-309.212
-309.212
-307.791
-309.212
-310.634
-313.477
-312.767
-303.526
-289.309
-272.96
-257.322
-248.792
-240.972
-231.021
-221.78
-206.142
-192.636
-179.841
-164.202
-149.986
-131.504
-108.047
-78.9025
-51.18
-26.3008
-2.84333
17.06
31.2767
43.3608
54.0233
59.71
58.9991
50.4691
41.2283
33.4092
23.4575
13.5058
3.55417
-4.265
-7.10833
-4.97583
2.1325
14.9275
35.5417
55.445
77.4808
98.8058
116.577
136.48
157.805
179.13
201.166
217.515
231.021
243.816
252.346
260.165
266.562
271.538
275.803
272.96
262.297
243.816
221.78
199.744
177.708
154.962
132.926
108.757
79.6133
54.0233
32.6983
22.0358
19.1925
19.9033
24.1683
29.1442
31.2767
34.12
38.385
43.3608
49.0475
54.0233
58.9991
59.71
61.1316
61.1316
58.2883
56.8666
56.1558
51.8908
49.0475
43.3608
34.8308
20.6142
-2.84333
-31.9875
-63.975
-95.9625
-126.528
-154.251
-174.865
-191.925
-200.455
-202.587
-196.19
-182.684
-164.913
-147.853
-130.793
-109.468
-87.4325
-66.8183
-50.4691
-37.6742
-31.2767
-32.6983
-31.9875
-30.5658
-30.5658
-27.7225
-22.0358
-11.3733
1.42167
13.5058
22.0358
30.5658
38.385
44.7825
49.0475
49.0475
45.4933
37.6742
29.855
22.7467
14.9275
5.68666
-1.42167
-10.6625
-19.9033
-26.3008
-32.6983
-36.9633
-39.0958
-43.3608
-50.4691
-60.4208
-70.3725
-78.1916
-81.7458
-79.6133
-72.505
-61.1316
-44.7825
-27.7225
-8.53
9.24083
23.4575
34.12
42.65
45.4933
43.3608
38.385
30.5658
24.1683
19.9033
14.2167
9.95166
7.81916
11.3733
19.1925
31.9875
50.4691
65.3966
77.4808
88.8541
95.9625
95.2516
85.3
68.9508
52.6016
34.8308
17.06
-0.710833
-22.0358
-38.385
-49.0475
-52.6016
-56.1558
-58.9991
-61.1316
-63.2641
-68.9508
-76.0591
-86.0108
-95.2516
-102.36
-106.625
-108.047
-109.468
-110.89
-107.336
-97.3841
-81.035
-68.24
-57.5775
-49.0475
-44.0717
-39.8067
-36.2525
-34.12
-34.12
-39.8067
-51.8908
-65.3966
-81.035
-93.83
-98.095
-89.565
-75.3483
-56.8666
-35.5417
-14.2167
10.6625
39.0958
66.8183
88.8541
105.203
115.155
123.685
132.215
142.167
162.07
184.817
207.563
228.177
243.816
253.767
262.297
272.96
280.779
280.068
268.695
247.37
219.647
195.479
171.311
144.299
117.998
92.4083
69.6616
49.7583
34.12
18.4817
6.3975
-5.68666
-16.3492
-29.855
-45.4933
-58.9991
-69.6616
-77.4808
-81.7458
-83.1675
-83.1675
-78.1916
-67.5291
-56.8666
-43.3608
-27.0117
-7.81916
14.2167
33.4092
49.0475
58.2883
56.8666
52.6016
44.0717
33.4092
19.9033
1.42167
-16.3492
-31.2767
-48.3367
-61.8425
-74.6375
-86.7216
-94.5408
-103.782
-110.89
-119.42
-127.95
-136.48
-147.142
-154.251
-164.913
-172.022
-176.287
-179.841
-181.262
-184.106
-186.238
-188.371
-189.082
-186.949
-187.66
-189.082
-191.925
-196.901
-199.744
-204.009
-211.117
-219.647
-228.888
-234.575
-235.997
-232.442
-222.491
-209.696
-193.347
-174.154
-159.937
-145.01
-135.769
-128.661
-122.974
-120.131
-113.733
-108.047
-95.2516
-77.4808
-58.2883
-34.12
-9.95166
19.1925
50.4691
81.7458
118.709
153.54
184.817
214.672
238.84
262.297
282.201
297.839
312.056
326.272
335.513
344.043
351.862
356.127
355.417
348.308
339.778
327.694
314.188
299.972
286.466
276.514
267.984
260.165
253.767
248.081
240.972
232.442
224.623
221.069
222.491
221.069
218.937
216.804
209.696
199.744
186.238
170.6
155.672
138.612
123.685
109.468
95.2516
83.1675
68.9508
58.9991
50.4691
45.4933
43.3608
39.8067
35.5417
29.855
20.6142
9.95166
-2.1325
-16.3492
-29.855
-41.2283
-51.8908
-64.6858
-77.4808
-90.9866
-108.047
-127.239
-150.697
-175.576
-201.166
-227.467
-253.057
-275.803
-297.839
-320.586
-336.224
-349.73
-358.971
-364.657
-366.79
-366.79
-366.79
-364.657
-362.525
-358.26
-349.73
-343.332
-336.224
-329.827
-325.562
-319.875
-314.899
-310.634
-308.502
-304.947
-303.526
-304.237
-304.237
-299.972
-294.285
-282.912
-268.695
-252.346
-231.732
-208.274
-187.66
-164.202
-142.877
-125.817
-107.336
-90.9866
-73.2158
-57.5775
-39.8067
-20.6142
1.42167
26.3008
54.7341
84.5891
118.709
155.672
191.214
225.334
254.478
282.201
306.369
325.562
343.332
353.995
361.103
361.103
358.971
355.417
349.73
344.043
339.778
338.357
336.935
336.224
333.381
329.116
325.562
323.429
321.297
318.453
317.032
316.321
314.188
312.767
312.056
313.477
316.321
317.032
315.61
314.899
309.212
302.815
294.285
282.201
270.117
253.057
235.997
218.937
202.587
184.817
162.781
142.167
117.998
95.9625
77.4808
61.1316
52.6016
43.3608
32.6983
17.7708
2.1325
-12.0842
-30.5658
-46.915
-66.8183
-89.565
-112.312
-134.347
-154.251
-172.732
-188.371
-206.852
-228.888
-249.502
-273.671
-294.285
-316.321
-334.802
-351.862
-368.212
-381.717
-393.802
-400.91
-407.307
-413.705
-412.994
-412.283
-404.464
-392.38
-381.717
-375.32
-369.633
-366.079
-362.525
-357.549
-351.862
-344.754
-337.646
-331.959
-326.983
-322.007
-316.321
-305.658
-293.574
-281.49
-266.562
-250.924
-233.864
-213.25
-191.214
-164.913
-135.769
-105.914
-73.9266
-46.915
-20.6142
0.710833
19.1925
39.8067
62.5533
90.9866
120.842
145.01
164.913
180.552
190.503
197.612
207.563
217.515
227.467
238.84
248.792
257.322
264.43
268.695
274.382
277.936
278.647
280.068
280.068
275.803
274.382
270.117
266.562
267.273
263.719
260.876
250.924
238.129
225.334
212.539
206.852
202.587
202.587
201.877
203.298
204.009
199.033
195.479
189.082
188.371
191.214
191.925
196.19
196.901
196.19
193.347
188.371
185.527
183.395
183.395
179.841
177.708
171.311
164.202
152.829
137.902
124.396
106.625
90.2758
73.2158
53.3125
39.0958
23.4575
12.0842
2.1325
-9.95166
-21.325
-34.8308
-54.7341
-76.77
-96.6733
-115.866
-130.082
-142.877
-150.697
-161.359
-174.154
-186.238
-198.322
-206.142
-214.672
-219.647
-230.31
-241.683
-256.611
-273.671
-281.49
-290.731
-296.417
-295.707
-294.996
-290.02
-290.02
-294.285
-295.707
-292.863
-282.912
-273.671
-265.141
-256.611
-252.346
-248.792
-245.948
-238.84
-229.599
-218.226
-206.852
-197.612
-186.238
-174.865
-159.937
-140.034
-120.131
-98.095
-80.3241
-66.8183
-55.445
-45.4933
-32.6983
-21.325
-12.0842
0
7.81916
12.0842
14.9275
17.06
20.6142
25.59
31.2767
38.385
45.4933
49.7583
55.445
63.975
71.0833
79.6133
82.4566
88.8541
91.6975
93.83
98.8058
100.938
105.914
113.733
117.287
120.842
122.974
125.107
130.793
134.347
138.612
143.588
144.299
145.721
149.986
157.805
165.624
176.997
189.082
201.877
216.804
229.599
244.527
260.165
273.671
285.044
290.02
291.442
290.731
290.02
285.755
282.201
276.514
269.406
261.587
251.635
244.527
237.418
229.599
221.78
211.117
196.19
180.552
161.359
139.323
115.155
88.8541
66.1075
44.0717
26.3008
12.795
-1.42167
-16.3492
-33.4092
-51.18
-71.7941
-90.9866
-111.601
-130.793
-147.142
-163.492
-179.13
-193.347
-206.852
-217.515
-223.202
-227.467
-231.732
-229.599
-228.177
-227.467
-224.623
-221.78
-217.515
-213.25
-208.985
-204.009
-196.901
-192.636
-187.66
-179.13
-170.6
-164.202
-159.937
-154.251
-152.118
-149.275
-147.853
-146.432
-147.142
-150.697
-151.407
-151.407
-152.118
-150.697
-147.142
-145.721
-145.721
-145.01
-143.588
-142.167
-141.456
-135.769
-134.347
-132.926
-131.504
-131.504
-130.082
-127.239
-122.263
-117.998
-115.155
-112.312
-107.336
-98.095
-88.1433
-76.0591
-63.975
-51.8908
-41.9392
-27.7225
-12.0842
2.84333
18.4817
34.12
48.3367
61.8425
76.77
87.4325
95.9625
106.625
115.155
125.107
137.191
147.142
159.227
172.022
183.395
196.901
212.539
225.334
235.286
244.527
250.213
260.165
267.984
273.671
277.936
280.068
285.044
292.152
295.707
297.839
297.128
291.442
284.333
278.647
273.671
265.852
252.346
239.551
226.756
212.539
198.322
180.552
160.648
143.588
126.528
108.757
92.4083
70.3725
46.915
22.7467
2.1325
-15.6383
-32.6983
-52.6016
-71.7941
-86.7216
-95.9625
-100.227
-102.36
-100.227
-99.5166
-95.2516
-90.2758
-88.1433
-85.3
-84.5891
-83.8783
-76.77
-71.0833
-66.8183
-63.2641
-65.3966
-68.24
-71.7941
-76.77
-83.1675
-92.4083
-104.492
-120.131
-137.191
-152.118
-164.202
-174.154
-184.817
-193.347
-200.455
-206.142
-211.828
-218.226
-221.78
-223.202
-221.069
-218.226
-215.382
-211.828
-208.274
-203.298
-194.768
-181.262
-167.046
-153.54
-142.167
-132.926
-125.817
-120.842
-117.998
-116.577
-120.842
-125.107
-132.215
-136.48
-140.034
-144.299
-143.588
-140.745
-130.793
-117.998
-107.336
-96.6733
-86.7216
-75.3483
-62.5533
-48.3367
-35.5417
-22.7467
-6.3975
7.81916
26.3008
46.2042
66.1075
88.1433
111.601
131.504
149.275
163.492
174.154
180.552
186.238
189.792
191.214
191.925
190.503
185.527
183.395
184.106
185.527
189.082
192.636
196.901
204.009
212.539
218.226
223.202
222.491
221.069
220.358
220.358
219.647
217.515
216.804
215.382
216.093
216.093
215.382
214.672
209.696
201.877
192.636
178.419
163.492
144.299
123.685
101.649
81.7458
61.8425
41.9392
21.325
2.1325
-12.0842
-22.0358
-29.1442
-33.4092
-34.8308
-35.5417
-35.5417
-36.2525
-40.5175
-46.2042
-52.6016
-61.1316
-71.7941
-81.7458
-92.4083
-98.095
-103.071
-108.757
-111.601
-115.155
-120.131
-120.842
-124.396
-126.528
-124.396
-125.817
-127.239
-129.372
-134.347
-141.456
-149.986
-155.672
-157.805
-159.937
-157.094
-152.118
-140.745
-127.239
-114.444
-101.649
-90.9866
-78.1916
-66.8183
-56.1558
-49.7583
-51.18
-56.8666
-66.1075
-76.0591
-88.1433
-101.649
-113.733
-125.107
-136.48
-142.877
-146.432
-145.01
-139.323
-130.082
-118.709
-110.179
-105.914
-103.071
-100.227
-99.5166
-99.5166
-100.227
-98.095
-93.1191
-85.3
-75.3483
-63.975
-52.6016
-41.9392
-27.0117
-15.6383
-10.6625
-9.95166
-9.24083
-7.10833
-6.3975
-5.68666
-6.3975
-9.24083
-12.795
-14.2167
-9.95166
-2.1325
11.3733
28.4333
49.7583
73.2158
95.2516
114.444
132.215
147.853
161.359
172.022
179.13
182.684
186.238
190.503
192.636
196.19
206.142
213.961
220.358
226.045
226.756
225.334
222.491
217.515
212.539
201.166
184.817
167.046
152.118
139.323
127.95
117.998
107.336
102.36
103.071
105.914
110.89
113.733
117.287
118.709
121.552
122.263
118.709
112.312
105.914
95.9625
88.8541
81.7458
73.9266
68.24
60.4208
54.0233
46.915
40.5175
31.9875
23.4575
14.2167
2.84333
-11.3733
-25.59
-40.5175
-54.0233
-66.1075
-80.3241
-94.5408
-103.782
-110.179
-117.287
-125.107
-133.637
-140.745
-145.01
-149.986
-157.094
-162.781
-169.889
-177.708
-188.371
-196.19
-200.455
-209.696
-221.78
-225.334
-222.491
-218.937
-215.382
-211.828
-205.431
-198.322
-195.479
-194.057
-196.19
-197.612
-197.612
-197.612
-194.768
-191.214
-185.527
-176.287
-164.913
-149.986
-132.926
-115.866
-99.5166
-82.4566
-70.3725
-58.9991
-46.915
-34.8308
-21.325
-7.10833
3.55417
14.2167
23.4575
37.6742
52.6016
67.5291
83.8783
100.938
122.974
143.588
159.227
169.889
174.154
175.576
173.443
171.311
163.492
152.829
142.167
132.215
126.528
121.552
117.998
114.444
107.336
96.6733
86.0108
71.0833
58.2883
44.7825
26.3008
7.81916
-12.0842
-24.8792
-34.12
-40.5175
-43.3608
-42.65
-39.8067
-33.4092
-24.8792
-12.0842
2.1325
14.9275
29.855
44.0717
58.9991
68.24
73.9266
81.035
86.0108
93.1191
100.227
108.047
118.709
130.082
141.456
150.697
157.094
164.202
167.757
167.757
164.913
161.359
154.962
148.564
141.456
135.769
133.637
132.926
130.793
128.661
123.685
122.263
122.263
119.42
115.155
110.179
101.649
91.6975
76.77
61.8425
47.6258
28.4333
7.10833
-16.3492
-36.9633
-56.1558
-72.505
-88.1433
-104.492
-120.842
-135.769
-154.962
-171.311
-187.66
-205.431
-218.937
-231.021
-240.972
-246.659
-252.346
-255.189
-256.611
-253.767
-250.213
-244.527
-235.997
-228.888
-218.226
-206.852
-196.19
-181.973
-169.178
-157.805
-147.142
-138.612
-128.661
-117.287
-108.757
-100.227
-90.9866
-83.1675
-69.6616
-58.2883
-44.0717
-31.9875
-21.325
-13.5058
-10.6625
-7.10833
-5.68666
-3.55417
-1.42167
0.710833
3.55417
5.68666
6.3975
7.81916
7.10833
6.3975
7.10833
5.68666
7.10833
5.68666
1.42167
-2.1325
-8.53
-14.9275
-17.7708
-19.1925
-18.4817
-17.06
-14.2167
-13.5058
-10.6625
-6.3975
-1.42167
7.81916
14.9275
21.325
27.0117
31.2767
39.8067
51.8908
61.1316
75.3483
88.1433
100.227
115.866
129.372
143.588
158.516
171.311
186.949
200.455
211.828
221.069
227.467
232.442
237.418
242.394
245.948
250.213
254.478
259.454
260.165
255.9
250.924
246.659
241.683
238.84
234.575
233.153
231.021
228.888
223.912
214.672
203.298
190.503
174.865
157.805
139.323
115.866
92.4083
69.6616
46.915
27.7225
4.97583
-19.9033
-39.0958
-53.3125
-67.5291
-81.7458
-98.8058
-117.287
-134.347
-151.407
-168.467
-184.817
-199.033
-208.985
-224.623
-236.707
-246.659
-253.767
-257.322
-260.165
-261.587
-263.008
-262.297
-264.43
-263.719
-260.165
-258.032
-255.189
-253.767
-253.057
-249.502
-250.213
-251.635
-252.346
-248.081
-239.551
-234.575
-231.021
-227.467
-224.623
-217.515
-208.985
-202.587
-195.479
-185.527
-175.576
-162.781
-145.01
-128.661
-119.42
-108.047
-95.9625
-83.1675
-71.0833
-63.2641
-54.0233
-43.3608
-33.4092
-26.3008
-18.4817
-4.97583
7.10833
22.0358
33.4092
44.7825
57.5775
68.24
78.1916
88.1433
99.5166
113.022
122.263
130.793
137.902
145.721
157.805
168.467
181.973
196.901
208.274
218.226
228.888
244.527
258.032
268.695
277.225
280.068
284.333
287.177
287.177
289.309
288.598
292.152
292.152
289.309
287.177
283.622
281.49
279.357
273.671
265.852
258.032
245.948
231.021
220.358
210.407
199.744
190.503
176.997
166.335
157.094
142.877
127.95
109.468
90.2758
73.9266
56.8666
42.65
31.9875
18.4817
4.265
-6.3975
-18.4817
-32.6983
-46.915
-64.6858
-81.035
-95.9625
-113.733
-130.082
-145.01
-160.648
-172.732
-184.106
-190.503
-192.636
-199.033
-208.985
-217.515
-225.334
-232.442
-235.286
-237.418
-240.262
-242.394
-246.659
-250.924
-255.189
-260.876
-263.719
-263.719
-260.876
-258.032
-255.189
-254.478
-253.767
-248.792
-245.237
-239.551
-232.442
-225.334
-219.647
-214.672
-206.852
-199.033
-193.347
-189.792
-184.106
-176.287
-168.467
-157.805
-145.01
-132.215
-117.998
-107.336
-94.5408
-83.8783
-72.505
-57.5775
-44.7825
-30.5658
-18.4817
-9.95166
-0.710833
7.81916
19.1925
32.6983
46.2042
60.4208
73.9266
84.5891
100.227
118.709
137.191
155.672
168.467
176.997
183.395
189.792
196.901
205.431
216.093
224.623
229.599
232.442
235.997
239.551
245.237
252.346
255.189
258.743
262.297
262.297
261.587
257.322
252.346
246.659
240.972
234.575
226.756
218.226
208.985
201.877
191.925
180.552
168.467
154.251
140.745
128.661
120.131
110.89
98.8058
86.0108
70.3725
55.445
43.3608
30.5658
18.4817
7.10833
-3.55417
-13.5058
-21.325
-27.7225
-35.5417
-44.7825
-50.4691
-56.1558
-61.8425
-68.9508
-76.77
-81.035
-85.3
-90.9866
-97.3841
-105.203
-113.733
-119.42
-125.817
-130.082
-134.347
-136.48
-139.323
-141.456
-140.034
-140.034
-138.612
-137.191
-137.902
-137.191
-134.347
-130.793
-126.528
-125.107
-125.817
-124.396
-122.263
-117.998
-113.733
-108.757
-103.071
-97.3841
-93.83
-90.2758
-90.2758
-92.4083
-94.5408
-95.2516
-96.6733
-95.2516
-96.6733
-98.8058
-101.649
-105.203
-106.625
-104.492
-99.5166
-95.9625
-93.1191
-88.8541
-83.8783
-80.3241
-77.4808
-75.3483
-72.505
-69.6616
-63.975
-58.2883
-51.8908
-44.0717
-36.9633
-27.7225
-16.3492
-4.97583
5.68666
15.6383
24.1683
31.2767
36.9633
42.65
47.6258
51.8908
57.5775
63.975
71.0833
77.4808
84.5891
90.9866
98.095
106.625
115.155
123.685
130.082
132.215
131.504
129.372
127.95
127.239
125.107
125.817
125.107
123.685
120.842
119.42
121.552
121.552
124.396
125.817
124.396
123.685
120.131
115.866
111.601
106.625
101.649
98.8058
95.2516
92.4083
89.565
88.1433
88.1433
87.4325
86.0108
83.8783
82.4566
81.035
78.9025
73.9266
66.8183
61.1316
53.3125
46.915
40.5175
31.2767
22.0358
9.95166
-2.84333
-13.5058
-26.3008
-36.2525
-43.3608
-52.6016
-61.8425
-72.505
-81.035
-88.8541
-92.4083
-92.4083
-90.9866
-86.7216
-81.7458
-76.77
-72.505
-66.8183
-63.975
-61.8425
-59.71
-59.71
-61.1316
-66.1075
-69.6616
-74.6375
-79.6133
-85.3
-90.9866
-97.3841
-105.203
-110.89
-114.444
-115.866
-116.577
-120.131
-121.552
-122.263
-120.842
-117.287
-112.312
-104.492
-95.2516
-85.3
-74.6375
-63.2641
-53.3125
-44.0717
-33.4092
-22.0358
-10.6625
-2.1325
5.68666
12.795
18.4817
24.1683
25.59
25.59
21.325
16.3492
10.6625
2.84333
-4.265
-11.3733
-19.9033
-28.4333
-36.9633
-43.3608
-49.0475
-53.3125
-56.1558
-55.445
-51.8908
-47.6258
-42.65
-36.9633
-31.2767
-24.8792
-18.4817
-14.2167
-8.53
-3.55417
1.42167
7.10833
14.2167
20.6142
26.3008
30.5658
33.4092
39.8067
46.915
54.7341
59.71
65.3966
68.24
70.3725
72.505
72.505
74.6375
77.4808
81.7458
87.4325
94.5408
103.071
110.89
120.842
131.504
140.034
147.853
152.829
156.383
159.227
158.516
159.937
158.516
153.54
147.853
143.588
138.612
134.347
127.239
121.552
115.866
110.179
105.203
98.8058
90.9866
81.7458
71.0833
58.9991
47.6258
38.385
25.59
15.6383
2.84333
-9.95166
-21.325
-34.12
-44.0717
-53.3125
-63.975
-71.7941
-81.035
-90.2758
-99.5166
-108.757
-115.866
-123.685
-130.082
-133.637
-132.926
-131.504
-130.793
-130.082
-131.504
-132.215
-133.637
-129.372
-125.817
-122.263
-119.42
-118.709
-115.155
-111.601
-107.336
-100.227
-91.6975
-86.7216
-81.035
-76.77
-72.505
-66.1075
-61.8425
-54.0233
-49.0475
-48.3367
-49.0475
-46.915
-45.4933
-43.3608
-44.0717
-44.0717
-43.3608
-42.65
-38.385
-33.4092
-27.7225
-24.8792
-20.6142
-16.3492
-14.9275
-13.5058
-13.5058
-9.95166
-6.3975
-2.84333
0
0.710833
1.42167
2.1325
5.68666
8.53
10.6625
9.24083
5.68666
2.1325
-2.1325
-6.3975
-4.97583
0
6.3975
9.24083
7.81916
6.3975
6.3975
7.10833
14.9275
22.0358
24.8792
29.855
35.5417
44.7825
49.7583
54.0233
61.1316
68.24
73.9266
80.3241
86.0108
91.6975
93.83
96.6733
100.938
100.938
101.649
103.782
106.625
108.757
105.914
103.071
100.227
99.5166
98.8058
100.227
101.649
100.938
99.5166
98.095
98.095
94.5408
92.4083
89.565
87.4325
87.4325
85.3
83.8783
84.5891
81.7458
78.9025
76.77
71.0833
64.6858
58.9991
53.3125
46.915
41.2283
32.6983
24.1683
18.4817
12.0842
6.3975
0.710833
-6.3975
-14.2167
-18.4817
-25.59
-32.6983
-37.6742
-45.4933
-50.4691
-56.1558
-61.8425
-68.9508
-74.6375
-78.9025
-81.035
-85.3
-90.9866
-98.095
-103.782
-108.047
-111.601
-115.866
-121.552
-126.528
-128.661
-132.215
-133.637
-136.48
-140.745
-144.299
-145.01
-145.721
-145.01
-142.877
-139.323
-132.215
-129.372
-125.817
-123.685
-122.263
-121.552
-122.263
-118.709
-114.444
-111.601
-108.757
-104.492
-101.649
-96.6733
-92.4083
-85.3
-77.4808
-73.9266
-68.9508
-63.975
-56.8666
-48.3367
-40.5175
-33.4092
-24.1683
-14.2167
-8.53
0.710833
6.3975
12.795
23.4575
32.6983
44.0717
55.445
66.1075
73.9266
83.1675
88.8541
93.83
97.3841
99.5166
102.36
106.625
111.601
117.998
121.552
127.239
128.661
130.082
132.926
132.215
133.637
133.637
133.637
136.48
135.769
138.612
140.034
138.612
140.034
139.323
140.034
140.034
138.612
137.191
135.769
135.058
132.215
127.239
122.974
118.709
113.733
110.89
106.625
100.227
93.83
86.0108
80.3241
74.6375
66.1075
62.5533
56.1558
49.0475
41.2283
31.2767
22.0358
10.6625
2.84333
-2.84333
-6.3975
-8.53
-9.24083
-12.795
-16.3492
-21.325
-28.4333
-34.8308
-43.3608
-52.6016
-57.5775
-62.5533
-66.8183
-72.505
-78.9025
-81.035
-85.3
-88.1433
-92.4083
-99.5166
-106.625
-113.022
-117.998
-122.263
-125.817
-129.372
-132.215
-135.058
-137.191
-140.034
-141.456
-142.167
-140.034
-136.48
-134.347
-131.504
-131.504
-132.215
-134.347
-132.926
-130.082
-127.239
-123.685
-120.131
-115.866
-111.601
-109.468
-107.336
-102.36
-95.9625
-88.1433
-83.8783
-80.3241
-76.0591
-74.6375
-71.7941
-65.3966
-56.1558
-46.915
-35.5417
-22.0358
-9.24083
0.710833
7.10833
13.5058
19.9033
24.8792
28.4333
34.12
37.6742
41.9392
46.2042
54.7341
63.2641
68.9508
76.0591
78.9025
83.1675
86.0108
89.565
92.4083
94.5408
98.095
99.5166
100.938
101.649
100.227
101.649
104.492
109.468
117.287
120.842
122.263
123.685
122.974
122.263
120.131
118.709
113.733
109.468
103.782
98.8058
89.565
80.3241
75.3483
72.505
71.7941
69.6616
68.24
63.975
59.71
56.1558
49.0475
40.5175
31.9875
23.4575
17.06
14.2167
11.3733
12.0842
14.2167
14.9275
17.7708
19.9033
19.1925
18.4817
16.3492
17.06
20.6142
20.6142
18.4817
17.06
12.795
8.53
6.3975
0.710833
-5.68666
-7.10833
-8.53
-8.53
-5.68666
-4.97583
-7.81916
-12.0842
-18.4817
-28.4333
-37.6742
-46.915
-55.445
-61.1316
-61.8425
-61.1316
-57.5775
-56.1558
-57.5775
-57.5775
-57.5775
-60.4208
-63.975
-66.8183
-68.24
-71.7941
-73.9266
-75.3483
-77.4808
-76.77
-78.1916
-79.6133
-82.4566
-81.035
-82.4566
-85.3
-87.4325
-92.4083
-95.2516
-98.095
-100.227
-101.649
-98.8058
-98.095
-95.2516
-90.9866
-90.2758
-85.3
-81.7458
-79.6133
-73.2158
-68.9508
-65.3966
-63.975
-61.1316
-59.71
-60.4208
-59.71
-58.2883
-56.1558
-52.6016
-45.4933
-36.9633
-24.8792
-14.9275
-7.81916
-1.42167
4.97583
7.81916
11.3733
13.5058
14.2167
14.9275
17.7708
19.9033
25.59
31.9875
39.0958
45.4933
49.7583
55.445
58.2883
63.975
72.505
76.77
80.3241
84.5891
86.7216
91.6975
93.1191
90.9866
92.4083
92.4083
95.2516
99.5166
101.649
108.047
117.287
124.396
130.793
135.058
137.902
138.612
139.323
137.902
137.191
135.769
134.347
131.504
127.95
126.528
125.107
122.974
119.42
116.577
111.601
105.203
99.5166
95.2516
88.8541
81.035
73.2158
65.3966
57.5775
49.7583
42.65
36.2525
30.5658
22.7467
14.2167
4.97583
-4.97583
-12.0842
-22.7467
-33.4092
-40.5175
-50.4691
-57.5775
-64.6858
-71.7941
-76.77
-81.7458
-87.4325
-92.4083
-97.3841
-100.938
-102.36
-104.492
-105.914
-108.757
-114.444
-119.42
-122.263
-125.107
-127.239
-129.372
-131.504
-133.637
-136.48
-137.191
-136.48
-135.769
-133.637
-133.637
-137.191
-136.48
-135.058
-130.082
-124.396
-120.842
-114.444
-109.468
-105.914
-98.095
-93.1191
-87.4325
-81.7458
-79.6133
-76.77
-73.9266
-71.0833
-67.5291
-63.2641
-58.9991
-54.0233
-49.0475
-41.9392
-32.6983
-25.59
-19.1925
-9.24083
-4.265
0.710833
4.97583
7.10833
9.24083
13.5058
16.3492
21.325
27.7225
31.9875
38.385
44.0717
50.4691
57.5775
65.3966
71.7941
77.4808
80.3241
85.3
86.7216
88.8541
95.2516
96.6733
98.8058
101.649
102.36
105.914
110.89
116.577
120.131
124.396
125.107
127.95
127.239
126.528
125.107
124.396
122.263
120.842
117.287
113.733
111.601
108.757
109.468
108.757
109.468
112.312
111.601
109.468
105.203
99.5166
90.2758
84.5891
75.3483
67.5291
59.71
53.3125
47.6258
38.385
34.8308
27.0117
20.6142
17.06
12.795
7.81916
2.84333
-4.97583
-11.3733
-16.3492
-22.7467
-27.0117
-34.12
-42.65
-49.7583
-56.1558
-61.1316
-63.2641
-65.3966
-70.3725
-75.3483
-81.7458
-88.8541
-93.83
-95.2516
-95.9625
-97.3841
-99.5166
-100.938
-103.782
-108.047
-110.179
-111.601
-113.022
-114.444
-115.155
-113.733
-114.444
-113.733
-113.022
-110.179
-108.047
-103.782
-100.227
-99.5166
-96.6733
-95.9625
-93.83
-90.9866
-86.0108
-80.3241
-76.0591
-73.2158
-70.3725
-67.5291
-63.975
-58.2883
-56.1558
-52.6016
-50.4691
-49.0475
-45.4933
-44.7825
-40.5175
-38.385
-33.4092
-27.0117
-22.7467
-17.7708
-14.2167
-12.0842
-8.53
-6.3975
0
6.3975
10.6625
16.3492
20.6142
24.1683
29.1442
34.12
36.9633
40.5175
45.4933
51.8908
58.9991
66.1075
68.9508
71.0833
75.3483
78.9025
83.8783
88.1433
89.565
93.83
97.3841
101.649
108.047
109.468
111.601
114.444
116.577
121.552
126.528
127.239
127.95
127.239
128.661
132.215
132.215
132.215
128.661
124.396
122.263
120.131
117.998
114.444
108.047
101.649
97.3841
92.4083
84.5891
76.0591
69.6616
63.2641
57.5775
51.8908
44.0717
36.9633
27.7225
19.1925
10.6625
3.55417
-4.265
-14.9275
-27.0117
-36.2525
-42.65
-49.0475
-55.445
-62.5533
-67.5291
-74.6375
-77.4808
-81.035
-88.1433
-92.4083
-95.2516
-100.227
-104.492
-108.047
-110.179
-111.601
-111.601
-109.468
-108.757
-107.336
-107.336
-108.757
-109.468
-109.468
-106.625
-104.492
-103.782
-101.649
-96.6733
-93.83
-89.565
-84.5891
-81.7458
-77.4808
-73.9266
-70.3725
-68.24
-64.6858
-61.1316
-57.5775
-51.8908
-47.6258
-45.4933
-42.65
-41.2283
-39.8067
-37.6742
-33.4092
-29.855
-27.7225
-25.59
-23.4575
-22.0358
-19.9033
-19.1925
-17.06
-14.9275
-14.9275
-12.795
-10.6625
-9.24083
-6.3975
-4.265
-0.710833
2.84333
4.97583
6.3975
8.53
8.53
9.24083
12.795
16.3492
19.1925
24.1683
29.1442
32.6983
37.6742
41.9392
45.4933
46.915
47.6258
49.7583
51.8908
55.445
58.9991
60.4208
65.3966
68.9508
68.9508
71.7941
73.9266
78.9025
83.8783
88.8541
92.4083
95.2516
98.8058
102.36
104.492
105.914
105.203
104.492
100.938
98.095
96.6733
95.2516
93.83
94.5408
96.6733
94.5408
91.6975
86.0108
81.7458
76.0591
71.0833
65.3966
58.9991
53.3125
49.7583
47.6258
45.4933
42.65
41.2283
39.0958
34.8308
31.2767
25.59
19.1925
12.0842
4.97583
-2.84333
-12.0842
-22.0358
-31.2767
-39.0958
-44.0717
-49.0475
-52.6016
-56.1558
-55.445
-55.445
-57.5775
-60.4208
-63.2641
-69.6616
-77.4808
-82.4566
-86.0108
-89.565
-91.6975
-92.4083
-93.83
-95.2516
-96.6733
-97.3841
-97.3841
-98.095
-98.8058
-98.8058
-98.8058
-96.6733
-94.5408
-91.6975
-90.2758
-90.9866
-93.1191
-96.6733
-96.6733
-94.5408
-89.565
